0.0000000
0.0000000
0.0000000
0.0000000
0.0000000
0.0000000
0.0000000
0.0000000
0.0000000
0.0000000
0.0000000
0.0000000
0.0000000
0.0000000
0.0000000
0.0000000
0.0000000
0.0000000
0.0000000
0.0000000
0.0000000
0.0000000
0.0000000
0.0000000
0.0000000
0.0000000
0.0000000
0.0000000
0.0000000
0.0000000
0.0000000
0.0000000
0.0000000
0.0000000
0.0000000
0.0000000
0.0000000
0.0000000
0.0000000
0.0000000
0.0000000
0.0000000
0.0000000
0.0000000
0.0000000
0.0000000
0.0000000
0.0000000
0.0000000
0.0000000
0.0000000
0.0000000
0.0000000
0.0000000
0.0000000
0.0000000
0.0000000
0.0000000
0.0000000
0.0000000
0.0000000
0.0000000
0.0000000
0.0000000
0.0000000
0.0000000
0.0000000
0.0000000
0.0000000
0.0000000
0.0000000
0.0000000
0.0000000
0.0000000
0.0000000
0.0000000
0.0000000
0.0000000
0.0000000
0.0000000
0.0000000
0.0000000
0.0000000
0.0000000
0.0000000
0.0000000
0.0000000
0.0000000
0.0000000
0.0000000
0.0000000
0.0000000
0.0000000
0.0000000
0.0000000
0.0000000
0.0000000
0.0000000
0.0000000
0.0000000
0.0000000
0.0000000
0.0000000
0.0000000
0.0000000
0.0000000
0.0000000
0.0000000
0.0000000
0.0000000
0.0000000
0.0000000
0.0000000
0.0000000
0.0000000
0.0000000
0.0000000
0.0000000
0.0000000
0.0000000
0.0000000
0.0000000
0.0000000
0.0000000
0.0000000
0.0000000
0.0000000
0.0000000
0.0000000
0.0000000
0.0000000
0.0000000
0.0000000
0.0000000
0.0000000
0.0000000
0.0000000
0.0000000
0.0000000
0.0000000
0.0000000
0.0000000
0.0000000
0.0000000
0.0000000
0.0000000
0.0000000
0.0000000
0.0000000
0.0000000
0.0000000
0.0000000
0.0000000
0.0000000
0.0000000
0.0000000
0.0000000
0.0000000
0.0000000
0.0000000
0.0000000
0.0000000
0.0000000
0.0000000
0.0000000
0.0000000
0.0000000
0.0000000
0.0000000
0.0000000
0.0000000
0.0000000
0.0000000
0.0000000
0.0000000
0.0000000
0.0000000
0.0000000
0.0000000
0.0000000
0.0000000
0.0000000
0.0000000
0.0000000
0.0000000
0.0000000
0.0000000
0.0000000
0.0000000
0.0000000
0.0000000
0.0000000
0.0000000
0.0000000
0.0000000
0.0000000
0.0000000
0.0000000
0.0000000
0.0000000
0.0000000
0.0000000
0.0000000
0.0000000
0.0000000
0.0000000
0.0000000
0.0000000
0.0000000
0.0000000
0.0000000
0.0000000
0.0000000
0.0000000
0.0000000
0.0000000
0.0000000
0.0000000
0.0000000
0.0000000
0.0000000
0.0000000
0.0000000
0.0000000
0.0000000
0.0000000
0.0000000
0.0000000
0.0000000
0.0000000
0.0000000
0.0000000
0.0000000
0.0000000
0.0000000
0.0000000
0.0000000
0.0000000
0.0000000
0.0000000
0.0000000
0.0000000
0.0000000
0.0000000
0.0000000
0.0000000
0.0000000
0.0000000
0.0000000
0.0000000
0.0000000
0.0000000
0.0000000
0.0000000
0.0000000
0.0000000
0.0000000
0.0000000
0.0000000
0.0000000
0.0000000
0.0000000
0.0000000
0.0000000
0.0000000
0.0000000
0.0000000
0.0000000
0.0000000
0.0000000
0.0000000
0.0000000
0.0000000
0.0000000
0.0000000
0.0000000
0.0000000
0.0000000
0.0000000
0.0000000
0.0000000
0.0000000
0.0000000
0.0000000
0.0000000
0.0000000
0.0000000
0.0000000
0.0000000
0.0000000
0.0000000
0.0000000
0.0000000
0.0000000
0.0000000
0.0000000
0.0000000
0.0000000
0.0000000
0.0000000
0.0000000
0.0000000
0.0000000
0.0000000
0.0000000
0.0000000
0.0000000
0.0000000
0.0000000
0.0000000
0.0000000
0.0000000
0.0000000
0.0000000
0.0000000
0.0000000
0.0000000
0.0000000
0.0000000
0.0000000
0.0000000
0.0000000
0.0000000
0.0000000
0.0000000
0.0000000
0.0000000
0.0000000
0.0000000
0.0000000
0.0000000
0.0000000
0.0000000
0.0000000
0.0000000
0.0000000
0.0000000
0.0000000
0.0000000
0.0000000
0.0000000
0.0000000
0.0000000
0.0000000
0.0000000
0.0000000
0.0000000
0.0000000
0.0000000
0.0000000
0.0000000
0.0000169
0.1625590
0.6393806
1.0843828
1.1478899
2.2669287
18.9456043
65.9410248
117.3565598
125.6507416
81.2717972
42.2025032
28.9490757
23.5750828
51.1340027
90.3275833
97.2401581
83.2710266
69.6451950
53.5046844
29.6010094
51.9527473
58.2746811
77.0504608
91.5014954
59.5828056
34.5916748
17.0118294
47.0380821
83.6972198
75.8056641
53.6303024
44.5641594
50.8268166
51.3995209
52.8186722
51.9633102
39.4591446
23.5679703
37.1311264
86.4202042
107.4998703
90.8748703
53.7206993
23.2623997
17.8895149
15.7557793
26.6457920
40.3702126
31.2828979
40.4942894
72.1924591
61.0624084
38.1717491
22.1670361
64.2585297
73.9838715
52.6608086
45.3262939
74.3561783
119.9548569
107.1228943
60.4316483
21.4873753
9.5875559
16.7495728
18.2214241
22.1931572
23.3702431
25.4288864
14.4140406
6.3758960
7.2061834
6.3496971
3.6781332
1.8790722
1.5250951
1.2788548
0.9475291
0.5622665
0.3803059
0.4352050
0.6384161
0.6371521
0.3732065
0.2380951
0.3358067
0.6010686
0.7311814
0.7485907
1.0711880
1.4240600
1.5990700
1.5205793
1.3097031
1.0563492
0.9635544
0.9876305
0.9619113
0.8596075
0.4377961
0.3896999
0.6239933
0.8447073
0.7246733
0.5578358
0.4141725
0.4024987
1.0886109
2.2386558
2.4839423
1.0889362
2.2424862
16.4430370
41.6700211
68.8312683
110.8141174
145.0733795
156.0722351
152.9562225
173.4124451
195.6243896
174.0699768
121.6944275
70.0126038
39.2863083
38.7714081
37.6961594
28.0105743
17.2386684
9.7833433
4.2145500
2.0256219
5.1469755
11.7895889
19.1340618
25.4277172
24.8051720
17.5147724
14.4724464
20.1989040
39.0872154
64.6674957
80.7762146
86.6099548
82.9157028
67.4832230
41.3944969
16.2717381
22.4437160
67.1029053
86.3885345
65.6211548
21.7064896
2.8724701
2.0705900
38.3782196
143.9418030
218.1904449
194.9048157
126.0922470
80.3165817
75.3306732
72.6302795
56.1700287
44.2622337
34.8880692
30.3950920
13.6781054
1.7503581
25.4806347
81.2606964
138.3117523
133.3119965
102.2573166
86.4305649
70.2091827
52.2756271
40.8321152
24.7621422
20.3994980
47.6892052
66.8223190
55.7774200
31.2428894
17.6279583
13.7079868
10.8499060
17.9798260
24.2429371
13.1541853
4.1908917
19.7034588
46.9398727
63.5863838
58.3503418
40.5270844
27.1099930
23.6598473
23.1073818
25.7341976
31.8780537
36.0678291
29.9714966
14.2638760
5.5956888
3.0153179
1.6445899
0.5969361
0.1937602
0.1377867
0.0571193
0.2667860
0.4316996
0.3852909
0.4550795
0.6190241
3.9278624
11.9597759
19.1002884
20.4588852
20.6189442
29.6720352
52.1178856
71.4542694
74.1852264
64.9044876
52.0299187
40.9157982
52.5834618
98.6579895
129.7470398
130.2622986
111.5872574
86.6259537
71.5243073
71.5073776
70.8416748
52.2017555
33.7896805
50.8418732
77.1307220
83.7990875
69.9201660
45.6677475
15.8486910
71.4413834
144.3447723
186.1175385
192.5773010
187.4891510
185.7208405
172.7655334
145.6753082
122.7102280
92.2314301
79.4694290
80.0247116
71.6685410
57.7765312
46.9239540
26.6516533
19.8899155
40.4532356
59.1897354
68.6871796
69.0449600
57.2798386
35.6458359
23.0043411
34.4037781
10.4117699
0.4496025
0.2313945
0.1404572
0.1470558
0.4882921
0.5204133
0.3768018
0.4039136
1.8962330
12.1407290
31.4596519
49.1853638
52.7923508
45.4966965
45.5449371
63.1884346
88.5385361
107.3288269
108.1183701
96.3881989
84.0602798
80.4642029
66.4483337
46.3464317
55.2011414
80.8890228
79.1896362
58.6831245
36.6559181
76.6708298
75.7076645
56.4024773
31.0328979
19.0367947
35.8017502
26.8383560
5.0944891
0.3712776
0.2066665
0.2324236
0.2619149
0.9701821
7.3574705
18.5739822
25.0584202
25.5851212
27.2601147
29.1335831
25.0772285
16.0482159
10.4803276
8.0589361
8.3095264
8.8433523
7.7181330
4.6695805
2.6503458
2.1405542
1.5926793
1.2002760
1.0337394
1.0945982
0.6969601
0.5555028
0.4616991
0.5417931
0.5643860
0.3760448
0.2814358
0.3575071
0.3976886
0.4790024
0.9542634
1.8617253
2.6732805
3.3509631
3.8420115
4.1408210
4.2412510
4.7761412
5.0734358
4.7619286
4.2487617
3.5276194
3.0191064
2.8096945
2.8731961
2.7628098
2.6256747
2.7387938
3.0116467
3.6564422
3.8459425
3.6821394
2.9717572
2.4440076
1.8434185
1.3013134
0.9186904
0.6376159
1.0265344
9.9100676
27.0834808
57.6542435
119.9841461
176.1716156
155.9756012
71.4725723
32.2729340
21.0664406
60.9573517
121.1426544
170.0311279
215.4694366
205.0716400
171.1579437
130.9248962
108.2902527
95.8747025
65.9433823
43.9581528
63.9345627
121.1478806
125.9010315
80.6644287
38.2633591
9.5311165
19.4298553
19.3388844
12.2258787
8.1646032
7.9794741
11.4657927
15.9447556
16.8727093
15.2098866
17.8212471
44.0084610
77.4351120
88.0236664
84.2756042
89.1296463
108.3924942
118.1600037
117.1541367
106.5075912
95.0020752
74.2680435
53.9911346
28.0053272
19.3280067
32.5777817
35.9013481
31.6843433
32.7666931
52.5316925
65.9328461
44.7519646
14.0872345
3.1858449
0.5993904
0.1318992
0.1312442
0.1975635
0.3859242
0.6627917
0.8025163
0.8152649
8.5982275
69.5846558
183.7638855
255.1656799
216.8423767
135.7461700
102.4551849
108.8181686
103.0069504
86.0144577
53.5175018
101.2124481
198.4493561
178.4586182
137.3284302
95.0397110
64.0502548
41.9806252
57.8013420
91.2791138
79.9011688
31.4524784
11.7353592
30.9528751
134.6982269
240.4256287
246.6712341
210.3359375
133.0094452
79.3880539
51.5650101
35.3265953
29.4612751
8.4823265
7.9456296
39.2386169
94.4755096
116.0125961
74.2748032
29.5401211
19.0085220
23.2372818
26.4615993
20.5060463
12.1911421
14.1711178
18.0031471
21.7604122
17.9085712
25.0499687
45.8629684
59.2039719
50.6121254
37.8805389
33.0741081
28.7329216
22.1761532
16.1230068
12.6273975
10.3393307
6.8217959
1.5541279
0.1827681
0.1553870
5.1840067
36.9130936
60.3576698
60.4649010
40.7523689
30.8543663
22.6374111
19.5164108
28.8603764
35.7002182
39.1522446
39.5970764
37.7736168
29.0181923
23.9178905
16.5296898
16.6926765
26.4049664
42.8511086
57.0250206
61.5415840
49.1118202
23.6332092
4.5989733
0.1710658
0.1178019
0.1548366
0.3353148
4.7317762
15.8454285
36.3474846
78.2374191
139.5662689
175.3878479
171.0921173
111.4781876
59.1879730
8.4647350
8.9224157
35.9281311
77.8728333
85.3106079
61.9116135
41.0187149
32.4370918
32.2079544
35.7694054
38.4827347
39.0909653
31.9523582
11.9993067
1.8740984
11.4278383
118.2226105
331.8828125
505.5614319
572.6326294
488.1454468
327.9929199
223.2702789
156.2456665
141.5741577
149.2170715
105.1287155
36.7801704
6.2202287
9.0765810
78.0178223
248.4380798
409.5751038
476.1826172
412.6970520
301.3634033
223.8622894
203.9984436
213.4889832
170.0668640
96.9518280
136.4061584
119.2080612
74.1854095
55.9522552
44.1623344
39.1458435
39.9246521
22.8239231
6.4429803
0.5595321
0.2624937
0.2165666
0.5425034
16.6572590
108.6865387
302.3948669
519.4354858
703.5762329
786.2514648
689.2789917
473.6651611
239.2126312
120.2164917
67.8677673
101.4737396
124.7519455
214.1561279
348.6585388
277.0150146
198.7871399
116.9042358
69.0287018
47.8593330
15.6417580
1.6303296
0.5426109
1.6100144
13.9277687
35.7524452
47.1315613
48.2973633
41.2636337
32.0942612
23.2316341
17.6818619
16.0243092
14.4121008
12.6741171
9.8965769
8.7929611
7.7991595
7.1513853
5.5322361
4.1653633
2.5534670
3.4335194
15.5153189
28.2850494
19.8408470
2.5396461
32.3812790
110.3904572
151.0218201
100.8887482
45.3161659
38.8333855
46.1997108
62.9802361
71.1505127
67.6600418
56.0897751
53.3013458
73.7006607
93.7303162
80.2760162
53.7290344
48.1961479
77.9586563
123.2819595
125.6597061
70.0792847
30.1897392
21.2802315
32.1879997
52.5737305
41.8693810
14.5526047
4.3876796
1.4637120
5.8140483
69.8078537
163.7676239
199.5012665
148.1008606
84.3727951
52.9123383
40.1226540
36.3097496
73.3607788
80.2132034
43.4007416
26.0769348
10.3015223
5.9437289
2.2183933
4.1428318
19.9436073
38.6482658
44.7112770
42.8717003
35.7009430
26.3683968
19.0801601
12.2308168
10.1468315
9.1109314
9.2165470
9.0655422
9.0422993
8.0343876
6.4997334
5.7409072
4.8987465
5.0466595
4.7706933
4.0270929
3.6861253
3.2354281
2.5425403
2.2027407
2.2340438
2.3239574
2.8845873
4.1695943
7.0225906
18.0211620
37.9913940
61.8839493
79.0630417
75.6262589
53.2874222
39.4483490
28.1492786
14.7245922
16.3810902
35.4721565
40.5534248
36.9003983
28.6406918
37.1029549
26.1929340
11.6907730
34.4741783
62.1126213
69.5810852
48.8863335
23.0283375
12.7817020
33.2745438
31.7594109
22.3344765
35.2185364
36.9342003
23.4632587
37.6862946
30.8322563
17.9736423
8.6195183
22.2137108
70.0912399
108.7302780
58.9801483
6.0342441
1.2201718
0.2493141
4.2690310
24.4835815
47.4324913
55.8290596
64.9581833
87.7503815
141.7555237
176.2231903
150.6482239
91.3106842
53.1608124
23.0164585
19.0487957
58.1095734
50.8751717
20.4710884
33.5153694
63.6855621
79.1097488
69.9400787
37.6762810
12.2995720
5.7466583
1.7479169
0.1365021
0.0814563
2.7200243
15.2978821
28.2898693
33.8969154
28.1734791
18.8321953
12.4900103
8.4068708
5.3888893
3.2696493
2.3752666
2.2611065
2.0309238
1.9135975
1.7371897
1.5206134
0.9133893
0.3908536
0.1988227
0.3003495
0.6311289
0.8411211
1.6183873
2.3133683
2.3124223
2.3685908
2.4477868
2.6468005
2.6447787
2.5191827
2.3395953
2.0281804
1.9784603
2.2400634
2.8990724
3.3583863
3.0209084
3.1391680
3.8245244
3.9510534
3.3980851
2.6389766
2.6809511
2.4749234
2.4160390
2.4653697
2.6464825
2.5292604
2.2534561
2.0211790
1.3547356
1.2731546
1.4398544
1.6075659
1.5020252
1.2819046
0.9726533
0.6322327
0.4685465
0.4163479
0.5617747
0.8378291
0.8699998
0.9098746
0.9875866
1.0862210
0.9192252
0.7677528
0.7731277
0.7497089
0.9416100
2.0858817
5.2667236
13.8357677
28.4690552
38.0662155
30.7233601
19.0520287
34.1674500
56.9569588
52.3836288
40.4461136
44.4785767
56.0947685
55.9770622
45.8032265
40.5310402
68.5788956
97.1714554
112.4194107
117.3640594
99.0574646
63.8220329
23.6670399
14.5598259
5.2189078
2.0342526
5.8293114
51.3741188
136.3493347
198.0292816
214.2079010
191.8931122
153.5566711
112.8220596
84.5586472
47.6422157
112.4414062
166.5359955
144.9932861
161.3656006
197.6937866
236.2261658
245.5637360
238.2394714
203.4621429
148.1560364
81.5431442
27.3751221
11.8503361
12.7453718
17.4653416
61.2246971
110.4928894
147.2600403
204.0434723
268.6979675
296.3996582
245.2162323
157.2104340
90.8116913
74.2970505
53.0517082
36.4500198
25.7109947
11.7087269
2.7934086
0.2813145
0.1748046
3.6905417
50.5000877
116.2482758
141.5409546
116.5228119
84.7412643
64.3644028
41.5774117
18.8672943
48.5342178
83.7998581
80.7494278
64.5374908
75.8004608
91.7369080
66.2849655
27.4861622
13.5367270
18.2076721
22.7994576
22.0204544
18.5101089
25.2824688
40.0992126
52.2381325
70.2798386
84.6583862
78.1858063
44.6310959
17.6178932
3.4202542
9.7396851
8.8108177
3.5633316
2.2078481
6.0942922
6.1254749
4.3483477
1.5949917
3.9198346
7.4612913
8.4276314
7.2407827
4.3098783
4.8175387
3.5589488
2.3266666
3.5711246
4.4296885
6.1832223
14.5786495
23.0431404
21.2391415
9.1471376
5.1577401
5.5495691
6.5498223
1.9403033
0.5568407
2.6420391
15.5910206
19.4940166
5.0343847
0.1836917
0.2048975
0.2199103
4.5097489
21.1711998
38.3712196
48.5737343
54.9203949
61.9230576
79.2310104
118.6686401
151.9715118
161.1284027
164.1490631
207.5496368
268.7052002
261.2860718
180.3909912
129.3725739
145.0820465
419.3540344
371.6578369
228.6254883
99.3001480
44.4607048
17.8720665
1.8400773
0.4768844
0.0855879
0.2110406
0.3067956
0.4689065
0.7043536
1.6913198
22.7994957
70.0097733
98.7769928
75.6593704
37.0776291
51.8284149
80.9557648
115.1192627
154.0850677
176.3838196
164.0596313
116.7168350
77.6515198
41.0000458
29.3077984
24.4512787
17.2258549
6.9987941
7.8798146
13.7891712
17.6828995
19.0135975
20.7070599
21.9749203
24.1489773
27.4914474
30.1092510
37.3804436
67.5582657
122.5997238
166.8371887
165.9791565
142.5583801
107.5496597
70.2112579
41.5164566
49.5728493
22.8189182
31.4950371
52.3146133
33.4688034
16.5658665
37.4871407
39.6956100
17.7750740
9.3710279
19.6952076
24.9744415
22.4346695
26.7481270
34.6562157
23.8412094
15.4271269
12.0090151
12.5119858
12.7970867
11.2964611
8.7253914
6.2795200
3.6189225
2.9996214
2.1148744
1.4349666
0.9287755
0.5459715
0.2603557
0.2452687
0.4005663
0.4380763
1.0394431
2.2783666
3.4492481
4.1116319
4.2894697
4.5623422
4.8167386
4.6853771
3.9399521
3.4669740
3.3334911
3.6420047
4.0888610
4.2414126
3.9428034
4.1954746
4.2479558
3.9213042
3.8068438
3.2357998
3.2784390
3.6517477
3.5523210
2.8228831
2.3841901
1.7758920
1.5267782
1.3078762
1.0812222
0.9340694
1.1518105
1.0956863
0.8606346
0.7489704
0.3582523
0.3588272
0.4559799
1.1223645
4.2655454
15.9960375
26.3598137
19.7479992
16.8151894
63.3046036
130.9101868
147.5276947
120.7472992
100.2872162
103.4128494
122.4061356
152.5457001
118.6455612
95.0238876
110.5195847
91.9285583
64.3337936
51.3585358
60.4360275
58.1444283
33.7512894
26.7468948
31.3054943
33.3972740
37.0297470
37.4127769
34.8169632
37.3809052
55.2178993
91.7962418
127.3735199
168.3979797
222.4700317
266.7224731
285.9210510
283.5890808
250.2583313
195.0612030
130.5128937
94.2961426
82.6110001
82.0778427
72.7070465
61.0872269
46.8626289
88.9276276
152.8339996
176.1863556
191.8539734
157.6179047
83.8948059
14.9615974
7.4351778
4.6628246
2.2207935
0.4162053
5.0215950
57.0218735
123.3428574
132.5011139
93.1591949
74.6685333
57.5870895
38.6990051
32.2030907
25.8994331
32.6681061
54.8495293
98.1500854
129.7292175
165.2257690
196.5646362
170.4143677
86.4889526
23.9537888
10.0241728
4.6228976
1.1436827
37.8458481
161.6106110
253.8178101
215.0912781
119.3689117
46.2211342
34.1705627
23.8284264
11.4856243
11.2233906
9.2168941
21.1542416
37.9662704
42.5117645
34.4966660
20.0726776
22.7850266
18.6938896
10.7597475
6.3501959
12.2523212
25.1608257
28.3537102
37.1219902
28.2878876
9.9242029
1.4287131
0.4998761
1.7812234
10.7828760
26.9343319
38.8298340
55.1536751
61.4422264
46.0914917
26.2536888
16.8841553
11.9971657
8.9748926
5.3799057
2.3992298
6.1859035
9.8426971
9.6369629
6.5540295
2.6010242
1.2447906
6.2586136
8.4205341
8.9292765
8.3826685
7.1001182
6.5940704
6.0446467
4.3930955
3.0051093
2.3018887
2.1353164
1.9414352
3.5194411
4.0477090
3.9283295
4.1120691
4.4121490
4.8292003
5.3838434
5.4785466
5.8369279
5.4374928
4.5982738
3.8270562
2.9100537
2.0248308
1.5830706
1.9910578
4.4058132
5.8416162
4.8105187
2.2373898
3.9880042
3.2882361
1.3521121
0.7970440
0.3757699
0.3959507
0.5551674
0.6733676
0.7133898
0.6494061
0.4236490
0.3403710
0.4146582
0.5111135
0.6340328
0.6177313
5.3838015
26.5911293
55.9317436
72.3068161
73.1319580
65.6480637
69.7959900
82.8851547
99.4255753
101.4248199
57.4344025
33.0312500
22.0052757
7.7326822
7.9649158
13.6114740
18.5200863
24.7463188
28.0783710
26.4686470
21.3909740
14.1839552
7.5137072
2.9666662
1.4782659
0.7925361
0.7148747
0.9441558
0.8869740
0.5093962
0.8906432
2.6757543
5.3200378
5.5882969
3.3011274
1.4751930
0.9705414
1.2141449
1.9755476
1.9385660
5.4392295
39.8273621
111.3083191
164.6070099
146.8983765
91.1841125
62.3939247
69.0141754
87.4557648
73.7961273
39.9473801
27.3487797
19.4711361
7.7883096
3.3547080
0.5853865
0.3171369
0.1830954
0.2556990
0.7143161
3.0093527
6.2981863
10.5999212
17.0607586
22.9900875
25.0127430
23.8694782
23.4946480
24.1560822
23.9549561
17.7097893
10.3296776
10.6640816
28.3499413
51.8983078
53.0551910
36.8304253
32.6423988
38.4050293
43.6580086
31.3680992
23.8509331
24.3853703
39.7362137
64.3520355
70.2196579
58.8247490
52.1548462
51.7180176
39.5123405
26.7643661
8.6854029
4.9322133
3.8119655
2.8159361
1.2201328
1.2262540
15.7562218
57.7584953
100.1740646
103.8036728
73.8562012
50.6813698
35.6815109
19.2667732
12.2784557
13.4880390
8.6043596
10.9080715
9.9722338
6.4387550
8.5614882
12.6535826
21.6434345
30.3267918
33.0031891
21.7708168
24.8661880
33.9009895
34.5876999
28.9793320
21.9900818
18.6744194
20.7886314
23.7436981
25.1938324
17.1177788
7.4091778
23.9336243
64.2758408
80.6572189
56.7956009
33.4109802
23.8949642
16.5975742
12.5272293
21.3737717
43.0900192
51.5296173
56.9187088
44.0376472
29.5730190
19.5254326
13.9239521
6.4271960
4.8609748
5.8449907
4.4915075
4.3743744
4.0814304
3.3904326
3.2818255
2.9141748
2.2432485
1.2375875
1.1302625
1.7378845
1.3463675
0.7783189
1.0253198
1.3876048
1.7145721
1.4271257
1.0480801
1.1532185
1.2862710
1.0048008
1.0057498
1.5820794
1.5903383
1.3478570
0.9296776
0.6834041
1.1863620
2.0003920
2.5773239
2.4790504
1.4684069
0.5470999
0.2002896
0.2101410
0.4733958
0.6469379
0.7393036
0.7108935
0.5476044
0.7257745
0.9990876
0.9884862
0.8093518
0.7938395
0.7518651
0.5513331
0.3417467
0.2985641
0.3953408
0.4220696
0.5555419
0.5028537
0.4943891
0.6493991
1.0106158
0.8424678
0.5361547
0.4888021
1.2389119
4.1611996
6.0263991
3.7863219
0.4731508
0.1924888
0.3809988
0.8951542
0.9187752
0.7740337
0.6385977
0.5962031
0.7830006
0.7525432
0.6109366
0.4822510
0.5632120
0.7568672
0.6259040
0.6601179
0.8180444
0.9428926
0.8510822
0.7213417
0.5851083
0.5520521
0.5558051
0.6220438
0.9979740
7.0475550
34.7272987
72.5137177
84.5207748
66.2188187
46.6047134
36.4227066
32.5179863
23.9866619
9.2310991
2.0560777
1.8552577
0.8360577
0.1544417
0.0932236
0.3334280
1.7055712
3.6279249
3.6968904
1.8066276
0.5994618
0.3848341
1.2519971
6.0072012
10.8451595
10.4194469
8.7423420
9.2032051
11.0616608
15.8871861
17.5198441
33.1950188
73.5478363
95.7562943
71.7635880
40.8083992
22.6711998
21.7672482
17.7431793
11.2036877
4.8416214
4.4382410
8.2203455
11.2581854
5.7884340
0.7686353
5.7747636
30.3124466
57.8401413
66.8479767
67.3596497
65.3327637
61.6815338
48.4000168
35.8668900
29.4666023
24.5286617
18.0784016
10.5787430
6.1221433
5.7168064
1.2192295
0.3653770
0.3461571
0.4244957
1.0052267
1.6058924
3.1246097
6.5639930
9.9990196
12.4236975
13.7383270
13.0007668
10.2082081
7.4268265
6.3933983
5.6216316
4.3668909
3.9584935
4.1911840
4.4742861
4.9501667
5.2390471
5.6740637
7.0538139
9.3171864
9.8968124
8.0701685
5.3706207
3.0888777
2.8303862
2.7950528
1.9951063
1.6009967
1.8062124
1.9735355
1.9561571
1.6095256
1.1533045
0.8876728
0.7010232
0.5962425
0.4008510
0.1747517
0.0368151
0.0092196
0.0001693
0.0000000
0.0000000
0.0000000
0.0000000
0.0000000
0.0000000
0.0000000
0.0000000
0.0000000
0.0000000
0.0000000
0.0000000
0.0000000
0.0000000
0.0000000
0.0000000
0.0000000
0.0000000
0.0000000
0.0000000
0.0000000
0.0000000
0.0000000
0.0000000
0.0000000
0.0000000
0.0000000
0.0000000
0.0000000
0.0000000
0.0000000
0.0000000
0.0000000
0.0000000
0.0000000
0.0000000
0.0000000
0.0000000
0.0000000
0.0000000
0.0000000
0.0000000
0.0000000
0.0000000
0.0000000
0.0000000
0.0000000
0.0000000
0.0000000
0.0000000
0.0000000
0.0000000
0.0000000
0.0000000
0.0000000
0.0000000
0.0000000
0.0000000
0.0000000
0.0000000
0.0000000
0.0000000
0.0000000
0.0000000
0.0000000
0.0000000
0.0000000
0.0000000
0.0000000
0.0000000
0.0000000
0.0000000
0.0000000
0.0000000
0.0000000
0.0000000
0.0000000
0.0000000
0.0000000
0.0000000
0.0000000
0.0000000
0.0000000
0.0000000
0.0000000
0.0000000
0.0000000
0.0000000
0.0000000
0.0000000
0.0000000
0.0000000
0.0000000
0.0000000
0.0000000
0.0000000
0.0000000
0.0000000
0.0000000
0.0000000
0.0000000
0.0000000
0.0000000
0.0000000
0.0000000
0.0000000
0.0000000
0.0000000
0.0000000
0.0000000
0.0000000
0.0000000
0.0000000
0.0000000
0.0000000
0.0000000
0.0000000
0.0000000
0.0000000
0.0000000
0.0000000
0.0000000
0.0000000
0.0000000
0.0000000
0.0000000
0.0000000
0.0000000
0.0000000
0.0000000
0.0000000
0.0000000
0.0000000
0.0000000
0.0000000
0.0000000
0.0000000
0.0000000
0.0000000
0.0000000
0.0000000
0.0000000
0.0000000
0.0000000
0.0000000
0.0000000
0.0000000
0.0000000
0.0000000
0.0000000
0.0000000
0.0000000
0.0000000
0.0000000
0.0000000
0.0000000
0.0000000
0.0000000
0.0000000
0.0000000
0.0000000
0.0000000
0.0000000
0.0000000
0.0000000
0.0000000
0.0000000
0.0000000
0.0000000
0.0000000
0.0000000
0.0000000
0.0000000
0.0000000
0.0000000
0.0000000
0.0000000
0.0000000
0.0000000
0.0000000
0.0000000
0.0000000
0.0000000
0.0000000
0.0000000
0.0000000
0.0000000
0.0000000
0.0000000
0.0000000
0.0000000
0.0000000
0.0000000
0.0000000
0.0000000
0.0000000
0.0000000
0.0000000
0.0000000
0.0000000
0.0000000
0.0000000
0.0000000
0.0000000
0.0000000
0.0000000
0.0000000
0.0000000
0.0000000
0.0000000
0.0000000
0.0000000
0.0000000
0.0000000
0.0000000
0.0000000
0.0000000
0.0000000
0.0000000
0.0000000
0.0000000
0.0000000
0.0000000
0.0000000
0.0000000
0.0000000
0.0000000
0.0000000
0.0000000
0.0000000
0.0000000
0.0000000
0.0000000
0.0000000
0.0000000
0.0000000
0.0000000
0.0000000
0.0000000
0.0000000
0.0000000
0.0000000
0.0000000
0.0000000
0.0000000
0.0000000
0.0000000
0.0000000
0.0000000
0.0000000
0.0000000
0.0000000
0.0000000
0.0000000
0.0000000
0.0000000
0.0000000
0.0000000
0.0000000
0.0000000
0.0000000
0.0000000
0.0000000
0.0000000
0.0000000
0.0000000
0.0000000
0.0000000
0.0000000
0.0000000
0.0000000
0.0000000
0.0120618
0.2110088
0.6719471
1.0178559
1.0606835
5.8290849
16.2887402
21.1899948
13.6899958
2.6310558
0.6702201
0.5966807
1.0793854
2.0322387
2.0384228
2.7989280
3.0939734
2.9076016
2.8600545
2.9311364
3.6486735
4.0850186
3.7793434
3.1747003
3.2139750
3.2923875
2.8888664
2.5515006
2.8891764
3.3333151
4.2975922
5.3151083
6.3983126
7.0914278
7.4148788
7.1651487
6.7771482
5.8471551
6.5456147
7.5418882
6.2877455
3.3354850
2.3738959
1.5989219
1.0714270
0.3282326
0.5287154
5.0206804
13.0894079
18.3154202
39.0873375
75.9923553
141.5641022
242.0785980
282.2665405
219.1582947
125.8316345
100.6027374
150.6556396
184.4907990
171.8491058
109.3552246
69.1402893
202.1490631
174.0364380
106.6654892
42.6042213
14.4521780
82.9167862
185.4545746
240.3288422
222.4444275
172.9750519
137.1971741
112.4503250
92.1839905
82.3497314
54.6791153
45.1397018
119.3543015
159.3288727
160.9000549
153.9262695
133.5305176
84.6945572
34.2771034
70.8161011
83.4690628
56.9903679
23.6556416
17.1000443
16.9753246
6.2756281
6.0142889
2.0413945
11.0263100
53.1653557
119.9082489
187.2246552
227.7774811
227.3542328
270.5871582
305.2033997
262.8326721
151.8210144
80.0028458
110.3419647
77.9828491
73.4511032
70.2085571
108.7944183
133.6225128
100.3159027
64.3541031
42.2991867
47.5369110
42.1369553
38.0781975
30.7089691
23.7948895
24.3597717
41.2382164
139.2314758
275.0331726
297.3173523
176.6955109
55.6091690
45.6613541
81.6353607
138.4183350
155.3643951
159.8027039
191.8278198
212.3209686
177.2642822
127.0110168
123.0079498
148.7543793
142.9177399
170.6999207
247.9609375
280.2893372
208.2448120
143.3145142
100.6260300
155.0791931
156.5117798
94.8676834
59.2261314
39.0529556
73.1572952
100.0192413
77.0349121
46.6561813
24.2481632
79.1839447
120.8152542
96.9268723
50.7238388
25.2759323
23.6691132
9.0827179
2.8639476
0.7515202
0.1891806
0.4800245
4.2891183
7.9071341
6.7664981
4.7064934
3.2084532
2.6688178
3.1025281
3.0776963
2.6716766
2.0169883
1.1608158
0.5818169
3.3212714
14.2691669
30.0770035
43.7793236
53.3334732
55.7680435
62.2947273
79.7582092
96.7058334
98.3979645
81.5509415
57.7689285
41.0759354
35.9618988
70.6672211
87.1114731
87.9128723
88.5274353
93.4422989
93.4722748
77.2573547
53.5149155
34.6666679
16.8744411
43.0344086
49.0508270
34.1566620
54.5912971
68.5944748
52.8213577
42.1118317
51.3590393
94.2664490
136.3006134
140.6950989
90.7430954
41.7346115
20.9934063
11.1936970
3.8835838
2.3726997
65.0194397
222.5745392
332.7676392
291.2550049
158.6544495
107.3245316
94.6591644
167.4770508
285.4346619
263.9869385
243.6622467
234.6701050
241.0189209
254.1001740
268.4517517
267.0292969
228.7501526
164.5084381
120.4739227
105.5626373
114.9215622
150.9808044
123.6490631
47.8243179
11.3148031
5.0512280
5.2690778
34.5542526
82.2059402
71.6533585
44.3813286
34.3469467
28.7247410
26.9336948
28.3172226
49.3352699
86.6710281
101.6092529
76.5605316
59.6082535
62.1119385
49.2456207
50.6813507
60.5512924
60.3801346
49.4491425
43.6680717
41.1799088
33.6459274
24.4713211
22.2109261
19.7136154
17.9235477
16.0404987
16.2366600
16.0505352
12.5480337
8.5825329
9.8592014
21.6736164
44.3569946
64.3237991
66.6411972
59.1938095
44.5155563
43.9434242
34.6386452
42.3367081
91.3673782
91.4780807
79.5643921
79.3127594
91.6542435
104.0214462
97.3468628
71.8657684
49.3171005
30.8784523
15.7781754
33.4918900
45.0520706
33.6216431
53.2799759
76.3545761
59.4916039
40.4067154
28.2664070
45.6477051
77.0796356
70.8599396
64.6912460
48.9933701
39.0544548
26.0408249
25.3501205
73.3099060
79.5475082
61.6655388
36.3054504
41.5590324
68.1111374
46.6652298
23.1989403
10.5446682
4.9384813
3.6734488
1.6615856
0.6284794
0.5448478
0.4003413
1.3117791
5.6183195
10.3633461
13.5545368
16.8797569
21.9914436
25.9390984
23.4526672
18.7880783
17.2784767
19.5393181
23.5399094
24.2932072
19.2529354
15.5323725
15.6166992
15.6524944
15.8021336
13.6893234
11.5960827
9.4576588
7.4285541
6.0757422
6.6555424
8.0213213
6.1088629
4.4343662
2.2581742
1.0396155
0.7387792
0.5464589
3.9931622
12.5854721
17.9510822
18.9522839
39.7754440
90.9083252
153.9146729
179.4817657
174.4187469
182.6655273
204.5441742
233.1627045
220.5968781
142.8677979
49.4740944
14.8667231
37.6346626
90.2447128
127.7736588
129.0814209
113.6237335
95.7588501
94.9541092
145.4823151
154.8159180
113.3002319
55.1441154
15.3759556
5.5214472
0.8080757
4.0058537
22.8352470
42.2287331
78.4826508
146.9019470
190.9092102
159.3598022
118.6417999
94.3228378
114.3199387
87.6865387
50.9158859
36.2161560
41.6443405
106.9844131
170.9185791
180.3660278
162.2780762
144.3752289
117.0778656
70.6747131
61.8997574
83.8457870
106.4058609
124.6103287
160.6817017
176.6808014
135.4193115
91.2750244
32.7233238
41.3224792
55.8347893
41.8585625
40.6974106
37.8968048
36.3550797
24.8323174
15.2232952
9.2475882
7.7461820
16.7070827
28.1688271
33.3223305
23.9200573
12.5750008
16.6875496
53.0130768
117.2392807
166.5534973
170.3978577
154.2976074
140.1396332
132.3872528
124.8437500
107.2522278
86.3037491
66.5292664
46.9555092
32.1880913
25.0831375
20.3213921
19.2798595
53.7647400
113.4731979
133.1563721
122.8979492
106.5639725
101.6573334
115.1604767
111.6044769
80.8272552
59.6332474
112.8108749
79.3469467
152.2003479
184.3129730
146.6972046
83.5979843
37.3476562
100.8421478
119.6613007
211.5109406
249.8515625
172.6439667
114.7617493
34.7525330
76.1879959
133.9600372
66.8083267
15.4810839
9.4601927
4.5421753
0.9473888
0.2692761
0.9659636
7.1347275
15.2803106
20.6535931
21.9372444
20.8121796
19.6892128
18.4552708
16.0577965
13.3851709
11.8922510
11.9136047
11.4620323
9.9340954
8.9102020
6.9045792
5.7386923
5.4709344
5.7542815
3.9736018
2.8181293
1.7190571
1.7343702
15.4573555
57.4991264
121.9143066
187.5750122
251.6914368
307.4838257
296.8118896
209.3312531
124.3449097
71.2440567
254.4931641
335.8433838
247.5596771
179.2316589
79.6941910
143.5661621
172.6474915
134.9067078
149.6475220
194.1279602
196.8005524
106.0982285
77.7560272
210.3321991
188.8268127
138.4911194
86.2954102
62.3695107
99.8319550
57.1299782
125.7330170
108.2310486
49.5943985
18.2130165
56.3424454
34.4307556
10.6007223
5.2595596
4.2664194
3.5429616
2.7114179
4.1364150
4.1326714
3.4732745
3.8386993
5.2912140
8.6503267
11.1268454
10.2715855
7.9939880
5.4213591
4.1201811
3.8248875
5.8609924
5.4620237
2.7029490
2.9203448
3.8191030
18.4686737
41.7830849
55.7198486
68.7971802
89.4534683
109.4258423
95.2877274
61.8128052
75.4956818
125.5618134
142.0213318
87.8754272
38.1022415
20.7862091
29.4435120
81.8857269
131.5653687
169.1952362
184.8933105
176.7950134
100.7920914
43.3232193
27.7966957
38.6904373
130.4375458
211.7462158
172.8081360
123.6168289
122.4075394
88.3831329
42.1655045
22.0909767
22.1949463
83.0672455
176.1188049
209.0727844
166.7316284
114.4898758
85.3464432
50.1524811
127.2293930
224.8905792
277.2119751
260.7937927
206.5106354
141.7956696
118.6371613
152.6104279
192.8707581
226.0945892
243.4249115
226.3137207
176.3252258
142.2406769
99.3989716
52.9395752
30.8272171
64.4458542
64.7939377
40.3703346
23.4970531
22.2069912
27.8432255
42.7142258
38.4108887
34.7105484
96.3310471
168.2176514
177.0051727
147.8203125
125.1665421
101.5489807
93.4325180
87.3130798
82.7265549
79.0684967
93.9507751
91.6588516
40.0073280
8.5516481
8.6430502
17.3568592
33.1060181
45.7358932
42.6184654
40.7803879
41.9664345
37.9244690
27.9165058
28.1551228
43.9801941
54.3081207
55.8769569
49.8001251
39.3909225
26.9250870
19.2023582
6.2484894
25.0408783
34.5978889
22.4911461
20.1690369
31.0697384
25.8145370
18.1868515
27.6003418
36.8923187
37.2461472
33.8321152
22.3399162
42.3061256
40.3326073
19.3945484
8.1388512
8.2386875
20.2798996
31.7453003
29.4035397
29.7571163
39.5713501
46.9792671
57.8947144
101.6798630
145.3747711
154.2704773
148.8472748
160.1027832
164.5361176
155.6814728
141.5165558
122.0847015
112.3369141
112.8635864
130.0412140
156.1669617
154.1211853
112.8145294
62.2513313
31.8053093
26.7292213
7.4858689
3.1138711
9.5644646
14.0165691
5.7855568
0.4472151
5.1086011
39.7438011
108.8229218
166.9659729
208.2907410
252.0325165
275.0302429
274.5044556
241.2994690
213.1102905
174.8073425
126.0862808
60.3985710
28.0389442
59.3135452
43.1857910
29.2594604
78.6386719
88.0666122
49.9291573
24.9345112
28.0569859
42.3016243
77.7897339
67.8240967
39.1225548
35.4359932
41.9788589
26.1178284
3.8911788
4.9146218
2.1256018
0.6703099
0.5951452
1.7002053
6.1261692
10.9894867
12.5051899
11.5114956
9.3254719
9.8484526
35.9999275
98.4414444
124.9465561
69.5686417
12.4991207
8.4264679
5.7983537
3.6017351
5.8748322
6.9839411
6.9062672
4.7113056
3.2946103
3.4414170
3.0150955
1.8208609
0.9019293
0.6084376
0.3562739
1.1193745
16.7275906
48.8144836
78.7055893
92.1496887
84.7627716
79.3679276
89.5857697
88.1564941
74.0266800
67.6485291
62.8988800
55.5853271
47.6649818
44.8429070
45.0974770
48.3326721
41.8660812
27.2547188
18.9289207
45.7726517
118.2958221
178.2846832
185.1202087
153.7109375
121.0291290
83.6543350
112.7516556
73.2696457
27.6380196
5.4971633
3.4307208
12.2255421
23.4717350
19.2459106
3.5936210
0.3537570
0.0976770
0.1153717
0.3209935
0.7351359
0.7859685
6.5249944
26.1519547
55.3068199
87.6089630
112.8711395
113.8984222
105.3864670
102.4309845
141.9390564
171.1594238
155.4336548
121.4873886
81.3423386
155.5273132
196.9532776
185.8241425
186.5263062
157.3466949
80.0022049
12.2383223
9.3850899
11.7727871
11.5916796
11.2135916
12.7375317
13.7792873
11.1626902
8.8002110
10.6710720
33.8563728
96.0030060
191.5242920
295.5832214
339.1771545
304.4569397
221.1678314
182.5898438
181.4965363
187.3071442
170.9819031
162.2666168
161.3402557
150.1471710
120.6794281
71.7950821
60.5232697
70.2538681
30.6415024
29.1455956
36.2360229
94.2781906
113.5650024
97.7849197
70.9096680
32.2652626
12.9722586
7.1049819
7.7046280
30.5471230
82.7086487
95.2975922
87.4562149
67.2070236
41.8943100
35.7507973
30.3521481
6.6531234
4.9501209
16.1998062
66.4238663
120.8956985
105.5623169
63.1827736
65.8506622
107.4020996
176.5764923
204.8439941
187.5444794
177.2703705
192.0123291
171.7256012
131.7827301
107.1918411
94.2366257
86.4731750
76.1025238
70.9755554
70.6395721
64.0197525
51.0717010
37.2547379
12.0715981
19.2333565
46.4408073
43.9523926
37.4184456
31.9069691
31.7134075
28.5741577
22.3301849
18.7258759
20.3830261
21.8973961
22.3406181
22.1122742
17.5629234
16.3228168
15.2234573
13.7739077
11.9256554
14.1072960
16.0976009
16.5463448
31.9957771
71.1311417
94.2059021
70.7193069
26.4209461
21.8710556
62.0186920
141.2644348
176.9163055
114.8544998
65.6441345
54.8435059
99.8319168
127.4420547
105.0656281
79.0545197
54.5297012
106.7665634
105.9755859
67.6654663
39.7341385
49.6141052
51.9924202
35.8757324
16.3461819
12.1860476
24.3906860
25.1955757
27.3817921
55.3876038
107.9735565
172.1661072
224.2272644
232.9655151
214.0981750
172.7997131
141.5347748
113.0747147
103.3953323
110.0922546
114.9431076
103.3310165
92.0966034
80.9590836
65.4050064
50.2398987
45.4707489
59.9073906
75.6322708
85.4570770
78.9873886
62.4066048
45.1307068
29.3662701
52.7283669
111.5698700
149.8250275
133.8795624
102.3622437
108.4106064
154.8833313
168.4606323
121.3279724
54.7744751
16.5242004
8.2527676
1.9667790
1.4653114
4.7174716
28.8114357
117.0205994
218.4024048
250.6998444
185.6028442
112.3619080
69.2548981
40.9250031
42.7784576
80.1410141
74.9044342
53.0319939
40.8905869
72.5504684
114.7253036
89.0113678
35.5624428
4.8974619
2.8821890
0.5008345
0.2639216
0.0460042
0.2418899
2.6050301
25.5602131
66.9961548
88.3999939
61.8011894
10.0190687
1.4116535
0.1875801
0.3607799
7.7703123
37.7656784
51.8145218
47.1880188
46.7915726
62.5033569
103.6028442
173.8389587
223.9392395
212.0841370
140.8711090
90.0002823
74.1878052
62.6589088
60.1427155
81.0260162
93.2571411
92.4279480
92.9416046
93.3732834
78.1376038
52.1329384
21.8817673
6.2773976
1.1286304
0.5352092
0.2659819
1.8515991
7.1223531
6.3866177
1.4783731
1.0765297
2.4990084
19.0949192
38.3699722
36.4199600
38.9152946
70.6655960
95.1766281
79.7138290
51.9734764
28.0699844
14.5701551
5.8956051
0.6187006
0.4898939
0.2606620
0.9219113
0.7855641
0.8459617
2.6989741
5.9961786
6.0554972
2.9943044
1.4198146
2.1851068
3.7959256
4.6188097
4.8288498
6.7196746
23.0117664
70.4976120
118.5707245
131.4949799
118.6107407
101.1074142
81.7497025
54.3754501
28.7240028
60.0979843
49.4968605
17.6391258
4.8841982
1.8826408
4.2441092
29.0014038
66.6037750
74.7806702
52.3504333
22.3417778
10.2773104
6.7044058
4.9802575
5.4959674
5.1020365
13.8428030
43.0858269
73.1543808
75.8656158
59.8070526
54.3578033
49.1221008
33.8039093
55.6489792
75.8889465
59.4884148
39.4527283
26.7887230
18.1151924
13.0086269
5.6869297
16.4041595
38.8277435
52.5662308
51.9377823
41.7738571
27.4854202
16.0871105
16.6210098
44.8790588
88.0775528
102.9909058
76.9698257
42.8110695
19.2302704
10.8033495
9.7296724
8.3898964
6.6867366
3.2254739
1.5565462
2.8908598
5.5092521
7.5507221
7.1168914
6.3572717
4.5845184
3.4482257
2.3823404
1.6816241
1.8389134
1.3504221
0.9036472
0.8594402
0.7065713
0.7009172
1.1189818
3.6772170
5.9643669
4.9176431
3.3817728
3.3515127
4.0015726
3.9963443
3.6550617
3.2851830
3.2392197
3.6337347
4.2360568
4.5119066
5.0098033
6.0318413
6.9184518
7.1817265
6.8882694
5.8621435
4.8855557
3.6135337
2.5043211
2.3249125
1.9419122
1.2661936
0.7025007
0.4574536
0.9299409
12.2952051
42.6167297
75.6913757
106.9679184
120.2914276
89.4349594
49.6879997
20.2793827
45.2671547
92.3475266
125.5373611
128.1448975
100.5824890
66.1479492
47.3595276
44.8674088
27.3144646
29.6564560
30.1487007
9.6259413
12.6307392
18.7904778
19.7242928
18.9697380
16.4191322
11.2268419
8.0216389
5.8645282
4.1025643
2.0961969
1.1770568
0.4316972
0.3522774
2.1597683
5.7795086
6.4849072
6.6185937
7.1274338
7.0341396
6.3218813
6.0147829
5.2637448
2.3357117
0.7644598
2.8544049
21.8413715
118.8266296
320.3374939
531.1525879
621.0323486
521.7941895
309.6880798
141.5462494
61.6264267
22.7399368
21.6089478
144.7528839
316.0222168
264.4868774
130.0722656
76.2473145
53.8770523
39.5892067
50.8582840
68.7395325
82.9228516
89.7686386
72.5014114
41.5674324
24.7523403
22.7091217
12.9712992
7.4881473
4.8090162
3.5211654
5.2135663
13.2727203
19.9976826
21.1725731
63.3386841
176.2859802
317.2182617
411.2979736
415.9507141
333.3101501
181.3929596
56.2101288
27.1350002
28.9069500
35.0894852
52.3501778
36.0909424
33.8338509
34.5287552
46.7042046
59.8013840
55.5165672
39.8807907
27.6896057
25.3704567
17.1599789
15.3925295
19.2785549
10.8247480
11.0030565
22.6245689
64.1790237
122.2972488
148.8648682
124.7549133
92.8521729
59.8289948
75.5512848
103.0695343
89.4094162
43.6201782
19.0109787
10.1223974
3.9065373
1.0577134
1.7163463
8.2406654
42.0262833
69.5089493
56.2792664
24.7430420
13.3450756
12.1082153
12.3402815
13.4592600
16.0638561
20.7455540
17.8640480
10.5696964
8.6344957
15.0604620
27.2113171
50.5062675
79.8283844
106.8678741
130.4711456
149.1423798
141.9440002
105.3534622
68.9084625
46.0218353
57.3919563
52.4134560
41.7420731
24.8070087
19.8650875
18.3203983
15.1218586
7.8123970
3.3566384
3.2843676
10.9325294
27.3010006
18.4870930
6.0224876
4.8602633
7.3389535
10.7286930
26.1659679
64.9224319
89.6194458
75.6522141
49.9030418
37.4061470
38.2277641
38.1318359
28.6880608
22.7478008
30.0429211
41.3252716
41.1595497
24.6495552
13.4886456
8.0671787
13.7950401
33.9880981
33.4170265
17.0047722
4.0411696
6.5795765
6.0844250
3.8487678
4.4233193
14.4120131
25.2250328
25.5316620
19.5128117
15.2846317
14.5394831
10.6910830
6.2746344
13.4095497
15.9062510
17.0687809
13.4881859
9.3579988
7.0265527
5.7645721
6.7569518
6.0109119
5.8732748
8.6532211
11.3810120
11.9110518
13.3482628
13.6826487
10.9079847
6.5540509
3.8912337
5.0339994
6.9277611
8.4113531
7.0277672
5.0305300
4.9153147
5.8775740
10.9420509
14.1594381
12.3188982
10.9458742
15.5720453
18.3551655
15.1227083
9.3797903
8.8252840
7.5972557
6.6208296
8.8232298
12.7747297
12.4499121
12.5385370
15.1407623
18.7249298
16.7146702
10.2210913
6.2431922
8.7606688
11.1353655
8.0917006
5.9255333
3.6604815
3.7432325
6.5040884
5.9162226
6.0195346
6.9766545
5.3454876
2.9312563
4.5633173
6.2060142
4.7736163
7.6186218
14.8495407
15.5470686
12.5154552
10.1631718
8.3303270
6.2562051
5.7110558
5.6551614
4.5548778
6.3419232
7.5104880
5.2893314
6.0611000
8.1273975
6.5540094
6.2550597
9.1569729
15.0578985
19.5103302
19.7770805
17.7091522
16.0003395
15.1628056
13.3631191
12.4021492
12.1552544
9.9025478
6.7495041
3.3083832
1.4659251
5.1322517
21.6475410
38.3792458
37.0930595
23.5435390
12.5086441
8.3483324
7.7462387
6.8964057
9.2304440
13.9016972
16.4572639
17.3186607
16.8814220
13.5451088
9.8748493
9.0585604
8.6389980
6.7051144
4.3318748
2.0883493
1.5374463
0.9329180
1.7419820
8.4144554
16.9242401
17.8646507
11.3816977
5.9967823
4.8994818
5.7688136
5.3223329
5.0253458
6.0246134
6.2721295
5.5985990
5.4041409
5.5703449
5.8524265
6.6218233
5.8533235
5.3616586
5.7060747
7.1273298
8.5705585
8.9251404
9.3749332
10.7030592
12.3277922
11.8555918
9.1198883
7.4860682
7.9911394
8.9610405
10.3775768
10.2218704
8.2719231
13.4371796
22.3928127
22.2885189
13.5593843
14.7828350
54.2170105
136.9324799
186.8346405
182.3247833
170.7187195
161.5567932
140.2029724
111.4621582
112.9410400
127.4238968
138.4688416
121.8522949
87.4675293
66.9769592
71.0199280
82.0308456
106.9342499
186.1594696
267.1269836
286.6242981
225.1188202
138.2422333
68.9738007
22.2549534
20.0580463
22.3009491
26.2286510
28.7148972
32.2667046
60.5627174
132.1022797
178.7854614
150.2859192
100.3502197
62.1394653
45.8285942
68.7381516
125.8537827
164.5869293
136.7425079
71.9008255
66.0267944
190.5814514
388.4623718
572.2388306
620.9353027
549.4114990
418.9164734
290.2436829
153.1872711
221.4103546
234.9774475
307.9915161
381.4466553
364.3192444
278.9011230
216.0299988
127.9482040
148.3606415
148.0441132
95.4207001
75.0572968
105.3412781
135.2316589
113.3722382
147.0248718
241.0461121
251.2520905
267.6185303
351.8611755
551.3662109
514.6171265
304.5467224
127.3177261
49.3583412
19.4156704
6.9445314
5.5432429
11.0539246
42.8114128
120.1932602
202.8314667
339.6952820
495.8536377
540.9895630
452.2371826
346.0070496
287.3786316
293.6540222
310.0616455
279.5684509
231.5000000
201.4208527
163.7135010
45.3201752
8.8690281
1.1289490
0.1584084
0.2902385
8.7883911
40.0871811
74.0767517
93.3559265
98.4552765
126.2286606
175.6606598
205.6494751
180.1631622
124.7695160
86.1366425
63.8113861
39.2806702
20.4142723
2.8725290
1.0927885
3.5650909
6.2935677
11.1722698
19.3008881
31.1519508
39.6551552
39.1517143
35.0956802
32.5264664
29.4422913
26.1471863
20.8880539
16.3641262
9.6427708
4.7941079
1.9517081
0.9015921
7.9018655
30.4220219
54.9774323
71.4056168
80.1670227
94.9860229
118.2473907
120.7673950
86.7478333
49.6156273
48.4009933
43.3678513
31.6774368
28.1455803
27.7222900
25.9679375
13.8376656
4.1242685
5.7333460
4.9086142
16.9696312
79.3876572
172.8788605
233.2603302
225.6555481
174.3690033
110.0365295
60.7870369
26.6462193
20.7726078
25.7469788
55.8171082
90.9284973
85.4301682
57.4409714
38.9831543
25.2927685
16.6271610
9.7516022
5.1549754
4.7980876
2.2538745
2.0327749
3.8154733
6.9285421
8.1015978
7.2157378
5.6102777
4.4135733
3.1888771
2.6729882
2.7462134
2.7426043
1.8645759
0.9208316
0.5882187
6.1636691
57.6413078
184.8063202
347.0700378
445.9683838
421.0353699
324.6491394
265.1660461
206.2530823
121.4832001
48.3053970
38.9621429
44.7520523
68.4452667
49.4638252
38.0614700
44.0224037
81.6695480
130.2902374
150.3059235
141.0069427
133.1359711
109.9266357
84.1205215
58.7665749
24.4294491
17.0931549
24.9532890
31.8306217
53.9170799
84.2861252
61.7075958
19.7235813
13.3764057
13.7715387
58.8142052
154.8041382
168.7701569
77.3632050
50.6790962
74.4676056
114.4408417
121.4044342
119.7079391
156.9618530
130.9186707
111.2048035
93.0609589
85.4219971
83.5522232
67.7229767
51.5779152
33.3879852
26.1363144
41.9730034
38.2363701
15.9601650
13.5304451
20.7229557
22.4270515
18.4772511
14.6893482
12.3296690
11.5558500
13.4695807
17.7215042
21.3194981
40.9114952
88.7645569
128.6996002
123.8853455
92.0685730
70.3238449
53.2198105
34.2713127
14.0506840
16.0162296
31.8444061
28.5325851
38.0469971
31.9519939
29.2829590
23.1287098
6.4152865
3.2111075
12.9084511
40.3145676
72.1078568
69.9612808
71.2647858
78.8787155
76.8961029
54.5103416
31.1680489
16.4560127
12.1986141
13.9514141
13.6269588
11.1541653
9.3495283
17.1242085
29.3587151
32.1376114
34.5380783
39.6448669
41.2740707
36.0928879
18.1430473
3.9566011
0.5635924
3.6637146
26.2728996
51.8877640
55.5587997
71.0988617
110.5233841
108.7576294
48.9560356
8.7186680
2.5998549
0.2162376
0.1206916
0.3444407
1.8098643
14.5899420
32.9751358
33.5209503
17.2270184
13.6642408
37.7559128
76.6036148
106.3252106
99.8181152
58.6734581
16.1443653
3.1772497
0.5027180
0.3751119
0.2144373
0.3928341
3.7076175
12.9393158
33.3184052
58.9356689
63.6672440
43.2003899
25.8179951
24.8314934
33.4310989
44.0773239
51.7536125
50.6784248
38.8518028
20.6337051
11.2878761
3.8071189
0.7559171
0.5831195
5.3476920
32.4129715
64.0137711
71.4812622
41.1527443
13.3336430
6.5503187
6.0250607
8.7515812
11.0393829
9.9089880
7.5167122
8.6737480
9.4792986
10.8437920
12.3796406
13.5349150
14.0897255
14.2191925
13.0100594
10.3309917
9.5905437
6.8216510
4.7043867
3.9733226
3.8564336
5.6677203
7.2813897
10.3188953
13.6202707
15.3997555
13.5979166
10.5337067
8.3076906
16.5659294
76.7682648
142.4506226
112.8075409
10.4733839
0.1408986
0.0992137
0.5093921
2.7179408
2.5455098
2.2680988
4.6903496
7.1521339
8.6131525
8.7201595
8.1919270
7.6516709
7.3848619
6.0572114
4.6050878
4.4869967
5.5875626
6.8490925
6.3772459
5.8439174
5.6848855
6.2695127
6.0335231
5.4436636
4.7444496
3.7198739
2.4774029
1.7049830
0.9882381
0.4336768
0.8229640
5.9174900
20.5314350
39.0631256
50.9299850
47.8238754
35.6746750
26.2752628
21.7895775
29.1904106
45.3642654
41.7170410
28.1544151
17.4714813
12.2214336
14.2643690
12.8928547
11.8961277
11.3772821
13.0838356
13.5394526
13.3663063
11.7856150
12.2503185
11.5461693
12.0099802
11.7640638
12.8510532
10.5837526
10.4519567
11.6070843
14.2933979
16.0338249
13.5978928
13.6090603
18.1235733
21.8034840
23.7842941
19.9308891
16.8928547
18.8031387
22.5837116
27.8356857
52.5555115
69.9995956
51.2795639
27.3399067
39.2286530
82.5404510
88.2570648
44.6631660
19.8036385
11.6489162
6.8111463
6.3526130
9.2375984
23.8805752
40.7027893
55.9407539
64.2237244
61.0708237
52.9889145
51.1782913
50.7235985
42.0653000
46.6640472
60.1830025
87.7335434
108.3556595
89.1709442
43.6434746
86.5283661
111.1966095
83.4008713
51.6023636
28.7013912
16.7883606
17.4232922
17.6036034
18.3863506
19.9901352
18.8241901
26.8908005
31.5936794
23.8276615
20.4733505
17.7890053
10.5306196
7.0572786
6.5084467
5.0476923
4.0917740
6.8662038
13.9866543
20.2305241
18.1256371
12.3655930
8.9267559
6.7506323
4.6693478
2.3896537
1.2033461
3.9914603
22.7127495
49.3557434
54.4655647
32.9969025
10.6280537
3.3801119
1.0074651
0.6273092
13.3248558
38.0940475
52.1944046
56.6300087
59.8710442
51.3315849
22.6493759
6.3512278
2.6097264
0.6425538
0.9659061
12.6180458
57.9460068
114.1858749
116.8742676
70.5687637
35.7065277
29.2299786
35.5068588
23.4280510
11.6536703
18.3315735
46.8259888
54.6673241
38.5324860
29.0058041
21.7530136
11.3414488
3.3793001
9.5059109
21.1828690
26.3206100
24.3087692
22.5685730
21.4457970
21.7882671
23.6901073
27.0839386
31.3663673
25.3052425
17.3758354
10.9804764
8.4792128
8.7272377
9.6882925
9.7253208
11.1941500
13.3910570
14.4631147
12.7326412
18.2111301
29.6392288
36.0355949
38.0521431
35.2241135
33.9098511
37.6128998
42.4748535
41.6878395
34.1828880
22.0178967
16.8048840
19.7276039
15.8334675
14.9569168
21.5660648
17.0653915
15.0359592
12.3504543
5.5585575
3.7493684
3.6715727
3.8169920
4.3846693
5.5670953
5.4694262
4.1665888
3.5581093
4.1089616
4.5597148
4.4856844
4.4903870
4.6109915
4.0099716
3.5306675
3.2782550
3.2832632
5.7546501
20.2609978
39.4084167
39.5237503
16.9328423
2.1030228
0.7343743
0.5028530
0.3389045
0.2069283
0.2994124
0.5674020
2.5902653
4.5873675
4.6662521
3.8982854
3.2108963
3.5076897
3.8485649
2.9859865
2.3179443
2.6923189
3.7989578
4.3171167
4.2620811
4.7189131
5.2389708
5.1258755
5.4847903
6.3759813
6.9368606
6.3999500
5.3015461
4.2166157
3.1833813
2.2757134
1.2870462
1.1997324
1.0058920
0.8309641
0.7287202
1.0275993
6.2911615
19.6981583
28.8156242
25.5538197
19.3042068
23.9048576
30.2798748
26.6823635
14.6787100
16.9055939
40.9487572
50.1257439
41.8821487
15.9170866
1.9566821
0.5113887
14.5844574
61.7839584
104.1202316
95.9413147
72.2511292
70.4484177
85.7477646
83.0316849
49.9084663
42.8703041
42.8080635
49.5433998
52.8018913
29.9433956
12.6577005
6.5657110
8.4100523
23.0461731
45.6202927
51.3776970
55.0318565
67.9964142
73.8917923
64.6630020
53.0502853
49.7925262
47.9704857
34.7122002
24.9894123
17.5402489
17.5634804
17.0776138
11.9988680
6.4179330
3.0668554
2.0381973
3.1628551
5.0642724
5.5599847
4.4675436
3.3687553
3.0303283
3.4889071
3.3780150
3.0290127
2.7435620
2.5827565
2.7418294
2.7404141
2.2685490
1.9068166
1.7869022
1.6418886
1.3338189
1.2051513
1.5505993
1.9938550
2.0524044
1.9560847
1.6499915
1.0109822
0.7556328
0.4283616
0.1908948
0.0481059
0.0029182
0.0000454
0.0000000
0.0000000
0.0000000
0.0000000
0.0000000
0.0000000
0.0000000
0.0000000
0.0000000
0.0000000
0.0000000
0.0000000
0.0000000
0.0000000
0.0000000
0.0000000
0.0000000
0.0000000
0.0000000
0.0000000
0.0000000
0.0000000
0.0000000
0.0000000
0.0000000
0.0000000
0.0000000
0.0000000
0.0000000
0.0000000
0.0000000
0.0000000
0.0000000
0.0000000
0.0000000
0.0000000
0.0000000
0.0000000
0.0000000
0.0000000
0.0000000
0.0000000
0.0000000
0.0000000
0.0000000
0.0000000
0.0000000
0.0000000
0.0000000
0.0000000
0.0000000
0.0000000
0.0000000
0.0000000
0.0000000
0.0000000
0.0000000
0.0000000
0.0000000
0.0000000
0.0000000
0.0000000
0.0000000
0.0000000
0.0000000
0.0000000
0.0000000
0.0000000
0.0000000
0.0000000
0.0000000
0.0000000
0.0000000
0.0000000
0.0000000
0.0000000
0.0000000
0.0000000
0.0000000
0.0000000
0.0000000
0.0000000
0.0000000
0.0000000
0.0000000
0.0000000
0.0000000
0.0000000
0.0000000
0.0000000
0.0000000
0.0000000
0.0000000
0.0000000
0.0000000
0.0000000
0.0000000
0.0000000
0.0000000
0.0000000
0.0000000
0.0000000
0.0000000
0.0000000
0.0000000
0.0000000
0.0000000
0.0000000
0.0000000
0.0000000
0.0000000
0.0000000
0.0000000
0.0000000
0.0000000
0.0000000
0.0000000
0.0000000
0.0000000
0.0000000
0.0000000
0.0000000
0.0000000
0.0000000
0.0000000
0.0000000
0.0000000
0.0000000
0.0000000
0.0000000
0.0000000
0.0000000
0.0000000
0.0000000
0.0000000
0.0000000
0.0000000
0.0000000
0.0000000
0.0000000
0.0000000
0.0000000
0.0000000
0.0000000
0.0000000
0.0000000
0.0000000
0.0000000
0.0000000
0.0000000
0.0000000
0.0000000
0.0000000
0.0000000
0.0000000
0.0000000
0.0000000
0.0000000
0.0000000
0.0000000
0.0000000
0.0000000
0.0000000
0.0000000
0.0000000
0.0000000
0.0000000
0.0000000
0.0000000
0.0000000
0.0000000
0.0000000
0.0000000
0.0000000
0.0000000
0.0000000
0.0000000
0.0000000
0.0000000
0.0000000
0.0000000
0.0000000
0.0000000
0.0000000
0.0000000
0.0000000
0.0000000
0.0000000
0.0000000
0.0000000
0.0000000
0.0000000
0.0000000
0.0000000
0.0000000
0.0000000
0.0000000
0.0000000
0.0000000
0.0000000
0.0000000
0.0000000
0.0000000
0.0000000
0.0000000
0.0000000
0.0000000
0.0000000
0.0000000
0.0000000
0.0000000
0.0000000
0.0000000
0.0000000
0.0000000
0.0000000
0.0000000
0.0000000
0.0000000
0.0000000
0.0000000
0.0000000
0.0000000
0.0043828
0.4163944
1.5215731
2.5748520
2.7801330
2.2433245
1.7774285
2.0008655
2.6817234
3.5487375
4.1171017
4.5550909
5.0483670
5.4582400
5.4847412
4.9785848
4.5002589
4.7228341
5.6718969
6.0779843
6.5068312
7.1261644
8.7095461
9.9082470
10.0574455
11.0051460
11.1286192
11.3164396
11.6776228
13.1839647
12.7430792
9.2933235
6.2441912
2.8969741
1.8000199
0.8760165
2.0029993
9.1361332
18.8332272
37.7764320
79.9552612
133.8337097
195.8106842
236.3180847
194.9288025
123.9423218
87.8351593
81.8097153
57.9502563
44.6766968
54.6066093
62.1462746
73.5017014
102.1180649
145.3636169
165.3211212
131.6361389
76.0214386
65.2929001
83.1109772
44.6126480
42.8510590
69.4825439
47.6543617
21.1743507
10.4280863
7.2874584
4.9370103
4.5701118
10.1265383
10.9434586
9.2491255
6.6971879
5.5616374
8.8369999
14.9131498
16.4508514
11.6809330
5.8491917
1.4737537
3.0101523
4.9763503
3.8244848
8.1635513
17.3497181
17.4762917
13.2969322
16.8826904
15.6151371
12.4654789
7.0885019
6.2266917
17.3032856
16.2725582
16.0105324
37.4895706
101.9089813
165.2754974
170.6159363
117.0904465
73.7871704
30.1721420
51.0213699
47.3269463
24.3148556
19.5849094
39.3965836
165.4886169
213.7566833
166.1310883
136.3826447
143.7023163
184.4369659
190.6376953
114.1283264
58.2568283
34.8606262
34.6649208
183.2086945
390.3557129
441.6566467
365.2181702
320.7918701
337.7744141
295.2750549
159.7171173
57.6749802
18.9902954
6.8515668
0.3168985
0.1929713
18.9847317
142.3268585
194.3955688
170.5658569
169.9189301
253.8611908
332.7868042
375.3244629
315.5151062
251.2352142
234.0094147
206.0555725
195.1954346
233.6752472
271.9320374
236.7647247
155.9501801
99.3974609
60.9570007
115.2937088
114.8923187
74.9964981
25.6925945
12.1570520
37.0548592
113.5670929
230.9828644
267.9755554
226.7332764
188.7444000
182.3426819
130.7563629
39.8260651
6.8850036
4.2859383
36.0914612
156.9223785
220.2527313
163.4381256
95.1717072
84.7027283
97.2725220
158.4695129
191.8114777
138.7617798
85.5907745
32.6630249
65.7386703
71.1569824
56.3818398
49.8448868
60.7395172
63.8862686
72.4038010
71.3480835
52.2657394
22.3886642
6.1078358
1.2924416
1.0488194
6.0917683
11.9978161
11.4553471
20.2215996
56.8376770
110.8053436
141.0815430
127.4548874
89.2113800
52.1457291
25.6569710
11.1203909
4.3102465
2.0349936
8.1517544
46.6539688
101.5770035
114.7494659
86.0017853
59.3511276
45.4323387
40.7695236
31.3365574
35.4446373
47.2923508
44.3744621
23.5109444
6.6732478
3.3674812
3.8364916
8.7086811
54.6841393
118.8766632
138.0690308
95.6009064
53.0731392
28.6106777
63.1219444
86.3296890
79.1940689
67.6952209
66.1012268
58.0407600
36.9027710
22.3597851
41.1190987
87.0382843
110.1583405
113.2284470
122.6203232
104.5151672
71.2079239
52.6249695
54.4255562
68.6095047
82.7533035
91.2755203
84.2027969
66.6740952
49.8487091
39.8827705
31.9888191
21.7636452
7.6196022
1.4471121
0.9553216
1.7618351
2.5250123
3.4774814
5.0197544
18.5459709
48.8647919
76.0441971
73.6901932
46.1855049
25.3646355
23.6329651
42.9470520
55.2084122
47.3739853
23.1667747
8.4840508
18.3340836
30.4302254
25.1174564
15.2066183
23.9421597
47.3046799
51.5565758
29.0627193
7.8068881
8.5303879
21.0833893
29.6126728
21.7268791
5.0786676
1.5660362
5.1571045
31.1665668
63.8537064
70.0372314
55.5189018
38.3064232
20.5966473
42.1402702
93.4469376
135.3281097
153.8875427
169.8186035
175.1322937
136.8267059
83.0674896
55.6939087
89.0074768
124.8946304
116.9679718
77.0228348
73.3322144
115.1872406
156.4658966
155.1627197
119.8992691
86.3283157
48.9875336
39.8607216
30.3987331
22.5508080
30.6852970
32.1915588
27.5029144
23.0031395
19.2893925
14.1348429
9.4704590
4.6823258
2.0880511
1.0990934
1.6751171
2.3791137
3.2927206
3.8519957
3.4716332
2.9659996
2.3281229
1.9756296
3.8162336
7.2415175
19.7585163
65.5878983
132.9055786
175.7156067
171.8407593
151.4732056
131.8264771
117.8645325
107.9199677
96.2209854
81.3163605
71.7560425
61.2206345
45.1068916
26.2566910
17.4065666
36.8986244
88.6279831
129.1943970
114.8234024
58.1588440
13.4030132
3.8505909
8.9437256
49.5348282
101.6894455
61.6507568
16.1043949
12.0332985
18.8147888
74.8730927
193.4365845
253.8650055
203.1967468
79.5944214
14.0932522
0.9790168
0.4278308
0.6039056
0.3251316
0.4371234
0.3640558
0.4241337
0.4667002
0.3965680
0.4738764
0.5573230
0.9259430
1.0205057
0.6742753
0.3922199
0.3610761
0.2819812
6.6187272
33.1191521
65.9537048
79.0196381
94.9745636
140.9748077
183.6399231
240.0548706
319.1843872
319.9527893
254.5296478
202.3880005
155.8926086
111.7149887
57.2518539
31.1323204
40.4100418
64.9876022
121.6647034
98.2791824
61.0842667
46.3159485
15.2238779
3.6955705
1.1846842
0.9500131
5.4126716
18.5031281
24.8151703
24.1398067
23.1168633
19.8428574
14.1274853
10.6765928
9.9750147
9.2858839
6.4340324
3.5256279
2.8606670
1.7638785
2.7606113
15.5599174
33.4205742
59.3805237
133.3421936
245.2133636
319.3603516
290.6398315
195.1240692
122.5957108
113.5959015
157.5067444
179.4375763
193.3146210
178.5906982
131.0825958
88.0677261
51.5126686
63.9369087
111.4264603
109.3878632
69.1027298
47.4248238
78.0108490
57.2708778
11.8878126
4.6286578
3.8382688
3.6117110
6.4752922
13.8729057
44.3059120
111.1115494
161.3628387
141.3005219
77.2192917
39.1341209
46.9337540
76.8328857
113.0737305
119.8863449
101.1303024
122.1649017
168.9242706
147.1440887
92.5962906
62.4001541
123.7535553
193.9706116
171.2721558
130.6923218
87.5609741
52.8708153
32.4518585
21.1256943
15.9758730
10.1455460
8.8778477
53.6609879
85.0212860
57.1214790
6.3457146
1.9353247
11.3342543
73.9870605
176.4733429
204.9516602
163.4665070
99.1857147
46.8143730
15.5007486
18.6217518
50.2705536
89.9039459
120.5605927
118.7450027
91.1376648
51.6073875
40.6252213
77.6480637
72.0459595
48.6106110
19.7269402
5.5677905
1.9963399
1.3058202
14.8062248
78.1410522
134.5272980
146.6412201
116.3729782
88.3537292
83.9875336
90.1661758
86.3803558
65.8624573
50.0553474
50.7608566
30.4735069
14.0824995
15.2810612
23.9065056
40.7348366
79.2560349
121.8002930
141.7000885
155.7157745
167.4613342
158.1669159
123.8717499
73.8500900
29.3402042
26.8837032
6.3870149
2.3387916
0.9516720
6.1235833
55.2412720
121.4585724
137.8438416
93.8893585
47.4375610
27.3349152
24.7919731
16.9057159
16.6396675
19.3806362
16.4352207
14.7006845
26.3407764
65.1645126
115.5322952
148.6641998
177.0923157
236.4926453
279.9631653
236.3196259
113.7046661
24.5946941
4.3693891
1.2075276
0.9793993
15.3579884
50.4287834
68.2204285
89.0404892
92.0363235
44.2688370
4.0201755
0.3607106
2.6659191
29.2566090
47.6087227
31.6525803
15.3524046
13.0825558
10.6011086
22.6679096
46.2851372
70.7333679
87.5849152
97.6609344
113.8254623
112.7571182
93.2565765
56.5736160
37.4820366
39.9209366
33.9909210
31.8901405
27.4472866
22.0537586
15.1841850
12.4047890
10.3495560
4.9692907
0.5974134
3.7178311
66.6287460
179.6645966
214.4921112
146.3777466
61.4745293
47.4256783
43.5494652
63.1697807
84.9247513
110.0952682
117.8788757
84.9637451
82.0827942
110.3655624
100.3311157
38.9142075
7.2909074
1.8356789
0.6428601
6.8740830
7.8392730
4.3562012
4.3303452
9.6521549
53.0270157
138.2267609
191.8620453
187.9544525
167.5836029
138.5869751
137.5484619
135.1737823
141.7575836
150.4277344
170.3314667
179.0518188
179.2722473
166.9567719
132.5255737
75.7136536
17.4749184
3.8982658
1.0979377
2.7472525
11.0838375
22.0290737
24.9301605
23.4951134
20.2957649
16.4765339
12.4454861
10.8112078
8.9309864
4.8605938
2.0960631
0.9431064
0.9804013
1.5377312
1.7259867
1.8100595
1.4306098
7.6588368
30.1200333
50.9047012
50.9863586
53.1465683
75.4265137
86.7683487
66.9732056
50.0555191
50.1568985
54.2271347
53.6608582
48.8879242
54.7154961
72.7465363
100.3934174
97.2476501
64.3443298
44.0012589
48.1225700
52.5681877
57.4403534
104.2874756
160.6710968
188.3237762
220.7206421
274.4966125
305.3536377
240.7120972
155.1894836
89.3710403
43.0682907
26.3148441
4.3657212
0.1189147
0.3511442
7.9277978
27.8030186
40.7253380
56.2268867
75.8015442
98.3368454
128.7859039
140.4306183
124.2851791
74.3577042
40.6156807
24.9403496
24.4235229
21.7539005
9.9257374
3.1096890
1.7812268
5.9259410
10.8931513
11.1197901
9.1618080
6.8049064
4.8293242
3.3440924
1.9106538
1.5563489
1.2021434
0.9359339
0.4676050
0.2170867
0.7011523
4.5952082
11.6010094
31.9985867
79.0854797
147.1501160
207.1632233
197.0950623
141.0587769
85.8934326
61.5590706
42.3403778
4.4196720
4.6849537
6.9866853
28.2289276
64.7891464
70.9789047
96.4606323
130.1346588
140.1278992
107.5204697
89.2726898
106.7618561
127.8454590
106.1520233
46.7420464
4.9689741
4.2549949
12.3342266
62.7562485
149.3375092
204.3864594
209.5032501
189.3562927
172.2190857
174.2881927
206.1817474
166.0556183
61.0127106
26.9387016
24.6934929
22.8337727
20.2165489
15.3913479
15.6258745
27.8053436
38.5831871
41.3232498
37.9872093
29.3752384
21.5323715
15.5591059
13.6160498
18.7806015
52.5122604
111.9709702
147.1525574
134.7437134
128.8397980
117.0731125
87.2582550
66.7592545
68.7249069
93.6972580
120.5074921
112.6968231
73.3707428
30.7127190
8.5413532
2.6622915
4.3241777
4.2286954
2.0918062
11.9819221
81.4466400
175.6119995
216.9654999
189.9601440
154.3300323
124.3229065
109.8571548
145.3538818
137.0618286
109.0897522
96.8585739
120.7140808
136.5370026
118.7953262
93.8511734
76.3634109
73.5061111
95.9580841
53.6402931
17.9765110
9.7682934
12.6183472
25.7711868
40.8208084
45.6057510
51.9628220
53.7446938
47.0203362
38.8848915
38.0540009
34.3281784
23.5075150
31.4186001
77.0364304
132.3277435
151.2774963
130.9900818
98.1401825
61.7259293
35.5813026
30.8739872
17.4875336
13.3472614
11.4211359
10.4507666
8.1160812
7.2249098
6.4691443
6.8034754
7.9324708
9.4776039
13.1606989
32.7023277
71.0763016
106.6680145
126.6502457
125.9904556
103.7007980
71.8107300
40.2138596
73.3354721
141.7575226
105.6249313
62.2190742
42.1085014
22.0719891
6.9989409
13.6617880
27.9479446
42.8314629
47.3831177
46.3137665
44.2685852
38.1555939
30.6610966
12.2689447
4.2013106
1.8221723
0.9052355
0.3838568
0.4830658
2.1881537
6.5145159
8.0357761
7.4735899
6.7082129
6.6310029
6.3829618
5.5316267
5.0429387
4.6278906
3.8946276
3.3127317
2.5514340
1.6813186
1.2679605
1.0340686
1.7091653
8.4919224
20.5651131
45.6315727
97.6582031
174.5227203
242.7149811
282.8894653
277.5731812
227.6897736
149.6883240
162.1787109
141.2115173
112.6418533
69.8246918
47.4894485
99.3942337
165.5023499
124.0293121
83.4909744
116.7661514
98.3376999
53.0047073
54.2029381
17.0674305
9.9098129
4.6748772
2.5563245
2.3230715
4.7157826
18.9951687
58.8770981
97.7570190
103.9865875
80.1585846
60.8234215
45.6568909
35.5090752
32.8437920
34.4945946
34.1803780
49.0740242
64.7835693
55.6506920
42.5869064
51.5700073
133.7105713
128.3774261
90.2944031
62.1787682
38.3701973
41.8128662
66.4498062
65.3282547
57.5876732
46.3255806
38.8988609
24.7681236
20.3307209
26.7800617
19.1535263
9.1771555
5.7424421
4.2316170
9.3938990
29.4316158
58.5135689
85.6112595
81.6837082
48.5855179
30.6133747
22.2340374
30.2040653
50.3953781
64.7459412
65.5622635
51.3378983
40.2219353
52.5617676
43.2856941
21.3397141
21.4969101
13.8806343
7.7029328
4.9724736
3.7850089
4.5554605
16.7676659
66.9478302
100.1171646
74.6557465
11.9552689
2.8560352
47.0210342
185.5247650
334.5476074
366.4171143
291.0065002
209.2409210
181.2221222
305.6717834
239.2996979
100.3152924
37.1181145
30.4944077
34.3520470
29.4326248
14.0905495
11.2949076
6.6545005
1.4207873
0.2264293
0.3211187
0.6533489
0.4669277
0.3386152
0.5002520
1.1443696
1.8548332
1.1152159
0.4046535
0.3605690
0.3234308
0.3582529
0.3349394
0.3382692
0.4921226
1.0066999
1.2140605
0.7356594
0.3122681
0.3405565
0.4371659
0.5646874
0.5829504
0.6069534
0.4950311
0.3614823
0.5669198
0.8162092
0.8818443
1.1009214
9.1620312
46.7607422
91.3048325
92.8727036
47.4606400
6.2822170
2.0423021
1.2868533
7.3078299
31.1132259
53.0727806
52.9969368
51.7987099
74.0742111
106.0345764
133.4498444
138.0995636
105.0705566
69.1929779
33.7679253
26.4503860
12.1319189
8.3264370
11.1767159
14.7963886
15.9420662
21.7281914
25.9236469
25.3202362
42.0850983
104.8050842
161.1028748
157.1375732
118.8964462
94.0265121
77.9884186
56.8041801
23.5983963
34.2368088
57.3635368
72.7410812
91.9152679
52.0630989
22.7408867
20.9561081
32.0620880
31.7115231
20.3761063
14.5256519
22.2526360
46.6137848
118.9820175
215.3883972
277.3298035
321.5327148
362.2416687
357.4063416
315.2514343
271.3900146
239.1641998
195.6931610
140.8894653
62.0846405
81.0736160
223.8237000
278.8872070
322.8614197
364.5486450
383.1635437
371.2722778
314.6151123
219.6910553
149.7911682
132.0102234
135.2560272
120.7222900
70.6584473
21.4233017
9.3095322
7.3161941
42.6232491
153.0315552
201.7865143
188.8641052
138.9792938
87.5405197
59.7587471
49.8532219
80.7745438
116.7048721
85.8360367
48.9356422
40.6755486
49.1915588
60.9795532
52.8455963
42.3088455
38.4186134
23.2077332
21.2543030
45.5770073
51.1237526
66.1925049
74.3844070
49.1853180
16.9390049
8.2249670
6.6668992
9.7993126
20.0759163
28.2184067
22.0595398
17.4746895
24.3035183
31.4414978
32.4595337
25.8334637
19.7192764
20.1944313
22.9973240
21.2106972
22.6977787
39.0166168
54.1444435
81.4368820
139.3056641
185.9713745
176.6682739
119.2575684
78.5123215
55.8482704
71.0275726
96.2164764
61.2149582
24.2727146
3.7366993
0.1567562
1.4127042
21.2760143
53.0209160
58.8789177
41.0210953
26.8128853
16.9502926
20.5509529
33.1443672
32.1627541
26.3191872
23.1212101
20.7140045
27.9025860
57.1740189
59.1845093
41.7042122
20.3445835
10.1558895
4.4600711
8.4806442
5.0187550
3.9435854
2.2839725
0.6656259
0.1631799
0.2231811
0.3021570
0.4012998
0.5524997
0.7998226
0.8547440
1.0477014
1.1659479
0.8900269
0.6805166
0.6517186
0.9784588
1.1895739
1.3406500
5.0162659
28.6997375
77.5212250
119.5220184
122.1705170
104.0078278
88.5648956
88.2037964
90.6945267
75.5605011
49.2769394
30.8945866
8.1492395
25.8390541
31.5161171
12.5753412
3.8985775
8.7165136
8.5452442
7.3663454
4.7333736
2.5613048
3.0495334
4.8751206
6.6558104
10.4349041
28.6193314
56.7121086
66.0581589
44.7757149
24.4694633
17.3316917
20.8796101
20.8531380
19.4601383
20.6850967
11.3598213
13.6041508
29.6327438
32.6711349
13.3565960
2.2154887
1.7476197
1.0577278
0.7633951
0.2933897
0.2091351
0.2792818
1.2732952
3.3327482
4.3136883
4.1481643
3.9310913
4.6712675
5.8242583
6.6443243
6.8885660
6.1481757
6.0934830
6.7560701
7.1613283
7.3972621
7.6001911
7.6181822
7.5194449
6.9960170
6.6026144
5.8300824
5.8721490
5.2830868
4.2966485
3.4843626
2.9785261
2.4321089
1.9198825
1.4347762
0.9036837
0.8036243
1.0843285
1.8022666
2.1425605
3.4220161
16.2966557
59.8779716
108.8185349
112.5930710
67.6930618
24.0075760
24.2090092
21.6106873
17.3746319
18.1183968
21.6910400
50.4394989
89.8466873
98.3176270
67.0049438
42.0701675
27.6908531
36.7294426
24.9216042
7.0618515
1.3578969
42.5784492
220.9935760
376.0680542
384.5993652
336.8344727
303.9536133
224.8081818
140.9263763
85.8130646
57.3740234
104.2774353
104.0087967
78.9347763
62.3785477
23.8736553
11.2586470
8.6478310
12.3981857
19.9202003
22.6529274
17.8127289
22.7669125
43.5217323
89.4174957
127.6040497
110.0282822
62.3987122
27.9547062
12.9941645
24.5905857
36.5829735
33.4589577
29.7137051
28.5930939
32.5927582
36.1471825
32.7335472
23.6201229
12.0477972
11.2408419
11.7602634
32.7219772
97.4078445
164.1564636
184.0860443
141.4175110
88.5766144
45.8284340
62.1509666
26.4162025
42.4712334
78.7885284
62.5338135
40.3534164
25.9180489
11.1460867
5.3344998
9.4935932
68.3857040
138.7671661
134.2451477
73.6536942
25.0922451
13.5107594
7.7314348
5.5014448
21.8472233
73.7585754
92.6352005
58.7924423
13.1152039
2.4648933
4.3331017
25.4091015
60.2667580
102.0830002
126.2426758
118.8017273
103.8319397
96.4229660
80.3694382
59.6081924
40.6933136
34.0719604
33.6759872
19.3804321
8.7522821
2.8034465
5.5491676
37.4739037
98.7898102
133.2972412
139.3738708
129.8708954
96.6600952
60.0235825
25.8716259
9.7787552
11.5119524
9.3453550
8.3555794
5.2515893
1.8292280
6.1473098
13.4709435
28.0434513
65.1439590
108.8184662
123.5407639
104.9732437
75.4594955
43.9356232
21.6142960
13.7025185
12.5716724
23.3851280
20.8853569
38.4973717
65.3646545
43.7261734
15.6327152
7.0317020
6.0594339
3.5912027
0.5408380
0.3239522
1.2846866
5.9229312
10.0721159
10.1915636
9.1327553
8.6960917
9.1643028
9.3605852
9.1232510
8.3150072
7.2545314
4.8672032
3.7387216
2.8323789
2.2933302
2.1493547
1.3111291
0.6147039
4.5980973
21.5792065
41.4758377
75.8999863
117.1165924
149.1157532
173.0719299
158.4794922
110.9030380
63.0782700
37.3035660
96.8690186
57.9786987
42.9092140
46.0729027
48.6015739
99.0553284
150.3052826
155.1394043
110.8699722
83.5589981
81.7425995
104.8564453
126.7588348
153.2235260
112.9020157
43.6862831
14.8244143
2.5219460
7.0029068
11.7265205
38.4706726
76.6396637
107.3909454
110.0946045
94.3712463
77.5092163
59.7295876
41.1061363
35.9585533
39.5430260
45.0188217
36.3203125
12.4023056
20.5698967
31.7896175
29.3248959
32.9407806
27.9170990
20.1593170
27.0028019
24.9304562
16.3091812
13.9286528
9.8164215
7.1190352
6.2520127
7.4453878
7.7292943
8.1532421
8.5045090
8.7258415
9.2725754
11.9899025
16.1676712
17.8060474
15.6567297
10.9591923
5.6085057
2.5384750
0.9001021
0.4646518
0.7859711
6.2925177
15.5647717
16.8057442
14.5685263
13.0862160
12.7279577
11.5301647
10.5016146
10.8721485
12.6426792
11.7776737
11.7586145
11.8249540
12.0726089
12.4760170
12.2700586
10.5422125
7.7053862
5.4090548
4.3951197
3.9530127
2.2595313
1.4077128
1.2051613
0.8907971
0.3488392
11.0753279
45.1266327
61.9468422
36.9410896
1.6688471
5.6089697
15.1936874
21.8487778
26.5553493
31.0116940
31.5640850
28.4863605
23.9030457
27.9666824
23.5351219
17.0679169
20.6709442
35.5597687
55.5994301
60.6490364
43.4929237
28.2653465
15.7182884
8.6179428
30.7725143
30.3882504
13.5891438
19.1131630
14.9490042
8.8379250
15.0637074
20.4239883
21.4833202
19.8791485
22.3542900
21.0076752
15.8093357
11.7920942
9.5997295
9.6407852
12.1759071
15.4372635
17.9719658
22.6336956
29.4587746
37.4953995
43.1523170
45.8391266
43.6387291
38.9430313
36.3654060
31.7922802
36.8607941
54.4592400
75.0726395
79.5771790
65.6613464
50.0425377
35.3945160
29.1358719
63.0432510
55.5025597
54.6585922
50.8526459
43.8599892
38.8664932
34.5811691
28.9471359
24.5923996
22.2692223
19.4651146
18.4532604
16.6814575
15.9842072
14.4462070
7.6173854
2.6966286
1.0307357
2.4526813
10.8120632
20.2743340
22.6585484
22.3966999
19.3375759
13.7200441
9.6398277
8.7340584
9.3237438
9.3053913
10.7384911
12.5693550
13.3964872
13.0827379
12.2616005
8.4468899
3.4767804
3.3507240
63.8492279
234.7599792
383.7550964
386.8643799
253.2623901
121.4298019
40.8743095
32.0906754
51.7134132
72.5742493
65.4720612
60.5872269
108.0671768
135.5545502
164.2625122
153.6191101
108.2813644
64.7341995
64.8121338
83.4179993
107.2328033
98.3982468
86.9556732
49.9313202
17.2910843
6.3121014
9.5035839
81.8728561
228.1543732
280.5144348
230.6528168
158.9940796
98.3963623
58.6564217
29.3948479
14.1787930
14.7887964
15.3324032
13.8818359
18.0046921
26.0237389
22.4487267
24.0116558
39.1666985
49.2834702
43.1187019
36.2391396
33.4820366
37.3375206
45.6240692
76.3502808
107.8864822
118.6056671
100.0104980
72.3807755
59.9984131
61.7557487
80.1176147
92.3295135
84.0171661
65.4150162
46.2891312
58.2627525
83.0939636
93.2945251
83.7471161
62.2925262
35.8880577
7.0928068
35.4911194
35.3024406
18.9362965
15.3886948
6.5435686
7.5888638
7.2040129
4.7106056
7.5477180
8.1891546
6.6916866
5.8963089
7.6502180
9.8318386
11.4888687
7.4799900
2.5431566
0.2805537
0.1386860
0.2145074
0.3810267
0.5607820
0.4998518
0.5239013
0.5168225
0.5613712
0.5345194
0.3766782
0.3426976
0.5256978
1.0997260
2.2141414
3.6863794
4.3203301
2.6592033
0.4261709
0.2936341
0.2950411
0.2553541
0.4983872
1.8621442
11.8968220
30.1096821
39.7476196
27.8935337
4.3497334
0.5025944
0.0535396
0.0376938
0.0917102
0.3172604
0.4639864
2.5588377
7.6636868
24.8614159
71.2254486
122.6957092
142.7715607
126.6267776
109.0901718
81.4004059
69.9166794
52.1122856
47.8446808
55.5947533
53.0969162
52.6852837
56.8698082
79.9755402
101.5230103
78.7902527
34.0915375
21.0096474
18.4843273
31.3673687
54.4348030
79.6290207
69.7637939
25.3786163
36.3623085
108.6362152
221.8584290
232.4326019
116.0216522
40.9678841
32.4289093
41.2286453
40.2539940
55.3334351
68.4151001
46.0208321
37.1268768
44.0486221
43.9532776
33.2165108
20.4539890
10.7740822
15.5588303
39.2935066
66.3868103
96.5774384
108.7775116
102.1069794
58.3716011
12.9621010
20.5352821
34.3662300
70.2433014
149.0454102
196.6194458
172.7254486
112.8892059
66.2927475
37.3917809
13.9927120
7.0737052
27.2647743
37.0609970
35.9868050
28.2575417
25.0301628
21.1831207
17.9605026
15.2438469
13.3135004
10.8202400
8.6916599
6.7963872
7.5433331
21.6514034
41.5443916
56.4958267
74.3681946
100.3954926
120.6515198
112.5464249
88.8910217
61.6843338
33.6726189
11.9097900
5.0005198
4.2631912
15.1483049
26.9956169
20.6538696
27.4199047
28.2824917
25.4993038
48.8865585
46.1966858
41.8210411
54.9841156
36.9754219
13.9175758
5.7627583
12.3888226
5.9632177
2.3724949
0.5026918
0.1974780
0.2847539
1.6808152
4.8965178
6.0395904
5.7316489
5.6746278
5.6631584
5.7717514
5.4406080
5.0157499
4.6260109
5.1476626
5.6358385
5.3688483
4.3379593
3.4331813
3.6514230
3.8729582
4.0134907
3.9989853
3.9036217
3.7720604
3.3614380
3.3816605
3.1530199
3.0502951
2.9606314
2.4695067
1.8538861
1.4419262
1.1563843
0.5472432
0.4556859
0.2099728
0.2147698
0.3201156
0.4516727
0.7627874
3.2398901
21.5547009
71.4444122
120.8105087
120.8601990
84.6197968
68.9639435
75.7804108
84.8437958
69.8928909
53.0429382
68.9746246
71.0249252
29.7682457
7.1574745
3.3946121
2.9839642
1.9629885
1.1505227
0.9647596
8.0502853
26.4553833
44.0792084
47.6562691
39.2877274
28.9746819
23.5894833
32.8244095
54.5387383
65.4554520
47.4068909
22.5780621
7.8142753
9.7986307
18.8562126
28.3947601
33.7216568
33.0901947
26.6620712
16.3720207
6.6780934
1.5987804
0.7774224
6.6022120
27.2266064
49.9662285
51.1311989
40.4213982
28.9869671
25.4670811
23.1763859
19.8592033
13.6367683
8.1167440
6.8891783
10.6648436
12.0581875
8.5509233
5.3899374
2.8409936
2.6450489
2.9940407
3.1769366
2.1624320
1.2006141
4.3886814
14.5792913
34.4595757
57.5017166
69.3286514
60.9032936
51.2575035
39.5054245
20.9395428
7.9137816
3.9330003
5.5846586
15.7489910
17.8592377
12.6201153
7.4013910
5.4180021
7.4621663
8.8856316
9.1202927
8.5370531
7.7353973
6.8050971
7.9328756
13.1996918
19.1270695
20.7975349
18.7767601
16.1827583
30.7696953
66.5316391
102.5045929
121.2771606
99.8107910
54.6917725
18.1833553
6.9915123
2.3737941
0.8637961
0.1286064
0.1214600
0.3705392
6.4275031
33.9582214
72.7698517
91.6040192
78.4113312
52.4623108
39.2133560
33.0973206
25.7613792
18.5853481
15.8929691
12.2194748
11.0548248
11.0071449
11.0361071
8.8262234
7.4880834
7.2303557
6.8269334
5.7704067
4.8089633
3.9539547
3.0917652
3.7709734
10.4351597
29.6599216
49.8563957
53.2863503
44.2723503
47.5801010
68.5282593
85.3065414
77.1340637
69.8366699
52.1901321
50.8605690
61.6533928
50.5229149
36.2986794
29.9071674
30.7323456
22.6627579
18.5957890
25.1173306
29.7780800
24.2667446
16.2841225
10.0511999
7.4925618
3.6185036
1.4704623
0.9846933
1.9567388
5.0442314
35.5239258
73.7029800
84.1915817
56.9627190
23.3686600
10.7111502
7.4494438
6.2666149
1.8284085
0.4943871
1.6393194
4.0990777
7.1041460
18.0075226
34.3477783
54.4141541
67.1386337
62.3794289
54.7667809
47.7962570
37.0834236
26.5909576
18.1807842
13.4760513
12.4231071
11.3976059
10.2438211
10.5938358
9.3329659
7.5355711
5.3753996
3.7007031
2.8562002
2.7676041
3.0118105
3.3435440
5.0384636
17.5579758
37.9877548
43.9376984
29.4850121
13.9724722
11.7402897
13.5419788
11.7364969
8.0993271
8.6542263
16.6968975
18.7600117
12.5579309
8.6902924
15.5550995
21.0071087
20.2819519
15.2952147
10.2815409
7.9058661
5.3239150
3.0332973
2.0615616
1.3399451
1.8458906
3.5259182
3.3634951
2.0243912
5.5735955
16.7381096
25.6095142
21.7019711
11.4681005
4.1472816
3.9160216
4.2696247
14.0702267
23.5180969
24.7460480
17.8346748
11.6197882
9.1640959
9.9935827
17.2004738
21.0806599
16.3483028
10.2447491
11.3188276
13.9845800
13.2524891
7.6487141
7.1099010
5.5632696
4.8442469
8.5897303
9.1776352
6.7681522
8.0231237
7.8045940
9.6792021
9.8394127
8.6275797
7.9376907
5.9234638
4.5823584
2.6341906
1.2370484
0.8767353
1.1545424
1.2758778
0.5003600
0.0546922
0.0018712
0.0000000
0.0000000
0.0000000
0.0000000
0.0000000
0.0000000
0.0000000
0.0000000
0.0000000
0.0000000
0.0000000
0.0000000
0.0000000
0.0000000
0.0000000
0.0000000
0.0000000
0.0000000
0.0000000
0.0000000
0.0000000
0.0000000
0.0000000
0.0000000
0.0000000
0.0000000
0.0000000
0.0000000
0.0000000
0.0000000
0.0000000
0.0000000
0.0000000
0.0000000
0.0000000
0.0000000
0.0000000
0.0000000
0.0000000
0.0000000
0.0000000
0.0000000
0.0000000
0.0000000
0.0000000
0.0000000
0.0000000
0.0000000
0.0000000
0.0000000
0.0000000
0.0000000
0.0000000
0.0000000
0.0000000
0.0000000
0.0000000
0.0000000
0.0000000
0.0000000
0.0000000
0.0000000
0.0000000
0.0000000
0.0000000
0.0000000
0.0000000
0.0000000
0.0000000
0.0000000
0.0000000
0.0000000
0.0000000
0.0000000
0.0000000
0.0000000
0.0000000
0.0000000
0.0000000
0.0000000
0.0000000
0.0000000
0.0000000
0.0000000
0.0000000
0.0000000
0.0000000
0.0000000
0.0000000
0.0000000
0.0000000
0.0000000
0.0000000
0.0000000
0.0000000
0.0000000
0.0000000
0.0000000
0.0000000
0.0000000
0.0000000
0.0000000
0.0000000
0.0000000
0.0000000
0.0000000
0.0000000
0.0000000
0.0000000
0.0000000
0.0000000
0.0000000
0.0000000
0.0000000
0.0000000
0.0000000
0.0000000
0.0000000
0.0000000
0.0000000
0.0000000
0.0000000
0.0000000
0.0000000
0.0000000
0.0000000
0.0000000
0.0000000
0.0000000
0.0000000
0.0000000
0.0000000
0.0000000
0.0000000
0.0000000
0.0000000
0.0000000
0.0000000
0.0000000
0.0000000
0.0000000
0.0000000
0.0000000
0.0000000
0.0000000
0.0000000
0.0000000
0.0000000
0.0000000
0.0000000
0.0000000
0.0000000
0.0000000
0.0000000
0.0000000
0.0000000
0.0000000
0.0000000
0.0000000
0.0000000
0.0000000
0.0000000
0.0000000
0.0000000
0.0000000
0.0000000
0.0000000
0.0000000
0.0000000
0.0000000
0.0000000
0.0000000
0.0000000
0.0000000
0.0000000
0.0000000
0.0000000
0.0000000
0.0000000
0.0000000
0.0000000
0.0000000
0.0000000
0.0000000
0.0000000
0.0000000
0.0000000
0.0000000
0.0000000
0.0000000
0.0000000
0.0000000
0.0000000
0.0000000
0.0000000
0.0000000
0.0000000
0.0000000
0.0000000
0.0000000
0.0000000
0.0000000
0.0000000
0.0000000
0.0000000
0.0000000
0.0000000
0.0000000
0.0000000
0.0000000
0.0000000
0.0000000
0.0000000
0.0000000
0.0000000
0.0000000
0.0000000
0.0000000
0.0000000
0.0000000
0.0000000
0.0000000
0.0000000
0.0000000
0.0000000
0.0000000
0.0000000
0.0000000
0.0000000
0.0000000
0.0000000
0.0000000
0.0000000
0.0000000
0.0000000
0.0000000
0.0000000
0.0000000
0.0000000
0.0000000
0.0000000
0.0294254
0.5372412
1.5551789
2.2423186
2.0981884
1.4936323
1.2488033
1.4137230
1.9442031
2.1385932
1.7226498
1.3966269
1.6342547
2.5363181
4.7514734
7.2989206
6.1730027
2.7724242
1.4311724
1.9249017
3.0532694
4.2817335
5.8442993
7.4638896
7.2680116
5.7222128
5.2483625
5.6193628
6.5954494
7.5487041
7.7153187
6.8637114
6.4615326
7.3998642
7.8549666
7.7953591
8.0655136
8.3945284
8.1943169
7.9091721
7.5176840
7.3700089
6.8265810
5.5591216
3.5833607
1.9866493
0.8820218
2.7412562
17.0973816
31.1413078
30.9857941
75.1773834
176.4330902
249.2793427
242.9188995
196.8460693
161.6809540
161.8914490
254.3175201
271.0337524
236.7591553
191.5213013
127.1160431
229.0548706
321.7293396
251.4188690
176.2546692
85.4877853
82.4954758
71.7280121
143.2158966
231.8778992
211.9892273
163.0897064
120.4843521
81.6014557
115.8957672
163.0053864
148.1709137
78.9630127
92.2876053
132.6560059
132.2452850
145.2734833
102.0875015
41.6302872
35.2854996
35.7891579
44.3089943
39.2705803
64.3309479
90.7516479
41.8928375
47.1806679
86.4187546
100.3417358
84.3521118
44.6098785
24.0663872
28.7642250
18.8619976
10.3363152
5.0129991
2.1996348
0.6250175
0.5674595
2.0562265
7.7274947
12.2994089
11.5814896
8.8551826
6.5446577
6.0123253
6.4323611
7.1553497
8.5652390
11.0972843
10.9080830
8.3401642
6.3182831
6.0584660
7.0748186
9.3439274
11.0934448
10.8985271
9.3288860
7.2204313
5.0201054
3.0013287
1.9342693
2.0931602
1.7908410
0.8420926
0.4140754
0.2850561
0.1760530
0.1912909
0.4586718
1.3820843
4.0510874
6.3125319
5.4016600
1.8808538
0.6040151
0.3810925
0.5836077
2.3276453
5.1359344
5.5796585
5.9561725
5.8590431
5.4464564
4.1754875
3.1357064
2.7164354
1.9726676
2.5470519
5.6218262
4.8303065
3.9822927
4.1095219
6.1306586
8.1138010
11.4856968
18.8094959
30.9759312
45.4529495
56.3737946
57.7074509
55.6423149
50.7263451
41.9303589
34.1680183
28.2880020
22.8638611
37.6179619
119.1101532
250.2904968
309.0773315
270.7603455
275.6195068
404.5183105
503.0489502
503.3679810
426.9959106
328.3625488
249.3095398
138.3460541
218.3899078
205.6960449
171.6700745
150.1422272
134.2782745
107.3473129
90.6887054
102.9735184
121.7787018
110.4008408
93.6440887
92.7005920
87.5679550
67.3316956
56.5503845
53.7877884
59.6925774
58.2088356
52.6821938
48.3814087
74.4859467
160.6131744
280.8424683
330.5675964
262.5088806
161.5330811
101.7150345
102.0267944
246.1506653
329.9472656
322.3628845
251.7873688
151.4188385
89.3546066
66.8078232
49.6335602
110.7742157
425.6310425
548.9996948
505.6027832
396.9038696
313.5646362
224.6727142
147.2873535
86.9324951
80.6868210
177.0662842
190.5810394
130.8111725
57.4577942
149.3232269
103.3457489
61.1282196
146.1055145
103.5755157
118.4410706
152.8816681
124.4040375
58.0663719
24.2731552
15.5101395
14.4332857
13.8038931
10.3595686
9.2042398
10.3996010
12.6198969
10.2187901
7.9174423
3.1979334
4.4719014
4.2580338
8.7977867
24.4234695
53.6632919
99.8081436
158.7686310
206.8983002
214.4749298
175.1932983
139.8523865
118.6918716
97.9075394
78.8952866
82.7943954
88.4258270
96.8592911
106.7332764
142.6921387
227.3174286
282.2860107
230.3544159
141.2680054
173.6025848
376.6515808
502.6350708
271.7290039
116.5693207
73.4314804
64.3303223
243.9537659
460.8883057
333.7507629
215.5490723
163.8020782
97.8713455
27.8686409
16.0719872
40.3092232
77.8433380
103.0540848
103.8958206
101.5573578
97.8518372
83.7300873
68.6741028
49.1589737
41.0247803
27.2014866
15.3893957
65.8933258
244.0975494
454.6679382
532.2549438
465.9358826
362.9689636
286.1711731
205.0469055
252.8738098
308.1295471
275.8295288
160.4880524
70.1488495
87.1953659
119.8720398
96.1682281
67.3605728
103.7580338
270.3870239
416.2276611
459.5992737
362.6938782
288.0538330
263.0317383
274.8625183
271.6552734
293.9226990
321.9168701
264.7499390
190.8840942
122.6361313
228.4365082
570.9046631
527.4573975
400.7951050
288.1421814
144.8421936
57.1905136
25.8182888
6.0728259
1.3850870
5.4123483
119.1373978
300.0528564
379.9048157
335.1412048
263.6209717
189.3462524
132.2647247
82.5146713
50.1862335
70.8872604
110.5868835
139.0479584
129.8934174
75.2594376
31.4092731
7.1287222
5.7705231
8.7936954
13.1819515
35.7942276
83.9072495
130.9422302
146.0842285
122.0721588
83.5045471
40.0348587
21.4925156
16.6915512
30.0701866
43.6306915
48.8264122
48.1910553
31.1578407
23.2825031
30.1479645
77.3211136
165.8779449
226.9537201
239.0471191
246.6453400
217.4984894
179.7066345
136.4690247
89.6078796
24.2584286
6.6803083
0.9907468
0.1825050
0.6264123
29.2862778
95.2493210
127.8805847
100.5372314
38.1049194
12.9448891
7.6337776
3.8813081
1.9263084
13.3447742
29.6951637
40.5024643
25.5552406
11.5533943
13.6857624
25.4781132
49.1613960
77.1636505
100.6682892
108.5121765
105.1845627
109.7639771
110.8174057
108.2668686
117.0256882
133.9502716
158.5692139
183.5575562
179.6011047
136.1002960
68.2419586
37.7748642
13.5691385
5.7567463
2.0739877
0.2691800
1.5666826
52.1265564
174.0768738
253.9597168
211.9736176
123.9847336
93.4690399
82.8682632
47.5516357
8.2124386
1.2000233
0.1193361
0.2417675
13.0927057
105.9077148
210.0496521
241.0811157
207.3271637
170.7636871
130.3812866
73.1323013
33.0025444
8.7472715
1.5421709
0.4174757
0.3644907
0.2265852
12.6198006
49.0784264
67.8066483
49.7315445
32.3486824
49.3041420
76.8945160
103.0074768
112.5403442
107.0517654
70.0178604
21.8691521
3.3257551
0.3766048
0.2927609
1.4322715
12.8312922
26.3048210
40.5292969
53.0730591
60.4397964
76.9401855
124.3894272
184.6407623
203.9770813
168.5904846
131.5400391
97.7908707
118.0082703
93.2454376
76.5343170
175.6225128
148.3353882
114.2892685
76.5504379
49.0040627
36.0479279
32.4379654
29.3476620
84.2155533
129.2362366
90.2449112
24.7283611
8.3487158
8.9633141
9.0982733
8.7878599
7.9610953
6.0453577
4.4879541
3.6225471
3.1107748
2.6395512
2.0547543
1.3360707
1.0583811
0.8242675
0.4470078
0.4666087
0.4409577
0.4136981
0.3303670
0.8808596
2.3859191
3.6914392
4.2067680
4.4164515
4.4242992
4.4754877
4.6648097
5.1599846
5.5960865
5.9934530
6.0642457
6.1296263
6.9829998
8.0440483
7.2489057
5.6984587
4.8551455
4.7662334
4.9891510
4.9653025
5.2562456
5.3616090
5.4392109
5.1866021
4.5462904
3.7587802
3.3887365
3.4110861
3.2694223
2.7697153
2.6456020
2.6384470
2.3797233
2.2738688
1.9545121
1.8048527
2.3029280
2.5873730
2.6041074
2.5126028
1.8899484
1.3247470
0.8361357
0.9535575
1.0424587
1.0470172
0.9296661
0.6028842
0.5768410
0.7357322
0.7745013
0.8990591
1.1441033
1.2342840
1.3747010
1.1091732
1.0093079
1.1253421
0.8993547
0.7612675
0.5426056
0.5046459
0.4455230
0.4367796
0.4484517
0.4238819
0.5069537
0.7046055
0.8148878
1.8250166
5.6318870
8.7085199
7.5090432
23.4865780
104.7715912
228.9075470
285.6570129
220.2675476
100.3103943
19.0857944
5.8640738
1.4873106
21.0746861
97.3939438
197.8050079
263.3872375
272.0515747
172.1059113
56.0063095
14.7474308
5.1828895
0.7042190
3.6313667
56.2419128
117.4430084
113.8703842
77.8299408
59.4988785
54.7733383
43.4310493
26.7606544
15.9435291
16.6978188
35.9620094
129.5514526
263.7011719
327.3352661
247.8057404
110.0849075
38.3393478
23.1585693
18.3375950
13.9486046
10.4221144
4.0070372
4.5288296
7.0515757
28.7131557
128.7413940
254.8016205
292.1794128
235.1757202
185.2913361
146.7698212
97.8866196
40.2116318
35.3476067
28.3383236
19.3559303
34.3373260
37.1751480
16.6566772
56.9328117
210.6844635
398.3394470
493.8318481
405.9194336
258.7615356
157.7488098
67.6018372
25.6753674
2.6799731
0.7376777
8.1944160
32.7833138
50.4194260
54.2702713
72.3702621
102.4678421
143.9884491
221.3354645
283.7927246
284.3490906
203.3269348
147.4118347
93.6477890
111.3171387
90.1688004
67.9933777
165.9674225
128.6499634
104.7301941
140.1840515
80.5218506
32.3106728
22.3460827
33.2891960
115.1352081
221.7575989
261.7936096
260.0407104
251.5839691
209.7067566
154.9963837
111.1287460
83.8544769
67.7123642
48.8907471
47.2802429
72.3805084
78.3066711
93.6403656
159.2537994
229.4338379
228.2321777
197.6706848
204.4546509
266.1296692
254.1161041
179.8478851
97.5512161
60.6952972
131.0033264
214.7070312
142.0488434
58.7560806
19.8964481
18.5694923
15.7632046
9.2631941
28.4713135
101.5997925
202.1602478
260.7290039
250.8596497
216.7404480
168.8822174
111.0478439
79.8370972
71.6111908
54.5069962
46.6616440
71.2580414
66.7658768
30.9912701
10.8690968
7.7848654
5.7391434
4.6626577
17.4629021
54.7021561
101.8584213
110.4622803
84.8098373
59.9660187
39.0874672
40.3688965
64.5158997
105.8252563
115.9064636
115.2197571
93.0569611
56.8812714
22.8566990
12.1596193
2.0505109
1.0354710
4.1628165
42.5193100
108.9080505
134.1078186
94.4177551
26.0716267
3.7318883
0.5787545
0.0646620
5.1874866
43.2552376
90.6196213
116.2862091
110.2031021
105.7901611
125.4855270
189.3300018
260.7695923
250.3218231
217.3310089
200.0389404
252.3737335
173.5814056
150.1204681
117.7540894
61.0089226
12.6646004
2.3206820
19.2061462
97.2075653
179.2085266
205.0865631
176.7362213
139.0253906
119.0329590
90.8402863
72.9650574
56.7530212
50.7936783
57.1456833
67.1377487
74.3869019
50.8199425
34.7597961
39.5053520
92.3134537
161.3182220
161.5337982
69.6356201
11.0529613
25.6584969
111.5263672
228.7503510
219.7035980
131.8795013
86.2953033
101.0569382
102.3353577
94.9793091
81.8158112
68.5190277
53.1036873
39.7872314
55.9791069
97.7580872
118.8559418
104.0264816
97.5867844
98.7958145
98.2580414
83.8169098
78.3741913
119.1551590
183.9908295
168.8003235
103.0168991
50.3402939
26.9271450
23.3656521
22.0910606
24.7566948
23.5888767
24.2711334
26.1012936
38.2539177
55.0396385
54.0912628
45.3775787
28.9267197
14.3266296
19.1342583
21.4309387
22.1660213
34.8932037
43.2317047
47.7155952
50.3182831
48.3839378
71.2162018
127.7124634
197.9259796
227.8713684
204.1088104
149.8412170
109.2929840
61.9651184
69.4360275
96.0458527
111.7905197
178.1522980
129.2098694
71.3015213
32.0044327
30.8468781
33.7270050
45.3954048
44.2657242
25.2434750
14.9170361
13.3107653
15.1001091
18.8318577
30.8276291
44.8352699
51.2002449
52.2307663
50.0170975
54.6259956
79.4308777
95.0579910
71.7204895
35.5610771
15.1029634
10.9577618
11.7275600
27.6319675
61.3367729
74.1299896
63.3409271
51.7114944
44.2372513
44.6462479
43.9008789
38.6255760
34.3546829
24.3506260
10.6299820
15.1701555
21.2750797
13.5818424
13.7350616
39.5482445
82.0249481
126.9190979
173.9483795
182.4874268
123.0315857
38.1434784
17.0467491
27.9737797
65.5345840
93.7324066
75.9436188
42.6437912
36.9927940
48.5923615
78.6393814
95.6764450
92.5037155
55.9405861
64.4862823
43.2426987
24.1721153
101.4268341
98.3210831
73.8838120
42.9511795
16.5699654
66.6572571
73.7449493
41.0434608
33.2069893
72.4758911
47.8306046
23.2022457
9.4682589
4.8731780
6.9141068
3.3888195
1.4972191
3.8174622
4.1440792
3.2299263
3.4127240
2.9039910
1.7008759
0.7965543
0.6143834
1.4327910
13.4523811
31.9441452
33.4537697
15.9006872
9.7742176
13.3687201
7.9699154
0.6487209
0.2099828
3.3982964
37.4187622
72.2928085
87.0394592
97.5083008
102.7864075
99.7318115
79.7135162
57.3914070
43.6337166
39.4225693
55.6136398
56.2713051
48.1907082
50.5488739
40.8185234
27.1165466
20.2373714
24.1664467
31.7140808
33.9560661
26.9116325
24.1996326
15.0874004
8.7309799
4.9585395
7.5778131
6.5948296
3.6208606
1.5693619
0.3482995
0.1531663
0.2421900
8.2058983
35.0238953
59.2938385
57.2314148
54.0559235
82.9247818
107.7544937
81.5431061
27.0837269
19.4472771
26.7808132
94.1267700
247.7642059
330.7647095
324.8360596
260.8168945
176.0382996
81.6451797
40.4272079
41.1876564
23.7413712
9.6240444
7.3144698
22.0813560
58.2441368
118.8867645
182.1774597
218.3558655
202.4355164
153.1081848
109.4850464
92.9095917
71.9194336
51.9757957
76.5816803
162.7919617
168.8620605
84.3930359
19.8239422
5.8986654
3.0961840
4.9583383
31.6657524
94.9544983
133.5019989
145.7108459
160.3622131
159.3161163
94.0652008
28.3062935
5.2549577
2.4345872
5.4825439
13.6569901
85.1058273
165.5446320
161.4993896
81.6452484
25.6501694
18.7128353
22.9822578
18.4198818
8.2828264
22.7531891
120.4671783
266.6449280
327.9608154
275.3099670
154.4737244
52.6131020
8.5492153
0.7458382
0.6667866
56.9117126
195.1670074
197.1162262
117.5525742
71.2750168
58.7074356
44.2706947
31.5855064
11.1193094
13.4323988
56.8172073
96.4735718
87.1099701
54.5452232
26.6782284
22.7741661
24.3300018
32.1104431
42.3844795
61.4403763
77.3891525
86.5912476
78.3308640
70.3497162
69.7518768
51.2765045
30.0337315
20.0354290
12.9206905
13.1650600
20.3362026
17.5636101
16.4976082
12.8033066
9.3355341
6.9214916
6.3227701
4.9801550
3.1460915
2.8148015
1.7968605
1.1625259
0.7131110
0.5935242
0.4322614
0.6103883
0.6915033
0.6409429
0.5603042
0.5057207
0.5290015
0.6319581
0.8417505
0.7335843
2.6664052
10.7515945
16.3731766
11.0235691
1.0971333
0.3707670
0.4348252
0.6757895
1.0613066
1.5896722
2.1554611
2.1305070
1.9304681
1.5533696
1.1726285
0.6630954
0.5767456
0.4711576
1.2279010
8.0026712
26.4724197
51.7527084
62.9095535
57.7126045
70.6262207
99.2574234
93.3429489
90.8350601
138.0929718
191.2835083
163.9434967
105.5896454
37.6290398
9.4043541
6.0685482
37.2862244
76.9380646
32.3981628
4.8794913
0.5182696
4.2435503
29.1190453
83.9518661
118.5722504
159.4667358
250.3095245
344.6855164
342.5002441
245.1805725
161.6685791
75.5425339
116.1960907
40.9200706
6.9495640
26.5482254
88.7741776
111.7422256
75.4230881
48.1906815
50.1379700
37.6741905
24.7848911
24.1945381
48.2204514
83.1597443
94.9467468
65.0588226
33.8479691
13.7238941
6.9637175
3.6124272
3.8500891
7.6979623
34.9391556
88.0732880
132.7145233
142.5937195
108.8591385
64.2861710
27.9717674
38.1274109
71.8412399
81.7893906
61.4638824
30.5494537
14.0205326
7.4994473
27.5247917
81.5464020
119.6664734
105.7406616
70.4145660
52.9027405
45.7045250
41.0271416
29.2025223
13.2401972
6.1215844
1.2032402
0.3299475
1.5424403
14.8842945
29.7355099
32.1607437
37.5957069
59.3737831
84.5988617
87.2694016
60.6714363
31.9739704
33.4106827
56.2504501
31.4358616
7.3802366
1.1577159
0.6349620
3.0332425
12.5270309
22.0027237
24.3980179
23.4783630
29.1647263
39.0192108
41.8609772
35.3823318
25.8794193
15.6014290
16.4278431
21.7916374
27.8915768
31.8625927
38.5435219
32.9574165
17.5714035
9.3468952
9.0687733
8.1315060
6.5904207
13.7291632
23.7932873
25.4557362
24.2183666
34.0039330
49.2394104
50.2057419
45.5530777
34.3209496
23.7345352
12.7151642
8.5401049
7.0157299
11.1710129
32.2021523
43.6081696
42.6060486
39.3643875
29.0787659
28.5637341
30.3552876
26.3820705
18.3302383
7.7795639
9.3831539
11.0978279
10.3566866
8.5563927
5.7686901
4.1730261
2.8596871
2.1783617
1.3601516
0.5810408
0.5205660
0.4814518
0.4981953
0.4764301
0.5641810
0.6560190
0.6862386
0.5369020
0.4433860
0.6633741
1.0671948
1.3873634
1.5138578
1.4666533
1.3972459
1.3283415
1.2796476
1.5009762
2.0184171
2.3149509
1.9703169
1.7156143
1.5622821
1.5319997
1.6444958
1.6335775
2.0593667
2.4448850
2.5097175
2.7566423
3.0368917
2.7239783
2.4309225
2.3667479
2.2527730
2.0373273
1.9992795
2.3397853
2.3749483
2.3758171
2.4390357
2.1812904
1.8532791
1.9909210
1.8283908
1.7619133
1.2263736
0.9553668
0.6758150
0.4282629
0.2881852
0.8086049
2.2132483
3.5395811
4.6067414
5.2651052
6.0813890
13.8173332
30.3532925
50.0110817
72.1916809
99.0027924
120.6362381
112.2649765
65.3728943
12.5142860
8.3182535
8.1692390
34.6151161
88.6001511
91.2561340
60.6699562
26.2716522
20.1258278
28.0409851
68.5801315
117.4806366
134.7329407
119.7842560
94.5766678
86.5336533
90.3497086
94.8319397
88.0604248
70.6100311
49.9495392
30.1596279
7.5476937
71.0259094
83.1604004
67.6037216
53.8515396
45.0756989
35.6596680
27.2289543
18.0216465
7.3408394
5.0422602
10.3144159
10.6684465
8.4510288
4.9981866
2.4693203
3.6800532
6.7172318
8.1071510
8.0060720
7.6911988
6.5891147
5.0732279
2.8130541
2.2425506
3.6663167
2.1041780
1.9680175
9.0896387
16.2275734
24.5912590
34.6572456
41.4893303
38.8577995
31.1929359
25.2425766
16.8285599
9.5081692
5.9088030
6.6961899
10.0399809
9.9324121
11.7422838
12.4615536
6.2764931
1.1394038
6.6987991
9.6665316
8.9364634
6.4964809
3.0320983
4.7030158
4.8950214
3.0455320
2.3598056
3.4703417
5.9998999
7.4602947
7.1469440
6.5302949
9.7098408
14.1315365
16.3927231
19.5957527
23.2156277
23.1742535
20.9897156
18.2523499
11.6256866
4.8636489
2.0266840
4.5018663
15.8054228
43.6995659
55.0908546
36.8666115
21.5672226
12.5101719
10.9217577
15.5051947
15.9454374
9.9063225
8.6727724
12.3239784
12.4358339
7.3255954
10.0257034
22.4321156
34.3013229
34.4789505
22.6167450
11.6453295
16.1868172
30.8537006
34.7329063
23.3974457
16.3609180
13.4756670
12.3706236
10.9537640
10.3052740
10.4799776
10.4726295
8.9584875
7.1065025
5.5597014
3.6036239
1.8234520
2.6051788
6.4425120
13.5840569
13.8468676
5.8629370
1.0050194
0.9579055
1.0572785
7.9627047
27.6984577
46.4989510
45.2409096
29.1106548
21.5508080
16.7230740
18.5029850
18.0180511
12.3157082
11.6161127
18.9771271
18.6029472
13.4298363
11.1327753
11.0415592
10.0793657
9.9538651
10.5905218
13.8858433
18.1313248
13.4983749
8.6864347
9.2749262
19.0294113
26.2168980
23.2099838
16.6771336
17.1276703
12.6268997
9.6109924
33.8115807
38.0864716
25.0936985
18.8116016
15.9372349
12.7006035
7.7276125
8.6374454
11.9511108
12.7489634
15.6547661
13.6936102
10.5689125
9.8238316
15.4559231
31.8910656
47.9816628
47.9153633
34.4925194
19.1039257
7.9377785
2.2260511
0.1927770
0.4892201
0.9234661
0.9216160
2.6591463
11.8665304
22.5705910
26.5409470
22.7627258
17.3804302
12.8172045
15.2224789
25.6719246
39.8006248
50.0913963
46.3261681
32.0667915
20.4995632
10.4419422
0.7611036
0.5732502
0.3016658
0.2117330
0.4054496
0.7145945
0.7343146
0.6118249
0.5482056
0.4443226
0.5500451
0.5830432
0.5576451
1.5839089
6.1170778
10.2082224
8.6796875
6.1926641
14.0907564
38.4011650
71.2658386
95.4571075
99.1999054
83.4477615
69.0694733
59.3954926
56.2159081
52.9482155
45.9592705
36.9157486
35.0764198
33.9766083
39.7783890
33.7784729
24.0425034
16.6767159
12.7679644
11.0917110
9.0599117
6.9865255
4.1216202
3.0154352
2.0926714
1.3381598
0.9892769
1.0636994
1.0031366
0.6182612
0.3813227
0.1194384
0.0350170
0.0009639
0.0000000
0.0000000
0.0000000
0.0000000
0.0000000
0.0000000
0.0000000
0.0000000
0.0000000
0.0000000
0.0000000
0.0000000
0.0000000
0.0000000
0.0000000
0.0000000
0.0000000
0.0000000
0.0000000
0.0000000
0.0000000
0.0000000
0.0000000
0.0000000
0.0000000
0.0000000
0.0000000
0.0000000
0.0000000
0.0000000
0.0000000
0.0000000
0.0000000
0.0000000
0.0000000
0.0000000
0.0000000
0.0000000
0.0000000
0.0000000
0.0000000
0.0000000
0.0000000
0.0000000
0.0000000
0.0000000
0.0000000
0.0000000
0.0000000
0.0000000
0.0000000
0.0000000
0.0000000
0.0000000
0.0000000
0.0000000
0.0000000
0.0000000
0.0000000
0.0000000
0.0000000
0.0000000
0.0000000
