0.0000000
0.0000000
0.0000000
0.0000000
0.0000000
0.0000000
0.0000000
0.0000000
0.0000000
0.0000000
0.0000000
0.0000000
0.0000000
0.0000000
0.0000000
0.0000000
0.0000000
0.0000000
0.0000000
0.0000000
0.0000000
0.0000000
0.0000000
0.0000000
0.0000000
0.0000000
0.0000000
0.0000000
0.0000000
0.0000000
0.0000000
0.0000000
0.0000000
0.0000000
0.0000000
0.0000000
0.0000000
0.0000000
0.0000000
0.0000000
0.0000000
0.0000000
0.0000000
0.0000000
0.0000000
0.0000000
0.0000000
0.0000000
0.0000000
0.0000000
0.0000000
0.0000000
0.0000000
0.0000000
0.0000000
0.0000000
0.0000000
0.0000000
0.0000000
0.0000000
0.0000000
0.0000000
0.0000000
0.0000000
0.0000000
0.0000000
0.0000000
0.0000000
0.0000000
0.0000000
0.0000000
0.0000000
0.0000000
0.0000000
0.0000000
0.0000000
0.0000000
0.0000000
0.0000000
0.0000000
0.0000000
0.0000000
0.0000000
0.0000000
0.0000000
0.0000000
0.0000000
0.0000000
0.0000000
0.0000000
0.0000000
0.0000000
0.0000000
0.0000000
0.0000000
0.0000000
0.0000000
0.0000000
0.0000000
0.0000000
0.0000000
0.0000000
0.0000000
0.0000000
0.0000000
0.0000000
0.0000000
0.0000000
0.0000000
0.0000000
0.0000000
0.0000000
0.0000000
0.0000000
0.0000000
0.0000000
0.0000000
0.0000000
0.0000000
0.0000000
0.0000000
0.0000000
0.0000000
0.0000000
0.0000000
0.0000000
0.0000000
0.0000000
0.0000000
0.0000000
0.0000000
0.0000000
0.0000000
0.0000000
0.0000000
0.0000000
0.0000000
0.0000000
0.0000000
0.0000000
0.0000000
0.0000000
0.0000000
0.0000000
0.0000000
0.0000000
0.0000000
0.0000000
0.0000000
0.0000000
0.0000000
0.0000000
0.0000000
0.0000000
0.0000000
0.0000000
0.0000000
0.0000000
0.0000000
0.0000000
0.0000000
0.0000000
0.0000000
0.0000000
0.0000000
0.0000000
0.0000000
0.0000000
0.0000000
0.0000000
0.0000000
0.0000000
0.0000000
0.0000000
0.0000000
0.0000000
0.0000000
0.0000000
0.0000000
0.0000000
0.0000000
0.0000000
0.0000000
0.0000000
0.0000000
0.0000000
0.0000000
0.0000000
0.0000000
0.0000000
0.0000000
0.0000000
0.0000000
0.0000000
0.0000000
0.0000000
0.0000000
0.0000000
0.0000000
0.0000000
0.0000000
0.0000000
0.0000000
0.0000000
0.0000000
0.0000000
0.0000000
0.0000000
0.0000000
0.0000000
0.0000000
0.0000000
0.0000000
0.0000000
0.0000000
0.0000000
0.0000000
0.0000000
0.0000000
0.0000000
0.0000000
0.0000000
0.0000000
0.0000000
0.0000000
0.0000000
0.0000000
0.0000000
0.0000000
0.0000000
0.0000000
0.0000000
0.0000000
0.0000000
0.0000000
0.0000000
0.0000000
0.0000000
0.0000000
0.0000000
0.0000000
0.0000000
0.0000000
0.0000000
0.0000000
0.0000000
0.0000000
0.0267472
0.3664751
1.0001152
1.2822791
0.9185374
0.3918602
0.2634959
0.4680439
2.3934913
5.4408269
5.5446939
2.4122167
0.7862548
0.9756566
1.1681398
1.0110468
0.9202112
1.0520765
1.2920504
1.5651386
1.7433214
1.7288728
1.8398681
2.1009531
2.3957591
2.6109056
2.6577802
2.5132539
2.4604867
2.4953372
2.6412153
2.5388341
2.4866362
2.5239403
2.8730633
2.8974605
3.2311671
3.2026608
3.2234280
2.9238541
2.7313788
2.8415489
2.8744917
2.6924822
2.6824658
2.3963943
2.1240890
2.2706606
1.9331565
1.5892729
1.1167521
0.5738624
0.3351641
1.8234060
13.6740627
37.4374962
64.1978912
87.0239639
106.9958115
117.2641907
102.3889008
74.4988861
58.5059700
59.3330688
58.9601860
64.1893921
61.7155266
61.3112030
64.3847275
66.7668076
66.2494812
61.5086212
59.3303223
56.2230606
58.2243614
55.7910233
50.5881081
46.9182396
51.1796188
56.9974518
53.7267609
43.4632034
35.4162369
32.9170456
32.6080132
32.8133240
30.4585247
29.5695496
26.5358582
29.4677067
27.7512951
25.1235771
24.2960854
20.8400860
16.6621437
14.9307718
16.7324371
18.3644485
15.3806705
11.2021370
10.5001125
10.5733347
8.7293119
8.8795843
7.8120813
7.3333955
4.9256935
4.5223837
5.1407743
6.7817941
10.8738995
13.6064186
15.7203693
18.5561867
20.0608006
19.8093262
18.8010998
19.0547581
19.3692551
18.4039249
20.7492638
22.1359348
22.8987026
22.8213387
20.7311020
18.6426296
18.6656075
20.1703701
20.8779678
19.5103722
20.5031395
19.2454910
16.3306656
13.4514294
13.2631626
11.4593039
9.4165487
8.2021141
6.3043413
5.7231159
4.7383914
4.5812197
4.1278844
3.8780608
3.2949948
2.2316079
1.2334317
1.1824567
1.0373325
0.6773749
0.5083901
0.3010049
0.3624310
0.3157785
0.2710657
0.2683933
0.4011986
1.7167108
4.1632566
4.9425764
2.7817006
1.0453628
1.1869632
1.5458667
1.7057934
1.7345200
1.7330453
2.1142881
2.4756877
2.6688080
2.6302612
2.3957889
2.5850983
2.8089011
2.9904640
2.9709766
2.4518738
2.3073142
2.4119635
2.4320519
2.5378153
2.3902416
2.3042822
2.3185871
2.1654580
2.0615637
2.2624333
2.0477474
1.9781753
2.1060534
2.0918527
1.6933150
1.1558698
0.5929630
0.8075066
13.2606487
58.8968010
145.5446320
240.5000458
264.8930054
194.4242859
112.4470139
65.2010803
31.9864082
14.0475731
2.7601116
0.2887814
4.9156103
52.0556793
110.3642578
123.8969574
102.7749481
108.8669815
140.3614502
137.0484924
109.2083130
78.5838928
56.1281204
49.4485626
46.6732712
31.3901138
19.2698574
14.8592758
12.1576061
13.3562098
33.0034561
51.9300537
68.7676468
70.0102310
69.9088440
60.8922539
55.8231087
59.8152504
62.5427971
59.4632339
51.9374580
41.0398979
30.6290531
22.2868900
13.5466700
2.6401203
0.3310034
1.2652928
0.9687615
0.4402783
0.3098792
0.4072466
0.5128599
0.5582917
0.4615660
0.3346958
0.3155900
0.3458720
0.4066111
0.5199406
1.0284561
1.6169099
1.7580535
6.7934003
26.9538097
50.9802017
63.4894829
72.0904388
89.6328278
125.8137894
188.6858673
256.1016846
270.1449890
216.5093994
183.6856842
178.9425964
176.8338776
117.0963211
45.1291695
26.8285294
24.3943405
27.6929398
31.6034164
32.7473640
30.0901623
17.2470531
8.7436466
16.6601315
32.0040970
42.7484818
45.2328224
61.1158409
97.2450104
133.5451202
131.6020508
89.9392471
66.4154205
43.2052307
53.5747070
64.7113113
83.8497772
95.9278336
70.7983932
37.0812492
22.9162693
16.2935944
13.0352974
11.2999411
5.0942807
0.9591637
0.4814787
0.1975628
0.3169722
1.1119354
1.4640729
0.8759397
0.7722478
1.0264039
2.3925643
4.1814175
3.3220105
0.5020831
0.2958247
0.2942125
0.2559874
0.8716336
6.0932164
21.3036346
37.4030380
39.2754478
31.2441463
28.4588699
30.4743404
28.1271648
39.4620895
83.8166733
144.3713684
164.4336700
168.7377472
175.7981873
155.0285492
113.6339111
167.5847778
291.0850220
330.7203064
226.0498505
74.5845261
5.3464389
1.0723901
0.1613530
18.5182762
84.4915771
119.3733368
70.3352509
3.8509851
0.1376456
0.0228658
0.0498249
1.0257705
1.4239497
0.6187107
0.2776885
0.3643151
0.3832741
0.3568009
15.9119081
74.5673676
135.5643921
138.1611633
87.9747772
53.2276268
37.5945396
22.3628769
23.8191471
24.7689877
19.4160194
12.1841793
38.9223251
86.5765991
122.7660599
168.5488586
211.0536499
196.9396515
147.2893219
175.2635498
203.4569550
167.6395264
135.9999695
110.4593964
73.6921387
44.7846756
30.7246284
27.9128685
23.1810417
18.4573994
18.6279182
19.1661549
7.1296678
0.8441445
3.4932704
19.1549377
49.0747375
47.8261795
21.5178986
9.7169228
5.3196106
14.2138777
55.2875175
82.5139618
62.0805779
31.5718479
24.5192890
9.3308420
5.4295106
30.1498623
70.2786407
56.2159462
9.6790314
1.3893303
0.1019635
0.1145641
4.8864346
37.8565521
81.4798965
109.7922211
116.8799362
120.1723022
157.1510315
195.2441711
151.2720642
55.3161964
7.4150620
10.1132040
70.2690506
145.6827087
152.8052216
94.3165283
47.4877663
54.8227844
82.7432251
86.8002014
49.6152649
14.5853481
4.8679585
4.3848662
3.7300415
4.9151578
4.4077187
2.0980456
1.7447228
1.6857734
0.7754143
0.2590267
0.1399947
0.1468890
0.3741729
0.6013179
0.4555123
0.3385625
0.3058408
0.3626953
0.3974393
0.4817124
0.4743124
0.5965574
0.6352727
0.5370905
0.6105421
0.8381065
0.9548723
0.9111692
0.8834299
0.8126497
0.9204337
1.1024739
1.0792732
0.7849530
0.5941332
0.7201782
0.7716402
0.8930233
0.8724277
0.7741190
0.7942686
0.6170663
0.5706439
0.4664917
0.5441474
0.7107422
0.7567899
0.4982211
0.3614800
0.2542898
0.3407125
0.3362987
0.3924316
0.5035634
0.3571689
0.2991559
0.3049054
0.3264099
0.6573432
0.9868139
1.1303324
3.7893493
11.2650414
18.5122089
25.9859695
41.6755981
71.0774231
109.5535355
145.0483551
176.2944031
199.0892487
202.3065796
187.7817535
137.3994904
134.1166687
267.7427673
352.1319275
373.1390076
358.3526917
326.5953064
278.2648315
216.0898590
139.3574371
93.8716736
60.0542793
24.3688202
11.1747742
7.8227196
11.2611217
15.6968584
10.9874849
6.1161427
2.0578837
0.2310377
0.1533180
0.6575779
20.2685719
66.4533386
115.2301102
133.4826660
114.0320816
87.7978973
40.1352844
19.7260551
33.3197556
77.1608887
86.4753876
56.6471252
31.2575665
19.9822998
14.1974955
5.7229314
0.8755941
0.1416176
2.0108254
38.9985199
99.0052948
169.6286163
276.8139038
386.4328613
391.9440308
291.8378906
266.4335327
287.7374268
269.9614563
231.4281006
184.1259460
126.3458176
87.9454956
62.2328911
38.9138832
21.5902481
47.4371338
36.5670853
15.5163937
7.0453901
11.5788107
9.7050295
3.5401535
1.2878379
0.5603901
0.2814184
0.2411892
0.3373436
0.4286906
0.4359663
3.5780826
26.5106449
67.1405029
93.1412735
78.7375870
37.5907593
21.3418827
5.5569715
7.5480838
4.3300877
1.5898225
25.8474312
78.8058319
107.5332794
83.0560379
41.9337387
38.4394417
35.0448837
25.4153328
11.3165550
22.8375893
80.1810455
143.7870941
128.8639374
56.2823334
14.4969740
2.0067647
1.0931360
0.5958645
0.1028335
0.1699204
0.1891680
13.9576206
55.5862770
102.3373642
128.6268005
117.9462738
73.6699829
38.2692413
26.0224991
35.5549698
84.0349655
155.8840179
180.8708801
116.6644897
28.4764748
1.5731865
1.4761732
2.8505247
54.6373062
167.4026794
247.4169922
260.5271606
199.9500427
122.4833221
81.0310211
96.2849274
124.2324600
124.4242249
71.4061737
25.3272057
13.0668879
13.0684280
10.8742628
6.2306538
5.1413636
13.0647488
13.8561316
6.7436900
2.9061325
2.4465630
0.2735692
0.2639648
0.1034508
0.2320037
0.1878671
0.0228414
0.0044953
0.0000012
0.0000000
0.0000000
0.0000000
0.0000000
0.0000000
0.0000000
0.0000000
0.0000000
0.0000000
0.0000000
0.0000000
0.0000000
0.0000000
0.0000000
0.0000000
0.0000000
0.0000000
0.0000000
0.0000000
0.0000000
0.0000000
0.0000000
0.0000000
0.0000000
0.0000000
0.0000000
0.0000000
0.0000000
0.0000000
0.0000000
0.0000000
0.0000000
0.0000000
0.0000000
0.0000000
0.0000000
0.0000000
0.0000000
0.0000000
0.0000000
0.0000000
0.0000000
0.0000000
0.0000000
0.0000000
0.0000000
0.0000000
0.0000000
0.0000000
0.0000000
0.0000000
0.0000000
0.0000000
0.0000000
0.0000000
0.0000000
0.0000000
0.0000000
0.0000000
0.0000000
0.0000000
0.0000000
0.0000000
0.0000000
0.0000000
0.0000000
0.0000000
0.0000000
0.0000000
0.0000000
0.0000000
0.0000000
0.0000000
0.0000000
0.0000000
0.0000000
0.0000000
0.0000000
0.0000000
0.0000000
0.0000000
0.0000000
0.0000000
0.0000000
0.0000000
0.0000000
0.0000000
0.0000000
0.0000000
0.0000000
0.0000000
0.0000000
0.0000000
0.0000000
0.0000000
0.0000000
0.0000000
0.0000000
0.0000000
0.0000000
0.0000000
0.0000000
0.0000000
0.0000000
0.0000000
0.0000000
0.0000000
0.0000000
0.0000000
0.0000000
0.0000000
0.0000000
0.0000000
0.0000000
0.0000000
0.0000000
0.0000000
0.0000000
0.0000000
0.0000000
0.0000000
0.0000000
0.0000000
0.0000000
0.0000000
0.0000000
0.0000000
0.0000000
0.0000000
0.0000000
0.0000000
0.0000000
0.0000000
0.0000000
0.0000000
0.0000000
0.0000000
0.0000000
0.0000000
0.0000000
0.0000000
0.0000000
0.0000000
0.0000000
0.0000000
0.0000000
0.0000000
0.0000000
0.0000000
0.0000000
0.0000000
0.0000000
0.0000000
0.0000000
0.0000000
0.0000000
0.0000000
0.0000000
0.0000000
0.0000000
0.0000000
0.0000000
0.0000000
0.0000000
0.0000000
0.0000000
0.0000000
0.0000000
0.0000000
0.0000000
0.0000000
0.0000000
0.0000000
0.0000000
0.0000000
0.0000000
0.0000000
0.0000000
0.0000000
0.0000000
0.0000000
0.0000000
0.0000000
0.0000000
0.0000000
0.0000000
0.0000000
0.0000000
0.0000000
0.0000000
0.0000000
0.0000000
0.0000000
0.0000000
0.0000000
0.0000000
0.0000000
0.0000000
0.0000000
0.0000000
0.0000000
0.0000000
0.0000000
0.0000000
0.0000000
0.0000000
0.0000000
0.0000000
0.0000000
0.0000000
0.0000000
0.0000000
0.0000000
0.0000000
0.0000000
0.0000000
0.0000000
0.0000000
0.0000000
0.0000000
0.0000000
0.0000000
0.0000000
0.0000000
0.0000000
0.0000000
0.0000000
0.0000000
0.0000000
0.0000000
0.0000000
0.0000000
0.0000000
0.0000000
0.0000000
0.0000000
0.0000000
0.0000000
0.0000000
0.0000000
0.0000000
0.0000000
0.0000000
0.0000000
0.0000000
0.0000000
0.0000000
0.0000000
0.0000000
0.0000000
0.0000000
0.0000000
0.0000000
0.0000000
0.0000000
0.0000000
0.0000000
0.0000000
0.0000000
0.0000000
0.0000000
0.0000000
0.0000000
0.0000000
0.0000000
0.0000000
0.0000000
0.0000000
0.0000000
0.0000000
0.0000000
0.0000000
0.0000000
0.0000000
0.0000000
0.0000000
0.0000000
0.0000000
0.0000000
0.0000000
0.0000000
0.0000000
0.0000000
0.0000000
0.0000000
0.0000000
0.0000000
0.0000000
0.0000000
0.0000000
0.0000000
0.0000000
0.0000000
0.0000000
0.0000000
0.0000000
0.0000000
0.0000000
0.0000000
0.0000000
0.0000000
0.0000000
0.0000000
0.0000000
0.0000000
0.0000000
0.0000000
0.0000000
0.0000000
0.0000000
0.0000000
0.0000000
0.0000000
0.0000000
0.0000000
0.0000000
0.0000000
0.0000000
0.0000000
0.0000000
0.0000000
0.0000000
0.0000000
0.0000000
0.0000000
0.0000000
0.0000000
0.0000000
0.0000000
0.0000000
0.0000000
0.0000000
0.0000000
0.0000000
0.0000000
0.0000000
0.0000000
0.0000000
0.0000000
0.0000000
0.0000000
0.0000000
0.0000000
0.0000000
0.0000000
0.0000000
0.0000000
0.0000000
0.0000000
0.0000000
0.0000000
0.0000000
0.0000000
0.0000000
0.0000000
0.0000000
0.0000000
0.0000000
0.0000000
0.0000000
0.0000000
0.0000000
0.0000000
0.0000000
0.0000000
0.0000000
0.0000000
0.0000000
0.0000000
0.0000000
0.0000000
0.0000000
0.0000000
0.0000000
0.0000000
0.0000000
0.0000000
0.0000000
0.0000000
0.0000000
0.0000000
0.0000000
0.0000000
0.0000000
0.0000000
0.0000000
0.0000000
0.0000000
0.0000000
0.0000000
0.0000000
0.0000000
0.0000000
0.0000000
0.0000000
0.0000000
0.0000000
0.0000000
0.0000000
0.0000000
0.0000000
0.0000000
0.0000000
0.0000000
0.0000000
0.0000000
0.0000000
0.0000000
0.0000000
0.0000000
0.0000000
0.0000000
0.0000000
0.0000000
0.0000000
0.0000000
0.0000000
0.0000000
0.0000000
0.0000000
0.0000000
0.0000000
0.0000000
0.0000000
0.0000000
0.0000000
0.0000000
0.0000000
0.0000000
0.0000000
0.0000000
0.0000000
0.0000000
0.0000000
0.0000000
0.0000000
0.0000000
0.1111171
0.5964142
1.2621508
1.5455276
1.3238970
1.4150440
1.7735342
1.5639982
1.0021250
4.3715754
19.6753426
43.2534790
70.3540039
107.1934052
156.3138733
197.5554199
195.8502045
151.4048309
91.6963882
36.4323463
9.6356993
31.8108540
103.6337357
177.8718719
277.7612305
346.7583923
350.6247253
298.7986145
239.3339233
179.2445679
103.8459167
55.3802834
39.2444725
49.1600876
81.6322403
86.2643814
47.5205994
31.1595478
29.6165333
25.1977825
9.9015360
1.6256983
1.0095768
0.3971376
0.2132525
2.7206864
16.8928909
35.8652802
45.8403854
42.9199829
33.7987480
44.0950470
62.8907051
60.2421074
37.6906013
53.2526817
113.1281662
145.8337555
109.0389557
42.6312332
11.4192715
2.5247185
1.4396106
9.4110947
34.6922989
50.9979935
25.5782795
2.7732682
0.4989792
0.1801470
0.3270603
8.7930183
36.1536102
59.8146667
63.9499664
55.7700119
59.7365112
70.5171432
79.7436676
92.1912231
122.4053192
152.6847687
137.7549438
94.9183960
50.8089104
67.0324936
32.8282623
6.6841612
3.6200905
0.9737198
0.9998065
9.6609249
27.2075901
27.4494171
11.0304804
2.6744859
0.8992915
0.2163929
0.1168706
0.0517520
0.1796448
0.3829505
0.2890354
0.2397992
0.2294039
0.3810090
0.5265446
0.4800916
0.3519388
0.3426163
0.3608001
0.4398662
0.4370695
0.4338716
0.4810081
1.3594915
9.3000803
20.8573132
22.4269104
14.2212648
11.3821335
12.2179422
11.6684914
27.3220005
45.6454430
40.4404716
15.7714052
2.1160290
0.4364471
0.0237165
1.1656294
24.4202766
62.2085037
92.3554001
124.1725769
163.5959625
196.6543579
166.8986969
63.4941330
13.7586088
9.7291079
50.9744568
128.0941315
173.0252686
174.8100891
165.0194092
169.2724152
133.3045502
87.8189545
60.4936867
62.0525131
46.9885139
23.0341587
12.7647476
4.2231607
1.1710751
7.5646157
10.5766973
5.4326944
2.6877980
1.9838543
0.3834295
8.2317619
58.5342560
124.8208008
145.1074524
106.4197311
60.1911850
44.4994774
33.6077538
41.9086838
109.8440475
167.7636108
150.8819275
97.8447495
60.3160934
50.5969620
42.2306824
37.7816467
27.1929340
34.7422714
78.6074142
127.8915634
118.5888062
78.2709122
39.8948135
15.2650709
2.4339235
1.1947675
30.7197189
95.4140015
137.5714111
117.5941925
99.5962067
144.3714294
200.0273285
231.8828125
213.0552521
139.7682037
61.9134140
28.2844906
56.6633797
78.4718323
80.8740387
57.2899933
42.0968208
30.8040352
22.3953724
30.6351738
44.9442596
53.0937462
54.9277802
44.8277321
24.2139626
43.0617332
125.7307358
220.7637939
218.9923553
118.5265350
34.3490410
6.5299959
0.6387327
0.6158687
5.6972852
15.8829556
22.1963043
24.7807236
23.1245785
18.4455738
17.6164703
65.3681717
179.6360931
274.9450378
251.7114410
131.9387512
40.9757080
18.5395374
20.9066391
9.6742544
8.6560659
5.2061558
11.4234371
57.2135391
159.9064484
239.6256104
218.3161621
122.3134308
56.8431129
30.7256203
30.5165710
26.5088692
21.3850632
27.5487099
31.4183197
30.2304459
32.0824089
63.5655327
118.3356857
166.0460358
194.6763458
168.7845001
90.4568634
16.1787453
0.7183847
0.5426521
25.6348858
122.9766235
169.2493591
111.8845520
49.2881050
16.0656319
28.8501396
19.7349167
11.4980354
4.0244579
5.1751180
1.0955904
1.9664571
8.1716757
13.7783136
9.0158443
0.6825497
0.1129787
0.1436734
4.8601718
21.4279575
27.9697437
20.6789169
12.4053106
7.5142341
18.9368954
60.0582428
85.4290924
59.0544472
9.9431715
0.9891871
0.1249860
0.2476732
12.1921597
44.0865479
82.0908356
127.0155258
156.0456543
139.8035126
59.4279938
10.9748058
5.4013395
25.9639111
82.5360870
118.8680573
113.1975555
110.4074707
147.6231689
158.0969543
145.0488434
140.3210297
113.7252121
64.0014267
30.8628788
20.9793358
15.6805658
11.0218000
8.8126793
1.8420236
0.2689001
0.5810211
2.8468261
3.8478134
1.2053145
0.2437328
0.2644537
0.2731023
0.3334921
0.5109385
0.5891160
0.5207656
0.4364609
0.4388569
0.4847184
0.5434599
0.5358336
0.4938651
0.6168423
0.7787489
0.7052850
0.5245905
0.4335599
0.3933782
0.3450892
0.4494388
0.4166217
0.4415250
0.3529121
0.3377043
0.4138834
0.5288777
0.4799052
0.3768893
0.3795547
0.4290533
0.5276854
0.6853319
0.8736905
0.7897352
0.7730795
1.1216691
1.5881503
1.9986846
1.9514621
1.5761976
1.2019819
1.2838387
1.9573771
2.8854108
3.5390239
2.7429309
1.3121303
0.6228488
1.5303915
25.5857925
123.2349625
310.9264526
491.7943726
567.2162476
513.2027588
399.3270264
267.7431641
175.5883636
122.0944061
100.3960342
74.5510330
52.8148193
81.5848465
168.3450470
196.7035980
150.9788818
103.8620071
61.4356918
33.0744133
71.1626129
90.7853317
57.9866257
16.6025352
17.0396557
55.9943008
89.0616913
106.5382080
97.9610901
75.0605850
36.8616447
25.2029305
22.8314781
19.0165997
34.3591003
101.1197433
187.5974121
281.1674805
313.5350342
273.3788452
233.4878998
201.6169281
176.2563782
157.9430847
152.0948792
139.0914154
108.1828384
70.7097321
39.5278091
21.7133961
11.3558788
11.7820196
10.4687471
3.8447089
1.1313092
0.4061039
0.4259816
0.3357843
0.4663931
0.6534096
0.8188277
0.8012882
0.6095530
0.4397261
0.3826019
0.3350668
0.2990468
0.3880380
0.4917899
0.6343573
0.5657291
0.4370025
0.3724405
0.3537008
0.4162616
0.4852805
0.4601086
0.4255126
0.3937132
0.3645569
0.6671143
6.7518835
28.7968464
69.6113739
103.1911621
93.0818176
48.1697731
22.1410713
12.2578602
10.3031254
15.1268177
72.8007736
129.5488434
124.9840546
74.0628815
43.2700500
22.1102695
14.5694485
46.8999252
98.2222137
96.7948837
39.2374840
7.4951434
0.8870193
0.1283566
5.8706999
37.6294708
78.6562576
115.3492432
140.2868042
141.4732056
114.4133072
41.8259315
14.5321846
54.3319778
149.6446533
184.9965363
139.5545044
114.1187134
133.5827026
113.0283051
51.6614647
21.6709347
18.6516514
15.9841022
24.1999245
32.8685493
75.5819931
187.0390930
311.8647156
340.3407898
267.9867859
172.8773041
104.9123535
53.4181633
25.2879047
4.3632550
0.8911160
0.6484758
6.8728004
33.5156517
55.0449333
67.0357742
84.3185654
95.9078598
101.0503922
111.4437256
127.1399231
119.1111603
100.0408096
98.6885300
101.3432007
89.4262772
73.0160446
67.4562454
48.1594658
32.0415878
20.3904552
11.3518267
4.6344275
0.9661610
0.4100453
1.2657799
4.6251073
7.4260507
7.9164944
7.2023525
6.7236862
6.0860920
5.2606111
4.5198450
4.6890979
6.4998064
8.9328203
7.7512693
2.6269500
3.2992823
24.6355400
99.6957855
180.9438477
186.9615326
102.4284821
34.2181129
14.8926744
9.5404339
15.6339664
47.2040901
93.9399261
128.4707794
119.7989349
77.7836075
59.7282066
73.8861923
72.6980133
35.7431374
22.4632072
19.1226215
9.1815825
11.2506800
25.5214844
42.5196686
40.2292328
28.2553291
42.0927505
62.9941559
85.4251328
96.3123779
83.8339081
59.5101395
37.6669617
22.9747410
23.0299244
48.7551079
44.3349915
33.1719017
27.5563812
23.6253948
23.0429249
26.1530647
20.8352318
21.8211212
26.3631821
21.5416336
14.0097637
9.5201225
8.3758450
20.0405560
56.0695343
71.4581223
47.0735970
10.8443794
4.0663853
3.5629020
8.8636971
18.4674873
33.7359009
43.4215622
39.7690048
33.1131439
29.5087013
23.6512356
15.5084286
13.8431978
21.1549950
24.0567417
16.2058449
11.1816387
12.4337587
18.5805454
22.5465660
23.0231209
35.8059158
37.2586746
28.1373501
16.4777184
12.7928276
21.8616447
21.4527283
9.6995449
2.2686472
0.5973247
0.1465773
5.8102980
33.4943275
48.4533539
36.7219582
19.4284115
7.4110875
4.7079725
6.4500732
2.9469743
0.9649293
0.7681277
1.5496016
5.4825521
17.6905079
42.1366196
80.6325302
114.8816986
120.4008713
116.5329285
115.8340912
105.6611633
76.1689529
48.7676582
29.3085651
51.5062752
63.8964233
62.4786682
74.1308899
62.4500809
35.4082184
16.8723259
13.6944933
9.5920763
4.6230874
1.7475021
1.7455003
3.8087940
22.3740311
81.8102112
154.8230438
177.9449310
127.8390121
73.5118103
33.7818146
12.7613592
53.0307655
77.2561111
62.8058281
80.0302505
72.0908813
42.3328133
20.2537479
18.3676224
12.9272223
4.6924787
2.2508783
6.6545811
37.7550583
66.7960129
66.6832123
54.1025772
49.8288231
47.4074554
50.7924385
61.3508072
58.7340317
37.7971191
15.1150351
13.2571592
35.8518600
65.6778259
89.7635803
83.1951218
57.8380165
33.1598396
24.3141212
38.6157761
50.3764114
42.8397064
29.4390030
23.5256004
15.1801434
7.9483271
2.7244527
8.2228165
31.0125637
42.9875717
33.3933640
19.0590343
12.9276428
8.2069159
6.1181030
17.6597633
70.7093964
149.3294067
187.9911041
152.4364319
77.5416031
19.0944576
4.2116427
0.7508572
0.6228943
16.6331673
51.1506844
48.4618874
17.3834095
1.3633957
3.3902247
11.2607775
15.4165745
20.1405125
19.3847847
13.7109060
13.3342800
11.6922359
10.6885338
15.1694241
7.8553624
13.5497246
37.2701912
50.2454109
29.0991592
9.3360319
1.9100994
1.5662394
0.3441924
0.2140348
13.8228207
47.2295380
63.6704979
46.8000259
18.0201874
11.5066643
21.4528542
40.8877144
46.2495270
33.7211838
23.9937515
18.0602703
13.2761517
8.7959204
5.5428591
5.7239175
7.0004468
15.5040369
31.8704319
48.9733200
51.9590874
42.1037521
30.4524403
18.2667351
23.0217800
28.1941986
14.3808842
4.7828255
2.6169209
4.0002198
10.0243378
11.2659721
8.5410204
7.6019073
8.8726225
21.8492146
51.7652969
82.6415863
94.8308258
81.3985062
55.4093590
36.5146942
29.0859985
27.3226051
34.2037888
23.6925259
4.6168056
0.5480302
3.1858730
13.2110720
21.0873909
11.4112158
0.3367812
0.1042543
0.0935436
0.6367400
0.5473264
3.4344077
23.3534050
48.6758308
53.2216492
37.7138138
27.2639198
22.8723507
11.8875237
5.3592725
14.3429117
29.5727768
55.6304092
84.7634430
91.1753998
64.0161743
35.8432961
21.2863026
19.6421852
32.8960571
44.9724617
41.4787598
19.3959408
5.0588465
9.4017143
22.8904629
28.5498772
15.9916096
7.4885254
3.1342311
4.1099830
29.4509258
72.0958939
80.7515106
43.9742317
6.2776937
1.4263737
0.1413354
0.6159616
10.2531080
26.9084511
28.5714092
24.0127144
26.9277363
36.6617050
37.8582573
24.7773705
8.0307484
1.4115126
5.7093487
37.3059044
75.1180191
94.7915802
98.6165466
120.4089127
139.6129913
131.1732483
96.9459000
46.9861870
27.3962955
14.2304773
8.3005123
3.7297862
5.7891221
23.5058575
69.5325165
103.3169632
84.2338181
45.8427010
28.3784237
19.5083542
29.8023891
65.0680695
80.8428116
63.3410645
43.0459976
20.4081268
41.7817497
57.0586319
57.1366425
53.5683479
53.5768433
48.2600136
34.0728493
23.5632286
14.2207499
8.2441502
5.4005113
10.1199532
54.7909203
131.3094025
211.7807312
250.3331146
220.3059387
134.9426880
48.4197121
9.9306059
0.8740570
0.5970520
0.0971586
2.2378590
18.8681870
38.1279755
45.3030052
50.5038452
54.9205627
56.1241379
30.4482918
12.6929579
16.1600323
20.3394585
10.2682648
1.5757821
0.5517268
1.6030748
5.2836981
26.4079113
73.7892303
112.6990280
106.7126617
64.7274628
42.2110367
36.5823135
33.1011810
24.0364323
25.1673107
24.5645008
18.8318100
15.2182293
25.5448494
53.4171944
61.8081093
40.4898643
8.4946289
4.1095934
2.9057641
22.2946739
76.3750610
76.5187988
46.9358826
22.1340599
11.8813515
17.7636127
8.2725906
2.8921733
1.4770988
2.5086503
27.5039864
78.2457123
113.0926666
106.8835297
71.2926331
40.5368690
14.4407082
2.7771697
2.4558651
25.1736794
63.4838181
62.2912292
49.6716347
32.9239655
17.0712490
5.0681028
4.3387389
13.3434048
35.5301895
46.7739449
47.4778862
38.8225060
24.2571487
14.9680996
6.3036680
1.3307788
0.3487798
13.9470358
56.6492538
98.2629700
89.1685562
38.1301384
5.9661040
3.4553890
2.5742927
1.0162108
0.8356476
10.4985323
49.8291245
96.0591736
122.8923340
115.6546631
76.4454651
53.7299118
65.6847382
69.4252777
47.0359612
23.9123383
13.0373945
13.4921045
10.5894957
3.5613172
1.9777566
1.7171701
20.8930893
73.1937332
107.8713379
87.7340164
40.8255081
26.0482979
17.8737526
18.4287262
13.5572691
8.8074951
16.5903263
45.7206383
79.2527542
84.1467438
54.0945206
19.6894684
8.2544451
12.4137936
19.2566414
19.4226379
18.4800301
42.1718750
89.9756699
120.2626114
140.4665375
177.9847260
176.3521118
92.2668381
16.2197800
5.1002636
3.7490561
4.0912070
11.2628098
58.1179428
93.7095642
100.0888214
72.3736267
29.2818012
9.6401148
11.2177973
13.9255877
12.8883476
13.2905922
37.1032486
56.4374237
45.4673767
25.9913349
11.2705173
4.8881207
2.1947846
5.8049164
19.7896442
50.2419815
67.6473465
57.0963249
34.1627426
19.6800117
14.6712036
5.2645168
7.1856146
19.9321194
40.9538727
61.5787125
58.5084038
35.0904732
17.0658073
14.6883059
14.5560360
10.6631699
21.5732918
62.7981987
99.5710373
106.8040924
83.0077133
54.5506096
36.2698936
42.2085800
46.3584290
27.7885857
17.8040504
17.6024895
19.9591942
18.3496780
10.1022120
5.4032912
4.4346991
6.0102162
12.4924526
18.9484577
20.3494186
19.6037140
20.1152992
19.7248993
16.9604836
21.1560879
31.4302483
34.0238876
26.4656105
18.8353291
16.2402458
14.8545122
10.0908537
4.1460667
2.6579316
3.1802440
13.4240351
41.8173714
66.4585571
60.0843010
29.8888454
6.7919040
3.7015405
3.2360401
4.6368341
6.7592678
7.3084850
17.3923454
43.1083832
62.5890846
57.6108131
32.4200439
8.5619774
2.2473211
0.5558171
0.4929582
4.6946716
23.6489182
33.1996078
30.3422642
18.7964230
8.2677088
6.9509745
5.5246511
2.4372361
2.5112247
3.9684732
8.8861408
15.2231293
18.9873085
19.5069733
16.0990868
12.1676598
9.5580778
6.0025501
2.6772695
0.9458722
0.4278812
0.2069776
0.1048798
0.1195486
0.0463545
0.0307545
0.0024615
0.0000045
0.0000000
0.0000000
0.0000000
0.0000000
0.0000000
0.0000000
0.0000000
0.0000000
0.0000000
0.0000000
0.0000000
0.0000000
0.0000000
0.0000000
0.0000000
0.0000000
0.0000000
0.0000000
0.0000000
0.0000000
0.0000000
0.0000000
0.0000000
0.0000000
0.0000000
0.0000000
0.0000000
0.0000000
0.0000000
0.0000000
0.0000000
0.0000000
0.0000000
0.0000000
0.0000000
0.0000000
0.0000000
0.0000000
0.0000000
0.0000000
0.0000000
0.0000000
0.0000000
0.0000000
0.0000000
0.0000000
0.0000000
0.0000000
0.0000000
0.0000000
0.0000000
0.0000000
0.0000000
0.0000000
0.0000000
0.0000000
0.0000000
0.0000000
0.0000000
0.0000000
0.0000000
0.0000000
0.0000000
0.0000000
0.0000000
0.0000000
0.0000000
0.0000000
0.0000000
0.0000000
0.0000000
0.0000000
0.0000000
0.0000000
0.0000000
0.0000000
0.0000000
0.0000000
0.0000000
0.0000000
0.0000000
0.0000000
0.0000000
0.0000000
0.0000000
0.0000000
0.0000000
0.0000000
0.0000000
0.0000000
0.0000000
0.0000000
0.0000000
0.0000000
0.0000000
0.0000000
0.0000000
0.0000000
0.0000000
0.0000000
0.0000000
0.0000000
0.0000000
0.0000000
0.0000000
0.0000000
0.0000000
0.0000000
0.0000000
0.0000000
0.0000000
0.0000000
0.0000000
0.0000000
0.0000000
0.0000000
0.0000000
0.0000000
0.0000000
0.0000000
0.0000000
0.0000000
0.0000000
0.0000000
0.0000000
0.0000000
0.0000000
0.0000000
0.0000000
0.0000000
0.0000000
0.0000000
0.0000000
0.0000000
0.0000000
0.0000000
0.0000000
0.0000000
0.0000000
0.0000000
0.0000000
0.0000000
0.0000000
0.0000000
0.0000000
0.0000000
0.0000000
0.0000000
0.0000000
0.0000000
0.0000000
0.0000000
0.0000000
0.0000000
0.0000000
0.0000000
0.0000000
0.0000000
0.0000000
0.0000000
0.0000000
0.0000000
0.0000000
0.0000000
0.0000000
0.0000000
0.0000000
0.0000000
0.0000000
0.0000000
0.0000000
0.0000000
0.0000000
0.0000000
0.0000000
0.0000000
0.0000000
0.0000000
0.0000000
0.0000000
0.0000000
0.0000000
0.0000000
0.0000000
0.0000000
0.0000000
0.0000000
0.0000000
0.0000000
0.0000000
0.0000000
0.0000000
0.0000000
0.0000000
0.0000000
0.0000000
0.0000000
0.0000000
0.0000000
0.0000000
0.0000000
0.0000000
0.0000000
0.0000000
0.0000000
0.0000000
0.0000000
0.0000000
0.0000000
0.0000000
0.0000000
0.0000000
0.0000000
0.0000000
0.0000000
0.0000000
0.0000000
0.0000000
0.0000000
0.0000000
0.0000000
0.0000000
0.0000000
0.0000000
0.0000000
0.0000000
0.0000000
0.0000000
0.0000000
0.0000000
0.0000000
0.0000000
0.0000000
0.0000000
0.0000000
0.0000000
0.0000000
0.0000000
0.0000000
0.0000000
0.0000000
0.0000000
0.0000000
0.0000000
0.0000000
0.0000000
0.0000000
0.0000000
0.0000000
0.0000000
0.0000000
0.0000000
0.0000000
0.0000000
0.0000000
0.0000000
0.0000000
0.0000000
0.0000000
0.0000000
0.0000000
0.0000000
0.0000000
0.0000000
0.0000000
0.0000000
0.0000000
0.0000000
0.0000000
0.0000000
0.0000000
0.0000000
0.0000000
0.0000000
0.0000000
0.0000000
0.0000000
0.0000000
0.0000000
0.0000000
0.0000000
0.0000000
0.0000000
0.0000000
0.0000000
0.0000051
0.0889627
0.4283524
0.8368328
0.9604424
0.8078122
1.0422400
15.7465954
64.1479797
105.6874008
88.0992050
22.7508736
12.1076040
21.9122505
35.3050041
44.5560226
50.1891747
58.8223724
79.3723373
115.8941879
144.9379883
145.8325195
138.3535004
154.9150085
201.5366364
230.4520416
216.2509155
200.8157654
196.9308929
171.1888275
111.2027740
62.9938240
17.2197762
14.8848314
8.8482571
1.8902452
20.0650749
70.0207138
120.6367264
143.1887817
121.4466248
96.5806503
61.3760376
37.1934929
51.1375656
41.8390541
40.5937309
41.1791306
29.0845222
14.1357784
29.5073738
57.9258842
66.8256989
52.4079094
37.0353241
30.5814342
28.2065544
65.7613220
143.9826508
209.9171143
257.8342896
284.2333679
254.1721497
147.0614471
52.5013237
30.0134430
33.8265152
27.6141167
21.8003750
22.0517006
50.6431503
95.7636566
108.3004761
90.2732239
61.7975540
44.8986015
26.4261532
17.8104954
12.6002417
56.1463203
93.2929382
99.7728729
77.5195770
41.1252365
12.5795937
2.4303050
0.8170415
7.2111773
34.5715485
40.9761772
40.8796005
45.4381065
39.3275833
26.1302662
15.3682308
15.7269249
28.9783936
40.7321014
44.2168884
41.4221535
30.2273998
15.0782204
13.1900740
35.0056381
34.6256981
21.3275185
15.0167875
12.2498894
13.9847918
39.9780655
96.4383469
136.8318787
146.9134064
148.2725372
150.1942139
164.7798767
130.5978546
54.6159439
18.2176132
22.5449963
57.9760551
126.5071182
156.5016479
120.3191605
90.6666336
77.5887451
91.7460785
138.3178253
119.4582825
74.8821259
38.5124359
31.8758850
13.1266050
12.4624357
49.3087540
135.6773071
181.7738800
142.3757935
87.9935303
56.7346611
46.3346672
33.2387924
13.3692036
4.5989199
37.8860855
130.9172058
195.1415710
155.5998688
102.0592041
63.4897499
47.5372543
41.9110069
32.3493690
19.1646328
22.8570671
28.3334599
30.8569279
32.6240616
38.7754478
67.9834061
97.0048065
91.1437454
43.9779778
8.7311707
2.4155986
1.2157626
0.5583643
0.4032861
0.5040026
18.7141685
60.1650696
83.6239700
74.6824570
52.5456696
33.5396156
16.9450188
13.5884361
28.5921555
56.3844872
78.0482025
92.7470398
94.4922028
78.2634583
55.1382828
44.7390633
37.4334412
56.8347855
109.7731476
160.7067566
210.2732544
207.5478210
153.2844849
95.9562683
72.8021393
65.1827545
45.5238152
28.3251724
21.0832462
16.4537086
14.8029871
5.5068626
2.1807933
0.5989693
0.2095885
0.3857870
1.7068771
3.0723784
2.8954384
2.4007654
1.9690310
1.7817256
1.4515946
1.3517846
1.0510910
0.8136848
0.9551837
1.1199715
1.2558147
1.3388127
1.4051862
1.4248860
1.2942810
1.1011974
1.2011502
1.2321831
1.3653519
1.4406128
1.1646402
0.7627516
0.4269863
0.2932809
0.3403715
0.4592595
0.5236127
0.5214474
0.5197179
0.6858416
0.5905037
0.5638909
11.4135895
46.9739418
92.7793350
115.5125885
100.6042175
70.7942047
66.5984192
70.2115173
66.9253235
56.2887764
49.0144653
59.7803116
68.3423920
59.6273117
53.6506310
121.9458618
213.5135651
219.3939056
157.9663391
110.8519745
72.9634323
83.8834076
59.3460007
16.0027924
5.4693241
2.6977177
1.4821124
1.0621777
2.9047971
6.4014401
26.8738251
67.9589310
92.3332520
73.3064957
30.9862366
11.7811460
7.0269017
9.3199158
17.5526829
20.2716980
18.2077656
9.8064222
3.8356624
2.3947747
5.4147868
11.3425894
15.1517105
15.2478714
14.4657307
12.0923481
8.9244652
6.5931330
4.3818054
2.5223234
7.3456459
41.0912628
142.5896606
251.7265472
251.7843170
132.4964752
48.6418190
33.8934288
19.1224308
18.7724228
38.0701027
75.4651642
108.7432632
119.2927246
100.3494263
65.2353439
57.5876236
91.5535126
98.3658218
56.1816864
31.1083069
24.0251827
23.2794170
21.9725056
10.0101004
1.4259212
5.3345046
51.8543930
123.9208603
140.5859070
84.8328094
28.6403961
21.9910126
57.7831421
126.4432678
214.1064301
259.6780396
217.1391602
160.7910767
126.1412888
67.4839706
38.0614014
59.1244431
70.3468628
60.0523224
51.5422592
42.7149734
45.4145164
47.7571564
34.3033791
11.3963041
25.7516251
96.6309433
190.4046173
211.6217041
123.3758469
47.2253189
18.9552536
6.6575613
10.5390100
61.6547775
106.5267258
94.8493423
77.6227036
66.7364197
45.0445175
15.4381275
3.3061688
1.3561571
1.6764245
5.5519924
63.5335083
154.8652344
179.7038269
109.8916702
31.2588158
14.2444324
15.1153421
12.2832413
14.3415842
13.3693810
9.4924459
21.8214302
28.5575180
29.3897285
24.9842873
17.7804928
10.1762104
3.5081434
1.3118690
2.5176764
13.3303547
31.5982914
30.7613297
31.3977165
37.5733871
62.8374634
121.6430206
176.0648041
173.1936035
107.7155762
61.0930023
24.2727566
11.9670916
12.5358582
4.1919727
3.4975996
3.7587821
4.2823019
5.0765676
6.8458376
11.6353550
37.6823311
123.7528152
227.8556061
275.7277222
224.0299683
126.5624847
66.1703949
50.6948776
35.5067978
30.9504433
126.7144394
260.0485840
282.5161438
148.4554443
24.4018288
2.4165413
4.3272862
62.3788300
214.4117432
213.7316284
118.8889999
53.4768753
35.0341911
19.4955845
8.1978579
20.9309578
30.4885635
21.2043362
25.4591408
41.9842606
43.5798569
24.3085651
12.2602863
6.0219984
1.0775009
0.6211881
0.5066707
2.8455586
4.5406733
2.2409096
2.5218053
4.5585747
5.4553375
3.2990634
1.7189181
0.9672065
0.4961846
2.1309566
19.0715065
54.3745346
93.3994522
112.7175140
108.7144012
119.6253204
162.8534851
184.9249420
169.7192230
166.2541962
204.5531158
232.1775970
185.6679230
114.7637482
150.6658173
280.9172974
352.2606812
318.5358887
285.3457336
217.9450989
144.6767426
69.4808121
31.8151340
20.0942631
9.6143351
2.1007571
13.5561142
44.5531273
87.7135010
85.2124023
56.9954071
38.7104988
27.4324341
16.8995895
16.7709904
14.8942595
10.3320265
11.1309843
8.7545967
5.9985299
7.7101021
17.2540741
29.3703365
42.0361786
64.6883087
101.9975967
136.7021179
149.6187592
170.9947205
210.3041382
223.0446320
176.3421173
116.4894104
83.7419128
70.9624405
65.5828247
93.9368744
157.8513336
159.7177734
111.9165039
56.6655731
37.3210258
42.1121101
52.6597404
39.7733421
14.9751720
3.7778058
20.8720531
97.2121811
138.6783142
88.2634964
35.6782532
16.5215073
9.7621822
24.9645824
89.2870407
113.1322861
74.7337646
38.6193008
26.3230171
9.1735077
16.3122997
68.2260742
126.1697693
110.1253738
38.2800102
6.6608706
0.6261852
0.3215151
5.1393156
29.7865753
50.0154839
57.9369888
76.8856812
116.0741043
154.2956848
146.5371704
95.9660873
34.9279785
9.0739851
7.6332207
46.6197205
103.5329514
97.8093491
49.0601883
51.3632317
67.1991501
54.4925728
26.1545029
14.4297829
8.6912956
5.6614823
3.4209363
4.4729900
20.5622101
44.4442177
55.7742386
48.6263771
39.5146294
30.9949722
20.9636097
11.8114080
18.4775124
26.8756084
20.8778191
19.3352680
51.2364159
83.6607971
114.4935760
140.7442932
139.5113373
108.9536667
89.9871063
88.0963287
101.4471741
65.7627716
15.2692089
5.0624838
12.9090433
35.1772957
57.2159958
66.2283020
57.6676140
35.7338219
11.9192381
16.4051609
14.9260731
7.8608179
21.4156342
49.8983727
51.4106483
37.6755867
24.8655872
15.2262373
7.3080034
7.1214423
6.3187075
4.5139709
2.7907014
8.4216795
38.2209473
96.1682129
164.4213409
199.3443298
185.6316528
146.8944855
118.4740448
87.4002304
38.0017700
18.6846962
62.0147476
82.9303055
94.4608765
92.3476257
73.3825073
44.6804886
37.6932373
27.8722095
11.5998478
29.0500031
61.1341362
61.2649994
28.1376915
26.0269642
14.9696131
6.0660362
28.1782780
85.2255478
106.9284134
55.0920143
10.1467209
1.0875876
0.2267779
3.8874931
23.1800728
30.4807796
40.8743591
67.4813080
96.9005203
99.9724426
65.3736572
18.0669651
5.7982006
24.0462513
60.1477585
70.6465225
46.0389671
39.7872581
51.4918365
63.0506744
70.6973953
66.6572113
46.3070793
25.9811974
10.3405848
4.1453028
3.4566824
6.5771365
7.1423163
1.5424845
0.2156397
0.2032145
0.5936288
8.8959541
31.0905857
49.0917969
57.1426544
64.1812363
70.5952759
58.0402145
28.6972504
17.1974297
11.6301432
19.9979210
65.0387497
139.0606995
146.6272583
90.7920609
39.9362259
15.7857084
9.9570723
8.0790911
10.2538948
9.4622231
2.7143335
0.4972257
0.2418673
7.0150137
22.8934593
25.2905197
14.7834873
5.8619061
2.9778109
1.5623347
0.7300634
0.3001449
0.1960639
0.1994931
0.1349012
0.0734404
0.0146280
0.0010260
0.0000000
0.0000000
0.0000000
0.0000000
0.0000000
0.0000000
0.0000000
0.0000000
0.0000000
0.0000000
0.0000000
0.0000000
0.0000000
0.0000000
0.0000000
0.0000000
0.0000000
0.0000000
0.0000000
0.0000000
0.0000000
0.0000000
0.0000000
0.0000000
0.0000000
0.0000000
0.0000000
0.0000000
0.0000000
0.0000000
0.0000000
0.0000000
0.0000000
0.0000000
0.0000000
0.0000000
0.0000000
0.0000000
0.0000000
0.0000000
0.0000000
0.0000000
0.0000000
0.0000000
0.0000000
0.0000000
0.0000000
0.0000000
0.0000000
0.0000000
0.0000000
0.0000000
0.0000000
0.0000000
0.0000000
0.0000000
0.0000000
0.0000000
0.0000000
0.0000000
0.0000000
0.0000000
0.0000000
0.0000000
0.0000000
0.0000000
0.0000000
0.0000000
0.0000000
0.0000000
0.0000000
0.0000000
0.0000000
0.0000000
0.0000000
0.0000000
0.0000000
0.0000000
0.0000000
0.0000000
0.0000000
0.0000000
0.0000000
0.0000000
0.0000000
0.0000000
0.0000000
0.0000000
0.0000000
0.0000000
0.0000000
0.0000000
0.0000000
0.0000000
0.0000000
0.0000000
0.0000000
0.0000000
0.0000000
0.0000000
0.0000000
0.0000000
0.0000000
0.0000000
0.0000000
0.0000000
0.0000000
0.0000000
0.0000000
0.0000000
0.0000000
0.0000000
0.0000000
0.0000000
0.0000000
0.0000000
0.0000000
0.0000000
0.0000000
0.0000000
0.0000000
0.0000000
0.0000000
0.0000000
0.0000000
0.0000000
0.0000000
0.0000000
0.0000000
0.0000000
0.0000000
0.0000000
0.0000000
0.0000000
0.0000000
0.0000000
0.0000000
0.0000000
0.0000000
0.0000000
0.0000000
0.0000000
0.0000000
0.0000000
0.0000000
0.0000000
0.0000000
0.0000000
0.0000000
0.0000000
0.0000000
0.0000000
0.0000000
0.0000000
0.0000000
0.0000000
0.0000000
0.0000000
0.0000000
0.0000000
0.0000000
0.0000000
0.0000000
0.0000000
0.0000000
0.0000000
0.0000000
0.0000000
0.0000000
0.0000000
0.0000000
0.0000000
0.0000000
0.0000000
0.0000000
0.0000000
0.0000000
0.0000000
0.0000000
0.0000000
0.0000000
0.0000000
0.0000000
0.0000000
0.0000000
0.0000000
0.0000000
0.0000000
0.0000000
0.0000000
0.0000000
0.0000000
0.0000000
0.0000000
0.0000000
0.0000000
0.0000000
0.0000000
0.0000000
0.0000000
0.0000000
0.0000000
0.0000000
0.0000000
0.0000000
0.0000000
0.0000000
0.0000000
0.0000000
0.0000000
0.0000000
0.0000000
0.0000000
0.0000000
0.0000000
0.0000000
0.0000000
0.0000000
0.0000000
0.0000000
0.0000000
0.0000000
0.0000000
0.0000000
0.0000000
0.0000000
0.0000000
0.0000000
0.0000000
0.0000000
0.0000000
0.0000000
0.0000000
0.0000000
0.0000000
0.0000000
0.0000000
0.0000000
0.0000000
0.0000000
0.0000000
0.0000000
0.0000000
0.0000000
0.0000000
0.0000000
0.0000000
0.0000000
0.0000000
0.0000000
0.0000000
0.0000000
0.0000000
0.0000000
0.0000000
0.0000000
0.0000000
0.0000000
0.0000000
0.0000000
0.0000000
0.0000000
0.0000000
0.0000000
0.0000000
0.0000000
0.0000000
0.0000000
0.0000000
0.0000000
0.0000000
0.0000000
0.0000000
0.0000000
0.0000000
0.0000000
0.0000000
0.0000000
0.0000000
0.0000000
0.0000000
0.0000000
0.0000000
0.0000000
0.0000000
0.0000000
0.0000000
0.0000000
0.0000000
0.0000000
0.0000000
0.0000000
0.0000000
0.0000000
0.0000000
0.0000000
0.0000000
0.0000000
0.0000000
0.0000000
0.0000000
0.0000000
0.0000000
0.0000000
0.0000000
0.0000000
0.0000000
0.0000000
0.0000000
0.0000000
0.0000000
0.0000000
0.0000000
0.0000000
0.0000000
0.0000000
0.0000000
0.0000000
0.0000000
0.0000000
0.0000000
0.0000000
0.0000000
0.0000000
0.0000000
0.0000000
0.0000000
0.0000000
0.0000000
0.0000000
0.0000000
0.0000000
0.0000000
0.0000000
0.0000000
0.0000000
0.0000000
0.0000000
0.0000000
0.0000000
0.0000000
0.0000000
0.0000000
0.0000000
0.0000000
0.0000000
0.0000000
0.0000000
0.0000000
0.0000000
0.0000000
0.0000000
0.0000000
0.0000000
0.0000000
0.0000000
0.0000000
0.0000000
0.0000000
0.0000000
0.0000000
0.0000000
0.0000000
0.0000000
0.0000000
0.0000000
0.0000000
0.0000000
0.0000000
0.0000000
0.0000000
0.0000000
0.0000000
0.0000000
0.0000000
0.0000000
0.0000000
0.0000000
0.0000000
0.0000000
0.0000000
0.0000000
0.0000000
0.0000000
0.0000000
0.0000000
0.0000000
0.0000000
0.0000000
0.0000000
0.0000000
0.0000000
0.0000000
0.0000000
0.0000000
0.0000000
0.0000000
0.0000000
0.0000000
0.0000000
0.0000000
0.0000000
0.0000000
0.0000000
0.0000000
0.0000000
0.0000000
0.0000000
0.0000000
0.0000000
0.0000000
0.0000000
0.0000000
0.0000000
0.0000000
0.0000000
0.0000000
0.0000000
0.0000000
0.0000000
0.0000000
0.0000000
0.0000000
0.0000000
0.0000000
0.0000000
0.1288207
0.8907812
2.0503218
2.6609631
2.3311141
1.6744466
1.4915034
1.7909865
2.1319814
2.3802886
2.4701707
2.3260069
1.8331631
1.2009979
0.7363486
0.5686692
2.4815943
15.1143494
50.0927200
121.8746796
213.8634949
254.6074982
192.4812927
96.4630432
41.7471657
20.6327705
4.8793349
0.4218632
4.1507435
54.6226425
121.0943451
126.6019516
81.6072998
76.8558350
108.5972519
119.6765442
98.8903046
69.0550537
44.9840050
18.4458370
25.6385689
15.9735088
13.6051989
24.2985115
47.0469742
81.7351837
81.3113403
50.9552307
28.3600101
33.3663101
69.0694122
67.3311844
48.5246773
38.5003090
46.2138100
76.6590424
102.1886826
76.9652481
39.0197678
24.7659454
15.2666588
7.5813217
20.9148960
67.9658051
108.4204865
89.3404694
44.5554581
14.1977062
5.4650908
3.3276787
14.7079506
34.7465172
28.8880196
25.8100700
66.4418411
158.8375702
261.4715881
302.4614563
255.1260071
159.3923340
107.0027695
101.4499435
138.3268127
160.2725830
77.3945694
14.2953329
3.1992407
0.3121858
0.2009919
7.3222470
32.6319046
40.6165962
22.4441452
4.4159565
1.2332978
0.5005865
0.3053526
0.5414400
0.4050058
0.4532200
0.5570896
1.4208887
3.0143855
4.1140718
4.8828721
5.5054812
6.0663080
8.6545744
13.5586777
17.9317036
22.2970371
25.5159760
28.7653046
32.9323463
38.9263077
49.6119003
72.3098450
100.4013290
107.8375854
90.5926132
88.6553345
121.9520645
217.0417480
304.1871338
303.2031860
231.2458954
179.1412354
185.9037628
203.7107086
192.6361389
119.1636658
47.1891823
16.9563370
10.7771492
10.6587963
20.9220543
74.2421951
109.4914322
89.6995392
41.7624550
20.0147820
11.2385883
4.0528107
1.8559494
0.6415690
0.3456730
0.1398500
0.0414428
0.1207466
0.3044550
0.3727491
0.4071913
0.4296521
0.9350260
4.7858787
13.9553022
25.2963486
34.9610176
40.1466064
41.1940002
48.0301552
81.6112061
133.9768982
154.6666107
108.1475449
39.2557907
7.1170506
1.0049096
6.9031725
34.1524658
61.1722260
87.9363480
134.3706970
196.3848267
230.2496643
229.8333435
173.3858032
103.3702621
57.7801399
42.9039612
29.2406845
22.0888138
35.9373207
43.8697433
36.5672531
28.8839130
20.4770908
16.1262093
28.6792698
46.9966125
51.7500191
35.9330978
17.6760864
8.6069345
8.3672237
21.4911728
30.7709618
27.4075851
14.2070904
6.0023804
5.1003323
4.1493998
1.6178321
1.0785166
27.2252426
91.3868637
127.8323288
107.4750366
69.8385468
61.7345314
53.5883827
29.0616703
14.0489464
11.8635578
38.8989563
83.0173950
78.5451202
46.2578964
32.3404884
27.0544529
27.8528576
35.2706299
19.8299522
13.1782837
18.4715176
41.5373192
76.2483368
113.7588577
150.5375519
166.7078247
140.3083954
82.6337357
42.4061813
34.1362686
88.0095139
166.0371246
144.3433533
78.9264297
21.3840084
2.2399771
0.4695097
0.3839201
9.9466486
26.0175056
25.9731178
7.2833672
0.4040492
0.2764043
1.0381774
2.8227592
2.7497578
0.4528655
0.4072907
1.5115587
2.5228951
1.7367022
5.5599251
29.7554817
61.0982399
66.8366013
43.8179665
29.5037613
32.8234978
47.1554718
63.1044044
72.6209641
83.9426956
98.7982559
120.9595261
181.7601318
291.2601929
394.1136169
392.2569580
279.4584961
154.4220276
115.8648529
130.5459442
130.1463165
176.7583466
161.3193970
116.2378540
113.0758820
91.8281021
30.6139526
3.6936259
0.9798574
16.6008110
67.4003143
76.5283356
17.2641258
0.5005462
0.1733112
0.2885423
0.1795525
0.5184741
0.3384165
0.2193663
0.1997016
0.1713714
0.3737640
0.3878879
0.4243363
0.4727761
0.4346511
0.3529807
0.2918542
0.3431922
0.3888808
0.4406291
0.4801617
0.5016815
0.3760171
0.5204185
0.6033208
1.9964628
7.8175321
16.2729263
23.3021202
27.6110649
32.0590439
47.5348396
84.7552948
125.1726761
131.0128784
85.2741547
26.8232670
4.6838765
1.0590065
10.3639297
39.1703415
63.2577209
76.3704224
98.6641693
164.5825195
280.3720703
363.7611389
312.7832031
174.7840424
91.2282410
39.1114655
15.4368172
13.1935768
20.2116947
26.7383957
25.1679459
18.0295372
12.1685352
8.5865479
16.8628559
32.0508499
43.3104324
42.2299423
29.6230431
15.8613939
9.3726215
8.3100109
6.1279192
4.9444866
6.3903222
8.8156195
8.4957237
6.9613619
5.3584452
4.0445418
2.7576849
1.5048394
0.9495761
0.3524129
0.1583897
0.0950666
0.3678653
0.6834747
1.0164274
1.2575393
1.4448078
1.4712114
1.4888237
1.8619475
2.2761278
2.2750349
1.9269923
1.4553225
1.3065535
1.1310933
0.8548790
1.1516392
7.8187494
22.5270805
39.5239258
51.3771591
55.2169952
73.3286667
112.7589111
142.8537750
133.8552551
88.5673523
48.5111847
12.5733929
12.1531734
80.5514145
259.4578552
392.4958801
312.3270874
146.6691132
89.4811401
63.1244812
46.6326370
32.9212532
20.5449448
13.3459454
14.0331001
12.5758257
10.3621368
11.3094711
15.3396378
36.3771706
77.8468628
111.6816788
117.1025009
99.6705627
99.7928314
156.1943359
164.8757019
116.8127747
86.5608444
54.8205566
19.7467709
8.1939592
0.5306658
0.3155589
3.4176683
15.0939932
21.7548943
14.7044754
3.4373460
0.9189754
0.2459680
0.1770369
0.3472798
1.4122591
2.1748323
2.2113156
2.2027681
1.9397395
1.9697229
2.4308279
2.3479962
2.1323059
1.9779892
1.4278866
0.8927892
0.5807304
0.2694954
0.2729574
0.5197692
2.6065056
18.5506878
95.8383026
209.1835632
247.0189056
179.3857422
77.9949341
36.2210999
16.3707104
2.3501220
0.4678724
4.8436832
36.1452484
48.7485237
35.0881844
18.7476501
17.2499256
17.2926159
7.9209762
7.5708809
40.3375015
103.0972137
129.3307495
96.2768326
67.6933365
37.2468567
22.7492657
8.2901659
4.8021774
15.4740210
41.2408218
46.0662041
36.5323601
25.9526730
15.8224030
10.7945461
16.2802067
50.1880379
117.5577469
186.2228394
224.9044800
232.9801941
201.1468964
151.1372223
92.9743576
65.6029358
80.2712250
98.2568741
125.6739502
237.3620758
263.2231750
148.5699310
52.0614052
7.5654173
0.6967234
2.2157257
18.9282341
49.6767654
51.3600502
24.6790085
8.5852318
4.1905270
1.4334617
0.6010943
0.2655686
0.2176898
0.3495612
0.9434159
0.8084871
0.6604120
0.7382380
0.7736878
0.7159386
0.6827592
0.6406806
0.4966696
0.5635796
0.9218002
2.2091002
3.0898528
1.8014096
0.2428794
1.7699499
33.6263809
107.0086365
167.7272949
168.5230408
117.5412674
89.8752441
67.5057449
56.3458633
63.2358704
56.4637451
49.8632736
43.6528206
34.4498940
28.3395443
20.0881710
13.9264393
15.1499891
18.8294563
13.6389017
2.7728994
0.3374506
0.3905171
0.6674542
0.9280463
0.9206029
0.7303683
0.6824294
0.5531341
0.3721924
0.3094473
0.2038456
0.2621977
0.7130888
3.9743133
10.7631454
20.8025227
32.5572701
41.4032745
45.2668343
66.9781418
169.5478363
320.9284058
383.0144348
307.1244812
196.9986572
97.1946106
42.6638412
34.0467644
23.6281338
11.7346172
4.4248738
4.3222985
6.3483419
27.6376915
111.2142487
204.2540588
220.2328186
157.3936768
93.4900360
53.9047203
31.1220646
22.6807041
25.5910625
17.5977440
7.4352207
5.5841694
6.1417723
1.3121656
0.5251908
0.4022520
0.8123177
1.8385007
2.2895212
2.2016358
1.8624570
1.6046793
1.2027658
0.9570732
0.8138329
0.6306842
0.6902162
1.1030287
4.7695246
26.2508621
54.2692566
64.7281265
56.5565262
47.2221985
45.2392387
57.2706680
75.3833084
57.6097298
38.8257790
34.1914330
35.6978989
45.0360336
77.5872574
122.8178253
135.0061035
114.5074158
92.3825912
72.4161301
60.3063011
56.6274757
50.1521568
39.5975342
40.3736954
58.1117783
62.1543388
34.8151550
3.5897310
0.1627156
2.2493651
28.6392498
116.9890747
204.3848724
205.4478912
106.9884033
29.6014881
18.6465912
19.3808231
18.9478054
20.4372978
21.7032909
29.6497536
48.0276070
53.5614433
29.1795158
2.3092349
0.2525521
0.2780986
14.1725073
51.6879959
70.2633362
57.2961807
51.1078529
94.4692993
156.6599426
229.4271851
285.9679260
270.9109802
186.8786469
102.3071976
36.0318871
18.7862663
13.1794910
15.7952585
17.3248920
13.0392933
5.6358471
2.5035768
12.2468033
51.1377602
104.9715576
141.8907166
140.4526520
112.2429733
76.4299469
45.9609985
30.0446548
29.5685349
37.3822861
58.1358109
56.0621796
35.7103348
13.6177044
29.8881588
90.5813217
164.5805206
186.8917084
100.4276886
24.9462833
18.5141296
13.9023361
4.7049642
8.9387503
47.7911606
95.8362808
116.3275452
98.3655701
62.6404991
53.8942490
81.8458481
131.4019165
147.2946472
93.4820786
44.5263138
33.4937057
32.1705246
23.0500507
14.1605034
19.8018837
33.0643005
24.6214123
4.3789153
0.2519958
0.0959095
1.2300096
34.5741959
93.2185593
125.3605576
128.0260010
111.5550461
68.9732208
39.9580612
18.7685852
11.9038639
17.5809174
27.9104977
31.0097847
24.9275475
21.0563774
25.0472889
35.5024910
51.5315208
118.5855637
254.6405640
353.6705933
306.0494385
193.0667877
85.1658401
59.4761429
14.2093134
7.0383387
9.3148651
60.5339508
132.0068054
100.2842789
27.3650703
6.6379580
0.6775363
2.1260865
24.4277763
71.0384750
82.5513992
73.8061218
67.3968887
61.7308273
64.3024979
44.0565681
30.2549667
11.4533901
5.3261490
20.4655514
22.8071232
22.5322666
15.5778885
7.2445893
7.0012403
9.3474474
24.1984787
71.8562622
126.5184860
137.7774048
101.2105255
31.4131870
10.0743265
2.2510705
0.6558734
8.4404936
31.0750084
46.5342865
30.6853104
13.8770247
16.5221710
62.8576660
211.5966034
452.6310425
626.6939087
570.7493896
402.6303711
220.9289246
79.0747833
33.7128601
27.0535946
39.3732719
50.2660294
53.5724869
45.3835068
22.8275623
5.3728986
2.2752094
24.6310043
104.7494125
174.8690796
179.4783325
161.8229675
120.8721695
85.2663956
54.3106537
21.5310059
12.9405355
1.0506275
1.4564645
4.2202401
3.5247183
0.2924192
0.2075757
0.3073907
1.0300620
1.1200632
0.5138001
0.3567475
0.3989568
0.6687213
3.4464145
15.0195761
30.5897465
36.4488373
31.5459843
28.3694782
31.1827927
66.5316620
154.0880432
248.0936279
265.8538513
186.6503143
78.1471710
23.7551422
17.0352173
63.0081635
67.5006638
14.2452450
2.5403929
0.8890365
9.1493816
24.9543953
27.4166603
9.5580778
0.3460675
0.1582200
0.1696467
0.1204882
0.7225159
0.4166119
0.2825902
0.2776956
0.2758282
3.0100083
26.7509766
63.0822639
77.5081482
68.8222733
58.6351357
61.2488327
52.1369057
25.7513371
15.4712553
30.4064369
66.2484131
82.8349915
60.0341949
43.4808464
31.5203323
18.4600620
6.2968984
20.1401443
71.0836487
112.4395905
93.8291016
36.9543304
12.8724613
9.0729408
6.7121019
8.2768459
1.7478533
0.2424132
0.6818271
7.1914492
15.2764626
9.9957256
2.8650782
1.5620806
1.0875144
0.4046794
0.1035407
0.0422955
0.2012012
0.4566435
0.4766297
0.5187109
0.5852295
0.7405344
0.6946577
0.6814252
0.6867837
0.6034792
0.6679367
0.6363831
0.6532912
0.7572684
0.6557474
0.4309713
0.4495044
0.4643780
0.6625255
0.6587630
0.5415140
0.5747843
0.6244304
0.6795936
0.7618719
0.7943087
0.6873481
0.4730074
0.4515545
0.3923458
0.4101429
0.5334691
0.4958602
0.5398238
0.8006328
0.9237043
1.8280170
11.9517708
39.8227425
75.0425644
105.3302765
135.5637207
176.8788757
198.8426208
186.9046783
134.8541565
95.0956345
70.5228119
43.2436180
12.7283926
6.8442917
31.6130257
88.7807388
126.8966522
121.5011444
100.9918137
69.6072845
40.8574257
42.0244598
59.1953087
47.3899078
31.1961994
19.7066078
53.1881027
151.3718109
207.8010712
260.5388794
330.9794617
323.1569519
204.8431854
76.2596588
6.7675886
2.9666128
11.3285389
36.5325165
80.1842194
106.5302429
89.4847565
44.0201302
9.2380486
6.2669578
8.7880306
33.8529739
63.5967178
76.9975128
73.9013062
59.1637688
34.7523766
16.0511646
26.6070309
77.4564056
145.9360504
171.8295593
150.6183167
119.0089874
81.1739502
56.6089439
24.8445606
49.7841339
95.7064362
84.6633530
51.4399757
26.5112648
12.8262043
32.3961105
58.5234756
51.6110535
21.2077255
14.1976137
6.3483362
6.8975153
37.3318901
74.5147171
58.4582863
10.9888353
2.0160892
0.3290400
0.1999105
10.4326000
43.6555939
80.7963409
120.5713043
153.6148682
175.9620361
156.1399384
83.5247955
23.5196495
5.6808701
22.7944107
64.4122162
85.4596710
75.1035919
69.2479095
77.6953812
83.5838089
82.2104721
70.7116318
41.7178078
15.4828224
7.6257515
6.9195457
4.6224246
1.9627175
0.7104592
14.8407249
50.7703438
73.7375565
55.4595528
26.5843582
16.6590919
8.5878592
3.0261955
5.6652083
8.4493523
8.3349657
6.1112895
19.8237095
73.8349762
143.0941772
171.3037567
137.3960724
89.5231247
46.6221466
30.5037937
21.1235218
14.0050287
13.3427982
29.6945267
95.0397491
160.8729553
169.8044739
126.3293686
93.4983597
70.7308273
85.5011368
70.6866837
42.8429146
41.7146225
50.7872200
38.6650772
25.5811291
15.0257559
9.3387671
8.6797361
3.0100029
1.7994814
12.5067463
31.8898354
38.8490372
24.8161812
9.3457518
4.1111655
1.1659741
0.2765673
0.1946340
0.1299660
0.1862017
0.7818578
1.0583007
0.9384646
0.9517304
0.9019046
0.7810687
0.7290887
0.8448529
0.8783157
0.8231087
0.7190359
0.6857161
0.5631145
0.5069797
0.6697274
0.7289150
0.8418418
0.9756159
0.7723628
0.5487077
8.3173733
34.1446495
74.3908310
101.2950592
79.5482941
24.6256046
10.3321095
10.7104721
8.0600224
18.0150223
91.0031738
144.8243713
139.0609741
91.2586365
60.6368294
27.2512074
24.4338093
50.0019302
56.9969177
41.3539925
24.4351711
37.2740402
90.9683609
100.9825516
53.6323586
8.2709007
1.0688241
1.4511278
15.7888460
39.9034042
45.8184929
40.0931511
34.5884590
27.9268208
47.0260811
82.1746902
83.4052429
39.8017464
6.1454554
1.1301740
3.2710099
18.5589981
31.1528301
45.1268997
80.5470810
120.7467957
145.2741394
146.1932068
134.6777191
141.5738525
181.2545013
268.2218323
287.0631409
228.0483551
150.2161407
94.5278854
64.3035660
36.7539330
21.5247211
19.6949005
11.4333105
2.9032865
2.5919025
8.1418877
14.6632662
18.3978710
19.2280502
18.5800190
16.9709835
17.3206253
16.8786335
14.0692196
7.6166754
3.8442924
2.6728776
14.6082325
56.2243729
110.0188828
126.6459961
106.6895752
90.3556366
82.4133377
93.6806412
110.4730682
112.1065598
72.1076736
28.0975513
32.0429764
75.8425751
92.7869644
49.0244827
9.5708017
7.6159143
23.7833920
44.0296593
42.5314713
19.0096092
8.4997692
9.1381903
33.4270859
75.8367920
92.2212982
70.2421722
42.6011658
33.8589821
38.5481567
35.4157829
36.1100960
22.4240646
15.5870562
26.0803719
33.1762886
24.0544682
21.5841026
10.7518883
9.3604879
49.1599998
105.9955521
113.9158478
56.4743919
10.7175703
0.7877418
0.3779265
5.1075521
25.0872021
38.0943222
51.5634155
71.2723846
68.1269608
34.2915916
7.4007993
16.6234016
51.5858231
73.6143799
71.9991302
65.7211838
54.3304482
27.9462852
12.1786394
11.9376116
15.9165163
14.9146757
13.8199558
13.4636250
7.8509717
4.9236574
10.5086670
17.9672146
22.8602448
51.7080193
88.6410065
89.6703110
71.9954987
58.1307411
39.8181229
18.3109093
9.3295736
7.9960070
10.5806437
48.3158684
123.8982086
161.6807709
143.2566376
106.1776733
65.9420624
54.1097107
51.2419624
20.9414978
2.8411281
0.5400561
3.2031591
25.1068687
42.8189583
20.8546143
4.0793152
2.1893682
1.4786363
1.5174398
17.9118500
67.7315826
104.1822968
95.2856903
49.6156578
27.1004791
36.8944817
43.3907928
27.8707085
12.3639956
32.8948975
51.3718529
37.7029533
7.9388661
1.0923263
0.1120180
0.7154889
14.7334862
48.2823067
66.0341263
65.3808441
63.8516998
82.2427979
105.9289932
117.4470291
124.3326111
119.1714172
118.2637100
129.6434479
121.7839813
80.8496399
47.2504425
33.2259216
14.8501091
2.0397081
0.2116390
3.5388761
22.6207123
42.2129097
38.0636520
17.6873360
4.7046518
1.4122057
0.7890951
0.2672993
0.0855254
0.0790087
0.0995103
0.1263553
0.3084185
0.4761078
0.4356777
0.3786414
0.4782716
0.6172740
0.7362653
0.7521505
0.6317096
0.4245078
0.2965973
0.3227442
0.4549953
0.5527592
0.4491021
0.4236915
0.3907672
0.4416769
0.3408328
0.2752487
0.3267602
0.4551609
0.5826387
0.3450360
0.3155641
0.4594814
0.4630124
0.3566039
0.3761142
0.4868214
0.5178393
0.4093279
0.3976294
0.3908378
0.5413344
0.4518831
0.3119100
0.2926704
0.2985449
0.2961171
0.3911848
0.3733434
0.4911257
1.5457290
2.9099145
2.5123158
0.7226022
0.3795563
0.2929851
0.8738815
2.1135347
2.1707902
1.2334570
4.9585085
27.9329586
96.6944199
233.8956451
374.6830139
401.1476440
294.1794739
176.1366425
84.4149780
33.4638786
32.9898453
19.7437668
6.6771746
6.1335125
10.0995932
15.8596134
21.5325298
27.9836731
31.5906410
43.6648064
98.2057114
165.2129059
182.2569580
139.9244232
85.1096725
49.0705872
35.4119453
24.4714756
8.8796806
9.1634769
20.3768120
22.0523262
12.2348080
7.4736466
2.0282862
0.3675382
0.1170888
0.2350483
0.2987765
0.5264831
2.5683002
11.0863676
22.2391853
29.2556896
35.2349854
36.3195915
32.4836998
29.9616299
54.1080666
108.0632324
127.6206894
100.7110443
60.4348297
46.6196709
48.7168236
29.1901531
7.3870125
5.5302172
5.8052320
2.7042558
0.5025906
2.1415567
14.6399307
31.6737595
32.0541191
17.9155865
8.4479218
4.3137150
1.4709588
0.5387021
0.2274483
0.1164545
0.1929369
0.4923888
1.1676704
1.1768230
1.1974306
1.2336999
1.2225100
0.9373660
3.3900874
15.8129568
27.5563107
53.1320496
168.3298340
326.3808594
371.6377869
259.5274658
132.2361603
65.1442337
34.0932121
49.5414429
95.0536652
106.1085281
86.6825562
50.2131004
32.4109421
21.9710960
5.5389380
2.5574579
3.7727647
43.8523598
132.9535217
162.3015594
105.7559586
39.4450302
26.3731041
12.2791805
6.0928211
12.9709759
27.9125099
52.5694275
62.0137253
41.9554749
25.2748299
22.7960472
13.9843283
10.7806511
29.1831455
69.4186859
109.3969269
111.1484070
86.1900330
66.8081360
32.8176651
16.4216442
10.6064205
10.5060663
12.4481030
46.4258652
116.9167328
232.2954865
334.6936340
334.5232239
270.7033386
180.7996216
93.4653778
61.6335220
17.5565453
6.6825643
0.7364693
4.8135958
16.2216778
18.4529190
19.7116566
36.0917435
97.7026978
169.8571167
177.1863403
119.2319870
54.8453827
27.4811096
21.2118454
22.4809628
15.4706850
9.4383268
16.7278042
45.6616974
49.2936249
31.3390694
11.0570259
9.6270351
21.3298092
80.8475876
216.9325104
339.2354736
332.2730713
202.2864838
72.3543472
11.0356092
11.4270897
1.3987491
2.4912236
32.9063721
98.6268311
133.8474426
115.2374573
61.2367325
34.9801941
38.9679832
27.9378071
15.2525949
9.4881039
9.4318991
34.1353912
83.1574631
101.9738464
63.5368881
27.8044949
40.2040558
43.3539696
27.4783707
11.3801022
0.7915699
1.1045740
3.9552257
7.3735685
9.0256844
6.8009176
1.5937347
0.3389325
31.8686008
195.0113220
434.1320190
583.7991333
563.4915161
420.6782227
258.7914734
154.5809631
76.9676285
47.1889839
21.9701767
8.7401495
33.6285706
83.0379791
87.8996277
70.9600677
56.4018135
42.9200554
27.9306831
13.2941284
4.3076324
0.4641400
0.2198723
0.3767241
0.1325856
0.0889746
0.1456104
0.4095164
0.4487969
0.3332023
0.2520671
0.3571757
0.3943056
0.3498335
0.3749959
0.4211756
0.3918658
0.2663978
0.2870966
0.3098294
0.3361386
0.6286446
1.0742961
1.3355027
0.9617460
2.2486379
30.2576160
82.9291687
109.8546295
83.3106613
35.3917274
12.6950388
9.9476595
9.8742313
5.2217226
0.6190273
1.7830318
15.8271580
66.4367599
134.6122894
175.4373779
165.1565704
133.6457062
82.4600067
43.6715584
24.5600300
21.2872486
25.0117378
27.1533318
21.4765873
13.2185068
21.0700035
63.3022690
106.3449860
106.0602646
56.2367096
12.0177784
11.8695793
46.4358749
101.0409241
98.3723526
45.5673752
20.7476902
15.2699366
8.0371895
8.0926313
8.6186447
7.4676185
4.7059450
3.3914878
7.3139987
17.7222328
29.8502007
34.7299614
29.0340919
20.4279690
15.8212242
12.0980663
7.7383633
4.4039598
2.4239941
1.5530295
1.0246029
0.8402272
0.4830651
0.1696721
0.1397283
0.1282995
0.2401219
0.2049611
0.0886811
0.0252760
0.0019646
0.0000275
0.0000000
0.0000000
0.0000000
0.0000000
0.0000000
0.0000000
0.0000000
0.0000000
0.0000000
0.0000000
0.0000000
0.0000000
0.0000000
0.0000000
0.0000000
0.0000000
0.0000000
0.0000000
0.0000000
0.0000000
0.0000000
0.0000000
0.0000000
0.0000000
0.0000000
0.0000000
0.0000000
0.0000000
0.0000000
0.0000000
0.0000000
0.0000000
0.0000000
0.0000000
0.0000000
0.0000000
0.0000000
0.0000000
0.0000000
0.0000000
0.0000000
0.0000000
0.0000000
0.0000000
0.0000000
0.0000000
0.0000000
0.0000000
0.0000000
0.0000000
0.0000000
0.0000000
0.0000000
0.0000000
0.0000000
0.0000000
0.0000000
0.0000000
0.0000000
0.0000000
0.0000000
0.0000000
0.0000000
0.0000000
0.0000000
0.0000000
0.0000000
0.0000000
0.0000000
0.0000000
0.0000000
0.0000000
0.0000000
0.0000000
0.0000000
0.0000000
0.0000000
0.0000000
0.0000000
0.0000000
0.0000000
0.0000000
0.0000000
0.0000000
0.0000000
0.0000000
0.0000000
0.0000000
0.0000000
0.0000000
0.0000000
0.0000000
0.0000000
0.0000000
0.0000000
0.0000000
0.0000000
0.0000000
0.0000000
0.0000000
0.0000000
0.0000000
0.0000000
0.0000000
0.0000000
0.0000000
0.0000000
0.0000000
0.0000000
0.0000000
0.0000000
0.0000000
0.0000000
0.0000000
0.0000000
0.0000000
0.0000000
0.0000000
0.0000000
0.0000000
0.0000000
0.0000000
0.0000000
0.0000000
0.0000000
0.0000000
0.0000000
0.0000000
0.0000000
0.0000000
0.0000000
0.0000000
0.0000000
0.0000000
0.0000000
0.0000000
0.0000000
0.0000000
0.0000000
0.0000000
0.0000000
0.0000000
0.0000000
0.0000000
0.0000000
0.0000000
0.0000000
0.0000000
0.0000000
0.0000000
0.0000000
0.0000000
0.0000000
0.0000000
0.0000000
0.0000000
0.0000000
0.0000000
0.0000000
0.0000000
0.0000000
0.0000000
0.0000000
0.0000000
0.0000000
0.0000000
0.0000000
0.0000000
0.0000000
0.0000000
0.0000000
0.0000000
0.0000000
0.0000000
0.0000000
0.0000000
0.0000000
0.0000000
0.0000000
0.0000000
0.0000000
0.0000000
0.0000000
0.0000000
0.0000000
0.0000000
0.0000000
0.0000000
0.0000000
0.0000000
0.0000000
0.0000000
0.0000000
0.0000000
0.0000000
0.0000000
0.0000000
0.0000000
0.0000000
0.0000000
0.0000000
0.0000000
0.0000000
0.0000000
0.0000000
0.0000000
0.0000000
0.0000000
0.0000000
0.0000000
0.0000000
0.0000000
0.0000000
0.0000000
0.0000000
0.0000000
0.0000000
0.0000000
0.0000000
0.0000000
0.0000000
0.0000000
0.0000000
0.0000000
0.0000000
0.0000000
0.0000000
0.0000000
0.0000000
0.0000000
0.0000000
0.0000000
0.0000000
0.0000000
0.0000000
0.0000000
0.0000000
0.0000000
0.0000000
0.0000000
0.0000000
0.0000000
0.0000000
0.0000000
0.0000000
0.0000000
0.0000000
0.0000000
0.0000000
0.0000000
0.0000000
0.0000000
0.0000000
0.0000000
0.0000000
0.0000000
0.0000000
0.0000000
0.0000000
0.0000000
0.0000000
0.0000000
0.0000000
0.0000000
0.0000000
0.0000000
0.0000000
0.0000000
0.0000000
0.0000000
0.0005249
0.0769836
0.3433575
0.6651077
0.8059212
1.4237803
2.8686426
3.3011136
1.5749991
0.1419853
0.1128263
0.2984046
0.5651764
2.0719941
7.1277776
29.1161366
97.2973633
204.2032013
276.1588135
245.2680664
148.1496429
79.0336380
46.9564209
31.3086567
55.4398155
128.0144806
192.2623596
205.1023407
185.8389587
121.1943283
54.1018257
25.9975052
33.7328987
50.2992935
62.6329422
39.1422119
15.8539639
7.2458057
7.9082007
13.6775875
16.7459297
14.7966757
10.2077227
4.8665504
22.3810215
67.4735870
121.1371613
173.9639587
229.3632355
262.1614685
232.4042969
149.0834961
95.1792755
56.0033188
21.9965000
51.1413918
98.3657532
77.5192490
38.3734894
10.2789087
12.4534283
26.5888577
36.1334038
29.1301556
36.5537910
26.2079506
14.9642506
14.8947830
19.9433651
38.8451157
70.8171768
83.8922348
60.1218338
26.3113518
24.0390625
118.9723587
301.5525208
439.4489746
395.7619934
249.2983246
111.3451996
28.5803223
16.9229164
3.3297541
2.7683887
10.4769478
81.6585236
176.1428680
192.8552551
132.4802551
56.3113403
32.4075699
13.6270123
4.1171522
4.9109755
4.5148845
25.2551365
143.5209351
295.7806702
346.0068054
257.9759827
119.4846420
39.7790756
16.0732975
12.1292429
8.7937546
5.6269226
6.1651082
24.0692596
74.8064423
121.9619370
99.2912064
32.6652031
6.3205123
2.9668453
1.4296038
0.3684764
0.2891912
14.0450916
59.3748016
121.5159988
170.3752441
189.6585693
184.4279022
166.8586426
116.4157181
78.4373779
116.6806412
174.5905762
134.5151367
75.2541351
51.7422180
42.4449196
25.6398506
14.9866371
6.4991245
3.9185786
17.4886360
53.4739723
54.3846512
37.8737564
44.8414001
89.1405411
158.7990570
190.2548981
155.5592651
116.0508041
69.9091949
36.6148796
11.4132900
3.3364511
12.7702122
48.5154419
72.0964737
35.0933533
13.2792797
4.6836486
3.6044097
22.8843365
65.4051285
62.2055588
30.0340309
5.0156355
3.6197112
2.7283633
31.0326233
76.0366592
81.5181351
43.6492844
37.4472809
69.1838760
104.4099197
109.9673309
91.0151901
55.4937363
26.8927498
4.9752812
5.4985280
7.6039624
6.2048326
6.5893388
6.8623753
9.9670830
23.1087227
40.0629044
41.5942993
24.9626789
12.7978487
5.5232353
3.1524668
11.9724922
33.8783989
37.2607803
28.4322262
24.4832001
15.4956884
2.8253095
3.2652440
16.9065666
49.0569344
76.2991409
69.7068863
42.0299721
30.3860779
26.8985767
22.0802975
20.9078846
16.6478901
9.7879333
7.7573109
9.9087505
25.3680019
32.8048477
25.8129120
22.1598892
13.1174803
3.1491516
3.1025271
3.7867770
5.0507832
16.9740753
38.2133789
42.8308754
30.5259647
19.5212879
13.3653107
9.1329851
18.0017700
38.0595779
41.3009453
25.2883892
8.7568665
3.1755538
0.7878431
1.4509425
11.6801395
31.0499191
25.9282551
15.7371254
12.3850842
10.1150970
9.5833063
13.6385345
14.2342939
17.4871616
22.4221268
26.6835480
24.3527031
15.8495255
7.7509103
5.2676263
5.8306131
4.0521450
1.2686006
0.5927886
0.2529613
0.1448554
0.2811932
0.3046052
0.3554693
0.4357847
0.4336246
0.5030819
0.4471427
0.3280285
0.4055189
0.4892686
0.3357225
0.2388230
0.4591976
1.3524101
2.0951076
1.4352493
0.2705230
0.1633253
0.2068395
0.2838376
0.3272622
0.3793233
0.3962573
0.4031871
0.3892271
0.4239282
0.4768559
0.5106206
0.3691507
0.3239913
0.2759960
0.2754065
0.2978944
0.3081660
0.3683735
0.4738562
0.5513785
0.3935242
0.3663689
0.4390011
0.5596226
0.5161765
0.5029430
0.5284292
0.5576481
0.5921705
4.1261711
15.2213869
41.8401337
96.2336731
185.7601929
273.0109863
264.3468018
157.8622742
72.5795517
37.5119858
32.0627556
21.0728893
17.2013950
45.6195068
76.3749542
46.7253571
39.1083412
28.7449570
17.0020580
9.5417747
3.3300312
6.4587083
43.3312836
82.3241348
77.1362915
43.8498459
27.7649384
16.6241932
7.4727006
5.0855064
10.4901237
23.5487270
33.9313927
28.6170387
22.2082119
24.3308029
14.2480106
2.7565823
1.4285104
1.4253383
0.7189327
0.8511444
7.9102907
17.3476276
13.4467049
2.7788856
0.6831281
0.5921807
0.5566828
0.6658525
0.9035381
0.4700279
0.2822386
0.1490438
0.1691440
0.0294427
0.0036470
0.0000947
0.0000000
0.0000000
0.0000000
0.0000000
0.0000000
0.0000000
0.0000000
0.0000000
0.0000000
0.0000000
0.0000000
0.0000000
0.0000000
0.0000000
0.0000000
0.0000000
0.0000000
0.0000000
0.0000000
0.0000000
0.0000000
0.0000000
0.0000000
0.0000000
0.0000000
0.0000000
0.0000000
0.0000000
0.0000000
0.0000000
0.0000000
0.0000000
0.0000000
0.0000000
0.0000000
0.0000000
0.0000000
0.0000000
0.0000000
0.0000000
0.0000000
0.0000000
0.0000000
0.0000000
0.0000000
0.0000000
0.0000000
0.0000000
0.0000000
0.0000000
0.0000000
0.0000000
0.0000000
0.0000000
0.0000000
0.0000000
0.0000000
0.0000000
0.0000000
0.0000000
0.0000000
0.0000000
