0.0000000
0.0000000
0.0000000
0.0000000
0.0000000
0.0000000
0.0000000
0.0000000
0.0000000
0.0000000
0.0000000
0.0000000
0.0000000
0.0000000
0.0000000
0.0000000
0.0000000
0.0000000
0.0000000
0.0000000
0.0000000
0.0000000
0.0000000
0.0000000
0.0000000
0.0000000
0.0000000
0.0000000
0.0000000
0.0000000
0.0000000
0.0000000
0.0000000
0.0000000
0.0000000
0.0000000
0.0000000
0.0000000
0.0000000
0.0000000
0.0000000
0.0000000
0.0000000
0.0000000
0.0000000
0.0000000
0.0000000
0.0000000
0.0000000
0.0000000
0.0000000
0.0000000
0.0000000
0.0000000
0.0000000
0.0000000
0.0000000
0.0000000
0.0000000
0.0000000
0.0000000
0.0000000
0.0000000
0.0000000
0.0000000
0.0000000
0.0000000
0.0000000
0.0000000
0.0000000
0.0000000
0.0000000
0.0000000
0.0000000
0.0000000
0.0000000
0.0000000
0.0000000
0.0000000
0.0000000
0.0000000
0.0000000
0.0000000
0.0000000
0.0000000
0.0000000
0.0000000
0.0000000
0.0000000
0.0000000
0.0000000
0.0000000
0.0000000
0.0000000
0.0000000
0.0000000
0.0000000
0.0000000
0.0000000
0.0000000
0.0000000
0.0000000
0.0000000
0.0000000
0.0000000
0.0000000
0.0000000
0.0000000
0.0000000
0.0000000
0.0000000
0.0000000
0.0000000
0.0000000
0.0000000
0.0000000
0.0000000
0.0000000
0.0000000
0.0000000
0.0000000
0.0000000
0.0000000
0.0000000
0.0000000
0.0000000
0.0000000
0.0000000
0.0000000
0.0000000
0.0000000
0.0000000
0.0000000
0.0000000
0.0000000
0.0000000
0.0000000
0.0000000
0.0000000
0.0000000
0.0000000
0.0000000
0.0000000
0.0000000
0.0000000
0.0000000
0.0000000
0.0000000
0.0000000
0.0000000
0.0000000
0.0000000
0.0000000
0.0000000
0.0000000
0.0000000
0.0000000
0.0000000
0.0000000
0.0000000
0.0000000
0.0000000
0.0000000
0.0000000
0.0000000
0.0000000
0.0000000
0.0000000
0.0000000
0.0000000
0.0000000
0.0000000
0.0000000
0.0000000
0.0000000
0.0000000
0.0000000
0.0000000
0.0000000
0.0000000
0.0000000
0.0977895
0.8166142
1.9040793
2.3450067
2.0693607
1.6757824
1.4004493
1.0659525
0.8079706
0.8713243
0.8337605
0.8010325
1.0406265
1.1389678
0.9804350
0.9013139
1.0361648
2.8089721
18.0372124
74.0840988
146.3253174
173.1325531
141.1652222
91.8064804
39.9005852
26.6390820
29.7581921
10.5926485
0.9458421
0.3926745
3.0888052
12.7190409
24.0131054
30.3421688
29.3659115
27.7846317
29.6169682
31.2568398
29.4360695
25.0289040
19.6347866
14.4272404
8.3375082
3.1872420
1.0577228
0.5324119
0.4820194
0.4740619
2.9976680
30.6228466
99.2275620
160.4332275
156.5048370
96.6629257
43.6356964
12.1471539
3.8223848
0.9636997
5.1922188
13.5743847
23.6875381
26.6850567
21.8094807
13.9184151
12.5227509
24.7089272
39.3142166
62.5780983
97.7681046
125.5140762
126.9266510
98.7342682
58.5365334
28.0376205
14.3138561
4.9953790
2.8902550
19.3580627
43.4695435
38.9065552
19.6729603
11.8707447
18.5318527
42.9965782
70.6969528
76.4984589
60.9987640
47.6137657
38.5807724
24.0923309
33.5333214
53.2060280
43.1455421
23.3555851
6.7409806
1.8569106
1.2352082
1.1172364
0.6590995
0.7042320
0.7913196
0.8709465
1.1448822
1.5324986
1.7116071
1.5080941
1.0915947
0.8152357
4.6508217
22.6125584
55.0029373
80.3726425
75.5870132
54.7561646
34.8737946
21.9687576
17.7300072
36.4304047
41.9326782
35.2360115
27.5361481
22.6920662
28.7300110
34.0966644
25.1996670
17.7095203
17.2425575
20.1304626
14.3392124
10.2478161
11.4442148
4.8574767
1.2500364
2.5163746
13.1776047
39.2502747
47.6965485
34.0192223
20.6422386
11.1962547
18.6336861
32.2704163
59.6905594
79.1614532
68.6646729
49.8294754
42.3354378
41.0199356
36.0815010
30.8450489
25.0645123
20.4259701
28.3567638
34.6055489
31.2256985
25.0617676
19.4084339
11.6969719
11.4826355
4.3117385
2.3376355
17.6605835
40.3376541
47.9562836
38.2874680
22.6779900
19.6908569
33.4533615
43.6227722
38.5855103
26.3289032
15.9051943
16.4507084
14.4579048
23.5246582
27.6871567
19.9225311
8.3845577
2.5090523
0.7629402
10.6458540
58.6325111
108.4634247
105.9547119
56.9748917
28.6851749
13.0551271
8.5381727
19.0172596
35.7083511
65.9731445
117.2602234
147.8829803
130.2584839
114.1035080
81.6699524
63.7600517
16.9267502
2.4382584
3.0265608
4.8327847
2.9790430
4.6650333
18.7314053
44.6302834
57.8213348
57.6722412
51.9337959
41.1315689
29.7488995
20.5914574
11.6206999
11.3641758
23.1945057
26.3261299
23.0943375
15.8931112
16.9056892
30.0711384
30.1961250
17.6558609
12.2299271
8.8362026
12.0382595
23.1022015
27.7732697
20.7225494
35.1190910
55.4734383
80.2093735
91.4640808
73.2760544
45.4749641
23.5943222
17.3563080
24.3221245
27.5576134
18.7465324
7.3925748
8.0034456
8.8055134
19.2395477
26.1258945
28.7673950
30.0740089
22.8432274
11.9453583
6.4625292
5.9182758
6.1008453
4.0834107
2.5609365
6.1025777
11.5167885
10.2602825
4.9544153
2.3029435
1.2095758
0.7847508
0.7415127
0.4612646
0.4685390
0.6810991
0.9599476
1.5600238
2.6276164
4.1212373
3.8865232
1.9590362
1.3634620
0.9681985
0.6900300
0.7449429
0.6826204
0.7098230
1.2370019
1.6227801
1.4857248
1.2631602
1.5401127
1.5623177
1.0015608
0.7411561
0.7892058
0.8680506
1.2452894
1.1705488
1.1099595
0.8792624
0.6493998
0.7669989
0.7553641
4.7061067
17.5315723
41.4500999
86.6752472
127.0177460
124.5433044
95.3806305
69.8701935
57.5704689
62.6515541
53.1621437
33.3338089
21.6679745
19.5338135
16.3747406
19.2944336
49.3284798
80.4805984
79.5599976
55.2135925
25.7487602
8.3387136
9.1005297
8.2397232
9.8033323
14.7725000
40.2010345
87.0501404
114.6015549
118.3203888
99.3657837
71.4861908
29.4447155
4.3561444
1.6153541
2.9869165
6.5943422
4.3285909
2.7152309
10.6862326
25.8745804
32.3250389
29.4519958
28.5348186
23.5911446
19.2153225
15.1570139
13.1266899
14.8941612
15.2120056
11.3628139
5.6278458
6.7030191
19.1112309
23.4833965
13.4143724
6.2438941
3.2009811
9.1051321
20.5331001
18.5469933
9.3970442
14.4463606
19.4221268
19.8407364
14.6550856
10.9254808
11.9926081
12.6249857
11.3767395
12.6619730
15.5833502
17.2379665
12.8568554
8.4108648
4.6997838
6.0486383
9.4941750
7.0566359
3.3485699
1.6561047
2.1226952
2.6652112
1.2558084
2.3330116
6.4442387
7.7971458
4.4962320
1.8535385
0.9906561
1.0296277
1.3311064
1.2658905
0.7519943
0.5770376
0.5963202
0.6853343
0.4805757
0.5419350
0.5513564
0.7320440
1.1259549
0.9753748
0.8779775
0.7759774
0.8144746
0.7759922
0.5979578
0.3073278
0.0666269
0.0016537
0.0004649
0.0000000
0.0000000
0.0000000
0.0000000
0.0000000
0.0000000
0.0000000
0.0000000
0.0000000
0.0000000
0.0000000
0.0000000
0.0000000
0.0000000
0.0000000
0.0000000
0.0000000
0.0000000
0.0000000
0.0000000
0.0000000
0.0000000
0.0000000
0.0000000
0.0000000
0.0000000
0.0000000
0.0000000
0.0000000
0.0000000
0.0000000
0.0000000
0.0000000
0.0000000
0.0000000
0.0000000
0.0000000
0.0000000
0.0000000
0.0000000
0.0000000
0.0000000
0.0000000
0.0000000
0.0000000
0.0000000
0.0000000
0.0000000
0.0000000
0.0000000
0.0000000
0.0000000
0.0000000
0.0000000
0.0000000
0.0000000
0.0000000
0.0000000
0.0000000
0.0000000
0.0000000
0.0000000
0.0000000
0.0000000
0.0000000
0.0000000
0.0000000
0.0000000
0.0000000
0.0000000
0.0000000
0.0000000
0.0000000
0.0000000
0.0000000
0.0000000
0.0000000
0.0000000
0.0000000
0.0000000
0.0000000
0.0000000
0.0000000
0.0000000
0.0000000
0.0000000
0.0000000
0.0000000
0.0000000
0.0000000
0.0000000
0.0000000
0.0000000
0.0000000
0.0000000
0.0000000
0.0000000
0.0000000
0.0000000
0.0000000
0.0000000
0.0000000
0.0000000
0.0000000
0.0000000
0.0000000
0.0000000
0.0000000
0.0000000
0.0000000
0.0000000
0.0000000
0.0000000
0.0000000
0.0000000
0.0000000
0.0000000
0.0000000
0.0000000
0.0000000
0.0000000
0.0000000
0.0000000
0.0000000
0.0000000
0.0000000
0.0000000
0.0000000
0.0000000
0.0000000
0.0000000
0.0000000
0.0000000
0.0000000
0.0000000
0.0000000
0.0000000
0.0000000
0.0000000
0.0000000
0.0000000
0.0000000
0.0000000
0.0000000
0.0000000
0.0000000
0.0000000
0.0000000
0.0000000
0.0000000
0.0000000
0.0000000
0.0000000
0.0000000
0.0000000
0.0000000
0.0000000
0.0000000
0.0000000
0.0000000
0.0000000
0.0000000
0.0000000
0.0000000
0.0000000
0.0000000
0.0000000
0.0000000
0.0000000
0.0000000
0.0000000
0.0000000
0.0000000
0.0000000
0.0000000
0.0000000
0.0000000
0.0000000
0.0000000
0.0000000
0.0000000
0.0000000
0.0000000
0.0000000
0.0000000
0.0000000
0.0000000
0.0000000
0.0000000
0.0000000
0.0000000
0.0000000
0.0000000
0.0000000
0.0000000
0.0000000
0.0000000
0.0000000
0.0000000
0.0000000
0.0000000
0.0000000
0.0000000
0.0000000
0.0000000
0.0000000
0.0000000
0.0000000
0.0000000
0.0000000
0.0000000
0.0000000
0.0000000
0.0000000
0.0000000
0.0000000
0.0000000
0.0000000
0.0000000
0.0000000
0.0000000
0.0000000
0.0000000
0.0000000
0.0000000
0.0000000
0.0000000
0.0000000
0.0000000
0.0000000
0.0000000
0.0000000
0.0000000
0.0000000
0.0000000
0.0000000
0.0000000
0.0000000
0.0278410
0.3282569
1.0227193
1.7976871
2.1486921
1.7106916
0.8909278
0.5456224
0.7909914
2.0213861
2.8817282
2.0504131
0.6034543
0.6161360
0.5924453
0.4737575
0.7887005
1.4667190
2.3708391
5.7046299
24.3287163
68.1313248
106.2697449
102.8849487
69.4051132
40.1026192
64.1612778
154.6759949
289.1999207
365.6917114
343.2699280
230.4321136
137.7139282
102.2920685
79.8014679
43.4203148
14.4923687
11.7234154
15.9589577
15.0747128
10.6105957
8.4351311
7.6004262
6.5547180
7.3543468
7.7450314
7.9465294
4.6303854
2.1019573
1.2423959
3.3331680
7.1839318
7.1520376
2.0661566
0.3803731
1.0617399
9.9717999
59.1067810
123.0503235
135.9617310
95.1300049
60.7335510
54.8307343
39.8725739
30.9132404
53.8180466
40.1250305
10.4390688
4.0404558
5.3794689
10.8177366
18.8290253
29.9501591
47.2568817
56.5692558
54.8352356
49.7789078
42.8996239
27.9074821
11.0220518
10.8415747
13.4221716
7.3965321
5.5117841
7.0185289
8.7331991
10.1219234
9.5120983
17.9238930
49.4078140
83.9456863
98.5577469
81.0913391
52.4715729
28.0931072
20.5473671
36.9702034
37.6209717
29.9647350
27.3953228
25.9256783
22.2181072
26.0142193
28.4139824
16.9326401
8.4719563
17.6511230
16.7040405
11.1495075
10.5911808
10.2860460
4.9373298
1.7172768
1.5075986
0.5194989
0.2534047
0.3256353
0.4805177
1.2564654
1.7077039
1.4767652
1.2532023
0.8573598
0.5907460
0.4972944
0.7141697
0.6726463
0.8314608
0.8483832
1.0751634
1.6255971
1.2479491
0.7256840
0.4634248
0.5465829
0.9487552
0.9815821
0.8539666
0.7759632
0.9876845
0.9240271
0.9614464
0.8778875
0.8599598
0.9553341
0.8316437
2.4461896
13.4105940
38.7271004
72.9819183
101.5690079
109.9316101
93.3363113
63.4059753
35.7640343
19.1904945
19.7525120
17.8277760
19.9287014
38.6016083
81.2903671
124.9551086
146.1300659
128.0393372
91.4231415
54.3439827
27.5750809
60.6610985
149.5789337
123.8540115
77.2288437
41.7072830
16.2490959
33.7286758
99.7880707
136.9363708
118.6773071
82.3719635
43.3828583
19.4828987
14.2541027
16.6976204
24.3001137
53.5640984
84.2702255
83.3453827
52.2515564
20.4904842
8.9036636
3.2598872
2.6249788
4.5130949
11.0597343
16.4921970
20.3290062
21.2200203
20.4962120
19.0307980
11.1941576
3.8032269
12.0285120
23.2091789
25.8689651
17.7654991
19.9139023
48.0743904
98.8360825
128.5766754
113.3726044
86.8741760
70.8104553
62.8095703
69.7380219
139.8620148
162.7162628
77.0432434
21.3973942
18.7800465
36.0457993
56.7695808
48.2424622
32.9683228
13.1855984
5.0432673
3.4114685
6.9151335
10.2224083
10.7290554
8.0415316
5.4329963
6.7049322
29.4709148
83.9852676
146.0945587
181.5305176
169.3943634
132.4406586
104.7282181
87.0256729
67.0674210
41.3994293
89.3497009
121.4048615
96.4907532
69.9049911
56.8114471
44.7258987
27.4405441
10.2474031
2.4135916
2.3174448
9.0008183
15.2639542
13.1710978
5.7191467
1.6236815
1.0517595
1.7984475
13.1882677
38.2434616
56.1504631
51.2662354
37.7138214
25.3154716
15.5055208
7.1576986
5.2540903
7.6479001
15.7428885
19.0216331
11.6972408
5.9307122
1.7945729
1.0333195
0.6127645
2.8771658
5.7481689
8.6382246
11.5570202
13.1101646
12.1288223
10.5112324
23.7623539
51.7830391
69.9548950
61.5513916
48.2749214
37.8952103
55.4869118
57.3704414
44.6829109
31.2163906
29.4546757
38.6835899
48.1562462
43.7528572
22.2190895
10.1546926
2.3804057
1.8210227
2.0533493
2.7623632
4.9518228
18.5145206
55.9476433
93.2763672
110.0206604
113.1484680
161.3247070
237.5584564
336.4728699
298.8378906
144.5554657
49.1159897
49.1343956
55.7302170
44.4269104
21.9899082
15.1766624
12.4912786
9.3419628
6.4530773
4.2280059
5.4364352
8.5762672
17.3626499
47.6632996
83.4448547
92.6328583
72.9047928
42.4865112
20.1080475
3.7675920
2.5460436
2.2129822
3.2086308
4.9873643
3.4540224
2.9658899
2.8369184
1.9412324
2.6400487
8.7921848
32.2339211
61.1560745
70.7652664
65.8619843
74.4204636
86.2650146
87.1878738
62.1263123
32.1201782
18.6865368
25.4888344
29.7577267
17.5454807
8.5850410
6.7050419
5.1359100
2.8666525
3.9803612
1.9436554
1.7042193
1.9968765
1.7113485
1.9200234
2.2082067
1.4049007
0.5798455
0.4310357
0.7166039
0.7929046
0.7060491
0.4615273
0.1926637
0.0231512
0.0016278
0.0000000
0.0000000
0.0000000
0.0000000
0.0000000
0.0000000
0.0000000
0.0000000
0.0000000
0.0000000
0.0000000
0.0000000
0.0000000
0.0000000
0.0000000
0.0000000
0.0000000
0.0000000
0.0000000
0.0000000
0.0000000
0.0000000
0.0000000
0.0000000
0.0000000
0.0000000
0.0000000
0.0000000
0.0000000
0.0000000
0.0000000
0.0000000
0.0000000
0.0000000
0.0000000
0.0000000
0.0000000
0.0000000
0.0000000
0.0000000
0.0000000
0.0000000
0.0000000
0.0000000
0.0000000
0.0000000
0.0000000
0.0000000
0.0000000
0.0000000
0.0000000
0.0000000
0.0000000
0.0000000
0.0000000
0.0000000
0.0000000
0.0000000
0.0000000
0.0000000
0.0000000
0.0000000
0.0000000
0.0000000
0.0000000
0.0000000
0.0000000
0.0000000
0.0000000
0.0000000
0.0000000
0.0000000
0.0000000
0.0000000
0.0000000
0.0000000
0.0000000
0.0000000
0.0000000
0.0000000
0.0000000
0.0000000
0.0000000
0.0000000
0.0000000
0.0000000
0.0000000
0.0000000
0.0000000
0.0000000
0.0000000
0.0000000
0.0000000
0.0000000
0.0000000
0.0000000
0.0000000
0.0000000
0.0000000
0.0000000
0.0000000
0.0000000
0.0000000
0.0000000
0.0000000
0.0000000
0.0000000
0.0000000
0.0000000
0.0000000
0.0000000
0.0000000
0.0000000
0.0000000
0.0000000
0.0000000
0.0000000
0.0000000
0.0000000
0.0000000
0.0000000
0.0000000
0.0000000
0.0000000
0.0000000
0.0000000
0.0000000
0.0000000
0.0000000
0.0000000
0.0000000
0.0000000
0.0000000
0.0000000
0.0000000
0.0000000
0.0000000
0.0000000
0.0000000
0.0000000
0.0000000
0.0000000
0.0000000
0.0000000
0.0000000
0.0000000
0.0000000
0.0000000
0.0000000
0.0000000
0.0000000
0.0000000
0.0000000
0.0000000
0.0000000
0.0000000
0.0000000
0.0000000
0.0000000
0.0000000
0.0000000
0.0000000
0.0000000
0.0000000
0.0000000
0.0000000
0.0000000
0.0000000
0.0000000
0.0000000
0.0000000
0.0000000
0.0000000
0.0000000
0.0000000
0.0000000
0.0000000
0.0000000
0.0000000
0.0000000
0.0000000
0.0000000
0.0000000
0.0000000
0.0000000
0.0000000
0.0000000
0.0000000
0.0000000
0.0000000
0.0000000
0.0000000
0.0000000
0.0000000
0.0000000
0.0000000
0.0000000
0.0000000
0.0000000
0.0000000
0.0000000
0.0000000
0.0000000
0.0000000
0.0000000
0.0000000
0.0000000
0.0000000
0.0000000
0.0000000
0.0000000
0.0000000
0.0000000
0.0000000
0.0000000
0.0000000
0.0000000
0.0000000
0.0000000
0.0000000
0.0000000
0.0000000
0.0000000
0.0000000
0.0000000
0.0000000
0.0000000
0.0000000
0.0000000
0.0000000
0.0000000
0.0000000
0.0000000
0.0000000
0.0000000
0.0000000
0.0000000
0.0000000
0.0000000
0.0000000
0.0000000
0.0000000
0.0000000
0.0000000
0.0000000
0.0000000
0.0000000
0.0000000
0.0000000
0.0000000
0.0000000
0.0000000
0.0000000
0.0000000
0.0000000
0.0000000
0.0000000
0.0000000
0.0000000
0.0000000
0.0000000
0.0000000
0.0000000
0.0000000
0.0000000
0.0000000
0.0000000
0.0000000
0.0000000
0.0000000
0.0000000
0.0000000
0.0000000
0.0000000
0.0000000
0.0000000
0.0000000
0.0000000
0.0000000
0.0000000
0.0000000
0.0000000
0.0000000
0.0000000
0.0000000
0.0000000
0.0000000
0.0000000
0.0000000
0.0000000
0.0000000
0.0000000
0.0000000
0.0000000
0.0000000
0.0000000
0.0000000
0.0000000
0.0000000
0.0000000
0.0000000
0.0000000
0.0000000
0.0000000
0.0000000
0.0000000
0.0000000
0.0000000
0.0000000
0.0000000
0.0000000
0.0000000
0.0000000
0.0000000
0.0000000
0.0000000
0.0000000
0.0000000
0.0000000
0.0000000
0.0000000
0.0000000
0.0000000
0.0000000
0.0000000
0.0000000
0.0000000
0.0000000
0.0000000
0.0000000
0.0000000
0.0000000
0.0000000
0.0000000
0.0000000
0.0000000
0.0000000
0.0000000
0.0000000
0.0000000
0.0000000
0.0000000
0.0000000
0.0000000
0.0000000
0.0000000
0.0000000
0.0000000
0.0000000
0.0000000
0.3208191
1.3680333
2.3448865
2.2183347
1.2755551
0.6100763
0.4871654
0.5648331
0.4939492
0.7973852
1.0216067
0.8676509
1.1079565
1.6089627
10.7692986
29.6638737
40.7745895
41.6020927
54.1277351
70.1319122
67.9700089
47.5449371
34.8382378
21.9459972
11.4887943
16.6424332
25.1355553
44.8867798
49.0433159
35.3919907
18.8633957
6.3557162
2.3532872
1.2582470
0.7912935
0.6734394
0.7377717
0.6009752
0.6528826
0.8937559
0.9205339
0.8401046
0.7807004
0.8118910
0.7080880
0.6702549
0.5852872
0.6293195
0.7937180
0.6800432
0.6646507
0.6903492
0.7127895
0.7088395
0.5766997
0.6804634
0.8390224
0.7130011
0.6382090
0.6670450
0.7300270
0.6203759
0.6296313
0.6891938
0.8879992
1.1376915
1.1813484
0.9781964
0.7404147
0.6950741
0.7812819
0.7783876
0.9006411
1.4458048
10.0709600
35.2875328
84.6551056
160.5421906
237.1091614
284.4020691
286.5079651
232.1594696
128.2428284
25.0405006
9.6087408
43.2614594
177.3691559
269.6458740
200.9978638
87.1893387
46.1502380
56.5494080
48.4124985
14.4300117
3.9602022
3.5964515
12.7640343
24.7809448
36.0244217
31.2303104
17.0402946
11.4831200
12.9733095
17.0626793
21.5535049
26.7191734
25.9192696
19.1165733
23.2317162
50.8162575
69.2150192
57.6476860
33.1642570
24.5200005
23.5396843
29.7128716
46.2472305
65.9483109
84.3336182
92.3452072
85.8834457
66.9986496
47.2660522
26.0061302
9.2704420
1.8298113
0.8914801
8.4980650
50.9365120
87.1576233
78.9412918
30.1603603
6.5920529
3.2599986
34.5016479
115.8334503
168.8223267
148.7610321
109.2451324
67.9776459
42.8822594
22.7650757
3.6577425
1.2197050
0.2361103
4.0741224
32.3466835
59.0390968
56.9564209
30.2459507
9.4608707
3.7869816
1.5438967
1.4780216
13.3207664
50.5973587
68.2511978
57.7622337
36.9342384
19.2735558
6.5709510
3.6932440
9.3716002
35.7270699
89.5387039
134.0712128
127.9928207
91.9696732
48.6621780
51.0695305
46.8492432
15.7850399
2.1647992
0.5069239
2.0233133
17.1395588
42.4253387
37.7202911
16.1070614
3.5588067
1.2832065
6.9111834
15.9740648
17.0668392
6.2519255
1.0966055
0.5550711
6.5234828
36.3319244
71.2780304
90.6567154
91.7236099
76.2800598
56.6466637
40.1108932
37.4642715
63.2621422
66.9495544
53.4421387
36.8799934
23.1807194
17.2113876
14.5002375
12.0714054
15.9730101
23.4221287
16.1457500
5.7392335
1.4626862
1.3658142
1.6725954
0.9915485
0.8511934
0.7552635
0.7726187
0.7972779
0.8130869
0.8237038
1.0957903
1.0195897
0.8276784
0.8812747
0.9459827
1.0390449
1.2729139
1.2387545
1.0175257
0.6419984
0.7333499
0.9110883
1.0722828
1.1316354
1.1426864
1.6335688
2.7034116
3.5789621
3.4366772
4.1839557
13.2610674
36.9904823
69.1775513
86.3777847
76.4843216
53.7976418
41.8548813
31.0553951
51.1179581
53.3559036
35.7393875
19.8370514
12.2705593
10.4216766
7.6552782
4.2957726
4.5008769
6.5865827
4.3219876
2.2607930
4.7904692
11.8472052
19.0039940
19.2971287
9.4557085
4.8789616
4.6832142
2.5707664
4.0163765
8.5087185
8.0708399
4.1395330
2.4838524
7.6125407
17.8416176
23.1149826
18.0244331
10.0603428
8.2629604
18.1621819
29.6760426
31.6444626
22.6118526
11.0922642
5.9132981
4.8444285
6.6349020
10.8326550
6.6045537
5.2956147
5.8506589
8.8051968
17.9017544
27.7076473
31.2207241
27.7264042
21.9022217
14.1031170
8.8325968
18.3822479
11.4518385
5.8103142
3.3223755
1.7115803
5.1256986
11.6421909
14.7117605
13.5325937
9.6754961
6.3655343
10.6966982
10.7670584
7.8500810
4.9307380
2.6676605
1.6984870
1.2061069
0.7716700
0.5425706
0.6892222
0.7057934
0.7088519
0.7510116
0.6683065
0.8557120
1.2390718
1.9724002
2.1103458
1.2048845
0.7612890
0.6548247
0.6731133
0.5739130
0.9152741
0.5417743
0.0803006
0.0190921
0.0024776
0.0000000
0.0000000
0.0000000
0.0000000
0.0000000
0.0000000
0.0000000
0.0000000
0.0000000
0.0000000
0.0000000
0.0000000
0.0000000
0.0000000
0.0000000
0.0000000
0.0000000
0.0000000
0.0000000
0.0000000
0.0000000
0.0000000
0.0000000
0.0000000
0.0000000
0.0000000
0.0000000
0.0000000
0.0000000
0.0000000
0.0000000
0.0000000
0.0000000
0.0000000
0.0000000
0.0000000
0.0000000
0.0000000
0.0000000
0.0000000
0.0000000
0.0000000
0.0000000
0.0000000
0.0000000
0.0000000
0.0000000
0.0000000
0.0000000
0.0000000
0.0000000
0.0000000
0.0000000
0.0000000
0.0000000
0.0000000
0.0000000
0.0000000
0.0000000
0.0000000
0.0000000
0.0000000
0.0000000
0.0000000
0.0000000
0.0000000
0.0000000
0.0000000
0.0000000
0.0000000
0.0000000
0.0000000
0.0000000
0.0000000
0.0000000
0.0000000
0.0000000
0.0000000
0.0000000
0.0000000
0.0000000
0.0000000
0.0000000
0.0000000
0.0000000
0.0000000
0.0000000
0.0000000
0.0000000
0.0000000
0.0000000
0.0000000
0.0000000
0.0000000
0.0000000
0.0000000
0.0000000
0.0000000
0.0000000
0.0000000
0.0000000
0.0000000
0.0000000
0.0000000
0.0000000
0.0000000
0.0000000
0.0000000
0.0000000
0.0000000
0.0000000
0.0000000
0.0000000
0.0000000
0.0000000
0.0000000
0.0000000
0.0000000
0.0000000
0.0000000
0.0000000
0.0000000
0.0000000
0.0000000
0.0000000
0.0000000
0.0000000
0.0000000
0.0000000
0.0000000
0.0000000
0.0000000
0.0000000
0.0000000
0.0000000
0.0000000
0.0000000
0.0000000
0.0000000
0.0000000
0.0000000
0.0000000
0.0000000
0.0000000
0.0000000
0.0000000
0.0000000
0.0000000
0.0000000
0.0000000
0.0000000
0.0000000
0.0000000
0.0000000
0.0000000
0.0000000
0.0000000
0.0000000
0.0000000
0.0000000
0.0000000
0.0000000
0.0000000
0.0000000
0.0000000
0.0000000
0.0000000
0.0000000
0.0000000
0.0000000
0.0000000
0.0000000
0.0000000
0.0000000
0.0000000
0.0000000
0.0000000
0.0000000
0.0000000
0.0000000
0.0000000
0.0000000
0.0000000
0.0000000
0.0000000
0.0000000
0.0000000
0.0000000
0.0000000
0.0000000
0.1378693
0.7642306
1.5447859
1.7440963
1.3701506
0.9419483
0.7139516
0.6599340
0.8106440
0.8113869
0.6748969
0.6025441
0.4608870
0.6975735
0.8718610
0.7903068
0.8828564
1.0706220
1.2272730
1.1051159
1.1146458
1.0249633
0.9274122
0.8877954
6.3421822
23.0799065
41.8300056
58.4083672
71.2441177
75.1461639
84.3062439
113.5862045
147.4268799
148.6276855
122.3105850
89.3818130
88.0466385
81.9031219
61.3171272
29.7382088
106.3880539
141.1627502
86.2728958
34.8912926
24.3210392
17.7051945
10.3440504
7.2749305
4.1237593
1.3573396
0.3786106
0.5938170
1.4602666
1.9097848
1.0847987
0.6834614
0.7568280
0.8061329
0.6819612
0.8127675
2.1692891
11.9398508
26.2860222
36.3730621
49.8959885
61.4367638
61.8458366
58.9335709
59.8273697
63.3806496
58.7217789
46.9634514
34.3676529
25.8253574
18.6997070
18.5304718
14.5027370
12.2701664
27.8464832
67.5643158
115.0724030
121.3746796
112.9059219
114.4467621
120.9503326
93.1017227
52.6851158
52.2215347
81.9436646
78.5961380
43.6696548
34.1667328
61.8933907
68.6921158
50.4871864
30.4644203
21.6540680
18.8257961
18.8727131
20.6368389
45.8662376
86.0165329
104.3535690
78.5841904
58.3560982
55.0668907
52.7624893
41.9330444
37.8816681
65.8462524
127.0567169
190.8213806
196.3144836
183.7680817
157.6783142
119.1365509
70.0052109
51.4634247
67.7755356
81.6916580
66.4494934
56.4122314
45.9489441
40.2484932
55.0449295
57.6210327
27.1704483
6.1538987
5.5797858
1.6886420
0.6804061
0.6966500
0.8810940
0.8156306
0.8720437
0.6858962
0.5117416
0.3681048
0.5188386
0.8706603
1.0118940
1.1733961
1.1854162
1.1376134
1.2570502
1.2045476
0.7929671
0.6206387
0.5835295
0.8988330
0.9669901
0.7356355
0.7534900
0.8231983
0.9844975
1.3253726
1.6769630
1.6849847
1.4182150
1.0229881
0.8940703
1.1945372
1.3408420
1.3815695
1.4389609
1.6722800
1.8138952
1.8931940
2.3243399
2.3534923
2.5284667
2.3257203
1.9422330
1.7305306
1.6004157
1.2671897
1.0301349
0.8329526
0.6980798
0.8923983
1.1472270
1.0020103
0.7180469
0.8861854
0.9609499
1.0126417
3.1523356
19.5397491
50.1421700
67.0548248
51.3573532
25.7455101
12.7360430
6.8430638
11.0220070
19.4070683
27.0621853
35.8297539
51.8473549
77.4613190
94.3468246
90.2007523
78.0564499
70.4761505
58.1342697
46.7402229
34.6138840
27.1991501
34.8414230
61.8153305
66.1731873
49.6625290
37.8416939
48.2619057
48.7764854
30.6061058
12.8072624
9.0028553
13.8257351
17.3004761
19.8761597
34.9350433
47.0778656
34.2359085
11.3578711
3.9560542
14.2105227
49.1556511
90.8921432
84.5081100
61.6257515
44.8300438
33.0617294
24.0885162
11.6213903
12.2782946
16.2926502
23.6367054
48.2152214
73.6296768
71.3435211
60.2823181
57.3761177
47.7796288
27.3864498
13.4148321
5.7935724
1.7113526
2.4114816
6.5330381
22.8460712
36.5279350
43.0429230
45.9730606
43.8119392
37.7532158
30.6137657
22.5453396
16.1698074
17.3482227
40.2025337
66.3550415
57.0826530
30.2116318
15.6502972
20.4400959
36.2493896
47.1768761
42.4364319
35.1274147
35.9223557
33.0780983
24.4890060
13.7494831
1.6987598
1.6887758
2.4570253
2.8933909
2.2690439
1.0973115
0.5433972
0.6283672
0.6650418
0.7370356
0.8822230
1.1374720
1.2145603
1.4212527
1.4669054
1.1096983
1.2159994
1.1626281
1.1574728
1.3563428
1.4682416
1.5132269
0.9853582
0.4400245
0.1713562
0.0040998
0.0000433
0.0000000
0.0000000
0.0000000
0.0000000
0.0000000
0.0000000
0.0000000
0.0000000
0.0000000
0.0000000
0.0000000
0.0000000
0.0000000
0.0000000
0.0000000
0.0000000
0.0000000
0.0000000
0.0000000
0.0000000
0.0000000
0.0000000
0.0000000
0.0000000
0.0000000
0.0000000
0.0000000
0.0000000
0.0000000
0.0000000
0.0000000
0.0000000
0.0000000
0.0000000
0.0000000
0.0000000
0.0000000
0.0000000
0.0000000
0.0000000
0.0000000
0.0000000
0.0000000
0.0000000
0.0000000
0.0000000
0.0000000
0.0000000
0.0000000
0.0000000
0.0000000
0.0000000
0.0000000
0.0000000
0.0000000
0.0000000
0.0000000
0.0000000
0.0000000
0.0000000
0.0000000
0.0000000
0.0000000
0.0000000
0.0000000
0.0000000
0.0000000
0.0000000
0.0000000
0.0000000
0.0000000
0.0000000
0.0000000
0.0000000
0.0000000
0.0000000
0.0000000
0.0000000
0.0000000
0.0000000
0.0000000
0.0000000
0.0000000
0.0000000
0.0000000
0.0000000
0.0000000
0.0000000
0.0000000
0.0000000
0.0000000
0.0000000
0.0000000
0.0000000
0.0000000
0.0000000
0.0000000
0.0000000
0.0000000
0.0000000
0.0000000
0.0000000
0.0000000
0.0000000
0.0000000
0.0000000
0.0000000
0.0000000
0.0000000
0.0000000
0.0000000
0.0000000
0.0000000
0.0000000
0.0000000
0.0000000
0.0000000
0.0000000
0.0000000
0.0000000
0.0000000
0.0000000
0.0000000
0.0000000
0.0000000
0.0000000
0.0000000
0.0000000
0.0000000
0.0000000
0.0000000
0.0000000
0.0000000
0.0000000
0.0000000
0.0000000
0.0000000
0.0000000
0.0000000
0.0000000
0.0000000
0.0000000
0.0000000
0.0000000
0.0000000
0.0000000
0.0000000
0.0000000
0.0000000
0.0000000
0.0000000
0.0000000
0.0000000
0.0000000
0.0000000
0.0000000
0.0000000
0.0000000
0.0000000
0.0000000
0.0000000
0.0000000
0.0000000
0.0000000
0.0000000
0.0000000
0.0000000
0.0000000
0.0000000
0.0000000
0.0000000
0.0000000
0.0000000
0.0000000
0.0000000
0.0000000
0.0000000
0.0000000
0.0000000
0.0000000
0.0000000
0.0000000
0.0000000
0.0000000
0.0000000
0.0000000
0.0000000
0.0000000
0.0000000
0.0000000
0.0000000
0.0000000
0.0000000
0.0000000
0.0000000
0.0000000
0.0000000
0.0000000
0.0000000
0.0000000
0.0000000
0.0000000
0.0000000
0.0000000
0.0000000
0.0000000
0.0000000
0.0000000
0.0000000
0.0000000
0.0000000
0.0000000
0.0000000
0.0000000
0.0000000
0.0000000
0.0000000
0.0000000
0.0000000
0.0000000
0.0000000
0.0000000
0.0000000
0.0000000
0.0000000
0.0000000
0.0000000
0.0000000
0.0000000
0.0000000
0.0000000
0.0000000
0.0000000
0.0000000
0.0000000
0.0000000
0.0000000
0.0000000
0.0000000
0.0000000
0.0000000
0.0000000
0.0000000
0.0000000
0.0000000
0.0000000
0.0000000
0.0000000
0.0000000
0.0000000
0.0000000
0.0000000
0.0000000
0.0000000
0.0000000
0.0000000
0.0000000
0.0000000
0.0000000
0.0000000
0.0000000
0.0000000
0.0000000
0.0000000
0.0000000
0.0000000
0.0000000
0.0000000
0.0000000
0.0000000
0.0000000
0.0000000
0.0000000
0.0000000
0.0000000
0.0000000
0.0000000
0.0000000
0.0092878
0.2505915
0.9674578
1.6773949
1.6597762
1.0412965
0.5500290
0.5783628
0.6642928
0.8598931
1.0365068
1.5403253
1.6874199
1.4805183
1.8434695
1.7782600
1.2236142
1.1998253
1.5573388
1.7888108
7.7602453
21.4712029
31.7560291
29.7810097
22.3803673
20.3544083
32.6656227
59.0575752
86.3616257
117.0750961
149.4682312
172.1977081
190.9327240
198.5811462
179.4349060
149.5960388
133.3166656
119.2557831
102.9787750
81.3070908
55.0552025
29.6347485
10.8252888
2.3972533
1.1390940
2.4660089
3.3228469
1.6153798
1.2678750
1.1249133
1.0041051
1.3695008
4.2863011
8.3560085
13.1558485
21.4244385
27.2528000
24.1872978
16.6368351
28.6572895
67.8291779
93.7489166
92.4496460
101.3245010
126.3132858
150.2536621
149.3018341
137.1863251
128.6339722
128.0981750
113.0950775
84.0382156
47.5049362
24.0707455
13.4621334
5.1864352
8.9316072
7.2567997
1.8260686
0.5790943
0.6384820
0.9381093
0.8807380
0.8064158
0.7054250
0.7525836
0.6464000
0.7690734
1.0577062
1.0026358
0.7374575
0.4242865
0.5817279
1.0945374
5.3289080
12.5479975
16.5076141
13.2493696
17.1061821
43.0544243
66.3962097
65.2163544
71.5270615
94.1694717
116.7162170
119.8109818
115.0534744
106.1120605
83.5493927
87.0277863
98.8885880
65.0065231
17.9339733
8.5928774
4.6838789
2.2456536
21.5315685
67.9019928
64.0119858
38.2828941
13.6829786
14.1576996
30.5931206
72.1895370
88.5723190
72.4105911
51.8685074
40.6709023
30.2229366
26.1272793
26.0282059
18.9934921
17.5437202
27.2652912
43.3487778
46.7379189
33.2683563
13.1592960
5.1738758
26.7456837
59.4074173
63.5062103
47.6373444
36.0474091
27.5345535
38.9574890
54.7611847
55.2084503
50.2532578
35.0862923
24.6487236
52.4872093
85.9446411
91.3974380
67.8894882
49.7579536
33.5347748
21.1004238
48.3811455
47.0134850
29.9229317
26.2269802
35.9459305
61.5028038
98.2965546
131.5330200
129.1165619
107.7568588
73.5031433
49.8164330
44.0223618
41.8711586
28.1487904
47.6075897
60.2593155
50.0896454
50.7954941
37.0899963
17.6844234
26.1627121
57.1192818
75.2094574
84.4963608
79.2731781
74.7369080
80.2775192
95.6289597
62.7581558
39.3919144
23.9006367
13.1009951
16.3319378
12.7442064
5.2105646
2.0985434
5.0995665
30.3414421
64.2473602
72.2689667
67.2196655
76.0594025
80.4313660
85.2934036
81.9352188
70.4693298
49.3112907
20.3901463
6.7099056
19.3977051
33.0429420
39.5356712
32.3606186
35.4821854
71.2435379
99.0643539
90.7760849
68.8606415
66.9043655
63.9721184
62.0635948
55.7988815
49.1067924
40.0762253
49.2841988
78.9600906
103.6127090
99.1406479
76.2821198
50.8066635
26.0592213
14.1553764
8.1010342
31.7304897
59.5413551
53.7233772
28.0859222
22.4887295
26.3017502
24.6704884
31.9100513
41.9393082
49.0240250
62.4326553
75.0073776
75.7525253
59.4688072
43.8277969
30.2338142
18.3709431
9.0565405
1.5466734
0.3104395
0.3558837
0.5471169
0.8654896
1.1848009
1.5871308
1.2229872
0.7711416
0.4557484
0.4950422
0.6605411
0.6086032
0.7777877
0.7708034
0.6389618
0.6410615
0.7768358
0.6972307
0.6707016
0.6801904
0.8964294
1.2299780
1.2832116
0.8503430
1.0923023
1.1057837
0.9384216
0.6357652
0.6406087
0.6095580
0.7526399
0.9066746
0.9607487
0.9377258
0.8561604
1.0959213
1.1189648
0.7625315
0.6005117
0.6852064
0.6523908
0.5734688
0.7926795
1.0253419
0.7378190
0.5386724
0.7675732
0.9240140
1.2106396
1.3820863
1.1292764
0.5711460
0.4996263
0.9806884
1.8421555
1.6305170
0.9370682
0.4953948
0.6420673
0.7210022
0.5711800
1.0636950
1.6806406
1.2810614
0.8005701
0.8226562
1.0950006
1.1308014
1.2586362
1.1855274
0.8492488
0.5652784
0.4840760
0.5424956
0.6073384
0.7344240
0.6992843
0.7208039
0.8722854
1.2902561
1.0953425
1.0225797
0.8927773
0.8232108
1.1193831
1.2635952
1.2761968
1.4879736
3.5261261
15.5623665
37.1070900
53.7414436
60.9788628
70.7466660
87.1840057
96.7409439
96.7808762
99.3638535
93.3256836
61.8666992
34.7198029
46.0918427
94.0679626
135.5627441
112.8514633
75.2814407
53.9350052
47.9381371
92.5172653
127.5064011
94.5556946
60.8407745
52.0151215
40.5861702
12.2953691
3.4034135
1.2892640
0.5519788
0.5997151
0.9609129
0.7400483
0.7955717
1.0498770
0.9888786
1.0095361
0.6517758
0.6297799
0.7057703
1.1120968
0.9131745
0.6423662
0.7457982
1.0407596
0.8605624
0.7730041
0.3647838
0.1594831
0.0199253
0.0016583
0.0000024
0.0000000
0.0000000
0.0000000
0.0000000
0.0000000
0.0000000
0.0000000
0.0000000
0.0000000
0.0000000
0.0000000
0.0000000
0.0000000
0.0000000
0.0000000
0.0000000
0.0000000
0.0000000
0.0000000
0.0000000
0.0000000
0.0000000
0.0000000
0.0000000
0.0000000
0.0000000
0.0000000
0.0000000
0.0000000
0.0000000
0.0000000
0.0000000
0.0000000
0.0000000
0.0000000
0.0000000
0.0000000
0.0000000
0.0000000
0.0000000
0.0000000
0.0000000
0.0000000
0.0000000
0.0000000
0.0000000
0.0000000
0.0000000
0.0000000
0.0000000
0.0000000
0.0000000
0.0000000
0.0000000
0.0000000
0.0000000
0.0000000
0.0000000
0.0000000
0.0000000
0.0000000
0.0000000
0.0000000
0.0000000
0.0000000
0.0000000
0.0000000
0.0000000
0.0000000
0.0000000
0.0000000
0.0000000
0.0000000
0.0000000
0.0000000
0.0000000
0.0000000
0.0000000
0.0000000
0.0000000
0.0000000
0.0000000
0.0000000
0.0000000
0.0000000
0.0000000
0.0000000
0.0000000
0.0000000
0.0000000
0.0000000
0.0000000
0.0000000
0.0000000
0.0000000
0.0000000
0.0000000
0.0000000
0.0000000
0.0000000
0.0000000
0.0000000
0.0000000
0.0000000
0.0000000
0.0000000
0.0000000
0.0000000
0.0000000
0.0000000
0.0000000
0.0000000
0.0000000
0.0000000
0.0000000
0.0000000
0.0000000
0.0000000
0.0000000
0.0000000
0.0000000
0.0000000
0.0000000
0.0000000
0.0000000
0.0000000
0.0000000
0.0000000
0.0000000
0.0000000
0.0000000
0.0000000
0.0000000
0.0000000
0.0000000
0.0000000
0.0000000
0.0000000
0.0000000
0.0000000
0.0000000
0.0000000
0.0000000
0.0000000
0.0000000
0.0000000
0.0000000
0.0000000
0.0000000
0.0000000
0.0000000
0.0000000
0.0000000
0.0000000
0.0000000
0.0000000
0.0000000
0.0000000
0.0000000
0.0000000
0.0000000
0.0000000
0.0414201
0.5827776
1.7086709
2.4277880
2.1363766
1.4428091
1.1347548
1.1101822
1.1850160
0.9525845
0.7799263
0.8491054
0.7099433
0.6855657
0.7713814
0.6784658
0.8925564
1.0266606
1.0364115
0.9834508
0.8568203
1.4709729
3.5857804
4.1729579
2.5483987
1.4114232
1.7809510
2.2319868
1.9170715
1.5075678
1.2278782
1.2874603
1.5117089
7.7197866
24.0390549
37.1440048
34.5769653
40.6138229
67.1825638
93.5254517
96.0429382
92.7474976
119.8292694
161.5948181
179.3505402
189.3333130
204.7308807
202.5307007
176.7144012
135.0133209
97.4614639
58.6069527
10.3614378
94.1044312
139.9654541
153.6851807
146.6541748
117.7130814
80.8698120
46.5854454
23.1173077
10.9293699
4.8756413
3.3557429
1.9601936
0.8009672
0.6648923
0.9127138
12.6501045
34.9608994
45.4819756
45.1418457
45.9962616
52.5242271
43.8074455
31.7484741
19.5070858
22.1065769
29.9620838
30.2181969
32.4314194
33.9675293
35.9101143
42.5183640
45.6953011
48.4428101
36.1972694
13.4555645
5.0888882
24.8349419
48.2303505
47.3638992
46.0060081
51.1632843
49.7553406
38.3759232
53.0981445
121.0621033
205.8925629
235.5520172
193.8331757
140.9020844
83.0028534
71.4383316
57.4610863
33.1469574
26.4040165
21.7128220
37.6307640
43.0646095
35.5294495
23.0759144
15.9551754
10.7717152
5.3257680
7.7235365
18.7757645
21.9780960
11.0308695
3.7272854
1.2811489
0.6937100
0.4962630
0.5419405
0.5483264
1.0909010
1.4334977
1.1847869
1.5993173
7.5691404
43.2111549
101.2747574
123.8592377
86.6946945
38.0023766
9.8635368
6.4518018
1.2598093
5.4047222
19.2236977
28.8802071
22.4109917
12.9845886
9.2660046
7.5642934
3.8287389
1.2828841
0.6909262
2.0057755
21.6159821
68.7040939
104.2055206
96.0673752
53.2020531
12.6451445
3.6376729
1.9573710
8.1209278
21.0511856
31.8082886
31.2955742
18.2390633
23.3275414
61.7091904
92.5110397
92.7341614
77.4319458
56.0712852
32.4223366
14.1529503
4.6420913
2.6530702
1.6958838
3.4383194
7.7004795
11.7758064
16.4188366
29.0621300
40.0334206
35.0317192
17.5650978
7.6235371
4.6360855
8.2180128
17.1099434
30.6965828
28.7631721
18.7547474
16.8762131
25.8319473
32.6553383
39.2371216
37.9480057
27.3762016
23.4857044
31.5497761
42.7750969
56.2921677
62.9212151
61.9487801
59.7933846
50.8676376
41.3045731
31.2875576
28.8829422
20.6971226
24.3110065
9.2191811
1.3441024
1.4991374
0.4419003
0.4361073
0.5949242
0.7224049
0.7127313
0.9988599
0.8188851
0.8000147
0.7357396
0.9177506
0.9465453
0.6812586
0.4767628
0.6200380
0.8347338
1.1938760
1.6173521
1.9001720
3.2265766
7.5544610
23.2728806
39.6643333
39.2447968
25.4106712
16.7281418
11.6064386
6.0124965
12.8294764
17.5969238
9.3860550
1.9065022
0.3705571
0.5607046
0.5011523
0.4015558
1.3008871
0.9763850
0.7926010
4.7313313
14.5913458
28.2539577
50.0231400
76.1876755
89.4220963
70.7793427
31.9179039
7.0722604
2.6767716
2.6237841
2.9394476
8.8513603
46.2561188
108.8987656
161.5813904
172.9153137
147.0411987
115.6806183
120.6190796
94.3033524
32.4712868
4.6961660
1.9777256
4.2055159
8.6028652
2.0905354
0.5876822
0.1843218
0.2742376
0.4627666
0.5637646
0.5250005
0.6430190
0.6973908
1.0496904
1.0391704
1.0109345
1.0714234
0.8828070
0.5934654
0.1288138
0.0180043
0.0006430
0.0000000
0.0000000
0.0000000
0.0000000
0.0000000
0.0000000
0.0000000
0.0000000
0.0000000
0.0000000
0.0000000
0.0000000
0.0000000
0.0000000
0.0000000
0.0000000
0.0000000
0.0000000
0.0000000
0.0000000
0.0000000
0.0000000
0.0000000
0.0000000
0.0000000
0.0000000
0.0000000
0.0000000
0.0000000
0.0000000
0.0000000
0.0000000
0.0000000
0.0000000
0.0000000
0.0000000
0.0000000
0.0000000
0.0000000
0.0000000
0.0000000
0.0000000
0.0000000
0.0000000
0.0000000
0.0000000
0.0000000
0.0000000
0.0000000
0.0000000
0.0000000
0.0000000
0.0000000
0.0000000
0.0000000
0.0000000
0.0000000
0.0000000
0.0000000
0.0000000
0.0000000
0.0000000
0.0000000
0.0000000
0.0000000
0.0000000
0.0000000
0.0000000
0.0000000
0.0000000
0.0000000
0.0000000
0.0000000
0.0000000
0.0000000
0.0000000
0.0000000
0.0000000
0.0000000
0.0000000
0.0000000
0.0000000
0.0000000
0.0000000
0.0000000
0.0000000
0.0000000
0.0000000
0.0000000
0.0000000
0.0000000
0.0000000
0.0000000
0.0000000
0.0000000
0.0000000
0.0000000
0.0000000
0.0000000
0.0000000
0.0000000
0.0000000
0.0000000
0.0000000
0.0000000
0.0000000
0.0000000
0.0000000
0.0000000
0.0000000
0.0000000
0.0000000
0.0000000
0.0000000
0.0000000
0.0000000
0.0000000
0.0000000
0.0179415
0.4621609
1.4157281
2.0776687
1.9673898
1.4277079
1.0231681
1.0226587
1.2704098
1.1487640
0.8023881
0.8367074
0.6661150
0.6154219
0.6433156
0.7129940
0.9475453
1.1980606
1.1421769
0.8653067
0.6732048
0.5908141
0.8320765
3.3920619
16.4496803
33.7262993
39.0502739
40.7564430
55.7582588
78.1290207
88.4752121
85.4218292
84.1532211
107.6892776
172.9171906
236.8149567
245.2482758
194.2162628
127.8471527
73.8301544
27.8876038
16.1071701
10.8496656
2.9783490
0.5102888
0.4335850
0.6069484
0.4048380
0.6277938
0.6591088
0.6476036
0.6352478
0.6541697
0.7519608
0.9599038
2.1232977
6.3660336
17.6178188
28.9769268
28.4746971
30.1712780
64.7770004
114.6471634
136.0988922
131.2290192
127.3501129
140.8291779
151.4880981
121.7886810
65.4403152
30.4843121
22.5494690
19.5976887
4.8506198
0.6383619
0.7618086
2.7257261
10.5629902
15.5940762
47.7690125
115.0857544
181.5829468
217.7798462
212.5047455
199.4829712
184.6355438
176.2245636
150.4686584
97.4028625
70.6049042
58.7816544
54.2165718
62.8528214
50.9074364
23.6275120
16.7017574
79.2125549
204.0824738
241.7249451
169.9861755
87.7782745
40.1322632
26.9718189
42.0494270
32.8917694
28.8766537
29.3741322
40.2216988
59.9320679
84.2573700
103.0261154
105.0532455
91.4000168
62.6963921
54.1087952
35.5452042
49.0684395
54.6154861
31.0273552
21.9297028
16.3474197
12.9068165
11.7250919
10.6502819
8.1434031
4.7966666
2.6946175
1.4972905
1.3357766
1.0616746
0.4086637
0.4522263
0.7244979
7.3499594
20.7341118
26.9700089
31.7819691
54.0738564
74.8280716
60.9078102
27.4090099
10.9342499
5.9222794
5.9618645
13.9848824
32.4497299
64.0146027
85.9729004
83.8066025
69.6416168
53.4932938
46.7408257
29.8797054
22.5037708
24.4514885
48.9245834
66.3839874
50.4814720
27.0119095
11.4657412
14.1241579
8.9665127
6.0463576
6.0822759
10.6414852
40.5232811
80.4316635
86.9022369
59.7760010
44.3914070
37.7588997
38.0997543
56.0635300
74.3581848
87.0740509
79.3844299
61.5380554
52.8787231
53.5424576
49.1486664
35.9985352
23.8736458
10.9978867
0.6518760
3.3620901
21.5439491
47.3898926
52.8329010
39.8724480
21.0619984
10.4457970
6.6859388
5.3350401
4.6320081
2.2830417
0.9127132
0.4756292
0.8287765
0.3963801
0.5738007
0.6943176
0.5232950
0.4636644
0.7716725
0.7029557
0.8390577
0.6987029
0.7466124
1.1067519
1.3285841
1.3083265
1.3579046
1.2298133
0.5764846
0.0823473
0.0036615
0.0017018
0.0000000
0.0000000
0.0000000
0.0000000
0.0000000
0.0000000
0.0000000
0.0000000
0.0000000
0.0000000
0.0000000
0.0000000
0.0000000
0.0000000
0.0000000
0.0000000
0.0000000
0.0000000
0.0000000
0.0000000
0.0000000
0.0000000
0.0000000
0.0000000
0.0000000
0.0000000
0.0000000
0.0000000
0.0000000
0.0000000
0.0000000
0.0000000
0.0000000
0.0000000
0.0000000
0.0000000
0.0000000
0.0000000
0.0000000
0.0000000
0.0000000
0.0000000
0.0000000
0.0000000
0.0000000
0.0000000
0.0000000
0.0000000
0.0000000
0.0000000
0.0000000
0.0000000
0.0000000
0.0000000
0.0000000
0.0000000
0.0000000
0.0000000
0.0000000
0.0000000
0.0000000
0.0000000
0.0000000
0.0000000
0.0000000
0.0000000
0.0000000
0.0000000
0.0000000
0.0000000
0.0000000
0.0000000
0.0000000
0.0000000
0.0000000
0.0000000
0.0000000
0.0000000
0.0000000
0.0000000
0.0000000
0.0000000
0.0000000
0.0000000
0.0000000
0.0000000
0.0000000
0.0000000
0.0000000
0.0000000
0.0000000
0.0000000
0.0000000
0.0000000
0.0000000
0.0000000
0.0000000
0.0000000
0.0000000
0.0000000
0.0000000
0.0000000
0.0000000
0.0000000
0.0000000
0.0000000
0.0000000
0.0000000
0.0000000
0.0000000
0.0000000
0.0000000
0.0000000
0.0000000
0.0000000
0.0000000
0.0000000
0.0000000
0.0000000
0.0000000
0.0000000
0.0000000
0.0000000
0.0000000
0.0000000
0.0000000
0.0000000
0.0000000
0.0000000
0.0000000
0.0000000
0.0000000
0.0000000
0.0000000
0.0000000
0.0000000
0.0000000
0.0000000
0.0000000
0.0000000
0.0000000
0.0000000
0.0000000
0.0000000
0.0000000
0.0000000
0.0000000
0.0000000
0.0000000
0.0000000
0.0000000
0.0000000
0.0000000
0.0000000
0.0000000
0.0000000
0.0000000
0.0000000
0.0000000
0.0000000
0.0000000
0.0000000
0.0000000
0.0000000
0.0000000
0.0000000
0.0000000
0.0000000
0.0000000
0.0000000
0.0000000
0.0000000
0.0000000
0.0000000
0.0000000
0.0000000
0.0000000
0.0000000
0.0000000
0.0000000
0.0000000
0.0000000
0.0000000
0.0000000
0.0000000
0.0000000
0.0000000
0.0000000
0.0000000
0.0000000
0.0000000
0.0000000
0.0000000
0.0000000
0.0000000
0.0000000
0.0000000
0.0000000
0.0000000
0.0000000
0.0000000
0.0000000
0.0000000
0.0000000
0.0000000
0.0000000
0.0000000
0.0000000
0.0000000
0.0000000
0.0000000
0.0000000
0.0000000
0.0000000
0.0000000
0.0000000
0.0000000
0.0000000
0.0000000
0.0000000
0.0000000
0.0000000
0.0000000
0.0000000
0.0000000
0.0000000
0.0000000
0.0000000
0.0000000
0.0000000
0.0000000
0.0000000
0.0000000
0.0000000
0.0000000
0.0000000
0.0000000
0.0000000
0.0000000
0.0000000
0.0000000
0.0000000
0.0000000
0.0000000
0.0000000
0.0000000
0.0000000
0.0000000
0.0000000
0.0000000
0.0000000
0.0000000
0.0000000
0.0000000
0.0000000
0.0000000
0.1046772
0.6157407
1.4707587
2.0178614
2.0768821
3.1841924
4.7337751
3.8101215
0.9130976
0.3629322
0.5013194
0.7198067
0.7787943
0.7345749
0.8521280
0.6018630
0.8465222
0.8473081
0.5965592
0.6372589
0.8782627
1.1386125
1.6329914
2.5829298
15.1483774
38.3354492
50.4319344
45.4865952
53.6915398
92.5826950
153.4521790
188.4633179
213.2253418
263.1639404
318.0270386
344.7428589
298.8815002
238.6924896
184.6700439
150.6761017
129.6925659
108.3335724
72.6165237
50.7398262
57.3857117
34.3708420
2.8831408
0.7691075
0.2909334
0.2685829
0.3936135
0.6877151
0.8816936
0.4460672
0.5098174
0.4827873
0.4361408
1.6662134
12.0141954
31.3728065
46.4553070
46.4449005
37.7530937
42.7179909
91.4022751
162.8926392
198.9570312
217.4588928
247.0480652
267.6184082
233.4369965
169.5612793
125.5181351
85.2249908
53.6100349
58.3556595
28.9186611
3.9958351
1.1595882
1.7065320
25.7930107
113.0281830
229.4737091
291.5519714
254.7720642
157.5176086
107.0938797
122.1591644
205.9456787
211.0099792
131.5057220
101.7001266
104.3961639
116.4827652
99.6135941
86.8393860
140.5234528
175.7431335
87.2704239
33.2753105
11.2296343
19.2829056
31.4151897
99.3905334
186.2084961
235.3326874
273.6681519
260.6216736
159.9869080
38.1090050
12.6311808
15.2955322
67.3910065
103.0203552
92.9355316
61.1701317
34.2233887
12.4931412
2.6364679
0.6685066
3.0787027
32.4403076
107.5173492
173.7354736
172.5626526
109.4292603
39.5457649
16.6741581
25.1612434
77.0452347
144.3411713
129.5725403
101.0008774
83.7562561
70.3554001
62.3153763
51.9132080
45.0132980
35.3570137
24.4905052
23.9907303
31.3715019
23.9438457
17.2784462
15.8615065
19.0480289
19.4803257
14.7569351
11.0563698
9.0432062
6.6568007
4.2978787
2.6941648
1.3545456
0.7428987
0.4873777
0.5432155
0.4842619
0.5539193
0.5380684
0.9121601
1.4551002
1.9555521
9.9308758
37.2521515
76.2737885
98.1405411
91.8539658
67.2173004
40.3848534
18.3924503
12.9153290
7.2823987
5.1502943
4.3249660
3.6878870
9.0858536
29.1576595
49.8082047
51.2291489
43.2620087
37.2139206
34.4240227
24.0966148
16.3696747
20.0217381
15.1901541
13.0168962
22.8187294
34.7081833
29.3154526
9.0832195
16.7965965
30.7020187
31.3366985
23.3796635
16.0437489
27.4276962
44.6890450
46.6914368
26.9928761
15.2789450
10.5670519
6.2547231
4.5542793
2.3963435
1.2157277
1.1890451
0.9618882
0.9762381
0.9021727
0.4628178
0.5391800
0.7616465
0.8237982
0.6824301
0.6199164
0.8614841
0.9246641
0.5476400
0.5076941
0.6737545
0.6182811
0.4723328
0.5138510
0.7740662
1.0999093
1.0711374
0.8581741
0.7923891
0.9486750
0.9142079
0.6878716
0.6631480
0.7794560
0.7751731
0.6280202
0.6745161
0.8421878
1.0269498
2.4595153
3.7044880
2.9092369
0.7562304
0.6363514
0.7264621
0.6866175
0.7394671
0.7746288
0.7205162
0.8280482
0.8663469
0.8523151
0.8308800
0.6519212
1.1464030
1.0461671
0.8092692
0.5533078
0.5265115
0.9832297
2.4562902
3.9368992
3.7005651
1.4800550
0.5693594
0.6933429
0.8546763
0.8234705
0.7106761
0.5860357
0.7372852
0.7967261
0.7416086
0.7127862
1.0133247
1.2161595
1.1143167
0.7452544
0.5242496
0.6620707
0.6809462
0.7714197
0.5124576
0.4556364
0.8112327
1.0080450
0.8644669
0.9731758
0.9826514
0.9479707
1.0675619
1.2420876
1.1837018
0.9057643
0.7750263
0.7221022
0.5871338
0.5715023
0.6018682
0.6684989
1.0687612
2.9868746
4.9995375
3.9660795
1.1951232
0.2819180
0.2666983
0.3423514
0.6831641
0.9754336
0.8901872
0.6827156
0.5750477
0.6227742
1.0645335
3.1472783
5.1335087
3.8292851
0.8844577
0.5034603
0.5887129
0.9349426
6.1727104
17.3236561
43.3279266
79.4115601
90.0606766
64.3674927
26.3394947
9.1403160
4.2615228
0.5814701
4.6411037
17.6134014
30.4101639
32.4244652
20.5336990
5.5500522
2.7602837
13.5570297
33.3754196
43.9598312
46.3824730
61.7527122
61.4199219
44.9677162
34.0119705
30.4950619
23.0626297
14.5678463
9.0841713
7.1497846
31.5381355
89.6130219
128.2680054
107.5952148
60.8068924
39.6095428
42.5483246
54.4210815
64.8973083
53.4977036
26.4260845
14.2685137
37.3868294
117.4542389
248.3934479
336.6579590
339.8604736
289.4759216
211.4894867
146.1548767
115.7346802
98.8127441
81.6567841
57.5147209
20.8211288
7.4936528
4.6443744
5.8452058
8.7305031
25.2107620
65.1908188
101.1322784
99.8738480
61.6231880
29.2966461
13.2552223
13.1431847
29.0898571
39.0701218
34.3697243
20.9498901
20.2225723
16.6326561
12.8358889
9.9393044
4.9602175
1.5752575
0.3888418
0.4464245
0.4183310
0.3684090
0.5526460
0.9734594
1.2094384
0.9956452
1.0200107
1.8438652
2.6232867
2.0414932
0.5018356
0.2002146
0.0858521
0.0068356
0.0016066
0.0000000
0.0000000
0.0000000
0.0000000
0.0000000
0.0000000
0.0000000
0.0000000
0.0000000
0.0000000
0.0000000
0.0000000
0.0000000
0.0000000
0.0000000
0.0000000
0.0000000
0.0000000
0.0000000
0.0000000
0.0000000
0.0000000
0.0000000
0.0000000
0.0000000
0.0000000
0.0000000
0.0000000
0.0000000
0.0000000
0.0000000
0.0000000
0.0000000
0.0000000
0.0000000
0.0000000
0.0000000
0.0000000
0.0000000
0.0000000
0.0000000
0.0000000
0.0000000
0.0000000
0.0000000
0.0000000
0.0000000
0.0000000
0.0000000
0.0000000
0.0000000
0.0000000
0.0000000
0.0000000
0.0000000
0.0000000
0.0000000
0.0000000
0.0000000
0.0000000
0.0000000
0.0000000
0.0000000
0.0000000
0.0000000
0.0000000
0.0000000
0.0000000
0.0000000
0.0000000
0.0000000
0.0000000
0.0000000
0.0000000
0.0000000
0.0000000
0.0000000
0.0000000
0.0000000
0.0000000
0.0000000
0.0000000
0.0000000
0.0000000
0.0000000
0.0000000
0.0000000
0.0000000
0.0000000
0.0000000
0.0000000
0.0000000
0.0000000
0.0000000
0.0000000
0.0000000
0.0000000
0.0000000
0.0000000
0.0000000
0.0000000
0.0000000
0.0000000
0.0000000
0.0000000
0.0000000
0.0000000
0.0000000
0.0000000
0.0000000
0.0000000
0.0000000
0.0000000
0.0000000
0.0000000
0.0000000
0.0000000
0.0000000
0.0000000
0.0000000
0.0000000
0.0000000
0.0000000
0.0000000
0.0000000
0.0000000
0.0000000
0.0000000
0.0000000
0.0000000
0.0000000
0.0000000
0.0000000
0.0000000
0.0000000
0.0000000
0.0000000
0.0000000
0.0000000
0.0000000
0.0846606
0.8563330
2.0438418
2.3988218
1.7221961
0.9634182
0.7141942
0.7123271
0.9235630
0.9161422
0.8596171
0.6624655
0.6830124
0.6748401
0.9138542
1.0779144
1.1369900
1.0192202
1.1352673
1.0900152
0.7541232
0.5383318
0.7238540
1.0397036
1.2269565
2.3450503
10.6837988
26.3168640
37.1361961
34.9554749
33.4359703
59.7884445
109.4641953
156.7521210
202.2638397
255.0880127
303.5952454
303.4509277
238.9835663
149.0452881
76.4870605
38.1267357
11.7780743
3.7709014
1.1636540
0.2987442
0.5805112
0.6597817
1.1162013
1.2540680
0.9491462
0.8672497
0.9626930
0.7836814
0.7616410
0.7855844
0.5392632
0.5264117
0.5963988
6.0156245
21.7234135
37.0791321
39.2816696
35.0046005
57.4547501
110.9684372
181.5856171
223.4445953
209.7090759
152.3157043
76.8071213
33.2441444
8.8536339
24.2855282
25.5195198
13.3626165
2.0853488
0.9408631
13.5085831
58.9534035
144.4262695
247.3668823
355.9498291
435.8493042
408.8042603
288.7244873
145.3566284
54.4813156
79.0111313
146.7068787
166.1375122
110.0179520
64.3500824
77.7208252
64.3130646
44.1303482
35.6562576
21.5285511
16.5634689
15.0643625
13.8931608
10.3550043
6.6613111
4.3065634
2.8654618
1.6686335
0.7817070
0.4335029
0.5212358
0.6589454
0.5707471
0.5392522
0.5803430
0.7303982
0.7316790
0.7352031
0.6472250
0.6657358
1.0466665
1.6228995
1.2069986
1.0178416
1.0086757
0.9758141
0.9425577
0.9012239
0.7306051
1.8315216
6.2894564
10.6682901
10.0497456
4.2932143
0.8112934
0.4914873
0.7094259
0.7821678
1.0081140
1.0096409
0.8809930
0.6491560
0.6632159
0.5739912
0.7882974
2.0290289
3.5580280
4.5544124
16.8043709
48.0409126
76.7266388
78.2079086
55.8564568
22.7764359
11.4733429
2.8849869
0.8051767
6.3754473
45.9391937
99.4874268
101.0542297
49.0622215
33.3231201
114.7399673
213.6693878
268.5475159
321.9743958
371.6767578
310.5171509
151.6074982
29.9150677
3.0166416
3.8133576
27.1272869
126.7248230
181.4141998
137.3002167
59.1286240
11.9232988
2.2499795
8.0764427
29.2956467
46.2204018
54.7019272
53.1881714
38.5162430
16.2797775
3.1792970
1.1955509
7.2951508
27.6172409
57.5468674
53.3776627
35.5627136
33.1248779
33.9692116
36.5922546
43.8166771
37.8581924
21.5297737
10.7499561
10.4696178
30.3430195
60.4504700
109.7876205
170.0174866
185.1091766
144.6212463
96.4899139
60.8906555
47.6715508
33.2224159
60.0541801
77.5768204
59.3235130
29.7861538
11.4395742
5.8891916
6.1968164
5.3749490
2.9484153
0.8085155
0.5199758
0.5717564
1.1458758
10.1899929
28.3630695
42.6207733
42.1310463
24.3494587
13.3858976
9.4567051
9.2554655
28.5569229
88.2703857
134.1265564
144.2543488
131.1144409
98.7416687
64.2762604
33.4705734
16.2410431
5.1175742
2.1800907
6.2254672
22.3338394
43.7169228
39.1698685
16.7354603
7.6359510
5.2177401
6.6748581
16.2375259
23.6940594
17.7223053
18.9986858
38.2891808
44.8821983
29.5559635
13.7625132
11.1899128
22.9943905
36.4475479
32.9091606
28.2740154
25.8034573
23.0681896
16.7481670
19.4194489
34.9843407
36.1580963
23.5796795
14.0393505
3.9352195
7.3877487
17.9376698
43.4221725
77.0145340
98.1564789
86.1808167
58.5000648
35.8560715
15.4570990
2.9731293
1.2142143
1.8593483
5.0213628
50.8693657
122.9315796
154.7643280
118.2873993
61.5970688
25.2020931
24.1494408
17.6929932
1.8919301
0.1051992
0.0901373
0.7335793
0.8636020
1.0073040
0.7749108
0.4483576
0.5374912
0.8506675
1.0280021
0.9497370
0.9292330
0.8184634
0.7807510
0.7476908
0.7058603
0.8249832
1.1027789
0.9937419
1.0104989
1.0368776
0.6511912
0.0911737
0.0042900
0.0003466
0.0000000
0.0000000
0.0000000
0.0000000
0.0000000
0.0000000
0.0000000
0.0000000
0.0000000
0.0000000
0.0000000
0.0000000
0.0000000
0.0000000
0.0000000
0.0000000
0.0000000
0.0000000
0.0000000
0.0000000
0.0000000
0.0000000
0.0000000
0.0000000
0.0000000
0.0000000
0.0000000
0.0000000
0.0000000
0.0000000
0.0000000
0.0000000
0.0000000
0.0000000
0.0000000
0.0000000
0.0000000
0.0000000
0.0000000
0.0000000
0.0000000
0.0000000
0.0000000
0.0000000
0.0000000
0.0000000
0.0000000
0.0000000
0.0000000
0.0000000
0.0000000
0.0000000
0.0000000
0.0000000
0.0000000
0.0000000
0.0000000
0.0000000
0.0000000
0.0000000
0.0000000
0.0000000
0.0000000
0.0000000
0.0000000
0.0000000
0.0000000
0.0000000
0.0000000
0.0000000
0.0000000
0.0000000
0.0000000
0.0000000
0.0000000
0.0000000
0.0000000
0.0000000
0.0000000
0.0000000
0.0000000
0.0000000
0.0000000
0.0000000
0.0000000
0.0000000
0.0000000
0.0000000
0.0000000
0.0000000
0.0000000
0.0000000
0.0000000
0.0000000
0.0000000
0.0000000
0.0000000
0.0000000
0.0000000
0.0000000
0.0000000
0.0000000
0.0000000
0.0000000
0.0000000
0.0000000
0.0000000
0.0000000
0.0000000
0.0000000
0.0000000
0.0000000
0.0000000
0.0000000
0.0000000
0.0000000
0.0000000
0.0000000
0.0000000
0.0000000
0.0000000
0.0000000
0.0000000
0.0000000
0.0000000
0.0000000
0.0000000
0.0000000
0.0000000
0.0000000
0.0000000
0.0000000
0.0000000
0.0000000
0.0000000
0.0000000
0.0000000
0.0000000
0.0000000
0.0000000
0.0000000
0.0000000
0.0000000
0.0000000
0.0000000
0.0000000
0.0000000
0.0000000
0.0000000
0.0000000
0.0000000
0.0000000
0.0000000
0.0000000
0.0000000
0.0000000
0.0000000
0.0000000
0.0000000
0.0000000
0.0000000
0.0000000
0.0042789
0.4912249
1.5918435
2.2730112
1.9299593
1.2312640
0.8998404
0.6452001
0.6128006
0.6693245
0.7159340
0.6651688
0.8061233
0.9900045
1.0559409
1.3615599
1.7226994
1.3751978
0.7857713
0.8273557
1.6389338
3.1913979
6.2464170
13.7220421
30.1687393
43.0541954
40.7481651
34.0246506
49.4554825
108.5774078
191.4018097
241.5253143
255.4548035
250.6143036
229.9307098
189.4314270
117.3173676
51.6250725
22.3971481
23.6834793
5.1488862
0.9785976
0.8571651
0.9409485
0.7577401
0.5251971
0.6204759
1.0244571
2.4477816
4.6176581
4.3002596
1.7185181
0.7111686
0.3442663
0.5312513
0.7065856
0.6522365
0.7623008
0.7239342
0.5847271
0.6050156
0.7940342
0.6987782
0.6986744
0.7191044
0.8087109
0.7859984
0.7255375
0.7188421
0.7958225
0.9008304
0.9813606
0.6674827
0.6107369
0.8710029
0.9227554
0.5449589
1.7312330
7.6729832
18.0237198
28.2799740
33.8916130
33.1001282
35.0548897
36.4929695
46.8369102
89.1504669
147.0590668
188.6179504
201.3575745
213.2225647
216.6232605
167.0981903
100.1260757
44.5257416
19.2705479
25.8685169
22.5699215
3.6997359
0.9429309
0.3636324
0.3854263
0.5545986
0.5322914
0.5626949
0.7297298
0.8775052
0.9948605
1.0935724
1.4920595
1.4540901
1.2668308
1.2398851
1.0439718
0.7434058
0.6909634
0.6927747
0.8239046
0.7136455
0.6596473
0.6095736
0.8741303
4.7844129
13.3606730
23.5269165
40.1149750
76.9479599
119.0410614
139.6862335
137.9306183
143.4806671
159.3256989
174.2126923
134.4933014
82.2813187
49.6122856
41.3074341
66.7977905
76.6785507
57.8933220
73.3338470
111.8304520
138.2216339
130.9617157
113.2091064
107.6355362
98.8568039
70.9678802
37.7993240
53.1468201
87.0111084
108.2711563
91.2702789
35.1476898
25.0127640
51.7597656
27.0695724
55.0124130
69.1042709
67.1233673
57.5088959
45.5460892
31.9711170
33.7734604
14.4104805
6.2081671
7.4139285
8.9059467
20.9725189
56.6187706
84.3280563
87.0436325
72.3606873
58.3554153
37.3089180
17.0745525
30.6731873
33.0496216
28.5405064
18.3289261
7.2042098
2.8457193
0.8911155
0.8378381
0.7571447
0.8022418
0.8027728
1.0131603
1.1058565
1.8734256
2.9442441
12.4885635
38.7867050
64.2340546
71.2589035
65.3555374
56.6144485
46.1442947
29.6490059
20.3666573
10.0296440
11.8056812
4.9897566
5.9001927
16.3926640
28.2305222
28.0872650
18.3616753
23.8500557
50.4490662
70.0383911
70.4100952
57.4995422
42.7664490
30.5150032
23.6175480
20.2065926
23.8117485
23.2600689
12.7140589
8.1492729
18.6099472
44.5428085
79.4962463
99.7688599
114.9887390
123.8090439
117.8754807
93.8370438
73.6946869
84.0463028
87.6804657
68.5217819
32.7100716
13.2084303
5.1049190
5.0003748
23.9913101
74.4409027
78.7293091
50.2867317
25.7250175
7.7965260
4.9430671
15.3659029
24.9599361
21.3239613
6.6667423
1.1111722
0.4462886
7.2678461
35.7153893
59.5758133
50.9626007
39.1937065
51.9733925
81.8026810
89.2669754
77.5112305
54.3056030
44.4054565
53.6052475
27.3211422
7.6305189
1.1167819
2.8287945
10.1020164
18.5777111
20.1281490
12.6046200
3.7635152
0.9737649
0.3849918
0.5475075
0.5456875
0.9950161
1.3394864
1.0493529
0.7888330
0.8973266
1.0952417
1.3886772
1.3733803
0.6545343
0.3194599
0.0851527
0.0239740
0.0011611
0.0000000
0.0000000
0.0000000
0.0000000
0.0000000
0.0000000
0.0000000
0.0000000
0.0000000
0.0000000
0.0000000
0.0000000
0.0000000
0.0000000
0.0000000
0.0000000
0.0000000
0.0000000
0.0000000
0.0000000
0.0000000
0.0000000
0.0000000
0.0000000
0.0000000
0.0000000
0.0000000
0.0000000
0.0000000
0.0000000
0.0000000
0.0000000
0.0000000
0.0000000
0.0000000
0.0000000
0.0000000
0.0000000
0.0000000
0.0000000
0.0000000
0.0000000
0.0000000
0.0000000
0.0000000
0.0000000
0.0000000
0.0000000
0.0000000
0.0000000
0.0000000
0.0000000
0.0000000
0.0000000
0.0000000
0.0000000
0.0000000
0.0000000
0.0000000
0.0000000
0.0000000
0.0000000
0.0000000
0.0000000
0.0000000
0.0000000
0.0000000
0.0000000
0.0000000
0.0000000
0.0000000
0.0000000
0.0000000
0.0000000
0.0000000
0.0000000
0.0000000
0.0000000
0.0000000
0.0000000
0.0000000
0.0000000
0.0000000
0.0000000
0.0000000
0.0000000
0.0000000
0.0000000
0.0000000
0.0000000
0.0000000
0.0000000
0.0000000
0.0000000
0.0000000
0.0000000
0.0000000
0.0000000
0.0000000
0.0000000
0.0000000
0.0000000
0.0000000
0.0000000
0.0000000
0.0000000
0.0000000
0.0000000
0.0000000
0.0000000
0.0000000
0.0000000
0.0000000
0.0000000
0.0000000
0.0000000
0.0000000
0.0000000
0.0000000
0.0000000
0.0000000
0.0000000
0.0000000
0.0000000
0.0000000
0.0000000
0.0000000
0.0000000
0.0000000
0.0000000
0.0000000
0.0000000
0.0000000
0.0000000
0.0000000
0.0000000
0.0000000
0.0000000
0.0000000
0.0000000
0.0000000
0.0000000
0.0000000
0.0000000
0.0000000
0.0000000
0.0000000
0.0000000
0.0000000
0.0000000
0.0000000
0.0000000
0.0000000
0.0000000
0.0000000
0.0000000
0.0000000
0.0000000
0.0000000
0.0000000
0.0000000
0.0000000
0.0000000
0.0000000
0.0000000
0.0000000
0.0000000
0.0000000
0.0000000
0.0000000
0.0000000
0.0000000
0.0000000
0.0000000
0.0000000
0.0000000
0.0000000
0.0000000
0.0000000
0.0000000
0.0000000
0.0000000
0.0000000
0.0000000
0.0000000
0.0000000
0.0000000
0.0000000
0.0000000
0.0000000
0.0000000
0.0000000
0.0000000
0.0000000
0.1413727
0.9836491
2.0659962
2.3961201
2.6278954
2.8658705
1.9669141
0.7890357
1.1909698
1.9482660
2.3068204
2.1228337
1.7226590
1.2268554
1.0585341
0.5999007
0.7801257
3.2484000
16.4970055
35.0706749
42.3583183
35.6726875
31.2298985
43.1609764
100.7171402
190.4712982
255.8427124
269.3889160
258.5273743
248.0868073
218.8512878
167.0111847
92.3719635
46.9405022
19.2747726
12.6102123
0.8188820
0.4167262
0.2840872
0.5765951
0.9349848
0.9184687
0.8043429
0.7430516
0.5502545
0.6936620
0.4916204
0.4469161
0.4764856
1.0918632
2.8904717
4.7906442
4.5187540
2.1156812
3.5603731
43.3186569
126.1323318
170.0364075
133.5934601
81.8004913
49.8143806
31.7045784
28.2336388
26.8692589
28.6026783
25.3728542
45.5877991
102.1252747
148.1141815
141.0002289
116.7819290
124.5066452
131.8543549
122.9192810
96.3517838
75.3798141
69.7746887
22.5785007
3.8611739
1.4108289
2.5454907
59.3112793
149.1576080
162.8973694
100.8178787
41.1164169
10.7366047
16.5841179
42.4742508
106.0539780
168.1571350
175.7015533
134.9417572
103.6496964
53.7895241
30.5522442
30.5279903
3.5887144
1.0320677
9.3913403
24.7462063
33.6537552
28.1484451
15.6300316
14.7111664
28.0945168
50.2200546
85.9449081
128.6444855
169.7211914
218.5789642
274.7129517
294.7166443
234.8166809
157.7611847
96.0611420
100.9427795
111.7856750
61.6213455
76.1556015
100.6534195
80.9397278
30.6759434
16.4700699
21.7098045
38.8258133
87.6000824
142.6120758
130.7609863
102.3363113
96.0691757
105.3117218
100.8042068
65.4083939
21.3920155
13.0557766
13.2757940
11.1627007
8.1228313
6.4596634
4.3847742
2.0247440
1.2818236
18.2028084
67.7775269
106.1154480
92.4858475
47.4271049
24.6957130
25.6696548
34.3730316
32.8732567
28.3927612
22.5170746
9.0589237
20.2722588
18.4280796
19.3956032
27.6720085
21.2655182
13.7786760
8.5117006
3.7390077
6.1122937
16.0357170
38.0949745
53.0257034
57.5583420
53.0150757
42.5938530
32.2393112
27.6392422
27.5080528
20.4071579
8.5152636
2.3393879
4.6480994
6.6675496
4.7681451
8.9569464
29.7405357
49.7840004
45.9016838
26.4949512
18.0317173
12.6630497
18.7456303
20.1304283
13.0947609
5.9525228
1.4091823
1.0126911
0.8780034
1.7362546
0.8443514
0.7793912
0.9790004
1.3955876
4.6936216
10.7219124
14.3203001
13.0024633
7.6853652
2.5346556
3.7839794
10.2629852
10.8776646
6.0488205
6.3382583
10.7775393
13.5532990
9.9899111
2.2930181
0.3647540
1.8975434
9.3465099
18.0188179
20.4312286
17.2587833
11.6729546
6.9815335
3.7420065
1.6934924
0.4917769
0.3964648
0.6890042
1.1891148
0.9173604
0.8087188
0.6666974
0.5387028
0.8486042
1.0257449
1.0470955
0.6762621
0.2085795
0.0394273
0.0012359
0.0001603
0.0000000
0.0000000
0.0000000
0.0000000
0.0000000
0.0000000
0.0000000
0.0000000
0.0000000
0.0000000
0.0000000
0.0000000
0.0000000
0.0000000
0.0000000
0.0000000
0.0000000
0.0000000
0.0000000
0.0000000
0.0000000
0.0000000
0.0000000
0.0000000
0.0000000
0.0000000
0.0000000
0.0000000
0.0000000
0.0000000
0.0000000
0.0000000
0.0000000
0.0000000
0.0000000
0.0000000
0.0000000
0.0000000
0.0000000
0.0000000
0.0000000
0.0000000
0.0000000
0.0000000
0.0000000
0.0000000
0.0000000
0.0000000
0.0000000
0.0000000
0.0000000
0.0000000
0.0000000
0.0000000
0.0000000
0.0000000
0.0000000
0.0000000
0.0000000
0.0000000
0.0000000
0.0000000
0.0000000
0.0000000
0.0000000
0.0000000
0.0000000
0.0000000
0.0000000
0.0000000
0.0000000
0.0000000
0.0000000
0.0000000
0.0000000
0.0000000
0.0000000
0.0000000
0.0000000
0.0000000
0.0000000
0.0000000
0.0000000
0.0000000
0.0000000
0.0000000
0.0000000
0.0000000
0.0000000
0.0000000
0.0000000
0.0000000
0.0000000
0.0000000
0.0000000
0.0000000
0.0000000
0.0000000
0.0000000
0.0000000
0.0000000
0.0000000
0.0000000
0.0000000
0.0000000
0.0000000
0.0000000
0.0000000
0.0000000
0.0000000
0.0000000
0.0000000
0.0000000
0.0000000
0.0000000
0.0000000
0.0000000
0.0000000
0.0000000
0.0000000
0.0000000
0.0000000
0.0000000
0.0000000
0.0000000
0.0000000
0.0000000
0.0000000
0.0000000
0.0000000
0.0000000
0.0000000
0.0000000
0.0000000
0.0000000
0.0000000
0.0000000
0.0000000
0.0000000
0.0000000
0.0000000
0.0000000
0.0000000
0.0000000
0.0000000
0.0000000
0.0000000
0.0000000
0.0000000
0.0000000
0.0000000
0.0000000
0.0000000
0.0000000
0.0000000
0.0000000
0.0000000
0.0000000
0.0000000
0.0000000
0.0000000
0.0000000
0.0000000
0.0000000
0.0000000
0.0000000
0.0000000
0.0000000
0.0000000
0.0000000
0.0000000
0.0000000
0.0000000
0.0000000
0.0000000
0.0000000
0.0000000
0.0000000
0.0000000
0.0000000
0.0000000
0.0000000
0.0000000
0.0000000
0.0000000
0.0000000
0.0000000
0.0000000
0.0000000
0.0000000
0.0000000
0.0000000
0.0000000
0.0000000
0.0000000
0.0000000
0.0000000
0.0000000
0.0000000
0.0000000
0.0000000
0.0000000
0.0000000
0.0000000
0.0000000
0.0000000
0.0000000
0.0000000
0.0000000
0.0000000
0.0000000
0.0000000
0.0000000
0.0000000
0.0000000
0.0000000
0.0000000
0.0000000
0.0000000
0.0000000
0.0000000
0.0000000
0.0000000
0.0000000
0.0000000
0.0000000
0.0000000
0.0000000
0.0000000
0.0000000
0.0000000
0.0000000
0.0000000
0.0000000
0.0000000
0.0000000
0.0000000
0.0000000
0.0000000
0.0000000
0.0000000
0.0000000
0.0000000
0.0000000
0.0000000
0.0000000
0.0000000
0.0000000
0.0000000
0.0000000
0.0000000
0.0000000
0.0000000
0.0000000
0.0000000
0.0000000
0.0000000
0.0000000
0.0000000
0.0000000
0.0000000
0.0000000
0.0000000
0.0000000
0.0000000
0.0000000
0.0000000
0.0000000
0.0000000
0.0000000
0.0000000
0.0000000
0.0000000
0.0000000
0.0000000
0.0000000
0.0000000
0.0000000
0.0902043
1.8955656
5.5873995
7.4976025
5.2704344
1.2911224
0.7385237
0.5014976
0.6894380
0.9485445
1.2634747
1.7582375
1.8592172
1.9972254
2.1235094
2.6659169
3.2292967
3.5211399
2.6505651
1.2330099
1.2580354
3.4687419
16.4416580
36.7774658
61.6180801
115.0217209
186.2234039
243.4123077
254.8895569
216.8769989
150.8882599
98.9766769
50.6121635
21.8102570
6.3863449
4.7419205
28.5287628
94.1140671
181.5109253
223.2016449
178.5043945
80.0940170
23.5959206
6.3636651
0.9689736
4.7877135
23.4561787
49.8297081
84.8938980
131.5589600
164.8790741
182.2695618
205.4089508
219.4707336
185.3245239
102.6142349
26.7002506
22.1735878
17.2871323
5.0852327
0.2254719
0.2928909
5.6351519
26.2492886
44.1878052
81.2975464
118.8814697
117.7948837
74.1690445
45.7842178
33.4986229
45.5497894
74.2546844
102.5894699
86.9371490
50.2360153
33.0361748
26.6211376
11.4081049
3.0966687
1.1479926
7.5965266
45.3117218
124.7212524
192.4484406
200.2140350
143.6074982
93.5404739
68.3093338
53.4077606
37.0543137
30.7192554
37.7978363
54.2137756
48.9491692
32.6465225
38.5508270
65.2451096
48.7988777
16.4134407
10.9885654
67.1441040
147.6360779
146.2055511
85.3127594
54.0282822
54.5652237
80.1972504
43.8782730
23.1166458
13.0447340
2.1107600
4.8933945
44.4794540
106.7181320
121.6829834
98.4495621
75.0034409
52.1437378
36.6735039
34.4581642
7.4481902
1.7598687
8.8839045
18.3059406
30.3806992
51.5788879
80.3373795
99.2058029
96.9045792
72.0354004
40.0798340
15.4665632
5.3901706
11.6131058
18.1979847
23.6832523
37.5675316
35.2771759
22.5793533
7.2320151
9.6586952
9.0736923
20.4656601
35.2382584
27.6042843
10.9385643
4.1328011
2.6846316
1.5961133
1.4099647
1.3234162
0.7742153
0.4807846
0.6087626
1.1251978
1.4972192
1.6377915
1.3566091
0.9491662
0.9541337
0.9644902
0.8771689
0.8743876
0.9484234
1.2729115
7.9660649
21.2243538
30.8435612
31.8510761
36.3825874
49.7275429
52.2390404
37.1829414
23.4299526
13.3959208
10.7558498
13.7995796
11.5466080
11.7416039
12.5294533
9.4379005
6.1098375
5.5929732
4.3367829
2.5215452
1.9070454
1.8424081
2.1247520
1.2253587
0.5990458
0.1898165
0.0393263
0.0004427
0.0000322
0.0000000
0.0000000
0.0000000
0.0000000
0.0000000
0.0000000
0.0000000
0.0000000
0.0000000
0.0000000
0.0000000
0.0000000
0.0000000
0.0000000
0.0000000
0.0000000
0.0000000
0.0000000
0.0000000
0.0000000
0.0000000
0.0000000
0.0000000
0.0000000
0.0000000
0.0000000
0.0000000
0.0000000
0.0000000
0.0000000
0.0000000
0.0000000
0.0000000
0.0000000
0.0000000
0.0000000
0.0000000
0.0000000
0.0000000
0.0000000
0.0000000
0.0000000
0.0000000
0.0000000
0.0000000
0.0000000
0.0000000
0.0000000
0.0000000
0.0000000
0.0000000
0.0000000
0.0000000
0.0000000
0.0000000
0.0000000
0.0000000
0.0000000
0.0000000
0.0000000
0.0000000
0.0000000
0.0000000
0.0000000
0.0000000
0.0000000
0.0000000
0.0000000
0.0000000
0.0000000
0.0000000
0.0000000
0.0000000
0.0000000
0.0000000
0.0000000
0.0000000
0.0000000
0.0000000
0.0000000
0.0000000
0.0000000
0.0000000
0.0000000
0.0000000
0.0000000
0.0000000
0.0000000
0.0000000
0.0000000
0.0000000
0.0000000
0.0000000
0.0000000
0.0000000
0.0000000
0.0000000
0.0000000
0.0000000
0.0000000
0.0000000
0.0000000
0.0000000
0.0000000
0.0000000
0.0000000
0.0000000
0.0000000
0.0000000
0.0000000
0.0000000
0.0000000
0.0000000
0.0000000
0.0000000
0.0000000
0.0000000
0.0000000
0.0000000
0.0000000
0.0000000
0.0000000
0.0000000
0.0000000
0.0000000
0.0000000
0.0000000
0.0000000
0.0000000
0.0000000
0.0000000
0.0000000
0.0000000
0.0000000
0.0000000
0.0000000
0.0000000
0.0000000
0.0000000
0.0000000
0.0000000
0.0000000
0.0000000
0.0000000
0.0000000
0.0000000
0.0000000
0.0000000
0.0000000
0.0000000
0.0000000
0.0000000
0.0000000
0.0000000
0.0000000
0.0000000
0.0000000
0.0000000
0.0000000
0.0000000
0.0000000
0.0000000
0.0000000
0.0000000
0.0000000
0.0000000
0.0000000
0.0000000
0.0000000
0.0000000
0.0000000
0.0000000
0.0000000
0.0000000
0.0000000
0.0000000
0.0000000
0.0000000
0.0000000
0.0000000
0.0000000
0.0000000
0.0000000
0.0000000
0.0000000
0.0000000
0.0000000
0.0000000
0.0000000
0.0000000
0.0000000
0.0000000
0.0000000
0.0000000
0.0000000
0.0000000
0.0000000
0.0000000
0.0000000
0.0000000
0.0000000
0.0000000
0.0000000
0.0000000
0.0000000
0.0000000
0.0000000
0.0000000
0.0000000
0.0000000
0.0000000
0.0000000
0.0000000
0.0000000
0.0000000
0.0000000
0.0000000
0.0000000
0.0000000
0.0000000
0.0000000
0.0000000
0.0000000
0.0000000
0.0000000
0.0000000
0.0000000
0.0000000
0.0000000
0.0000000
0.0000000
0.0000000
0.0000000
0.0000000
0.0000000
0.0000000
0.0000000
0.0000000
0.0000000
0.0000000
0.0000000
0.0000000
0.0000000
0.0000000
0.0000000
0.0000000
0.0000000
0.0000000
0.0000000
0.0000000
0.0000000
0.0000000
0.0000000
0.0000000
0.0000000
0.0000000
0.0000000
0.0000000
0.0000000
0.0000000
0.0822816
0.6498224
1.6271379
2.1928124
1.9288201
1.2548201
0.6921169
0.6583645
0.5126661
0.5254819
0.7496074
1.8443335
3.0219603
2.6442103
1.6454854
1.0181569
0.6828961
0.7973498
1.0649408
1.1214627
1.0884155
1.1258056
0.9450606
0.9311726
1.0141871
0.9892334
0.9248021
0.9723082
1.1363102
0.8394695
0.5894817
0.7480162
6.0037446
17.2805367
25.2087631
24.4725342
23.9944820
27.9865322
49.2988586
114.3102417
188.8684235
240.3845825
266.3715820
276.1237488
256.6584167
210.0990753
147.4482727
82.1583939
35.0579605
30.4899254
9.5696011
2.4026070
1.2586401
0.5471816
0.5003861
0.3779756
0.5807216
0.6108657
0.7900220
0.7954824
0.5666420
0.4753307
0.8265588
1.1973174
1.2543375
2.3905473
16.3729191
37.9021225
45.3811760
33.1209679
20.1477814
19.7285423
44.5734100
73.3887939
66.2177658
62.7320480
68.5571213
98.2476425
107.4649734
84.5893936
55.2400284
19.2665138
37.1098022
26.4047832
5.2369504
0.5161739
0.1868533
0.5087121
9.8708162
75.6930771
168.2041931
200.9070282
155.9967194
99.6252441
76.9184113
55.3819084
48.0157623
64.7129059
77.5467224
71.4326935
60.5641899
62.4122086
61.3562469
31.8118038
11.0916100
3.2919931
1.7087948
34.1260300
109.6798706
135.2504120
104.0224838
64.8074646
43.6522369
38.8178139
36.8389664
29.9003563
29.1264782
23.5124302
20.1223679
38.8681717
122.0546265
175.7671967
151.5826111
98.5730515
57.1264839
23.9790325
5.0924778
1.6357510
3.3797536
35.2751579
98.2191086
108.1419601
67.2007675
26.0926857
28.6067581
33.2001915
29.6446743
26.9013195
36.6110687
59.6852341
71.4879837
58.2581177
37.4867973
19.5334091
9.0070610
6.4646444
41.9725380
112.5856323
158.6778717
163.8598328
136.5771484
83.0056610
22.6679878
6.6584358
13.4040003
84.2083740
150.1954346
108.9588242
66.1383591
42.9223213
35.6253128
32.5198059
21.5914822
10.4797764
8.1942844
17.5823021
47.2744942
76.6027069
83.8423538
76.6776123
69.1057587
57.5381889
48.2204704
79.9916687
105.2105560
168.3395386
234.7922363
219.8102875
132.4799805
87.3487167
100.0370560
121.9521255
113.8894882
89.5685196
58.3911209
37.7970467
50.7769127
65.4686584
74.6890488
71.7476196
71.6858368
54.3852463
17.2299557
1.9118962
0.1744119
0.5647935
7.9918685
25.4101791
24.7547798
28.5452385
53.3078194
72.3361588
63.0911026
41.7802925
26.4471264
15.4656305
13.8299828
9.4231863
5.6383700
2.4419713
2.1724207
16.4992676
69.4995193
121.9237595
127.0510635
88.7751541
56.5765648
30.2145882
46.9569740
73.0930939
75.3023529
60.1894493
50.6590042
47.4936829
41.2716942
37.7911301
38.5960312
46.0215950
56.1912651
51.6454811
30.4522495
15.2206564
37.6719933
25.2697239
6.4536018
15.6606607
26.2100353
44.1184807
60.2560654
98.4578094
161.7907104
175.6678925
130.6204529
103.7474670
85.7684937
70.2149506
57.6039085
54.9754143
61.5416756
48.2149429
37.1653137
29.1785793
19.6217957
11.0446205
10.2824993
23.5161896
32.6353607
26.4048367
12.4855709
5.9215312
16.4541740
28.6361504
23.0922165
11.0011625
4.4666638
17.9792862
24.1041107
22.2560921
16.2977238
7.1705165
1.4658301
0.3296359
0.4388992
1.4048452
2.7566559
6.7435513
21.4286213
45.4224091
57.5026779
45.7861023
32.3542633
21.4624882
14.0486755
13.0475655
19.3603859
25.0471420
29.0687866
29.4502220
30.5727196
29.7768497
26.4545784
21.1217098
14.6915684
10.7498722
17.5323639
22.2956352
17.5623264
8.9465942
8.6351461
13.2353220
21.0551968
38.1878700
43.8209381
36.3630066
23.7712269
17.0664616
15.9254627
29.9940414
25.0047321
6.3255639
1.1722473
0.3144653
0.4853318
2.8451118
5.8070211
5.9705439
5.2757564
5.0186062
5.4549475
6.0527668
6.6486101
6.4123564
5.8879952
4.9043255
4.0812516
4.2865520
4.9741411
4.9798217
5.1764326
4.5853395
4.6496711
5.4814706
6.5057006
6.6167121
5.7863226
5.9815516
6.9723563
6.9190688
6.5498266
5.6499186
4.5772552
3.5001142
2.6774290
2.4662309
2.2496672
1.9411533
1.3827777
1.1396263
1.1700059
1.1618404
1.0588681
0.8146561
0.6802235
0.6063260
0.7063928
1.1003391
0.9928521
0.7193526
0.8060552
0.9838669
1.1935673
0.9370812
0.6713747
0.4997987
0.3976759
0.5333543
0.7645581
0.8272976
1.0311120
1.4122349
3.1594715
7.8327351
21.1742859
44.5380211
78.4303894
114.0454025
139.3819885
147.1478729
132.1140594
111.3805542
82.8434830
34.7184486
18.6645298
17.9157467
37.0176125
77.8668976
100.8903580
82.9588165
77.1296234
77.1986465
82.2332230
91.9183426
82.0315094
51.0350838
17.7499332
10.1774845
36.2372169
72.9022980
75.4711761
47.5005417
41.9449501
66.4149399
104.5431366
136.0571899
121.8743668
64.6510468
31.0232830
16.4884510
10.5688877
7.3087964
7.9528828
5.7878151
4.7482290
12.1350451
27.4946861
46.9732170
53.9606781
50.2984543
45.9232254
38.2087402
23.1829090
9.5973892
5.0242739
4.4419694
4.7138920
5.1437631
4.2861471
5.6231689
10.0420990
12.2228966
13.5252676
15.0644245
14.0613575
10.1288223
6.4577551
4.4419785
1.9806894
0.7988707
0.5883349
0.4984783
0.5651754
0.5853071
0.6088520
0.6803232
0.7588718
0.8756840
1.1638936
1.4981222
1.2998489
0.6608753
0.4299945
0.6012959
0.8626754
0.8146821
0.2905773
0.0228932
0.0008991
0.0000000
0.0000000
0.0000000
0.0000000
0.0000000
0.0000000
0.0000000
0.0000000
0.0000000
0.0000000
0.0000000
0.0000000
0.0000000
0.0000000
0.0000000
0.0000000
0.0000000
0.0000000
0.0000000
0.0000000
0.0000000
0.0000000
0.0000000
0.0000000
0.0000000
0.0000000
0.0000000
0.0000000
0.0000000
0.0000000
0.0000000
0.0000000
0.0000000
0.0000000
0.0000000
0.0000000
0.0000000
0.0000000
0.0000000
0.0000000
0.0000000
0.0000000
0.0000000
0.0000000
0.0000000
0.0000000
0.0000000
0.0000000
0.0000000
0.0000000
0.0000000
0.0000000
0.0000000
0.0000000
0.0000000
0.0000000
0.0000000
0.0000000
0.0000000
0.0000000
0.0000000
0.0000000
0.0000000
0.0000000
0.0000000
0.0000000
0.0000000
0.0000000
0.0000000
0.0000000
0.0000000
0.0000000
0.0000000
0.0000000
0.0000000
0.0000000
0.0000000
0.0000000
0.0000000
0.0000000
0.0000000
0.0000000
0.0000000
0.0000000
0.0000000
0.0000000
0.0000000
0.0000000
0.0000000
0.0000000
0.0000000
0.0000000
0.0000000
0.0000000
0.0000000
0.0000000
0.0000000
0.0000000
0.0000000
0.0000000
0.0000000
0.0000000
0.0000000
0.0000000
0.0000000
0.0000000
0.0000000
0.0000000
0.0000000
0.0000000
0.0000000
0.0000000
0.0000000
0.0000000
0.0000000
0.0000000
0.0000000
0.0000000
0.0000000
0.0000000
0.0000000
0.0000000
0.0000000
0.0000000
0.0000000
0.0000000
0.0000000
