0.0000000
0.0000000
0.0000000
0.0000000
0.0000000
0.0000000
0.0000000
0.0000000
0.0000000
0.0000000
0.0000000
0.0000000
0.0000000
0.0000000
0.0000000
0.0000000
0.0000000
0.0000000
0.0000000
0.0000000
0.0000000
0.0000000
0.0000000
0.0000000
0.0000000
0.0000000
0.0000000
0.0000000
0.0000000
0.0000000
0.0000000
0.0000000
0.0000000
0.0000000
0.0000000
0.0000000
0.0000000
0.0000000
0.0000000
0.0000000
0.0000000
0.0000000
0.0000000
0.0000000
0.0000000
0.0000000
0.0000000
0.0000000
0.0000000
0.0000000
0.0000000
0.0000000
0.0000000
0.0000000
0.0000000
0.0000000
0.0000000
0.0000000
0.0000000
0.0000000
0.0000000
0.0000000
0.0000000
0.0000000
0.0000000
0.0000000
0.0000000
0.0000000
0.0000000
0.0000000
0.0000000
0.0000000
0.0000000
0.0000000
0.0000000
0.0000000
0.0000000
0.0000000
0.0000000
0.0000000
0.0000000
0.0000000
0.0000000
0.0000000
0.0000000
0.0000000
0.0000000
0.0000000
0.0000000
0.0000000
0.0000000
0.0000000
0.0000000
0.0000000
0.0000000
0.0000000
0.0000000
0.0000000
0.0000000
0.0000000
0.0000000
0.0000000
0.0000000
0.0000000
0.0000000
0.0000000
0.0000000
0.0000000
0.0000000
0.0000000
0.0000000
0.0000000
0.0000000
0.0000000
0.0000000
0.0000000
0.0000000
0.0000000
0.0000000
0.0000000
0.0000000
0.0000000
0.0000000
0.0000000
0.0000000
0.0000000
0.0000000
0.0000000
0.0000000
0.0000000
0.0000000
0.0000000
0.0000000
0.0000000
0.0000000
0.0000000
0.0000000
0.0000000
0.0000000
0.0000000
0.0000000
0.0000000
0.0000000
0.0000000
0.0000000
0.0000000
0.0000000
0.0000000
0.0000000
0.0000000
0.0000000
0.0000000
0.0000000
0.0000000
0.0000000
0.0000000
0.0000000
0.0000000
0.0000000
0.0000000
0.0000000
0.0000000
0.0000000
0.0000000
0.0000000
0.0000000
0.0000000
0.0000000
0.0000000
0.0000000
0.0000000
0.0000000
0.0000000
0.0000000
0.0000000
0.0000000
0.0000000
0.0000000
0.0000000
0.0000000
0.0000000
0.0000000
0.0000000
0.0000000
0.0000000
0.0000000
0.0000000
0.0000000
0.0000000
0.0000000
0.0000000
0.0000000
0.0000000
0.0000000
0.0000000
0.0000000
0.0214167
0.2371799
0.6306651
0.8678429
0.8509697
0.8168750
0.8851191
4.1416559
47.9616737
184.1618805
349.0877075
428.0718384
377.0980225
277.3277588
201.9480286
125.2411270
68.7436142
44.5065460
65.0209427
156.7231445
233.9060669
169.3825989
107.5265579
53.7721329
85.6290741
109.0926743
66.9265137
68.3959274
112.8205872
112.0344391
55.3231926
13.0799541
11.1170759
20.5624237
43.0754585
64.9408798
75.7967300
62.2749252
42.2422180
19.3636932
18.4408188
12.1596184
3.7694108
1.7023618
9.1978741
35.2611923
39.1388741
17.4292011
4.6021175
1.7720472
0.4704056
0.2979459
0.5169877
0.6821178
1.1168511
1.2390425
6.3351402
43.0269547
107.8537598
146.3377533
131.8916473
100.3702621
69.4115829
34.6861725
29.4324646
94.1022873
164.3759918
159.8121490
111.3774796
66.9017258
34.6002922
14.1517963
11.5682163
27.5262737
25.4487514
16.7496986
18.9931965
22.9730339
10.1684437
0.4110707
0.0390097
0.0893701
0.0957153
0.4074224
0.4956518
0.8842209
0.8341908
0.5894288
0.5239719
0.4686781
0.5912181
0.8330835
0.9483130
1.2502375
3.5930700
8.6194868
12.1414366
14.5045176
25.3172741
47.4745979
74.0500107
93.4298096
93.7544174
72.9327927
63.1153069
56.4084969
67.3826904
80.3879242
80.2806549
64.1032639
35.2032204
17.1194572
43.7774963
102.2994461
127.7483978
113.2805481
97.4823151
107.5837021
88.2543640
53.4648933
46.3097916
60.8704758
77.3943481
66.5045471
42.1380463
26.4453659
24.4071751
29.1474648
33.6308899
30.1296864
24.6842957
19.7611122
19.7685719
66.0810089
192.9021454
321.9497375
335.3241882
238.7629395
168.8588867
103.2339706
121.0811539
133.4768829
75.4904175
57.4921227
62.0234985
110.2507019
135.6101379
130.7193756
95.8486328
88.5265579
81.4257660
79.4181671
72.2783127
46.6682434
24.9043159
57.8123856
39.3094826
27.5278053
57.6082230
92.8682861
109.4418106
82.8281097
52.7773628
42.0729752
84.0085602
71.8256683
80.3615036
73.7872696
36.9617729
23.3097095
43.1358376
125.3055801
220.7008362
234.6078491
160.3933868
83.5532990
53.9708328
35.0699310
28.7993050
18.3969688
15.5719109
19.2286434
24.3593807
13.2064638
2.6824594
10.7199554
34.2052155
50.3511581
39.1809959
20.8265095
14.4623203
14.6195145
18.1396999
27.8380394
33.0072289
40.6630821
52.5589867
78.9099884
106.4521790
102.1110687
76.1490860
53.5481682
44.0592957
23.2216759
12.7320795
15.9586172
32.3682365
45.3772888
30.9933815
19.0973358
25.7344933
24.5905838
14.6507483
10.1359825
15.4422455
20.1889820
10.3302460
1.6992157
9.4932041
28.4522610
32.7632713
20.2615566
56.3133430
131.0773010
189.0183716
175.8462830
130.5022430
73.1836929
44.6818390
27.6773167
28.5725861
39.4329872
50.4888611
59.2507515
62.1511917
42.7057686
13.5378523
4.6586738
16.4621944
63.7915611
105.0508728
112.3100586
120.6865234
120.7435226
109.0317612
90.0834503
86.6260452
81.1492004
115.8173218
112.4754944
63.2944603
46.2653885
68.5223007
33.4898376
25.4795399
28.7877884
24.2048264
18.0903416
12.3333263
15.1497927
11.2192326
6.1092405
3.1816819
6.6186666
16.6651115
25.6654434
27.9804878
27.3773460
27.3329620
26.4531860
23.5710735
21.8354626
19.9993610
19.3194695
19.8388233
19.7790718
17.2420425
12.9087744
12.1734419
14.4742880
14.5165253
15.0463676
15.5151186
12.4847889
10.2428169
9.9116230
10.7881708
10.3750973
10.6949215
9.7208452
9.0316792
8.4203243
6.8823004
5.2080841
3.9777713
2.2901523
14.0668564
46.2831192
80.6725082
101.9876099
112.0996170
116.3825989
94.4743958
72.9426117
53.0145569
53.6944733
50.1617889
42.4327316
58.5306969
91.1880798
135.0121155
137.2040405
94.9282150
72.6200256
166.5281067
145.5726318
94.2090454
44.2543221
116.8643112
116.7539520
110.1380615
98.3256836
70.1333008
45.0587349
40.3680344
38.4926834
28.9871845
19.2037487
9.7984104
17.4072361
21.4231091
22.0651894
21.2219868
19.5590858
18.1730881
15.0854654
10.2993460
7.7142916
15.3395357
27.8141708
50.3836823
67.4484100
46.5513268
4.1078691
2.5417869
8.0984039
26.9254684
46.5985413
49.7387085
34.8532143
32.4638405
62.9260864
99.9315948
127.6563568
149.2388763
146.8184814
126.5615234
73.9691315
42.8655891
68.3039627
68.0528259
34.0904312
10.5257454
6.1368871
27.8169556
80.0799866
101.4264755
87.9609833
62.9866104
33.5555954
36.8318138
57.3232384
61.3015709
45.1358414
51.3255577
50.3303871
31.7564468
19.4786644
21.7560272
25.9590187
25.7379303
25.4146194
19.3245239
12.4929886
12.8263626
30.0215416
45.8750839
35.1390800
9.1853456
0.4517921
0.1803209
4.5986767
22.6285801
38.9234695
38.8745041
31.1937523
20.6367683
11.6787472
8.1443233
10.5775566
17.4875202
24.6560917
26.0507927
22.5696373
20.6611309
18.2835102
14.0918369
16.5246925
42.7849503
62.9206963
71.1891861
70.3201599
69.0244598
68.7319565
70.7874908
68.4481506
50.0765953
23.5827198
7.0210052
19.8241215
66.2819366
99.2862549
76.8508072
59.7144470
44.6983757
33.3628349
31.9212723
22.7300339
10.2071781
5.5678835
3.8379989
14.9505224
31.7667351
38.0739441
37.5904999
28.4003181
19.9420280
16.3376751
12.4932117
16.5181332
19.6605911
21.0978470
21.0922050
17.9650917
13.3090525
11.6091347
9.2336521
4.8295541
1.9064634
14.6782541
47.3174171
63.0842476
43.1372223
20.5747528
12.5499268
18.4867859
18.5619965
13.2142830
7.3150454
10.5229759
11.4863424
23.5825844
34.0411530
35.6543121
30.7097912
23.1190319
16.5506287
14.8970528
28.1429653
43.6843376
43.3422432
29.4126606
23.4177170
24.5735149
21.8442612
16.7734089
9.2319126
6.0165858
8.4002266
15.7246122
22.7087402
26.4876366
31.6280231
46.7402077
69.7681427
89.5413132
88.2663498
74.7539291
59.2991295
44.0092354
34.5040169
34.2167130
40.5767899
39.7766495
34.4348526
28.3621292
22.7753181
18.9877090
16.9082794
12.2570982
9.0450850
6.3885598
3.3963346
1.3669071
0.3973415
0.4111775
1.5420276
4.1966877
5.2420187
5.1153326
4.7666740
3.8722811
2.7563312
2.3408792
2.4193974
2.1793587
1.6046247
1.2949140
0.8951008
0.4927124
0.4641995
0.5270263
0.6573298
0.8995153
8.3437262
22.8044128
30.9108829
34.3660088
43.2364349
49.7872467
41.8289299
27.7940159
18.6451416
18.1138821
14.4112473
17.5327377
33.7432594
46.1336365
46.1252670
42.2283821
26.3512039
16.2925663
26.2419090
30.5559444
32.1360168
34.2328262
33.7559547
23.5590630
30.2157135
62.4271660
79.2424927
56.5739746
31.2704887
11.4655495
11.1507816
8.8286829
6.1732101
14.1024590
24.4251842
33.9440193
51.8177414
67.0665741
66.9878082
47.0871582
27.6092968
16.0239697
14.1330004
8.7431450
3.8925388
1.7541254
1.9803028
2.3954012
1.4760910
0.8806905
1.2053219
2.5003266
4.6849704
6.4000254
7.0036922
6.0028639
4.5225449
3.3950472
2.9902945
2.4049776
1.7801447
1.3838676
1.0520364
0.7242062
0.5785365
0.6994966
0.2233430
0.1327068
0.2635082
0.7186086
1.0998286
1.0888417
1.7350575
2.4887438
2.3089292
2.8497450
5.1620736
8.7301216
10.9157104
11.2959461
11.6966772
13.6751308
17.7746105
23.3617687
34.1454964
47.4878120
47.7453423
29.4541969
10.6856346
6.7733250
7.7711282
3.7352507
1.3358394
0.7510377
8.7625055
28.7041759
45.3152390
38.4598312
20.0703964
11.0975380
9.5222874
9.1840792
10.2607479
7.7806916
2.6678791
0.4773812
0.2086070
0.2606544
2.8117104
12.1389637
17.1165714
12.6927376
5.5311031
5.2049270
9.4769459
16.1874561
20.8172836
20.7882366
16.7893467
10.7101784
5.1706877
3.3703961
2.0481894
1.8298473
2.7623563
4.9255328
7.1141515
12.1779013
21.3158283
19.9204369
8.1677761
4.9043627
6.0927529
7.1146955
7.2352042
8.9186544
11.6035566
12.0632992
10.4557438
6.8297758
4.3265347
3.6133604
2.0390708
0.8903847
0.9025738
0.6766785
0.4525357
0.7637593
1.7719038
2.9958100
3.3139153
2.6835268
6.1786833
15.1992512
24.8801842
39.5686874
49.8146820
32.7918816
4.7598519
0.2654978
0.1466859
0.0795717
0.9005664
4.9321742
4.2545691
2.5250287
1.8287843
0.2332768
0.1065660
0.1582947
0.4386665
1.4471297
1.9470648
1.6232705
0.8540004
0.7517455
1.2093678
1.4307092
1.2068626
1.2018818
1.2246268
1.2751017
1.0580558
0.4195974
0.0655847
0.0043333
0.0000047
0.0000000
0.0000000
0.0000000
0.0000000
0.0000000
0.0000000
0.0000000
0.0000000
0.0000000
0.0000000
0.0000000
0.0000000
0.0000000
0.0000000
0.0000000
0.0000000
0.0000000
0.0000000
0.0000000
0.0000000
0.0000000
0.0000000
0.0000000
0.0000000
0.0000000
0.0000000
0.0000000
0.0000000
0.0000000
0.0000000
0.0000000
0.0000000
0.0000000
0.0000000
0.0000000
0.0000000
0.0000000
0.0000000
0.0000000
0.0000000
0.0000000
0.0000000
0.0000000
0.0000000
0.0000000
0.0000000
0.0000000
0.0000000
0.0000000
0.0000000
0.0000000
0.0000000
0.0000000
0.0000000
0.0000000
0.0000000
0.0000000
0.0000000
0.0000000
0.0000000
0.0000000
0.0000000
0.0000000
0.0000000
0.0000000
0.0000000
0.0000000
0.0000000
0.0000000
0.0000000
0.0000000
0.0000000
0.0000000
0.0000000
0.0000000
0.0000000
0.0000000
0.0000000
0.0000000
0.0000000
0.0000000
0.0000000
0.0000000
0.0000000
0.0000000
0.0000000
0.0000000
0.0000000
0.0000000
0.0000000
0.0000000
0.0000000
0.0000000
0.0000000
0.0000000
0.0000000
0.0000000
0.0000000
0.0000000
0.0000000
0.0000000
0.0000000
0.0000000
0.0000000
0.0000000
0.0000000
0.0000000
0.0000000
0.0000000
0.0000000
0.0000000
0.0000000
0.0000000
0.0000000
0.0000000
0.0000000
0.0000000
0.0000000
0.0000000
0.0000000
0.0000000
0.0000000
0.0000000
0.0000000
0.0000000
0.0000000
0.0000000
0.0000000
0.0000000
0.0000000
0.0000000
0.0000000
0.0000000
0.0000000
0.0000000
0.0000000
0.0000000
0.0000000
0.0000000
0.0000000
0.0000000
0.0000000
0.0000000
0.0000000
0.0000000
0.0000000
0.0000000
0.0000000
0.0000000
0.0000000
0.0000000
0.0000000
0.0000000
0.0000000
0.0000000
0.0000000
0.0000000
0.0000000
0.0000000
0.0000000
0.0000000
0.0000000
0.0000000
0.0000000
0.0000000
0.0000000
0.0000000
0.0000000
0.0000000
0.0000000
0.0000000
0.0000000
0.0000000
0.0000000
0.0000000
0.0000000
0.0000000
0.0000000
0.0000000
0.0000000
0.0000000
0.0000000
0.0000000
0.0000000
0.0000000
0.0000000
0.0000000
0.0000000
0.0000000
0.0000000
0.0000000
0.0000000
0.0000000
0.0000000
0.0000000
0.0000000
0.0000000
0.0000000
0.0000000
0.0000000
0.0000000
0.0000000
0.0000000
0.0000000
0.0000000
0.0000000
0.0000000
0.0000000
0.0000000
0.0000000
0.0000000
0.0000000
0.0000000
0.0000000
0.0000000
0.0000000
0.0000000
0.0000000
0.0000000
0.0000000
0.0000000
0.0000000
0.0000000
0.0000000
0.0000000
0.0000000
0.0000000
0.0000000
0.0000000
0.0000000
0.0000000
0.0000000
0.0000000
0.0000000
0.0000000
0.0000000
0.0000000
0.0000000
0.0000000
0.0000000
0.0000000
0.0000000
0.0000000
0.0000000
0.0000000
0.0000000
0.0000000
0.0000000
0.0000000
0.0000000
0.0000000
0.0000000
0.0000000
0.0000000
0.0000000
0.0000000
0.0000000
0.0000000
0.0000000
0.0000000
0.0000000
0.0000000
0.0000000
0.0000000
0.0000000
0.0000000
0.0000000
0.0000000
0.0000000
0.0000000
0.0000000
0.0000000
0.0000000
0.0000000
0.0000000
0.0000000
0.0000000
0.0000000
0.0000000
0.0000000
0.0000000
0.0000000
0.0000000
0.0000000
0.0000000
0.0000000
0.0000000
0.0000000
0.0000000
0.0000000
0.0000000
0.0000000
0.0000000
0.0000000
0.0000000
0.0000000
0.0000000
0.0000000
0.0000000
0.0000000
0.0000000
0.0000000
0.0000000
0.0000000
0.0000000
0.0000000
0.0000000
0.0000000
0.0000000
0.0000000
0.0000000
0.0000000
0.0000000
0.0000000
0.0000000
0.0000000
0.0000000
0.0000000
0.0000000
0.0000000
0.0000000
0.0000000
0.0000000
0.0000000
0.0000000
0.0000000
0.0000000
0.0000000
0.0000000
0.0000000
0.0000000
0.0000000
0.0000000
0.0000000
0.0000000
0.0000000
0.0000000
0.0000000
0.0000000
0.0000000
0.0000000
0.0000000
0.0000000
0.0000000
0.0000000
0.0000000
0.0000000
0.0000000
0.0000000
0.0000000
0.0480745
0.3681380
0.9064988
1.2202559
1.0612185
0.6962517
1.9361583
9.6664343
23.4846382
36.3485260
39.5177689
31.0868034
20.6497765
22.5641842
23.0038280
13.0466108
13.2543459
23.4856148
25.9098663
22.6440411
26.6195450
38.8654861
44.5959778
34.1318665
22.3985367
17.8360138
12.8735924
6.3235121
9.3395233
46.6472740
96.2176895
98.4208755
60.4220352
38.7918663
22.7351303
20.3296394
20.6279640
18.2986488
13.8660936
8.5464344
9.9269762
27.2019577
14.2927837
8.5470390
4.9173899
0.6531963
0.3571655
1.2463505
10.1136789
29.6038551
39.4227409
34.6075439
30.4119873
28.9285107
23.5103455
14.4342022
14.4174385
22.8295898
30.3648891
36.5991135
41.6205368
43.1078796
36.5026054
22.1199894
8.4793158
1.3457193
1.3218720
1.3673112
1.5320401
1.8380508
2.4073064
3.3438833
4.9927773
6.5294700
6.0153480
4.2948565
6.6607151
12.3838987
17.1379204
18.8684502
15.3721857
9.8751564
8.3813524
11.7804070
14.6892824
8.3486319
3.5871539
6.4565592
12.2432213
31.9413013
46.6153336
34.9807358
21.9962521
24.2777348
26.3827477
22.5261307
13.9520979
6.7858295
6.3873982
19.0653687
44.0245361
53.7874031
37.1927414
19.5090218
15.0543728
21.5867481
39.9643555
58.7013283
68.7958221
63.4254494
42.5995941
26.6666813
13.5223761
6.9427185
9.9734650
12.6705055
10.5234728
5.9019341
8.7187996
12.4691954
12.3349323
10.8629360
10.0862961
9.1816034
7.8366661
7.7878952
8.5032492
7.7829347
8.4865007
9.4149866
7.2946525
3.0280454
1.1246197
0.5370670
0.3306684
0.5164015
0.6003310
0.5246381
0.5457454
0.5486410
0.5624537
0.5468947
0.4560940
0.3401126
0.4728820
1.3689370
6.7634931
17.7052326
26.4920959
24.0954247
13.0354862
10.1324015
16.8068676
34.5082474
40.2751923
30.1241302
13.7211466
8.5750217
8.0313683
6.8606710
8.4072571
9.2515144
8.2357788
15.2818613
18.5532112
13.2653627
8.6442680
7.5981941
9.4809942
9.8211966
7.5460091
7.2559361
6.5046139
5.8490033
5.5765672
7.6976500
11.8601170
13.1426077
13.2580967
12.9846096
12.6725531
9.9035959
6.3487234
5.1572709
3.9181778
3.8024466
3.8778563
4.1016212
4.4928751
3.6892369
2.8761437
2.3985460
2.1874070
3.0749156
4.1162434
4.1956859
3.4823909
3.0698791
3.2736862
3.4367795
3.1692283
2.9292879
3.5232134
5.1120882
7.2171235
9.9376440
10.9288158
8.4566460
5.1695514
4.5318832
4.5550117
4.7584057
3.9985662
2.9712870
2.1444447
1.8877600
1.5238643
1.5856001
1.4823686
1.4779294
2.0409524
2.4722342
1.8017055
0.8980732
0.7118895
0.7406566
0.8275365
0.7064675
0.5449989
0.4229938
0.5560633
0.5835621
0.5490654
0.5170171
0.3547616
0.1145805
0.0123824
0.0003430
0.0000000
0.0000000
0.0000000
0.0000000
0.0000000
0.0000000
0.0000000
0.0000000
0.0000000
0.0000000
0.0000000
0.0000000
0.0000000
0.0000000
0.0000000
0.0000000
0.0000000
0.0000000
0.0000000
0.0000000
0.0000000
0.0000000
0.0000000
0.0000000
0.0000000
0.0000000
0.0000000
0.0000000
0.0000000
0.0000000
0.0000000
0.0000000
0.0000000
0.0000000
0.0000000
0.0000000
0.0000000
0.0000000
0.0000000
0.0000000
0.0000000
0.0000000
0.0000000
0.0000000
0.0000000
0.0000000
0.0000000
0.0000000
0.0000000
0.0000000
0.0000000
0.0000000
0.0000000
0.0000000
0.0000000
0.0000000
0.0000000
0.0000000
0.0000000
0.0000000
0.0000000
0.0000000
0.0000000
0.0000000
0.0000000
0.0000000
0.0000000
0.0000000
0.0000000
0.0000000
0.0000000
0.0000000
0.0000000
0.0000000
0.0000000
0.0000000
0.0000000
0.0000000
0.0000000
0.0000000
0.0000000
0.0000000
0.0000000
0.0000000
0.0000000
0.0000000
0.0000000
0.0000000
0.0000000
0.0000000
0.0000000
0.0000000
0.0000000
0.0000000
0.0000000
0.0000000
0.0000000
0.0000000
0.0000000
0.0000000
0.0000000
0.0000000
0.0000000
0.0000000
0.0000000
0.0000000
0.0000000
0.0000000
0.0000000
0.0000000
0.0000000
0.0000000
0.0000000
0.0000000
0.0000000
0.0000000
0.0000000
0.0000000
0.0000000
0.0000000
0.0000000
0.0000000
0.0000000
0.0000000
0.0000000
0.0000000
0.0000000
0.0000000
0.0000000
0.0000000
0.0000000
0.0000000
0.0000000
0.0000000
0.0000000
0.0000000
0.0000000
0.0000000
0.0000000
0.0000000
0.0000000
0.0000000
0.0000000
0.0000000
0.0000000
0.0000000
0.0000000
0.0000000
0.0000000
0.0000000
0.0000000
0.0000000
0.0000000
0.0000000
0.0000000
0.0000000
0.0000000
0.0000000
0.0000000
0.0000000
0.0000000
0.0000000
0.0000000
0.0000000
0.0000000
0.0000000
0.0000000
0.0000000
0.0000000
0.0000000
0.0000000
0.0000000
0.0000000
0.0000000
0.0000000
0.0000000
0.0000000
0.0000000
0.0000000
0.0000000
0.0000000
0.0000000
0.0000000
0.0000000
0.0000000
0.0000000
0.0000000
0.0000000
0.0000000
0.0000000
0.0000000
0.0000000
0.0000000
0.0000000
0.0000000
0.0000000
0.0000000
0.0000000
0.0000000
0.0000000
0.0000000
0.0000000
0.0000000
0.0000000
0.0000000
0.0000000
0.0000000
0.0000000
0.0000000
0.0000000
0.0000000
0.0000000
0.0000000
0.0000000
0.0000000
0.0000000
0.0000000
0.0000000
0.0000000
0.0000000
0.0000000
0.0000000
0.0000000
0.0000000
0.0000000
0.0000000
0.0000000
0.0000000
0.0000000
0.0000000
0.0000000
0.0000000
0.0000000
0.0000000
0.0000000
0.0000000
0.0000000
0.0000000
0.0000000
0.0000000
0.0000000
0.0000000
0.0000000
0.0000000
0.0000000
0.0000000
0.0000000
0.0000000
0.0000000
0.0000000
0.0000000
0.0000000
0.0000000
0.0000000
0.0000000
0.0000000
0.0000000
0.0000000
0.0000000
0.0000000
0.0000000
0.0000000
0.0000000
0.0000000
0.0000000
0.0000000
0.0000000
0.0000000
0.0000000
0.0000000
0.0000000
0.0000000
0.0000000
0.0000000
0.0000000
0.0000000
0.0000000
0.0000000
0.0000000
0.0000000
0.0000000
0.0000000
0.0000000
0.0000000
0.0000000
0.0000000
0.0000000
0.0000000
0.0000000
0.0000000
0.0000000
0.0000000
0.0000000
0.0000000
0.0000000
0.0000000
0.0000000
0.0000000
0.0000000
0.0000000
0.0000000
0.0000000
0.0000000
0.0000000
0.0000000
0.0000000
0.0000000
0.0000000
0.0000000
0.0000000
0.0000000
0.0000000
0.0000000
0.0000000
0.0000000
0.0000000
0.0000000
0.0000000
0.0000000
0.0000000
0.0000000
0.0000000
0.0000000
0.0000000
0.0000000
0.0000000
0.0000000
0.0000000
0.0000000
0.0000000
0.0000000
0.0000000
0.0000000
0.0000000
0.0000000
0.0000000
0.0000000
0.0000000
0.0000000
0.0000000
0.0000000
0.0000000
0.0000000
0.0000000
0.0000000
0.0000000
0.0000000
0.0000000
0.0000000
0.0000000
0.0000000
0.0000000
0.0000000
0.0000000
0.0000000
0.0000000
0.0000000
0.0000000
0.0000000
0.0000000
0.0000000
0.0000000
0.0000000
0.0000000
0.0000000
0.0000000
0.0000000
0.0000000
0.0000000
0.0000000
0.0000000
0.0000000
0.0000000
0.0000000
0.0000000
0.0000000
0.0000000
0.0000000
0.0000000
0.0000000
0.0000000
0.0000000
0.0000000
0.0000000
0.0000000
0.0000000
0.0000000
0.0000000
0.0000000
0.0000000
0.0000000
0.0000000
0.0000000
0.0000000
0.0000000
0.0000000
0.0000000
0.0000000
0.0000000
0.0000000
0.0000000
0.0000000
0.0000000
0.0000000
0.0000000
0.0000000
0.0000000
0.0000000
0.0000000
0.0000000
0.0000000
0.0000000
0.0000000
0.0000000
0.0000000
0.0000000
0.0000000
0.0000000
0.0000000
0.0000000
0.0000000
0.0000000
0.0000000
0.0000000
0.0000000
0.0000000
0.0000000
0.0000000
0.0000000
0.0000000
0.0000000
0.0000000
0.0000000
0.0000000
0.0000000
0.0000000
0.0000000
0.0000000
0.0028757
0.1515221
0.5955135
1.0120226
1.5101051
2.9962201
5.3843632
7.7643852
13.8739405
33.9015656
63.3042793
72.4743805
46.0339851
11.0274572
1.4966860
0.2050841
0.2111185
0.2952541
0.4037463
1.2494773
29.5026913
115.0604553
204.9271240
215.4258728
138.0986023
78.4778748
53.2099533
44.9733734
45.2457581
38.8683395
32.0927658
31.5444260
37.4697037
40.1543999
33.3316307
19.4173565
10.1616859
5.8128271
8.0706301
13.5613861
17.9315166
22.5601196
26.9361038
31.2792740
37.5382538
56.6520844
72.9024200
68.0320053
62.3649025
83.7822418
122.8993530
122.3148041
91.0669861
74.9772034
66.3426056
50.1624947
22.7576694
6.6804843
4.3626628
18.7470684
39.3803329
44.7764778
32.2296906
18.9290257
12.9762020
9.0579367
3.8810658
1.4053965
0.4534817
7.1098156
30.0732384
50.0835876
40.6039734
13.0025425
3.2610147
0.7970313
0.2924522
0.2608355
2.4747748
24.9560947
66.9892197
97.4608307
88.1949997
52.7590103
31.7613010
13.7362728
3.7049227
9.4818430
24.7620811
27.0028744
23.3621807
31.1731930
52.6921959
90.7827225
118.8983536
108.5910416
96.5303345
95.4526596
99.7126236
88.5679398
62.9995804
30.4712067
12.1296892
1.9754943
2.1447148
8.5162640
16.0084820
19.0135880
17.4374466
12.9362259
6.8405027
2.5568974
0.6480823
0.5364836
9.1150169
60.9025879
135.8977966
174.5459595
149.1026306
98.7354736
60.6931267
43.7385559
42.8260345
72.1358948
131.8096313
123.6701508
83.2696762
51.0117798
85.8832474
43.6719742
26.4121704
26.5579720
75.3551483
81.2576752
41.1625290
30.3892708
25.6589718
9.3891525
2.1854153
0.6430406
0.5044218
0.8943133
2.3418634
4.3557925
4.2308674
1.6412818
2.5467565
7.1475201
9.0456867
4.9081993
0.6657721
1.4353828
2.4778214
2.3254237
0.8521582
0.4075625
0.4917548
1.8568549
10.1087580
16.7560654
12.0928450
2.4695346
2.3704116
5.4455204
20.7649956
54.8030167
90.5443573
107.1791382
88.9145813
78.5457077
140.7745972
193.5856323
178.2523651
159.0563660
192.2336884
150.8884277
64.6868820
22.6821308
5.8840971
3.8103142
0.8900325
0.5347226
0.2950938
0.2410728
0.5511061
0.6684225
0.7127286
1.1043961
6.3282213
20.0768929
34.5662613
39.3533936
39.3353462
49.3428116
55.4319496
45.9439735
28.1948395
10.7373495
7.9213018
49.6121178
133.3968201
173.3292694
138.0551453
96.2780075
60.9785843
40.4866486
11.2706966
2.4173083
0.6284943
3.8574502
39.2165909
72.2255859
66.1149292
36.5748978
22.9693184
21.6360073
22.4670334
28.3885326
36.3468781
32.3864136
11.6928949
2.7607441
14.5967760
57.1583328
106.0903015
142.2692261
169.3311615
179.1036682
173.5808105
147.9380493
120.0531540
134.6464996
111.4391403
59.0048790
34.5713425
16.0998535
7.2793694
5.0396023
6.9250746
17.1974945
30.5828781
33.4550209
34.2671394
43.9735489
53.1781425
53.8771210
49.3670807
42.2450294
29.6467514
14.9080639
6.5421801
3.6206923
1.8886890
0.6583345
0.2496479
0.9235554
4.1606283
8.0590487
9.7971296
10.5539246
10.4218044
9.8743258
10.0253582
9.9121714
10.6556644
10.6389542
10.9121275
10.4814787
9.6870499
8.9785213
8.0240297
5.4238973
1.6115876
0.3968380
0.2276505
0.4727185
0.7136048
13.6737585
73.3762283
166.5471954
219.5575104
186.9843903
118.1544266
100.6860809
151.9045410
196.2186432
157.8116913
124.6233063
118.2941666
127.5513687
118.7152939
108.8388519
80.8481598
49.3992805
22.2464104
43.2520103
31.3260612
28.2365513
25.2573528
27.4123135
20.6287136
9.8492031
4.3920774
1.8879200
0.6946567
0.3992257
0.2926981
0.5881265
2.4994879
3.7554939
3.7719333
3.9980462
4.0818944
3.5522871
2.9252567
2.3943846
2.0142488
1.7265099
1.5367700
1.4092915
1.1319442
1.0229520
1.1019647
1.6229196
2.1309471
1.6066546
0.9356194
0.6081706
0.6747770
0.6355860
0.5545771
0.7488703
1.0163816
0.9126379
0.4731589
0.2991745
0.6567473
3.5315049
10.2113743
19.2632942
27.6966286
30.7355652
27.9645252
24.0271530
18.7989426
13.3957138
8.2232380
5.6211205
5.9177799
6.7082429
8.9546413
10.3044176
10.9724312
11.2395439
12.7504759
20.8338737
55.9377937
107.8397293
142.2215118
143.8007965
119.5228348
125.4152451
119.3027649
97.3504639
74.3525696
51.4031448
44.1880569
30.7375355
29.6838818
41.3944092
44.1574974
36.9620438
41.3060722
55.6707039
68.7893219
78.4856796
77.1171570
58.8272057
38.5882034
31.0699844
24.4580803
11.7241774
6.4306197
7.4273148
8.9439459
7.0364871
4.6625519
3.7313359
2.6941924
1.8329504
1.3065826
0.8801031
0.5827272
0.4166877
0.2972348
0.2324973
0.2448768
0.3351068
0.2543791
0.2799351
0.2976945
0.4124277
0.7445641
0.9406402
0.7383060
0.3911371
0.3529988
0.4796519
0.4210333
0.3192802
0.3683448
0.5901901
0.8200039
0.7641680
0.6075221
0.6478164
0.9077296
0.9458922
1.0000952
1.7643857
3.9008765
6.4856262
7.9261999
8.5400133
9.0824471
9.6416702
10.2996569
10.4632969
9.5026722
8.8263655
8.2492886
7.9601002
7.7196369
6.1313043
6.1658845
7.4897280
8.1726484
7.8855309
7.7421904
8.7354412
9.7045336
12.5500660
22.7855339
43.9816971
62.9788361
66.4331207
58.3682938
43.3994637
30.6959991
31.4436455
40.2303238
37.7854576
24.4589100
7.5698967
0.6473596
0.3601689
7.7897220
37.8895378
59.8750610
51.2427330
28.6975975
12.5184155
7.8002100
9.9680300
14.3487740
14.3783445
13.7159939
15.1773882
16.2784595
18.6816120
21.7212067
30.4990997
47.1616669
56.4450150
52.1383057
47.0138931
43.0624771
33.7328873
26.2968864
21.3682594
17.6065998
16.3346195
15.1765900
14.5290565
12.0686598
9.0895119
6.3926253
4.1117659
2.8928351
2.2058938
1.2119596
0.8835335
0.5152075
0.4291079
0.3145341
0.1592923
0.1107107
0.2173227
0.4319112
0.5078327
0.4952388
0.6681423
0.9294033
0.9415306
0.8128171
0.6484597
0.4647877
0.3112733
0.3590921
0.4259214
0.5993218
0.8944786
0.9368087
0.7170703
0.5446303
0.4731702
0.4401098
0.5172502
1.0165298
2.2064013
2.6902561
3.2378209
30.2279243
88.0259171
124.8920441
102.5347672
48.7001381
28.3208809
17.2086182
17.1017513
15.5510607
8.4577484
5.7077293
23.0971375
23.7573166
10.1178131
3.2485390
1.2830364
1.6531687
2.5021210
4.8592672
7.2964420
7.3618088
5.5183325
4.2645302
4.5356245
6.1654892
6.3752303
7.5919414
10.0514727
12.4170303
18.3869667
64.4136734
160.4125366
242.7284546
252.4645844
201.4690857
175.6632538
156.5507660
129.0638580
92.7428131
72.1937256
50.5338936
31.2044659
17.2055988
8.3573151
3.8706155
6.2412987
10.3617353
10.3177700
8.7306519
11.3843422
15.1650267
13.3284378
7.4421768
3.3403704
1.5378942
0.5323334
0.5055843
0.4913307
0.3589616
0.1826094
0.0725170
0.0068111
0.0004024
0.0000000
0.0000000
0.0000000
0.0000000
0.0000000
0.0000000
0.0000000
0.0000000
0.0000000
0.0000000
0.0000000
0.0000000
0.0000000
0.0000000
0.0000000
0.0000000
0.0000000
0.0000000
0.0000000
0.0000000
0.0000000
0.0000000
0.0000000
0.0000000
0.0000000
0.0000000
0.0000000
0.0000000
0.0000000
0.0000000
0.0000000
0.0000000
0.0000000
0.0000000
0.0000000
0.0000000
0.0000000
0.0000000
0.0000000
0.0000000
0.0000000
0.0000000
0.0000000
0.0000000
0.0000000
0.0000000
0.0000000
0.0000000
0.0000000
0.0000000
0.0000000
0.0000000
0.0000000
0.0000000
0.0000000
0.0000000
0.0000000
0.0000000
0.0000000
0.0000000
0.0000000
0.0000000
0.0000000
0.0000000
0.0000000
0.0000000
0.0000000
0.0000000
0.0000000
0.0000000
0.0000000
0.0000000
0.0000000
0.0000000
0.0000000
0.0000000
0.0000000
0.0000000
0.0000000
0.0000000
0.0000000
0.0000000
0.0000000
0.0000000
0.0000000
0.0000000
0.0000000
0.0000000
0.0000000
0.0000000
0.0000000
0.0000000
0.0000000
0.0000000
0.0000000
0.0000000
0.0000000
0.0000000
0.0000000
0.0000000
0.0000000
0.0000000
0.0000000
0.0000000
0.0000000
0.0000000
0.0000000
0.0000000
0.0000000
0.0000000
0.0000000
0.0000000
0.0000000
0.0000000
0.0000000
0.0000000
0.0000000
0.0000000
0.0000000
0.0000000
0.0000000
0.0000000
0.0000000
0.0000000
0.0000000
0.0000000
0.0000000
0.0000000
0.0000000
0.0000000
0.0000000
0.0000000
0.0000000
0.0000000
0.0000000
0.0000000
0.0000000
0.0000000
0.0000000
0.0000000
0.0000000
0.0000000
0.0000000
0.0000000
0.0000000
0.0000000
0.0000000
0.0000000
0.0000000
0.0000000
0.0000000
0.0000000
0.0000000
0.0000000
0.0000000
0.0000000
0.0000000
0.0000000
0.0000000
0.0000000
0.0000000
0.0000000
0.0000000
0.0000000
0.0000000
0.0000000
0.0000000
0.0000000
0.0000000
0.0000000
0.0000000
0.0000000
0.0000000
0.0000000
0.0000000
0.0000000
0.0000000
0.0000000
0.0000000
0.0000000
0.0000000
0.0000000
0.0000000
0.0000000
0.0000000
0.0000000
0.0000000
0.0000000
0.0000000
0.0000000
0.0000000
0.0000000
0.0000000
0.0000000
0.0000000
0.0000000
0.0000000
0.0000000
0.0000000
0.0000000
0.0000000
0.0000000
0.0000000
0.0000000
0.0000000
0.0000000
0.0000000
0.0000000
0.0000000
0.0000000
0.0000000
0.0000000
0.0000000
0.0000000
0.0000000
0.0000000
0.0000000
0.0000000
0.0000000
0.0000000
0.0000000
0.0000000
0.0000000
0.0000000
0.0000000
0.0000000
0.0000000
0.0000000
0.0000000
0.0000000
0.0000000
0.0000000
0.0000000
0.0000000
0.0000000
0.0000000
0.0000000
0.0000000
0.0000000
0.0000000
0.0000000
0.0000000
0.0000000
0.0000000
0.0000000
0.0000000
0.0000000
0.0000000
0.0000000
0.0000000
0.0000000
0.0000000
0.0000000
0.0000000
0.0000000
0.0000000
0.0000000
0.0000000
0.0000000
0.0000000
0.0000000
0.0000000
0.0000000
0.0000000
0.0000000
0.0000000
0.0000000
0.0000000
0.0000000
0.0000000
0.0000000
0.0000000
0.0000000
0.0000000
0.0000000
0.0000000
0.0000000
0.0000000
0.0000000
0.0000000
0.0000000
0.0000000
0.0000000
0.0000000
0.0000000
0.0000000
0.0000000
0.0000000
0.0000000
0.0000000
0.0000000
0.0000000
0.0000000
0.0000000
0.0000000
0.0000000
0.0000000
0.0000000
0.0000000
0.0000000
0.0000000
0.0000000
0.0000000
0.0000000
0.0000000
0.0000000
0.0000000
0.0000000
0.0000000
0.0000000
0.0000000
0.0000000
0.0000000
0.0000000
0.0000000
0.0000000
0.0000000
0.0000000
0.0000000
0.0000000
0.0000000
0.0000000
0.0000000
0.0000000
0.0000000
0.0000000
0.0000000
0.0000000
0.0000000
0.0000000
0.0000000
0.0000000
0.0000000
0.0000000
0.0000000
0.0000000
0.0000000
0.0000000
0.0000000
0.0000000
0.0000000
0.0000000
0.0000000
0.0000000
0.0000000
0.0000000
0.0000000
0.0000000
0.0000000
0.0000000
0.0000000
0.0000000
0.0000000
0.0000000
0.0000000
0.0000000
0.0000000
0.0000000
0.0000000
0.0000000
0.0000000
0.0000000
0.0000000
0.0000000
0.0000000
0.0000000
0.0000000
0.0000000
0.0000000
0.0000000
0.0000000
0.0000000
0.0429495
0.3966125
0.9938346
1.2805513
1.0116830
0.5737273
0.5654513
10.4850931
34.0946770
54.7456551
59.8063126
50.4288063
33.0112190
13.9861479
8.0423346
6.5425019
16.9929447
30.0211143
23.9481544
9.9941559
5.1572723
5.0132523
3.2020202
3.1799786
16.6501675
36.1392899
38.5728378
26.9760189
18.3979378
15.6143646
17.8870277
29.4732418
35.9619293
24.1438980
7.8342247
9.5285072
21.9782619
27.4609528
19.0181847
8.7473240
7.9773283
12.3389950
12.7119865
8.1894722
13.0624170
16.6588402
13.0904179
9.2609100
4.9502821
3.5744026
3.3033869
1.0476476
0.6781994
2.7501371
3.4127843
2.7614450
1.5821224
0.5202292
0.2533541
0.2022066
0.3182633
0.2713645
0.2598181
0.3457586
0.5888799
0.5780543
0.4611226
0.3754790
0.4015116
0.4486286
0.4933428
0.4308066
0.5286142
0.5017744
0.4061586
0.4244183
0.4251704
0.6038935
0.7473987
0.5258644
0.3880519
0.5188600
0.5746519
0.7171918
1.3775524
2.5303497
3.3374004
3.4889705
3.6983457
4.0521088
4.7568083
5.4290295
5.5571213
5.2343917
5.0788407
4.8998032
5.2700033
5.9558082
6.1017795
6.3576431
6.4943075
5.7157021
4.5950384
4.6790352
4.2836995
3.4025121
2.6510961
2.3059196
2.6390967
2.9551048
3.0356991
2.2079346
1.2579348
1.0090266
0.9125332
0.8552914
0.7821082
0.7017745
0.4620042
0.4027097
0.0916721
0.0029800
0.0000000
0.0000000
0.0000000
0.0000000
0.0000000
0.0000000
0.0000000
0.0000000
0.0000000
0.0000000
0.0000000
0.0000000
0.0000000
0.0000000
0.0000000
0.0000000
0.0000000
0.0000000
0.0000000
0.0000000
0.0000000
0.0000000
0.0000000
0.0000000
0.0000000
0.0000000
0.0000000
0.0000000
0.0000000
0.0000000
0.0000000
0.0000000
0.0000000
0.0000000
0.0000000
0.0000000
0.0000000
0.0000000
0.0000000
0.0000000
0.0000000
0.0000000
0.0000000
0.0000000
0.0000000
0.0000000
0.0000000
0.0000000
0.0000000
0.0000000
0.0000000
0.0000000
0.0000000
0.0000000
0.0000000
0.0000000
0.0000000
0.0000000
0.0000000
0.0000000
0.0000000
0.0000000
0.0000000
0.0000000
0.0000000
0.0000000
0.0000000
0.0000000
0.0000000
0.0000000
0.0000000
0.0000000
0.0000000
0.0000000
0.0000000
0.0000000
0.0000000
0.0000000
0.0000000
0.0000000
0.0000000
0.0000000
0.0000000
0.0000000
0.0000000
0.0000000
0.0000000
0.0000000
0.0000000
0.0000000
0.0000000
0.0000000
0.0000000
0.0000000
0.0000000
0.0000000
0.0000000
0.0000000
0.0000000
0.0000000
0.0000000
0.0000000
0.0000000
0.0000000
0.0000000
0.0000000
0.0000000
0.0000000
0.0000000
0.0000000
0.0000000
0.0000000
0.0000000
0.0000000
0.0000000
0.0000000
0.0000000
0.0000000
0.0000000
0.0000000
0.0000000
0.0000000
0.0000000
0.0000000
0.0000000
0.0000000
0.0000000
0.0000000
0.0000000
0.0000000
0.0000000
0.0000000
0.0000000
0.0000000
0.0000000
0.0000000
0.0000000
0.0000000
0.0000000
0.0000000
0.0000000
0.0000000
0.0000000
0.0000000
0.0000000
0.0000000
0.0000000
0.0000000
0.0000000
0.0000000
0.0000000
0.0000000
0.0000000
0.0000000
0.0000000
0.0000000
0.0000000
0.0000000
0.0000000
0.0000000
0.0000000
0.0000000
0.0000000
0.0000000
0.0000000
0.0000000
0.0000000
0.0000000
0.0000000
0.0000000
0.0000000
0.0000000
0.0000000
0.0000000
0.0000000
0.0000000
0.0000000
0.0000000
0.0000000
0.0000000
0.0000000
0.0000000
0.0000000
0.0000000
0.0000000
0.0000000
0.0000000
0.0000000
0.0000000
0.0000000
0.0000000
0.0000000
0.0000000
0.0000000
0.0000000
0.0000000
0.0000000
0.0000000
0.0000000
0.0000000
0.0000000
0.0000000
0.0000000
0.0000000
0.0000000
0.0000000
0.0000000
0.0000000
0.0000000
0.0000000
0.0000000
0.0000000
0.0000000
0.0000000
0.0000000
0.0000000
0.0000000
0.0000000
0.0000000
0.0000000
0.0000000
0.0000000
0.0000000
0.0000000
0.0000000
0.0000000
0.0000000
0.0000000
0.0000000
0.0000000
0.0000000
0.0000000
0.0000000
0.0000000
0.0000000
0.0000000
0.0000000
0.0000000
0.0000000
0.0000000
0.0000000
0.0000000
0.0000000
0.0000000
0.0000000
0.0000000
0.0000000
0.0000000
0.0000000
0.0000000
0.0000000
0.0000000
0.0000000
0.0000000
0.0000000
0.0000000
0.0000000
0.0000000
0.0000000
0.0000000
0.0000000
0.0000000
0.0000000
0.0000000
0.0000000
0.0000000
0.0000000
0.0000000
0.0000000
0.0000000
0.0000000
0.0000000
0.0000000
0.0000000
0.0000000
0.0000000
0.0000000
0.0000000
0.0000000
0.0000000
0.0000000
0.0000000
0.0000000
0.0000000
0.0000000
0.0000000
0.0000000
0.0000000
0.0000000
0.0000000
0.0000000
0.0000000
0.0000000
0.0000000
0.0000000
0.0000000
0.0000000
0.0000000
0.0000000
0.0000000
0.0000000
0.0000000
0.0000000
0.0000000
0.0000000
0.0000000
0.0000000
0.0000000
0.0000000
0.0000000
0.0000000
0.0000000
0.0000000
0.0000000
0.0000000
0.0000000
0.0000000
0.0000000
0.0000000
0.0000000
0.0000000
0.0000000
0.0000000
0.0000000
0.0000000
0.0000000
0.0000000
0.0000000
0.0000000
0.0000000
0.0000000
0.0000000
0.0000000
0.0000000
0.0000000
0.0000000
0.0000000
0.0000000
0.0000000
0.0000000
0.0000000
0.0000000
0.0000000
0.0000000
0.0000000
0.0000000
0.0000000
0.0000000
0.0000000
0.0000000
0.0000000
0.0000000
0.0000000
0.0000000
0.0000000
0.0000000
0.0000000
0.0000000
0.0000000
0.0000000
0.0000000
0.0000000
0.0000000
0.0000000
0.0000000
0.0000000
0.0000000
0.0000000
0.0000000
0.0000000
0.0000000
0.0000000
0.0000000
0.0000000
0.0000000
0.0000000
0.0000000
0.0000000
0.0000000
0.0000000
0.0000000
0.0000000
0.0000000
0.0000000
0.0000000
0.0000000
0.0000000
0.0000000
0.0000000
0.0000000
0.0000000
0.0000000
0.0002860
0.1797199
0.7304376
1.2711781
1.3172306
0.9239652
0.5430661
0.4299678
0.5595549
4.4021354
12.1099892
14.2801590
7.0493641
0.9729438
1.5218194
12.2989893
45.3126793
66.4463348
52.9761810
31.0169258
26.1724682
22.9559555
25.0684242
29.1587601
23.5232639
14.5863333
12.1581182
13.3571835
14.4803581
15.6225595
25.5560722
44.5260506
54.8937988
43.5896378
33.9114838
30.2795715
25.8552856
15.5442324
11.6346521
25.5447464
25.2784023
21.9191189
20.7007961
16.2263317
9.4962654
2.9959149
1.0834546
0.9281958
0.6405639
0.5004374
0.2888624
0.2709137
0.5081593
0.9091246
0.9688601
1.5419657
15.9964819
51.2067146
76.3897247
60.1909103
14.7388067
1.6885772
0.2508886
0.0523724
0.2019976
0.6039117
5.3494825
20.9693909
37.2324295
52.1238098
66.0634613
69.7596054
55.7858238
38.6938057
25.1550713
37.6214447
30.3902969
32.0424538
35.2690010
28.4252262
25.8587437
44.1383133
61.4582481
57.4323654
40.0308533
17.6308899
8.1832123
1.4437169
0.2920000
1.7740704
4.5075216
4.2337031
5.6946759
17.3947887
30.2789459
33.7823906
29.5194149
22.9368382
15.7147799
7.5946412
2.3622131
2.3246393
11.2771130
22.8525009
21.9738617
23.7460575
41.2597122
58.9039536
68.8061523
80.0002365
79.3926468
60.3460083
41.4530907
24.4535236
20.7555828
34.3787575
23.5320892
22.0690079
22.6109428
22.1851940
19.5748482
10.7517071
2.0798118
3.5636227
9.2450809
10.8206797
6.7929296
2.9509771
1.2383071
0.4248877
0.1049850
0.0994064
0.2295073
0.4437888
0.7174698
0.9169647
1.1650622
1.3204386
1.2682093
1.1646228
1.2601947
1.4010208
1.5215319
1.8129475
2.0667233
1.9638460
1.2108032
0.5184519
0.3884159
1.1520948
26.2203960
73.4436798
124.5600891
177.8130493
198.5412292
167.8000641
118.9935379
94.6758499
80.3265152
51.0291557
23.5893612
13.3663254
16.6074696
18.4822350
13.0875883
10.6665144
11.7784119
12.2400322
11.7471848
10.3711767
11.0035305
11.1619263
8.4790354
4.5363679
1.8831362
0.6889178
0.3919527
1.2600944
27.8040657
67.4231796
82.3135300
69.1913910
50.6567268
39.6776314
24.2849560
6.4681497
2.9691288
9.7995138
44.0817909
90.6450043
120.1371765
107.9343719
83.2231598
58.1339455
41.3392181
29.6598415
15.5351124
4.7968898
1.1140034
10.4864855
58.0222740
120.9735794
146.3648376
135.0000458
98.1496277
72.7718964
41.3419838
57.5233383
71.3970184
51.6722183
46.0954704
41.1248093
33.7815552
21.9190865
10.2928152
5.6172514
4.6050448
4.5329132
3.8803830
3.5668097
2.8186574
1.7901522
1.3716549
0.8939744
0.5109284
0.3789042
0.2697974
0.3366840
0.2988862
0.3975608
0.4158818
0.3426483
0.3010235
0.3442617
0.4457823
0.7532195
1.3044480
2.0071914
2.6714261
3.0686488
2.8908286
2.5891621
2.5382810
2.4283867
2.1409984
2.0621519
1.9081713
1.3847098
1.0365368
0.6207256
0.7510835
1.1017340
1.5447711
2.2345581
3.5393293
8.2948761
25.1666756
46.5615997
51.0863838
36.0183220
22.2378082
19.4553967
29.9849892
43.8983536
48.4208679
40.8899345
24.0992470
9.6847610
3.4789062
1.9410177
6.0714512
16.5518303
26.3772011
41.5772552
63.0980797
73.9083862
67.2393112
51.7756233
41.7459412
34.2336197
32.4266052
39.7856483
40.9831467
34.4153328
19.1697083
19.9326878
25.9141254
17.5492077
20.4571743
30.7053757
27.6998711
23.3750458
24.7060757
29.0629597
24.3923321
16.5004349
15.4328995
20.0702572
40.0409622
61.2703133
62.4847870
36.4103813
12.6087103
9.4978838
2.4225938
0.1689786
0.1518711
0.3020576
0.4921983
0.8490625
9.3490314
28.5969734
43.6183357
39.7495232
24.4863014
15.2525663
12.7567463
12.5356293
11.6567631
9.2008114
6.2064943
11.6164608
15.2460623
16.3641872
16.5561657
14.0891638
10.5282745
7.1666217
6.8478527
5.9573851
9.2154140
11.5435238
12.9806824
12.3958530
9.5778513
6.2087255
7.7169132
10.6657438
11.9638767
15.0186958
18.8732491
20.3877029
17.0431023
12.7608585
13.1078472
19.8119087
14.6034546
5.0584612
0.9629070
8.8968334
46.8224869
82.6173706
87.9414902
63.8151283
35.8778954
24.8923931
21.5688915
14.2560329
5.5974436
1.4218299
2.4123411
11.2693157
19.9444389
22.0458126
16.5731316
10.1212244
3.6566515
0.5937561
2.3074474
10.0044670
23.3726120
35.9619408
43.3435860
33.9890709
23.1369190
20.8701515
18.3836422
17.2110138
10.0681677
4.7148676
11.8372087
26.2895622
25.5397491
14.5669746
7.5636549
7.3785467
7.4420738
6.4470577
16.6579266
31.8370171
31.7956963
26.5192986
18.2473450
12.4889336
8.6335850
5.1076279
5.4897842
9.3383045
12.5618963
11.4557924
7.8079233
8.2153339
16.9541206
29.1687908
33.4058800
32.4791031
29.8062000
25.6039696
17.0087318
8.7713261
12.3339901
19.9384289
25.9788895
25.9169044
24.1593246
18.4173203
10.9433794
5.4358368
3.9324641
1.6943779
3.3630345
10.7666016
16.7195244
13.7367849
6.4602251
2.0321932
0.6622383
0.3650475
0.6426606
3.3392375
7.1962304
7.9416361
7.2201796
6.4946556
6.7041578
8.4212637
8.9211941
7.3765121
6.4400625
5.7723708
6.3368526
6.2067046
4.3778524
1.6292871
4.6780081
31.6831703
79.8439026
101.8045883
78.3997955
44.4128036
29.0012608
32.3384972
58.6451645
101.9383392
103.8415222
61.4179916
34.9678383
36.2254066
38.5410881
40.8603287
33.1892204
52.8590088
109.5732269
168.4514771
169.6676636
134.5579529
113.1868439
123.7504807
144.9205933
125.2512436
101.3633881
86.6380234
63.7763748
35.6014290
27.0918102
22.2693005
20.7096462
25.0515747
79.9200897
117.2383041
101.9558258
61.9462547
39.8355637
24.0836048
22.3854675
8.7478561
1.3869414
0.5670543
5.1236601
37.6352005
58.6458549
50.3499756
37.5470848
33.7295914
29.2363625
20.7494106
11.6797600
8.7511711
10.1212502
11.4923544
16.3582420
33.7590942
68.9789429
94.8291779
87.1668015
58.9848175
42.2498932
34.7549515
27.7190647
28.8612022
38.2358780
37.4172592
32.7387733
27.1373501
14.1081028
7.9022250
44.2390518
112.4615860
166.2183228
172.8556519
146.0058441
97.8402939
53.4363861
30.2883358
11.3978262
2.9713974
0.4980622
0.2054673
0.3222622
0.7444985
1.5890960
2.2269003
1.8025281
1.0103482
1.1123477
2.4765921
4.0316105
3.5169897
2.1901600
1.3610311
1.1860327
1.4127810
1.4992697
1.2492455
1.0618041
0.9181055
0.8641701
0.7053307
0.4501489
0.5721073
11.3350496
35.0162354
48.6921539
49.3574371
52.7831192
57.4365578
41.0661736
13.5956831
3.9139409
2.9816353
10.5994062
19.7789040
16.7484379
11.5980558
26.8624287
46.9934807
47.3008728
32.5058556
19.2347527
25.8011284
35.8873215
29.7389259
23.6830387
22.5632896
15.5940647
10.4871168
20.9931564
29.5449486
33.7087212
33.6016922
32.9999046
27.6059799
21.5310440
16.2863655
17.2476883
14.8734684
9.7964602
3.8718424
2.0771780
3.5261641
2.2627010
1.0257659
0.6494042
0.6567026
0.7241580
1.0452113
1.9334708
2.4791834
1.6007444
0.9652578
1.5504386
2.0740857
2.7061398
5.9243054
10.4521132
13.2657547
13.3751383
12.1816044
12.0424690
11.6511154
8.2543993
7.8232565
15.1120682
20.0325699
17.5065899
21.0495987
23.6178780
21.2880325
18.7720566
11.4487629
7.1098714
6.9949050
4.0267634
3.8249252
7.6124496
11.8510141
16.4956188
12.9217272
7.9352121
4.4631548
2.6520798
2.8954945
5.2718148
4.1212420
3.6423082
4.8183446
5.4416537
4.4966364
4.7459688
7.6371484
8.7112980
4.8276038
0.8335272
2.2762513
7.4184074
12.4176960
8.5042458
2.4345047
1.7567416
2.0138497
4.1636925
8.8527641
11.7935143
12.0564804
13.7892570
17.6198959
17.6483517
15.4546719
14.7401447
13.8906593
12.1143656
6.7328649
2.3640263
0.5888320
1.4244635
12.7290211
26.1508274
16.3984070
8.1952324
7.2884007
6.7246270
4.8250895
1.8695402
0.5674073
0.3567797
0.3115464
0.3927543
0.5706634
0.4026256
0.0937456
0.0116938
0.0011711
0.0000000
0.0000000
0.0000000
0.0000000
0.0000000
0.0000000
0.0000000
0.0000000
0.0000000
0.0000000
0.0000000
0.0000000
0.0000000
0.0000000
0.0000000
0.0000000
0.0000000
0.0000000
0.0000000
0.0000000
0.0000000
0.0000000
0.0000000
0.0000000
0.0000000
0.0000000
0.0000000
0.0000000
0.0000000
0.0000000
0.0000000
0.0000000
0.0000000
0.0000000
0.0000000
0.0000000
0.0000000
0.0000000
0.0000000
0.0000000
0.0000000
0.0000000
0.0000000
0.0000000
0.0000000
0.0000000
0.0000000
0.0000000
0.0000000
0.0000000
0.0000000
0.0000000
0.0000000
0.0000000
0.0000000
0.0000000
0.0000000
0.0000000
0.0000000
0.0000000
0.0000000
0.0000000
0.0000000
0.0000000
0.0000000
0.0000000
0.0000000
0.0000000
0.0000000
0.0000000
0.0000000
0.0000000
0.0000000
0.0000000
0.0000000
0.0000000
0.0000000
0.0000000
0.0000000
0.0000000
0.0000000
0.0000000
0.0000000
0.0000000
0.0000000
0.0000000
0.0000000
0.0000000
0.0000000
0.0000000
0.0000000
0.0000000
0.0000000
0.0000000
0.0000000
0.0000000
0.0000000
0.0000000
0.0000000
0.0000000
0.0000000
0.0000000
0.0000000
0.0000000
0.0000000
0.0000000
0.0000000
0.0000000
0.0000000
0.0000000
0.0000000
0.0000000
0.0000000
0.0000000
0.0000000
0.0000000
0.0000000
0.0000000
0.0000000
0.0000000
0.0000000
0.0000000
0.0000000
0.0000000
0.0000000
0.0000000
0.0000000
0.0000000
0.0000000
0.0000000
0.0000000
0.0000000
0.0000000
0.0000000
0.0000000
0.0000000
0.0000000
0.0000000
0.0000000
0.0000000
0.0000000
0.0000000
0.0000000
0.0000000
0.0000000
0.0000000
0.0000000
0.0000000
0.0000000
0.0000000
0.0000000
0.0000000
0.0000000
0.0000000
0.0000000
0.0000000
0.0000000
0.0000000
0.0000000
0.0000000
0.0000000
0.0000000
0.0000000
0.0000000
0.0000000
0.0000000
0.0000000
0.0000000
0.0000000
0.0000000
0.0000000
0.0000000
0.0000000
0.0000000
0.0000000
0.0000000
0.0000000
0.0000000
0.0000000
0.0000000
0.0000000
0.0000000
0.0000000
0.0000000
0.0000000
0.0000000
0.0000000
0.0000000
0.0000000
0.0000000
0.0000000
0.0000000
0.0000000
0.0000000
0.0000000
0.0000000
0.0000000
0.0000000
0.0000000
0.0000000
0.0000000
0.0000000
0.0000000
0.0000000
0.0000000
0.0000000
0.0000000
0.0000000
0.0000000
0.0000000
0.0000000
0.0000000
0.0000000
0.0000000
0.0000000
0.0000000
0.0000000
0.0000000
0.0000000
0.0000000
0.0000000
0.0000000
0.0000000
0.0000000
0.0000000
0.0000000
0.0000000
0.0000000
0.0000000
0.0000000
0.0000000
0.0000000
0.0000000
0.0000000
0.0000000
0.0000000
0.0000000
0.0000000
0.0000000
0.0000000
0.0000000
0.0000000
0.0000000
0.0000000
0.0000000
0.0000000
0.0000000
0.0000000
0.0000000
0.0000000
0.0000000
0.0000000
0.0000000
0.0000000
0.0000000
0.0000000
0.0000000
0.0000000
0.0000000
0.0000000
0.0000000
0.0000000
0.0000000
0.0000000
0.0000000
0.0000000
0.0000000
0.0000000
0.0000000
0.0000000
0.0000000
0.0000000
0.0000000
0.0000000
0.0000000
0.0000000
0.0000000
0.0000000
0.0000000
0.0000000
0.0000000
0.0000000
0.0000000
0.0000000
0.0000000
0.0000000
0.0000000
0.0000000
0.0000000
0.0000000
0.0000000
0.0000000
0.0000000
0.0000000
0.0000000
0.0000000
0.0000000
0.0000000
0.0000000
0.0000000
0.0000000
0.0000000
0.0000000
0.0000000
0.0000000
0.0000000
0.0000000
0.0000000
0.0000000
0.0000000
0.0000000
0.0000000
0.0000000
0.0000000
0.0000000
0.0000000
0.0000000
0.0000000
0.0000000
0.0000000
0.0000000
0.0000000
0.0000000
0.0000000
0.0000000
0.0000000
0.0000000
0.0000000
0.0000000
0.0000000
0.0000000
0.0000000
0.0000000
0.0000000
0.0000000
0.0000000
0.0000000
0.0000000
0.0000000
0.0000000
0.0000000
0.0000000
0.0000000
0.0000000
0.0000000
0.0000000
0.0000000
0.0000000
0.0000000
0.0000000
0.0000000
0.0000000
0.0000000
0.0000000
0.0000000
0.0000000
0.0000000
0.0000000
0.0000000
0.0000000
0.0000000
0.0000000
0.0000000
0.0000000
0.0000000
0.0000000
0.0000000
0.0000000
0.0000000
0.0000000
0.0000000
0.0000000
0.0000000
0.0000000
0.0000000
0.0000000
0.0000000
0.0000000
0.0000000
0.0000000
0.0000000
0.0000000
0.0000000
0.0000000
0.0000000
0.0000000
0.0000000
0.0000000
0.0000000
0.0000000
0.0000000
0.0000000
0.0000000
0.0000000
0.0000000
0.0000000
0.0000000
0.0000000
0.0000000
0.0000000
0.0000000
0.0000000
0.0000000
0.0000000
0.0000000
0.0000000
0.0000000
0.0000000
0.0000000
0.0000000
0.0000000
0.0000000
0.0000000
0.0000000
0.0000000
0.0000000
0.0000000
0.0000000
0.0000000
0.0000000
0.0000000
0.0000000
0.0000000
0.0000000
0.1125085
0.4751723
0.8665932
0.9416592
0.9122424
2.1749930
7.2588577
17.4654217
33.6251907
47.0176277
46.6066093
33.4761658
23.3561954
17.9598999
18.4927998
18.7188053
28.0582581
43.6172829
53.4788361
47.1242828
41.5828438
42.5521545
43.1739311
36.2645721
26.8512535
24.8746433
31.8498383
38.1149788
29.3151913
16.0361347
8.0718784
4.9127760
4.5953331
8.6686344
21.5384083
31.0539150
37.1950302
46.6324081
45.0011177
25.2708511
11.0538149
5.5091424
23.0397415
37.5682030
42.2951279
33.0219193
22.2764454
15.3938046
12.7047777
5.7184749
1.3943286
0.3691499
2.7371264
15.1226816
29.0714359
32.4994469
28.8543186
30.4788399
37.0572281
38.3686256
29.3511810
19.6130104
14.2771559
14.4846325
9.6035633
1.9364760
0.4039359
0.4321138
0.8927161
4.3051777
22.3905716
54.3142395
70.0984421
54.0290604
32.4910088
18.8343811
14.5979519
21.0577869
36.4693604
41.6760330
36.4594917
33.5990715
34.3966408
35.5536461
37.5640602
38.1945763
35.9976883
27.3975925
14.2153339
4.8677483
4.0117836
3.5130105
2.9236071
1.9114370
0.7770630
0.3450085
0.4252876
0.4092387
0.3111410
0.3100275
0.2896380
0.5692755
0.8155053
1.1689641
4.2412581
7.4626837
5.8570023
1.0117830
0.3205892
2.3150103
26.4865170
73.7375641
101.9175720
81.9444733
32.1619301
19.7467098
18.1389351
24.3778191
23.0182438
8.4720736
1.5415477
1.3547097
1.8708304
0.7587135
3.0789702
11.5356445
20.8557568
41.1231995
67.0038681
69.0777664
48.0681915
28.1715488
19.7121983
8.3680964
24.1295128
38.1249084
38.7038040
35.8779755
36.5161743
41.0251541
48.3777084
56.8526649
56.9458427
47.9170952
39.7620735
37.7752419
37.4252434
24.8993168
10.1612892
7.1594877
4.5727549
3.3854201
2.2217865
1.3399689
0.9107672
0.7596848
0.8472551
0.8751590
0.4340204
0.1932570
0.2188371
0.2799682
0.2758672
0.3199442
0.3315465
0.4796495
0.6145860
0.6332322
0.5676320
0.6585131
0.7963984
0.8742146
0.8836713
0.9225525
1.1175263
1.3702739
1.4464780
1.3372759
1.1320834
0.8516504
0.7989864
0.9265897
0.8980405
0.9759975
0.9887524
1.1546785
1.3549671
1.6328213
1.3816198
1.1574006
1.1119785
1.1705166
1.2398125
1.2693580
1.2424037
1.4641902
1.4315166
1.2080737
1.1383761
1.3847873
1.6494460
1.8906165
1.7269430
1.5083148
0.9927831
0.7773060
0.8735709
0.9758927
0.7711735
0.4147449
0.2342164
0.2481616
1.0117306
18.4115314
55.4532394
88.9684982
98.3663635
76.8525848
50.9454956
32.2751694
30.7555771
19.0265694
13.6240749
17.3332443
21.8335648
26.0278797
22.3875885
15.4805260
13.9208918
16.1000290
15.6886511
13.4318495
11.4878120
8.6566124
7.6398897
8.4005194
7.9467344
5.1002264
2.1520653
0.8435462
0.4002563
0.1465786
0.2008643
0.3540081
0.5869624
1.0437863
1.2532914
1.3698056
1.4471562
1.8105743
1.7522629
0.7982694
0.4630428
0.8469985
7.6755753
23.7875595
46.9298782
72.0115738
79.8399048
67.6363373
46.0410423
46.3483353
42.5394325
31.7185154
19.5711250
8.1286716
14.6316147
20.4982300
14.0089121
3.8156862
0.7459369
0.3131652
0.3519228
0.6216801
0.4046240
0.2090805
1.4115797
7.5110426
12.1531925
8.0513763
0.3697150
0.1149637
0.0580234
0.1604412
0.4459054
0.5956517
0.7058742
0.9904941
1.1999540
1.0838282
0.9641200
0.9787335
0.8715432
0.6634055
0.6181521
0.5459640
0.5927697
0.6890837
0.5520059
0.6775382
2.5897284
7.0142679
11.0646954
11.7836208
8.2911606
4.0819111
2.9590249
4.1877851
7.4538307
22.3286991
54.9134674
88.9669113
108.6817474
109.3121796
83.1596680
58.0368614
23.9634304
7.8584023
23.9990482
48.8310013
64.4379196
65.7066956
53.3800049
29.4478836
14.8709612
11.2839108
20.0855312
27.9389400
31.7646904
22.8872013
11.5631371
7.2021890
10.9118214
29.8143997
50.3188705
47.4956512
29.3094635
9.0370636
1.0734069
0.5026832
2.7194052
25.9412289
69.2830658
70.9199600
39.3824921
11.8026962
9.7855206
5.8250999
0.3918057
0.2071404
0.3178823
16.6219482
73.6073914
124.6934509
123.9370575
76.7927322
36.3515739
12.4523983
4.1780586
5.4419374
17.3940830
24.2688046
23.8929329
23.1838207
44.8878059
73.0179443
55.8491783
38.2985268
28.1018295
22.1371136
16.0557861
6.8881445
1.0848289
0.7757722
1.1760976
17.1505470
57.0429268
77.6995926
55.0275497
16.2877254
8.2681360
6.1896896
13.9394417
25.2221165
19.2931232
6.1708198
0.9309795
0.3440921
0.1687895
0.2454264
1.6502463
9.9457722
21.5472164
26.5415401
22.6539059
16.1472912
10.7018299
6.9668894
4.5326843
4.3531208
5.2782197
4.4424548
2.8746789
1.8584991
1.4806020
2.2469296
2.3252435
0.9301772
0.4948867
0.4387296
0.3545609
0.2584627
0.0719311
0.0177354
0.0011701
0.0000000
0.0000000
0.0000000
0.0000000
0.0000000
0.0000000
0.0000000
0.0000000
0.0000000
0.0000000
0.0000000
0.0000000
0.0000000
0.0000000
0.0000000
0.0000000
0.0000000
0.0000000
0.0000000
0.0000000
0.0000000
0.0000000
0.0000000
0.0000000
0.0000000
0.0000000
0.0000000
0.0000000
0.0000000
0.0000000
0.0000000
0.0000000
0.0000000
0.0000000
0.0000000
0.0000000
0.0000000
0.0000000
0.0000000
0.0000000
0.0000000
0.0000000
0.0000000
0.0000000
0.0000000
0.0000000
0.0000000
0.0000000
0.0000000
0.0000000
0.0000000
0.0000000
0.0000000
0.0000000
0.0000000
0.0000000
0.0000000
0.0000000
0.0000000
0.0000000
0.0000000
0.0000000
0.0000000
0.0000000
0.0000000
0.0000000
0.0000000
0.0000000
0.0000000
0.0000000
0.0000000
0.0000000
0.0000000
0.0000000
0.0000000
0.0000000
0.0000000
0.0000000
0.0000000
0.0000000
0.0000000
0.0000000
0.0000000
0.0000000
0.0000000
0.0000000
0.0000000
0.0000000
0.0000000
0.0000000
0.0000000
0.0000000
0.0000000
0.0000000
0.0000000
0.0000000
0.0000000
0.0000000
0.0000000
0.0000000
0.0000000
0.0000000
0.0000000
0.0000000
0.0000000
0.0000000
0.0000000
0.0000000
0.0000000
0.0000000
0.0000000
0.0000000
0.0000000
0.0000000
0.0000000
0.0000000
0.0000000
0.0000000
0.0000000
0.0000000
0.0000000
0.0000000
0.0000000
0.0000000
0.0000000
0.0000000
0.0000000
0.0000000
0.0000000
0.0000000
0.0000000
0.0000000
0.0000000
0.0000000
0.0000000
0.0000000
0.0000000
0.0000000
0.0000000
0.0000000
0.0000000
0.0000000
0.0000000
0.0000000
0.0000000
0.0000000
0.0000000
0.0000000
0.0000000
0.0000000
0.0000000
0.0000000
0.0000000
0.0000000
0.0000000
0.0000000
0.0000000
0.0000000
0.0000000
0.0000000
0.0000000
0.0000000
0.0000000
0.0000000
0.0000000
0.0000000
0.0000000
0.0000000
0.0000000
0.0000000
0.0000000
0.0000000
0.0000000
0.0000000
0.0000000
0.0000000
0.0000000
0.0000000
0.0000000
0.0000000
0.0000000
0.0000000
0.0000000
0.0000000
0.0000000
0.0000000
0.0000000
0.0000000
0.0000000
0.0000000
0.0000000
0.0000000
0.0000000
0.0000000
0.0000000
0.0000000
0.0000000
0.0000000
0.0000000
0.0000000
0.0000000
0.0000000
0.0000000
0.0000000
0.0000000
0.0000000
0.0000000
0.0000000
0.0000000
0.0000000
0.0000000
0.0000000
0.0000000
0.0000000
0.0000000
0.0000000
0.0000000
0.0000000
0.0000000
0.0000000
0.0000000
0.0000000
0.0000000
0.0000000
0.0000000
0.0000000
0.0000000
0.0000000
0.0000000
0.0000000
0.0000000
0.0000000
0.0000000
0.0000000
0.0000000
0.0000000
0.0000000
0.0000000
0.0000000
0.0000000
0.0000000
0.0000000
0.0000000
0.0000000
0.0000000
0.0000000
0.0000000
0.0000000
0.0000000
0.0000000
0.0000000
0.0000000
0.0000000
0.0000000
0.0000000
0.0000000
0.0000000
0.0000000
0.0000000
0.0000000
0.0000000
0.0000000
0.0000000
0.0000000
0.0000000
0.0000000
0.0000000
0.0000000
0.0000000
0.0000000
0.0000000
0.0000000
0.0000000
0.0000000
0.0000000
0.0000000
0.0000000
0.0000000
0.0000000
0.0000000
0.0000000
0.0000000
0.0000000
0.0000000
0.0000000
0.0000000
0.0000000
0.0000000
0.0000000
0.0000000
0.0000000
0.0000000
0.0000000
0.0000000
0.0000000
0.0000000
0.0000000
0.0000000
0.0000000
0.0000000
0.0000000
0.0000000
0.0000000
0.0000000
0.0000000
0.0000000
0.0000000
0.0000000
0.0000000
0.0000000
0.0000000
0.0000000
0.0000000
0.0000000
0.0000000
0.0000000
0.0000000
0.0000000
0.0000000
0.0000000
0.0000000
0.0000000
0.0000000
0.0000000
0.0000000
0.0000000
0.0000000
0.0000000
0.0000000
0.0000000
0.0000000
0.0000000
0.0000000
0.0000000
0.0000000
0.0000000
0.0000000
0.0000000
0.0000000
0.0000000
0.0000000
0.0000000
0.0000000
0.0000000
0.0000000
0.0000000
0.0000000
0.0000000
0.0000000
0.0000000
0.0000000
0.0000000
0.0000000
0.0000000
0.0000000
0.0000000
0.0000000
0.0000000
0.0000000
0.0000000
0.0000000
0.0000000
0.0000000
0.0000000
0.0000000
0.0000000
0.0000000
0.0000000
0.0000000
0.0000000
0.0000000
0.0000000
0.0000000
0.0000000
0.0000000
0.0000000
0.0000000
0.0000000
0.0000000
0.0000000
0.0000000
0.0000000
0.0000000
0.0000000
0.0000000
0.0000000
0.0000000
0.0000000
0.0000000
0.0000000
0.0000000
0.0000000
0.0000000
0.0000000
0.0000000
0.0000000
0.0000000
0.0000000
0.0000000
0.0000000
0.0000000
0.0000000
0.0000000
0.0000000
0.0000000
0.0000000
0.0000000
0.0000000
0.0000000
0.0000000
0.0155597
0.2707479
0.7805640
1.1183276
1.1308866
0.9517211
0.8017462
0.7486024
0.9728155
1.4280959
12.0571423
47.0229950
81.3567276
83.4482574
57.9362450
42.9897385
29.2422695
22.3305626
29.8676834
66.9534988
114.0809097
113.9146957
65.2670441
55.0392799
78.4126205
88.1433640
65.8023300
37.5049591
22.8036957
23.9777107
28.0753078
26.7651997
34.9328003
77.6003342
133.1074066
139.9698486
81.5018005
15.9986649
3.7494740
4.1684279
8.5344782
5.0072079
1.5615880
9.4103842
60.0670471
133.9492340
176.4423828
170.6527405
128.7969818
72.8695908
22.2838039
3.6541321
0.4363023
5.4327664
32.4491882
63.8856049
73.9031219
64.0202637
46.9182663
38.9380341
47.9253960
69.0955658
70.8116913
55.2390671
34.2493210
20.0056267
24.7473984
54.7736588
55.7095642
53.6910706
55.2231102
55.0666656
49.5221939
40.3292809
29.8131409
13.8507175
17.8145714
22.3391418
16.0843697
10.3017063
21.1154957
79.3421555
148.9244995
162.0186920
107.8887329
62.9450455
32.4736557
19.2264709
10.3000689
6.1510220
6.2797766
4.0121365
1.5615501
1.4404001
15.3200169
52.1824799
75.2041550
60.7017403
31.9689159
21.8447323
16.5053005
9.7330875
6.7263308
6.0424113
31.8787460
83.0730743
113.2960434
83.6872330
32.2924881
5.7324061
3.4647646
0.8727017
2.4338875
16.6535854
54.0060883
59.2993164
42.0483398
26.8834934
21.0927372
17.6664677
12.3566256
12.7628736
20.3929386
22.8039322
13.1300182
4.8069992
1.3262019
0.3966382
0.2163669
0.2308244
1.8211555
5.9773426
7.8322310
5.5651336
2.8539932
1.9231374
3.1997838
4.1170349
4.8642497
11.3231363
42.4511681
108.0046997
165.0053101
160.0261993
104.9683380
60.7888794
61.5140533
61.7705994
53.3589592
40.1389160
20.2431297
20.8019104
23.4067612
10.7899342
20.2302189
39.6475601
47.3384933
40.9734688
22.0578346
16.3975449
12.2465401
15.2174950
18.6207561
13.7026253
6.9177155
4.5441093
5.0670276
7.2733736
10.4453773
13.8979244
30.3996887
59.4583359
77.1028976
61.3404922
23.5064697
5.1533308
2.5389085
2.3970783
1.6476165
6.6429639
15.6331978
17.8964500
13.3962297
12.4616375
13.6755028
13.9467134
13.7191181
11.2191038
16.8240528
35.8210373
50.9461136
48.5997849
42.3827019
48.6237640
58.4246140
61.5864372
49.5577126
25.6202717
17.7112103
25.8507938
17.1985035
12.5321369
8.9398384
5.5674343
6.1063952
8.5449400
9.4990215
14.0693922
38.6738091
74.9581299
93.0573578
77.4997711
42.5549355
22.2609768
22.6256638
15.0329475
9.7771082
6.6410332
4.9772911
4.5926929
11.8771114
27.6296921
38.4055786
41.0804520
35.3490753
34.7428818
53.8999901
50.0161552
31.6158886
12.4632616
8.8120193
18.8789711
26.4028950
28.1933231
24.6099167
28.9031429
46.1757584
59.9901009
52.8520737
34.3083687
14.0259371
6.5290041
2.3691106
2.9984629
5.8013048
4.7684698
2.9536536
5.0780773
16.2022171
31.6153831
37.8455124
31.4619598
23.4379501
19.7634106
21.5605793
25.4049492
42.9285774
60.2077866
57.8480377
43.2779770
27.3302765
16.1402435
10.2894878
5.8945942
4.5431452
8.0920143
9.2951918
7.3611917
5.6069546
3.4566064
1.8335397
0.5427547
0.2900577
0.1628703
0.4224894
1.6862470
3.2256591
3.8893702
3.8622394
3.6863041
3.7853830
3.9357138
3.5215728
3.1500547
2.8780286
2.8676078
2.7220445
1.9657700
1.1464731
0.5329987
0.3176450
1.1974609
8.6146698
13.9352655
17.8582916
58.4508629
153.3605957
237.9325867
229.9858246
139.1772919
76.6807632
43.2210464
38.5776634
22.6799583
10.4269371
10.6383476
15.0372887
11.6869335
16.0095444
24.3200760
24.0909805
17.1461639
14.2780762
11.0014896
7.4802489
5.8714390
7.3624058
9.9693356
10.2369986
10.1316071
13.4135475
23.1597481
23.0410213
8.2182217
0.3160317
3.0304475
23.5661354
41.1132011
24.6675091
15.2458954
18.2020721
26.7771797
28.3738956
14.6774559
2.8906176
5.1615300
34.3210640
75.4217529
83.7528687
57.8011589
39.6737022
34.7515717
31.5072708
23.3499050
13.9946051
20.6536064
48.3971443
72.7790909
53.6071129
33.8000336
31.0501328
52.3500671
55.9993896
36.5530624
16.3364906
5.5886512
2.4566445
4.0496035
16.2074242
25.5289726
36.1179199
53.9921494
67.1965179
61.9901962
43.7137375
17.3663902
11.3219757
5.8514490
3.8517721
15.8397551
28.2722530
24.7367058
16.1197319
20.1246567
27.0769634
25.5246353
19.1514435
16.2768383
16.0490150
17.6554070
24.9268398
26.8072929
20.7379913
12.0263958
5.8739719
3.0104356
13.0114775
39.5824242
61.9977341
62.0830536
47.7400093
37.3217850
40.7663460
48.3949127
58.4203873
65.3617096
52.5887566
30.4417133
16.4370041
5.0751762
2.5901313
1.7936101
1.8065321
1.7154896
1.6469316
1.7364714
1.6260893
1.1442665
1.6242186
2.1882684
7.4079418
28.7455444
59.1930161
66.3909836
31.0694923
1.1318604
0.2037340
0.0553724
0.1177968
0.1931362
0.4026090
0.3443822
0.5622731
0.8770436
0.9177070
0.6917562
0.7427269
1.9802860
6.3833442
11.5043182
12.6012688
8.5957966
3.2142155
3.9357209
16.0985870
33.9283638
36.7925224
23.2818451
3.7061992
8.6006880
29.5334473
67.4424896
105.4190674
98.9976196
59.0362434
20.0003948
4.4456816
12.9930687
25.7701473
31.5927544
16.8428345
12.1274071
18.1394024
37.9704399
60.9284477
52.1114807
23.1734772
3.8762145
0.8967149
0.9145283
5.4071331
11.8584566
10.1160965
18.1922512
31.4457760
29.5158463
16.5430851
14.8167667
18.4480286
23.1405849
26.1354446
31.2009239
28.9352798
19.1216526
12.4600201
7.4831858
3.9721589
5.1528001
8.6355381
11.2546186
10.1825476
4.6507707
1.1912457
3.4667878
15.7781734
30.6562748
29.9818859
18.4503345
9.5953131
5.9284534
5.8047423
6.0041909
6.4864144
11.0539370
17.2600136
19.3894730
14.1373997
7.0893030
4.1729379
4.2392220
3.9939733
3.7499101
3.1572013
2.5444491
2.8232760
5.3095694
8.8443165
10.9320526
9.4113331
5.2138019
3.3094475
5.7413721
10.1694431
11.5706081
6.9783244
2.1718347
0.7178878
0.3419782
0.2406655
1.0932245
3.8607874
5.3541117
7.5018120
8.9789572
7.7745829
4.9445653
2.4661660
1.2825754
0.7679397
0.5382847
0.8320605
1.7037916
3.4569039
5.1512280
4.8506551
3.0361724
1.4344683
0.6665428
0.5047654
0.5058572
0.2216319
0.0885606
0.0091871
0.0005651
0.0000046
0.0000000
0.0000000
0.0000000
0.0000000
0.0000000
0.0000000
0.0000000
0.0000000
0.0000000
0.0000000
0.0000000
0.0000000
0.0000000
0.0000000
0.0000000
0.0000000
0.0000000
0.0000000
0.0000000
0.0000000
0.0000000
0.0000000
0.0000000
0.0000000
0.0000000
0.0000000
0.0000000
0.0000000
0.0000000
0.0000000
0.0000000
0.0000000
0.0000000
0.0000000
0.0000000
0.0000000
0.0000000
0.0000000
0.0000000
0.0000000
0.0000000
0.0000000
0.0000000
0.0000000
0.0000000
0.0000000
0.0000000
0.0000000
0.0000000
0.0000000
0.0000000
0.0000000
0.0000000
0.0000000
0.0000000
0.0000000
0.0000000
0.0000000
0.0000000
0.0000000
0.0000000
0.0000000
0.0000000
0.0000000
0.0000000
0.0000000
0.0000000
0.0000000
0.0000000
0.0000000
0.0000000
0.0000000
0.0000000
0.0000000
0.0000000
0.0000000
0.0000000
0.0000000
0.0000000
0.0000000
0.0000000
0.0000000
0.0000000
0.0000000
0.0000000
0.0000000
0.0000000
0.0000000
0.0000000
0.0000000
0.0000000
0.0000000
0.0000000
0.0000000
0.0000000
0.0000000
0.0000000
0.0000000
0.0000000
0.0000000
0.0000000
0.0000000
0.0000000
0.0000000
0.0000000
0.0000000
0.0000000
0.0000000
0.0000000
0.0000000
0.0000000
0.0000000
0.0000000
0.0000000
0.0000000
0.0000000
0.0000000
0.0000000
0.0000000
0.0000000
0.0000000
0.0000000
0.0000000
0.0000000
0.0000000
0.0000000
0.0000000
0.0000000
0.0000000
0.0000000
0.0000000
0.0000000
0.0000000
0.0000000
0.0000000
0.0000000
0.0000000
0.0000000
0.0000000
0.0000000
0.0000000
0.0000000
