0.0000000
0.0000000
0.0000000
0.0000000
0.0000000
0.0000000
0.0000000
0.0000000
0.0000000
0.0000000
0.0000000
0.0000000
0.0000000
0.0000000
0.0000000
0.0000000
0.0000000
0.0000000
0.0000000
0.0000000
0.0000000
0.0000000
0.0000000
0.0000000
0.0000000
0.0000000
0.0000000
0.0000000
0.0000000
0.0000000
0.0000000
0.0000000
0.0000000
0.0000000
0.0000000
0.0000000
0.0000000
0.0000000
0.0000000
0.0000000
0.0000000
0.0000000
0.0000000
0.0000000
0.0000000
0.0000000
0.0000000
0.0000000
0.0000000
0.0000000
0.0000000
0.0000000
0.0000000
0.0000000
0.0000000
0.0000000
0.0000000
0.0000000
0.0000000
0.0000000
0.0000000
0.0000000
0.0000000
0.0000000
0.0000000
0.0000000
0.0000000
0.0000000
0.0000000
0.0000000
0.0000000
0.0000000
0.0000000
0.0000000
0.0000000
0.0000000
0.0000000
0.0000000
0.0000000
0.0000000
0.0000000
0.0000000
0.0000000
0.0000000
0.0000000
0.0000000
0.0000000
0.0000000
0.0000000
0.0000000
0.0000000
0.0000000
0.0000000
0.0000000
0.0000000
0.0000000
0.0000000
0.0000000
0.0000000
0.0000000
0.0000000
0.0000000
0.0000000
0.0000000
0.0000000
0.0000000
0.0000000
0.0000000
0.0000000
0.0000000
0.0000000
0.0000000
0.0000000
0.0000000
0.0000000
0.0000000
0.0000000
0.0000000
0.0000000
0.0000000
0.0000000
0.0000000
0.0000000
0.0000000
0.0000000
0.0000000
0.0000000
0.0000000
0.0000000
0.0000000
0.0000000
0.0000000
0.0000000
0.0000000
0.0000000
0.0000000
0.1147683
0.8641700
2.1646104
2.8410349
2.1791427
1.6668310
3.1580391
4.1928692
5.1455617
8.4030094
14.7811289
26.3218994
37.0959892
39.9674873
36.1811943
28.2387199
22.7106571
36.4561310
80.0320969
111.7741394
127.1096344
139.4329987
143.8342438
141.3534393
145.7532806
151.5854034
138.5248566
108.1770325
81.3135376
58.3651886
47.6309128
41.7919540
37.2721977
29.4645710
15.5841923
11.1144743
18.4179211
48.2596283
93.3251266
112.5627670
90.7857132
61.1517220
35.9259071
25.2802544
15.0612488
2.1839702
2.2339523
11.0963869
26.4519520
38.7811470
47.8135681
71.7459183
97.2289658
94.9572906
63.3271332
16.4129353
7.3623838
2.8997560
2.7669144
0.9946532
10.0722342
42.8797607
88.6064987
146.1778412
205.9864349
226.7093353
192.2184753
104.0235977
43.7524567
42.8041611
79.0931931
115.2841873
97.0930634
47.0456429
46.4067802
31.2292099
29.6175556
32.8644180
35.5048409
53.4473381
60.2997208
43.1759682
31.5736485
23.7811108
42.3045883
54.8329086
51.2294006
55.8586273
35.9708939
19.6782188
19.8749485
16.8172951
8.1544037
3.9150312
6.4209027
46.6337204
108.6936569
138.4437408
148.0187531
160.7136078
151.5986786
98.0118103
42.4111137
15.0916309
9.5631771
9.2501793
11.0727348
23.2973976
48.7650604
73.3957748
83.0226059
78.6669922
73.6516724
75.4021606
54.0538712
13.8550396
0.5803877
0.5172545
0.5547935
0.5709178
5.7369041
9.1519442
8.2710476
8.9832220
13.9471512
30.1584587
54.9704170
76.4862137
99.6686478
103.2303314
87.5024948
70.9259415
56.6216202
63.9949379
55.4067345
57.1269150
97.8804474
82.3089600
43.9148483
14.1208658
1.9256707
0.2752272
0.2948779
3.5527532
23.8243942
44.1797714
56.6860161
61.8590622
70.7455750
72.7397385
68.5637817
61.4599113
58.1243248
44.8115349
18.9798222
3.8864012
1.4040612
14.8808937
81.0245743
130.6245422
100.2370453
47.8955765
13.9815207
6.4549594
7.5959859
13.1428890
16.2126045
17.3447285
14.1933804
19.4241104
58.8174095
109.3792572
132.5239716
127.8721313
119.0055008
93.4297104
55.4777069
14.5819407
1.2366843
1.0744630
2.1084018
11.3973484
34.7077484
49.1607666
60.0324936
76.0103607
100.9178238
117.5074997
94.6956329
46.5463104
18.7634830
11.1003866
9.4246254
16.2767525
14.1523476
9.2976618
23.0422592
45.7665825
55.1601105
40.6965866
16.4198723
13.1173153
10.1144209
10.1502190
36.3948517
89.3682098
100.3569183
63.8139343
23.0823231
12.2378941
3.5562470
3.7151027
15.8432484
66.3139801
101.8904800
90.5892792
58.4422951
26.1903381
17.4465485
22.7236748
22.7635612
19.0053844
18.4623375
21.3941250
23.2054958
20.5132084
23.4141769
31.8655643
35.6764221
31.4424267
24.5062695
18.8313580
11.9846735
7.3243885
10.3913946
12.6229734
11.9319124
10.0343771
11.7204828
12.6922054
6.5916629
7.6448879
38.2194443
97.7851105
143.5445099
138.7133636
105.3899536
68.4975510
36.5807076
15.8358774
16.5018387
42.2617989
54.0500908
26.7040997
5.9931154
4.0854988
10.3471546
22.6557674
32.1329689
31.0780182
20.9963455
13.6202698
16.7073975
29.5916348
39.4814148
39.5150604
31.8773880
19.5458679
7.7489944
2.2507608
5.0243549
17.9990177
30.9909439
30.1457901
21.1887970
16.2051373
13.1583290
11.3409195
10.8876133
11.8705950
12.0748186
8.3723402
5.5515609
5.0857277
3.8644028
1.6364361
0.9425310
0.5909613
0.2229826
0.1395422
0.1998280
0.5260232
0.7446110
0.7465567
0.9356350
2.1434259
8.5400763
21.3532085
43.5576553
69.1169357
88.3077698
103.5214691
112.1508179
103.4779053
67.7600403
38.6192932
33.4261589
22.0726223
21.8515835
5.5083971
0.4497272
0.1729229
0.4698318
5.4260569
12.0746441
9.7906551
13.4986839
32.9924240
53.7883148
56.9524918
50.4167519
41.2820511
31.5160675
21.7691059
12.8065100
8.4497547
3.8050330
2.1632826
0.9414930
0.5403190
0.1381742
2.0375166
12.6256914
24.0591259
20.4437637
7.5521860
2.4039254
1.9780047
1.6957113
2.4088717
7.0731020
14.1491213
20.3743267
27.6841183
33.2330551
35.2017593
26.4781666
15.6828442
11.0541420
14.0804253
16.0924454
12.9633875
8.4734421
5.8175235
5.5842786
7.5633955
10.9339590
13.6353264
24.0503483
26.1646614
9.7032681
0.3034746
0.4621004
0.4221838
0.2624805
0.3248894
0.0396713
0.0045790
0.0000036
0.0000000
0.0000000
0.0000000
0.0000000
0.0000000
0.0000000
0.0000000
0.0000000
0.0000000
0.0000000
0.0000000
0.0000000
0.0000000
0.0000000
0.0000000
0.0000000
0.0000000
0.0000000
0.0000000
0.0000000
0.0000000
0.0000000
0.0000000
0.0000000
0.0000000
0.0000000
0.0000000
0.0000000
0.0000000
0.0000000
0.0000000
0.0000000
0.0000000
0.0000000
0.0000000
0.0000000
0.0000000
0.0000000
0.0000000
0.0000000
0.0000000
0.0000000
0.0000000
0.0000000
0.0000000
0.0000000
0.0000000
0.0000000
0.0000000
0.0000000
0.0000000
0.0000000
0.0000000
0.0000000
0.0000000
0.0000000
0.0000000
0.0000000
0.0000000
0.0000000
0.0000000
0.0000000
0.0000000
0.0000000
0.0000000
0.0000000
0.0000000
0.0000000
0.0000000
0.0000000
0.0000000
0.0000000
0.0000000
0.0000000
0.0000000
0.0000000
0.0000000
0.0000000
0.0000000
0.0000000
0.0000000
0.0000000
0.0000000
0.0000000
0.0000000
0.0000000
0.0000000
0.0000000
0.0000000
0.0000000
0.0000000
0.0000000
0.0000000
0.0000000
0.0000000
0.0000000
0.0000000
0.0000000
0.0000000
0.0000000
0.0000000
0.0000000
0.0000000
0.0000000
0.0000000
0.0000000
0.0000000
0.0000000
0.0000000
0.0000000
0.0000000
0.0000000
0.0000000
0.0000000
0.0000000
0.0000000
0.0000000
0.0000000
0.0000000
0.0000000
0.0000000
0.0000000
0.0000000
0.0000000
0.0000000
0.0000000
0.0000000
0.0000000
0.0000000
0.0000000
0.0000000
0.0000000
0.0000000
0.0000000
0.0000000
0.0000000
0.0000000
0.0000000
0.0000000
0.0000000
0.0000000
0.0000000
0.0000000
0.0000000
0.0000000
0.0000000
0.0000000
0.0000000
0.0000000
0.0000000
0.0000000
0.0000000
0.0000000
0.0000000
0.0000000
0.0000000
0.0000000
0.0000000
0.0000000
0.0000000
0.0000000
0.0000000
0.0000000
0.0000000
0.0000000
0.0000000
0.0000000
0.0000000
0.0000000
0.0000000
0.0000000
0.0000000
0.0000000
0.0000000
0.0000000
0.0000000
0.0000000
0.0000000
0.0000000
0.0000000
0.0000000
0.0000000
0.0000000
0.0000000
0.0000000
0.0000000
0.0000000
0.0000000
0.0000000
0.0000000
0.0000000
0.0000000
0.0000000
0.0000000
0.0000000
0.0000000
0.0000000
0.0000000
0.0000000
0.0000000
0.0000000
0.0000000
0.0000000
0.0000000
0.0000000
0.0000000
0.0000000
0.0000000
0.0000000
0.0000000
0.0000000
0.0000000
0.0000000
0.0000000
0.0000000
0.0000000
0.0000000
0.0000000
0.0000000
0.0000000
0.0000000
0.0000000
0.0000000
0.0000000
0.0000000
0.0000000
0.0000000
0.0000000
0.0000000
0.0000000
0.0000000
0.0000000
0.0000000
0.0000000
0.0000000
0.0000000
0.0000000
0.0000000
0.0000000
0.0000000
0.0000000
0.0000000
0.0000000
0.0000000
0.0000000
0.0000000
0.0000000
0.0000000
0.0000000
0.0000000
0.0000000
0.0000000
0.0000000
0.0000000
0.0000000
0.0000000
0.0000000
0.0000000
0.0000000
0.0000000
0.0000000
0.0000000
0.0000000
0.0000000
0.0000000
0.0000000
0.0000000
0.0000000
0.0000000
0.0000000
0.0000000
0.0538866
0.7330468
2.0686154
2.7822089
2.9956617
8.9678717
17.1880665
25.7790966
79.0703125
178.5368042
231.8311157
176.4087677
93.7228241
61.7675400
95.6758881
183.4185638
167.9189911
116.5060959
72.3514023
41.2556953
29.7584019
63.4011459
131.0870056
210.6413879
211.4697266
166.7722321
113.9978638
54.0497665
38.4941635
126.0519867
98.2923965
56.0399475
25.3779812
5.5236473
1.5228403
0.2714147
0.1853988
0.6864392
2.5903506
0.8532742
0.3465509
0.4147767
0.4680448
0.8070294
0.3538752
0.3038536
0.4115296
0.7297432
11.9980364
45.3384056
83.0757370
98.5915756
82.3140564
54.5550079
24.9258308
11.7331514
5.6835556
16.9450436
64.3303375
101.5744247
85.5499115
65.4817505
50.1837540
30.6008339
8.6098938
2.5411413
1.9879165
12.3046045
82.1462631
145.0922699
153.7970734
108.2941437
60.2261887
25.1829796
23.0855598
19.3399792
8.8812599
10.3544550
7.2026134
50.2595024
144.6481934
233.4835205
261.4516907
240.9703217
184.5032501
132.2715149
89.0982132
38.2648735
11.3387918
1.6702330
1.0494123
3.3275151
4.6873646
20.5692902
53.0435104
76.5782166
75.7004929
57.4401550
45.2704430
36.1600494
29.8367882
18.1880360
10.5431557
13.6788282
27.3934669
48.2207870
77.2536316
88.6913910
76.2777023
60.4965858
57.2203026
55.6663055
37.7773781
25.2998352
26.9183235
39.9144249
50.9707832
53.6514969
42.7868996
25.3229656
11.2557173
5.7628560
9.4050112
16.2901745
26.6895180
28.0969181
22.5381851
10.1339912
1.6089624
0.2535495
0.1398600
0.2509514
0.1966871
0.2072124
0.3388755
0.4065083
0.4337826
0.3846205
0.2986909
0.4637662
2.3639779
4.9493651
5.5166826
5.3215227
5.7131820
5.7352848
4.9554024
4.9316111
4.9239783
2.7172112
0.8730010
0.6820402
3.6273515
14.6596594
23.0672436
22.4595547
35.3756599
59.6571426
60.0047150
35.9192772
25.3420506
11.1304674
11.9296703
38.2316437
72.2133789
82.2596283
83.8942108
96.2451324
91.5412369
65.9308014
40.4560890
20.6293888
8.6009226
6.0992346
4.7216082
2.9428954
1.6610395
0.6807176
0.0942667
0.1455243
0.2234689
0.2532576
0.4314265
0.4767905
0.3695988
0.3410559
0.3872668
0.4600567
0.4253672
0.4939603
5.2088299
14.8617897
21.2693539
24.2900295
30.3932304
52.1726074
115.6794662
193.8088837
205.2039795
117.5832901
37.8030739
16.0807114
13.9125357
7.2639403
5.4592104
2.1628296
14.8169537
60.7456779
106.4197998
93.6888733
48.1073151
23.7983608
17.1957970
22.8933125
17.8102551
13.5468073
18.3962593
8.7593374
1.7131704
2.7582707
24.6210842
69.7389832
86.1403503
59.7657280
44.8700905
53.1642876
59.0467262
51.1129265
48.8645325
61.0594482
47.2397079
45.2562065
49.5908165
51.4010849
43.6421776
37.6129570
39.6223450
44.6317596
30.6929855
11.1570654
9.7056236
29.6425972
63.1696777
90.6878738
109.5793381
105.1574020
75.3216019
43.1073265
19.7840939
11.7877855
21.4706936
47.3136292
62.0743675
55.3154106
45.1775665
32.6076546
47.5197525
65.7694244
90.9809494
99.6621094
74.3997574
26.4397335
18.9571590
18.1317234
47.3667068
102.8653717
136.5128479
176.8413086
193.3678894
165.6102600
122.4189072
137.0510559
198.9233704
198.6979828
132.1746674
51.0588188
69.8768921
64.1809464
83.4341278
150.7642517
227.9146271
240.8290253
180.8554535
142.4784698
178.8714905
252.6558075
267.7338562
166.4010925
90.0208588
53.5186157
31.0126781
44.5284195
43.2481499
69.0302887
138.0161133
201.5842438
234.5656891
244.3364105
237.3257446
164.9521942
66.7618866
20.3828621
8.0543461
2.2030692
24.5079956
126.2177582
214.5456390
184.0952759
80.8653412
13.4454861
1.3934083
0.3137845
8.3118706
92.5296021
171.9854889
139.5315704
69.8669205
22.4824734
12.3590698
7.3904305
21.2231159
33.6249046
29.2287922
13.0888605
12.0373802
32.7152939
59.1137085
69.6671295
63.4428864
57.8132057
57.6767998
58.4129410
47.4644737
33.0841560
14.8273249
5.1881766
7.4878774
9.0425987
10.1394901
9.6294336
8.6861944
21.8739262
53.1332436
67.6704559
53.4620018
27.7889271
13.4006100
10.8505154
24.5733700
39.2825546
28.5646152
7.6487656
1.1773785
1.3287569
16.2045212
55.1767502
55.6431503
26.2106056
4.9547029
1.3479934
2.4788539
12.0743237
20.1363297
20.1780910
33.4800339
45.0802727
34.1952286
12.3119440
7.0060868
9.9750948
29.5529175
44.0265427
35.3141747
23.8093910
16.5442753
7.8823347
3.2889504
1.6929445
1.3917336
1.1236041
4.5424771
11.3239899
14.1112823
7.5864320
3.3930035
7.8276443
18.0847435
24.6737652
28.6464405
42.7798080
62.4174690
62.2260704
39.3526268
16.0689182
7.4464440
4.9210458
2.9874637
0.8421719
0.6341786
0.4449363
0.3058279
0.1863022
0.0552759
0.0038392
0.0000466
0.0000000
0.0000000
0.0000000
0.0000000
0.0000000
0.0000000
0.0000000
0.0000000
0.0000000
0.0000000
0.0000000
0.0000000
0.0000000
0.0000000
0.0000000
0.0000000
0.0000000
0.0000000
0.0000000
0.0000000
0.0000000
0.0000000
0.0000000
0.0000000
0.0000000
0.0000000
0.0000000
0.0000000
0.0000000
0.0000000
0.0000000
0.0000000
0.0000000
0.0000000
0.0000000
0.0000000
0.0000000
0.0000000
0.0000000
0.0000000
0.0000000
0.0000000
0.0000000
0.0000000
0.0000000
0.0000000
0.0000000
0.0000000
0.0000000
0.0000000
0.0000000
0.0000000
0.0000000
0.0000000
0.0000000
0.0000000
0.0000000
0.0000000
0.0000000
0.0000000
0.0000000
0.0000000
0.0000000
0.0000000
0.0000000
0.0000000
0.0000000
0.0000000
0.0000000
0.0000000
0.0000000
0.0000000
0.0000000
0.0000000
0.0000000
0.0000000
0.0000000
0.0000000
0.0000000
0.0000000
0.0000000
0.0000000
0.0000000
0.0000000
0.0000000
0.0000000
0.0000000
0.0000000
0.0000000
0.0000000
0.0000000
0.0000000
0.0000000
0.0000000
0.0000000
0.0000000
0.0000000
0.0000000
0.0000000
0.0000000
0.0000000
0.0000000
0.0000000
0.0000000
0.0000000
0.0000000
0.0000000
0.0000000
0.0000000
0.0000000
0.0000000
0.0000000
0.0000000
0.0000000
0.0000000
0.0000000
0.0000000
0.0000000
0.0000000
0.0000000
0.0000000
0.0000000
0.0000000
0.0000000
0.0000000
0.0000000
0.0000000
0.0000000
0.0000000
0.0000000
0.0000000
0.0000000
0.0000000
0.0000000
0.0000000
0.0000000
0.0000000
0.0000000
0.0000000
0.0000000
0.0000000
0.0000000
0.0000000
0.0000000
0.0000000
0.0000000
0.0000000
0.0000000
0.0000000
0.0000000
0.0000000
0.0000000
0.0000000
0.0000000
0.0000000
0.0000000
0.0000000
0.0000000
0.0000000
0.0000000
0.0000000
0.0000000
0.0000000
0.0000000
0.0000000
0.0000000
0.0000000
0.0000000
0.0000000
0.0000000
0.0000000
0.0000000
0.0000000
0.0000000
0.0000000
0.0000000
0.0000000
0.0000000
0.0000000
0.0000000
0.0000000
0.0000000
0.0000000
0.0000000
0.0000000
0.0000000
0.0000000
0.0000000
0.0000000
0.0000000
0.0000000
0.0000000
0.0000000
0.0000000
0.0000000
0.0000000
0.0000000
0.0000000
0.0000000
0.0000000
0.0000000
0.0000000
0.0000000
0.0000000
0.0000000
0.0000000
0.0000000
0.0000000
0.0000000
0.0000000
0.0000000
0.0000000
0.0000000
0.0000000
0.0000000
0.0000000
0.0000000
0.0000000
0.0000000
0.0000000
0.0000000
0.0000000
0.0000000
0.0000000
0.0000000
0.0000000
0.0000000
0.0000000
0.0000000
0.0000000
0.0000000
0.0000000
0.0000000
0.0000000
0.0000000
0.0000000
0.0000000
0.0000000
0.0000000
0.0000000
0.0000000
0.0000000
0.0000000
0.0000000
0.0000000
0.0000000
0.0000000
0.0000000
0.0000000
0.0000000
0.0000000
0.0000000
0.0000000
0.0000000
0.0000000
0.0000000
0.0000000
0.0000000
0.0000000
0.0000000
0.0000000
0.0000000
0.0000000
0.0000000
0.0000000
0.0000000
0.0000000
0.0000000
0.0000000
0.0000000
0.0000000
0.0000000
0.0000000
0.0000000
0.0181964
0.3021035
0.9654446
2.5178959
8.2247496
21.9367027
53.5163422
106.2020721
174.3388519
219.9562988
189.6527710
128.5623474
95.8682098
63.6932449
36.9831161
60.7204475
87.0154037
100.2989349
104.1987534
125.9750366
163.3558655
167.0785980
143.6952362
121.6902695
98.8455200
76.9922485
38.2233429
24.1280231
70.4509354
53.9786873
21.4422436
27.7465115
62.7461357
52.5125618
30.0101299
21.6391926
18.9920826
15.1510601
13.1441231
31.5306301
30.5613346
22.5919666
32.6075859
83.1725540
105.0843430
81.9895859
42.4746933
22.0522919
12.9594574
8.7214975
4.9599304
2.7162716
1.8922998
1.8159170
1.5112122
1.4163883
0.5943571
0.4888010
0.4931746
0.5661412
2.5461507
6.3128471
6.7470922
9.8826332
51.9048500
134.1486511
194.0806732
192.1316376
145.0977173
105.7057724
71.9097137
36.0503578
26.3309669
91.0779343
121.7844925
100.3195877
69.0148926
36.8270226
42.4265327
56.6836472
37.0469933
24.2849083
26.1601219
59.8118324
102.5383911
114.1092224
124.7026062
137.5894928
124.8205948
97.0289612
81.3066025
67.9841537
51.7539101
36.6419334
50.5273323
74.6352005
77.2884674
74.0613327
77.6500320
73.8379593
53.5833206
31.7660637
23.9119740
22.3348236
14.6614799
23.8061943
39.9508896
35.0844994
43.7119942
51.1211967
36.5391426
23.7096539
21.6034222
33.9194565
92.5866776
134.7948303
125.8819962
107.8914261
106.8452377
161.6041565
215.7866211
215.8438568
178.8798218
106.0188141
42.2464256
5.2560940
2.5467842
15.0626574
24.1643734
26.9360390
45.5118141
61.2215576
63.9856873
50.3507767
45.0650864
33.7334862
16.2565918
6.6198711
7.7655191
52.5099068
115.2177582
116.9112625
91.8416977
55.8849831
50.7494888
41.5775223
34.2748756
31.5617065
71.4049606
162.7232513
243.6127319
235.0558014
176.4279022
127.0201569
84.1580658
39.9923706
58.3803329
62.7559128
72.6224518
56.5028801
39.9722481
38.1489830
52.1035156
39.8112602
27.4940701
19.2857208
11.6689548
5.0904484
9.9299564
21.6292934
14.3769913
4.3038797
2.9330823
1.0403626
0.5517943
0.7095896
0.7043102
3.8891726
7.6910591
14.5189276
47.0357857
88.1455612
86.3608780
39.8436813
6.3320093
4.0996380
6.5759964
33.0377121
83.0041504
90.2412720
74.7646866
67.5229645
54.5410919
31.8810177
12.8357229
3.9430146
17.0446644
81.7305374
116.6151657
128.6258240
138.0988464
129.6982117
102.2166672
78.4545212
69.9396439
76.9418716
68.2761307
44.3430367
30.8731251
46.7787132
60.7485046
60.5111198
49.0789795
24.5271606
9.3965168
5.0531054
4.6487913
19.5330658
55.5902023
76.2412186
75.1087418
61.8683205
53.4271126
47.6464233
52.1236153
50.1933365
46.5708847
31.4635506
14.6736364
13.2626505
23.0746994
30.9797745
36.2952499
32.3003464
35.4669571
28.7816830
32.9760208
50.2591896
64.1424255
62.8363533
48.6052551
26.3150501
12.5131378
3.3389795
0.3561644
1.8790779
9.3387699
29.1947403
53.5173531
68.5459976
55.9202766
23.5835571
11.7033978
9.8884382
8.9358168
7.3700194
7.4063878
5.6574535
6.8102312
29.1683350
66.1888657
82.2569733
69.6264267
56.9704132
51.6533089
43.2803383
31.2939987
15.5569944
18.1504154
18.8033237
12.7997599
13.5115786
18.5943604
23.0609093
35.5840645
71.3256302
95.9932556
96.1451263
77.4897079
54.7807579
30.9045811
19.2702427
10.8671551
2.3772814
1.6493856
10.7053442
23.8633080
29.0492706
22.4877396
13.6827736
17.5334740
25.7906284
21.3385525
10.6703091
30.4850483
66.3205109
75.4248276
52.3679581
26.0558987
14.3397999
8.0211134
9.1908379
23.4105091
29.6424313
18.9546757
12.9760685
36.1887665
67.0380554
81.2342072
78.6206512
53.3996201
22.8190708
2.7230952
0.6127040
3.6985741
11.2622786
13.7871656
11.9900045
10.5591593
8.7694454
8.4438791
10.6994152
12.3711863
12.2747707
9.4286861
7.7775230
9.0409784
4.5994616
8.3064461
24.6760483
35.2519417
22.9542007
8.5702600
12.7202578
14.7132120
5.9057865
2.6224446
9.9327440
25.2578678
29.7046413
19.5734825
13.6953888
13.1061897
11.0930262
8.6948919
11.8857040
8.7624855
4.6084991
6.8967953
15.3360901
22.3803711
18.8952713
14.2852554
11.9140730
8.4577389
4.7977881
2.5023727
0.9891346
0.9067705
0.8518633
1.0058994
0.8948901
0.5620222
0.1223842
0.0092414
0.0022444
0.0000000
0.0000000
0.0000000
0.0000000
0.0000000
0.0000000
0.0000000
0.0000000
0.0000000
0.0000000
0.0000000
0.0000000
0.0000000
0.0000000
0.0000000
0.0000000
0.0000000
0.0000000
0.0000000
0.0000000
0.0000000
0.0000000
0.0000000
0.0000000
0.0000000
0.0000000
0.0000000
0.0000000
0.0000000
0.0000000
0.0000000
0.0000000
0.0000000
0.0000000
0.0000000
0.0000000
0.0000000
0.0000000
0.0000000
0.0000000
0.0000000
0.0000000
0.0000000
0.0000000
0.0000000
0.0000000
0.0000000
0.0000000
0.0000000
0.0000000
0.0000000
0.0000000
0.0000000
0.0000000
0.0000000
0.0000000
0.0000000
0.0000000
0.0000000
0.0000000
0.0000000
0.0000000
0.0000000
0.0000000
0.0000000
0.0000000
0.0000000
0.0000000
0.0000000
0.0000000
0.0000000
0.0000000
0.0000000
0.0000000
0.0000000
0.0000000
0.0000000
0.0000000
0.0000000
0.0000000
0.0000000
0.0000000
0.0000000
0.0000000
0.0000000
0.0000000
0.0000000
0.0000000
0.0000000
0.0000000
0.0000000
0.0000000
0.0000000
0.0000000
0.0000000
0.0000000
0.0000000
0.0000000
0.0000000
0.0000000
0.0000000
0.0000000
0.0000000
0.0000000
0.0000000
0.0000000
0.0000000
0.0000000
0.0000000
0.0000000
0.0000000
0.0000000
0.0000000
0.0000000
0.0000000
0.0000000
0.0000000
0.0000000
0.0000000
0.0000000
0.0000000
0.0000000
0.0000000
0.0000000
0.0000000
0.0000000
0.0000000
0.0000000
0.0000000
0.0000000
0.0000000
0.0000000
0.0000000
0.0000000
0.0000000
0.0000000
0.0000000
0.0000000
0.0000000
0.0000000
0.0000000
0.0000000
0.0000000
0.0000000
0.0000000
0.0000000
0.0000000
0.0000000
0.0000000
0.0000000
0.0000000
0.0000000
0.0000000
0.0000000
0.0000000
0.0000000
0.0000000
0.0000000
0.0000000
0.0000000
0.0000000
0.0000000
0.0000000
0.0000000
0.0000000
0.0000000
0.0000000
0.0000000
0.0000000
0.0000000
0.0000000
0.0000000
0.0000000
0.0000000
0.0000000
0.0000000
0.0000000
0.0000000
0.0000000
0.0000000
0.0000000
0.0000000
0.0000000
0.0000000
0.0000000
0.0000000
0.0000000
0.0000000
0.0000000
0.0000000
0.0000000
0.0000000
0.0000000
0.0000000
0.0000000
0.0000000
0.0000000
0.0000000
0.0000000
0.0000000
0.0000000
0.0000000
0.0000000
0.0000000
0.0000000
0.0000000
0.0000000
0.0000000
0.0000000
0.0000000
0.0000000
0.0000000
0.0000000
0.0000000
0.0000000
0.0000000
0.0000000
0.0000000
0.0000000
0.0000000
0.0000000
0.0000000
0.0000000
0.0000000
0.0000000
0.0000000
0.0000000
0.0000000
0.0000000
0.0000000
0.0000000
0.0000000
0.0000000
0.0000000
0.0000000
0.0000000
0.0000000
0.0000000
0.0000000
0.0000000
0.0000000
0.0000000
0.0000000
0.0000000
0.0000000
0.0000000
0.0000000
0.0000000
0.0000000
0.0000000
0.0000000
0.0000000
0.0000000
0.0000000
0.0000000
0.0000000
0.0000000
0.0000000
0.0000000
0.0000000
0.0000000
0.0000000
0.0000000
0.0000000
0.0000000
0.0000000
0.0000000
0.0000000
0.0000000
0.0000000
0.0000000
0.0000000
0.0000000
0.0000000
0.0000000
0.0000000
0.0000000
0.0000000
0.0279516
0.3065103
0.8498257
1.2371587
1.2329576
3.8177204
19.2841301
50.1119423
78.7515335
92.8326874
129.1294708
212.6728973
273.5345154
266.4232788
227.6194611
206.3562469
171.7845764
103.3526611
30.5757504
4.4850106
3.2372532
22.4342594
80.6783981
124.7427444
132.1153259
137.3950500
122.2637100
107.0249939
63.1669807
22.7156906
11.4851847
3.0235555
22.0864983
72.2353973
93.7286530
68.0492401
49.2503319
65.2705536
68.3721695
54.1515808
32.3244743
26.8492737
18.2038651
14.9738102
23.8890324
66.1807709
93.6550598
76.3660889
59.2397461
52.1887741
45.2368889
37.2263718
43.0341454
69.6375198
109.1724319
116.2163315
89.3914795
59.2110786
30.9337044
16.2198467
26.5426559
23.1375656
18.0482330
19.2114964
21.5010929
25.9398212
30.5727539
32.7646675
37.0648842
53.8344078
77.0470581
77.0921478
66.1113052
77.3031387
90.1272812
78.9900894
57.3962631
34.9161415
22.1505966
96.1213684
108.3720398
80.0317230
37.7876472
4.6906791
0.6426451
0.3086538
0.5343912
3.4270053
6.2500029
4.2207651
2.8179183
2.4841955
2.9973617
2.6034808
2.6281133
3.7584934
5.7410870
38.4870338
119.8091812
191.9271545
192.5824585
118.5524597
67.2037659
35.1183739
30.1799297
53.2568169
36.6689682
17.7424831
10.1454277
4.2640104
3.9381888
5.2641444
5.3046017
13.5583229
31.8464775
36.8534889
28.6969528
32.9311371
34.0495224
21.1736488
8.5592394
2.7665696
2.8722813
15.9055195
27.5459805
22.5681114
25.8177719
51.5356865
78.3970337
85.4404907
65.1339569
28.4226933
2.7847388
2.8168595
0.6321580
1.6604776
3.9492426
5.1011558
9.8736496
21.2168961
29.9224873
29.7420959
28.7418690
19.6161671
14.6968899
12.6546669
8.5126858
10.0374241
29.6362305
46.1657066
39.4219055
28.5888157
21.3315296
19.9418125
32.2985153
46.3387909
62.6096992
74.1392593
78.5186386
64.4121399
40.8278961
15.7628212
12.4795151
22.1408501
20.3764629
10.4718428
4.4058018
1.8224237
0.8693687
0.3229895
0.3161895
0.4973513
0.7605773
1.1248094
13.0643492
59.5105095
119.1183777
150.5370178
168.6294556
219.8501129
263.2195435
244.4670258
182.8040466
140.0164642
106.8850708
74.6848297
47.0230064
50.3208847
58.1802750
38.6483345
21.9754410
21.0152817
34.5119667
54.4660797
59.5821114
50.5266647
38.7935677
35.5210953
21.4035625
35.4637451
34.2298508
12.8216028
36.8748283
36.9911156
23.4382496
34.1276779
41.1030960
41.6795235
36.5191956
28.2746334
16.4203701
9.1148634
6.9094124
4.6190381
2.9265451
0.9072646
0.3252451
0.2524679
0.4508060
1.0176342
1.2127076
0.6953524
0.4352768
0.6215038
1.0980501
1.9534097
2.3478642
1.6165075
0.7821777
0.4824221
0.4338636
0.7353140
1.1676600
1.1492295
1.4138439
1.9479629
1.4917040
0.2147216
0.1781017
0.2111478
0.5616276
0.5152992
0.5702730
2.0915616
4.7100968
5.1318927
3.4615948
2.3953457
6.5029912
12.7920437
13.5055275
42.5047112
128.2950745
196.6676025
187.5940857
153.2655487
142.3858795
112.4493179
63.7041664
35.0513268
19.4129429
12.3754787
6.8404369
3.1057205
1.3058668
0.9804171
0.4564244
0.1656215
9.9601135
36.8069305
52.1983414
45.0409813
52.9777107
105.3496704
145.3395996
137.3282318
99.9507904
63.5987663
29.2232914
5.7375560
0.7307797
0.1564317
0.3013470
2.0072954
6.5828538
14.1709051
25.6999168
40.5685539
49.3433075
45.4270248
23.0944061
5.5324125
1.8595107
0.5864111
1.7048960
10.7765512
36.2233353
56.8101044
89.4100647
122.3347473
124.9782104
107.3046951
88.6774826
60.5668449
26.2663670
8.3700190
1.4492007
2.7071917
8.9813967
26.6638641
42.4315834
35.8087387
21.1126709
14.0410986
20.6587009
35.9558258
34.4372940
13.7588615
4.3818207
0.9008607
0.0976123
3.4004087
19.6504593
42.4166412
54.8278198
44.5971413
36.6845779
60.0788422
72.3209076
54.9437828
27.4257812
8.1366329
6.0789528
6.4007168
2.1178315
5.9026175
11.5481091
17.6171188
18.3266335
14.0966816
14.5261335
18.9004650
19.1768513
13.9174089
7.2087617
4.7249098
2.3094277
1.4674946
1.5747740
1.8503287
1.7253678
1.3487384
1.1770303
1.1705894
1.0396445
0.7252181
0.2865725
0.0621937
0.0063282
0.0000118
0.0000000
0.0000000
0.0000000
0.0000000
0.0000000
0.0000000
0.0000000
0.0000000
0.0000000
0.0000000
0.0000000
0.0000000
0.0000000
0.0000000
0.0000000
0.0000000
0.0000000
0.0000000
0.0000000
0.0000000
0.0000000
0.0000000
0.0000000
0.0000000
0.0000000
0.0000000
0.0000000
0.0000000
0.0000000
0.0000000
0.0000000
0.0000000
0.0000000
0.0000000
0.0000000
0.0000000
0.0000000
0.0000000
0.0000000
0.0000000
0.0000000
0.0000000
0.0000000
0.0000000
0.0000000
0.0000000
0.0000000
0.0000000
0.0000000
0.0000000
0.0000000
0.0000000
0.0000000
0.0000000
0.0000000
0.0000000
0.0000000
0.0000000
0.0000000
0.0000000
0.0000000
0.0000000
0.0000000
0.0000000
0.0000000
0.0000000
0.0000000
0.0000000
0.0000000
0.0000000
0.0000000
0.0000000
0.0000000
0.0000000
0.0000000
0.0000000
0.0000000
0.0000000
0.0000000
0.0000000
0.0000000
0.0000000
0.0000000
0.0000000
0.0000000
0.0000000
0.0000000
0.0000000
0.0000000
0.0000000
0.0000000
0.0000000
0.0000000
0.0000000
0.0000000
0.0000000
0.0000000
0.0000000
0.0000000
0.0000000
0.0000000
0.0000000
0.0000000
0.0000000
0.0000000
0.0000000
0.0000000
0.0000000
0.0000000
0.0000000
0.0000000
0.0000000
0.0000000
0.0000000
0.0000000
0.0000000
0.0000000
0.0000000
0.0000000
0.0000000
0.0000000
0.0000000
0.0000000
0.0000000
0.0000000
0.0000000
0.0000000
0.0000000
0.0000000
0.0000000
0.0000000
0.0000000
0.0000000
0.0000000
0.0000000
0.0000000
0.0000000
0.0000000
0.0000000
0.0000000
0.0000000
0.0000000
0.0000000
0.0000000
0.0000000
0.0000000
0.0000000
0.0000000
0.0000000
0.0000000
0.0000000
0.0000000
0.0000000
0.0000000
0.0000000
0.0000000
0.0000000
0.0000000
0.0000000
0.0000000
0.0000000
0.0000000
0.0000000
0.0000000
0.0000000
0.0000000
0.0000000
0.0000000
0.0000000
0.0000000
0.0000000
0.0000000
0.0000000
0.0000000
0.0000000
0.0000000
0.0000000
0.0000000
0.0000000
0.0000000
0.0000000
0.0000000
0.0000000
0.0000000
0.0000000
0.0000000
0.0000000
0.0000000
0.0000000
0.0000000
0.0000000
0.0000000
0.0000000
0.0000000
0.0000000
0.0000000
0.0000000
0.0000000
0.0000000
0.0000000
0.0000000
0.0000000
0.0000000
0.0000000
0.0000000
0.0000000
0.0000000
0.0000000
0.0000000
0.0000000
0.0000000
0.0000000
0.0000000
0.0000000
0.0000000
0.0000000
0.0000000
0.0000000
0.0000000
0.0000000
0.0000000
0.0000000
0.0000000
0.0000000
0.0000000
0.0000000
0.0000000
0.0000000
0.0000000
0.0000000
0.0000000
0.0000000
0.0000000
0.0000000
0.0000000
0.0000000
0.0000000
0.0000000
0.0000000
0.0000000
0.0000000
0.0000000
0.0000000
0.0000000
0.0000000
0.0000000
0.0000000
0.0000000
0.0000000
0.0000000
0.0000000
0.0000000
0.0000000
0.0000000
0.0000000
0.0000000
0.0000000
0.0000000
0.0000000
0.0000000
0.0000000
0.0000000
0.0000000
0.0000000
0.0000000
0.0000000
0.0000000
0.0000000
0.0000000
0.0000000
0.0000000
0.0000000
0.0000000
0.0000000
0.0000000
0.0000000
0.0000000
0.0000000
0.0000000
0.0000000
0.0000000
0.0000000
0.0000000
0.0000000
0.0000000
0.0000000
0.0000000
0.0000000
0.0000000
0.0000000
0.0000000
0.0000000
0.0000000
0.0000000
0.0000000
0.0000000
0.0000000
0.0000000
0.0000000
0.0000000
0.0000000
0.0000000
0.0000000
0.0000000
0.0000000
0.0000000
0.0000000
0.0008370
0.1587093
0.7660344
1.5192965
1.7830818
1.5630693
3.0180609
13.7301893
39.0457726
70.3197174
86.0046921
74.5715256
37.3473358
12.4951296
1.4704930
0.6143200
24.6128082
71.0918579
109.0592651
117.2142563
110.6275101
88.6753998
56.6547279
28.6308613
29.2819118
24.0908947
19.3752155
14.6427622
12.4523973
12.6963196
46.3465805
95.9178085
111.9057312
105.3455887
106.6065369
117.0035706
122.5356216
105.0707932
79.5874481
52.3115158
31.5675430
28.3322201
23.5865612
17.2351990
14.9755516
12.3989697
7.7496619
1.9782401
0.3051742
0.1914454
0.2871740
0.3900242
0.4466047
0.6405699
0.6720291
0.3793046
0.2204358
0.2759883
0.3494827
0.4855803
0.7482826
0.7573927
0.6110979
0.4741385
0.4478456
2.2108271
6.8240161
8.5425787
4.1695304
0.1339260
0.3128031
5.2756910
26.7645187
60.8043671
82.2168350
68.5741501
38.0757637
18.5164909
26.1922531
31.1792545
28.0808811
19.5495148
16.6622276
25.1891308
32.5330505
32.9672966
25.7945499
28.8847008
63.4771500
92.1393433
101.5452805
95.8486786
72.0721512
60.7590714
78.6479263
94.4848251
67.5357819
26.5482616
9.2592230
2.1991231
0.2332579
0.1033663
0.0805165
0.1111118
0.4231257
3.1442094
9.9574137
16.2042389
15.6764917
7.6826067
2.1554940
2.3862758
12.7592430
34.2584839
54.5484543
76.5307159
90.2154999
79.6462326
53.6751480
34.8190041
26.1855659
17.3822727
9.0399256
3.6437461
1.5909365
0.5336288
0.4660329
2.6011689
13.7757607
25.0462589
19.8679676
5.2007551
1.6596353
1.0701747
0.9391417
0.8251979
0.5246936
0.2756386
0.1619548
0.2555127
0.5832107
0.8821753
0.8903499
0.7667679
0.8469222
0.8552830
0.6987313
0.6978685
0.9246122
1.0990403
1.1401383
1.1797497
1.0092227
0.7408931
0.3287873
0.1896404
1.8508254
7.5257120
15.8320608
21.8544044
22.1997929
18.9401321
13.9968624
9.7844334
11.4772663
17.9204998
19.8460579
17.2749214
14.8901501
14.2416687
16.5183353
13.8285961
10.2313080
10.2633228
18.0887623
22.1587467
14.0046511
5.7902074
1.1193345
0.1761213
0.4863465
3.2577052
3.7304339
1.2011892
2.2066169
16.2858562
45.2506905
60.8854408
46.7338486
22.4786930
23.0995445
40.6663513
63.8314514
94.3238144
104.9652634
88.3256607
48.6744118
25.0840721
12.5047636
7.2721677
3.9729075
1.9469601
1.5187802
13.3525982
33.0193214
39.9267159
36.4487000
36.5740318
30.9216194
25.1448975
23.1708984
19.6037731
14.7513666
11.4632139
9.9076595
12.2567873
12.2640018
8.4367018
8.4851255
8.5596313
7.5039334
6.0918493
3.8128233
2.2998581
1.1457328
0.7669855
0.4023275
0.2600325
0.2243339
0.1687489
0.2284104
0.3051559
0.4215196
0.4154778
0.3077545
0.3702572
0.2833597
0.2209716
0.2663495
0.5134119
0.6455960
0.4505283
0.3521479
0.3692097
0.5370702
0.5359401
0.3980789
0.3930463
0.4054468
0.3594659
0.4232274
0.4547862
0.4330476
0.3769918
0.3492503
0.3041055
0.3968919
1.1093544
16.3495083
57.8752518
100.2292633
108.5982666
76.2351837
28.3525085
11.5050898
10.4390965
9.9134626
9.2425365
7.3682976
12.1732798
20.1919765
19.5373650
8.2640915
1.8709830
6.9736748
19.3014221
28.0142555
31.1230240
20.6682281
12.4178085
10.2622719
12.0638781
12.5881271
14.9315004
14.2926245
10.6569424
33.4311295
65.7018433
79.9598236
68.5919495
53.1652718
42.0717354
40.4862709
20.5384579
4.9824800
0.7947734
0.2947789
0.1327122
2.3215930
7.5219522
9.1677952
10.5493917
17.1080875
28.9876060
33.0241776
19.6691513
4.4554462
2.2377949
3.9422903
6.8215699
4.3745060
0.6420292
0.2002816
3.5439646
14.9639015
21.1777611
12.0293579
3.7742753
2.6223063
3.0277853
2.6503320
2.1461754
2.9966002
3.9221356
2.7226195
1.0867902
1.1203399
1.1098275
0.8346990
0.6758968
0.4800583
0.3553905
0.0988151
0.0049384
0.0006530
0.0000000
0.0000000
0.0000000
0.0000000
0.0000000
0.0000000
0.0000000
0.0000000
0.0000000
0.0000000
0.0000000
0.0000000
0.0000000
0.0000000
0.0000000
0.0000000
0.0000000
0.0000000
0.0000000
0.0000000
0.0000000
0.0000000
0.0000000
0.0000000
0.0000000
0.0000000
0.0000000
0.0000000
0.0000000
0.0000000
0.0000000
0.0000000
0.0000000
0.0000000
0.0000000
0.0000000
0.0000000
0.0000000
0.0000000
0.0000000
0.0000000
0.0000000
0.0000000
0.0000000
0.0000000
0.0000000
0.0000000
0.0000000
0.0000000
0.0000000
0.0000000
0.0000000
0.0000000
0.0000000
0.0000000
0.0000000
0.0000000
0.0000000
0.0000000
0.0000000
0.0000000
0.0000000
0.0000000
0.0000000
0.0000000
0.0000000
0.0000000
0.0000000
0.0000000
0.0000000
0.0000000
0.0000000
0.0000000
0.0000000
0.0000000
0.0000000
0.0000000
0.0000000
0.0000000
0.0000000
0.0000000
0.0000000
0.0000000
0.0000000
0.0000000
0.0000000
0.0000000
0.0000000
0.0000000
0.0000000
0.0000000
0.0000000
0.0000000
0.0000000
0.0000000
0.0000000
0.0000000
0.0000000
0.0000000
0.0000000
0.0000000
0.0000000
0.0000000
0.0000000
0.0000000
0.0000000
0.0000000
0.0000000
0.0000000
0.0000000
0.0000000
0.0000000
0.0000000
0.0000000
0.0000000
0.0000000
0.0000000
0.0000000
0.0000000
0.0000000
0.0000000
0.0000000
0.0000000
0.0000000
0.0000000
0.0000000
0.0000000
0.0000000
0.0000000
0.0000000
0.0000000
0.0000000
0.0000000
0.0000000
0.0000000
0.0000000
0.0000000
0.0000000
0.0000000
0.0000000
0.0000000
0.0000000
0.0000000
0.0000000
0.0000000
0.0000000
0.0000000
0.0000000
0.0000000
0.0000000
0.0000000
0.0000000
0.0000000
0.0000000
0.0000000
0.0000000
0.0000000
0.0000000
0.0000000
0.0000000
0.0000000
0.0000000
0.0000000
0.0000000
0.0000000
0.0000000
0.0000000
0.0000000
0.0000000
0.0000000
0.0000000
0.0000000
0.0000000
0.0000000
0.0000000
0.0000000
0.0000000
0.0000000
0.0000000
0.0000000
0.0000000
0.0000000
0.0000000
0.0000000
0.0000000
0.0000000
0.0000000
0.0000000
0.0000000
0.0000000
0.0000000
0.0000000
0.0000000
0.0000000
0.0000000
0.0000000
0.0000000
0.0000000
0.0000000
0.0000000
0.0000000
0.0000000
0.0000000
0.0000000
0.0000000
0.0000000
0.0000000
0.0000000
0.0000000
0.0000000
0.0000000
0.0000000
0.0000000
0.0000000
0.0000000
0.0000000
0.0000000
0.0000000
0.0000000
0.0000000
0.0000000
0.0000000
0.0000000
0.0000000
0.0000000
0.0000000
0.0000000
0.0000000
0.0000000
0.0000000
0.0000000
0.0000000
0.0000000
0.0000000
0.0000000
0.0000000
0.0000000
0.0000000
0.0000000
0.0000000
0.0000000
0.0000000
0.0000000
0.0000000
0.0000000
0.0000000
0.0000000
0.0000000
0.0000000
0.0000000
0.0000000
0.0000000
0.0000000
0.0000000
0.0000000
0.0000000
0.0000000
0.0000000
0.0000000
0.0000000
0.0000000
0.0000000
0.0000000
0.0000000
0.0000000
0.0000000
0.0000000
0.0000000
0.0000000
0.0000000
0.0000000
0.0000000
0.0000000
0.0000000
0.0000000
0.0000000
0.0000000
0.0000000
0.0000000
0.0000000
0.0000000
0.0000000
0.0000000
0.0000000
0.0000000
0.0000000
0.0000000
0.0000000
0.0000000
0.0000000
0.0000000
0.0000000
0.0000000
0.0000000
0.0000000
0.0000000
0.0000000
0.0000000
0.0000000
0.0000000
0.0000000
0.0000000
0.0000000
0.0000000
0.0000000
0.0000000
0.0000000
0.0000000
0.0000000
0.0000000
0.0000000
0.0000000
0.0000000
0.0000000
0.0000000
0.0000000
0.0000000
0.0000000
0.0000000
0.0000000
0.0000000
0.0000000
0.0000000
0.0000000
0.0000000
0.0000000
0.0000000
0.0000000
0.0000000
0.0000000
0.0000000
0.0000000
0.0000000
0.0000000
0.0000000
0.0000000
0.0000000
0.0000000
0.0000000
0.0000000
0.0000000
0.0000000
0.0000000
0.0000000
0.0000000
0.0000000
0.0000000
0.0000000
0.0000000
0.0000000
0.0000000
0.0000000
0.0000000
0.0000000
0.0000000
0.0000000
0.0000000
0.0000000
0.0000000
0.0000000
0.0000000
0.0000000
0.0000000
0.0000000
0.0000000
0.0000000
0.0000000
0.0000000
0.0000000
0.0000000
0.0000000
0.0000000
0.0000000
0.0000000
0.0000000
0.0000000
0.0000000
0.0000000
0.0000000
0.0000000
0.0000000
0.0000000
0.0000000
0.0000000
0.0000000
0.0000000
0.0000000
0.0000000
0.0000000
0.0000000
0.0000000
0.0000000
0.0000000
0.0000000
0.0000000
0.0000000
0.0000000
0.0000000
0.0000000
0.0000000
0.0000000
0.0000000
0.0000000
0.0000000
0.0000000
0.0000000
0.0000000
0.0000000
0.0000000
0.0000000
0.0000000
0.0000000
0.0000000
0.0000000
0.0000000
0.0000000
0.0000000
0.0000000
0.0000000
0.0000000
0.0000000
0.0000000
0.0000000
0.0000000
0.0000000
0.0000000
0.0000000
0.0000000
0.0000000
0.0000000
0.0000000
0.0000000
0.0000000
0.0000000
0.0000000
0.0000000
0.0000000
0.0000000
0.0000000
0.0000000
0.0000000
0.0000000
0.0000000
0.0000000
0.0000000
0.0000000
0.0000000
0.0000000
0.0000000
0.0000000
0.0000000
0.0000000
0.0000000
0.0000000
0.0000000
0.0000000
0.0000000
0.0000000
0.0000000
0.0000000
0.0000000
0.0000000
0.0000000
0.0000000
0.0000000
0.0000000
0.0000000
0.0000000
0.0000000
0.0000000
0.0000000
0.0000000
0.0000000
0.0000000
0.0000000
0.0000000
0.0000000
0.0000000
0.0000000
0.0000000
0.0000000
0.0000000
0.0000000
0.0000000
0.0000000
0.0000000
0.0000000
0.0000000
0.0000000
0.0000000
0.0000000
0.0000000
0.1206371
1.0431788
2.4946158
3.1307278
2.4017241
1.0522963
0.7814034
6.7018642
17.4768238
34.9506912
94.9749832
183.7290497
225.5991364
215.4633484
203.0551910
188.8482666
151.2921448
113.8682556
73.7218094
78.7189331
149.3594971
194.1592255
188.1281128
165.6658783
129.2922211
75.3341370
29.4474239
15.8166170
21.5715847
29.2210522
22.9038315
14.6368513
21.5534515
57.5593987
102.2717361
98.0413437
91.5017395
106.5670547
135.9780884
129.5207520
92.4589157
56.8051605
33.6857834
22.6156406
16.8092422
7.9445267
2.5448227
2.6348553
5.7021332
4.6451263
5.2030292
41.1022758
116.0933685
166.9971924
147.9875031
101.0384674
54.6095123
50.0760002
53.6964226
53.1760864
43.4530334
19.4386539
3.8631263
2.6262708
29.1311188
108.4084015
146.6063232
128.9626160
108.6053696
92.0100632
77.1119385
51.7011719
26.7260189
13.6684752
40.2613792
91.8716202
135.7309265
140.1055756
96.5435104
55.3143654
13.3210239
0.8703846
4.5382543
16.5611000
30.5367775
38.5882111
33.6169815
17.0337563
3.9563439
0.4862386
0.0191028
0.6956412
29.1649532
74.9354477
93.6767731
75.8771820
51.5473251
34.3965454
16.4136982
55.1699409
48.5701828
21.2597980
4.8212175
11.0481548
34.8058586
50.2450600
31.6989822
6.3919024
1.0480009
8.3832645
38.4178619
80.2905121
104.1136551
118.0171661
117.8068390
112.7608185
97.0350647
78.6489410
78.4608841
86.4910202
91.8998184
84.5910187
69.6829529
66.3273315
73.8396225
74.3806458
67.4053345
50.8067055
31.8508244
12.4681463
15.7388802
48.6553307
104.6364517
112.1630096
75.0937500
48.9807510
36.6778069
21.2520943
13.6025686
7.3587260
31.4446068
77.7638550
90.9570770
68.6270752
50.3443375
45.3003120
40.5180283
34.6539001
47.1428680
48.6992340
38.0470238
25.8965034
23.5061340
29.4064198
50.6842270
74.8447418
88.0152359
72.1309662
45.6494293
39.2965698
37.5958290
23.9719200
16.8077850
34.5046425
43.7868118
63.3490562
61.1054230
52.4771767
47.6033974
43.2724113
47.7759590
56.2635384
57.3530426
45.8000107
34.6465416
34.4197426
23.2926445
27.7906647
67.5162201
107.5731812
108.8836517
95.8594894
83.3293915
70.8811493
59.7739868
52.1843910
44.8776245
38.0249138
37.8306923
51.1361809
53.5645027
42.0505066
26.5785465
17.5350513
10.8468199
6.1875601
7.5234509
9.4101782
19.7495346
20.5369949
8.4122419
2.9255893
2.1786611
5.3315706
36.4676552
74.2991257
75.6483154
54.4752083
36.0058479
26.1536064
35.7699394
17.6957989
8.6683712
4.2662187
1.9510123
25.4730949
97.0929718
157.8218689
170.6782684
134.6526031
118.7302170
86.3637085
70.2444534
78.3388977
96.1684875
69.7233582
50.8330612
51.8790283
37.6247215
16.8717499
7.8328142
9.2763605
11.5900211
7.9343328
23.0159016
54.6437263
91.5056305
143.3066254
181.3156891
181.1673279
143.8654938
108.8892975
96.7109680
84.5784912
105.4264679
128.4467621
114.5313950
86.3854675
64.6126404
64.0169296
62.8372002
50.4348335
48.8003845
34.3603668
11.8704634
12.9748402
11.5170164
9.9950352
10.8381824
19.2260914
75.5656738
162.4952698
209.0878296
179.9524536
128.6411743
79.5890732
54.2296944
48.7421150
51.0816345
60.6821976
89.9500580
108.3579941
91.9242477
62.0289650
23.6293240
31.0164337
50.4827843
44.5004578
45.3753548
40.4018250
30.1575851
19.1716614
21.8111305
42.0034332
90.0405655
145.6749420
170.8959656
133.0078278
84.8686905
39.6857262
13.2525549
3.4874024
3.8413649
10.8480053
61.6459694
85.2781219
82.3888779
85.4055405
95.4715958
93.6603699
67.9465637
46.0362320
28.1008511
20.6249924
21.4806213
27.7545815
32.6327667
39.4162102
47.3590508
47.4643059
39.3271637
21.3872261
10.8870401
7.7779717
3.2814465
12.2839432
32.6158447
44.2570305
32.4657288
19.3095951
25.9936008
72.2081299
130.0698395
127.3138123
73.8418121
39.4408951
26.8500309
20.9318714
30.2198391
65.2835846
92.8019867
69.7867432
39.7522354
66.4078369
79.1176071
60.0039787
32.6878014
32.2694855
80.2064743
153.4482574
210.4495239
201.6397247
138.0835266
66.5382309
22.6361351
28.8431931
32.0659714
40.1763229
32.9272194
9.0590715
0.9965823
6.7831993
17.5536289
33.1230316
42.5930061
35.4877739
21.0734749
5.5132113
3.1241066
10.8612051
50.1728668
78.2862549
63.2466507
26.8169518
14.0525198
18.8804855
27.1622467
26.6096897
19.7496719
13.3871918
25.5384769
49.9249802
45.0015602
17.5277958
3.6548302
1.9223332
16.6473331
55.5484886
60.4287033
39.2223358
27.5359993
19.2385464
18.0911808
15.6058397
16.2613049
11.8960505
13.4223051
17.3567162
14.5641041
7.6977940
3.7909088
1.1095665
0.4745954
0.7933328
5.1153135
28.7906342
52.2666550
57.1908264
44.8804398
29.4968796
14.7033215
6.1037803
2.4781637
3.8804250
18.7610703
36.4635963
38.6453438
23.4391479
22.4226055
53.2581482
89.8131943
64.5870972
18.4633160
15.9694786
21.4218712
22.2294369
18.8448658
13.7787781
7.8204403
4.4192209
4.4828110
3.5555186
2.1142907
0.6710951
4.0146604
16.7525024
25.4630795
21.9143639
11.3226500
3.7959642
1.7296349
0.8666092
0.6161169
0.3866221
0.2381327
0.1057042
0.0117885
0.0006129
0.0000000
0.0000000
0.0000000
0.0000000
0.0000000
0.0000000
0.0000000
0.0000000
0.0000000
0.0000000
0.0000000
0.0000000
0.0000000
0.0000000
0.0000000
0.0000000
0.0000000
0.0000000
0.0000000
0.0000000
0.0000000
0.0000000
0.0000000
0.0000000
0.0000000
0.0000000
0.0000000
0.0000000
0.0000000
0.0000000
0.0000000
0.0000000
0.0000000
0.0000000
0.0000000
0.0000000
0.0000000
0.0000000
0.0000000
0.0000000
0.0000000
0.0000000
0.0000000
0.0000000
0.0000000
0.0000000
0.0000000
0.0000000
0.0000000
0.0000000
0.0000000
0.0000000
0.0000000
0.0000000
0.0000000
0.0000000
0.0000000
0.0000000
0.0000000
0.0000000
0.0000000
0.0000000
0.0000000
0.0000000
0.0000000
0.0000000
0.0000000
0.0000000
0.0000000
0.0000000
0.0000000
0.0000000
0.0000000
0.0000000
0.0000000
0.0000000
0.0000000
0.0000000
0.0000000
0.0000000
0.0000000
0.0000000
0.0000000
0.0000000
0.0000000
0.0000000
0.0000000
0.0000000
0.0000000
0.0000000
0.0000000
0.0000000
0.0000000
0.0000000
0.0000000
0.0000000
0.0000000
0.0000000
0.0000000
0.0000000
0.0000000
0.0000000
0.0000000
0.0000000
0.0000000
0.0000000
0.0000000
0.0000000
0.0000000
0.0000000
0.0000000
0.0000000
0.0000000
0.0000000
0.0000000
0.0000000
0.0000000
0.0000000
0.0000000
0.0000000
0.0000000
0.0000000
0.0000000
0.0000000
0.0000000
0.0000000
0.0000000
0.0000000
0.0000000
0.0000000
0.0000000
0.0000000
0.0000000
0.0000000
0.0000000
0.0000000
0.0000000
0.0000000
0.0000000
0.0000000
0.0000000
0.0000000
0.0000000
0.0000000
0.0000000
0.0000000
0.0000000
0.0000000
0.0000000
0.0000000
0.0000000
0.0000000
0.0000000
0.0000000
0.0000000
0.0000000
0.0000000
0.0000000
0.0000000
0.0000000
0.0000000
0.0000000
0.0000000
0.0000000
0.0000000
0.0000000
0.0000000
0.0000000
0.0000000
0.0000000
0.0000000
0.0000000
0.0000000
0.0000000
0.0000000
0.0000000
0.0000000
0.0000000
0.0000000
0.0000000
0.0000000
0.0000000
0.0000000
0.0000000
0.0000000
0.0000000
0.0000000
0.0000000
0.0000000
0.0000000
0.0000000
0.0000000
0.0000000
0.0000000
0.0000000
0.0000000
0.0000000
0.0000000
0.0000000
0.0000000
0.0000000
0.0000000
0.0000000
0.0000000
0.0000000
0.0000000
0.0000000
0.0000000
0.0000000
0.0000000
0.0000000
0.0000000
0.0000000
0.0000000
0.0000000
0.0000000
0.0000000
0.0000000
0.0000000
0.0000000
0.0000000
0.0000000
0.0000000
0.0000000
0.0000000
0.0000000
0.0000000
0.0000000
0.0000000
0.0000000
0.0000000
0.0000000
0.0000000
0.0000000
0.0000000
0.0000000
0.0000000
0.0000000
0.0000000
0.0000000
0.0000000
0.0000000
0.0000000
0.0000000
0.0000000
0.0000000
0.0000000
0.0000000
0.0000000
0.0000000
0.0000000
0.0000000
0.0000000
0.0000000
0.0000000
0.0000000
0.0000000
0.0000000
0.0000000
0.0000000
0.0000000
0.0000000
0.0000000
0.0000000
0.0000000
0.0000000
0.0000000
0.0000000
0.0000000
0.0000000
0.0000000
0.0000000
0.0000000
0.0000000
0.0000000
0.0000000
0.0000000
0.0000000
0.0000000
0.0000000
0.0000000
0.0000000
0.0000000
0.0000000
0.0000000
0.0000000
0.0000000
0.0000000
0.0000000
0.0000000
0.0000000
0.0000000
0.0000000
0.0000000
0.0000000
0.0000000
0.0000000
0.0000000
0.0000000
0.0000000
0.0000000
0.0000000
0.0000000
0.0000000
0.0000000
0.0000000
0.0000000
0.0000000
0.0000000
0.0000000
0.0000000
0.0000000
0.0000000
0.0000000
0.0000000
0.0000000
0.0000000
0.0000000
0.0000000
0.0000000
0.0000000
0.0000000
0.0000000
0.0000000
0.0000000
0.0000000
0.0000000
0.0000000
0.0000000
0.0000000
0.0000000
0.0000000
0.0000000
0.0000000
0.0000000
0.0000000
0.0000000
0.0000000
0.0000000
0.0000000
0.0000000
0.0000000
0.0000000
0.0000000
0.0000000
0.0000000
0.0000000
0.0000000
0.0000000
0.0000000
0.0000000
0.0000000
0.0000000
0.0000000
0.0000000
0.0000000
0.0000000
0.0000000
0.0000000
0.0000000
0.0000000
0.0000000
0.0000000
0.0000000
0.0000000
0.0000000
0.0000000
0.0000000
0.0000000
0.0000000
0.0000000
0.0000000
0.0000000
0.0000000
0.0000000
0.0000000
0.0000000
0.0000000
0.0000000
0.0000000
0.0000000
0.0000000
0.0000000
0.0000000
0.0000000
0.0000000
0.0000000
0.0000000
0.0000000
0.0000000
0.0000000
0.0000000
0.0000000
0.0000000
0.0000000
0.0000000
0.0000000
0.0000000
0.0000000
0.0000000
0.0000000
0.0000000
0.0000000
0.0000000
0.0000000
0.0000000
0.0000000
0.0000000
0.0000000
0.0000000
0.0000000
0.0000000
0.0000000
0.0000000
0.0000000
0.0000000
0.0000000
0.0000000
0.0000000
0.0000000
0.0000000
0.0000000
0.0000000
0.0000000
0.0000000
0.0000000
0.0000000
0.0000000
0.0000000
0.0000000
0.0000000
0.0000000
0.0000000
0.0000000
0.0000000
0.0000000
0.0000000
0.0000000
0.0000000
0.0000000
0.0000000
0.0000000
0.0000000
0.0000000
0.0000000
0.0000000
0.0000000
0.0000000
0.0000000
0.0000000
0.0000000
0.0000000
0.0000000
0.0000000
0.0000000
0.0000000
0.0000000
0.0000000
0.0000000
0.0000000
0.0000000
0.0000000
0.0000000
0.0000000
0.0000000
0.0000000
0.0000000
0.0000000
0.0000000
0.0000000
0.0000000
0.0000000
0.0000000
0.0000000
0.0000000
0.0000000
0.0000000
0.0000000
0.0000000
0.0000000
0.0000000
0.0000000
0.0000000
0.0000000
0.0000000
0.0000000
0.0274931
0.6290486
2.1149585
3.4586375
3.7329254
3.4521494
3.3892310
3.4815667
3.3887522
2.9255326
2.2822983
1.5086713
0.7360836
0.3608787
0.3685169
1.1495597
2.5333323
2.5649524
1.0155449
1.4362864
5.3676167
17.7426491
31.7470093
32.4410934
22.2717628
16.6042442
26.3068810
80.0852203
146.9984436
152.9648743
98.8034973
37.4889603
15.5167761
29.3437767
33.3801193
47.7146759
84.2026215
82.2549667
60.2643776
31.4015846
21.3790874
9.2625418
3.0256903
20.6304321
71.0949936
104.9012833
86.1414108
52.9170685
26.0590687
18.5683079
14.9652786
2.2570810
17.9567795
74.7901535
111.3257675
83.3814011
46.4952965
20.1308937
20.7284813
14.3574419
6.5731640
12.0825100
30.2344055
43.6346512
53.5857391
47.3175240
36.0000191
26.3414707
26.0817032
21.2571716
12.0932817
38.9294739
100.5153122
151.2182922
161.6297913
154.4221649
163.5261841
199.5202026
224.9072571
181.3621826
141.1776581
105.3309402
59.5182686
11.0460567
2.1421943
1.1409018
16.4703865
41.7231522
54.2464638
74.3219986
116.2759399
141.4262695
121.0411835
78.0745621
49.5639763
33.3616104
37.1856842
29.3339176
10.1306877
2.0839076
0.0828347
1.7293754
13.3973303
31.4861660
34.4877548
27.9913254
23.6500664
12.1686678
1.2304494
8.6054783
27.8514805
35.8512650
61.9495811
88.7147827
83.9460754
42.1160507
15.4427433
20.5985603
61.7585526
150.0216522
165.7190247
124.3665848
93.0195084
65.2873306
32.0309029
24.7025604
45.1891975
39.4001083
39.7264595
38.5998993
23.5388451
10.0635681
4.2618670
1.8666983
6.6340694
52.2724571
73.3380890
51.6457214
15.9679403
3.0634692
4.0895352
9.8473091
21.0249767
48.3756866
65.6963882
75.1987228
71.0866318
69.1922684
70.8656387
70.5274506
59.3824348
47.0661163
37.2465210
27.8164024
15.5658903
7.7330899
12.1583643
17.9420528
22.5894222
26.5978775
24.3354893
16.3610706
9.3162432
7.3354373
20.1650810
43.0975266
52.3391037
35.5382996
15.9439011
19.8735161
43.5932388
62.3852997
48.1280479
34.5932770
32.1912460
43.2817764
43.4386711
36.1526451
30.3581619
25.1806488
17.4520264
14.4742661
18.0114231
12.0878229
5.1000409
9.7648802
36.3192940
72.1062317
71.6802216
42.0751801
18.2191410
8.1748829
1.6794935
1.1731099
1.4893546
11.8874836
56.5551796
95.0163345
92.8314514
57.3597260
34.1296310
23.7601585
13.8620424
12.5173159
17.4673119
29.2978745
76.3391876
163.7223206
225.7591858
214.5925140
157.8671112
111.7352448
70.2275925
37.3726654
14.9304361
15.2184696
25.3155270
51.8799553
31.9420052
9.9945316
8.6483831
9.6163673
11.5381393
15.1175261
34.5533180
49.7716675
46.3630104
31.0552273
19.7141266
15.1054058
19.7369156
32.5552292
36.2876854
31.5499554
32.5242004
29.6555347
30.2782154
27.1250725
33.2362747
38.5147858
23.7847862
6.4497914
0.6658726
0.9830971
6.0593896
17.0113144
22.3258457
11.9211149
3.7707698
3.2341020
3.4759531
2.3254163
1.3948228
1.0361470
0.7246984
0.5952146
0.7747498
1.0186614
0.7330166
2.7336805
10.6325293
21.0361938
36.5609512
51.5951881
55.0862236
50.6561775
42.0132103
31.1118469
20.5869942
12.1457310
6.8499446
4.7655144
24.4434967
31.7876720
28.5473347
27.7341175
27.9624100
15.3728752
11.7045994
10.1730385
7.5704470
3.6094546
2.4643764
4.4535508
36.9928398
81.3758926
94.9953308
71.8390503
38.3942528
18.2237396
10.3927870
7.4373555
1.6337911
2.5450287
22.2950878
69.5227509
96.1715698
85.8689957
68.0576935
59.1592560
47.5015450
29.0950394
13.6851425
13.3448067
10.2661953
15.0501575
19.6920738
7.8199315
2.1323171
0.6764994
4.7363396
15.3745508
18.6248741
12.3851919
7.3937826
3.4996350
0.7518706
0.2964987
9.8106155
36.0804749
41.9347916
23.5229778
10.0700207
6.6527572
5.4765787
28.3057404
71.7435913
87.4046936
75.0631638
65.9628601
72.8337021
59.3484039
44.9943657
33.9403267
32.8584137
35.2359238
28.0418167
15.3417845
6.0771956
5.0214138
20.6999111
44.7121849
46.7959938
35.5079803
19.4098663
9.4871149
6.8932662
5.7186732
15.6977463
36.0261955
41.1736488
32.5896187
24.4361763
13.1916008
12.8906870
29.1835976
48.4255981
44.6989441
32.3399620
22.9985447
19.0880909
11.4861765
6.2753625
4.0903039
3.0485604
3.3684766
3.6692588
6.9165063
10.9560919
15.3071356
20.8410492
27.4180431
31.2869740
29.2659874
19.7381325
11.8954916
7.1226892
4.7259383
3.1206303
1.5625254
1.0769212
1.0966707
0.9633584
0.7500103
0.3718103
0.0709170
0.0075611
0.0000641
0.0000000
0.0000000
0.0000000
0.0000000
0.0000000
0.0000000
0.0000000
0.0000000
0.0000000
0.0000000
0.0000000
0.0000000
0.0000000
0.0000000
0.0000000
0.0000000
0.0000000
0.0000000
0.0000000
0.0000000
0.0000000
0.0000000
0.0000000
0.0000000
0.0000000
0.0000000
0.0000000
0.0000000
0.0000000
0.0000000
0.0000000
0.0000000
0.0000000
0.0000000
0.0000000
0.0000000
0.0000000
0.0000000
0.0000000
0.0000000
0.0000000
0.0000000
0.0000000
0.0000000
0.0000000
0.0000000
0.0000000
0.0000000
0.0000000
0.0000000
0.0000000
0.0000000
0.0000000
0.0000000
0.0000000
0.0000000
0.0000000
0.0000000
0.0000000
0.0000000
0.0000000
0.0000000
0.0000000
0.0000000
0.0000000
0.0000000
0.0000000
0.0000000
0.0000000
0.0000000
0.0000000
0.0000000
0.0000000
0.0000000
0.0000000
0.0000000
0.0000000
0.0000000
0.0000000
0.0000000
0.0000000
0.0000000
0.0000000
0.0000000
0.0000000
0.0000000
0.0000000
0.0000000
0.0000000
0.0000000
0.0000000
0.0000000
0.0000000
0.0000000
0.0000000
0.0000000
0.0000000
0.0000000
0.0000000
0.0000000
0.0000000
0.0000000
0.0000000
0.0000000
0.0000000
0.0000000
0.0000000
0.0000000
0.0000000
0.0000000
0.0000000
0.0000000
0.0000000
0.0000000
0.0000000
0.0000000
0.0000000
0.0000000
0.0000000
0.0000000
0.0000000
0.0000000
0.0000000
0.0000000
0.0000000
0.0000000
0.0000000
0.0000000
0.0000000
0.0000000
0.0000000
0.0000000
0.0000000
0.0000000
0.0000000
0.0000000
0.0000000
0.0000000
0.0000000
0.0000000
0.0000000
0.0000000
0.0000000
0.0000000
0.0000000
0.0000000
0.0000000
0.0000000
0.0000000
0.0000000
0.0000000
0.0000000
0.0000000
0.0000000
0.0000000
0.0000000
0.0000000
0.0000000
0.0000000
0.0000000
0.0000000
0.0000000
0.0000000
0.0000000
0.0000000
0.0000000
0.0000000
0.0000000
0.0000000
0.0000000
0.0000000
0.0000000
0.0000000
0.0000000
0.0000000
0.0000000
0.0000000
0.0000000
0.0000000
0.0000000
0.0000000
0.0000000
0.0000000
0.0000000
0.0000000
0.0000000
0.0000000
0.0000000
0.0000000
0.0000000
0.0000000
0.0000000
0.0000000
0.0000000
0.0000000
0.0000000
0.0000000
0.0000000
0.0000000
0.0000000
0.0000000
0.0000000
0.0000000
0.0000000
0.0000000
0.0000000
0.0000000
0.0000000
0.0000000
0.0000000
0.0000000
0.0000000
0.0000000
0.0000000
0.0000000
0.0000000
0.0000000
0.0000000
0.0000000
0.0000000
0.0000000
0.0000000
0.0000000
0.0000000
0.0000000
0.0000000
0.0000000
0.0000000
0.0000000
0.0000000
0.0000000
0.0000000
0.0000000
0.0000000
0.0000000
0.0000000
0.0000000
0.0000000
0.0000000
0.0000000
0.0000000
0.0000000
0.0000000
0.0000000
0.0000000
0.0000000
0.0000000
0.0000000
0.0000000
0.0000000
0.0000000
0.0000000
0.0000000
0.0000000
0.0000000
0.0000000
0.0000000
0.0000000
0.0000000
0.0000000
0.0000000
0.0000000
0.0000000
0.0000000
0.0000000
0.0000000
0.0000000
0.0000000
0.0000000
0.0000000
0.0000000
0.0000000
0.0000000
0.0000000
0.0000000
0.0000000
0.0000000
0.0000000
0.0000000
0.0000000
0.0000000
0.0000000
0.0000000
0.0000000
0.0000000
0.0000000
0.0000000
0.0000000
0.0000000
0.0000000
0.0000000
0.0000000
0.0000000
0.0000000
0.0000000
0.0000000
0.0000000
0.0000000
0.0000000
0.0000000
0.0000000
0.0000000
0.0000000
0.0000000
0.0000000
0.0000000
0.0000000
0.0000000
0.0000000
0.0000000
0.0000000
0.0000000
0.0000000
0.0000000
0.0000000
0.0000000
0.0000000
0.0000000
0.0000000
0.0000000
0.0000000
0.0000000
0.0000000
0.0000000
0.0000000
0.0000000
0.0000000
0.0000000
0.0000000
0.0000000
0.0000000
0.0000000
0.0000000
0.0000000
0.0000000
0.0000000
0.0000000
0.0000000
0.0000000
0.0000000
0.0000000
0.0000000
0.0000000
0.0000000
0.0000000
0.0000000
0.0000000
0.0000000
0.0000000
0.0000000
0.0000000
0.0000000
0.0000000
0.0000000
0.0000000
0.0000000
0.0000000
0.0000000
0.0000000
0.0000000
0.0000000
0.0000000
0.0000000
0.0000000
0.0000000
0.0000000
0.0000000
0.0000000
0.0000000
0.0000000
0.0000000
0.0000000
0.0000000
0.0000000
0.0000000
0.0000000
0.0000000
0.0000000
0.0000000
0.0000000
0.0000000
0.0000000
0.0000000
0.0000000
0.0000000
0.0000000
0.0000000
0.0000000
0.0000000
0.0000000
0.0000000
0.0000000
0.0000000
0.0000000
0.0000000
0.0000000
0.0000000
0.0000000
0.0000000
0.0000000
0.0000000
0.0000000
0.0000000
0.0000000
0.0000000
0.0000000
0.0000000
0.0000000
0.0000000
0.0000000
0.0000000
0.0000000
0.0000000
0.0000000
0.0000000
0.0000000
0.0000000
0.0000000
0.0000000
0.0000000
0.0000000
0.0000000
0.0000000
0.0000000
0.0000000
0.0000000
0.0000000
0.0000000
0.0000000
0.0000000
0.0000000
0.0000000
0.0000000
0.0000000
0.0000000
0.0000000
0.0000000
0.0000000
0.0000000
0.0000000
0.0011098
0.3519824
1.5744956
3.1055634
3.9013669
3.7688937
3.5364301
3.8341646
4.2948723
4.3734179
4.2257237
3.6854987
2.6116314
1.9726822
1.2480673
0.7463114
0.7063142
0.4949213
2.1549323
8.5804443
11.3372612
18.0095444
77.9605408
168.7335205
209.5470581
171.8678131
97.2267456
44.1635399
22.0450039
22.0353355
19.7125816
13.2339211
5.4977980
18.4985657
81.7735672
156.8233337
159.5388947
116.8368378
62.2536430
34.2263107
32.4490280
86.0199203
181.2252197
198.7065735
141.9811401
127.2001724
117.2733459
106.2927933
95.6364746
77.8760376
78.5207291
169.3546753
223.1844482
161.5402222
70.7129593
29.9150944
45.8590660
62.2662354
75.9682236
73.6663284
49.3027573
64.7235031
115.0682373
125.7317657
92.2677765
61.7706146
37.8499031
13.5628796
3.6292408
2.8316150
11.8595829
47.5013008
84.8494644
100.1851883
128.3454742
158.8154144
157.5225525
127.4147949
88.7086868
52.9653358
48.4561157
24.5936222
6.4845486
14.9327984
43.4552002
101.2683868
102.1880417
81.9308395
60.1382256
52.0698738
45.3864326
75.1891327
96.7239075
61.6156387
18.1574936
3.1766226
0.2570286
0.1478257
4.7558913
60.8060265
136.5766144
167.8942871
141.4476166
93.2831421
72.6373367
67.1663513
55.3325615
25.9580250
12.1126757
3.4776816
6.9053550
27.6560516
59.5053940
61.0857582
45.3200760
27.3266087
14.4227257
14.2458391
14.7661848
55.5839653
115.8123627
140.6772156
155.4956207
176.9535217
185.8842468
170.2339783
115.7676010
62.6856651
26.0236187
13.2899837
13.2228289
21.1356106
32.5418472
71.4210510
120.5776062
131.8364410
97.3767319
42.4369659
9.0707779
2.4362164
2.0843067
1.5283829
0.6720998
0.1276086
0.2409070
3.7243605
12.0584917
33.3558083
85.6685944
136.8032990
156.9026337
142.0324402
101.0476532
67.3257523
38.3547859
28.6860790
32.1461143
60.7403107
86.4731598
85.7950287
69.7328796
49.2381287
30.2221069
11.6895390
1.8444456
6.8261166
20.4238167
32.4077911
70.3525848
131.3835602
205.4923553
275.1042786
281.8831787
222.5914307
132.6205139
59.5505066
16.4314613
10.4167442
18.9813099
44.7394142
60.9767151
67.0527802
67.4406662
65.4265823
58.4018402
37.7427254
23.3053818
16.9027214
16.7760429
22.5912418
33.4354057
41.8294945
38.1191978
27.5456390
23.3049622
20.0566654
11.0533142
4.9934292
20.0724831
66.6773758
111.9600906
113.3849487
74.8286667
29.3381557
13.2626514
14.8219738
29.2956772
34.4131775
20.9821796
10.9908857
8.8845987
12.1645155
11.5325851
34.1973228
99.6465378
139.8307495
132.7991638
103.1087799
79.6525345
56.9415207
29.1473751
7.8768272
1.8404152
3.3296108
16.9544239
36.3113670
36.6085014
18.6101437
3.6482008
3.6636431
13.7733097
28.6963120
29.3492985
13.5664034
12.6244726
19.5738831
22.0931702
30.0639706
54.9698067
80.7144318
77.9519577
52.7861557
30.6173649
24.7061195
21.0405121
10.0450144
1.5436428
1.5029918
18.1898651
67.3761368
82.9316101
55.5394592
42.9993782
52.6933250
77.0121536
74.0476990
60.5800514
50.3635712
40.4330788
17.2900410
19.0295906
38.7304001
46.9034500
37.9567070
30.4954185
25.2775097
21.2947750
24.6241512
50.0064621
50.3756599
43.1827736
45.7861862
48.8643303
37.4097404
23.0639687
8.1148729
3.1055126
9.7054873
22.6808147
29.2196789
23.5177574
15.6978607
13.2627258
9.6584120
3.9462614
3.0665326
5.9020200
14.1872234
46.2922440
101.9981232
141.2539825
133.7484131
106.3600769
99.1731873
90.8468552
81.9679947
81.3295593
97.5488968
91.9210587
60.9152222
38.7300339
49.8616638
50.6692810
25.5150394
6.6443548
2.5607080
3.3445549
14.4872379
38.3901863
43.3838768
32.3632469
22.0514450
16.2044315
13.8763094
11.0138531
18.2005787
22.1098900
23.2486076
25.8278847
23.6084805
19.6564369
17.3060284
36.9344635
52.9082489
45.7427559
31.9787045
20.3738213
24.1590767
23.1259670
12.4060535
16.2989922
14.7952480
15.2061176
15.0953989
11.9256573
6.3727446
2.2373800
0.6173309
2.5904336
8.1232939
11.8040810
11.7274513
9.8922262
8.6367626
8.2421455
8.8781166
8.8211765
7.4586859
5.8280621
4.7407379
3.8726521
2.9230502
2.0225968
1.2154088
10.3065910
44.2213745
99.6582642
175.6027222
223.1771393
167.3077698
81.3725586
46.7576828
54.1262207
117.8187637
120.9645996
102.7025146
84.3617172
70.8727722
75.1058350
86.3272629
53.3069115
13.5106592
4.2058158
8.4841261
25.5307999
49.7079391
67.1775284
56.4735794
22.0691929
12.7978954
33.2190056
69.7643585
82.9011993
58.5972786
32.0047150
20.9534702
24.4265442
13.9619064
5.0119572
2.3046489
0.7845435
2.0427690
14.8734617
49.6840134
85.3005829
115.6209793
152.8657837
176.5081024
159.4999237
114.3320389
60.0851059
31.9718819
46.0725746
36.5962486
13.6066980
2.9126298
3.6797171
11.2707930
57.5715027
84.5258789
67.5972977
23.8889751
4.5696144
0.3896422
2.0624366
18.3662739
39.7752991
40.8761597
46.1638184
75.1147232
117.2777252
164.5522156
169.9151917
124.6953125
73.4291992
19.0316200
12.0849657
18.3057480
26.9077549
30.5933456
26.2019444
21.0654831
31.6416512
56.8612137
69.9013977
66.8777542
59.2028656
45.5691681
30.8952160
26.8258324
29.6732140
31.4621086
31.0683861
33.2905121
39.6364746
39.3766975
25.6431446
14.7596693
6.5756211
3.5104742
17.1122856
41.9046555
50.1735649
25.4224815
17.0608330
26.5597210
30.4801521
27.1939507
22.7581081
19.4669495
14.9069901
8.5778704
3.3437304
6.8896260
7.0079732
5.6490231
3.4618416
13.6006651
40.9952354
86.3918152
114.8719940
102.0484238
66.5774918
29.2018471
12.4851151
6.5218196
0.4478175
0.1663121
0.3367103
29.1562309
93.7522659
130.3106689
116.5211868
72.3162308
28.0246811
9.1067314
5.4593225
1.4500470
0.9179644
6.2922821
25.1731377
48.3236122
51.2475624
28.8032722
9.9123268
5.8849998
7.0865707
11.1727848
23.3773537
28.7774010
19.1765976
12.2606430
27.0216866
38.9321251
45.2349243
52.1212502
46.5986404
23.2621288
9.0608530
16.2360153
46.9023247
53.2475433
26.0279064
5.4286599
1.7833638
0.7691086
2.0234780
7.7992287
21.3446732
21.0038795
16.9098129
21.4874821
24.5441723
25.9203701
22.2780857
18.3701820
16.2878628
15.5706959
11.4857464
8.5122719
10.4740887
16.6847458
20.6785908
17.5878067
11.2407265
7.0358200
7.7319922
15.6609516
20.9735851
17.8960381
11.8932600
7.7873721
5.6208138
4.3046193
13.4746523
27.0407219
27.1422920
20.4932137
16.2976875
12.5891047
7.0807419
1.4764487
1.3376493
6.3525090
13.8210983
28.0669556
47.6671486
68.0979080
78.4077301
66.8124924
40.4537697
14.9768486
6.2728496
2.8784497
4.8085985
9.4506330
14.5405073
14.5987473
10.8014202
7.7577534
13.5133085
25.7186146
27.9186382
27.2924824
22.5328770
14.2150612
10.5584183
17.6150150
35.3452644
30.9381428
16.3077583
12.1784239
9.0702019
4.0933862
1.7792335
1.6007422
1.5072862
1.9424038
1.7789811
1.1118722
1.2317290
1.7333159
1.4724743
0.6953862
0.4645625
0.4368170
0.3475363
0.0541452
0.0050344
0.0001081
0.0000000
0.0000000
0.0000000
0.0000000
0.0000000
0.0000000
0.0000000
0.0000000
0.0000000
0.0000000
0.0000000
0.0000000
0.0000000
0.0000000
0.0000000
0.0000000
0.0000000
0.0000000
0.0000000
0.0000000
0.0000000
0.0000000
0.0000000
0.0000000
0.0000000
0.0000000
0.0000000
0.0000000
0.0000000
0.0000000
0.0000000
0.0000000
0.0000000
0.0000000
0.0000000
0.0000000
0.0000000
0.0000000
0.0000000
0.0000000
0.0000000
0.0000000
0.0000000
0.0000000
0.0000000
0.0000000
0.0000000
0.0000000
0.0000000
0.0000000
0.0000000
0.0000000
0.0000000
0.0000000
0.0000000
0.0000000
0.0000000
0.0000000
0.0000000
0.0000000
0.0000000
0.0000000
0.0000000
0.0000000
0.0000000
0.0000000
0.0000000
0.0000000
0.0000000
0.0000000
0.0000000
0.0000000
0.0000000
0.0000000
0.0000000
0.0000000
0.0000000
0.0000000
0.0000000
0.0000000
0.0000000
0.0000000
0.0000000
0.0000000
0.0000000
0.0000000
0.0000000
0.0000000
0.0000000
0.0000000
0.0000000
0.0000000
0.0000000
0.0000000
0.0000000
0.0000000
0.0000000
0.0000000
0.0000000
0.0000000
0.0000000
0.0000000
0.0000000
0.0000000
0.0000000
0.0000000
0.0000000
0.0000000
0.0000000
0.0000000
0.0000000
0.0000000
0.0000000
0.0000000
0.0000000
0.0000000
0.0000000
0.0000000
0.0000000
0.0000000
0.0000000
0.0000000
