0.0000000
0.0000000
0.0000000
0.0000000
0.0000000
0.0000000
0.0000000
0.0000000
0.0000000
0.0000000
0.0000000
0.0000000
0.0000000
0.0000000
0.0000000
0.0000000
0.0000000
0.0000000
0.0000000
0.0000000
0.0000000
0.0000000
0.0000000
0.0000000
0.0000000
0.0000000
0.0000000
0.0000000
0.0000000
0.0000000
0.0000000
0.0000000
0.0000000
0.0000000
0.0000000
0.0000000
0.0000000
0.0000000
0.0000000
0.0000000
0.0000000
0.0000000
0.0000000
0.0000000
0.0000000
0.0000000
0.0000000
0.0000000
0.0000000
0.0000000
0.0000000
0.0000000
0.0000000
0.0000000
0.0000000
0.0000000
0.0000000
0.0000000
0.0000000
0.0000000
0.0000000
0.0000000
0.0000000
0.0000000
0.0000000
0.0000000
0.0000000
0.0000000
0.0000000
0.0000000
0.0000000
0.0000000
0.0000000
0.0000000
0.0000000
0.0000000
0.0000000
0.0000000
0.0000000
0.0000000
0.0000000
0.0000000
0.0000000
0.0000000
0.0000000
0.0000000
0.0000000
0.0000000
0.0000000
0.0000000
0.0000000
0.0000000
0.0000000
0.0000000
0.0000000
0.0000000
0.0000000
0.0000000
0.0000000
0.0000000
0.0000000
0.0000000
0.0000000
0.0000000
0.0000000
0.0000000
0.0000000
0.0000000
0.0000000
0.0000000
0.0000000
0.0000000
0.0000000
0.0000000
0.0000000
0.0000000
0.0000000
0.0000000
0.0000000
0.0000000
0.0000000
0.0000000
0.0000000
0.0000000
0.0000000
0.0000000
0.0000000
0.0000000
0.0000000
0.0000000
0.0000000
0.0000000
0.0000000
0.0000000
0.0000000
0.0000000
0.0000000
0.0000000
0.0000000
0.0000000
0.0000000
0.0000000
0.0000000
0.0000000
0.0000000
0.0000000
0.0000000
0.0000000
0.0000000
0.0000000
0.0000000
0.0000000
0.0000000
0.0000000
0.0000000
0.0000000
0.0000000
0.0000000
0.0000000
0.0000000
0.0000000
0.0000000
0.0000000
0.0000000
0.0000000
0.0000000
0.0000000
0.0000000
0.0000000
0.0000000
0.0000000
0.0000000
0.0000000
0.0000000
0.0000000
0.0000000
0.0000000
0.0000000
0.0000000
0.0000000
0.0000000
0.0000000
0.0000000
0.0000000
0.0000000
0.0000000
0.0000000
0.0000000
0.0000000
0.0000000
0.0000000
0.0000000
0.0000000
0.0000000
0.0000000
0.0000000
0.0000000
0.0000000
0.0000000
0.0000000
0.0000000
0.0000000
0.0000000
0.0000000
0.0000000
0.0000000
0.0000000
0.0000000
0.0000000
0.0000000
0.0000000
0.0000000
0.0000000
0.0000000
0.0000000
0.0000000
0.0000000
0.0000000
0.0000000
0.0000000
0.0000000
0.0000000
0.0000000
0.0000000
0.0000000
0.0000000
0.0000000
0.0000000
0.0000000
0.0000000
0.0000000
0.0000000
0.0000000
0.0000000
0.0000000
0.0000000
0.0000000
0.0000000
0.0000000
0.0000000
0.0000000
0.0000000
0.0000000
0.0000000
0.0000000
0.0000000
0.0000000
0.0000000
0.0000000
0.0000000
0.0000000
0.0000000
0.0000000
0.0000000
0.0000000
0.0000000
0.0000000
0.0000000
0.0000000
0.0000000
0.0000000
0.0000000
0.0000000
0.0000000
0.0000000
0.0000000
0.0000000
0.0000000
0.0000000
0.0000000
0.0141305
0.2836645
0.9485214
1.5205549
1.5734918
1.2438390
0.8079864
0.5992451
0.6234157
0.7730269
0.8273815
0.7996266
0.6005055
0.5812721
0.6653973
0.7642596
0.8860501
0.8825188
0.6522469
0.5382226
0.7231551
0.7650902
0.8422780
1.3209878
3.4808071
28.2177353
91.9424973
155.6813049
184.8306122
162.5863342
114.6359558
89.3476105
85.0405197
82.7764359
83.3733368
78.5717239
72.0859375
63.0023155
70.4411545
93.2262192
83.0595093
78.0596924
69.0545959
52.9417801
32.3068123
30.5444679
23.9209709
16.8414803
23.3277397
24.4422722
20.2610703
21.0718575
22.1206360
17.7875938
13.7929010
14.5723219
21.0133362
26.4320183
20.9222813
11.3869152
4.2302876
4.1351657
5.4473686
5.3973074
2.5360861
0.4351287
0.2145463
0.3828961
0.6185578
1.5613477
5.7215309
23.2299728
48.5553627
62.6371689
56.7130928
39.3833160
25.7166538
15.4300146
15.4506578
16.4102783
17.3440800
19.0488319
23.5856037
26.2937088
27.0269566
26.7636833
21.6702919
37.6131859
55.0073853
49.0019531
37.7016792
27.6358871
19.3597832
11.7985878
21.5655441
24.5301247
21.1873970
14.9843712
23.6025372
20.9729156
14.0505972
11.0258636
15.0708265
17.1941433
10.2867661
6.8133330
6.8386230
9.6270943
12.7659826
11.0699053
4.2339869
1.1734028
0.5162892
0.3075526
0.4783981
0.6100369
0.6042159
0.8720541
0.7378405
0.6920789
0.6870225
0.6568878
0.6695087
0.8808049
0.8684190
0.6906834
0.6552557
0.6731621
0.6754236
0.6351389
0.5200781
0.5164914
0.6734359
0.7028349
0.7940733
0.8731525
0.9207640
0.5696269
0.5645021
0.7136444
0.8934610
1.1022767
0.8678696
0.8423148
0.7632574
0.4882919
0.5419372
0.5888906
0.7951226
0.5106829
0.4002643
0.4962767
0.9469339
0.7443808
0.7689609
0.9559295
1.0735664
0.8177404
0.6650612
0.5268012
0.6617950
0.5812554
0.5058025
0.5824105
0.6817274
0.7682168
0.9285378
0.9128061
0.9479753
0.8582273
0.7051417
0.7623470
0.7607543
0.7336832
0.6609888
0.5598831
0.6223091
0.5111383
0.6249148
0.8018224
0.8053982
0.5881678
0.6245451
1.1010758
2.7806365
3.5434470
2.2294493
0.5478929
0.4453622
0.4802595
0.8851471
2.4323730
7.2222829
15.5471153
23.0561028
23.3841419
17.3213787
11.6334057
7.9724240
6.1534667
4.6031051
4.4560833
5.8056827
8.6011524
11.2744036
16.2246246
20.7640934
23.6643047
18.3490219
10.8959427
6.8446550
9.5268812
12.2813740
10.1812563
6.6787615
5.8100944
16.3719788
50.1717186
89.4515076
105.7820816
91.5442581
71.8807678
55.4814339
45.2288475
45.8389740
29.0189934
24.1264019
19.9090061
28.0655422
40.6734085
24.6947651
12.8878765
12.1661596
12.2742805
6.0910926
2.1796405
0.9244969
0.3023991
1.0589767
10.5916967
25.2841396
27.0061531
16.6846142
14.1540194
18.1227856
22.7521076
33.1302071
45.3248940
49.3850060
42.3039322
39.8628693
34.3121376
31.3997498
28.3903122
28.6401844
31.8410358
32.0263214
29.2649460
19.3516178
13.0393314
12.8103361
22.1307697
25.7094555
29.2089005
30.9257565
24.5662766
16.2945175
5.3568306
4.0124173
6.8863964
4.6411920
2.0195904
4.5734200
11.4207554
17.3123665
17.5020962
12.9986744
9.3828220
9.5652685
11.9688683
15.0282211
16.3463173
15.4435749
12.4246044
9.7259007
7.4361053
4.4931083
2.4394379
1.3274542
0.5713081
0.3306887
0.4517410
0.4313996
0.4554552
0.5838742
0.6971889
0.6941463
0.6940205
0.9327929
0.9606734
0.9585003
0.9813086
0.8824011
0.9799405
1.5902005
1.5214951
1.0190963
0.7845250
1.1647702
2.1530268
2.1430364
0.8252766
0.3934197
0.5575342
0.8082491
0.8301791
0.9295771
1.1386147
1.4497839
1.1426233
0.5875860
0.7103121
0.6918544
0.7718322
0.8066487
0.8028982
0.7221648
0.5511776
0.5437280
0.7729182
0.8489794
0.8361338
0.7047035
0.7225317
0.8551867
1.3560132
1.4918077
0.9757657
0.5485238
0.6915102
0.9553602
1.0449002
0.7193173
0.5699558
0.5986413
0.9096445
1.1878077
1.1403651
0.9174221
0.7185315
0.8958153
0.9220834
0.5768391
0.6296939
1.0547576
1.1070940
1.0875950
0.9663266
0.5814763
0.7938271
1.0561085
1.1594071
4.5983977
23.1325893
53.3993149
70.7604141
62.0956116
38.9635773
18.2631416
10.6298151
16.3245697
43.6000061
79.0817871
85.6480026
77.6709900
64.9632263
54.5356407
46.9522896
40.0552063
44.5345840
39.5307884
29.2371006
11.1630735
15.7560368
24.1697731
33.0241852
38.0785255
31.7485008
16.6435871
14.1236887
11.2848225
13.6665440
20.7760010
26.2773323
21.5637627
7.8275681
2.5748637
0.6920925
0.9091948
0.7796578
0.9354969
0.7599958
0.8624101
0.9759715
0.6658367
0.4906618
1.0021173
0.8339783
0.7661392
0.7952551
0.7545218
2.3515983
9.1931467
20.3899441
36.4161301
50.4865952
50.8329964
36.6178246
18.8879089
10.8767166
9.2445927
5.0826454
3.2549391
18.0097904
53.5076675
86.4940491
100.8937836
86.2317581
59.9750404
35.4387398
23.2183628
17.5703125
18.2213936
21.2318802
20.5034313
26.2745667
27.8253403
25.1274452
24.0407505
13.9970579
9.2653685
11.5123930
18.0328236
29.3653622
36.6774216
29.2732544
13.8005953
4.5017209
1.7532892
1.5426950
2.5637696
2.8691106
2.2162094
1.4862010
0.9470167
0.6593086
0.4562280
0.4968987
0.6242768
0.6605930
0.9134018
0.9584061
0.9029416
0.9124858
0.8266830
0.7272078
0.8150716
1.0552552
1.0326434
0.9909829
0.7431219
0.5529088
0.7549443
1.3069841
1.6153940
1.1554861
1.0724230
1.0056522
0.7620943
1.6602378
3.1515753
3.0338063
2.0668674
2.1493559
2.0911169
1.0733263
1.1943686
1.0312544
1.2165871
1.4861732
1.1382021
0.7049810
0.7219602
0.8946255
0.8638898
0.8800943
0.9436156
0.9147056
1.2639322
1.0288403
0.7759119
0.6089465
0.6798947
0.7919029
0.8388947
0.8035380
0.8220688
0.7005401
0.7654496
0.7953534
0.7529397
0.9158919
0.9430354
0.9168041
0.7334142
0.9366416
0.8741002
0.8139930
0.8244326
0.7406100
0.8258148
0.9566385
0.9366413
0.7432267
0.9847423
1.1880817
1.0574840
1.1516416
1.5449567
1.8995954
1.7487209
0.8691819
0.3982844
0.5516828
0.6646987
0.9381788
1.1871662
1.0539060
0.8148212
0.7096363
0.5678357
0.6225188
0.7366635
1.1995698
1.7647785
1.8158625
1.0820571
0.4458683
0.7015446
2.0606546
3.0500662
2.0067232
0.8810528
0.6565382
0.5903003
0.5604608
0.4633828
0.6955873
0.8039546
0.6910474
0.5848860
0.5890350
0.6784144
0.8693933
1.1836004
1.1302328
0.6754354
0.6493236
0.8059319
1.0193250
0.8192636
0.7494696
0.9564769
1.1641533
1.2369515
2.2201045
4.0292463
4.8558331
4.1279969
2.9051147
2.1562817
1.6322149
0.6934385
0.6163798
1.4166906
1.4594086
0.6398182
0.3519413
0.4161407
0.4607175
0.6407166
0.8310772
1.1253108
0.9274111
0.5849106
0.6310080
0.6271280
0.8054631
0.8421589
0.6818339
0.6473231
0.8182472
0.6714116
0.5674773
0.6396303
0.9112090
1.3998413
1.0249262
0.5913316
0.7043945
0.8877774
1.5312982
18.2172623
58.4268570
105.0693741
143.3221588
160.3212128
144.1449585
103.3962402
51.1892624
28.5618267
31.6990070
61.7030945
142.1316528
182.2256927
160.0841827
130.8257141
108.5893784
78.8876877
55.3053970
38.2642670
19.9407978
43.7751808
68.1377029
75.4744339
75.7139740
58.9085808
21.5870934
16.0349522
37.7988968
44.9801178
37.9037933
30.5918045
31.6183109
62.0726662
105.9543152
129.4078064
147.6471405
136.6339722
92.9039459
23.9630470
31.8655090
32.3565903
10.6084023
34.5635262
51.6793709
33.5804253
16.6628857
7.4605155
6.3567252
16.6679173
31.6909447
30.0857296
19.6463261
10.9549046
17.7494011
50.4166718
60.3299522
45.0733681
29.4667091
18.4206333
21.5823689
30.1622849
34.0800743
33.9909286
38.5822983
40.0786819
31.0019588
19.7639408
9.6140194
17.8425674
16.3393517
12.0825377
10.2866421
9.8108368
8.9408369
8.8809662
9.4465771
8.4231157
6.1116977
5.4948788
4.2916675
2.4680183
5.2492847
5.6039686
5.1338682
12.3011751
19.9698582
16.4305534
7.6641655
6.8402476
7.2911091
6.8389220
3.9420280
1.4904221
0.5757214
0.6143486
0.6142766
0.9314375
0.8560111
0.6428402
0.6169899
0.8950521
1.2265265
0.9010904
0.5261722
0.5470975
0.5962200
0.9327947
0.7879615
0.6833989
0.7714685
0.7332625
1.0374911
1.2840006
1.4122969
1.2667934
0.8579195
0.5914384
0.6314878
0.6222625
0.6129116
0.6698028
0.6096901
0.6471776
0.8031141
1.1940768
1.3579054
0.9310429
0.5707669
0.5180776
0.6396696
0.9907144
1.1128079
0.7878225
0.5834248
0.5655726
0.7354414
1.2703531
0.9791242
0.5352018
0.5011131
0.5111907
0.5043039
0.7134654
0.7385372
0.6846995
0.6779492
0.5921682
0.7146841
0.8313876
0.8163621
0.8017381
0.9938891
1.4137800
1.3615682
1.0542969
0.6583317
0.5189201
0.5913087
0.6241020
0.5657155
0.6472939
0.6448157
0.5868021
0.6615292
0.7989047
0.9952023
1.0592234
0.9575971
0.7524656
0.5354590
0.6145338
0.7495559
0.7701924
0.5966154
0.7144199
0.9858438
1.0977399
0.9497977
0.6104811
0.5950372
0.9734597
1.0059128
1.0344263
0.8009198
0.5075327
0.6829728
0.7633641
0.5763271
0.6469111
0.7798216
0.9764806
1.0526595
0.9358122
0.8244170
0.6470786
1.9136024
5.1226935
12.4908161
32.6449471
56.9010963
60.4204178
37.3755722
11.9479742
9.5252647
8.6195087
7.6651363
5.7381306
5.1474805
5.9758320
6.4129639
9.7941818
35.3932648
89.3436813
135.6790771
133.7089691
85.1550446
59.8895760
47.3206215
52.8207016
86.0274811
87.3973846
63.3064613
40.6679993
18.6659031
10.3449936
26.3976402
55.3129196
78.9426804
74.3788681
50.3777580
32.9296188
25.3283634
19.5176830
12.3401337
21.0616932
18.2527733
11.7126026
23.9448433
24.4269009
16.5148773
8.5226765
4.8366032
3.1223593
2.8990393
5.4103594
10.5691252
11.0232573
7.5331407
3.7041020
1.7769881
1.0915747
0.7636379
0.6109249
0.6942632
0.8503103
0.8260356
0.6510991
0.8060193
0.6346386
0.7104359
0.7703431
0.9035757
0.7310877
0.8472262
0.9192477
0.9335744
0.8686747
0.7308899
0.4760580
0.4457621
1.1445608
3.8144083
7.9623880
11.4322777
13.0865059
13.0859299
11.1462717
9.4619246
7.1370039
4.2402058
1.1912341
0.2342134
0.2670552
0.3152636
0.5224561
9.7957287
46.4010773
95.2489700
114.6034012
96.8158875
83.8975372
86.0720062
105.6271439
108.6640854
113.1438828
114.1767120
105.8800812
102.4900360
104.3796310
95.0113754
73.6137772
33.9619904
24.9497623
68.5648346
71.6575165
83.7286224
107.5057602
138.5536346
156.0853882
126.3190079
63.4600220
19.5865173
6.0674963
2.5890005
1.4161348
0.0511907
0.0808596
0.2806709
0.6224107
0.8692880
0.9450082
1.2088139
3.0681462
4.6854005
3.1514499
0.6418228
0.2986801
0.5292172
0.8764415
0.7326129
0.7620680
0.8186954
0.8979080
0.8621979
0.7071065
0.7962366
0.8965558
1.0649204
0.9611886
0.8152372
0.6893954
1.4869927
6.1245823
10.1142464
9.3629818
23.9610062
57.3836136
77.7857666
66.3364716
36.4618340
29.2657604
25.3998871
13.5949535
14.9227905
27.5010357
19.8498192
21.6939507
37.6391296
48.9906654
36.7465363
23.5069103
17.7633209
8.7122364
6.0710778
5.5482650
5.8328056
6.8367066
5.2185564
3.1254067
2.2072453
0.9800528
1.0939472
0.6766996
0.5316223
0.5538449
0.7183194
0.7763847
0.8667826
0.6496155
0.6043897
0.7025921
0.7760592
0.6352108
0.6612717
0.8043343
0.6869637
0.7956073
0.8505713
0.9192210
0.9123651
0.8763105
0.7052525
0.7310117
0.7438285
0.5255649
0.5047762
0.5922142
0.7826427
0.7148138
0.5441324
0.5958483
0.5480499
0.6495777
0.7886266
0.7509267
0.7992598
0.8796535
0.9063614
0.8084739
0.6218904
0.7741826
0.8865209
0.7662463
0.5164500
0.4560180
0.6041859
0.6846898
0.7521481
0.7000439
0.5956806
0.6391084
0.8463185
0.8144227
0.7176817
0.7505784
0.7779604
0.7857593
0.5164679
0.5537061
0.9611179
1.1797295
1.5060693
6.4030552
14.8834076
21.8407555
23.9890289
18.1793156
10.3684759
8.4827795
8.8735695
27.9274158
92.2009583
159.5398254
206.7444763
230.0859222
203.6415710
153.5921783
133.0908661
129.9543152
116.4480438
87.1034546
55.7037354
26.3278046
30.1876488
35.9397430
25.5932713
26.2988911
39.7388573
36.7102585
27.1126976
13.1621037
27.3985519
42.0887947
30.3889523
10.3760862
7.7135096
21.7674370
19.2645245
11.7683296
5.4596167
2.5361516
2.6999035
4.1374321
5.6184826
5.3731294
7.5388012
9.0606394
5.9322824
2.3577790
2.3614848
8.7330017
10.4832811
5.4514418
0.9517322
0.3539661
0.3181789
0.3905131
0.4334854
0.5424453
0.8451653
1.2082928
1.2784591
0.8669847
0.5306557
0.6352410
1.4697280
2.2218852
1.9626677
0.7210416
0.4538192
0.4107182
0.4205501
0.6430233
1.0293878
2.7507277
5.1276050
4.7503185
1.5924044
0.6214364
0.6313818
0.9165337
1.1055758
0.8173604
0.7822521
0.7311328
0.5556680
0.5244619
0.7426524
0.8790874
0.9042737
0.9813277
0.6419607
0.4868456
0.5432698
0.6087136
0.6008929
0.6576113
0.8275741
0.9884235
1.2005082
0.9178245
0.5833247
0.6222777
0.7710615
0.7588353
0.6650782
0.6718355
0.8706274
0.8608326
0.7363352
0.6132823
0.7902607
1.0981499
0.9714241
0.7545698
0.7838416
0.6632039
0.6471462
0.5624048
0.7036231
0.7484824
0.8283441
0.7514479
0.5960426
0.7368801
0.8291723
1.0131942
1.1355851
0.6955484
0.6654003
0.6425939
0.7213063
0.9645777
0.9561638
0.7871453
0.7616699
0.9252423
0.6730005
0.6259853
0.8567798
0.9380603
0.9211007
0.7381927
0.6177642
0.7582885
0.8917923
1.3846376
1.2842704
0.8268573
0.6645045
0.6369815
0.7690323
0.8296619
0.8169359
1.1563308
1.3535116
1.8747805
2.0800259
1.5804700
0.8331998
0.4824796
0.5443692
0.5874994
0.6774842
0.7123637
2.6898801
18.1301289
51.7769470
86.1300354
102.7377777
91.5856094
65.5190430
40.8326607
23.5668831
14.0233479
10.5409307
5.3137183
4.3240457
2.2287920
0.8344789
0.4029411
0.2760329
0.5579278
1.2411546
1.4394790
1.3474162
1.7549173
3.0754564
3.4236307
1.8623878
1.8865064
11.3189945
30.7575283
43.0899124
38.4461594
25.0611458
9.9630604
6.3364305
7.4962311
6.7889271
6.5837331
7.6511974
10.5880003
25.6936531
59.1457214
104.2872925
151.3585663
184.3872833
187.7220764
171.6454468
141.6730957
103.6106415
77.3027267
52.3311539
21.0514183
46.6666832
35.5242767
16.8517818
16.9275475
12.6374960
6.3867531
3.7942095
2.7193727
1.7562015
0.9624336
1.6608467
2.4594290
2.1244316
2.2980702
2.6793561
3.7678144
4.8183126
5.0806770
3.9349141
14.1007328
57.7416992
111.0110931
128.0568390
106.6683578
68.4160233
44.6940269
41.8000755
50.8594513
67.8371811
74.4758148
57.8516006
38.7085266
30.5199451
47.4751320
68.1421509
59.6101112
34.9816895
21.5922775
10.9102688
12.2094936
3.4852307
16.6469879
16.3767929
19.6946926
31.3549824
21.5859680
11.2180166
9.8812971
21.4474831
24.9897289
17.5408936
9.6250353
6.1432610
3.5115821
4.3239627
5.8299322
1.5100032
0.2767405
0.2743832
0.3571546
0.6996859
1.0815165
1.2164862
1.1977172
1.2962180
1.5618790
1.5079052
0.9769633
0.7067112
0.8468328
0.8657438
0.7324114
0.5440384
0.4788929
0.5210214
0.7461374
1.0631640
0.9611267
0.5882455
0.6238112
0.7381418
0.4803861
0.5682157
0.8068718
0.9110790
0.9153596
0.6794773
0.7734672
0.7837386
0.7796359
0.8180431
0.6885761
0.5153270
0.5457352
0.6137367
0.7399481
1.0549693
0.9933876
0.8649146
0.8776029
0.6473921
0.4583149
0.3956871
0.5252336
0.8642879
0.8511109
0.6061349
0.5187919
0.5762165
0.9967595
2.0993156
3.0098994
2.5128717
1.4853555
1.8572394
3.5082357
5.0607615
4.8291821
4.4131889
5.1820240
5.8966966
7.0625086
9.1231441
22.5642166
46.3572693
60.6874886
58.1064224
55.1050987
58.5296478
67.7073441
74.2045593
62.8062782
43.1808319
28.6166267
28.5696754
51.2097206
50.0555000
28.3465805
3.2651186
14.7240829
15.1126671
8.6384926
27.2059097
22.9648685
12.7273226
4.6891041
13.4836922
16.7889595
17.8449612
14.9387817
6.6841555
2.7101543
3.6616397
3.9663239
6.5248194
9.4294472
12.4124947
16.3302879
23.1036987
32.9741821
38.9008255
37.2534256
32.1460953
28.9234581
33.0147934
37.4873352
38.0889511
32.3354187
35.5987434
40.9656487
34.9964714
33.2334747
42.5446777
52.0358734
47.6190033
44.5505943
43.7340012
43.4616928
43.8010368
34.3594666
19.4390488
13.5019207
22.5848160
19.5918751
13.5244360
8.9042664
6.4336977
5.0600920
4.2541752
5.5705767
9.0039091
9.7583284
7.4552288
3.9867282
3.6575868
6.0940509
5.8710313
3.0773857
1.1151283
0.6301354
0.5055764
1.4496820
4.0253267
6.7712693
9.4578371
11.8603821
12.2729321
9.9243679
7.4956789
5.0656805
3.5356016
3.3886995
4.0896425
4.8862891
3.3675532
1.5402894
1.0320442
1.1320032
0.7782792
0.6865210
0.6455540
1.1673822
1.1129652
0.6559402
0.4360893
0.3816556
0.4603452
0.6813933
0.8167722
0.7545565
0.7872698
0.8260195
0.7905163
0.8772688
0.8059899
0.5716496
0.6267352
0.7183585
0.9454741
0.9798710
0.7879059
0.9986300
1.1208626
1.0015969
0.8529178
0.7572924
0.8545275
1.5152458
1.2234594
0.8742075
0.7862931
0.8592370
0.8688892
0.8779514
0.8912048
1.2088954
1.2711438
2.2809174
3.4038630
2.8447547
1.4398628
0.8240328
0.8223917
1.0983282
0.9611054
0.6151831
0.6740880
0.7108977
0.6314188
0.6698211
1.0144879
1.3720467
1.2579300
0.7917804
0.7366536
0.6133208
0.6741624
0.9066294
2.4729385
14.6571712
33.5772018
39.4128189
23.3668385
5.3440762
0.4006241
0.1528322
1.5589720
16.2327671
42.5793190
70.1468811
96.8236008
114.9255219
104.5277176
82.7741089
99.1881332
164.2720184
185.5792847
169.0646667
143.4351044
122.2835770
105.0138931
97.3415298
71.7562866
52.5576706
94.9377899
97.2501602
116.5460281
84.7795868
55.5618248
28.3157425
15.3372345
56.3318748
53.4813499
35.3331757
19.9970551
11.7455988
18.2055550
26.7829857
28.5956802
27.9909172
31.9879684
35.2209473
29.8870068
15.9314356
9.3904877
11.8467541
11.2987432
10.5604963
8.7138844
6.5524683
5.1424575
4.1546040
1.9700019
0.7448201
0.4655532
0.4760336
0.9624352
1.7376885
2.0465851
1.6392024
1.3460288
1.3597414
1.5543042
1.8444701
1.8035386
1.3786250
1.1956017
0.9960177
0.8158733
0.7348571
0.8961734
0.8962531
0.6612531
3.4243765
13.8144770
26.2245293
27.2403584
15.2618856
8.2418880
15.3936377
26.6174183
30.5296745
26.4841671
22.4811325
13.0688362
7.9426584
6.0912523
4.1191745
2.4675012
12.7664261
39.3398361
68.3637314
86.1726151
91.5245972
91.3642807
76.9503250
57.6057968
32.4736443
52.6695061
91.9425964
80.0755005
53.2758636
36.1166496
35.8857689
35.0021896
39.9767380
45.8411713
46.2517548
34.2240715
19.3730698
32.3115730
66.8355942
76.0227203
55.4478874
30.3115578
19.9543438
21.4540119
18.5235901
14.0786304
10.6935005
12.7999277
14.0553894
12.6156607
3.6137400
0.9829952
5.6216021
17.3771324
22.7997627
16.8526783
11.2315311
8.1185074
6.8234067
6.2679820
4.8776770
3.5634389
3.5576541
3.4068718
3.3375993
1.5011772
0.6117287
0.5618267
0.6728176
0.7015301
0.7315459
0.6346738
0.6396474
0.5457283
0.8093268
0.7956350
0.8740240
1.0397854
0.7575960
0.5218304
0.4780172
0.5068427
0.8019245
1.2695439
1.1591862
0.7661269
0.6255127
0.8750738
0.9144478
0.9418548
0.8837488
0.7565450
4.2366705
40.3026543
104.9229431
139.4465942
118.7206497
72.4440689
56.5544167
37.0479622
16.5902634
10.3242588
31.3905334
41.6883163
36.1575623
21.8418655
14.5342827
16.3115845
19.1049652
18.1714725
17.4725990
18.0554008
20.2253227
46.5738602
90.8210678
103.3938751
65.8649673
25.6948414
11.1254930
10.1056690
7.6517925
7.9240818
14.4696016
16.6104336
9.6921053
4.6726418
5.4112911
8.2896957
11.6168480
11.0686588
9.2269592
7.0530052
5.9079676
3.6348951
2.3650413
1.6697863
1.1637410
0.7844825
0.6836827
0.6996278
1.0221463
1.0333941
0.8024111
0.7110303
0.5828199
0.5023809
0.5000377
0.6188616
0.9214158
1.1733634
0.9819402
0.6110631
0.4599077
0.4630217
0.4918168
0.5841792
0.9250351
1.0056747
0.8077450
0.9238748
1.0056401
1.0000287
0.9855195
0.9732327
1.1532975
1.4901744
1.5001245
1.1509700
0.7099933
0.7275423
0.9182626
0.9816403
0.9268556
1.1358773
1.0487095
0.9565612
0.7349124
0.6990021
0.7542850
0.9604746
0.8805080
0.6050518
0.5656312
0.6786215
0.9932095
0.9977847
0.8141927
0.6244231
0.8570857
0.8149235
0.9542782
0.9910839
0.9951313
1.0307140
0.9054414
0.7316759
0.6437180
0.6580578
0.6418130
0.8731343
1.0315371
0.7824279
0.5826065
0.6840479
0.7480858
0.6046132
0.6095980
0.5104187
0.6712881
0.8013364
0.6986654
0.6406050
0.6948164
0.7951422
0.8813970
0.8042588
0.7744949
0.8113083
0.9810681
1.0517597
0.8639915
0.7447833
1.0227063
1.1271970
1.3269151
0.8085644
0.6570764
0.5033368
0.6324424
0.6826939
1.0082576
1.2162335
1.5563531
1.5693122
2.2302232
4.5586691
5.5037241
3.6257317
1.7927840
2.6085043
3.3138607
2.7169807
9.2423820
25.4851036
45.6102486
70.5153961
94.2119217
102.3697510
97.8985519
93.8289871
96.8996887
88.6369553
94.2131653
132.5870667
132.3147583
109.8905869
91.3949585
86.6772156
83.5023499
78.9498901
48.6395569
16.5930271
4.2801609
1.6059854
1.3081586
0.2520814
0.3004686
0.4281520
0.8346543
2.5028288
2.7264884
1.0781590
0.6720045
0.5594604
0.4590508
0.5656164
0.6190165
0.7999077
1.2739146
1.2557551
1.0612025
3.9647150
52.7529259
153.9479370
243.8056488
271.7709045
218.5878296
128.2051544
62.3470650
36.3125877
25.6983109
13.3794765
30.2433510
88.1537704
158.9674683
214.8586731
213.0016632
157.3020782
97.5433350
75.4332352
77.6125412
96.0501099
98.6398468
88.7446747
73.2438736
65.9570236
70.7122955
84.6633148
135.7088165
134.6838989
79.7233505
52.2680283
42.2461891
22.5721970
34.1434402
35.3728065
17.4738464
30.0154152
39.1428375
37.8797073
44.0157967
36.7800827
25.3530045
32.7148476
40.2085419
41.9832039
53.9147034
74.3033600
88.0320892
72.2484360
30.7713375
14.3341236
11.5618486
10.1688814
11.8105907
31.1402359
47.1234245
48.2664719
44.9158287
32.6944237
15.1034269
7.7544403
8.5630283
12.7977896
10.5591450
13.3090000
53.9544029
99.3516006
101.1378479
59.0599136
35.5386200
18.8646908
47.3577423
86.2787247
79.0659332
68.7845078
74.8215179
94.5462265
97.1962738
86.6229019
86.9374847
83.1801529
58.9385719
31.1644363
14.9091406
36.1375923
32.5030365
18.2699623
12.6200619
16.5573063
19.6911983
25.4130592
22.3902760
16.8728752
9.2792034
3.0430763
0.9929070
1.3354938
2.0494483
2.5270753
1.8968377
1.8286355
1.6707315
1.3917406
1.3748188
1.3609766
1.0431454
1.2155557
1.1096061
1.1156201
1.1310278
1.1640694
1.1665089
1.0650425
0.9595306
0.8172171
0.8872802
1.1906548
1.4175309
1.2177188
1.1632992
1.2772311
1.1229229
1.0199541
0.9277908
0.9671545
1.0437680
1.0215484
1.0216269
0.6521467
0.5922059
0.5382204
0.5344085
0.7463495
0.9348585
0.8280050
0.7005202
0.6723609
0.9038045
1.2447498
1.6977706
7.4432316
19.5103130
27.9404831
23.5245743
14.8473902
8.0435066
3.4888015
9.2190971
21.6285706
35.1744537
46.8456421
56.5238304
62.4937019
63.4048615
62.0103226
61.5026894
61.6461372
58.1731834
50.8449593
39.6800308
24.8564110
8.3941021
18.4991722
14.8451986
5.2720680
19.5144920
26.7493572
20.7928028
7.4524879
19.8889599
23.7491264
24.2100391
22.0701599
19.8834877
15.5837660
11.4538145
7.1918058
9.4902029
12.2126122
9.6178961
4.9558582
17.1082096
21.2573261
15.1823578
7.9940248
21.7575073
35.7763290
41.2236099
48.9644318
50.1445503
44.0519600
35.2670364
31.1815586
35.7690697
54.6051750
57.0251846
53.8753510
57.9035072
59.5678291
55.9165077
47.4945602
32.6604805
20.0843544
10.2475834
11.4610424
14.3196411
12.5729446
16.2319164
18.1201687
13.8160057
7.3226767
4.8960762
6.9400086
10.1978855
11.8052626
9.0669460
6.4393263
4.4262142
3.3942528
2.1850924
2.1666882
2.4082854
2.8854156
2.7309558
3.9112997
4.3557744
3.8610024
2.2570124
0.6541525
0.6196932
0.5377314
0.9720094
1.2271278
1.0556636
1.0557083
0.9910814
0.8483616
1.3300661
1.7535050
1.6949673
0.9500209
0.6770637
0.6721730
0.9473656
2.3082900
3.5448570
3.0681739
4.2107639
9.6417284
17.4141769
21.0193615
16.1545773
6.0749855
1.1596657
0.7950585
0.4992234
5.7762556
20.1488419
24.3838234
16.1990223
8.6736479
7.7599401
6.4287519
5.3395834
10.3455744
32.6228027
65.2752075
85.0054398
93.5088196
112.0692673
127.0589752
120.4181976
105.2303848
97.9065247
89.3638458
61.5827637
52.3705750
82.9010849
56.1808739
42.4812775
36.8984947
56.9902229
83.4738846
83.4291382
60.9250832
48.9655418
83.5193329
62.4208908
43.6594543
34.0606880
46.8144379
48.7267075
32.3018951
21.7096615
13.3396282
8.5363579
12.4065456
15.6944714
13.7481241
15.1280146
14.4607506
7.0353193
3.2151241
2.8567624
3.5854402
7.3417106
12.5157709
11.9319696
6.9978032
3.4934833
0.7335852
0.4273297
0.3301085
0.5849888
0.8648031
0.6248381
0.5153605
0.8483921
1.1734273
0.9207455
0.9288042
0.9660998
0.9080456
1.2053196
1.4988760
1.3292289
1.0752976
1.0420598
1.1323197
1.0250124
1.2569809
2.4935989
2.8277164
1.4099276
0.4642028
0.5395266
0.6942962
0.7249473
0.6724571
0.6862187
0.8901564
1.2791623
1.1278996
0.6858945
0.6881660
0.9243228
1.1177067
1.0103512
0.6764812
0.5444365
0.5042913
0.6704144
1.2208343
1.4635824
1.0871909
0.5922263
0.4655285
0.6763330
0.8462994
0.8445736
0.8903640
0.7337878
0.7558920
1.1581277
1.2097100
0.9223251
0.7194639
0.8044215
0.5873096
0.6604518
1.1637558
1.1263676
0.9848312
0.7973348
0.7759154
0.9055500
0.7833447
0.5573874
0.4950975
0.6219691
1.0444725
1.1304804
0.8530997
0.5891248
0.6883293
0.7514588
0.6560038
0.6735731
0.6813315
0.6825355
0.8077042
0.6394314
0.5613929
0.4871159
0.5070490
0.8230379
0.8537636
0.6611359
0.4937922
0.5953268
0.7330172
0.9524677
0.8452673
0.5838625
0.6108418
0.8137784
0.7344760
0.6165867
0.6753570
0.9647990
1.0187743
0.7514264
0.6516950
0.9289510
0.8013254
0.7258050
0.7679960
0.7277582
0.6961964
0.7363012
0.8065346
0.7846910
0.8416039
0.9155392
0.9277676
0.6701005
0.6471295
0.7163390
0.5843667
0.6172417
0.6650524
0.8524016
0.8964343
0.8600589
0.6729604
0.5851284
0.5813528
0.7688668
0.8286424
0.6859915
0.5328262
0.6171913
1.5212592
3.9119711
9.7594252
16.7873077
16.0379181
7.5249720
4.7197824
6.6415968
12.3414164
18.1726780
26.1752033
43.5249481
68.6591568
81.9464874
91.5081940
104.0685577
116.6550369
105.8189392
84.7324448
50.1070557
57.6513481
61.8412743
50.5464973
67.6770248
95.9927292
92.0870056
72.7630463
49.4031105
20.2386913
7.8480477
6.4178677
11.0474701
10.9347429
5.0056024
3.9087217
4.6420827
3.4586532
1.8320647
1.8878860
3.0000167
2.6741667
1.1911089
0.7737403
0.5142798
0.5029141
0.7123971
1.0267844
4.8504000
21.1651497
52.7337341
85.3578339
110.7584076
135.3349152
161.2025757
167.8438416
155.2818146
130.0279541
110.9258118
64.1722183
96.4502106
95.6122971
47.0224800
17.4175739
19.1949921
21.6318207
19.0241680
17.1054420
20.9058533
27.7907467
35.7137680
26.6458015
21.7273922
14.0872898
6.7267594
4.8695669
13.0224495
25.2984562
31.3402233
30.1093445
25.6020985
18.1976700
11.3640156
9.9004507
8.7353191
11.0856838
14.6873360
13.1027699
11.2900229
20.7592354
26.9346523
20.6127644
13.4780931
6.6115837
1.7011453
1.6313984
2.4513025
2.2696791
1.6603454
1.0670404
0.7460010
0.7905162
0.9208429
0.8325088
0.8134756
0.8920721
1.0210782
0.8531181
0.7975155
0.8505368
0.7281959
0.6622902
0.7431887
0.7846164
0.7441353
0.7256914
0.7158947
0.9376641
1.1365209
1.2257272
0.9990026
0.5771932
0.5044888
0.6810168
0.7310928
0.9347341
0.6952931
0.5366904
0.6935581
0.9486312
0.8542647
0.6170454
0.4935747
0.7015582
0.8106680
0.7464107
0.7969254
1.1547678
1.3392789
1.0866326
0.7882234
0.9222742
1.2361557
1.2199337
0.8930128
0.7192966
0.8517475
1.2445188
1.3512925
1.3333336
1.2613885
0.7901268
0.8509428
0.8365670
0.8692424
0.7915803
0.8325060
1.0486977
1.0952981
1.0468647
0.9789362
0.9598879
0.8579222
1.0846227
1.3160895
1.2266674
0.9291500
0.8900406
0.8923426
0.8245797
1.0323764
1.4517181
1.6583799
1.4305638
1.1736530
1.0705317
0.9720989
0.7607826
0.7845789
0.7233913
0.6841170
0.6547780
0.6397132
0.6841929
0.8817763
1.1578120
1.7503612
1.9351892
1.3035457
0.9106756
1.0641869
0.8796080
0.8738341
0.7909544
0.7115005
0.6502208
0.7037964
0.8087556
0.7156956
1.0815793
1.1056244
0.8615081
0.5505498
0.5680046
0.9554857
0.5810738
0.6564283
0.8408060
0.7365648
0.6749180
0.8172771
0.9605346
0.9089508
0.7835323
0.7601354
0.8150769
0.6935891
0.6939811
0.9322406
1.3437657
1.0707964
0.7088876
0.5965724
1.6653646
8.6052608
18.5748749
21.3367691
19.1184673
19.3962135
19.6805496
10.2781858
4.0096064
4.7738929
7.6404943
13.9128666
31.1899586
66.2816467
116.7534103
166.5380249
202.3813477
232.0063171
275.0582581
281.0671387
213.0366669
130.5851440
62.6405258
92.5301361
123.7996216
99.2914886
97.9591980
129.0580902
141.2077026
116.1524429
89.6026459
74.0476761
65.0648193
68.6038818
79.8803635
92.7909393
95.4641495
78.9565735
41.7330399
8.1344423
0.6990864
2.0134890
7.9061503
9.6751575
1.0416000
1.2349908
8.7147541
22.6045437
23.3280430
19.7944889
23.5461559
21.8557835
13.5156317
8.2113028
9.1067829
8.2396355
6.8895879
4.4528723
2.5284479
2.1610641
4.3888121
8.6161633
14.2005882
17.0825558
19.5200710
20.2511387
18.1021805
15.5459929
15.9242859
18.8502026
20.7820282
20.6126976
16.1735554
7.7400498
1.9448769
0.7388087
8.9551535
55.6050415
114.0926666
116.7719727
76.7607422
48.4806976
38.3524971
39.9955330
40.5649033
34.6388550
46.6036720
79.5396729
97.2693787
87.4178085
77.7878342
78.4997330
83.8393402
90.6683044
101.8499908
114.5038376
125.4240646
133.4492493
117.7763901
85.7148361
62.4632492
51.7424812
57.5661850
62.2420044
58.5231743
37.8364563
22.4629002
20.3545856
14.1866312
15.3722305
22.1993580
19.0276375
7.5950384
2.7267091
1.5402489
2.1507926
1.9915518
1.2305470
0.7250497
0.9916120
1.4073178
1.2511747
1.1496754
1.1506159
0.8690487
0.8201135
0.7710502
0.9479370
1.4013929
1.2972370
0.9665504
0.8948444
0.6240072
0.4752300
0.5850150
0.8875449
1.2342323
1.0781220
0.5957040
0.5142041
0.6431782
0.9602793
1.2735133
1.2959133
1.8756185
5.2813168
9.9538746
13.7024536
19.6485729
28.3502254
35.5680008
40.2859802
48.9562035
65.7953796
76.1219177
64.1761627
44.8241806
35.2137260
35.4174538
40.4045334
51.9182739
54.4758224
43.1886635
34.2183495
28.7371254
27.1703091
26.6455936
26.3492432
24.5454311
33.8597641
60.8486252
68.5729980
53.6798668
37.5335960
25.5730515
15.5950584
20.1448383
34.2041779
48.0858002
51.4182129
43.5387077
39.1860275
29.3355656
24.5783882
29.5940704
27.3509426
88.2088852
149.1783142
142.6960754
73.2947769
18.8622322
20.7606087
29.3719425
33.3581009
31.2080383
30.1614189
31.6125889
26.3385029
17.0409603
13.8415852
13.8210106
13.1073685
11.7779341
12.0067968
30.9801731
63.9538994
78.2790527
61.8133812
39.2970314
43.8195839
64.6055832
70.0843201
57.3999405
58.7360306
65.5135117
61.6841545
68.4135742
69.8012848
67.3308487
73.3476562
72.9897537
59.8793793
42.6393280
17.3310909
64.7904739
58.8668518
31.2595596
58.0463600
93.7944336
73.4826889
48.2038345
22.2524662
26.7715664
31.7720547
52.1300850
72.0895691
69.7266922
49.9479065
22.9766426
47.6015663
50.3440742
18.2318954
38.7447319
35.5636673
21.5287437
50.1680222
49.4748840
31.8133106
16.6597042
10.7015362
7.5055776
16.7683258
30.7293720
19.1649303
9.3683710
4.2859859
1.8850827
1.9636728
1.8277620
1.0122710
0.6530726
0.4493298
0.4000772
0.6141840
0.9289244
0.9945127
0.7549772
0.6065681
0.5899037
0.6049860
0.6528032
0.8097994
0.8437567
1.0287442
1.0829045
1.0748194
0.9766623
0.9364535
0.7017564
0.5997797
0.8310002
0.7522408
0.7613610
0.7734299
0.8541639
1.2865398
1.3068693
1.1439414
1.1435201
0.7534669
0.5900072
0.5652444
0.5821933
0.8343230
0.9451498
1.3592999
1.8853196
1.9490176
1.3625615
0.9938140
0.6410910
0.6799958
0.6587873
0.7701519
0.6593186
0.8469846
0.6870375
0.5960283
0.5353292
0.5775610
0.6539962
0.7759145
0.6933007
0.6152345
0.7171804
0.6896946
0.7202596
0.6081848
0.7029723
1.3336416
1.7400987
1.3933575
0.6419444
0.5201132
0.6233712
1.0776142
1.1003659
0.9176139
1.3600698
1.1437066
0.9086862
0.7204342
0.9306450
1.0155140
2.0590093
20.9453983
68.3353882
111.8218842
109.2000427
68.4476242
44.4715042
42.8969650
50.2617645
72.3748779
97.9821548
94.5714340
82.3257294
68.3828278
55.0197334
31.0083332
19.4207478
18.7056770
22.4845352
39.0937958
62.6969376
78.9339676
74.2001114
41.7747040
15.1883335
5.7378607
2.3873403
1.4270210
1.8065143
5.3502960
30.7833672
63.1159172
70.6390839
50.6307526
34.2718887
30.7288437
48.1050262
44.5542908
23.6306324
17.0375824
14.8342161
10.7256508
5.3032427
12.3615189
11.7716150
12.5659637
19.4526978
23.4909325
22.5819340
14.6663895
9.5046825
11.2637863
12.1678486
9.7310333
7.7571397
7.1297693
5.3553896
3.0502701
5.3299751
10.9220915
13.8738575
12.5972347
11.5951204
11.4158916
15.9084587
21.9116745
21.4326000
18.6896133
16.5097885
14.6091337
14.4423571
16.0773392
9.6893034
1.8768961
3.5065315
5.5119085
2.9335675
1.6720998
0.7269102
0.8158925
1.2043679
1.8527917
1.3162309
0.8618025
0.7636659
0.7380844
0.7780402
0.6665937
0.5697553
0.7231169
0.7972994
1.0185080
1.1644658
1.0752933
0.7970812
0.7502384
0.6897848
0.6126279
0.5033841
0.7944373
0.6135479
0.5223649
0.6305481
0.9051996
0.7806660
0.6572217
0.5885769
0.6883301
0.8164066
0.8786529
1.0013473
1.0521445
1.5672373
2.0553145
1.9626106
1.3601302
0.9335970
0.6859974
0.7045379
0.6834339
0.7732211
0.8357618
0.7170869
0.8823996
1.0701792
0.8716195
0.7552642
1.7434237
3.3073838
3.2586010
1.1771297
0.4707156
0.5462738
0.5379445
0.7343946
1.0430529
1.2870085
1.2834487
1.1085867
0.9037564
0.6813322
0.6197804
0.9723764
7.5246978
21.3350296
32.8532028
37.0018082
35.6919708
33.9935112
35.8103218
41.0774422
44.6363945
40.7673264
35.0314407
25.7683449
25.5365295
27.0415058
11.5909243
24.5720749
24.3773232
17.5463505
17.2380123
16.3476162
13.5669613
9.9761868
7.9179373
8.6593819
10.1531353
11.5057631
14.9173050
15.9691029
12.2708855
10.5684185
12.2916584
12.4220238
9.8158264
7.4106526
5.0904875
3.3903749
3.3246956
4.6255469
5.0848279
3.4399252
2.8195381
3.5405064
4.1250482
4.4271221
3.8601444
2.9550686
1.7854211
1.0843983
0.8777764
0.6989443
0.7122416
0.9053055
0.9108356
0.8896853
0.9145406
0.7309021
0.5401002
0.5297546
0.6167969
0.5941547
0.7152411
0.9845509
1.0742712
0.7887277
0.8485475
0.8658376
0.7903582
0.8411216
0.8363017
1.0114568
1.1522665
1.4719714
1.4959511
0.8123709
0.6081975
0.8787261
0.9276983
0.8567079
0.9179683
1.0250678
1.1890681
1.2828631
0.9971752
0.6444957
0.0905065
0.0078392
0.0000193
0.0000000
0.0000000
0.0000000
0.0000000
0.0000000
0.0000000
0.0000000
0.0000000
0.0000000
0.0000000
0.0000000
0.0000000
0.0000000
0.0000000
0.0000000
0.0000000
0.0000000
0.0000000
0.0000000
0.0000000
0.0000000
0.0000000
0.0000000
0.0000000
0.0000000
0.0000000
0.0000000
0.0000000
0.0000000
0.0000000
0.0000000
0.0000000
0.0000000
0.0000000
0.0000000
0.0000000
0.0000000
0.0000000
0.0000000
0.0000000
0.0000000
0.0000000
0.0000000
0.0000000
0.0000000
0.0000000
0.0000000
0.0000000
0.0000000
0.0000000
0.0000000
0.0000000
0.0000000
0.0000000
0.0000000
0.0000000
0.0000000
0.0000000
0.0000000
0.0000000
0.0000000
0.0000000
0.0000000
0.0000000
0.0000000
0.0000000
0.0000000
0.0000000
0.0000000
0.0000000
0.0000000
0.0000000
0.0000000
0.0000000
0.0000000
0.0000000
0.0000000
0.0000000
0.0000000
0.0000000
0.0000000
0.0000000
0.0000000
0.0000000
0.0000000
0.0000000
0.0000000
0.0000000
0.0000000
0.0000000
0.0000000
0.0000000
0.0000000
0.0000000
0.0000000
0.0000000
0.0000000
0.0000000
0.0000000
0.0000000
0.0000000
0.0000000
0.0000000
0.0000000
0.0000000
0.0000000
0.0000000
0.0000000
0.0000000
0.0000000
0.0000000
0.0000000
0.0000000
0.0000000
0.0000000
0.0000000
0.0000000
0.0000000
0.0000000
0.0000000
0.0000000
0.0000000
0.0000000
0.0000000
0.0000000
0.0000000
0.0000000
0.0000000
0.0000000
0.0000000
0.0000000
0.0000000
0.0000000
0.0000000
0.0000000
0.0000000
0.0000000
0.0000000
0.0000000
0.0000000
0.0000000
0.0000000
0.0000000
0.0000000
0.0000000
0.0000000
0.0000000
0.0000000
0.0000000
0.0000000
0.0000000
0.0000000
0.0000000
0.0000000
0.0000000
0.0000000
0.0000000
0.0000000
0.0000000
0.0000000
0.0000000
0.0000000
0.0000000
0.0000000
0.0000000
0.0000000
0.0000000
0.0000000
0.0000000
0.0000000
0.0000000
0.0000000
0.0000000
0.0000000
0.0000000
0.0000000
0.0000000
0.0000000
0.0000000
0.0000000
0.0000000
0.0000000
0.0000000
0.0000000
0.0000000
0.0000000
0.0000000
0.0000000
0.0000000
0.0000000
0.0000000
0.0000000
0.0000000
0.0000000
0.0000000
0.0000000
0.0000000
0.0000000
0.0000000
0.0000000
0.0000000
0.0000000
0.0000000
0.0000000
0.0000000
0.0000000
0.0000000
0.0000000
0.0000000
0.0000000
0.0000000
0.0000000
0.0000000
0.0000000
0.0000000
0.0000000
0.0000000
0.0000000
0.0000000
0.0000000
0.0000000
0.0000000
0.0000000
0.0000000
0.0000000
0.0000000
0.0000000
0.0000000
0.0000000
0.0000000
0.0000000
0.0000000
0.0000000
0.0000000
0.0000000
0.0000000
0.0000000
0.0000000
0.0000000
0.0000000
0.0000000
0.0000000
0.0000000
0.0000000
0.0000000
0.0000000
0.0000000
0.0000000
0.0000000
0.0000000
0.0000000
0.0000000
0.0000000
0.0000000
0.0000000
0.0000000
0.0000000
0.0000000
0.0000000
0.0000000
0.0000000
0.0000000
0.0000000
0.0000000
0.0000000
0.0000000
0.0000000
0.0000000
0.0000000
0.0000000
0.0000000
0.0000000
0.0000000
0.0000000
0.0000000
0.0000000
0.0000000
0.0000000
0.0000000
0.0000000
0.0000000
0.0000000
0.0000000
0.0000000
0.0000000
0.0000000
0.0000000
0.0000000
0.0000000
0.0000000
0.0000000
0.0000000
0.0000000
0.0000000
0.0000000
0.0000000
0.0000000
0.0000000
0.0000000
0.0000000
0.0000000
0.0000000
0.0000000
0.0000000
0.0000000
0.0000000
0.0000000
0.0000000
0.0000000
0.0000000
0.0000000
0.0000000
0.0000000
0.0000000
0.0000000
0.0000000
0.0000000
0.0000000
0.0000000
0.0000000
0.0000000
0.0000000
0.0000000
0.0000000
0.0000000
0.0000000
0.0000000
0.0000000
0.0000000
0.0000000
0.0000000
0.0000000
0.0000000
0.0000000
0.0000000
0.0000000
0.0000000
0.0000000
0.0000000
0.0000000
0.0000000
0.0000000
0.0000000
0.0000000
0.0000000
0.0000000
0.0000000
0.0000000
0.0000000
0.0000000
0.0000000
0.0000000
0.0000000
0.0000000
0.0000000
0.0000000
0.0000000
0.0000000
0.0000000
0.0000000
0.0000000
0.0000000
0.0000000
0.0000000
0.0000000
0.0000000
0.0000000
0.0000000
0.0000000
0.0000000
0.0000000
0.0000000
0.0000000
0.0000000
0.0000000
0.0000000
0.0000000
0.0000000
0.0000000
0.0000000
0.0000000
0.0000000
0.0000000
0.0000000
0.0000000
0.0000000
0.0000000
0.0000000
0.0000000
0.0000000
0.0000000
0.0000000
0.0000000
0.0000000
0.0000000
0.0000000
0.0000000
0.0000000
0.0000000
0.0000000
0.0000000
0.0000000
0.0000000
0.0000000
0.0000000
0.0000000
0.0000000
0.0000000
0.0000000
0.0000000
0.0000000
0.0000000
0.0000000
0.0000000
0.0000000
0.0000000
0.0000000
0.0000000
0.0000000
0.0000000
0.0000000
0.0000000
0.0000000
0.0000000
0.0000000
0.0000000
0.0000000
0.0000000
0.0000000
0.0000000
0.0000000
0.0000000
0.0000000
0.0000000
0.0000000
0.0000000
0.0000000
0.0000000
0.0000000
0.0000000
0.0000000
0.0000000
0.0000000
0.0000000
0.0000000
0.0000000
0.0000000
0.0000000
0.0000000
0.0000000
0.0000000
0.0000000
0.0000000
0.0000000
0.0000000
0.0000000
0.0000000
0.0000000
0.0000000
0.0000000
0.0000000
0.0623241
0.5589846
1.4686507
2.2401412
2.2233324
1.3549782
0.5368816
0.4603362
0.6133305
0.7344316
0.7674413
0.9202876
1.1422700
1.3049450
0.9267879
0.6694146
0.5764904
0.9334364
0.9014976
0.8135334
4.2871356
35.5012131
92.3591461
123.5498962
110.8881683
93.4691849
93.0867844
96.2322388
105.2106781
113.8201904
110.1021652
108.5885086
99.5805511
81.0792313
63.4783287
47.1062737
38.1419754
39.6241989
56.4957008
51.9260178
21.2166157
14.7055731
10.5669031
12.8172283
20.4752865
17.6345882
15.6848793
20.2232246
20.8439636
14.5409985
12.6972914
12.2197771
8.2840080
2.9382296
0.5259094
0.4355972
1.3140459
11.4096212
33.4386253
48.9868584
47.8751450
33.6238747
26.8426628
32.8854103
41.4550514
45.3308029
46.0774803
45.6032715
44.7886238
39.8685303
34.7353249
28.5240898
20.6955242
8.3248367
4.1412582
8.4741392
6.7745862
5.9852166
9.7941179
9.7330294
6.5314283
9.2224598
10.7905321
6.9347878
3.2484241
6.2886095
8.4820614
7.1299453
5.5773335
4.7913303
3.0515735
4.4934430
6.0346241
6.9998903
6.3574619
6.9064846
5.6584592
4.7679648
4.6631823
4.9128456
5.9791961
7.2004037
7.1464257
4.2291522
2.2401266
1.1531942
0.7344077
0.6474253
0.6605653
0.7251530
0.8712095
0.9565448
0.8716939
1.0473334
0.9151753
0.8425363
0.8493466
0.7663370
0.9598730
1.1800828
1.0028440
0.9320611
0.6498860
0.6047136
0.5795321
0.6595440
0.6066650
0.7347015
0.9574151
0.7383434
0.7893402
0.7872791
0.9622287
0.6515173
0.5488889
0.6413457
0.8088232
0.8725995
0.8170938
0.8309047
1.0155369
0.9736040
0.9799563
0.8663312
0.7767553
0.7602880
0.6014267
0.5521523
0.7071046
0.7887830
0.7937491
0.6825168
0.8268102
0.9763560
1.6375711
3.1653337
3.0615234
1.2846341
0.7330720
0.4169744
0.6540061
0.7077185
0.6456954
0.8132376
0.7374767
0.8018647
0.8940318
0.8071579
0.5056117
0.5971408
0.6372309
1.8106533
3.6245990
3.3442535
1.0049492
0.4135900
0.5017457
0.4326498
0.5741667
0.6730904
0.9821974
1.2588303
1.1358212
0.8664731
0.6759347
0.7070620
0.8002672
0.9635543
1.0383271
0.7398434
0.7608602
1.4279158
2.1680639
1.9375643
0.7785608
0.4189826
0.7707008
1.7674299
2.1326845
1.0002949
0.9397205
3.6159420
8.5694685
10.1276245
12.8942785
29.7134991
44.2194595
39.4663048
26.9117470
17.7737331
19.4502907
25.0879097
20.1452465
17.8598766
16.3832302
15.8912315
14.7706938
11.5321035
11.5884867
17.2575569
17.2402267
10.0844679
7.1757441
9.1146259
9.6955404
8.8595743
6.7393579
4.1202130
3.0714231
2.6777933
2.3117995
1.7530456
2.7235198
6.8431454
27.9664497
97.6205521
184.6371460
225.2511444
188.2198639
119.0426712
70.2207565
39.1848335
17.4070282
12.8948774
22.4302425
45.3636398
44.7270012
22.1211777
28.6781769
37.4201775
16.5216064
33.8889236
62.4200363
59.4269104
47.6888313
33.0849113
22.7202873
40.7233505
38.6008377
21.9675140
14.6679277
22.9677486
35.3817787
48.7994652
38.7056122
19.1932468
29.2578602
34.9008713
14.6970062
26.9443588
42.6741333
31.5357761
19.2443523
8.4314117
8.7007933
14.6450806
13.8190050
4.3251352
2.8169150
4.1047969
4.9447994
8.9272070
11.0115089
10.4504366
8.4707489
4.7581363
2.6578689
2.7553616
2.9369717
2.5117874
1.3694271
0.7662256
0.5105391
0.6230116
1.1162329
1.6557283
1.3648602
1.0718839
0.8337927
0.7682212
0.7505518
0.8112880
0.8479130
0.7500984
0.7197016
0.7994121
0.9931076
0.8843609
0.5934351
0.4664535
0.5635041
0.6877773
0.7971444
0.7289433
0.6256403
0.8736734
1.0262161
1.0332259
0.8119834
0.6813444
0.7260982
0.7452162
0.6735395
0.6435704
0.6656583
0.7658119
1.0699451
1.1009061
0.9194925
0.6539092
0.5614439
0.5949778
0.8883204
1.3510765
1.4369531
0.8893899
0.9555001
1.2100047
0.9087080
0.5520896
0.5533932
0.5257427
0.6068776
0.7163678
1.0310245
0.9024419
0.9239544
0.9266350
0.7933297
0.7828515
0.5757976
0.5966303
0.8384277
0.7955732
0.6496366
0.8428490
0.9775427
1.0464841
0.8039401
0.7908503
1.8873968
8.8517609
19.1029797
23.2652397
21.0906410
19.2592907
17.4954929
11.5994167
9.9424706
7.2384391
2.6746106
3.4498777
6.7911849
9.6210880
17.0614090
28.3793297
31.3833351
22.0112629
14.6716318
15.4940681
13.2982864
8.4345341
7.1412339
9.1939163
8.8889799
3.7040718
1.1147094
0.8206356
0.4143870
2.5293140
29.3803082
72.9559860
99.7884064
97.3958817
89.5659943
72.6274643
57.3275833
54.4234390
52.7817001
45.0549812
39.7965012
38.0501328
43.3180199
41.9906883
30.8835049
19.0923023
16.4717751
26.8069897
22.6827335
9.9269667
4.9478335
11.1950245
53.4182472
72.1565399
61.4419212
46.8274536
37.4787216
36.9188118
27.9843674
14.7193041
21.7001591
25.2885742
15.9682026
4.9650245
3.1326175
2.1155357
0.8445403
0.9836981
1.3445411
1.2664859
1.6020694
2.1105437
1.7982167
1.0717913
0.7044764
0.8909669
1.0204523
0.8759454
0.6451505
0.8339008
0.7189319
0.6682557
0.7136682
0.7978012
0.5193333
0.5425071
0.5813809
0.8196205
0.9234252
0.7885146
0.7031910
0.6853592
0.7460148
0.9962989
0.9924877
1.0518793
1.0572201
0.9822698
0.7575305
0.8323246
1.3437424
1.8789275
1.3007722
0.6081674
0.5209039
0.6810303
0.6349171
0.7661881
0.7777579
0.8888345
1.0492699
0.9592543
0.7312177
0.8735451
1.1801407
1.0369209
0.7261463
0.6684168
0.7285393
0.8071223
0.9567813
0.7811691
0.5822327
0.7385419
0.8417622
0.9576257
0.9986740
0.9350879
0.9912076
0.9300803
0.9424158
0.8040740
0.8767436
0.5490842
0.4879649
0.8818027
1.0380142
0.9244964
0.8964069
1.4982673
6.0884080
11.0043659
8.2078533
0.7749650
0.3965270
0.3762863
0.3185765
0.4778351
4.2879310
27.1762161
63.5237579
80.1489868
60.5329208
36.3723755
22.6016388
18.0414467
31.4142761
51.5343094
53.8963356
53.0324936
68.2670898
83.0988770
63.2171860
44.6192894
43.4861221
31.6120758
12.9244013
4.2278118
0.9675274
0.4718050
2.1964045
25.1576767
83.2075653
134.6632538
131.1739197
80.7748413
46.7413673
38.9349480
51.2120094
78.4663086
93.5063019
93.1572037
85.0988770
70.7330704
52.8374443
34.5374565
19.5055084
22.9700184
44.9278946
60.8870964
64.5786667
63.8416595
57.8190308
43.7335091
23.5296059
11.7819395
19.3097095
13.8906727
4.6086841
5.0054302
11.6639252
20.2933197
24.6252441
16.7452793
6.0039215
1.8950597
1.4205316
1.6090950
1.2152630
0.9722664
1.1426700
0.8816181
0.6674163
0.8237516
0.8840719
0.7679046
0.6695566
0.7249860
1.2048845
1.4603705
1.1493901
0.5831173
0.4092484
0.3896624
0.4433198
0.6026952
0.6853576
0.8072189
0.7356757
0.5934176
0.6180590
0.6725637
0.7404578
0.7473342
0.7359124
0.6963624
0.6830961
0.7375832
0.7640628
0.6266518
0.5327820
0.6091322
0.7849977
0.9419180
0.8727286
0.7160991
0.8399165
0.9893911
0.8777174
0.7748842
0.6325203
0.6082312
0.5873984
0.8226714
0.9756823
1.2924154
1.4002225
1.1663395
0.8120505
0.6465095
0.5385911
0.6813188
0.7297347
0.7943043
0.9787541
0.9500022
0.8208442
0.7975351
0.6812510
0.9498509
0.9091680
0.8324249
0.8714676
0.6908966
0.8623464
1.2476367
1.5627214
1.4512318
0.8074225
0.4416768
0.5669318
0.5768540
0.6955398
0.7162683
0.6662664
0.8939353
1.2248025
0.8966305
0.5884387
0.6887258
0.6566734
0.6734935
0.5668035
0.6015239
0.7938152
1.0448042
0.9638128
0.7676589
0.7602944
0.6518208
0.5935574
0.6160371
0.5719385
3.6139927
14.1301918
25.9304600
35.4728584
45.3574371
51.7366791
52.7329636
62.1308022
79.6847229
80.9770889
74.6710052
69.1720047
62.3779831
64.1521301
71.5160675
88.9244156
107.9938583
111.4482422
101.4631424
83.9997330
74.1148529
78.7407379
82.2628098
64.4812927
36.3679352
23.6308708
24.0487251
25.0188751
23.7679787
21.1508331
17.7074623
10.6287661
3.6467659
1.4139917
0.7509204
4.0466747
12.7640076
9.8628798
2.2187734
1.0703719
1.4357078
2.2481232
2.7899585
2.8588734
3.1694164
4.9345937
14.1995983
43.8739738
75.7346191
79.1737289
52.7701607
31.1083241
14.5028057
11.3237257
23.6627178
25.7137489
24.5699368
24.7118759
28.0716972
30.6798859
26.6040783
16.7436562
7.9920683
2.5737042
3.6379793
9.6587009
10.3293257
9.1993380
6.3140945
3.5063169
1.5578907
1.8378857
2.4431188
2.0978186
1.3996264
1.1936369
0.9146271
0.7861006
0.7521148
0.8675404
0.8871821
0.8327723
0.6974877
0.6312865
0.6765238
1.3089311
1.2617888
0.8909596
0.9341254
0.7219161
0.6533183
0.8893290
0.8221350
0.7831259
0.8094109
0.7151297
0.6683469
0.7313286
0.7609057
0.6183156
0.4964698
0.6367064
0.6708049
0.7462863
0.8536912
0.7603213
0.8363850
0.6027992
0.5533169
0.5011374
0.4458379
1.0561448
1.3467855
0.9354608
0.6924578
0.6864303
0.9587821
0.7319648
0.6012827
0.5883566
0.6757159
0.9381337
0.8773125
0.7197263
0.6643360
0.8214904
0.7726777
0.7478474
0.8315315
0.9349266
0.8670456
0.9410960
0.9292685
0.8333754
0.5894629
0.5645751
0.6471444
0.8943249
1.1290128
1.0050139
0.8944994
0.8070700
0.7698302
0.8821294
0.8540177
0.7504718
0.8650600
1.0126659
1.1469729
0.8238834
0.9376124
0.9282349
0.9938673
1.2320983
3.8708158
10.7394314
19.4225502
25.1852894
24.1965828
16.6767807
12.2614307
18.8491726
38.6717224
57.8858185
63.7577019
57.5122910
45.8512535
29.0390301
19.0712852
25.3850231
20.5235405
13.7327166
13.9800997
18.8980923
32.7259865
49.0738983
57.5716248
57.7424583
51.3045616
42.6271095
39.7363167
45.8320236
51.7258263
45.5657043
20.4277668
3.5328107
0.6635381
0.2103803
0.4584089
0.9047839
5.0519161
29.1700935
71.5758057
105.1694183
113.6741333
95.2789383
67.7561646
43.8369827
35.0917778
44.4575424
71.0990601
85.1466064
74.6645660
61.4891281
53.2449989
44.0029869
32.0532608
37.3352242
104.9336166
116.8900604
82.8231735
59.9681740
54.6942482
43.7534142
39.0558205
44.9283981
51.9144554
52.1540985
40.6424484
42.1092033
70.8610611
99.4280243
92.3510590
56.3703690
35.7680054
26.3168488
21.0208511
16.8375340
11.6733160
4.4661899
3.1554985
4.1712589
1.9532845
1.1234739
0.7295383
0.7926336
1.0113696
0.8908706
0.8873152
1.0642467
1.1836245
0.8517885
0.7372276
0.9206309
1.5257367
1.2484670
1.0113225
0.7239072
0.6759155
0.8230942
0.8681545
0.8743423
0.8949299
0.8309359
0.7812239
1.0934978
1.0308042
0.9604406
0.9343813
2.6842811
10.6969042
19.8812180
23.1785126
19.8583412
17.2025833
14.5810299
10.9966393
8.8723555
10.7803364
13.7535753
15.2301083
8.7627773
1.4367895
0.7452754
0.6628240
1.0505012
0.9491366
0.6410462
10.8248692
53.0074196
109.7212448
148.9412384
158.2939148
138.7164001
115.5756149
102.8952332
108.7134857
113.6450424
102.4894257
80.7819138
53.7680359
38.6926422
19.9123878
95.4819031
180.1508026
183.3956146
134.3381805
78.3159103
46.0211411
26.8390884
15.9458475
8.0636330
15.9317770
28.1825142
36.2398682
40.9442215
42.5439758
40.4900589
35.0954742
25.9493446
14.2791195
11.8812380
13.5794773
10.3888969
2.0062315
0.2308587
1.3079960
3.2851129
2.4077837
2.2645073
5.9496484
6.8095703
1.5777049
0.2664457
0.1539547
0.3473560
0.4455668
0.5981790
0.7947879
0.9825729
0.8931174
0.6471362
0.6739162
0.7554694
0.9562293
0.8806794
0.8583546
1.4452157
2.3012962
5.8610363
21.6396160
36.5956192
27.8111267
2.9789281
0.2818682
0.2373631
0.5720222
0.9539678
0.9359234
0.8726552
0.6601369
0.6466662
1.0351202
1.4910307
1.2836838
1.0794383
1.0639200
1.2127368
1.0520538
0.8555554
0.6156351
0.7619946
0.8336036
0.7973686
0.8026655
1.2638395
1.3991106
1.0394115
0.8973960
0.7804984
0.8407410
1.0000802
0.9478425
0.8639368
0.9741495
0.7346060
0.5780161
0.6973276
0.7440823
0.6188768
0.6443292
0.7499424
0.7077286
0.6715302
0.6689993
0.5382103
0.4770749
0.7572228
1.0507141
0.9851647
0.8848290
0.8072818
0.9865851
1.8076323
2.1019263
1.6913962
1.0539429
1.6803350
3.8496034
4.5970378
2.3296418
1.0105906
5.9793873
21.8606110
40.1325531
47.2321548
36.0044746
15.9187202
2.5672586
1.6383855
4.6371546
14.1515627
21.9958935
24.8962479
56.4856071
107.5295639
124.9276657
101.1047516
92.9314194
121.8208008
156.0009460
160.0617676
160.5554962
150.3340607
130.8110962
99.6116638
62.6873474
26.0670052
57.1015205
121.2689819
93.0432968
32.9713783
10.6252851
7.1924009
9.5746336
14.2157297
47.7532120
85.4331131
112.5925140
119.8301544
91.3249207
50.3438530
25.0416183
20.0734043
24.5531616
22.8768272
19.8641434
16.7126350
20.7756824
44.9550819
72.5807877
91.6415482
86.0890579
73.5446243
65.6616516
89.2553864
87.1125336
73.3351593
67.1866074
71.2741547
73.3950500
71.8331070
72.4584961
63.6579437
55.8553123
48.1329498
61.5221672
71.0963440
53.3076706
23.7926884
52.6966019
52.5080948
45.0621147
61.6311798
39.1931648
18.7692890
10.1903143
4.9510784
2.6019487
3.5222776
4.1294084
1.9152381
1.1211797
0.5557925
0.3537980
0.5650444
0.8687457
1.1828551
1.0455451
0.9918321
1.3044748
4.0435905
8.5633316
11.9961815
13.7120056
15.3407345
16.2043762
16.0912781
14.5777178
24.5959797
51.1451759
66.6904526
57.7219353
43.0430412
48.6499100
60.2073936
75.5305786
99.8719025
111.0310135
115.5179977
112.0088501
105.2915649
84.9186707
70.1922226
55.2910576
40.3359947
19.3801918
17.0074997
44.7593651
40.8590012
19.6699066
13.3292093
28.4978924
25.4657021
21.5811043
28.5022449
29.6682510
26.2253056
28.0460835
25.0950050
18.2577705
25.3384838
47.2618790
60.6701889
55.9619827
42.0215378
33.5511055
37.0184898
53.7469902
68.2554703
77.1908875
80.1957092
77.9534836
77.6518173
73.8332596
65.1083221
54.1604156
45.2575874
39.1432304
35.2151375
26.5212021
13.5723886
22.1188602
49.3135109
47.9327316
33.9294853
22.6146774
15.8774786
15.2693634
16.9359016
22.4667873
31.0796204
36.5447311
32.0646973
26.1447487
26.4288406
27.8093033
24.1374416
15.2424030
6.3281898
1.8340226
0.5610786
3.8225765
15.0443745
25.0758305
30.7473869
28.3714008
23.3381672
18.1928997
16.7808342
28.1971684
49.9295044
66.8715210
79.4664230
95.6870804
111.9248962
120.4477234
116.5523529
107.8048401
94.9298096
76.3695374
57.2740364
47.6947556
34.5658112
44.5270958
96.8323288
105.4635849
98.3248367
104.6022797
113.5132751
108.0437546
87.1819992
59.8817635
32.6883278
13.3705120
8.8723593
17.9453735
27.1107349
24.9320812
14.1023607
7.0816989
2.1229076
1.0191530
2.0453765
3.3985991
7.2765102
9.0640621
9.8103275
8.8074226
6.5839682
5.9882650
4.8862619
4.1924839
4.0075479
4.0209270
3.6827374
3.4713464
3.4786339
2.7219422
1.4663559
0.6782346
0.7576571
0.7835079
0.7363957
0.8463374
0.9018012
0.8081796
0.7283819
0.9628980
0.9924613
0.9727058
0.9946992
0.9521685
0.7531177
0.7003927
0.7848125
0.7853213
0.5467773
0.6376226
0.5468408
0.6830996
0.9470882
1.0309737
0.7688009
0.6781083
0.5771660
0.5259433
0.6237696
0.7740921
0.9860986
1.0027274
0.7531070
0.5042386
0.4792568
0.5331486
0.7053106
0.8178166
0.6770903
0.6228253
0.7393808
0.7065122
0.6924600
0.8071470
0.9321089
1.0561461
0.8974435
0.5663032
0.5138279
0.7213303
0.8527718
0.7147052
0.4723112
0.4985826
0.7818568
1.0929980
1.3328148
1.1172941
0.7838348
0.7005063
0.6300060
0.6599194
0.8539616
1.2368219
1.9790429
2.5571721
1.9658449
0.9101454
0.4532624
0.5649354
0.7094990
0.6420918
0.7194823
0.6992469
0.5897406
0.8437623
1.2927048
1.1163964
0.7147453
0.5066539
0.6296698
1.2732574
2.1893251
3.2481177
3.3918247
2.0160027
0.9828708
0.6677651
0.3470170
0.5207151
0.6153810
0.8947727
1.6234113
1.7905734
1.0248705
0.7277678
1.1093849
1.3577461
1.2338580
0.8940527
0.8754081
0.8668513
0.8144412
0.7711434
0.7636582
0.6474414
0.6284940
0.8219018
3.3274989
11.0033684
16.6613541
13.4374781
10.7824612
14.0269012
14.2203293
10.5060167
11.0672703
17.1223183
20.4142017
19.2055607
17.5131340
17.8073463
18.9205894
18.5826836
13.6164627
10.7670593
16.5578995
28.8448715
37.5674934
34.0218735
33.3760300
40.7309494
45.1627693
56.9710388
76.6144485
98.0199356
101.3784027
66.9182816
28.0255241
18.2024174
15.5268250
15.4520073
18.6381435
18.1931305
13.5275269
7.8728399
3.7765608
0.9057744
0.6994241
3.1896620
16.6996040
29.8678055
31.3192635
22.2739086
8.1588793
4.6038241
6.5073948
11.4872465
9.3695803
4.9208765
1.9194500
2.2555423
9.9201374
16.4463005
15.7845440
15.6811581
12.9882030
9.2518568
7.4050708
5.9211183
4.4531927
3.4083896
2.7863495
2.5932255
1.9468153
1.1189904
0.5578249
0.4320542
0.4633468
0.4133954
0.7393080
0.8932790
0.9340477
0.5171457
0.4506992
0.6318414
0.9271984
0.9103116
0.6194097
0.6402543
0.6784691
0.8661892
1.0283607
3.0006340
9.5444403
17.1714954
18.4478855
14.0874434
14.1933060
17.4003391
19.2222881
19.5125217
18.4702740
21.2366714
20.7355881
14.1928596
21.8487492
37.4323349
68.4660950
104.4956818
100.4159851
54.0649796
20.0612049
11.1954126
15.0808849
16.5006733
15.7895012
13.2388430
12.9291458
13.4145002
12.5687933
10.7512636
8.1421337
7.8398838
7.8199687
7.5398669
7.0853939
5.6237507
5.1381102
4.1579018
4.5221457
4.5295014
3.4133630
2.6866791
2.2703023
2.3182044
2.7204292
2.8417325
3.1460843
2.9485922
2.1444261
1.8197533
2.6040840
8.4966059
17.6984444
20.6178894
11.1038513
3.1220882
0.5104633
0.4712884
0.8642356
6.2172303
22.0857010
26.8041210
13.9727917
3.1293907
2.2449188
2.7141490
2.4716396
1.9487358
1.1213635
1.0612035
1.0666558
0.5535766
0.7410277
0.6801838
0.8328486
0.8664769
0.6794430
0.8820592
1.0257870
1.2632884
1.1057482
0.8560101
0.9658502
0.9230987
1.2728398
1.4376751
1.2991124
1.1428158
0.9624305
1.2907196
1.3150959
1.5405976
1.6235757
1.4979049
1.3674014
1.5006161
1.5296315
1.2766031
1.1928715
1.2848923
1.3585347
1.5121195
1.5416994
1.3960314
1.5562292
1.6431305
1.4892743
1.5950321
2.0974867
2.6374283
2.4767959
1.6574384
1.4763324
1.5327959
1.5846622
1.4825163
1.7221667
1.7078242
1.7845089
1.8635613
1.8702902
1.8658583
1.9684974
2.1169252
1.9807330
1.8122211
1.6572411
1.7144144
1.9480405
2.0163157
1.5586746
1.3794645
1.3080733
1.3394275
1.4192938
1.1409597
1.1077391
1.0189989
1.0977974
0.8516344
0.6565297
0.7673879
0.8335071
0.6399324
0.5529085
0.8314337
0.9019167
0.7558550
0.6873000
0.6953396
0.7450578
0.7787953
0.5083763
0.6206127
0.5580003
0.5690053
0.4648421
0.6535714
0.7381399
0.9085894
1.2645279
1.5551634
4.1292400
16.1637020
39.0433388
60.6772156
63.4488678
50.6104279
39.2266502
28.4562893
20.6466923
18.1985512
21.6853218
30.9648476
30.6693993
17.5628414
16.1998138
17.1970348
17.7100143
14.5507097
11.7152128
12.1762409
11.7566099
17.1184654
19.0647373
18.9896336
23.0548897
27.8977699
40.5497665
49.5574265
45.2934380
24.0759563
5.5924525
1.3539150
0.4869089
0.2586672
0.2970172
0.4657811
2.9367085
15.1448030
38.8196068
61.3013153
68.6975174
58.4144936
49.9958420
41.6135139
36.9174309
36.0268974
44.6361656
44.9637756
42.2316513
37.4739227
30.2684402
22.3254395
14.6740341
15.3633118
38.9362030
74.6192398
94.2974014
89.3915634
71.7157593
63.9960403
53.6127930
32.2891502
14.3849754
5.3314209
1.7833045
0.4994960
0.4671425
1.8263494
8.3497896
13.9870968
12.7079725
8.3265572
3.8647230
1.1947181
0.6797745
0.5972475
0.6593406
0.5924853
0.4905748
0.5425853
0.5570368
0.5720145
0.4941920
0.7136737
0.8613325
0.9860787
0.7419960
0.7372508
0.8889331
0.9269868
1.5571539
1.9061844
1.3655534
0.8836798
0.6392932
0.8893864
0.7231376
0.8417760
0.8615293
0.9090501
0.7380172
0.5276760
0.5445619
0.6864184
0.6747570
0.5332832
0.4670721
0.5282490
0.5195190
0.4598343
0.4305246
0.5560162
0.7809659
0.9999733
0.8893977
1.0602641
1.8964332
3.0208912
3.7212191
4.5803461
5.4175997
6.3789883
6.8340101
9.6790447
22.3680649
36.7849236
37.1558151
22.5763016
8.9527922
8.0838318
9.1827593
7.3734374
5.1448517
5.0359402
7.3524528
7.8821111
7.9709778
8.4841928
8.2117882
7.3477173
10.1961193
17.3640690
17.4184227
10.0730228
3.7926645
2.7091706
4.0766878
4.8524785
7.7883501
7.8982935
6.3550048
6.0169506
5.5816650
3.6498909
5.9932775
7.2625284
6.2340064
4.7671356
3.4448204
2.0484354
1.5999539
1.5040351
1.3172946
1.3116730
1.0774341
0.8725543
1.1298869
0.8524947
0.7961114
0.8590196
0.8234757
0.8968520
0.8709136
1.2114081
1.1130443
0.6998224
0.7173659
0.9735936
0.8956295
0.6437945
0.6977165
0.8959676
0.7507914
0.5739679
0.7454379
1.0280550
0.8816225
0.6758748
0.6937047
0.6862049
0.6242816
0.7909536
1.0043463
1.0617739
0.7436436
0.6097609
0.4831399
0.6141896
0.8221927
0.8869382
0.8610219
0.7521569
0.5966140
0.6003805
0.5813935
0.6010179
0.6087263
0.7152517
0.8984661
1.1333356
1.2840405
1.1421944
0.5961801
0.5049812
0.6950336
0.8207440
0.7423137
0.7042787
1.1629890
0.9107941
0.4644040
0.4949602
0.4896215
0.6281531
1.0503296
1.1137677
0.8244996
0.7418582
0.7307212
0.7274196
0.6285942
0.5930002
0.8176149
0.9183410
1.2440143
1.0407360
0.6389303
0.5555705
0.6279511
0.7383935
0.7612668
0.7185249
0.7609955
0.8829467
0.8872594
0.7394357
0.5477096
0.5440962
0.7437657
1.1391463
1.1916672
1.0247773
1.1640443
1.3418020
1.5804999
1.9610727
8.6864138
40.4647865
72.9606552
72.7299271
64.8591690
72.0782394
81.6482849
73.0161514
59.7788887
66.8847809
80.9213715
70.5430298
58.3576393
55.9980621
55.7438316
44.5731430
33.3843727
27.1828041
16.5216789
9.3379469
8.4546518
13.8834858
28.2858677
37.7753372
35.5997314
36.1341858
36.4718056
33.1262398
29.6959114
34.9607925
42.1339874
39.0849915
20.8429184
5.0811057
0.8049644
5.7965884
35.1617393
74.6007614
81.9797592
51.7558327
16.4352741
10.5850687
7.3462048
3.6462426
2.1563597
2.2112832
1.8314606
2.4469810
8.2249546
27.6947575
50.3965073
52.6834183
36.3228531
24.3412857
14.1084023
25.6466389
29.4274063
25.2571354
23.0141373
20.4546967
11.6390486
4.0123606
9.1294851
5.7523227
3.7945795
3.7573771
4.5612764
6.7451735
16.1038933
23.7764969
24.2524300
18.3771896
11.8143806
9.7981195
7.6787577
5.8073049
4.3422174
2.3232155
2.0760214
0.9137468
0.4856810
1.1356353
4.0049624
6.9943914
6.3836803
4.0372047
2.6764262
1.8054925
1.1288091
1.0452845
0.9828554
0.7581850
0.6806589
0.9210044
0.9011996
1.6069195
4.7523422
6.8208694
4.2430820
0.5341033
0.2736385
0.5063798
0.7906125
0.6043567
0.4455642
0.7070753
0.8444425
0.7913693
0.6533055
0.5909161
0.5901182
0.6521596
0.6448012
0.7026385
0.6769007
0.8516644
1.0228249
0.7474778
0.5493684
0.5387532
0.7668256
0.8818512
0.8740511
0.8173451
0.7622335
0.8597317
0.5949110
0.5203742
0.7210109
1.1168866
1.2071061
0.9871790
0.7112976
0.5547944
0.5771350
0.5932990
0.5890089
0.7707528
0.9911246
1.2348942
0.8567426
0.6168711
0.7453301
0.9699103
0.8721073
0.5511027
0.6512676
0.6933994
0.5715647
0.4873381
0.5809566
0.7461678
0.7458545
0.7646098
0.8583247
0.8515199
0.8380311
0.8430855
0.8699091
0.8979771
0.9002172
0.8434834
0.6412429
0.6070813
0.6533113
0.8603314
1.0764651
1.1428589
0.9689273
0.5833405
0.6483878
0.6365331
0.9454104
1.2668300
0.9866330
0.7823790
0.9530233
1.0642886
0.9311591
0.8172780
1.2076435
3.0189097
4.5992298
2.9255729
0.6861093
0.5779643
6.2748680
18.6140060
30.6011810
43.4063339
54.5377502
54.6394691
53.5923920
65.0037918
87.4183121
99.6674728
100.0868988
98.5861282
94.5201035
88.7196960
86.6763763
76.9517059
67.8192978
73.5709610
110.4062958
141.9212036
129.2953186
105.2401047
88.1185837
70.2976074
42.7895470
12.0641966
11.6447678
22.4471722
21.8345966
13.0311785
13.3128223
51.5604248
88.7826691
88.1486053
75.2420654
63.4067650
49.2608566
34.7465706
28.2755203
27.8426018
24.9550610
14.8940315
5.1491175
7.6424966
19.4534569
21.2799892
20.9471035
23.9881287
38.7142372
61.3586311
55.0917625
37.3077774
30.6471920
36.0137405
49.0411606
54.4771767
49.6422157
38.0744362
22.8101807
15.0259142
16.8175545
22.2055969
22.4222240
16.0537930
7.3398075
4.1855564
3.9407721
2.0284648
5.6297402
39.9028244
80.1317978
76.9774094
34.1196556
11.0465107
5.0379729
11.9714813
35.2002296
42.3796425
32.5865974
18.4121132
12.0500593
13.6677217
14.5241699
18.5308037
23.9357567
15.5327835
7.9056997
11.5002127
10.6386452
4.5271029
0.8849954
3.7281888
14.6642151
31.7293835
41.2182884
38.5460510
30.5240345
29.3493042
37.1268501
45.3076210
54.7515335
51.9620857
43.7913208
30.0331612
19.5590668
11.6568613
13.2942076
19.1321545
18.7331638
13.5041809
8.3443909
4.1597958
4.9421935
5.3238602
2.5215802
4.6849566
8.8994579
15.1152973
14.8637362
7.3160801
2.7648325
1.3261424
1.3300021
1.3642334
1.1591872
1.2257937
1.0152864
0.6542541
0.7670268
1.0327402
0.8782997
0.8906772
0.8629717
0.8959513
0.7810291
0.6625639
0.8454176
1.1367866
0.9242709
0.7655001
0.6734955
0.8274334
0.9090167
1.2386568
1.3914878
1.4668348
1.3024281
1.4078639
1.7211510
1.3796268
0.8162718
0.6036965
0.5641570
0.6838838
0.5392262
0.5490913
0.5070161
0.6580310
1.1363027
1.0994124
0.6474082
0.5930078
0.8589119
1.0491922
0.9826577
0.8760622
0.8568503
0.7591481
0.6606862
0.6884228
0.7651924
1.1680061
2.0625072
4.5704198
9.8503237
14.6594782
14.7755632
12.8092098
14.7985992
22.0673962
30.4864616
32.2631531
32.1779480
37.9297791
50.4903526
57.7299728
50.6907387
38.0353889
27.1554394
12.8595963
8.8728809
12.6343260
11.8096123
13.0804567
21.4392338
27.1755638
28.3202953
19.1819706
13.5014086
9.1006718
3.4283438
3.2221308
12.5310411
30.4952831
36.1259575
29.1355667
18.2936401
12.4374075
11.1545525
10.3895264
10.4459496
11.5940685
12.9185200
11.2334032
7.7794509
13.2483358
32.2422256
40.9117813
33.6680794
27.3210659
29.4155064
29.4356117
26.5080929
21.9006042
17.0209484
12.8795643
8.7009430
4.3850484
3.3806047
4.2274146
5.8572974
5.5941081
3.4642215
1.5509382
0.9427152
2.5395808
7.6752763
7.8554530
5.0065036
10.7995558
15.9217653
13.6465006
8.4600658
6.4751301
4.7535210
2.7306926
2.8096089
5.6098580
7.0477886
5.7636371
3.6541882
1.9563185
2.4358273
2.3159001
1.4313419
0.5126297
0.6733230
0.8134828
0.9129875
1.5292122
2.9672661
3.4997325
1.8570910
0.2647007
0.2670777
0.5400581
0.9488673
1.0463269
1.1500634
0.9749023
0.8206904
0.6416555
0.6743659
0.6924206
0.6749256
0.6676993
0.8988814
0.7551739
0.3842264
0.0574307
0.0066575
0.0000793
0.0000000
0.0000000
0.0000000
0.0000000
0.0000000
0.0000000
0.0000000
0.0000000
0.0000000
0.0000000
0.0000000
0.0000000
0.0000000
0.0000000
0.0000000
0.0000000
0.0000000
0.0000000
0.0000000
0.0000000
0.0000000
0.0000000
0.0000000
0.0000000
0.0000000
0.0000000
0.0000000
0.0000000
0.0000000
0.0000000
0.0000000
0.0000000
0.0000000
0.0000000
0.0000000
0.0000000
0.0000000
0.0000000
0.0000000
0.0000000
0.0000000
0.0000000
0.0000000
0.0000000
0.0000000
0.0000000
0.0000000
0.0000000
0.0000000
0.0000000
0.0000000
0.0000000
0.0000000
0.0000000
0.0000000
0.0000000
0.0000000
0.0000000
0.0000000
0.0000000
0.0000000
0.0000000
0.0000000
0.0000000
0.0000000
0.0000000
0.0000000
0.0000000
0.0000000
0.0000000
0.0000000
0.0000000
0.0000000
0.0000000
0.0000000
0.0000000
0.0000000
0.0000000
0.0000000
0.0000000
0.0000000
0.0000000
0.0000000
0.0000000
0.0000000
0.0000000
0.0000000
0.0000000
0.0000000
0.0000000
0.0000000
0.0000000
0.0000000
0.0000000
0.0000000
0.0000000
0.0000000
0.0000000
0.0000000
0.0000000
0.0000000
0.0000000
0.0000000
0.0000000
0.0000000
0.0000000
0.0000000
0.0000000
0.0000000
0.0000000
0.0000000
0.0000000
0.0000000
0.0000000
0.0000000
0.0000000
0.0000000
0.0000000
0.0000000
0.0000000
0.0000000
0.0000000
0.0000000
0.0000000
0.0000000
0.0000000
0.0000000
0.0000000
0.0000000
0.0000000
0.0000000
0.0000000
0.0000000
0.0000000
0.0000000
0.0000000
0.0000000
0.0000000
0.0000000
0.0000000
0.0000000
0.0000000
0.0000000
0.0000000
0.0000000
0.0000000
0.0000000
0.0000000
0.0000000
0.0000000
0.0000000
0.0000000
0.0000000
0.0000000
0.0000000
0.0000000
0.0000000
0.0000000
0.0000000
0.0000000
0.0000000
0.0000000
0.0000000
0.0000000
0.0000000
0.0000000
0.0000000
0.0000000
0.0000000
0.0000000
0.0000000
0.0000000
0.0000000
0.0000000
0.0000000
0.0000000
0.0000000
0.0000000
0.0000000
0.0000000
0.0000000
0.0000000
0.0000000
0.0000000
0.0000000
0.0000000
0.0000000
0.0000000
0.0000000
0.0000000
0.0000000
0.0000000
0.0000000
0.0000000
0.0000000
0.0000000
0.0000000
0.0000000
0.0000000
0.0000000
0.0000000
0.0000000
0.0000000
0.0000000
0.0000000
0.0000000
0.0000000
0.0000000
0.0000000
0.0000000
0.0000000
0.0000000
0.0000000
0.0000000
0.0000000
0.0000000
0.0000000
0.0000000
0.0000000
0.0000000
0.0000000
0.0000000
0.0000000
0.0000000
0.0000000
0.0000000
0.0000000
0.0000000
0.0000000
0.0000000
0.0000000
0.0000000
0.0000000
0.0000000
0.0000000
0.0000000
0.0000000
0.0000000
0.0000000
0.0000000
0.0000000
0.0000000
0.0000000
0.0000000
0.0000000
0.0000000
0.0000000
0.0000000
0.0000000
0.0000000
0.0000000
0.0000000
0.0000000
0.0000000
0.0000000
0.0000000
0.0000000
0.0000000
0.0000000
0.0000000
0.0000000
0.0000000
0.0000000
0.0000000
0.0000000
0.0000000
0.0000000
0.0000000
0.0000000
0.0000000
0.0000000
0.0000000
0.0000000
0.0000000
0.0000000
0.0000000
0.0000000
0.0000000
0.0000000
0.0000000
0.0000000
0.0000000
0.0000000
0.0000000
0.0000000
0.0000000
0.0000000
0.0000000
0.0000000
0.0000000
0.0000000
0.0000000
0.0000000
0.0000000
0.0000000
0.0000000
0.0000000
0.0000000
0.0000000
0.0000000
0.0000000
0.0000000
0.0000000
0.0000000
0.0000000
0.0000000
0.0000000
0.0000000
0.0000000
0.0000000
0.0000000
0.0000000
0.0000000
0.0000000
0.0000000
0.0000000
0.0000000
0.0000000
0.0000000
0.0000000
0.0000000
0.0000000
0.0000000
0.0000000
0.0000000
0.0000000
0.0000000
0.0000000
0.0000000
0.0000000
0.0000000
0.0000000
0.0000000
0.0000000
0.0000000
0.0000000
0.0000000
0.0000000
0.0000000
0.0000000
0.0000000
0.0000000
0.0000000
0.0000000
0.0000000
0.0000000
0.0000000
0.0000000
0.0000000
0.0000000
0.0000000
0.0000000
0.0000000
0.0000000
0.0000000
0.0000000
0.0000000
0.0000000
0.0000000
0.0000000
0.0000000
0.0000000
0.0000000
0.0000000
0.0000000
0.0000000
0.0000000
0.0000000
0.0000000
0.0000000
0.0000000
0.0000000
0.0000000
0.0000000
0.0000000
0.0000000
0.0000000
0.0000000
0.0000000
0.0000000
0.0000000
0.0000000
0.0000000
0.0000000
0.0000000
0.0000000
0.0000000
0.0000000
0.0000000
0.0000000
0.0000000
0.0000000
0.0000000
0.0000000
0.0000000
0.0000000
0.0000000
0.0000000
0.0000000
0.0000000
0.0000000
0.0000000
0.0000000
0.0000000
0.0000000
0.0000000
0.0000000
0.0000000
0.0000000
0.0000000
0.0000000
0.0000000
0.0000000
0.0000000
0.0000000
0.0000000
0.0000000
0.0000000
0.0000000
0.0000000
0.0000000
0.0000000
0.0000000
0.0000000
0.0000000
0.0000000
0.0000000
0.0000000
0.0000000
0.0000000
0.1954353
0.8543069
1.5681958
1.7669752
1.4208057
1.0204649
0.7397377
0.6695020
0.6664665
0.6123908
0.6535429
0.5485862
0.5053178
0.9733170
2.2602217
8.5644407
21.3409653
32.1205940
37.6638908
37.4192924
27.4317226
13.6345682
6.8060765
4.4609933
2.1412659
0.9283243
0.4506751
0.3652056
0.7283406
0.7987932
5.6969872
23.6411133
49.6117210
69.3743134
76.7063980
71.6491470
72.9178543
86.6811523
117.1767502
150.4402618
175.9641876
178.0709991
142.8524628
97.1359634
69.9466019
44.7311363
81.6978912
64.2127914
29.3159428
22.3307247
42.6551743
52.5600090
30.5869865
11.7928782
8.6870060
8.1559525
9.4883080
10.6915865
9.6501551
14.2301607
22.2158947
23.9147549
17.1866627
10.4538403
8.6395874
7.5412989
5.9563150
4.1323376
3.4307184
3.1729288
3.0830901
3.3510871
3.1639781
2.1617439
0.9114445
0.4404539
0.4113873
0.4576031
0.7358541
0.9703106
1.4235042
1.3146271
0.6497551
0.5385310
0.6322182
0.7793255
1.3037814
1.2590616
1.0295995
0.8625949
0.8304307
0.8265353
1.0416017
1.2041757
0.8548067
0.6738275
0.7076063
0.5569783
0.5308614
0.7936152
1.1056501
0.8344667
0.5002552
0.5258065
0.7996003
1.1346259
1.1510454
0.9068695
0.5431451
0.4869049
0.7376119
0.8727628
0.8036824
0.5653434
0.6958320
0.6920075
0.7883524
0.9988778
1.1899099
1.1996027
1.0162122
0.6937115
0.5997472
0.6573365
0.8357763
0.7634801
0.6507897
0.7171699
0.6063265
0.6010152
0.7748796
0.9317961
0.9822169
0.7218055
0.8450078
1.0252254
0.8028573
0.4848340
0.5235491
0.6873745
0.7400323
1.3124506
1.3107045
0.7182940
0.5064228
0.5959376
1.1481416
1.1113181
0.6542487
0.5927461
0.6167872
0.7047841
0.7947490
0.7123317
0.5995018
0.6422266
0.8399837
0.9568651
0.7559729
0.8361977
1.2360245
2.1535902
5.0556273
16.6107674
39.0631371
59.1647339
68.2500000
79.1924515
98.4831238
107.8173294
94.5875320
68.7582550
56.0758133
63.8749428
61.5542068
47.6783028
25.7433128
13.6369724
16.7394810
21.0199127
14.8066111
15.8666334
25.7954235
30.6500740
28.9104729
35.1147804
59.3456230
76.3057098
71.6746750
68.6932526
102.7059555
125.3004456
109.7616959
75.9159775
67.1747665
111.4941711
158.1542053
191.4119720
243.1799469
297.0799866
303.8523865
253.7585754
189.3703156
133.0441895
84.3844223
56.7245178
76.4328232
62.7353897
33.4874878
28.3148479
20.7753868
10.5753307
7.6786103
6.8968439
30.7854671
89.9482803
121.4929352
114.4642181
92.3655624
77.0876236
79.8682709
34.8378639
7.6552405
10.2682915
26.8087425
66.5416412
91.7388763
74.1133041
39.9503136
9.8820581
1.4975997
0.3573750
0.3999018
6.4212356
30.5201187
36.4053230
23.7469292
24.8909798
43.9253845
55.5647545
51.7367249
43.0803795
30.0362167
17.0655212
19.6372356
32.0537758
43.8550339
44.8736153
38.5821419
33.4617920
23.7963867
15.1609116
8.4442444
5.4308100
14.4534063
34.3890152
54.0097351
62.2295494
55.5618019
46.4482574
30.4247246
21.4209423
22.1204185
34.4812927
57.9118080
60.2030830
43.3127594
25.4007206
16.2767868
11.8188553
7.9950237
3.9663849
12.5021830
31.1882343
39.4059334
32.3023567
29.0448780
25.3897400
16.4057636
5.6149158
2.0117693
0.9887760
0.8421761
0.5352927
1.6997709
5.8132944
9.8797874
9.2511997
5.9814615
3.2635870
2.6961164
2.9480345
3.4753923
5.0153337
5.3161211
2.3367047
0.4462107
0.3278096
0.6277101
0.9003448
1.0154216
0.8652787
0.7290483
0.7017497
0.6070173
0.5858124
0.4758139
0.6778535
0.8304842
1.0545681
1.0451690
0.8821335
0.6254675
0.5223651
0.6683993
0.6649497
0.7876433
0.9656912
0.8293559
0.7311054
0.5355930
0.7166798
0.9625411
1.3151222
1.0466156
0.7274921
0.5405891
0.6517452
0.5381339
0.9472120
1.2448678
0.9956856
0.6153415
0.7011954
1.0991131
0.8522553
0.6131734
0.8630915
0.8063096
0.6606519
0.9565379
0.9016235
0.8483054
0.6590403
0.5848513
0.5758612
0.7107611
0.7776731
0.8449201
0.7655321
0.6464914
0.7042782
0.8946794
1.0643753
1.0171977
0.9071470
0.9789137
1.1225486
0.9306612
0.8792472
0.7092043
0.5739030
0.6966254
0.9181964
1.1064199
0.9458122
0.7060575
0.7457722
0.9415138
0.8689915
1.0470878
0.7800965
0.7209557
0.7654893
0.9125245
0.7612743
0.7715056
0.7469363
0.9563833
1.1335177
0.7597628
0.4836742
0.5032744
0.5354984
0.6040856
0.9653288
0.9464630
0.8107337
0.7023971
0.8738987
0.8273524
0.7768543
0.7227732
0.6963346
0.7118363
0.8679426
1.1149622
1.1791247
1.0591066
0.8814880
0.7743823
0.7026269
0.7585829
0.8684912
0.8528594
0.9852957
0.7663273
0.7511016
0.9047938
0.9252230
0.8808197
0.8370604
1.0245595
1.3322949
1.2064401
0.8470198
0.7696771
0.8680751
0.9362133
3.0406866
15.8348598
36.3022766
49.4052238
43.9890709
24.0730038
7.2453756
2.0262308
0.4824260
0.6683729
7.9912195
29.4702110
42.8109131
42.2289047
34.0607224
20.4075966
11.7895422
5.3844943
1.8692816
1.2722993
0.3793529
0.2431711
0.5492039
6.3207607
22.5033379
52.9351692
91.7889709
108.7147522
94.7220840
73.4908295
60.7496872
51.9972839
33.9150085
52.2399445
87.3879471
81.2704163
60.0290680
38.7668953
26.2674427
50.6200447
80.4061737
83.6438751
68.3409042
45.1383209
24.3855228
42.1793365
34.8501587
33.0220871
64.8277588
52.4948311
22.2962761
6.7073255
10.4454117
7.6913381
3.9519885
2.6356909
4.5593758
7.5689545
8.3136225
7.1132607
6.2321754
5.6931424
4.9613295
3.7925756
2.5412440
1.8398840
1.7609103
1.6620998
1.4557005
1.1084901
1.2166246
1.4637922
1.1764978
0.9045765
0.6947999
0.8250131
0.9944762
1.0059323
0.9357774
0.7738101
0.8427783
0.9822085
1.0017129
0.7389475
0.5977404
0.7207303
0.7858012
0.6975437
0.9258666
1.0599593
1.0460963
1.0153884
0.7785935
0.7979765
0.7333431
0.7255678
0.9045131
0.9361750
0.7702947
0.7425440
0.6241571
0.7271718
0.7316765
0.7689753
0.9880508
1.1419860
1.0281150
1.0443614
0.8358001
0.8132932
0.7832888
0.8579880
1.5842073
2.1059580
1.6868170
0.9224300
0.5685270
0.6180656
1.0669508
0.8039392
0.6813285
0.6899492
0.8625819
0.9146255
0.8635878
0.8123819
0.9086926
1.0921729
1.0299238
0.7855356
0.8624524
0.8064307
0.6415822
0.4333299
0.5964145
0.9836669
0.9115304
0.7245737
0.5951661
0.8394642
0.7686702
0.5836286
0.5818371
0.6917983
0.7494761
0.7531693
0.9555701
1.0348583
1.0282236
1.0256891
0.8969116
2.7685130
6.1061182
8.5206842
14.0218611
25.0639362
38.2344627
44.5305176
38.8961983
30.0460396
27.0246258
33.9948273
38.5032959
34.5628891
21.0255222
16.0330124
16.9465008
15.7557507
17.4940720
28.3527184
43.0762978
47.6348724
41.6068878
34.3798561
31.9471054
34.8538055
34.8336372
28.5263729
17.0623837
21.9007092
67.9742508
119.1110687
138.4995270
133.1783142
124.0845642
97.9971466
57.3858643
71.1440735
79.2638092
54.6123352
28.9946098
20.8805027
28.1205654
48.1900978
67.1169281
71.2463837
51.9076538
34.4681244
33.3161163
40.4673424
32.1937485
21.4893837
12.2802486
5.8864551
1.9744933
0.3609227
0.3557651
0.7355681
9.8479891
32.7877121
49.6889153
51.4662743
44.1679764
40.2969971
35.3752098
31.9962559
26.3789253
31.2704716
42.3181953
60.7302818
73.5668106
74.9255981
60.0848618
41.6070633
35.6594658
36.1659317
27.9261932
18.7169743
22.4107838
29.6330833
30.1806412
19.9584961
10.1728678
10.8760624
20.5802670
24.1124554
10.1268606
1.4767731
0.9053358
1.1235182
0.9956678
0.9338332
0.6738583
0.7430084
1.0245386
0.9490986
0.6900159
0.6192089
0.8387041
0.9442185
0.8694696
0.8946779
0.9542091
0.8200647
0.7206014
0.9969208
0.8719985
0.6063175
0.5777764
0.7951394
0.8170136
0.7761484
0.8648568
0.8616002
0.5547891
0.5349827
0.4422644
0.6570303
0.8255590
0.8165895
0.6481051
0.8896692
0.7461929
0.7064584
0.5853493
0.5425940
0.5888999
0.7853960
1.1969616
1.1001686
0.7043661
0.7486081
0.9502598
1.0688353
0.9259003
0.9977582
1.2790798
1.6064391
2.0346422
2.4616702
2.3021750
1.7353612
1.5972629
1.8190660
1.9203334
1.6098812
1.4157045
1.4152808
1.5586972
1.6113985
1.1556584
1.1904194
1.6905351
1.4472971
1.0005782
0.7544232
0.8953722
1.1218355
0.9102693
0.9513337
6.4003153
23.6454582
45.1800728
55.8098030
47.3583221
27.5687561
11.7397633
9.1394405
7.7035103
4.6030493
3.5635803
18.2770233
33.0190086
43.9543114
50.3229027
66.1567154
95.9949493
117.5072784
114.0325775
113.3298187
109.4363632
90.4316864
68.3150101
58.0454941
59.6091576
33.9949684
19.2697830
62.5634918
73.0610733
59.2547760
35.7966309
20.9753742
34.0269318
48.8254128
78.5216370
83.9559784
113.3844147
131.4572296
110.4689026
79.8551102
60.9507408
27.8708954
40.2603912
82.9688263
115.7065811
135.7616730
125.0660553
95.9430771
89.0690079
71.4534607
78.2779999
93.1080551
62.0389900
46.4290161
81.3238068
45.3281364
46.0328941
40.7342262
14.8721571
40.8949203
24.6976624
8.1964102
11.9413528
8.5200157
5.3960457
3.4035249
12.8815804
31.0049362
51.0293236
48.1728020
42.1024399
43.6934052
50.4057045
75.8852768
126.1419296
170.4907837
177.9031830
188.9890137
212.7003784
222.5060272
223.8056335
171.1129761
212.0548706
170.4895477
128.8621521
125.8703461
250.8005066
162.7265320
96.9668961
74.2291412
70.1143188
64.6505585
73.4794540
88.1776047
82.8693695
42.8316154
14.1713400
4.9854436
21.1564770
45.8711014
54.1239243
60.3329430
72.4037476
109.9377441
134.1502228
88.0982895
25.5932426
6.3425632
3.7789712
13.1412392
23.7360153
31.4318008
40.0593567
48.0493774
43.2323418
29.6867065
18.3004456
9.5466499
6.1103454
4.1212997
2.9526446
3.7327740
4.5112681
4.6724672
4.6466737
4.2369790
2.9800911
1.2253783
0.7999266
0.8290854
0.7647926
0.5543371
0.4550852
0.6264223
0.7220786
0.6943678
0.7413810
0.8239339
0.7964605
0.6644135
0.7194387
0.8479908
1.1065987
1.0409484
0.9385864
0.7880734
0.9051273
1.3605260
1.3439157
1.0060821
0.6599717
0.7877954
0.5277582
0.7088664
0.9783086
0.9977394
0.7196732
0.5306771
0.6832432
0.7538821
0.8150702
0.8546872
0.6859244
0.6173946
0.7603067
0.7634090
0.7864649
0.8598014
1.0289494
1.1018422
0.8462027
0.6435454
0.3892931
0.6366980
0.5463148
0.7015710
0.8583660
0.8729538
1.1490192
1.5050927
1.1113219
0.8147897
0.6301467
0.5954276
0.7263538
0.8801935
1.0328932
1.0688556
1.0860065
1.2655588
2.1745844
10.9671774
23.5247135
37.4512024
71.8355789
111.8436584
119.6738663
109.3283310
112.0445862
142.9829712
163.4911041
186.0738983
188.1913757
164.9629517
140.6733704
118.8491592
87.3200989
67.2878799
69.9976501
67.6160431
43.4752350
28.2845974
23.5763016
24.9191208
40.2761154
55.3984261
49.5630074
27.4410057
15.2856255
2.1224437
0.4439161
0.4891219
0.6939403
3.7919872
21.9656124
45.2162933
55.5533180
46.4869919
35.4328156
31.5785465
43.7497787
56.7913399
62.9553223
74.8138504
94.9840622
77.6415787
50.5828323
28.2762451
16.1898403
11.7363167
11.4269896
20.8353443
44.9449768
60.1928291
51.0877266
28.6779709
17.9000702
17.0082550
18.2559166
20.1670971
18.3248081
36.4653168
69.6840897
96.6509705
99.5555191
80.2396545
54.8535347
45.5037727
50.8209610
51.2622032
40.0868034
20.9572906
10.3195906
7.5785909
6.5656490
36.1881905
73.8336945
51.6785736
6.5438056
1.4102024
0.3563928
0.1811451
9.2684593
45.8384171
54.6131783
29.0275364
11.5875511
30.8569336
52.3331299
64.3831177
60.5452003
47.7461205
31.6456223
20.4292622
30.0760269
33.7771454
27.7640629
21.0220737
13.3912325
7.6517878
4.3203802
3.7688565
5.7856112
6.2474232
4.7456698
5.2912178
8.0086565
7.5910835
7.8214126
10.8872700
14.3354416
13.9769793
11.5809402
9.3758440
7.2645931
5.8438277
4.2071218
2.5781915
1.6844199
1.6481252
1.7567035
1.5746918
1.0760925
0.5083966
0.4413869
0.7017463
0.8573179
1.0091971
0.9528905
1.0678775
0.8194547
0.6708417
0.6192480
0.7640843
0.8828479
1.0633312
1.0384498
0.7450171
0.8668661
1.1365644
0.9305094
0.8958626
0.5798287
0.5088801
0.6503952
0.6796556
0.6822300
0.9887583
1.1068761
1.1653750
1.0454843
0.7605568
0.5373757
0.4143330
0.4996220
0.4059134
0.4756114
0.8598564
2.3710561
4.1434669
3.4020522
0.9366581
0.3771619
0.2062820
0.4016377
0.7407220
1.1237007
0.9405646
0.7419339
0.8181998
0.9391506
0.9804221
1.0535215
0.8953449
0.8530377
0.9342308
1.0049697
1.0020205
0.9929363
0.9980184
1.1907530
1.0075552
0.8450914
1.1805252
1.4198289
1.0691924
0.7634588
0.8835120
0.9172572
0.7829795
0.8916389
1.1540917
0.9860575
0.9945107
1.2326634
1.1864582
0.8191687
0.7112074
0.8744589
0.9415414
0.7653570
0.6705661
0.7788197
0.6102508
0.4856484
0.6242766
0.8987018
1.0080049
0.7417046
0.7155967
0.8458634
0.8834100
0.7799695
0.7042916
0.7226272
1.0077349
1.1560686
0.9879223
0.8706089
0.9271852
0.9233099
0.9428329
1.1603459
0.7906203
0.6306550
1.0748951
1.7303455
1.8783834
0.8315055
0.4109175
0.4442118
0.4609598
0.4920059
0.7852011
0.9342437
0.8982350
0.8188729
0.7030009
0.6140900
0.6692289
0.9212219
0.9694200
1.0071943
0.9832368
1.6427028
3.8278911
8.0653906
15.0082397
22.9326210
32.3291092
49.4414635
82.5307312
134.2036285
186.2424774
235.3341217
305.4886169
328.8065491
222.9760742
89.1973495
36.9082870
29.5203285
16.2294884
2.8033779
0.6098570
0.9755933
20.8141384
48.2828865
50.0024490
40.6267738
61.2141151
83.8229370
82.5688858
78.7178192
105.4540710
194.7893829
303.3344116
335.1748962
224.4157867
100.2993240
56.8585510
58.8619576
44.4286652
22.4618282
25.7252712
10.5671597
40.2025490
125.9165344
154.9559479
99.9351501
74.2011871
57.1073303
37.0257645
13.5423927
46.5181808
44.8092690
22.0626793
15.2425127
14.2131929
13.9948454
13.0593357
11.2537756
7.4284844
3.1010828
2.1178112
1.8516929
1.3577113
1.2352862
1.1306547
1.3136845
1.6557580
2.1064072
2.2844298
2.3331134
2.6223555
2.4141092
1.5028337
0.9365857
1.0215167
0.9597374
0.6152664
0.5998688
0.6279016
0.6241183
0.8683832
0.8954900
0.6278996
0.6858133
0.7985607
0.9281337
0.9044577
1.0761905
1.1669183
1.1645144
0.9446593
0.7691214
0.8129928
0.7806340
0.8767747
1.0135654
1.1004815
1.1071239
0.8102776
0.5719723
0.6084114
0.6908885
0.6860952
0.9189646
1.3575803
1.1851711
0.7688470
3.4668357
24.5216484
68.1257401
109.4473114
122.6687469
105.5362473
76.4982452
64.8732605
72.3075333
107.5332794
136.6177216
125.1926956
75.4856720
34.9289665
7.9571815
13.2553988
48.2543869
74.6799164
71.7233047
59.7738075
37.9809380
15.4369936
8.5668840
13.5580845
29.7985401
29.5296841
14.5867929
8.4676762
7.6440239
12.3174038
41.9535789
92.1764832
115.4200516
94.5218430
78.7230072
90.0561829
115.6800385
114.8424301
99.5623703
62.9416046
61.1295815
78.4644852
42.2924080
18.3444481
36.3044930
58.0414886
53.0538406
21.4895725
4.6656876
0.6026009
14.1384230
56.7381477
70.4043121
30.0969906
2.0517361
0.1064753
0.2349268
0.3138449
9.4981585
45.6131821
75.4297028
77.0154343
72.4295502
88.6348572
103.3485031
101.4444427
76.6377411
50.8642540
15.6661854
26.7587662
48.5202370
48.8358574
48.8103523
56.8767128
62.1952133
51.1663666
43.4772758
34.7075806
18.7516365
12.5672169
7.0372505
8.8369913
14.0715818
15.2075081
14.0633125
7.2116041
3.2871916
1.7817861
2.2426853
5.2139301
11.8658504
16.1193314
17.2386703
21.3306503
29.4169521
36.4406738
34.0909653
22.9995499
10.5246677
5.6658225
4.0319414
3.0385442
2.5685594
1.8742484
1.6259625
1.6643838
1.8806661
1.2149258
0.8566508
0.8473687
0.7103836
0.8506542
1.0947621
1.1990167
0.9208276
1.0331286
1.7620351
2.1031122
1.2739432
0.8026963
0.6497949
0.8491473
0.8773727
1.0529402
1.5157249
1.6712217
1.1793436
1.0542552
1.2444756
1.4943306
1.3538527
1.1490006
1.1502213
1.5836474
1.9222921
1.7907336
2.0800300
2.7363577
3.5715122
4.6142759
6.7828341
7.4404955
4.3085279
3.8813930
10.3031883
13.3807793
7.3073874
0.6102380
7.2850785
23.5346298
33.5473709
23.3453102
9.8775501
7.4751930
12.9228258
43.6760521
84.6772232
91.4902115
55.9428940
26.5341969
23.4472847
23.9209232
21.3954468
12.9641457
6.5081549
3.1322346
4.6382704
4.8322926
8.3667250
12.5228872
15.8860111
24.2902412
38.9506149
44.2035408
35.6953163
25.2223015
21.2528152
29.4665699
23.6390839
17.2572422
22.6518459
17.9131699
2.9941893
2.1281443
0.9985183
0.9805512
0.9012545
0.7617269
0.9997004
0.9867264
1.0992000
0.8828843
0.5065694
0.4269972
0.4428691
0.4863157
0.7195393
0.9333333
1.0213786
0.9727227
0.8930624
1.0172992
1.1057365
1.1072741
3.0030072
5.8986459
5.8661866
2.2499306
0.3672835
0.3062010
0.5756081
0.7966083
1.0005952
0.9436924
1.0698442
0.8386782
0.6962892
1.6547551
8.3897228
22.5730362
43.9420357
73.1975937
93.5455322
88.5258331
69.2349625
48.6579170
40.4075813
37.8095284
21.1305141
4.6286607
2.4362307
3.4644806
8.1343279
15.4051552
21.2246113
23.7496891
32.9933014
41.3044052
34.7971382
20.3979874
10.7184000
10.5527725
18.5002651
20.1558304
14.8979702
15.6778135
21.0092697
13.4250212
3.7850964
8.4664707
19.3450546
36.8552284
45.9621658
34.0258141
27.6455326
29.7563362
34.0312080
26.1744175
19.0449905
18.4513683
20.1050606
17.8141155
15.0552826
13.7353992
14.1274652
28.5867996
53.3361015
60.1499977
42.8280258
29.4138031
20.0980949
29.8638783
64.2547913
82.2111588
66.2872009
42.8366432
31.7833195
18.3531437
26.2866936
35.9054108
31.0148640
16.1322308
3.0622213
0.6909489
0.3898858
0.6599097
0.6926603
0.5218231
0.5162840
0.6106544
0.7268220
0.8902197
1.0022596
1.0152848
0.9186075
0.8008359
0.7357491
0.7826118
0.8965013
0.7590268
0.7044969
0.8026924
0.7388655
0.4914353
0.1667538
0.0224034
0.0012290
0.0000000
0.0000000
0.0000000
0.0000000
0.0000000
0.0000000
0.0000000
0.0000000
0.0000000
0.0000000
0.0000000
0.0000000
0.0000000
0.0000000
0.0000000
0.0000000
0.0000000
0.0000000
0.0000000
0.0000000
0.0000000
0.0000000
0.0000000
0.0000000
0.0000000
0.0000000
0.0000000
0.0000000
0.0000000
0.0000000
0.0000000
0.0000000
0.0000000
0.0000000
0.0000000
0.0000000
0.0000000
0.0000000
0.0000000
0.0000000
0.0000000
0.0000000
0.0000000
0.0000000
0.0000000
0.0000000
0.0000000
0.0000000
0.0000000
0.0000000
0.0000000
0.0000000
0.0000000
0.0000000
0.0000000
0.0000000
0.0000000
0.0000000
0.0000000
0.0000000
0.0000000
0.0000000
0.0000000
0.0000000
0.0000000
0.0000000
0.0000000
0.0000000
0.0000000
0.0000000
0.0000000
0.0000000
0.0000000
0.0000000
0.0000000
0.0000000
0.0000000
0.0000000
0.0000000
0.0000000
0.0000000
0.0000000
0.0000000
0.0000000
0.0000000
0.0000000
0.0000000
0.0000000
0.0000000
0.0000000
0.0000000
0.0000000
0.0000000
0.0000000
0.0000000
0.0000000
0.0000000
0.0000000
0.0000000
0.0000000
0.0000000
0.0000000
0.0000000
0.0000000
0.0000000
0.0000000
0.0000000
0.0000000
0.0000000
0.0000000
0.0000000
0.0000000
0.0000000
0.0000000
0.0000000
0.0000000
0.0000000
0.0000000
0.0000000
0.0000000
0.0000000
0.0000000
0.0000000
0.0000000
0.0000000
0.0000000
0.0000000
0.0000000
0.0000000
0.0000000
0.0000000
0.0000000
0.0000000
0.0000000
0.0000000
0.0000000
0.0000000
0.0000000
0.0000000
0.0000000
0.0000000
0.0000000
0.0000000
0.0000000
0.0000000
0.0000000
0.0000000
0.0000000
0.0000000
0.0000000
0.0000000
0.0000000
0.0000000
0.0000000
0.0000000
0.0000000
0.0000000
0.0000000
0.0000000
0.0000000
0.0000000
0.0000000
0.0000000
0.0000000
0.0000000
0.0000000
0.0000000
0.0000000
0.0000000
0.0000000
0.0000000
0.0000000
0.0000000
0.0000000
0.0000000
0.0000000
0.0000000
0.0000000
0.0000000
0.0000000
0.0000000
0.0000000
0.0000000
0.0000000
0.0000000
0.0000000
0.0000000
0.0000000
0.0000000
0.0000000
0.0000000
0.0000000
0.0000000
0.0000000
0.0000000
0.0000000
0.0000000
0.0000000
0.0000000
0.0000000
0.0000000
0.0000000
0.0000000
0.0000000
0.0000000
0.0000000
0.0000000
0.0000000
0.0000000
0.0000000
0.0000000
0.0000000
0.0000000
0.0000000
0.0000000
0.0000000
0.0000000
0.0000000
0.0000000
0.0000000
0.0000000
0.0000000
0.0000000
0.0000000
0.0000000
0.0000000
0.0000000
0.0000000
0.0000000
0.0000000
0.0000000
0.0000000
0.0000000
0.0000000
0.0000000
0.0000000
0.0000000
0.0000000
0.0000000
0.0000000
0.0000000
0.0000000
0.0000000
0.0000000
0.0000000
0.0000000
0.0000000
0.0000000
0.0000000
0.0000000
0.0000000
0.0000000
0.0000000
0.0000000
0.0000000
0.0000000
0.0000000
0.0000000
0.0000000
0.0000000
0.0000000
0.0000000
0.0000000
0.0000000
0.0000000
0.0000000
0.0000000
0.0000000
0.0000000
0.0000000
0.0000000
0.0000000
0.0000000
0.0000000
0.0000000
0.0000000
0.0000000
0.0000000
0.0000000
0.0000000
0.0000000
0.0000000
0.0000000
0.0000000
0.0000000
0.0000000
0.0000000
0.0000000
0.0000000
0.0000000
0.0000000
0.0000000
0.0000000
0.0000000
0.0000000
0.0000000
0.0000000
0.0000000
0.0000000
0.0000000
0.0000000
0.0000000
0.0000000
0.0000000
0.0000000
0.0000000
0.0000000
0.0000000
0.0000000
0.0000000
0.0000000
0.0000000
0.0000000
0.0000000
0.0000000
0.0000000
0.0000000
0.0000000
0.0000000
0.0000000
0.0000000
0.0000000
0.0000000
0.0000000
0.0000000
0.0000000
0.0000000
0.0000000
0.0000000
0.0000000
0.0000000
0.0000000
0.0000000
0.0000000
0.0000000
0.0000000
0.0000000
0.0000000
0.0000000
0.0000000
0.0000000
0.0000000
0.0000000
0.0000000
0.0000000
0.0000000
0.0000000
0.0000000
0.0000000
0.0000000
0.0000000
0.0000000
0.0000000
0.0000000
0.0000000
0.0000000
0.0000000
0.0000000
0.0000000
0.0000000
0.0000000
0.0000000
0.0000000
0.0000000
0.0000000
0.0000000
0.0000000
0.0154835
0.5471661
1.6696799
2.3960152
2.0803108
1.1489844
0.7057575
0.6082633
0.7077638
0.4781497
0.6572114
0.7670369
0.8892182
0.8067913
0.8335338
0.7710689
0.7889936
0.6750511
0.7307085
1.1357098
3.1844862
7.9499097
12.5861063
16.5388527
26.4906502
40.3533859
47.7565689
32.9835739
9.6657810
1.0933706
0.1987894
0.7769306
14.6024666
53.7649765
94.3349304
113.9737549
108.8069229
101.3098755
98.7541351
75.8471603
38.0622597
4.6466551
1.8960886
0.8844073
0.7511397
10.7481346
51.8538742
99.3239975
125.1125031
107.3747482
80.9867554
67.0287018
79.8960800
99.1482239
89.2760086
55.4572525
25.6684837
23.8527489
15.8626070
14.0282536
12.1838160
13.1941404
36.2473412
63.4782066
85.8226318
87.9320602
60.6609268
28.0334511
14.0947561
11.9226961
8.8549824
4.3816738
2.6145134
2.5333848
2.0497944
1.7792771
1.6975902
1.3236889
0.9992665
0.7586100
1.1025865
1.2155066
1.3178661
1.3839078
2.1889288
3.8847563
4.0024629
2.0546734
0.8256889
0.7209818
1.2450407
1.0795689
1.1194297
1.5036930
1.4302111
0.8928578
0.6069297
0.5615579
0.5718033
0.6252772
0.5886435
0.5674045
0.5459265
0.7970051
0.9435925
0.8152537
0.6430458
1.4387290
2.5736084
2.4368157
1.0558529
0.6537167
0.3757802
0.7761852
0.8861412
0.6987152
0.8194327
1.3528650
4.1704502
13.8355074
31.0449619
45.8675766
45.7063484
30.8080368
13.7377291
6.8436871
4.4520597
2.1157179
1.6156198
5.4695792
15.1551485
32.8450317
52.9485931
69.1647873
74.9520874
63.5639114
36.0069237
12.4720049
13.8498306
23.6974411
44.7102814
41.4592285
34.7355652
31.8362007
29.6970024
24.6844425
17.8931847
18.3423595
56.2740288
93.4932861
84.5276489
63.5506592
53.3618889
46.6405640
34.2202606
11.6826935
37.2630768
52.0597458
60.6918373
79.7271881
83.8855133
69.6897430
52.6654816
45.3216133
37.9238663
27.2035027
19.6797218
14.4729805
16.7550449
7.6308141
2.0510681
1.0273756
0.2984613
0.2126933
0.5482073
0.9486646
1.2781459
0.9755248
0.7824346
0.9446396
1.2358292
1.2565629
1.0868671
0.8031394
0.7814416
1.3658701
1.5486171
1.0218911
0.5218575
0.3997701
0.4446154
0.5784943
0.7981339
0.9790039
1.2986729
1.4189336
1.0958699
0.8994206
0.6661426
0.8933187
1.1779387
1.4285762
1.8220947
1.2139418
0.9049312
1.8745003
3.7317932
16.8626785
47.5196533
77.4492798
93.9333267
99.0199127
92.6656952
67.6803055
37.0687637
33.7372398
44.4768753
69.1739578
61.7504120
35.7130547
10.9882946
7.9690132
9.2901535
21.1516171
66.5632477
94.5223694
76.1517792
44.6316452
29.5669594
30.8257561
42.7709999
58.3855476
73.1635971
82.5296555
83.7684402
78.3699570
63.8953972
46.7132072
54.5052643
82.0831680
59.1524124
23.1310081
24.6461525
38.8093262
36.4260292
31.4531708
41.5641212
30.1671295
19.7149429
13.1604872
7.5802975
3.9394469
5.5492501
30.4716587
87.4503098
125.5280609
103.7466965
70.8816071
56.6518440
63.9516335
69.5286560
61.5122757
110.3874283
126.9834442
91.8113937
38.4211502
21.7100620
12.3719349
12.9154119
32.6366653
62.1829796
63.8760414
39.6238251
20.5807705
16.3311443
16.7605133
44.6868172
115.4786606
172.6647339
143.4327240
82.8888397
53.5006065
39.1958122
73.9766922
118.9643707
120.9449005
89.0626450
54.4667397
23.5458241
14.0408659
7.6635842
17.5498772
57.9872513
63.6722450
24.2020969
4.7566791
0.5790192
1.3612057
8.2109938
36.3875809
59.5744820
72.9879608
79.6784363
76.8188858
59.4866791
28.1891594
8.6654844
2.3117871
0.5237516
0.4931659
0.6172748
0.4250922
1.6493466
8.5250559
31.2596073
77.8516159
125.6359711
127.6042252
75.5825348
28.3316402
18.6556225
21.9925995
22.1263103
19.0355530
24.9023895
26.8893242
37.8376045
61.3535538
85.1713638
88.7929993
77.2422638
77.3329315
94.1517334
102.9544067
88.8521805
68.2315979
69.7027817
109.9481049
146.5874481
120.0453949
78.9170151
52.6882935
48.9812241
61.9056282
77.1746368
70.2538300
50.0135422
48.9213829
59.3864288
47.3893013
26.0063057
27.9437809
76.9752731
165.4359131
231.8144379
233.6010437
210.4561310
182.9641724
138.6240845
107.4669189
165.6254883
166.5869751
103.7211533
49.9577293
23.5767269
17.0351124
19.3239937
43.5149612
97.4874268
162.6370697
247.1483307
296.9615784
267.4510498
207.4768829
151.8047028
147.6229553
127.7125626
112.8103104
115.8840714
95.5546188
84.3238831
115.7249603
138.9712982
104.2054749
48.1139984
9.4122963
7.6226044
27.0040760
64.6632156
34.9229164
7.2404957
3.4372783
5.9637151
3.1031513
4.9710932
27.4014816
100.1461868
178.2797699
229.2778778
255.7746735
218.0850372
122.7548981
37.2711754
28.5607147
27.3342705
35.1672630
112.6561890
145.8435211
184.5265961
222.1515045
207.1006012
137.9934235
83.8772583
68.1077423
105.9227829
100.6839142
52.9451408
15.1343660
4.9002237
2.7248330
1.7544038
1.3121048
2.1402969
2.3189325
2.0866990
1.1782359
0.9202942
0.8566033
0.9664759
1.5563555
1.6926033
1.0078398
0.6457391
0.7412220
1.2825646
2.1538904
7.6484866
17.1038208
23.0544758
21.9268570
21.0583515
21.0163498
17.4533119
10.4710302
4.8707705
2.8753984
2.2862382
2.6172624
8.4337721
17.1916809
20.3997536
14.4197102
4.3187375
1.7089716
1.1188737
0.5472187
1.7098019
5.7658901
17.0749969
36.1585274
42.7984505
21.4702988
1.0059814
0.4564950
0.3229454
0.1973416
0.6549733
1.1732177
2.5735846
3.5112197
2.2573175
0.8365254
0.7311172
0.7072518
0.8754685
1.0001199
1.0733886
1.0765024
1.1840104
1.3092625
1.3706205
0.9396490
0.6855845
0.9614769
1.0608557
0.8329828
0.5721538
0.6463134
0.9061439
1.0005918
0.7682274
0.5600345
0.8493458
1.5547282
2.8505950
3.0553141
1.9729127
1.1729112
0.5410760
0.3556139
0.4000022
0.6138694
0.7609386
0.6009790
0.6352329
0.6211980
0.8263091
0.9319665
0.9394075
0.8863354
0.7058942
0.6823016
0.8821448
0.7007664
0.5665370
0.6786427
0.7362901
0.7868062
0.9851952
1.3070593
1.0515478
0.8500604
0.7939608
0.7013673
0.6343917
0.8516625
1.0108730
0.8112844
0.7309551
0.7636686
0.7818680
1.2350442
1.2300426
0.9758860
0.5902647
0.5498852
0.6196955
0.7512460
1.1875548
0.9434961
0.7055858
0.7390503
0.8571734
0.8291724
0.6678357
0.5026518
0.7450606
0.7236642
0.5990296
0.5439049
0.6595726
0.7924995
0.8148959
0.6760365
0.7054582
0.8814314
0.9466531
0.9363393
0.7107010
0.5892861
0.7842089
0.6527032
0.6388615
0.8307624
0.7737178
0.6885793
0.8022194
0.6736708
0.7821733
0.7815555
0.7004232
0.7267519
1.0877026
1.2422206
0.8600802
0.5301737
0.4566720
0.6943606
0.8652053
0.7893369
0.7876536
0.9655023
1.3349164
1.2196162
0.5903009
0.5776684
0.5380741
0.4285550
0.4949912
1.2403569
2.9504862
4.0966992
4.1303158
5.5120811
16.3619576
34.3159180
46.3258781
51.3247452
59.4161072
62.5431442
45.4238205
36.7901497
87.5986481
142.8128662
141.6698151
78.3050690
84.7157516
159.2706604
192.6327820
99.0744629
22.4975815
11.7168198
7.9089580
4.5381770
7.9347248
10.2283974
9.5348911
15.2250481
64.7525940
111.3162079
90.7310028
27.8577175
6.9801335
3.5960310
1.5906887
1.0490124
0.4808505
0.6018535
0.6072028
0.6002935
0.7633857
2.3503659
4.9230943
5.5544295
2.9027710
0.6647567
0.7190107
0.5788342
0.6130208
0.9640456
0.7153715
0.6420214
0.9846944
1.5599849
1.7140336
1.1434247
0.3479354
0.0384602
0.0071103
0.0000000
0.0000000
0.0000000
0.0000000
0.0000000
0.0000000
0.0000000
0.0000000
0.0000000
0.0000000
0.0000000
0.0000000
0.0000000
0.0000000
0.0000000
0.0000000
0.0000000
0.0000000
0.0000000
0.0000000
0.0000000
0.0000000
0.0000000
0.0000000
0.0000000
0.0000000
0.0000000
0.0000000
0.0000000
0.0000000
0.0000000
0.0000000
0.0000000
0.0000000
0.0000000
0.0000000
0.0000000
0.0000000
0.0000000
0.0000000
0.0000000
0.0000000
0.0000000
0.0000000
0.0000000
0.0000000
0.0000000
0.0000000
0.0000000
0.0000000
0.0000000
0.0000000
0.0000000
0.0000000
0.0000000
