0.0000000
0.0000000
0.0000000
0.0000000
0.0000000
0.0000000
0.0000000
0.0000000
0.0000000
0.0000000
0.0000000
0.0000000
0.0000000
0.0000000
0.0000000
0.0000000
0.0000000
0.0000000
0.0000000
0.0000000
0.0000000
0.0000000
0.0000000
0.0000000
0.0000000
0.0000000
0.0000000
0.0000000
0.0000000
0.0000000
0.0000000
0.0000000
0.0000000
0.0000000
0.0000000
0.0000000
0.0000000
0.0000000
0.0000000
0.0000000
0.0000000
0.0000000
0.0000000
0.0000000
0.0000000
0.0000000
0.0000000
0.0000000
0.0000000
0.0000000
0.0000000
0.0000000
0.0000000
0.0000000
0.0000000
0.0000000
0.0000000
0.0000000
0.0000000
0.0000000
0.0000000
0.0000000
0.0000000
0.0000000
0.0000000
0.0000000
0.0000000
0.0000000
0.0000000
0.0000000
0.0000000
0.0000000
0.0000000
0.0000000
0.0000000
0.0000000
0.0000000
0.0000000
0.0000000
0.0000000
0.0000000
0.0000000
0.0000000
0.0000000
0.0000000
0.0000000
0.0000000
0.0000000
0.0000000
0.0000000
0.0000000
0.0000000
0.0000000
0.0000000
0.0000000
0.0000000
0.0000000
0.0000000
0.0000000
0.0000000
0.0000000
0.0000000
0.0000000
0.0000000
0.0000000
0.0000000
0.0000000
0.0000000
0.0000000
0.1440394
0.8296198
1.7703322
2.1357737
1.7735806
1.2577939
1.2345093
1.4745510
1.1261033
0.6121904
0.3989408
0.4765996
0.5416712
0.6176980
0.6018766
0.5290152
0.6145608
2.4251735
9.4376259
18.8950653
28.8194466
62.0083160
122.1572647
156.6925201
129.2183990
82.2583847
39.4556618
19.9445992
19.9231033
37.4203911
83.9786758
85.4013672
57.2111893
37.5101776
37.8973999
14.3489065
4.9833894
6.6075191
2.9853745
0.5566887
0.4127002
0.2353128
0.3351700
0.5585586
0.6398380
0.6617327
0.5899915
0.4787292
0.5071231
2.7937615
10.0213604
31.5855312
68.6606827
86.2999725
65.5270996
37.9620514
41.9690208
35.3498878
18.4906693
6.9292502
2.1854813
0.5858572
2.8607671
9.1916904
17.2365589
24.7878304
27.4333534
24.7885227
20.0762310
24.0765114
26.3439236
42.6491852
73.7966766
156.1694794
275.2809448
372.6584473
508.8269653
630.4746704
630.2819214
440.6473999
265.6910400
196.7123260
178.2799225
158.8203583
115.6282196
62.4487495
23.2825069
13.9113846
22.6439056
41.3642159
54.0959396
60.3954468
63.0806503
55.3985443
36.3915863
21.7995968
13.1036415
7.8003545
3.9411039
3.3459764
2.8251402
2.5974176
5.4153433
7.8160458
8.2453299
8.3544922
8.6417303
8.2298222
6.7796583
4.0523930
1.8906443
1.7611915
6.1539822
17.4929962
41.2937775
132.7243652
278.3937378
343.3123169
250.8710938
80.5880737
28.9771614
17.4233990
16.8501091
17.5678864
21.3485565
156.7834015
452.9388123
653.3492432
547.1399536
267.3514404
126.9361267
94.1671829
66.3496475
30.4014759
25.2797890
25.0729561
27.1999378
42.7351074
66.7195892
89.8534470
87.2993622
55.3879318
23.6370811
15.1693249
10.5067902
6.8745809
2.2780123
4.9435511
41.1600113
103.3447113
157.5452118
195.2260132
202.5435333
176.3735809
134.9072876
118.9614487
164.6340027
151.0702362
99.5419006
55.2291908
19.5474453
103.7702560
150.5138702
147.8467407
148.5242004
155.0603943
144.3202515
100.3720398
38.8457108
18.1888123
3.5262802
0.7234147
2.8725514
7.5807300
10.9720573
11.0977526
10.5055027
9.8266802
9.8035192
9.6399536
10.3211813
9.4035521
5.8625259
4.8807321
19.3401318
77.1271210
172.3588409
225.5513611
173.3616943
71.7640686
32.7187920
23.7820892
16.5230331
25.5807858
68.4831238
71.0813522
41.6008453
22.0744953
34.2430573
25.1661949
16.0029087
11.0892334
23.1499786
93.0485458
164.2469025
205.1727448
191.9790344
158.9325714
178.5889435
211.9222717
206.4875031
132.2174530
63.7512589
78.7036362
150.3523254
233.3828430
254.5652008
243.8849640
193.3885803
110.5259857
42.1679916
14.4485912
3.3486924
4.3518133
19.0181389
51.2057228
87.5783768
131.6074524
167.6543884
159.0028992
120.9010773
69.5074844
41.9871788
10.8378267
2.1484160
6.8058147
18.7889137
30.7657356
80.8427200
266.8786621
538.6218872
657.9125366
495.8988342
253.3791504
90.9278183
18.2394943
16.6359882
19.3382874
12.7157755
24.1094742
116.2940979
239.1161804
256.9561462
169.0848999
103.3634033
75.2057953
71.7343826
42.2445068
34.4132919
56.4115906
105.1824341
124.9058304
83.8822556
29.9122124
14.9818630
38.8232651
113.4068909
161.0436554
124.2552338
81.7017441
62.1797829
77.7181854
93.3056259
115.0989151
149.5910645
197.0495911
136.6469879
39.7721825
13.3807135
5.8973780
2.0406058
5.9323444
49.8182602
101.9092636
127.7152176
111.1861496
81.6522598
47.8778305
47.7449989
44.7518425
29.1730747
23.2681198
36.9629784
82.4771957
136.0089111
139.8734741
117.5089798
81.8775406
64.8801804
88.8727417
82.9311829
52.2456589
28.0073051
29.3190689
48.6276321
60.6040268
44.0707016
18.5721321
4.9147053
1.8093354
2.2478249
3.3484006
72.9458237
334.2528687
645.2559814
676.6279907
351.2323914
98.6386642
19.6562767
12.8450279
33.8809700
33.2396889
20.3401966
14.9792690
14.6721029
14.8462276
47.8127174
148.8159332
284.9257202
377.1863403
315.4988403
143.4696350
21.8049259
2.5386643
1.0309016
1.9142811
3.4074483
1.1545944
0.4397990
2.1541481
26.1664696
73.9631653
108.0886154
102.8338699
75.4942245
58.7959862
68.5269089
64.9536285
57.1256714
69.9589462
93.9459000
91.1734772
117.3057938
209.2478485
307.7823181
311.4587708
210.1611328
83.9517059
17.3115978
10.9671640
53.7008514
106.9797363
94.7875671
31.8697147
10.8125668
11.3593864
20.6219788
31.1800594
35.2022171
29.4591713
36.7368393
126.8504181
344.6039429
593.3715820
680.1499634
557.3571777
355.4910278
212.3052979
189.9795990
225.6244049
265.2331238
199.5782471
122.9596024
118.5562515
259.8662415
377.8016663
225.7499084
74.9130936
63.6025009
46.6994095
30.8568459
24.3156013
28.7927151
75.2618256
130.5294495
132.5794220
105.6911163
88.3083344
108.7048645
98.1790161
75.8711395
57.9862213
32.8768349
19.5624962
15.8041134
30.4951992
46.5665588
42.4133759
40.3794479
61.8681793
75.1803894
75.4937820
58.0890121
36.0359421
29.0888348
32.6200790
25.9573631
8.4809952
6.5877628
82.1300201
280.0143127
443.5257568
420.4782104
228.3775330
84.1395950
22.1448956
7.5165753
5.3248644
14.1604691
22.3857975
66.5447311
165.4793701
284.3464355
373.4150696
365.3154602
260.4675293
106.0494919
30.0590401
13.9883699
7.5611591
2.9323893
4.5909247
11.6036921
90.0587692
281.9651184
475.4117737
581.7683716
560.5546265
495.2410889
328.7397766
217.3345795
143.5049438
202.9056854
406.1145325
255.9940186
194.0878296
232.5881805
228.8981018
116.3048859
29.1489563
13.2727985
7.5713315
8.6840191
66.7058105
147.7347107
149.1499329
94.8737717
49.4510651
28.1422997
9.5370274
4.0233479
3.1543288
12.6400986
23.0507278
20.4485550
12.3939505
5.1593819
1.9152149
3.6103768
3.3178968
2.1065404
3.1025903
10.8932905
17.4150257
24.6879768
35.3813934
52.3778572
65.1287460
68.5763245
69.3552856
74.7082138
72.7473221
82.6005859
91.5774231
81.6524353
59.8920479
43.7097130
37.0010986
115.7548523
122.9645233
74.7445984
51.7290840
90.5449219
84.0903244
69.2867050
53.6146011
33.9396210
46.2103233
76.1359863
69.6501999
62.3644943
52.6426773
34.9936523
26.4917450
22.5406761
13.3955784
5.1253262
11.5272121
30.2853756
56.2239342
87.7184601
115.8044510
116.6965637
79.7102203
37.2748184
19.2509651
9.1239128
4.2465982
1.3178800
0.2331878
0.3114679
0.3026981
18.6170235
103.3621979
270.3014221
481.9566650
565.8988037
401.8466492
143.1192322
35.8340988
23.7067738
48.2161636
67.1861038
106.6377258
169.7551422
204.0958862
238.2777863
236.2425537
177.1588135
80.4253235
16.7603188
10.4383850
6.0969572
2.5503502
0.9967722
1.4789971
6.2240419
11.5556765
12.5642986
10.3181448
9.0303831
8.7813587
8.3356953
8.5735226
8.2964058
8.4491405
7.6436901
6.5656233
5.8511858
3.9598539
2.4507279
1.5110613
0.8891360
7.3603559
51.2876854
171.0297852
318.9429932
383.8662109
340.5958557
286.0847778
267.8719482
270.5343628
313.8581238
285.8145142
235.9078979
283.7756348
343.8373108
267.2532654
145.8706665
136.9643250
130.5603180
46.2879791
9.5081873
56.3662987
209.4826202
321.6467285
241.1751099
139.3065491
150.9341125
251.9816284
313.8611145
204.5860138
55.9134712
11.7445488
3.9574907
17.5912495
60.1202545
78.4870300
59.5143166
43.9678841
28.0605602
22.8439331
21.8058071
46.0899963
69.7444153
64.5001984
61.4126358
59.1567039
44.9922600
26.9583302
21.6198730
18.5969963
19.9026852
23.6970253
25.3229218
22.7214127
20.4808388
20.2259769
19.6114120
33.9527206
110.7687912
227.1931610
299.0429688
287.4096069
226.1810913
184.9688568
140.5068665
108.3406677
63.2921486
33.7492828
22.2616806
30.0722580
26.6415863
7.1392636
2.8168855
25.9616413
79.8251343
128.7238464
158.9759521
179.8969879
139.4426880
80.6619339
60.2827835
53.9632454
69.2764587
68.0053482
109.7410049
97.6327209
74.1441345
49.7994919
47.1455574
45.9812584
47.5762672
41.7105217
23.0100536
42.8020935
116.2513504
165.0687408
148.5393219
109.2632751
75.4966965
42.7017937
28.1618996
52.2060928
93.7519073
92.2750549
70.1145935
62.0260086
64.6151428
56.1653938
32.4129372
14.9325657
8.4910383
5.2383013
20.3938637
36.4940033
46.6296425
58.3480072
102.0360718
157.1596222
181.6326141
171.2285919
155.9180603
151.8827209
118.7638245
88.5905457
66.7286301
50.7520714
42.5944290
57.0118217
60.4847336
42.0023651
46.2334747
47.8861542
17.9929352
2.5552952
0.5798456
0.5245924
9.9905806
85.8133316
188.5271912
226.1820068
172.0317078
88.1798325
47.6284332
37.2945175
32.8353996
20.7148762
8.7978134
40.0708199
94.4477234
112.2941437
78.9468918
49.8058281
20.2014771
4.8709369
1.5097237
64.3848267
321.2768555
677.4436035
857.0579224
649.5483398
285.5955811
181.4499207
210.6326141
165.6339874
110.7766266
67.3205032
58.8485451
76.6204834
75.9249191
115.8833923
180.2012634
193.6303558
180.5944214
276.9158936
449.6937866
484.4444885
309.1911316
118.0581207
40.6575012
21.1456184
18.8373222
9.7431698
8.9285851
13.4388809
16.7499619
16.6627827
13.4366026
7.6241531
3.4668660
1.4940639
0.7357483
0.9546938
1.6990607
2.0020111
1.3388525
0.6574388
0.5365421
0.4774212
0.8558065
1.5053742
1.6591275
2.1057513
16.9327888
72.5527802
168.9747925
228.9641113
197.8166504
134.6230011
127.0919037
142.5233307
142.5374451
115.7681427
73.3032074
44.4482117
65.7976379
140.7718201
190.2691803
191.1113129
155.7015228
89.8084259
51.3593597
46.2131538
51.9039612
44.9054680
19.6369781
3.2099047
18.4337406
166.5908813
396.1011353
507.0367126
498.7231750
473.8698425
376.2258301
237.9090271
83.2656708
35.8628769
154.0734558
201.5113220
169.5904694
140.2659302
111.8257599
74.4884796
68.1959763
140.2991028
183.7516174
228.7047424
265.2038879
250.3467560
240.3609467
173.2466125
165.8097076
304.4770203
459.8224792
538.8707886
501.2313843
396.3618164
308.1117859
278.2171326
228.5703125
340.3529358
513.0996704
447.7246399
307.3936462
191.7874908
120.5330429
64.9770126
25.0970440
11.6271477
22.3657494
22.8465996
21.4677277
22.8897285
21.9910660
17.0424919
9.2632284
4.3609214
8.8936462
28.0195007
54.4216042
64.8660049
56.4886055
34.1956215
21.7119617
15.6427593
19.1564560
26.9228630
22.9407406
28.7333088
38.7451439
43.7916489
34.9279251
18.3870239
13.0871067
22.0361443
43.3592834
53.3840828
37.3808365
16.7681694
9.3305779
7.2421908
10.6168165
24.2293301
28.4900646
34.4847527
47.3250961
64.3021622
98.1851196
143.0809631
154.1471558
124.5066833
92.2861023
67.2944946
95.3082886
115.9114609
129.4096375
138.5531311
112.5493469
73.9147644
40.4491577
10.3327713
25.9801140
24.8690262
23.1160603
27.8965454
12.9757195
3.4832869
0.2805288
0.5343886
0.7563050
0.6117672
6.0438299
37.6377182
82.6230621
102.7900696
82.2405853
44.5363998
17.2749195
14.1202774
9.5526085
10.0809135
39.0545349
65.9747849
56.2459869
25.3028431
7.9156389
2.0793161
0.0833322
5.4868059
70.7112045
175.2021179
252.2194519
266.7465515
235.9975586
163.5264740
102.0173721
85.3494034
63.3137283
43.7853012
27.0248032
20.4129257
17.5240116
27.4560890
44.4049416
58.4580421
70.6969452
57.8597145
46.3963509
48.7101479
51.5355339
46.9348679
37.8716240
28.3724766
25.9503117
27.2259388
23.7359753
5.1831188
2.3876598
4.0732770
12.6600380
16.0678062
12.9254847
7.4895959
3.1541963
1.3381624
0.9596454
2.0064027
3.7551734
4.0331855
3.1826417
3.0177011
3.6627705
4.3372912
4.8676243
5.0585728
5.1756930
4.4942799
3.3672857
2.7002168
3.1964333
2.9419937
2.4546657
2.5014603
2.3306129
1.9906131
1.8118763
1.3404561
1.3473566
1.1748710
0.5980135
0.4150589
2.0868154
9.3637257
19.5642071
31.9381027
80.9039078
179.1959534
317.7960205
429.2633362
382.6983948
216.7115631
159.2720032
153.7911835
163.4127502
86.5188751
32.2610168
51.8698883
120.9460831
198.2741394
209.0031433
123.4656677
30.9174728
44.7632103
127.9868011
221.1740265
258.2177734
190.5893707
113.8006439
62.1008492
57.1725197
66.7432022
63.9052658
66.8412018
86.4118652
102.6636124
104.2793503
75.2481461
48.7332878
36.5389442
33.4312134
20.2888966
10.5050430
7.5373163
3.5088360
1.3953052
1.6632894
3.5800602
5.0602269
5.3556113
4.9983072
4.1353397
3.4130251
2.8863831
2.3819151
2.4023471
2.2337956
1.8091824
0.9907891
0.5776038
3.1491740
17.6473312
62.5411148
124.6626053
157.7604675
150.3859863
120.4497375
88.1198654
50.1013794
14.4607162
8.5863895
31.4485893
55.8702621
59.5139961
50.2766571
71.9633636
214.1101990
498.9783325
745.7361450
728.5582886
509.7598877
380.4082336
249.3267822
130.7494202
86.7371826
86.3037796
147.0158844
189.9138336
158.8155975
94.7232666
39.4125671
12.3864727
2.7072086
0.4070434
0.6946995
3.4310429
9.5125809
13.7536812
19.5922203
25.1745605
21.9484215
11.0749645
28.3980026
89.8133850
134.2162170
114.7101135
106.5186996
120.2067032
122.7854919
97.4428329
53.7962608
131.3668365
230.6361389
261.9932251
276.4321289
280.2068787
224.7184143
165.0427094
108.2410126
116.6504135
47.2835312
2.9632866
5.2020559
19.9804440
36.1494026
24.5878086
54.5424194
135.7326965
231.6272736
252.1990662
188.4828339
76.5261307
23.9907684
9.8568707
45.0339203
168.8133087
199.4996185
144.1840363
126.6974487
137.9722290
124.3537750
123.1279526
133.9710999
125.2098694
66.7873154
19.8075790
22.7368870
118.3129501
263.6466675
284.9937439
152.0540161
37.8091545
18.7085171
16.7638035
20.5453186
72.2267303
117.9059906
108.4207916
61.7387962
33.8327713
19.4652290
13.4702930
20.8345032
24.4682083
19.8450432
13.0563126
27.8355350
66.7478485
87.0769806
85.8765488
90.2593689
95.5898743
94.0919189
111.9888153
155.8393250
238.0741119
238.8867645
198.6401215
175.9514008
156.1114807
132.1454468
105.4553680
83.9830780
74.5160675
58.7098541
53.3954163
48.9936485
39.8403320
35.3428421
79.9662018
90.1625214
49.1917381
38.6340561
107.2893753
182.0901184
170.2792664
99.3654327
48.3451843
32.2756195
30.4949760
36.2237778
22.6243286
21.1760788
82.2049561
145.1459808
141.2590942
79.1015701
46.5930939
53.9050674
51.7198868
36.7991714
19.3265572
28.3450775
48.3069992
61.2895355
38.4642601
18.4209137
19.3380585
18.7455959
21.5044041
13.2565689
4.1582770
1.0214263
2.5040369
12.1725025
25.1024284
58.1203270
140.7543793
216.6755676
221.2046356
155.7737274
105.1319656
82.0830765
88.1208267
72.9675217
38.4267426
34.2299538
21.5160027
28.8637218
63.1791458
98.1304932
101.9197769
75.7408676
59.9582291
32.0213814
17.6714897
21.1129875
28.8311176
57.4384727
130.4702301
233.9951477
345.3625793
477.6332397
496.5781555
301.6543884
102.7660599
102.4724579
115.3016739
76.3537979
41.6376190
22.0679188
6.5078979
4.4231362
10.7746773
45.3295212
84.5967484
90.9374008
69.7665405
44.2380447
30.1566181
27.7167664
22.7624149
7.7313175
14.7576666
71.7054825
182.0425415
254.3867798
219.8213806
115.5097351
35.5362129
14.3660231
60.7847519
260.1401367
388.3556824
318.9116821
147.5737000
51.5292435
12.9689007
10.1319885
65.2198639
142.0438080
110.2288513
34.5015526
4.9871864
0.5192002
0.4781367
1.0390248
12.9325771
28.8092804
33.9012756
34.8000793
33.2268944
24.0973530
20.1775036
36.4359970
71.6218719
113.8332825
152.7598419
182.3161774
193.2024078
173.9952393
133.8649902
93.2733536
50.1879425
22.1353970
8.9014330
4.0718427
2.6663880
5.4333916
22.9048767
48.2264595
55.8387604
43.6197205
27.8194370
26.4268780
23.7895393
18.0999947
9.4595327
34.2987137
116.0283585
191.4851685
167.4819489
64.3142090
9.7534380
10.9293404
29.2944660
53.1661873
36.9923820
10.3529949
2.8669047
0.6432788
0.6326025
5.5376415
23.1418972
26.2787113
20.5803185
15.3769636
11.3890772
8.3399181
5.9443035
3.0792835
5.7134705
15.7722569
23.3868961
38.8775520
67.5946655
99.3523102
120.3282547
118.5861588
100.0464172
82.7145996
87.1480789
95.7350159
77.8531952
118.8544846
165.6297302
141.5573883
89.9944687
40.3670921
11.1877060
2.1084406
0.7956749
0.7661069
12.0501747
34.6248550
30.8444309
9.9360580
0.9224331
0.2950182
0.1674236
0.1132709
0.2060595
0.3901351
0.6083390
0.9429582
1.4636452
1.4992108
3.7384186
8.3171062
9.5423231
7.0704432
16.5959263
42.1507988
59.3696060
49.6041718
24.0954590
9.8251753
6.5677223
7.9758649
18.6995926
31.0608940
24.1233959
10.7320290
7.7371678
2.7485929
1.0914884
3.0960290
13.0385799
24.0047131
22.2227173
16.3238754
12.2704935
12.4239998
13.7540960
9.6915522
6.1724796
1.2752769
13.3493414
22.1026745
26.4440022
33.4933128
45.5460968
69.6095505
114.0074387
162.1894836
181.9871674
152.7715454
101.5170441
76.8289185
127.1379852
154.5581665
127.9358673
89.1231003
48.7003250
17.0808868
3.5385935
0.3416699
0.1556975
0.9960588
13.1618137
35.5682144
45.7845306
32.3352051
7.7269297
0.9282623
0.3936296
0.4775066
0.5602192
0.4096951
0.3791144
0.4363502
0.4771345
0.6914361
0.6962170
0.4400206
0.3743420
0.4095795
0.5138167
0.7600551
0.8271764
0.7480692
0.5631540
0.7906156
0.9304540
1.0764980
1.0130233
0.7256899
0.3355049
0.1092790
0.0122152
0.0009475
0.0000000
0.0000000
0.0000000
0.0000000
0.0000000
0.0000000
0.0000000
0.0000000
0.0000000
0.0000000
0.0000000
0.0000000
0.0000000
0.0000000
0.0000000
0.0000000
0.0000000
0.0000000
0.0000000
0.0000000
0.0000000
0.0000000
0.0000000
0.0000000
0.0000000
0.0000000
0.0000000
0.0000000
0.0000000
0.0000000
0.0000000
0.0000000
0.0000000
0.0000000
0.0000000
0.0000000
0.0000000
0.0000000
0.0000000
0.0000000
0.0000000
0.0000000
0.0000000
0.0000000
0.0000000
0.0000000
0.0000000
0.0000000
0.0000000
0.0000000
0.0000000
0.0000000
0.0000000
0.0000000
0.0000000
0.0000000
0.0000000
0.0000000
0.0000000
0.0000000
0.0000000
0.0000000
0.0000000
0.0000000
0.0000000
0.0000000
0.0000000
0.0000000
0.0000000
0.0000000
0.0000000
0.0000000
0.0000000
0.0000000
0.0000000
0.0000000
0.0000000
0.0000000
0.0000000
0.0000000
0.0000000
0.0000000
0.0000000
0.0000000
0.0000000
0.0000000
0.0000000
0.0000000
0.0000000
0.0000000
0.0000000
0.0000000
0.0000000
0.0000000
0.0000000
0.0000000
0.0000000
0.0000000
0.0000000
0.0000000
0.0000000
0.0000000
0.0000000
0.0000000
0.0000000
0.0000000
0.0000000
0.0000000
0.0000000
0.0000000
0.0000000
0.0000000
0.0000000
0.0000000
0.0000000
0.0000000
0.0000000
0.0000000
0.0000000
0.0000000
0.0000000
0.0000000
0.0000000
0.0000000
0.0000000
0.0000000
0.0000000
0.0000000
0.0000000
0.0000000
0.0000000
0.0000000
0.0000000
0.0000000
0.0000000
0.0000000
0.0000000
0.0000000
0.0000000
0.0000000
0.0000000
0.0000000
0.0000000
0.0000000
0.0000000
0.0000000
0.0000000
0.0000000
0.0000000
0.0000000
0.0000000
0.0000000
0.0000000
0.0000000
0.0000000
0.0000000
0.0000000
0.0000000
0.0000000
0.0000000
0.0000000
0.0000000
0.0000000
0.0000000
0.0000000
0.0000000
0.0000000
0.0000000
0.0000000
0.0000000
0.0000000
0.0000000
0.0000000
0.0000000
0.0000000
0.0000000
0.0000000
0.0000000
0.0000000
0.0000000
0.0000000
0.0000000
0.0000000
0.0000000
0.0000000
0.0000000
0.0000000
0.0000000
0.0000000
0.0000000
0.0000000
0.0000000
0.0000000
0.0000000
0.0000000
0.0000000
0.0000000
0.0000000
0.0000000
0.0000000
0.0000000
0.0000000
0.0000000
0.0000000
0.0000000
0.0000000
0.0000000
0.0000000
0.0000000
0.0000000
0.0000000
0.0000000
0.0000000
0.0000000
0.0000000
0.0000000
0.0000000
0.0000000
0.0000000
0.0000000
0.0000000
0.0000000
0.0000000
0.0000000
0.0000000
0.0000000
0.0000000
0.0000000
0.0000000
0.0000000
0.0000000
0.0000000
0.0000000
0.0000000
0.0000000
0.0000000
0.0000000
0.0000000
0.0000000
0.0000000
0.0000000
0.0000000
0.0000000
0.0000000
0.0000000
0.0000000
0.0000000
0.0000000
0.0000000
0.0000000
0.0000000
0.0000000
0.0000000
0.0000000
0.0000000
0.0000000
0.0000000
0.0000000
0.0000000
0.0000000
0.0000000
0.0000000
0.0000000
0.0000000
0.0000000
0.0000000
0.0000000
0.0000000
0.0000000
0.0000000
0.0000000
0.0000000
0.0000000
0.0000000
0.0000000
0.0000000
0.0000000
0.0000000
0.0000000
0.0000000
0.0000000
0.0000000
0.0000000
0.0000000
0.0000000
0.0000000
0.0000000
0.0000000
0.0000000
0.0000000
0.0000000
0.0000000
0.0000000
0.0000000
0.0000000
0.0000000
0.0000000
0.0000000
0.0000000
0.0000000
0.0000000
0.0000000
0.0000000
0.0000000
0.0000000
0.0000000
0.0000000
0.0000000
0.0000000
0.0000000
0.0000000
0.0000000
0.0000000
0.0000000
0.0000000
0.0000000
0.0000000
0.0000000
0.0000000
0.0000000
0.0000000
0.0000000
0.0000000
0.0000000
0.0000000
0.0000000
0.0000000
0.0000000
0.0000000
0.0000000
0.0000000
0.0000000
0.0000000
0.0000000
0.0000000
0.0000000
0.0000000
0.0000000
0.0000000
0.0000000
0.0000000
0.0000000
0.0000000
0.0000000
0.0000000
0.0000000
0.0000000
0.0000000
0.0000000
0.0000000
0.0000000
0.0000000
0.0000000
0.0000000
0.0000000
0.0000000
0.0000000
0.0000000
0.0000000
0.0000000
0.0000000
0.0000000
0.0000000
0.0000000
0.0000000
0.0000000
0.0000000
0.0000000
0.0000000
0.0000000
0.0000000
0.0000000
0.0000000
0.0000000
0.0000000
0.0000000
0.0000000
0.0000000
0.0000000
0.0000000
0.0000000
0.0000000
0.0000000
0.0000000
0.0000000
0.0000000
0.0000000
0.0000000
0.0000000
0.0000000
0.0000000
0.0000000
0.0000000
0.0000000
0.0000000
0.0000000
0.0000000
0.0000000
0.0000000
0.0000000
0.0000000
0.0000000
0.0000000
0.0000000
0.0000000
0.0000000
0.0000000
0.0000000
0.0000000
0.0000000
0.0000000
0.0000000
0.0000000
0.0000000
0.0000000
0.0000000
0.0000000
0.0000000
0.0000000
0.0000000
0.0000000
0.0000000
0.0000000
0.0000000
0.0000000
0.0000000
0.0000000
0.0000000
0.0000000
0.0000000
0.0000000
0.0000000
0.0000000
0.0000000
0.0000000
0.0000000
0.0000000
0.0000000
0.0000000
0.0000000
0.0000000
0.0000000
0.0000000
0.0000000
0.0000000
0.0000000
0.0000000
0.0000000
0.0000000
0.0000000
0.0000000
0.0000000
0.0000000
0.0000000
0.0000000
0.0000000
0.0000000
0.0000000
0.0000000
0.0000000
0.0000000
0.0000000
0.0000000
0.0000000
0.0000000
0.0000000
0.0000000
0.0000000
0.0000000
0.0000000
0.0000000
0.0000000
0.0000000
0.0000000
0.0000000
0.0000000
0.0000000
0.0000000
0.0000000
0.0000000
0.0000000
0.0000000
0.0000000
0.0000000
0.0000000
0.0000000
0.0000000
0.0000000
0.0000000
0.0000000
0.0000000
0.0000000
0.0000000
0.0000000
0.0000000
0.0000000
0.0000000
0.0000000
0.0000000
0.0000000
0.0000000
0.0000000
0.0000000
0.0000000
0.0000000
0.0000000
0.0000000
0.0000000
0.0000000
0.0000000
0.0000000
0.0000000
0.0000000
0.0000000
0.0000000
0.0588345
0.3597563
0.7973480
1.1136578
1.2451044
1.0885557
0.7379415
0.5537471
0.5662637
0.6914380
0.5684242
0.5707353
0.6309060
0.6915260
1.1822551
5.8839312
26.5630798
57.7851105
70.1422424
53.1091042
32.0340004
17.3748741
19.2728081
20.6183910
17.9374294
14.3370752
11.9269276
7.5777836
3.7870181
3.3322101
8.2231483
15.4512482
28.3547440
46.4270744
65.8090515
90.3786316
118.2988358
133.5860443
125.3706055
116.5174255
137.5881195
116.4508743
97.9639282
85.8802719
58.0281754
26.6237507
9.9895267
6.3336749
5.7517490
15.3939438
40.2859802
57.3229828
56.7364426
49.8337517
44.9488754
35.4549904
23.1330013
9.6903858
2.6098547
1.4990618
8.3969164
21.9176311
24.7142200
7.6693244
1.7916706
1.1179483
0.6833805
0.3486660
0.1847395
0.2235148
0.2428859
0.4045312
0.5385906
0.5668089
0.6515109
1.1292564
1.3875633
0.9526522
0.6170432
0.6280127
1.1710602
1.8408355
1.7136258
1.4571085
1.6401535
1.8530097
3.8087893
22.5817852
56.6116142
71.8985367
52.0145073
23.6729240
8.5208368
13.8021564
13.6958847
11.4120464
7.3662667
10.7243176
15.6817713
14.5964203
12.2675323
12.8890495
18.2858238
25.6126957
29.8667946
36.3324814
50.6528549
68.6525192
74.3878174
74.4918594
76.2759628
68.3079071
49.8248749
36.3728561
37.6185951
49.5373230
64.0851669
88.9692917
122.2770615
129.2586975
87.6722870
51.5929794
41.9187927
42.7102776
39.9499817
36.6035500
49.1808701
69.0641937
64.2433472
83.6203461
119.1440277
125.6520233
98.8815308
72.3503723
66.8241882
75.2851257
73.4483643
45.6170273
13.8978939
2.8569016
0.7962027
10.8377438
43.6997375
33.7929001
2.6314483
0.8435357
3.4181087
9.3525715
13.6634512
13.4293919
11.6090269
11.2565432
14.7296457
18.9622116
37.9452438
91.8894196
172.0536499
260.9692383
300.8652039
225.4716034
104.0478973
54.9065933
35.4732590
24.2678890
9.3390598
39.4017982
115.8226318
168.8532715
156.5600586
98.0442963
44.5417938
17.6554413
12.3139839
49.1300812
155.9485474
209.2349091
179.8915253
126.0006332
54.3241463
22.6437073
21.4611797
65.6243362
155.6859131
163.4778595
106.8159103
67.8195038
82.0216827
117.8203964
180.8388977
233.9392242
226.2641449
145.4661407
55.1869164
2.8716025
3.6012919
0.3742128
0.2417545
0.6288204
1.9575158
3.5229812
4.5985260
4.1592278
3.1901548
2.7794085
2.5193174
2.2774560
1.9489374
1.6162577
1.0938829
0.8723609
0.6095634
0.5969789
0.9206105
1.8899758
9.1899776
29.7478600
51.4849319
55.1335678
37.3920593
25.9467354
19.3707924
32.2380180
39.7711296
24.8672161
13.8775158
28.8666306
29.4379215
29.2920303
40.2774773
45.3839569
24.4848843
3.1247811
3.3381054
4.8367553
3.1627162
0.7912015
0.7170061
0.9474543
0.6119000
0.3988785
1.6294845
30.5163879
112.9687653
277.5328674
510.7531433
652.1306152
540.1755981
227.4334869
87.5225983
75.1436920
76.4940109
84.7637787
109.2225647
103.0705185
115.0132828
126.2600708
107.8404083
116.2799683
150.3474121
114.6780701
61.6877136
17.9991074
9.7199459
12.1376724
20.2718964
33.4313660
34.3114815
27.0426102
17.6349869
13.4573059
17.3024254
17.3781643
14.1205349
15.7466125
22.4541435
25.5880089
19.5979309
11.2189970
7.1591949
5.5987329
3.4942064
1.0767919
0.5359468
0.4426953
0.3969551
0.8567718
2.8487983
3.7478404
4.3907032
4.7876997
4.8571596
4.2406044
3.7032676
3.5691578
3.0488977
2.3336136
2.0293920
1.5966083
1.2047232
1.1154952
0.8015637
0.7166646
1.5757914
18.2365608
49.8885422
66.5957260
51.6348457
20.5669632
7.9150171
35.1377945
75.2730560
90.5764542
68.0385056
48.5669556
34.0705490
29.2457485
28.3390236
30.7523613
47.8944130
46.0212860
22.9018135
4.8353019
1.5217260
1.7870493
9.9901543
15.8492451
14.0793991
14.1369658
14.1868582
13.8712215
21.4977379
46.8746262
102.9409103
172.7722778
199.0352936
165.2745361
93.0036240
30.0545845
10.3835373
4.8015752
2.3893673
5.3726072
20.3642807
18.1366138
3.4227147
0.8147860
0.6186549
2.4705133
6.2466240
5.9772158
5.0391316
4.6101360
4.6389360
4.3100624
3.9737213
4.1737394
5.2897334
6.9673386
6.4465561
3.2319672
2.4460392
8.8698034
20.4949245
35.7261124
67.6083374
117.5372696
202.4974976
308.5426636
341.6258545
236.3981323
126.8074951
89.4096909
55.4370155
53.3267708
73.3891525
96.8298645
89.2930374
84.4840393
88.6090164
100.3266144
100.6847458
98.4748535
89.8354492
80.9281464
29.3245220
9.3876810
9.2055025
16.5775337
60.9948044
155.2041016
235.6706696
211.5769958
101.8291626
40.8440056
11.5961075
5.4906635
42.0226135
124.0723419
109.4058228
35.1762161
6.0916724
11.1862717
55.5595665
113.2422638
125.6824570
74.9273376
33.7612038
14.4306755
9.3321934
6.2107821
3.0645065
2.6090169
38.9994659
150.0010376
224.4088745
200.9186707
197.0971527
314.5152588
485.4825439
525.8290405
388.3575745
174.8214111
49.2904320
8.1991119
5.7341104
16.0216007
27.4824867
32.9620438
32.5849113
56.9681931
162.4957581
317.5164185
418.6926880
378.3695984
266.2941895
143.2556000
95.5471802
72.8851013
229.0182343
261.3589478
150.5175629
105.5242920
103.1981049
74.4392700
18.2699223
4.9539795
1.0702997
1.6358396
3.3915439
4.8889103
4.9002934
3.7355273
1.7585927
0.6337256
0.3896562
1.2214736
6.0238376
13.1200266
15.9505024
14.0103931
19.9207344
48.9933929
91.1805954
126.5455017
145.7979584
146.9794312
124.4865189
99.7489777
85.6720428
147.8563995
144.0790863
127.4758453
125.9038696
106.7161026
100.6802216
85.2458649
63.7815323
48.6349030
55.2467880
69.7134552
87.9024200
107.2692642
132.8931427
142.9329071
110.9271011
61.4395828
59.5803375
80.5442886
70.6791992
63.6948509
100.1362076
76.4980164
101.0381012
102.7083817
62.2606277
22.3169518
2.8314834
1.3486127
3.3482480
8.9372463
16.8011837
20.1031151
17.0012512
15.0206766
33.5734634
65.6093369
83.4127960
78.3495255
64.6833954
56.6222763
47.9054031
42.7306328
42.0536385
37.0904922
24.9978008
18.6461296
19.6219139
22.7486267
68.3904266
141.3274689
166.3349304
135.8970032
95.4515076
103.3921509
104.1578522
75.0996475
31.9497375
22.8104572
21.9897957
13.2438078
4.7829938
6.1819959
9.5138140
18.2823467
25.9189758
26.5668259
22.8528595
32.5868263
78.6252441
150.4572754
201.8249207
196.2616730
149.7350616
121.8526306
112.9765015
134.4690094
162.7121735
107.7511673
46.3299179
30.3033142
19.7814484
8.7884865
5.6592073
6.9309616
45.3369408
104.6449432
110.7249985
66.4960175
30.3157539
19.7293854
17.9105892
31.2169380
65.8913574
92.3954010
101.0589752
88.3960114
55.2250977
25.9874153
8.7381802
11.4941006
51.2142639
119.4246826
118.2660828
41.3840828
7.2647576
2.5327401
2.5641730
12.0334549
31.0146122
61.5280762
121.7343903
223.5237579
298.4644165
291.0340881
222.3730774
186.2401886
204.4973297
242.9732208
334.2689819
327.4133606
273.5065308
180.3606110
102.7875824
57.6420441
37.5215683
48.3597565
77.5369034
67.1091919
20.4800568
13.3534231
36.6107597
138.3423462
220.0688629
150.1711578
33.6965981
6.5306821
2.4933712
9.9109030
49.4503593
101.9612274
100.2539215
90.2699738
88.1814117
88.5496521
74.8516998
42.8708344
13.3593254
4.3066702
1.6109496
14.1855621
64.0030289
98.5213776
87.9038696
52.1696815
40.0494576
102.2616043
205.9966736
237.6589355
195.5274048
148.1076813
101.0627518
32.5759354
4.5464058
0.6855775
0.6507392
4.5090609
15.3438845
16.8656540
14.6950188
13.1074085
11.0082998
7.8029013
4.2900362
2.9560297
3.1294010
4.1200061
3.5278041
2.5326190
1.4039011
0.7751881
0.8078647
1.4563926
1.0834483
4.3598032
38.2843094
107.9441528
183.7335663
240.6367188
288.2251892
293.5195007
258.9478149
185.0410156
102.3436279
36.9960670
39.1772461
60.6568413
49.6690598
19.2036800
12.0235186
58.4748573
165.5931396
306.7952576
451.9895630
517.5029297
391.8746338
271.9073181
256.8178101
225.7096710
200.9746399
241.7425537
186.4627838
107.4080200
58.2181549
40.2705116
81.9490585
149.3734131
150.7912445
115.7614441
89.0138321
147.6406555
175.1315613
116.2667160
36.5509262
22.3029518
6.2242103
1.6189251
0.5378321
1.2713442
2.8928790
3.1718020
2.5936966
1.7760116
1.4877063
3.1737819
14.5992699
53.3889923
109.1163406
127.3509064
75.9595642
18.1769753
7.3884006
7.5049658
48.9813232
145.4032288
153.5834045
143.0945587
196.0110321
250.6430664
197.6343842
53.5441742
4.0744071
0.7567427
0.3052004
0.5125632
2.9558790
13.6291389
27.9532928
32.8927002
24.3435020
14.5558481
13.7190561
31.4673615
99.2878189
141.2612457
121.6027069
84.8093491
74.4010315
85.0235138
116.6312485
145.5557556
176.5624542
200.7553558
188.2661896
150.9526520
152.5730743
175.6949615
201.5662384
164.5437317
137.1320038
110.1234589
91.7151413
100.6743088
218.4427185
359.0424500
282.0326538
107.2485657
21.1561584
14.5351801
13.9112778
18.7062607
18.4685059
28.3067799
36.3326302
35.6863480
25.5650558
12.6295156
8.5887547
44.4382820
146.6794281
275.2703552
318.5459290
196.5447235
53.3128815
18.0402832
15.9993286
24.9847717
43.4571571
59.9339447
58.5164299
34.4256363
19.5312920
22.6422729
14.2723522
7.4455843
36.1554680
96.8156204
122.2708664
108.7946091
76.2382812
94.8006592
163.7758942
200.8702393
163.6773071
133.0842896
129.1498566
176.4990234
201.2586670
188.6767120
186.0658417
145.8682861
56.5291405
59.4082870
28.3603382
11.6076546
22.7539139
57.6280899
72.6283417
55.8826370
27.5126801
11.3106804
18.5379639
39.5300369
53.5848160
52.3448944
45.1778374
36.8689194
31.4816761
28.1408806
30.9438705
54.1398888
128.5018768
198.7913513
177.2035522
91.7741470
28.9506912
21.0856857
26.5642490
38.2215195
57.6516266
46.1143341
17.4769917
17.8819675
53.3678818
118.6008453
181.9613647
174.1681519
87.2382355
15.8753452
20.6959457
101.1430817
177.1966553
127.5075912
23.3923988
7.8517947
3.8801997
8.2632246
28.2175789
48.9305153
62.7491760
103.0958862
149.3261566
159.8645325
117.6547318
66.3560638
39.7597313
112.1515045
324.2918091
392.0526733
223.3962097
67.3342667
36.2464714
33.2137375
19.5804043
3.1382689
11.3277912
56.6797829
116.6048965
106.0064011
63.8356094
29.2345734
18.5728264
22.7680340
23.8132896
37.2372131
108.0781784
183.1015778
200.7403717
152.4643402
94.1831055
49.6170807
30.4540367
28.7016220
27.9025841
29.3769951
30.4078503
50.2413788
75.8989258
83.1087036
55.4025726
22.4356995
5.8951707
0.6063811
0.3910458
5.1070585
35.1039429
76.7754669
78.0786896
58.7341194
77.6888275
116.9105072
142.0617523
147.7514191
139.3176422
105.2759781
57.2811966
23.8974609
17.3986053
12.7438393
25.4710140
64.5469360
116.5708466
144.8937073
101.0422974
35.3920631
42.4868126
79.4408569
98.9923630
75.4907303
38.4071159
19.3285255
17.7104721
21.0247288
16.5660133
7.8059335
6.3552222
7.9515524
10.0254993
14.7387094
30.0848770
50.6035538
56.3789825
44.6465340
23.0157738
11.2733250
4.8179550
1.9966381
0.8244616
0.2770118
1.2879854
6.3606615
7.7516351
10.1292973
34.0121536
83.3682556
115.6184006
100.0413208
59.2823868
37.0013199
31.4626255
36.6177940
48.0138969
60.7496948
55.3380737
29.4477425
11.2002449
3.9423532
0.7700056
0.2369246
0.3982157
0.5536088
0.6355810
0.6076732
3.2181454
77.3856201
224.2394562
290.7670593
214.1844177
116.1382751
98.9809418
66.9616470
31.3835354
12.6622448
25.4603386
87.8511200
106.1127548
66.6783066
72.7292328
86.6930771
73.2233505
35.6656113
15.0521936
7.5983000
5.4579549
12.5960045
52.7119560
94.8904724
104.1144714
85.3303986
78.3851929
84.1773987
86.2030792
110.1616516
141.2286987
162.8031616
186.2156982
176.8156128
110.2765732
38.6441193
13.2142639
8.1325569
5.9156713
1.9342890
0.4603667
0.9854079
5.9982781
12.6353712
13.6114273
12.6855116
11.0912943
9.7949924
9.7616940
9.8502731
9.0556259
8.0563393
9.2429228
10.9264050
9.3146181
8.5158920
18.5082703
60.5134850
144.9123840
181.5883331
114.3425217
14.9672899
1.4816028
3.2239003
33.8972168
119.8574524
185.4344482
205.1896210
175.2732239
115.2730331
50.1128273
21.8950958
13.8144875
10.4634314
21.4103642
48.9788399
69.4155045
57.8968277
31.0435925
13.0873947
5.9137535
6.0070381
17.0492477
35.2574463
64.7641068
132.2631683
202.6693115
212.9914703
158.5894470
108.9175491
77.3958511
51.3954315
28.4269962
15.6072788
7.5600405
1.2527781
0.7836770
5.5163183
8.4390745
5.2177715
6.1852326
8.2210531
10.3819218
9.3640280
7.3064404
4.1108518
2.0457790
1.3076108
1.0102147
0.9811942
2.4511702
3.7538357
6.6225071
11.6283827
13.7826204
14.3275709
17.3508244
24.4260826
35.1308517
43.8265305
48.2749100
57.5355759
72.9649353
93.2843704
117.2256012
139.3141785
145.0661163
123.7881088
101.4894333
95.2029648
153.7804260
164.7994995
167.9621887
161.8494263
133.5961914
100.0299911
74.0508652
53.0271149
34.0543900
19.2804012
36.2902069
85.7118988
150.3029022
189.5718689
185.9405060
138.6384888
83.3051071
43.7550278
52.6496658
88.4558105
113.7704468
83.1561890
28.2591400
45.9373856
52.5925751
27.9803638
10.6685114
15.8396482
42.9342880
84.2937851
111.6525345
78.3539886
26.8309631
3.6070368
1.7248831
0.8787059
4.0014930
12.4651508
13.2462368
7.4517159
2.8624027
1.2777028
3.5682073
7.0726042
7.8701801
6.9240656
5.4128218
3.1624992
1.2569188
0.7448028
0.5901965
4.1064425
12.1679888
17.7438869
17.9387283
14.7183275
14.9293680
25.1601162
54.6963348
97.9573364
111.2784958
73.4635620
33.6980934
43.1194115
91.3554993
179.2243652
294.7097168
354.0312500
282.3222656
148.4612274
96.6905518
72.1964264
46.5553589
37.1543922
18.5163231
22.2458401
29.4459953
37.8422165
47.2256432
53.0700607
41.2687263
26.2601089
24.3095913
22.9483948
19.4880981
13.6168041
7.7125902
5.1614265
6.7097836
10.5575790
13.2482023
25.5547810
64.1633148
113.7301483
127.6539001
99.9386139
49.3834953
35.5006294
28.8016968
32.4804840
58.4725304
80.3225784
68.1740341
34.3121147
8.1401176
1.0411713
0.5315943
0.9915272
0.9921527
0.6984347
0.4618024
0.3991023
0.7231984
0.9520901
2.5550191
12.6210785
28.3003006
40.8413391
48.2358131
53.4336281
67.1148376
83.1401443
103.6571655
117.4757690
117.4349213
90.5188141
44.0385742
20.8283062
11.4079742
5.6861734
2.7250609
2.8924546
8.0507717
14.7618713
20.4611149
58.5275192
176.3364868
330.5481873
400.9935913
344.6464233
252.4669952
169.8203125
92.8217850
59.2420120
44.4129372
63.3898087
57.7582397
31.5352058
21.7191086
6.1186600
1.9810739
0.8617778
0.6298981
1.2469320
3.6847239
4.7194514
3.7459600
2.7259946
2.0433874
1.5667460
1.3937013
3.9271402
11.9709721
21.1683140
24.2148628
21.5119495
23.3421249
25.6366119
16.9427929
3.2524757
2.7323771
55.4594231
173.9656219
255.6693420
238.1404572
175.9076233
148.0470428
128.7971649
115.1080246
78.4032135
70.9697495
180.7554169
203.5372925
174.0521393
105.6474228
54.7068253
38.8633232
41.5732307
77.7131653
155.6247559
222.5228577
176.7153778
152.4676514
131.0050201
93.4564362
72.9487839
140.2078705
113.7977905
65.8003235
38.4046478
36.8588943
24.3837910
10.7781029
5.8469419
4.2732210
1.3713932
0.8489772
1.9656137
5.4173193
7.0975132
5.0691829
2.6392205
1.3862338
0.9618428
0.9305674
0.8964311
0.7528902
0.8504035
2.4769716
5.8590350
6.9733658
3.9942946
0.8053372
0.6191928
0.7377334
14.1614990
88.1641083
215.1678162
308.2255249
275.0406799
176.0519104
87.7940903
173.1639557
202.6884003
117.8598175
75.3079147
80.2903671
60.0419502
35.1090889
33.8835144
47.2019119
63.9466476
19.4115696
15.3982372
8.9722939
0.9345917
0.3717381
18.2038727
68.0590134
106.0227280
86.7064056
48.5058632
49.1782951
57.2874565
67.2093964
79.9321747
98.8802872
89.7357178
48.8957558
14.7498722
1.4244964
0.1592788
7.8150163
69.9866943
134.1972046
163.0924072
162.1369019
129.6315613
106.9324722
80.9917221
56.3422394
21.0234184
43.5868683
60.8376312
49.2690125
31.4036198
14.0594578
12.6333361
57.8669548
150.3136749
184.3436890
125.2852325
52.8573456
21.4127598
6.2838197
0.4616972
0.0453662
0.1543791
0.4064791
1.0295179
1.5934931
1.3109895
0.7290741
0.3666680
0.6969071
4.1804738
11.8164186
15.1335726
9.6472626
3.8786409
31.5017109
91.6172180
150.3582916
165.1381836
163.9921722
201.0017090
302.3003845
361.4739380
279.2859802
135.4657135
45.6104317
50.1595421
52.2812233
82.1950684
75.3937759
52.9228020
24.6460438
9.9406853
7.1176853
1.9244103
0.3188758
0.2139362
1.2932130
30.8717842
93.8104248
146.2264404
181.9930115
197.1295166
157.1473999
79.3464050
44.2101479
21.5276871
37.8847656
109.9970093
150.6288147
176.2005615
147.4337921
85.7568893
39.8682442
26.6551495
43.9121323
113.3493347
203.6405640
217.9419250
160.2227173
122.5398636
81.8776016
27.2413349
61.5521660
54.3133469
23.7032223
12.5893173
5.9226556
12.0234318
93.8670349
144.9399414
128.6912994
96.7269745
73.1849213
78.9957733
94.6461716
111.3960800
102.8406601
75.3892365
51.3840942
36.0443764
27.5906029
20.7157612
22.8488045
42.0336380
73.8697433
97.6113281
114.7954788
113.8798218
94.6675034
84.4453735
91.0271988
74.4121933
52.3570709
34.0623474
38.0625687
101.4444733
220.6678772
247.2743835
150.7042847
84.2216644
43.7950630
37.6191292
8.1601944
1.2743223
1.3138719
16.3634167
45.9707947
47.7223282
16.6341476
1.3927276
0.6084272
0.3141890
0.9383606
6.3226991
27.6995964
58.6628685
105.7183228
178.8723450
261.0663757
314.8629761
333.6453857
333.6501465
300.1068420
232.0682068
164.2307892
151.4497223
145.6678925
84.7188721
59.8369675
81.4123230
98.1340332
94.0559769
79.7456131
76.4164505
47.2333603
14.5102921
9.4051399
5.0085635
8.2082100
9.1868658
11.3470993
25.5149002
63.2392731
96.5790634
90.4211426
64.0076141
44.8466797
33.9179611
20.5481052
6.6209641
2.6154232
1.5718924
0.6843773
0.3043570
0.3663932
1.6504397
3.5439196
3.3671126
3.3250461
3.8671303
4.6564384
4.4963036
3.7457466
3.0643256
2.1839364
1.4486111
1.1548171
13.9908075
75.5789871
198.7325439
314.5140991
302.6082153
145.7924957
41.5553131
15.2633286
3.0066113
0.6400683
5.3751235
29.4145203
52.4715500
44.1853142
18.5934467
5.6383862
0.8479437
0.2008251
0.1415642
0.3577632
10.3461628
47.7474289
113.1955566
178.5959778
215.0849609
221.5485382
219.4946136
238.9190979
293.5373535
332.5459595
327.3937378
279.3585815
186.5912323
98.5602417
84.3159180
50.2130432
36.3817062
29.4948578
52.2579117
67.2349548
54.5343475
46.0319138
38.4777298
35.1925316
31.9640598
19.1117554
57.1158104
129.6112671
214.9822083
230.0810547
123.2967377
16.7474041
1.0218707
19.0125713
111.7441940
229.3985291
203.0470276
101.3330383
32.3269882
11.3431969
13.7753258
8.6068640
2.2691801
5.1379223
38.7835770
103.3591919
148.3733978
142.9615631
114.3004303
83.9278641
69.0274429
55.6654549
55.3364258
42.8487015
31.7217827
27.2966309
23.6485481
25.9131050
37.2440147
56.5439644
62.3247833
52.9820480
39.5191727
28.4795399
17.5627918
7.7041988
3.8437064
7.7665310
17.5227146
29.8925724
42.5017357
59.5055847
67.6057892
57.9285240
27.6249161
23.2393703
26.3308449
25.2183456
72.3585281
162.2062225
202.6311646
200.3145752
179.5811005
154.7963562
95.3904724
71.1851730
61.5597839
45.2407990
14.5370998
15.4848747
37.1219101
64.4443207
73.7398148
60.1227798
42.3197632
43.6610298
54.2434387
45.6204338
20.5600891
5.2881145
14.5455923
42.9585648
56.1809883
65.0496063
80.5001144
77.4765625
50.0540161
19.3984413
4.4742689
1.6618103
15.3524399
67.6882782
110.2764587
104.0720825
85.5537338
93.4251938
85.4667358
86.1836090
108.6076355
120.5023346
103.5463028
59.9844055
17.8079014
9.4321032
3.4605024
0.3993523
0.3976025
0.4940738
18.0165119
76.8216400
128.8440399
153.5902557
161.5805969
160.1101837
128.0805817
70.6257401
51.1108589
50.7345009
55.2114029
76.4202957
77.6874542
48.0343246
29.2246208
24.9695015
57.9399109
89.1366577
89.6119385
80.0431137
59.4443626
39.6298485
18.1632805
41.9305229
106.7244720
165.6412201
172.0566406
156.3672943
106.3495483
46.8430252
16.0235653
9.3379669
7.0888162
14.5573587
28.0550919
28.4982338
16.9977512
16.9472713
17.2972374
15.9325428
19.2654915
21.9573612
17.0814991
9.8081703
5.2112947
3.4198880
2.9164176
2.5389075
1.6405159
1.3159618
0.6620032
0.5209196
0.5351124
0.4469155
0.2829050
0.3404944
0.3274876
0.4742086
0.6590390
0.7557928
1.0641431
1.5460633
1.8535119
1.8664209
1.5584939
1.0643308
0.4900681
0.1276133
0.0147466
0.0021999
0.0000046
0.0000000
0.0000000
0.0000000
0.0000000
0.0000000
0.0000000
0.0000000
0.0000000
0.0000000
0.0000000
0.0000000
0.0000000
0.0000000
0.0000000
0.0000000
0.0000000
0.0000000
0.0000000
0.0000000
0.0000000
0.0000000
0.0000000
0.0000000
0.0000000
0.0000000
0.0000000
0.0000000
0.0000000
0.0000000
0.0000000
0.0000000
0.0000000
0.0000000
0.0000000
0.0000000
0.0000000
0.0000000
0.0000000
0.0000000
0.0000000
0.0000000
0.0000000
0.0000000
0.0000000
0.0000000
0.0000000
0.0000000
0.0000000
0.0000000
0.0000000
0.0000000
0.0000000
0.0000000
0.0000000
0.0000000
0.0000000
0.0000000
0.0000000
0.0000000
0.0000000
0.0000000
0.0000000
0.0000000
0.0000000
0.0000000
0.0000000
0.0000000
0.0000000
0.0000000
0.0000000
0.0000000
0.0000000
0.0000000
0.0000000
0.0000000
0.0000000
0.0000000
0.0000000
0.0000000
0.0000000
0.0000000
0.0000000
0.0000000
0.0000000
0.0000000
0.0000000
0.0000000
0.0000000
0.0000000
0.0000000
0.0000000
0.0000000
0.0000000
0.0000000
0.0000000
0.0000000
0.0000000
0.0000000
0.0000000
0.0000000
0.0000000
0.0000000
0.0000000
0.0000000
0.0000000
0.0000000
0.0000000
0.0000000
0.0000000
0.0000000
0.0000000
0.0000000
0.0000000
0.0000000
0.0000000
0.0000000
0.0000000
0.0000000
0.0000000
0.0000000
0.0000000
0.0000000
0.0000000
0.0000000
0.0000000
0.0000000
0.0000000
0.0000000
0.0000000
0.0000000
0.0000000
0.0000000
0.0000000
0.0000000
0.0000000
0.0000000
0.0000000
0.0000000
0.0000000
0.0000000
0.0000000
0.0000000
0.0000000
0.0000000
0.0000000
0.0000000
0.0000000
0.0000000
0.0000000
0.0000000
0.0000000
0.0000000
0.0000000
0.0000000
0.0000000
0.0000000
0.0000000
0.0000000
0.0000000
0.0000000
0.0000000
0.0000000
0.0000000
0.0000000
0.0000000
0.0000000
0.0000000
0.0000000
0.0000000
0.0000000
0.0000000
0.0000000
0.0000000
0.0000000
0.0000000
0.0000000
0.0000000
0.0000000
0.0000000
0.0000000
0.0000000
0.0000000
0.0000000
0.0000000
0.0000000
0.0000000
0.0000000
0.0000000
0.0000000
0.0000000
0.0000000
0.0000000
0.0000000
0.0000000
0.0000000
0.0000000
0.0000000
0.0000000
0.0000000
0.0000000
0.0000000
0.0000000
0.0000000
0.0000000
0.0000000
0.0000000
0.0000000
0.0000000
0.0000000
0.0000000
0.0000000
0.0000000
0.0000000
0.0000000
0.0000000
0.0000000
0.0000000
0.0000000
0.0000000
0.0000000
0.0000000
0.0000000
0.0000000
0.0000000
0.0000000
0.0000000
0.0000000
0.0000000
0.0000000
0.0000000
0.0000000
0.0000000
0.0000000
0.0000000
0.0000000
0.0000000
0.0000000
0.0000000
0.0000000
0.0000000
0.0000000
0.0000000
0.0000000
0.0000000
0.0000000
0.0000000
0.0000000
0.0000000
0.0000000
0.0000000
0.0000000
0.0000000
0.0000000
0.0000000
0.0000000
0.0000000
0.0000000
0.0000000
0.0000000
0.0000000
0.0000000
0.0000000
0.0000000
0.0000000
0.0000000
0.0000000
0.0000000
0.0000000
0.0000000
0.0000000
0.0000000
0.0000000
0.0000000
0.0000000
0.0000000
0.0000000
0.0000000
0.0000000
0.0000000
0.0000000
0.0000000
0.0000000
0.0000000
0.0000000
0.0000000
0.0000000
0.0000000
0.0000000
0.0000000
0.0000000
0.0000000
0.0000000
0.0000000
0.0000000
0.0000000
0.0000000
0.0000000
0.0000000
0.0000000
0.0000000
0.0000000
0.0000000
0.0000000
0.0000000
0.0000000
0.0000000
0.0000000
0.0000000
0.0000000
0.0000000
0.0000000
0.0000000
0.0000000
0.0000000
0.0000000
0.0000000
0.0000000
0.0000000
0.0000000
0.0000000
0.0000000
0.0000000
0.0000000
0.0000000
0.0000000
0.0000000
0.0000000
0.0000000
0.0000000
0.0000000
0.0000000
0.0000000
0.0000000
0.0000000
0.0000000
0.0000000
0.0000000
0.0000000
0.0000000
0.0000000
0.0000000
0.0000000
0.0000000
0.0000000
0.0000000
0.0000000
0.0000000
0.0000000
0.0000000
0.0000000
0.0000000
0.0000000
0.0000000
0.0000000
0.0000000
0.0000000
0.0000000
0.0000000
0.0000000
0.0000000
0.0000000
0.0000000
0.0000000
0.0000000
0.0000000
0.0000000
0.0000000
0.0000000
0.0000000
0.0000000
0.0000000
0.0000000
0.0000000
0.0000000
0.0000000
0.0000000
0.0000000
0.0000000
0.0000000
0.0000000
0.0000000
0.0000000
0.0000000
0.0000000
0.0000000
0.0000000
0.0000000
0.0000000
0.0000000
0.0000000
0.0000000
0.0000000
0.0000000
0.0000000
0.0000000
0.0000000
0.0000000
0.0000000
0.0000000
0.0000000
0.0000000
0.0000000
0.0000000
0.0000000
0.0000000
0.0000000
0.0000000
0.0000000
0.0000000
0.0000000
0.0000000
0.0000000
0.0000000
0.0000000
0.0000000
0.0000000
0.0000000
0.0000000
0.0000000
0.0000000
0.0000000
0.0000000
0.0000000
0.0000000
0.0000000
0.2324763
1.2608416
2.7370951
3.3684196
2.5631912
1.2318851
0.6055136
0.9279811
1.4671121
1.2399254
0.6280366
0.5458009
0.6620471
0.8405542
0.9970698
1.0117170
0.8376658
0.5253806
0.8143559
7.3027959
48.9078064
119.2438049
188.5546112
221.2411194
198.3518372
154.3229370
110.3944855
107.2107315
33.7382812
4.2381730
0.5014105
11.2171154
66.3681030
121.0930099
116.2741470
97.7348251
90.7992477
91.9805756
66.4682159
40.5569153
57.5394173
93.6646118
87.9156494
65.4157715
35.8531685
5.2366676
0.8055330
5.5742302
57.1392097
168.4138184
226.4563141
170.3240814
56.0897217
11.3534040
2.4334278
5.1349936
11.6723022
17.7195148
19.1258125
22.4739742
27.3478928
20.8300304
12.8469906
38.9648552
76.9597626
81.2517090
45.0631943
30.2690506
27.5177956
18.5067596
11.4766321
21.2372894
73.8525314
149.4765625
193.2589264
189.2777863
146.0373077
108.7788849
76.2726746
58.6882172
61.4974861
65.6712189
33.1219101
8.4379206
1.3046992
2.8589783
19.1206646
42.8735046
47.0010300
42.9126396
57.8562241
117.8098755
233.7221375
377.9528809
430.3582458
337.2245789
216.1601868
164.1206970
151.1973419
126.3581390
200.1009064
373.2835693
321.6702271
234.0315399
117.6020050
28.6139755
19.2988968
13.0370998
10.7227345
12.2855072
15.8333759
9.9451103
1.8148718
0.3465413
0.4515960
1.7467816
6.6024008
7.7277799
7.2721086
6.4248257
5.9999075
5.7390599
6.1343293
6.7283154
6.6292334
4.7026477
2.7751462
1.4035971
0.6058820
0.5112389
0.4549798
0.8535140
2.8116326
8.2458124
30.8492222
81.6393433
139.6940002
168.9193268
139.5459900
93.5339508
61.7946472
43.4906006
41.5082130
74.3405914
135.7399597
170.7571564
201.6869812
233.3724976
239.0459747
193.6953430
142.5448761
113.5735474
74.5608139
40.1102180
33.7657089
31.0949783
15.0225124
1.5358746
6.9061308
28.8060951
42.3842621
19.2706375
3.1655960
1.1110644
0.5528787
2.3504930
7.2855220
9.7536135
7.7305298
6.1703610
5.0704861
4.2240543
3.7005787
2.9896548
2.2678003
1.7269102
0.9702618
0.8822669
0.6238522
0.6657704
1.1108706
1.3869927
0.6994347
8.7230988
56.3364983
139.5614624
203.5592804
217.5386505
195.3435669
146.2504425
77.5422287
18.7646465
17.6283741
60.0760727
180.0406952
254.9512634
249.7676544
170.8012695
89.4206467
100.9094009
149.3103790
128.3784943
49.2931709
5.8813438
1.7220503
3.2054653
5.8946466
1.3475400
0.4631658
0.4214691
0.3399753
0.4327261
0.7127929
4.0815372
22.8400307
67.9840393
130.1696320
196.1282196
250.0946960
258.3458862
214.2321472
165.0071716
210.7174377
366.6793823
435.3873291
312.9255676
151.6093903
97.1057510
67.9423904
110.5703659
98.6435165
15.6134624
7.3404789
6.0244985
5.8258572
51.5323067
145.7736969
174.7830200
116.0116348
36.1105347
9.8396072
8.3449774
5.1170177
4.9781079
23.5920143
149.9734497
351.8837585
469.5475464
451.9645691
390.6540833
313.5686035
204.5368805
175.3836823
143.6331482
109.9407272
224.1596069
270.0353699
181.6242981
87.3601685
32.7438126
13.6205845
6.7069359
23.3359184
141.2640381
338.9192200
436.6518250
338.3134460
174.1407013
122.8261871
91.4548111
79.1746979
44.9453278
20.4721413
10.9716988
5.7506208
4.2580309
3.2002401
2.6661506
4.7995334
8.2180328
10.3911476
11.5386848
59.7201385
189.7432709
334.1647339
390.9856567
302.0055847
179.4008484
158.5763397
141.0060120
125.8142624
102.9477997
118.5656433
164.1317749
236.4622040
341.9931335
389.9396362
271.6964111
180.2448883
124.5929871
66.4929504
29.3811359
61.8300819
120.3809967
176.8706360
149.2096863
139.9169922
163.7567749
245.8493347
290.9353333
250.4372101
147.3065186
43.5883713
11.4926434
0.5002725
1.3084090
5.9222746
15.2283602
19.0676613
18.4902611
17.6962032
16.1087914
13.2504330
8.4739494
16.9826546
83.1191254
184.0838165
204.7738037
114.8572311
29.4903221
10.1451073
13.3018513
64.3091354
209.4864197
310.1876526
307.6301575
185.3081665
56.4154549
28.8269730
20.3634911
9.6516590
43.9842453
165.4665833
235.4221039
201.0223236
172.3796844
173.5563660
135.4406281
36.7862206
4.6592093
1.5902238
26.4909992
93.8073654
119.2752686
80.3529205
33.7157364
13.6032248
6.6743107
0.5340256
0.5351778
26.2742825
132.5931091
234.3502655
237.4134521
146.0821533
78.1989288
26.3742485
17.8230782
12.9301920
44.1958122
126.3674622
181.6115875
192.3043365
191.3425140
149.0048676
107.9923172
76.6964035
31.1299152
4.2674546
8.0914440
28.5179596
31.3609676
7.2679348
24.9715176
75.2744751
115.3301086
136.8460388
142.2187653
146.7205963
122.4446030
91.5534744
60.7211037
21.6111774
81.0730438
116.2625275
105.6335831
76.3283768
141.4722595
289.9514160
301.6605225
259.8071289
177.5632629
79.8499527
30.4605350
5.2618423
0.9463648
0.4502154
1.7671891
5.3513236
9.3936558
10.0782957
8.7182274
6.7738938
4.9414105
4.4724364
3.4125912
3.1172862
9.3487644
34.5867271
110.3096008
220.2041779
281.7635498
227.1895142
115.8261414
52.6016922
81.7640381
74.3424072
67.5720139
48.7903824
36.2558517
31.6336136
27.8933125
40.0724106
62.0405807
61.2378311
47.6724777
44.9042969
40.3049889
34.8866386
38.4662781
44.4803352
34.3857574
20.3091755
15.5760145
95.6715164
242.9797211
321.8686218
281.5753479
186.8433990
157.3305664
103.0989304
52.4929352
74.6357040
77.2436447
133.4257812
103.7661362
129.4845123
231.8170929
238.5131836
130.9076080
28.5554008
3.7841086
0.2689449
0.7228627
34.7125168
105.5207977
122.4669724
74.3256607
22.3892555
12.7619324
11.1071262
28.2115459
58.6405830
74.9887314
69.9125977
42.4231186
12.6954145
5.3178015
14.6232758
30.7728233
43.6440506
45.9039803
53.3484764
70.8961487
136.0474854
245.0888367
315.7483521
294.2771912
237.2324524
158.4150696
85.5218506
48.8129349
57.9899635
83.2540054
64.1325302
27.4962215
37.6363411
79.7502365
166.1766052
256.8661804
243.6168213
138.9153442
49.2394943
37.3327866
220.9125977
307.8441467
296.0089111
246.1548004
172.6293335
102.2594757
38.1828575
31.8907032
30.9506378
18.1183338
12.8609304
29.5035496
85.3124313
133.0692444
123.0086823
102.6400528
120.0417786
133.0249634
127.8497238
116.0597534
103.7603531
75.5683823
26.7278900
4.6459637
0.3051286
0.3145623
3.8726153
54.6697845
127.1448975
196.9481506
239.1427917
211.0022583
99.3497238
17.5549450
8.1608849
4.3287301
0.6677454
0.2286863
0.3131080
0.4329817
0.7878907
0.9312552
33.9847603
124.1515656
197.8909302
205.7991486
204.1008453
269.1263733
384.5970459
421.9167786
296.1918335
100.7944641
35.8100166
24.4135876
7.7215934
1.1230996
20.2611465
82.3486938
157.3710175
157.6462097
166.2328949
174.2377319
211.1255493
202.6935120
183.8674316
174.9187012
187.5989380
213.3826904
216.8119202
175.7723236
101.6318283
29.1501408
7.8425488
16.7478714
65.1884918
127.7745209
122.3257446
101.9552155
83.8546600
97.3524475
136.0811310
147.7554321
113.9396896
65.3304291
17.2215424
2.8493938
9.1947021
19.0575562
7.6842752
3.2115695
11.0285168
48.0519447
111.7605972
156.2330322
183.2290344
207.1135864
210.1041412
158.7594299
107.0274200
114.5528107
130.1877594
77.6935120
38.3597717
37.1491547
59.9962158
93.1702881
100.4456863
110.0033646
121.1529770
127.6688843
139.8146362
172.5559845
206.3989563
186.6918640
100.7240982
26.7368984
10.7198219
20.7292366
57.3001633
95.8706207
71.5210571
20.9311695
3.8576999
1.6188790
0.9316413
16.6072273
121.5011749
241.1285706
357.7146606
396.4970093
305.1362000
135.4905090
73.5165558
134.3345947
324.4608765
477.1814270
373.4468079
157.8973236
37.0777550
14.0415955
25.1434174
57.6874504
91.6392593
89.7897720
59.5825806
42.6933327
44.5589981
54.7228546
55.4050636
45.7168083
27.4541607
11.9723577
4.6533699
5.2095289
24.2402000
74.6177673
110.0752411
104.5283051
92.2235413
105.4163208
147.1300049
247.4461517
399.2251892
492.1747437
451.1818848
227.5220184
145.0686798
81.5485687
52.3353806
52.1394234
114.8408890
128.5255280
65.8240738
47.7672844
62.5458527
73.8862534
108.3327026
189.4048157
237.3273468
190.5790558
93.5663528
24.9961987
60.0666275
119.3025284
119.6172867
68.2876282
55.8645020
57.7220078
101.6834030
186.1127472
263.5737000
285.9686890
212.2353821
121.7313004
54.0734711
37.2925415
63.1068192
138.4088745
191.9071960
102.1412888
31.6714039
9.8053780
4.7660999
16.7446537
48.5708580
73.0950928
54.2331467
21.5830441
13.6718254
23.3484173
57.6437073
97.2331238
81.4525146
31.8380051
13.9530382
34.4919701
113.0815659
172.9353485
162.6780396
100.0702057
19.3588486
5.0024514
1.4547414
0.4545286
1.3098161
4.7273016
8.6252174
13.1463537
15.2073202
14.2498007
16.1612473
25.7015667
40.6097412
64.0663528
90.5794296
110.4233932
112.6706085
93.5498657
104.4415359
173.9687195
267.9111023
302.5294495
246.9578094
194.7638092
186.0167847
215.1826782
240.8702393
255.8981476
242.2913513
196.6799927
96.5898209
16.5076408
2.2449787
0.8873327
1.3320932
5.5462766
10.5025215
10.5578499
8.9128065
8.2317944
8.2850990
7.8513336
6.6957798
4.7632017
3.2672482
3.0382819
3.0308039
2.5159850
1.7620745
6.4955616
18.3303909
27.9813995
29.1392479
26.1868267
32.4010124
63.5584564
108.2901230
151.4101868
169.8949890
135.3524780
103.9806290
123.5888901
152.3751068
151.9617004
111.0900116
49.2414322
40.0798302
93.7687225
69.9483566
38.5111504
92.6997452
219.4539948
282.3450012
234.4380493
120.6123734
28.4140453
3.8010387
13.4719028
43.6596718
118.5460663
210.7547150
279.7843933
260.7176819
167.8179016
100.4517136
89.7250443
73.9248428
32.7949677
12.4781561
17.5913715
54.8567467
107.2540894
101.8758621
33.0074272
7.5634289
7.8043175
10.5410271
14.8805828
15.1073828
14.1255360
18.4851532
22.5114670
22.6515160
22.2138710
23.7875805
30.7116776
58.7116280
120.4565582
205.6759338
257.7487183
213.3193817
122.7656479
41.8000221
16.9736671
13.4737473
21.9747906
29.2049484
10.6625891
0.7862242
1.4965186
8.6453133
23.8441181
33.0111084
32.3268280
46.4006233
79.4110489
86.1918945
43.0422668
7.1812534
2.2208302
2.7281029
11.9909363
14.9171543
14.0883207
21.7272491
31.1501751
24.1596451
6.5478468
7.6440821
17.2657719
26.0469627
32.0336723
42.9780197
56.7319145
66.5855713
71.8435898
59.0357590
37.5838242
31.4352264
45.3136711
58.4738312
61.2725754
52.3560410
40.0773849
26.8494091
22.0732040
45.3878250
107.7714539
140.0823517
117.4459000
100.2320175
156.4224701
208.8562317
196.6706085
137.9819489
113.4472580
86.5767365
56.6852264
33.9674911
32.2525711
31.8164062
41.5979462
125.8498306
225.0141144
279.8038025
216.6981506
164.2935791
147.2914581
148.7712250
132.6213226
171.6957397
219.0300598
205.7830811
174.0809174
108.7818375
47.7282524
5.0581594
1.3736829
1.6934285
15.1889811
33.9191322
37.4547424
31.2351761
36.8452759
85.5840988
173.6556702
243.0859680
236.8677521
165.4521484
117.5684891
92.3863373
104.9853058
88.7594604
79.1615982
53.9058533
100.5042877
152.6046448
149.8963928
107.0075531
39.8153267
8.0207920
4.7091112
1.3489795
1.5617876
6.2795200
14.0047379
18.7308655
18.0306549
14.5774345
11.7897940
10.1375151
7.9342613
5.7988987
4.2315869
3.0333514
2.2429969
2.6221168
6.1549511
18.2379093
42.2167931
47.9644508
22.7112255
11.2948236
19.9330978
31.0766621
41.4090919
45.0277786
36.6902275
19.9296150
14.2336054
21.0739689
29.3703384
65.0170975
123.3316422
178.0369720
246.5030975
289.0297241
231.6007843
122.5057755
73.2213287
79.3861084
96.6731949
114.9952698
111.1322937
89.9680099
50.2845001
38.4951859
46.3539886
82.8165207
167.4950104
219.1591187
201.4202576
124.0677643
85.9538727
75.9152908
97.2167816
103.0321121
62.0542908
29.5384789
12.7994022
3.7997725
1.0459671
3.0701876
15.2223749
29.2262783
32.6115952
32.5384979
30.0400257
28.0432644
29.8908253
30.4105968
30.5045509
39.7812004
67.0088120
91.3509064
80.5752716
54.2614059
36.9261208
29.1403904
34.6383286
97.1409988
174.8303070
172.9698334
114.9574203
81.7528534
72.2767868
67.5960312
89.3682098
141.0108185
145.0413818
101.4682007
70.8652496
42.2423096
10.4004412
2.0280271
7.3009648
22.5567150
27.8458862
20.0232105
22.4267540
73.4534683
169.6968079
273.4527588
321.1518250
288.9446716
187.7593842
124.6574478
97.1136322
80.4996109
119.0513611
283.2700195
300.1175232
223.3653870
103.9710236
20.4579315
14.0058804
7.3261800
1.7228498
1.4209619
5.7237539
13.7499628
16.9109058
16.2163162
14.5337257
12.9064732
11.8423061
8.5732603
5.4047041
3.1377287
2.0080373
1.7256552
1.2574188
0.8258333
2.2109973
7.0973506
41.8811951
198.6189423
413.8920288
502.9913330
408.4230652
240.6610413
154.8258057
79.4705276
30.1883316
21.1473732
39.6809349
73.8327103
79.4252472
45.0071907
24.4410381
19.1638432
16.4983311
17.3016396
28.6292648
46.5645256
69.2078857
69.6417465
40.0862923
11.9058981
23.7975025
119.7213516
246.4388885
305.9896851
265.3623962
194.3222656
162.7077484
143.7470551
132.9077301
111.8031464
81.8818817
49.2216263
27.8348923
20.8650608
20.8578014
18.3754120
39.7983398
66.9890289
62.7864189
47.1326714
39.5378838
34.5598526
18.4326038
7.8629351
20.6165733
48.7166901
53.2041473
16.9313278
1.9259162
0.5568407
0.5562572
3.0220172
4.9780202
1.9726992
0.5497248
0.6879174
1.1222447
0.7503608
2.1111803
12.0360880
41.3808937
78.4173203
96.0895081
84.2311096
63.2522507
26.6613846
29.4253044
61.8501511
72.5471191
47.7626877
29.4798851
17.4788799
6.8583388
22.6604996
31.8556690
22.4612103
18.5636311
57.6768188
112.6911926
114.2735596
83.7180634
57.5087814
66.5141296
53.7220612
23.9903851
21.9919319
52.6581345
75.8972778
51.2848969
15.4321041
13.1057987
45.4941025
115.3911438
140.5683136
97.8235321
35.5228996
15.7731457
3.3913379
1.4360676
1.2417037
1.4361646
2.6003580
6.5740252
27.8799591
62.4227638
75.0347366
58.2228470
51.6914825
74.8859329
145.3714905
211.5048370
188.4684448
96.3515167
24.6480064
7.0465369
27.3452530
95.3526154
110.1754150
41.8494797
4.4255781
0.8431562
0.3346270
25.2857094
142.4068298
223.9480133
199.3613586
89.3862152
50.3703537
77.0438995
119.1482315
113.5123291
66.1813812
41.4979324
28.2625618
9.8906612
4.4414511
5.6502938
19.5499210
43.8851089
37.5322113
26.3427887
34.9675331
119.3179321
347.5374451
579.9907837
618.1727905
479.4729614
407.4182434
402.7219543
398.4098511
317.5680847
250.0981750
272.0671997
268.5183716
170.1174164
93.8048782
79.2479706
108.3408890
156.0637665
178.9535522
149.0319061
131.4483337
102.8289032
60.7791595
23.4419250
21.9787598
17.6320095
7.5116963
5.1229610
23.3891525
87.7848358
130.6342010
160.3190308
202.8501892
205.6559906
174.1287842
93.7991257
28.9257793
11.6344042
13.9413910
30.8365402
64.6343079
91.8769608
106.9738464
97.8388977
64.7714996
24.0871811
12.1797380
20.4387035
31.7226925
31.5007114
26.7298164
42.5558014
114.6522217
212.9573975
224.7326813
131.9111328
87.3151093
65.4675369
49.2234459
38.8803825
69.8019791
107.2367859
102.5159378
77.8761520
67.0863342
58.7313919
76.3529892
90.9484711
101.5149460
76.1589279
29.5138474
7.7546682
2.2644854
6.2529402
15.3302479
15.8659973
6.7360868
2.3062880
1.6490225
2.0599489
3.3368731
8.3856344
15.1219110
18.9007740
19.3606853
21.0988541
49.3694725
117.2273865
198.5823059
260.9280090
268.1834106
248.2430725
206.2033844
162.5056152
126.6055756
98.2597046
94.9199677
124.6594849
110.2096176
83.0453720
55.5654488
37.6312981
71.5471573
108.5274277
121.6279526
123.2981796
117.4911804
123.5848999
141.5487823
105.5527725
108.7477188
139.2572327
166.3102722
156.9632111
98.8394852
55.8914032
23.9807472
7.0092602
1.9475970
1.0280252
3.0789299
8.3346157
11.5095510
9.8838148
7.2344465
6.8963418
7.3202171
8.0241346
7.1115875
5.6008401
4.5011158
4.7611971
5.2817016
4.1109843
1.7692046
0.7031132
0.9949268
23.1669598
144.5640564
420.1869202
671.7791138
654.4743042
389.9487305
205.0709839
108.0367508
75.2337799
65.5266724
69.9558563
140.3061066
129.0224609
48.3477020
14.5934086
20.3753548
41.6581078
40.4717865
52.4504433
95.9654160
123.5375824
134.7847290
112.8610840
65.8006821
26.0543938
12.2220354
12.0081606
50.9242172
48.4631653
24.8515682
22.8682480
33.0973740
35.2522202
33.0349083
38.1879578
37.2915611
39.9837952
33.7552338
45.6532097
88.5118484
125.1008072
128.4949646
111.5431366
89.5806885
86.7349854
177.5943909
275.2531433
281.1026917
247.4239044
189.5017395
168.9101562
183.7651978
192.0778351
157.1761475
87.1984558
32.8359146
3.2016587
0.9006519
6.1068630
22.6125221
29.4204102
38.6204147
101.0701599
209.5866852
268.3554993
218.1081238
121.0419006
48.7282219
27.2169323
28.0930977
24.3644123
18.1169758
12.4152374
4.4496880
0.7475315
0.2852690
14.6026754
86.2138443
208.3480835
330.9166565
375.6765747
340.9476318
290.0917053
268.6123657
228.4330292
143.7567902
67.0473251
11.9229860
1.0895419
8.6021528
71.7539062
152.1598663
181.1699524
204.2089233
212.0607910
162.0151825
99.7547302
46.4881744
54.8756561
161.1268768
151.8841248
64.4266281
5.2641149
3.7371616
0.3886288
0.3500955
1.1976310
4.7002921
6.9938960
6.0752640
4.5350680
3.5721357
3.1648962
2.5935323
2.6549847
2.1100755
1.0512602
15.1854362
94.5846786
201.8149567
250.7383423
202.6585999
115.1075516
37.4412804
24.5674400
12.5486469
22.6027164
85.7746887
156.7966614
142.2004547
125.2685928
136.6160583
108.7651443
72.6453476
178.2538605
374.5809631
564.5599976
570.8343506
413.4237671
236.8454590
87.0039520
35.0546379
50.3358078
102.9014282
46.6253815
21.6302662
38.0071831
64.1444321
88.8321381
107.7418365
203.2577972
372.1980286
456.8242188
415.1511841
376.7893066
407.1201172
435.1726685
358.0187988
293.0234070
248.2319031
261.3941956
374.2554016
450.1808472
360.3625793
277.4217224
218.8113556
176.7400513
149.2454529
184.9594269
184.1955719
90.1624756
34.4075928
2.1637094
0.1446910
0.1128441
0.2992864
1.6015465
1.0372692
0.4934318
0.3827862
0.4263080
0.4778219
0.4771053
0.4710484
0.4919851
0.5999115
1.1268625
1.6316365
2.1472042
2.2298679
1.8375630
1.6068134
1.6954813
1.6552157
1.3773839
1.6001141
1.9436990
1.7012913
1.4903936
1.2378016
1.0130847
2.6498423
20.7599220
72.7846985
167.4604340
270.5417480
310.8827515
281.6107788
232.7071991
214.5669708
213.2268677
227.3256531
195.6641541
53.7401276
5.2644167
0.4683904
2.0380378
65.4477768
227.7328491
326.2089539
312.9330444
220.4193420
141.1267548
92.5021439
57.2946129
35.3866730
20.1959705
7.5231547
26.8821583
63.7630997
97.3823242
120.7098694
131.3548889
108.8894196
68.0404892
46.9245110
81.1351166
174.1322632
188.0219574
118.5857925
56.2954407
60.6143761
108.7579117
214.9473877
260.0799255
203.0784912
107.7638397
17.9469566
0.5403747
0.4986468
0.9459676
13.6988659
56.6844254
92.1142731
137.9896240
193.0331421
238.7973480
287.7447205
375.8717041
424.2117920
371.9289551
219.5625916
142.3657074
83.7167892
86.0812683
155.6412201
162.6280212
188.9242096
264.6281128
266.4280090
142.5827637
14.0616236
0.7408732
0.1789975
0.1309604
0.3750488
0.7696325
1.4894849
2.7669275
3.8996353
3.9618039
3.7496834
4.6962943
5.0276690
2.8093009
1.0798366
1.2501898
1.3927535
1.0071514
0.6045061
0.3883614
0.2678739
0.4313585
0.7686410
0.8224853
1.3037415
8.7158718
43.4986115
130.0177155
250.7835083
343.7873230
365.4841309
370.4021606
328.4441223
177.8238220
34.0522957
4.6545939
36.7417984
145.5987091
208.3508453
141.5584259
63.5068893
36.2010345
25.2730732
48.5301895
136.5386353
193.4816742
134.0289001
55.3647308
36.4382019
39.2408218
45.2691269
18.6380577
6.3501415
0.5373107
1.3159467
16.2746201
60.9355469
73.1222382
55.5309334
19.8649006
5.8798552
0.8112438
0.8385063
1.0695562
0.7268808
1.7256904
6.7544999
28.3269081
110.7962189
230.2783051
314.5622864
307.0310059
206.5438232
125.4197922
68.9617538
97.5144882
128.5392303
103.3653183
42.3633614
14.3451672
15.2472868
29.3476105
38.6761398
24.6756668
4.7295752
0.7657582
0.2971256
0.6432796
12.7051201
46.4590225
60.3149223
48.6973343
24.5235481
12.3339071
9.9303102
8.5691986
7.3593965
5.1422176
2.8228240
1.4358552
0.6180610
0.2809941
0.3286867
0.6733299
0.6777921
0.6163983
0.6408674
0.5862178
0.4963458
0.4756109
0.3503313
0.1366383
0.0174796
0.0039816
0.0000000
0.0000000
0.0000000
0.0000000
0.0000000
0.0000000
0.0000000
0.0000000
0.0000000
0.0000000
0.0000000
0.0000000
0.0000000
0.0000000
0.0000000
0.0000000
0.0000000
0.0000000
0.0000000
0.0000000
0.0000000
0.0000000
0.0000000
0.0000000
0.0000000
0.0000000
0.0000000
0.0000000
0.0000000
0.0000000
0.0000000
0.0000000
0.0000000
0.0000000
0.0000000
0.0000000
0.0000000
0.0000000
0.0000000
0.0000000
0.0000000
0.0000000
0.0000000
0.0000000
0.0000000
0.0000000
0.0000000
0.0000000
0.0000000
0.0000000
0.0000000
0.0000000
0.0000000
0.0000000
0.0000000
0.0000000
0.0000000
0.0000000
0.0000000
0.0000000
0.0000000
0.0000000
0.0000000
0.0000000
0.0000000
0.0000000
0.0000000
0.0000000
0.0000000
0.0000000
0.0000000
0.0000000
0.0000000
0.0000000
0.0000000
0.0000000
0.0000000
0.0000000
0.0000000
0.0000000
0.0000000
0.0000000
0.0000000
0.0000000
0.0000000
0.0000000
0.0000000
0.0000000
0.0000000
0.0000000
0.0000000
0.0000000
0.0000000
0.0000000
0.0000000
0.0000000
0.0000000
0.0000000
0.0000000
0.0000000
0.0000000
0.0000000
0.0000000
0.0000000
0.0000000
0.0000000
0.0000000
0.0000000
0.0000000
0.0000000
0.0000000
0.0000000
0.0000000
0.0000000
0.0000000
0.0000000
0.0000000
0.0000000
0.0000000
0.0000000
0.0000000
0.0000000
0.0000000
0.0000000
0.0000000
0.0000000
0.0000000
0.0000000
0.0000000
0.0000000
0.0000000
0.0000000
0.0000000
0.0000000
0.0000000
0.0000000
0.0000000
0.0000000
0.0000000
0.0000000
0.0000000
0.0000000
0.0000000
0.0000000
0.0000000
0.0000000
0.0000000
0.0000000
0.0000000
0.0000000
0.0000000
0.0000000
0.0000000
0.0000000
0.0000000
0.0000000
0.0000000
0.0000000
0.0000000
0.0000000
0.0000000
0.0000000
0.0000000
0.0000000
0.0000000
0.0000000
0.0000000
0.0000000
0.0000000
0.0000000
0.0000000
0.0000000
0.0000000
0.0000000
0.0000000
0.0000000
0.0000000
0.0000000
0.0000000
0.0000000
0.0000000
0.0000000
0.0000000
0.0000000
0.0000000
0.0000000
0.0000000
0.0000000
0.0000000
0.0000000
0.0000000
0.0000000
0.0000000
0.0000000
0.0000000
0.0000000
0.0000000
0.0000000
0.0000000
0.0000000
0.0000000
0.0000000
0.0000000
0.0000000
0.0000000
0.0000000
0.0000000
0.0000000
0.0000000
0.0000000
0.0000000
0.0000000
0.0000000
0.0000000
0.0000000
0.0000000
0.0000000
0.0000000
0.0000000
0.0000000
0.0000000
0.0000000
0.0000000
0.0000000
0.0000000
0.0000000
0.0000000
0.0000000
0.0000000
0.0000000
0.0000000
0.0000000
0.0000000
0.0000000
0.0000000
0.0000000
0.0000000
0.0000000
0.0000000
0.0000000
0.0000000
0.0000000
0.0000000
0.0000000
0.0000000
0.0000000
0.0000000
0.0000000
0.0000000
0.0000000
0.0000000
0.0000000
0.0000000
0.0000000
0.0000000
0.0000000
0.0000000
0.0000000
0.0000000
0.0000000
0.0000000
0.0000000
0.0000000
0.0000000
0.0000000
0.0000000
0.0000000
0.0000000
0.0000000
0.0000000
0.0000000
0.0000000
0.0000000
0.0000000
0.0000000
0.0000000
0.0000000
0.0000000
0.0000000
0.0000000
0.0000000
0.0000000
0.0000000
0.0124368
0.2888222
0.9261547
1.4375570
1.4481831
1.1821505
1.0358286
1.1784712
1.1969891
1.2469456
1.3661225
1.3732425
0.8928062
0.4484263
0.5076853
0.5811740
0.6356135
1.4194047
3.1656544
6.3041148
26.9141693
65.1179276
90.6445160
90.9187622
88.0106354
119.2036591
233.1800690
399.3819275
532.7454834
509.5778503
429.9945679
326.1702271
288.3912354
253.6776428
263.0625000
285.9391479
111.9313889
24.2228889
23.6063766
67.6340714
143.9427032
197.8302155
225.7206726
206.1519775
197.4405212
250.2420197
240.5021057
96.7622452
20.0673847
15.8159046
16.3938522
18.7375469
15.9728765
17.9150581
16.4991741
7.0836387
2.1221426
0.9453075
1.2669908
2.8643208
4.6946111
4.4124470
4.2497807
3.6582108
2.6275055
1.4322914
0.9492948
0.7326090
0.7619609
27.2098179
124.0039520
225.8412323
239.9429932
189.4361420
170.5621643
156.5298157
84.0983429
51.5971794
78.6364059
126.8752899
145.4793243
122.6983643
83.9894257
60.2063370
48.3025894
47.8572884
33.7722626
9.3349934
2.6152420
12.2269526
35.1422157
33.7296562
5.5313635
0.8103367
0.4475548
0.2199623
0.3502229
1.1068280
1.5720333
1.4654891
1.4362149
0.8291596
1.1666775
9.8575840
53.4422569
123.9266663
161.5312958
123.6796188
46.8016586
8.7783403
1.5385534
0.7523245
3.9602447
11.1115284
16.8910484
10.1304903
2.5414808
0.6153830
0.3566842
0.4934907
2.0504110
3.6064522
2.9294760
0.9511152
0.5538675
0.4246903
0.4825224
0.5659252
0.6361635
0.8212343
1.2154019
1.2655767
1.0603632
0.9075788
0.7793193
1.7623034
7.1886959
40.0960464
112.7429810
184.2247009
239.1707611
334.0687866
462.1828613
490.0294495
438.4472656
363.3478394
315.4704285
241.3686218
176.9228363
127.6761856
100.7495346
100.5664978
130.1940460
115.4401550
80.4592133
29.6573029
5.5264969
4.8221521
22.0552692
100.6332779
237.8808136
383.2995300
460.0282593
445.3728333
370.2353210
341.4733582
343.5281982
346.9923706
276.7647400
146.3662415
46.9334755
35.2343483
55.9067612
65.0406799
37.4157600
14.9024687
37.2783279
103.4271317
119.8858643
75.3455200
41.5156784
17.4951153
15.8698807
38.4566460
81.2987518
103.0425720
69.1770782
26.7339973
2.6484542
12.7755308
88.5870514
176.8922119
209.0591583
251.5004425
336.9956665
331.8398743
155.5399323
24.8870430
44.0589676
117.2629623
167.9221649
131.9252930
130.0757141
155.9399719
188.9192963
157.6643219
85.2296524
33.0339584
9.3362093
6.5705724
50.6547623
201.9288788
279.5014343
204.5106506
119.2247162
77.2349548
35.2536125
19.8594093
13.2746601
20.0184040
62.7318420
130.9061890
131.3754120
98.3921432
71.9529037
40.6485291
15.3175125
7.7536664
6.3226094
2.5104346
0.9723342
0.5503593
0.3905258
0.4218510
0.6068240
0.8022099
0.9820284
0.9371447
0.5918764
1.2974459
3.0986252
11.4056053
42.3209648
81.1693497
96.4561310
87.4864655
82.6281433
84.5923462
92.4954453
91.1675720
95.6472244
116.7895889
149.0906982
197.8905945
251.7394714
313.3731079
372.0210266
394.2902222
328.7855225
206.6444244
136.3452148
127.2665939
160.6624756
176.5984192
102.3601456
39.9830704
23.6574650
40.5548630
137.3326874
178.7570648
130.8449860
68.2180176
47.5042648
25.0584927
34.1697121
43.7621613
38.3556023
24.7171307
9.1023741
2.9301729
3.0375292
6.0160098
10.1831007
11.7515450
27.5964966
86.3977051
156.8686829
163.2778778
91.1619415
41.6792259
31.6492195
38.4179993
48.0956230
83.2939682
154.9208527
197.6650085
214.9170227
205.9378662
199.1707153
167.1311340
121.4668503
167.6957550
221.1215210
237.3599548
255.5682068
306.0383606
401.4216614
503.5958557
513.9526978
325.4771118
80.8828049
14.1515608
5.4388723
0.4685937
0.6033593
3.1548970
8.2844429
11.7529011
13.1833019
14.9262400
14.3154926
14.7649775
14.8492651
11.6032810
7.7887650
11.8651161
54.9738426
165.5627899
258.3662109
252.1217651
162.1274109
64.0671005
15.8196411
5.2377939
37.0846100
156.0295868
215.1269531
152.4491577
94.6854248
84.8083496
89.0401154
38.4982719
10.6557941
1.3420467
4.6668692
13.3577785
9.6452751
1.9515220
3.2439203
7.1960168
9.2928886
5.7100253
2.3500605
0.8157318
0.5451167
17.5814896
116.7827759
304.5853882
490.8933411
541.4530640
409.2282715
191.7642822
41.7079735
5.3163452
0.9545814
8.0273905
95.5612335
229.9448395
363.1539917
479.8612061
404.7061157
186.5569458
39.7880898
25.3673229
31.2886658
40.7279396
49.2856865
64.2883377
92.9461060
165.0269623
249.9225769
262.3827820
168.6795959
68.6827698
16.3964310
6.7128258
11.5274658
85.6763077
151.3130493
136.3217468
94.8368607
64.5691071
30.7632160
4.9709849
1.1028916
0.4278858
1.7244545
8.1852379
12.8148346
11.2585802
6.6467662
3.1312101
1.1265463
0.6336043
2.0383070
12.2745018
33.8941803
55.3300858
80.9733353
123.8627319
211.4211731
319.9830322
360.5832214
337.3280334
252.4876251
151.1259308
71.9606705
18.6166039
12.9312725
40.8629723
78.9445801
58.3361778
7.2494574
8.3636999
26.5107727
55.5715790
65.5102692
50.4681969
63.2677231
188.7315521
416.6965942
546.5657349
445.7358093
329.9732056
260.5313721
207.3030701
148.2243195
119.9691925
86.3267822
150.1978149
148.6020660
30.5525284
8.8855715
14.1115093
38.5479507
51.7489929
18.5828686
12.4684610
37.8981819
60.3013344
41.9966774
13.2612505
4.4500542
2.7617259
1.0094433
0.3840901
0.4263772
0.7145826
1.7961550
7.7434869
27.6413155
46.7632141
48.4493713
47.3949699
56.6888809
61.9949417
46.9621887
24.9727421
17.3496113
15.7412014
20.8642597
24.6542969
23.0240135
16.7367878
11.5121603
6.0548024
1.8624437
0.7059846
0.6302526
0.6104153
0.6564351
0.5241145
18.2550735
110.9198151
246.1414795
331.8030090
339.7588196
342.9883728
313.6843567
317.0055847
264.5148315
219.1399536
132.5402679
75.4599228
51.4335823
79.6801300
96.5884552
87.8888168
73.3815308
52.8981857
40.3349800
42.3274727
60.9710045
124.7123413
182.5256653
185.5309143
141.4732666
89.4058533
75.3421173
56.1297226
41.6139336
59.2131996
147.6901398
146.1280365
101.5066223
55.6815224
48.2710571
38.0480881
26.6316490
17.9377842
36.1558304
100.4365387
170.8641052
191.1270752
151.4099274
79.5688553
27.3026886
19.6898251
11.6955748
3.7121637
7.4331026
19.7302322
31.0976295
31.8229294
25.6339378
17.3695946
12.7667389
11.8254871
9.7000542
7.0255446
6.0719295
12.4128942
46.7928162
114.5439606
184.9419708
209.2830048
174.1191101
97.5084991
29.0347252
11.4963970
11.6232948
32.4919357
111.1741562
166.0571442
134.6313477
77.7370758
38.5502548
33.0068130
15.2094460
2.1417575
0.9463987
2.2123799
38.0280151
143.1426392
230.6855621
247.4448547
258.7993164
263.7300720
279.5566406
187.6893463
72.0270844
14.7975950
5.7261472
11.0482607
67.5351257
181.4345703
241.5013123
163.6544342
45.0479355
8.5894814
1.7457826
6.0362105
20.0219440
5.0205655
6.5992479
121.2863770
367.5503235
518.3639526
490.0482178
482.9830322
571.3074341
671.9633179
527.4375610
306.4638672
108.9395752
48.7260704
51.4735680
86.8805389
199.0543518
196.8204956
128.8201141
67.5089188
91.3679352
132.5301056
142.8475494
106.4250488
59.3390770
34.9813957
26.7584438
20.8431950
9.5679274
20.6478729
112.1877747
295.1551208
416.7608643
340.9345703
142.7849274
67.1970062
91.1545410
125.1658554
122.0579681
58.8040390
21.4596481
10.4252176
3.8893714
4.7260742
33.1565094
145.2835083
309.7723999
413.4764099
363.6432190
231.7473145
96.7687149
54.9347954
32.4989204
29.2820053
54.5691833
122.3264008
125.1780167
90.3697815
83.2418976
86.7678070
109.6270599
115.9211044
68.4018784
15.9528627
3.7564232
5.5864415
43.0278931
133.1901093
161.5369263
119.2302094
76.8509674
72.9850235
69.1356201
54.0010376
25.2232056
8.9671421
2.2901037
1.0788102
20.9485302
81.0979233
99.3765182
67.5031128
22.5831909
5.4258866
1.1258574
0.5984467
2.1720450
12.8465538
18.5665131
17.5667629
14.2261887
10.1188745
7.2773051
5.7943068
4.4312153
2.7606864
0.9880928
1.3263294
13.7940187
46.5735321
76.2377853
83.0539246
70.7925644
46.3030548
70.5146713
120.3255386
149.7457733
146.8722687
161.3052673
146.7121582
108.8368530
64.7473984
54.6796265
76.9290695
105.5288696
108.9218903
73.5022202
33.2178307
22.7625656
24.3248825
37.5964966
47.6253815
52.6615295
87.7376251
206.1236877
334.5441284
330.9647827
308.8298035
349.5074463
310.4270020
199.2075348
72.9186020
23.8791256
3.3800116
26.3668652
123.8107452
223.8548737
204.3834839
120.0159607
57.5468559
57.5444260
88.4409180
95.7829437
72.3319168
83.0619659
107.8540192
167.0939789
258.5419006
323.5959167
240.5251770
87.2208939
24.2492714
29.7851753
67.6839981
79.3229675
18.1567478
7.6381879
6.6170292
6.7017159
71.3638840
247.7014923
428.4328308
430.7183838
244.2421265
82.2130356
20.6072845
19.0667343
20.7237701
27.6184654
32.5701294
39.9334297
87.9692841
184.0022278
228.8539581
159.9657440
41.7851830
18.8410053
24.6044731
70.1939621
122.6358490
97.6225967
47.0194092
15.7402639
6.7814350
10.5118017
10.2887697
6.4042635
8.3126011
34.9318619
61.8317604
59.0155869
55.4491959
87.0676651
117.4006882
128.0711060
124.1435089
130.1401825
151.9307251
163.1913147
193.6653748
178.9487610
104.8244324
20.1379890
12.4839354
97.3968201
322.0772095
476.5725098
352.7849731
143.7326965
82.9765396
71.4315796
48.6849098
25.0241432
18.0928059
30.7306557
50.7034912
155.0133057
212.5641022
155.2599487
56.9020500
20.3865986
6.2574587
3.3155479
5.4335656
51.5223618
113.4717560
118.4126511
70.4903412
23.4061794
12.5837421
29.0680466
62.2864761
59.2483521
21.9039268
7.3148780
1.9015740
0.2577097
0.3582234
1.0645819
1.5243076
1.0802839
1.7125256
2.8472674
18.4210892
118.8314514
324.1669312
579.2924805
777.3980103
837.3724976
746.6541138
680.5620728
589.9873047
366.3289490
203.1001587
161.7321777
65.1886978
25.0745945
18.0373440
17.1731720
53.4331741
89.5245743
87.6827698
84.1674347
79.5328369
73.1140594
83.9202576
143.6481171
130.9353790
82.8758698
99.9266205
118.6715851
115.4998474
68.2236862
36.5128403
3.0499971
4.2563930
10.7681961
16.1685715
18.7507820
17.8089828
14.2287178
10.8937397
10.1326733
8.7663469
5.4811974
2.5421164
2.2930727
26.0356121
86.3250198
122.3963928
90.6175537
21.5794830
7.9589634
33.0006256
99.6525116
129.4548798
75.8465118
10.6923761
1.0868061
0.1329449
0.7554225
3.6322856
6.7264986
7.6238742
7.7574759
9.6669531
14.0697927
17.6886444
16.2279167
24.8444138
82.0275955
198.5438080
303.0547485
302.6623230
218.3744812
167.9688873
166.5906067
176.2561035
196.0661621
258.2630310
408.5867615
619.6713867
706.9494019
558.6207275
241.0615387
64.5792236
41.5976372
72.0100021
90.8168030
132.0098724
274.8864746
356.7768555
327.5896606
220.9407196
99.0655670
35.8610344
4.0085368
1.3767297
4.9852395
12.4817543
15.6237192
13.4546242
9.5488605
4.8050222
2.4849734
1.8018343
1.7028797
2.5121193
5.1218839
12.8224354
30.1524925
63.6310577
111.3062668
137.9334412
126.2638168
78.9028015
34.6554565
8.8088303
0.5820872
0.2892013
0.3062639
0.8810190
0.9706582
0.7348088
0.9172201
0.9465399
1.0183548
5.1909056
51.6590614
154.8235931
240.1756897
230.9173889
192.5567017
151.6531677
175.8780823
198.0817261
230.0776672
223.9256134
173.4172058
117.2547760
75.0763702
67.8128738
92.4161987
116.6336365
111.0969772
107.4595947
130.1106110
181.9026947
169.6943054
89.1500244
31.7337418
30.7678051
44.4277878
85.8856812
165.3284912
179.9852448
98.9377136
29.7126808
29.7086334
37.9447403
38.5489197
21.4567909
26.5380669
86.9632111
214.2735901
294.7719421
239.4185791
101.7808762
31.0986862
14.3997412
42.2817001
125.4186401
152.9918518
78.9170532
4.4772644
0.2999309
0.0549947
0.1333277
0.3442279
1.6173446
20.1179581
99.6803818
226.2250977
301.8518982
255.3539734
168.9214172
101.2708130
82.0631714
78.9052277
86.3266754
104.5878372
106.3978119
88.7125854
54.5039635
33.1200943
22.4746571
17.9714985
41.3200874
194.7205963
462.9187622
660.9331055
585.0345459
322.4981384
128.2817078
107.9779358
134.8988953
158.5308838
130.1842651
98.6120453
97.7095184
136.1866150
205.4665527
243.9029999
222.5575562
186.7275391
136.8877411
138.4155731
200.2931366
258.1744690
244.4916077
224.3506165
176.9401703
131.2609558
101.9890060
87.8452225
59.1849785
41.2859917
53.1707153
62.2705803
54.5352554
35.7645187
24.9225731
43.1501045
102.2865295
163.4888306
143.3654327
73.1893997
24.6994457
19.9116211
24.6732559
33.4965401
71.7968750
184.7955627
297.9651184
291.8466492
134.0422211
25.6234150
3.6167741
13.7484388
42.2267151
44.9683914
3.5385940
2.3367231
9.1254330
24.6806526
46.1628304
56.5564461
51.1725578
39.7903175
28.0865898
22.4898567
16.7538795
12.3363724
5.0676627
1.6463580
21.2938156
82.3866119
162.1104431
258.7977905
336.1743469
294.1650391
147.3717957
40.6278114
7.6706438
1.3879955
1.6222631
7.2981725
40.5008812
59.8453789
54.8692207
40.3331642
23.1431618
29.2253323
35.2367096
71.1866760
96.0076141
83.3395615
61.9489059
54.4235077
71.0101318
90.7518692
103.5570450
83.3172607
49.0716133
16.8240585
4.9304395
5.3227744
12.3543091
15.3461094
16.3037815
12.8843727
7.4470472
16.0985775
65.6627808
134.4253082
168.1279297
137.9166107
97.9599991
71.1724243
58.3053284
50.1092453
88.1205444
195.6625519
310.8552856
384.6771240
318.4621582
179.6473389
72.7162094
43.6718750
14.3826103
4.9108829
17.6741524
77.5299988
102.7786331
67.1831207
41.1838417
39.5705986
41.3642845
46.4094124
47.4411316
31.9091377
24.3950405
16.8396721
12.0741243
7.3822393
3.2696772
1.2805759
0.6844016
1.9127209
5.6734233
38.1398354
112.4207153
161.2421570
155.6143036
137.1637115
171.5778351
189.7320404
212.8530273
193.9251099
171.8091888
143.3209381
119.9593582
105.5782242
113.4344330
119.7204361
101.9335251
125.1636124
175.0619354
160.7994995
67.4041367
32.2557907
46.8989067
59.4455414
55.3101273
29.8153706
19.4792442
51.7364502
164.9901581
267.1361084
280.6517639
203.4398499
104.8546829
39.2561646
35.0761871
48.7355461
122.7604294
219.0374451
138.1538391
20.4563274
2.2495687
0.2976039
0.1215226
0.4971602
41.2841415
132.6031952
188.7473297
163.6168976
105.0365982
80.7481689
60.5693283
49.9046860
55.0397186
89.5087891
73.9917374
73.3142548
80.2969131
63.7554169
37.2563477
72.7670593
176.0431519
262.0776062
236.7222290
222.1579285
279.1984558
363.8647766
439.6572876
332.9723206
180.1584625
186.3658447
285.2833252
285.6207581
226.3153534
186.5450745
132.8034210
100.4697113
84.2663422
156.8798370
157.7161102
183.9198456
255.2525940
186.0885162
108.3733673
77.7674332
81.1602554
82.1029358
61.2981529
31.1633263
13.7163124
10.0819874
9.3945093
4.3809867
1.1816109
1.2658814
18.7954674
54.8526382
74.2556915
54.7880402
20.1186676
7.7213545
5.7309599
3.8833704
3.2676039
2.5832212
2.5360527
2.0757208
1.3498049
1.0670156
0.8495189
1.0143161
0.7000265
0.4331872
0.4071456
0.5795044
0.7487794
0.7173468
0.6364986
0.6706058
0.6457494
0.6858830
0.7506679
0.8775008
0.6385792
0.5672163
0.6183434
0.8087926
0.5130177
0.1155454
0.0138288
0.0010977
0.0000000
0.0000000
0.0000000
0.0000000
0.0000000
0.0000000
0.0000000
0.0000000
0.0000000
0.0000000
0.0000000
0.0000000
0.0000000
0.0000000
0.0000000
0.0000000
0.0000000
0.0000000
0.0000000
0.0000000
0.0000000
0.0000000
0.0000000
0.0000000
0.0000000
0.0000000
0.0000000
0.0000000
0.0000000
0.0000000
0.0000000
0.0000000
0.0000000
0.0000000
0.0000000
0.0000000
0.0000000
0.0000000
0.0000000
0.0000000
0.0000000
0.0000000
0.0000000
0.0000000
0.0000000
0.0000000
0.0000000
0.0000000
0.0000000
0.0000000
0.0000000
0.0000000
0.0000000
0.0000000
0.0000000
0.0000000
0.0000000
0.0000000
0.0000000
0.0000000
0.0000000
0.0000000
0.0000000
0.0000000
0.0000000
0.0000000
