0.0000000
0.0000000
0.0000000
0.0000000
0.0000000
0.0000000
0.0000000
0.0000000
0.0000000
0.0000000
0.0000000
0.0000000
0.0000000
0.0000000
0.0000000
0.0000000
0.0000000
0.0000000
0.0000000
0.0000000
0.0000000
0.0000000
0.0000000
0.0000000
0.0000000
0.0000000
0.0000000
0.0000000
0.0000000
0.0000000
0.0000000
0.0000000
0.0000000
0.0000000
0.0000000
0.0000000
0.0000000
0.0000000
0.0000000
0.0000000
0.0000000
0.0000000
0.0000000
0.0000000
0.0000000
0.0000000
0.0000000
0.0000000
0.0000000
0.0000000
0.0000000
0.0000000
0.0000000
0.0000000
0.0000000
0.0000000
0.0000000
0.0000000
0.0000000
0.0000000
0.0000000
0.0000000
0.0000000
0.0000000
0.0000000
0.0000000
0.0000000
0.0000000
0.0000000
0.0000000
0.0000000
0.0000000
0.0000000
0.0000000
0.0000000
0.0000000
0.0000000
0.0000000
0.0000000
0.0000000
0.0000000
0.0000000
0.0000000
0.0000000
0.0000000
0.0000000
0.0000000
0.0000000
0.0000000
0.0000000
0.0000000
0.0000000
0.0000000
0.0000000
0.0000000
0.0000000
0.0000000
0.0000000
0.0000000
0.0000000
0.0000000
0.0000000
0.0000000
0.0080968
0.3470814
1.2087473
2.0603127
2.3102815
1.8287624
1.3331022
1.3876766
1.6548579
1.4749323
1.1984719
1.1625711
1.2977040
0.9409497
0.6204075
0.7608947
1.8951573
4.3192482
6.2161551
4.6149392
20.0616207
84.0189819
171.0381317
224.6562958
244.2165527
248.6815338
225.4720917
136.8906250
37.9351654
6.7735496
1.9283453
13.0134735
40.0062866
52.9901810
43.1363258
28.0975761
18.0191383
25.9330482
41.8521347
44.0831909
34.0805092
23.1201439
23.0749168
22.5238781
31.1520844
47.1746712
40.3869553
24.6394424
28.4632931
44.3620033
35.0040894
14.9999504
8.8043671
4.7900071
9.8675613
47.0235062
50.5692749
38.2858772
27.9271507
28.3316040
22.4198570
14.8161821
10.2273664
25.5287933
83.3534088
123.0328903
126.6724625
116.0535202
125.3659821
128.8943939
126.9512787
109.4941559
91.0759583
64.5446320
40.0379753
11.0965710
12.3358545
26.4613113
19.4272976
18.3435593
14.7733517
8.4186230
4.4884214
4.2471943
5.4648256
10.5332127
19.5672550
28.1077156
41.5134201
64.6764984
77.3523331
80.5807495
92.0620956
100.6314163
92.6515274
77.0274124
62.6074562
42.3224792
28.8699150
43.2875099
49.9507446
35.1049500
31.2183304
53.1768951
60.8858185
38.1511269
22.8080063
14.6180830
18.2088814
26.5909538
27.1656570
24.9892616
24.0753326
20.5254135
17.7009335
16.8920040
14.4018307
9.4699144
5.0373335
1.0607458
0.4282697
0.5610073
2.2204885
3.1334696
1.7612309
0.8515797
3.5199692
26.7803555
65.9632492
94.5511475
95.7576141
78.9996872
59.4726295
36.4014015
47.3155975
71.4217758
55.7815704
31.5049171
22.5605202
26.5080013
25.5364647
22.5121098
15.5747786
6.5380158
5.1080813
20.1004143
37.3259583
46.7887878
66.6259766
100.5058670
138.3642578
151.7505341
122.6772308
86.8316803
48.7358856
36.1550827
27.4509258
40.5048141
47.2459145
39.2911263
23.7240009
17.3784199
32.6071243
52.0462112
48.6820221
30.0163498
16.6784096
18.8067112
17.7312603
7.2019038
16.7469635
20.4175797
10.7676334
7.0645504
11.0057058
9.1117773
5.9793496
2.1720383
1.5350718
1.8580434
3.7783904
5.4907722
5.3516603
3.6422658
1.5819436
0.6618348
0.3836722
0.6816821
0.8204052
0.7423878
1.1059973
8.4378710
26.8840389
45.2845993
47.2899437
32.9644089
22.3109798
21.8799934
32.7251587
37.9517632
25.0007858
10.8861198
12.1394882
9.7834311
13.6702681
25.2250023
24.7523975
22.8042240
22.9378376
15.4979076
2.4872735
4.9983087
30.0697594
82.3989410
98.4065552
66.2430573
33.1763840
15.5420856
5.4480295
2.2353134
6.6267834
32.6844368
64.1250763
69.4580078
52.7374382
40.0169334
42.5117683
57.8430481
85.9964447
130.9432220
167.2283478
157.9575653
90.8014374
57.8779907
54.8367805
77.6453094
98.8300934
84.3594742
53.7851257
26.1924877
6.9042749
7.0832267
3.9173479
1.5492326
4.0964437
6.1404104
4.5254154
1.9514658
1.2667763
13.4794455
39.7533989
58.3963623
61.4515495
45.1248779
29.9653473
20.3012562
13.4677782
5.4866362
1.0522304
3.3633294
20.9347954
48.3233337
42.0174408
18.8292580
7.0828433
2.2739255
9.0148172
28.4016647
39.5420380
29.4126930
16.3383579
9.1884632
6.7661438
10.2329588
15.1454468
16.2082672
12.4497795
6.7866406
5.4312348
2.6547122
3.4765527
4.1584978
4.9427958
5.5037756
5.7574415
5.2677937
3.9300964
3.0829659
2.3748507
1.9152358
1.5805199
1.4288071
1.1992185
0.8896686
0.8649587
0.6120074
0.7287784
0.8097265
0.9082501
0.9096005
0.9077907
1.1270529
1.0077240
0.9801878
1.3605473
1.4774971
0.8863525
0.5604146
1.0801846
1.1435542
1.1959193
1.1358002
0.9114418
0.9335171
0.7438098
0.7510512
0.8039476
0.7086700
0.7065531
1.0692759
1.0817633
0.8477273
0.7652164
0.7188540
0.6943555
0.5529143
0.5180206
0.8129188
1.0477012
1.0853174
1.1455611
1.0383602
1.0400610
1.0157454
1.1958020
1.2572268
1.3873384
1.7202975
1.7107018
1.4232318
1.3062229
1.1339766
0.7993245
0.8544608
1.0924758
1.1421350
0.8602437
0.8737404
0.8911911
0.7099100
0.6529624
0.7449214
0.6016158
0.7991260
1.7943251
4.9943223
31.1839428
81.7588425
116.8817596
101.4630966
51.0284653
27.8772697
26.1191788
21.0691681
16.0420437
15.2940798
31.3567390
86.8533020
143.2787170
162.5687256
145.0130768
114.2234192
87.7409363
70.9607010
47.6751328
21.5604992
1.9794557
0.3680930
0.0772796
5.3213224
34.3697319
65.8170929
73.4840851
48.3081665
26.5942230
32.3365173
40.4859390
35.8372726
27.2181282
24.4776745
24.8209667
21.6263638
18.2291641
11.4128942
9.5284672
16.5747719
8.5376844
5.4480324
2.1329842
1.0809674
1.0557740
0.7252071
0.6111701
0.7481993
0.7991440
0.7768924
0.6435288
0.6049041
0.7740589
0.9353195
5.1750097
22.3957958
43.4354057
51.4037971
46.3235283
41.9154053
41.0928268
36.7486191
21.8680496
4.8629384
18.5171375
63.4986267
108.8801498
115.0477524
74.8478851
39.2544746
19.0700207
14.4754705
15.5451880
9.0299873
8.4909248
8.9492025
7.8723521
6.6773968
8.4875221
6.2182283
2.3414497
1.9864033
1.1133020
0.7257094
0.5355219
0.5179239
0.6546242
0.9391350
1.0709391
0.9338846
0.9358927
0.7614848
0.8106914
0.8694732
0.7163037
0.8585912
0.9769091
0.6356958
0.2444137
0.0471816
0.0029781
0.0002624
0.0000000
0.0000000
0.0000000
0.0000000
0.0000000
0.0000000
0.0000000
0.0000000
0.0000000
0.0000000
0.0000000
0.0000000
0.0000000
0.0000000
0.0000000
0.0000000
0.0000000
0.0000000
0.0000000
0.0000000
0.0000000
0.0000000
0.0000000
0.0000000
0.0000000
0.0000000
0.0000000
0.0000000
0.0000000
0.0000000
0.0000000
0.0000000
0.0000000
0.0000000
0.0000000
0.0000000
0.0000000
0.0000000
0.0000000
0.0000000
0.0000000
0.0000000
0.0000000
0.0000000
0.0000000
0.0000000
0.0000000
0.0000000
0.0000000
0.0000000
0.0000000
0.0000000
0.0000000
0.0000000
0.0000000
0.0000000
0.0000000
0.0000000
0.0000000
0.0000000
0.0000000
0.0000000
0.0000000
0.0000000
0.0000000
0.0000000
0.0000000
0.0000000
0.0000000
0.0000000
0.0000000
0.0000000
0.0000000
0.0000000
0.0000000
0.0000000
0.0000000
0.0000000
0.0000000
0.0000000
0.0000000
0.0000000
0.0000000
0.0000000
0.0000000
0.0000000
0.0000000
0.0000000
0.0000000
0.0000000
0.0000000
0.0000000
0.0000000
0.0000000
0.0000000
0.0000000
0.0000000
0.0000000
0.0000000
0.0000000
0.0000000
0.0000000
0.0000000
0.0000000
0.0000000
0.0000000
0.0000000
0.0000000
0.0000000
0.0000000
0.0000000
0.0000000
0.0000000
0.0000000
0.0000000
0.0000000
0.0000000
0.0000000
0.0000000
0.0000000
0.0000000
0.0000000
0.0000000
0.0000000
0.0000000
0.0000000
0.0000000
0.0000000
0.0000000
0.0000000
0.0000000
0.0000000
0.0000000
0.0000000
0.0000000
0.0000000
0.0000000
0.0000000
0.0000000
0.0000000
0.0000000
0.0000000
0.0000000
0.0000000
0.0000000
0.0000000
0.0000000
0.0000000
0.0000000
0.0000000
0.0000000
0.0000000
0.0000000
0.0000000
0.0000000
0.0000000
0.0000000
0.0000000
0.0000000
0.0000000
0.0000000
0.0000000
0.0000000
0.0000000
0.0000000
0.0000000
0.0000000
0.0000000
0.0000000
0.0000000
0.0000000
0.0000000
0.0000000
0.0000000
0.0000000
0.0000000
0.0000000
0.0000000
0.0000000
0.0000000
0.0000000
0.0000000
0.0000000
0.0000000
0.0000000
0.0000000
0.0000000
0.0000000
0.0000000
0.0000000
0.0000000
0.0000000
0.0000000
0.0000000
0.0000000
0.0000000
0.0000000
0.0000000
0.0000000
0.0000000
0.0000000
0.0000000
0.0425138
0.7286783
2.2107589
3.6022997
4.0107608
3.1768465
1.8894627
0.9811647
0.5731333
0.4987445
0.6290943
0.9112485
1.2378193
2.6442256
10.5157461
22.2900181
33.1815186
47.9988480
69.2195816
84.8601456
79.8632736
57.9604950
42.8340225
44.4155807
59.9476662
73.5750504
84.8635330
57.8615990
18.7022743
4.4695807
2.2086375
5.6963220
73.8909683
146.8606415
141.6918488
94.0293884
61.2749329
46.2627068
32.2359581
23.4899540
29.7618103
51.9853477
67.0230255
67.3941650
41.7548866
21.3135681
15.1394348
30.7888069
42.3549385
39.0568008
28.3227520
15.0196428
8.0221109
7.4005027
7.0475850
6.0832410
6.7143264
5.6158433
2.2113538
1.7830477
16.5719662
69.0242767
139.0342255
185.3692627
202.9719238
181.7003937
125.5291214
56.9265404
16.9448433
2.0130053
4.5289984
13.2429447
17.5794029
16.0206833
14.8161545
21.7615681
36.0684204
41.5667000
36.2286987
29.1868229
32.9440308
41.5661659
44.4604416
38.0042496
27.6351986
26.8527126
26.5035591
16.9053822
22.8140640
16.6030846
9.2481098
18.3321362
43.7687416
50.3893013
42.4813614
36.8122177
54.5149078
82.6379852
69.8561859
49.9226189
34.0356026
20.6264210
12.7706289
8.8043718
9.1715918
24.1950722
44.3418922
48.5168381
36.9553261
26.9367218
21.2491608
19.0471382
19.3510227
31.8414707
70.6663513
97.4795532
88.1893921
72.6675720
73.8990173
70.5677490
59.9022598
48.3253212
35.8141899
28.9572182
18.1558228
16.4599400
46.3587379
99.6133194
134.0940857
128.1708832
91.7687836
49.5149193
21.6968746
8.7338800
3.0023088
0.9604181
1.2832150
5.7482948
23.6028347
48.0867615
50.9389801
31.2078247
13.9437037
7.0462570
3.9164696
5.6027694
5.5352812
3.3005171
1.7294825
7.7641301
17.2245026
18.4680519
8.2766867
1.5041857
0.6438010
0.5296561
0.8659886
0.9430043
1.0388174
1.2729557
1.1850114
1.1466347
1.1698325
0.8414007
0.6412286
1.0192769
1.0760081
1.0006069
0.7833633
0.7030217
0.7564172
0.8808994
0.8504849
0.7544307
0.9235308
1.0058523
0.7632803
0.7226163
1.0825028
1.4914086
1.4273045
1.5815253
1.8401775
1.2766650
1.0675009
1.5492767
2.4296830
4.6251659
16.1116409
38.7142982
65.6603012
102.1220627
143.1646118
172.4674988
181.6144104
164.7823029
136.2272949
119.2007675
116.5189133
116.9917297
113.3029633
105.3339920
85.9394073
90.4625015
193.6278381
175.5723114
127.1768036
68.3324127
18.6263981
6.1713648
6.3007402
35.9981155
83.6938019
71.0203094
51.0370331
49.3291588
46.7230988
32.6860275
21.4166107
14.7085676
6.6663299
3.7962551
4.4070015
4.7351313
3.8897367
4.1286511
4.5515146
4.0021005
4.1697087
4.6969638
6.3329430
6.2285900
3.3679328
1.7360339
0.9227919
0.5728211
0.6592179
0.8018158
0.6357055
0.4626554
0.6917752
0.9467957
1.0356373
1.0576395
6.9209919
43.4838181
96.9126816
129.6284790
148.3420563
173.2123566
164.7984924
117.0220795
66.0301514
72.1670685
69.8793488
40.5496521
18.2267265
10.6752882
8.4766045
5.4943552
2.0131822
5.3769135
4.2379136
3.6013641
2.7178540
1.8487313
1.4910755
1.6497221
2.6215129
12.5492353
33.2374115
66.7899017
96.4428558
90.1003876
42.5413132
7.3421974
2.0224717
3.7354369
13.0930853
65.0826111
141.2699127
178.7354736
156.2227936
106.8203049
57.7215881
29.6875439
50.8811989
63.4116745
51.0412560
30.6774292
21.5196018
16.1499729
11.6834316
26.9299431
51.6744652
62.2330360
50.3404770
34.4311752
10.5017262
3.5566947
9.4399576
23.4653130
51.9142342
92.6533051
93.0492401
62.2313957
22.6599197
15.0020237
10.2679214
16.6647129
26.8711872
26.9928398
25.5134792
21.8633385
17.5025444
19.3457031
38.5332451
79.7175140
123.3788986
156.6227570
175.9046783
134.2307434
64.3377457
16.4130497
9.5124292
9.0532074
10.3841782
9.1893911
16.3003464
50.2273521
53.3291321
28.2890186
12.0974236
8.9262447
11.7835598
17.3332825
15.1838646
14.7160931
17.3983040
21.0170670
21.6958580
19.6032257
18.6995964
16.4294987
12.2244701
5.7318850
2.7472544
3.0531342
6.3567052
30.6431637
51.6699982
44.6670151
27.7685013
15.9029112
10.2121067
18.7460461
25.2926998
20.0589008
12.4619398
4.8948011
1.9116876
4.6158218
8.3555565
10.8320465
9.9335117
6.9985528
5.3020172
5.0978241
4.4252133
3.5037425
1.9291327
1.7067236
1.7073041
1.5244876
1.5102224
1.4288481
1.2570941
0.9072244
0.7665675
0.7251509
0.8495088
0.8397310
0.5909711
0.1467062
0.0059820
0.0002624
0.0000000
0.0000000
0.0000000
0.0000000
0.0000000
0.0000000
0.0000000
0.0000000
0.0000000
0.0000000
0.0000000
0.0000000
0.0000000
0.0000000
0.0000000
0.0000000
0.0000000
0.0000000
0.0000000
0.0000000
0.0000000
0.0000000
0.0000000
0.0000000
0.0000000
0.0000000
0.0000000
0.0000000
0.0000000
0.0000000
0.0000000
0.0000000
0.0000000
0.0000000
0.0000000
0.0000000
0.0000000
0.0000000
0.0000000
0.0000000
0.0000000
0.0000000
0.0000000
0.0000000
0.0000000
0.0000000
0.0000000
0.0000000
0.0000000
0.0000000
0.0000000
0.0000000
0.0000000
0.0000000
0.0000000
0.0000000
0.0000000
0.0000000
0.0000000
0.0000000
0.0000000
0.0000000
0.0000000
0.0000000
0.0000000
0.0000000
0.0000000
0.0000000
0.0000000
0.0000000
0.0000000
0.0000000
0.0000000
0.0000000
0.0000000
0.0000000
0.0000000
0.0000000
0.0000000
0.0000000
0.0000000
0.0000000
0.0000000
0.0000000
0.0000000
0.0000000
0.0000000
0.0000000
0.0000000
0.0000000
0.0000000
0.0000000
0.0000000
0.0000000
0.0000000
0.0000000
0.0000000
0.0000000
0.0000000
0.0000000
0.0000000
0.0000000
0.0000000
0.0000000
0.0000000
0.0000000
0.0000000
0.0000000
0.0000000
0.0000000
0.0000000
0.0000000
0.0000000
0.0000000
0.0000000
0.0000000
0.0000000
0.0000000
0.0000000
0.0000000
0.0000000
0.0000000
0.0000000
0.0000000
0.0000000
0.0000000
0.0000000
0.0000000
0.0000000
0.0000000
0.0000000
0.0000000
0.0000000
0.0000000
0.0000000
0.0000000
0.0000000
0.0000000
0.0000000
0.0000000
0.0000000
0.0000000
0.0000000
0.0000000
0.0000000
0.0000000
0.0000000
0.0000000
0.0000000
0.0000000
0.0000000
0.0000000
0.0000000
0.0000000
0.0000000
0.0000000
0.0000000
0.0000000
0.0000000
0.0000000
0.0000000
0.0000000
0.0000000
0.0000000
0.0000000
0.0000000
0.0000000
0.0000000
0.0000000
0.0000000
0.0000000
0.0000000
0.0000000
0.0000000
0.0000000
0.0000000
0.0000000
0.0000000
0.0000000
0.0000000
0.0000000
0.0000000
0.0000000
0.0000000
0.0000000
0.0000000
0.0000000
0.0000000
0.0000000
0.0000000
0.0000000
0.0000000
0.0000000
0.0000000
0.0000000
0.0000000
0.0000000
0.0000000
0.0000000
0.0000000
0.0000000
0.0000000
0.0000000
0.0000000
0.0000000
0.0000000
0.0000000
0.0000000
0.0000000
0.0000000
0.0000000
0.0000000
0.0000000
0.0000000
0.0000000
0.0000000
0.0000000
0.0000000
0.0000000
0.0000000
0.0000000
0.0000000
0.0000000
0.0000000
0.0000000
0.0000000
0.0000000
0.0000000
0.0000000
0.0000000
0.0000000
0.0000000
0.0000000
0.0000000
0.0000000
0.0000000
0.0000000
0.0000000
0.0000000
0.0000000
0.0000000
0.0000000
0.0000000
0.0000000
0.0000000
0.0000000
0.0000000
0.0000000
0.0000000
0.0000000
0.0000000
0.0000000
0.0000000
0.0000000
0.0000000
0.0000000
0.0784657
0.7586962
1.8142084
2.2719305
2.0244229
1.5521621
1.2269754
0.9677062
0.9153746
1.1603631
1.3127766
1.0697423
0.8527012
1.0197784
1.0764388
0.9008546
3.9598982
12.2328949
21.0342026
29.7785397
45.9302597
76.4785004
108.8933029
122.8862686
132.6203766
167.9830627
195.7772827
204.0653992
197.9415436
177.0393677
126.6091156
83.3142090
88.9198914
102.2176437
91.5454483
78.5516663
60.9586754
102.7863312
264.9793091
234.2737885
180.1073608
158.5268402
161.8391571
196.5005035
191.4488525
110.9888840
57.4771805
47.5042839
56.2358475
59.5765839
63.8726387
70.8044662
61.1357727
50.8941727
45.1943169
39.7808647
27.5575142
16.3404446
8.8612938
2.3913321
1.3825439
1.4044975
1.0744225
0.8493405
0.6390342
1.2848040
1.8937466
1.7050736
1.6000782
1.5226111
1.1067560
0.6706692
1.0682434
3.6864243
8.2022667
13.5066814
20.5368652
27.0791492
44.1904144
91.2030945
150.0931244
166.1842804
114.2998581
50.5467834
10.6193323
1.7787488
17.0034542
44.1661301
53.9089966
36.4284019
9.8411312
2.4840045
0.7181319
26.7123184
126.4837265
224.5028381
233.7856445
189.0497131
158.8760223
167.5574341
178.6690369
168.7204590
154.6162109
127.8535919
98.4064255
72.8190002
96.0453415
147.0631866
136.6943512
106.6694870
67.3986969
43.7485886
40.3992271
36.5558624
35.3147469
32.6165924
24.6665916
16.3430252
11.3007698
10.7261124
10.1912231
9.7301712
13.0068750
24.9707375
37.4538498
35.7823181
23.4215851
9.4760208
7.4023170
5.5535049
3.0682974
2.4492884
3.6663454
4.1986427
4.6148987
11.6802435
45.9843941
93.1275940
112.3285751
103.8444824
116.7335587
176.6712036
261.4798584
308.6412964
240.5989990
113.7025833
47.5496864
12.9146910
3.3366408
15.2808933
43.6781960
51.1780014
34.9997101
21.0197620
11.5907459
9.5937471
22.9598675
38.7589569
42.8455696
35.5191765
28.0897770
24.5034637
21.5529041
17.9649506
11.8346138
38.8738785
68.2289581
76.1205139
77.0391464
80.4389496
86.1371231
89.7678757
92.7297974
93.4374847
73.3759842
33.5103912
12.0846529
22.9283104
13.0802145
7.3895993
15.2998295
56.7537613
97.9168015
91.3735123
62.6707726
35.6839485
24.7798576
20.1707821
54.1597023
87.0047684
97.3431702
76.4062805
33.1471443
14.2427635
33.0558281
81.4653015
159.8863983
234.8094025
256.1415100
247.2381744
251.5551758
271.8709106
263.7761536
180.4123535
107.1699448
64.7603302
18.7447586
30.7395210
102.6438446
116.4421844
129.1213226
115.4788818
98.7160187
87.0748596
73.2435608
45.7860718
26.6634064
23.7671108
27.7797298
29.3506527
24.5539970
16.4880638
10.7580948
8.8176041
8.0248003
7.3371243
6.2672243
5.0076437
3.2654819
4.3846736
10.0157118
12.6951180
26.4634075
79.6657867
149.6719971
189.9472656
157.2998352
89.8032913
55.9963989
51.5939484
55.4056168
53.9875031
48.5695190
43.8435364
35.8593826
19.4191132
3.6838331
2.3009067
22.9725304
78.6715164
104.0267944
75.3563538
41.0582085
23.6316223
33.8436737
55.6147346
43.2624435
23.7680359
16.2437935
30.1555271
67.7824173
75.7652969
55.4609909
33.5922585
28.3548508
25.3107929
19.4147625
28.0074215
54.1913109
58.5477066
40.1815453
26.4818382
15.4249115
20.0436172
20.5107098
13.4900846
10.3236742
20.6753082
41.9902344
46.0456848
33.3224182
27.4868870
36.4923363
36.9181976
21.4779491
7.7436776
9.6802149
0.9755247
0.3953090
0.6630862
1.3759828
1.6455479
0.8195482
0.4334537
0.4557610
0.6148890
0.7383147
0.7479070
1.1211344
1.4604985
2.3325419
2.7448578
1.7211921
1.2762899
3.1266730
8.0265417
15.3981018
27.7810574
46.4594421
57.4482536
43.8730774
20.2982597
13.3624067
12.9340038
36.6509056
73.5049667
92.2485580
95.8383636
91.5683594
73.8231201
51.9240303
34.8427315
17.7110291
24.0544586
43.8147240
34.0583496
23.8261452
16.7268753
18.7692356
28.2876472
33.5677414
30.8827839
25.6784019
20.4497013
15.2095270
11.0921068
7.4588017
4.4144187
2.7235620
3.2494590
1.6932082
0.8331606
0.7797961
0.7543588
0.7233903
0.4268404
0.4470298
0.5026125
0.9335669
1.2281767
1.3465395
0.7044743
0.1522205
0.0081906
0.0005274
0.0000000
0.0000000
0.0000000
0.0000000
0.0000000
0.0000000
0.0000000
0.0000000
0.0000000
0.0000000
0.0000000
0.0000000
0.0000000
0.0000000
0.0000000
0.0000000
0.0000000
0.0000000
0.0000000
0.0000000
0.0000000
0.0000000
0.0000000
0.0000000
0.0000000
0.0000000
0.0000000
0.0000000
0.0000000
0.0000000
0.0000000
0.0000000
0.0000000
0.0000000
0.0000000
0.0000000
0.0000000
0.0000000
0.0000000
0.0000000
0.0000000
0.0000000
0.0000000
0.0000000
0.0000000
0.0000000
0.0000000
0.0000000
0.0000000
0.0000000
0.0000000
0.0000000
0.0000000
0.0000000
0.0000000
0.0000000
0.0000000
0.0000000
0.0000000
0.0000000
0.0000000
0.0000000
0.0000000
0.0000000
0.0000000
0.0000000
0.0000000
0.0000000
0.0000000
0.0000000
0.0000000
0.0000000
0.0000000
0.0000000
0.0000000
0.0000000
0.0000000
0.0000000
0.0000000
0.0000000
0.0000000
0.0000000
0.0000000
0.0000000
0.0000000
0.0000000
0.0000000
0.0000000
0.0000000
0.0000000
0.0000000
0.0000000
0.0000000
0.0000000
0.0000000
0.0000000
0.0000000
0.0000000
0.0000000
0.0000000
0.0000000
0.0000000
0.0000000
0.0000000
0.0000000
0.0000000
0.0000000
0.0000000
0.0000000
0.0000000
0.0000000
0.0000000
0.0000000
0.0000000
0.0000000
0.0000000
0.0000000
0.0000000
0.0000000
0.0000000
0.0000000
0.0000000
0.0000000
0.0000000
0.0000000
0.0000000
0.0000000
0.0000000
0.0000000
0.0000000
0.0000000
0.0000000
0.0000000
0.0000000
0.0000000
0.0000000
0.0000000
0.0000000
0.0000000
0.0000000
0.0000000
0.0000000
0.0000000
0.0000000
0.0000000
0.0000000
0.0000000
0.0000000
0.0000000
0.0000000
0.0000000
0.0000000
0.0000000
0.0000000
0.0000000
0.0000000
0.0000000
0.0000000
0.0000000
0.0000000
0.0000000
0.0000000
0.0000000
0.0000000
0.0000000
0.0000000
0.0000000
0.0000000
0.0000000
0.0000000
0.0000000
0.0000000
0.0000000
0.0000000
0.0000000
0.0000000
0.0000000
0.0000000
0.0000000
0.0000000
0.0000000
0.0000000
0.0000000
0.0000000
0.0000000
0.0000000
0.0000000
0.0000000
0.0000000
0.0000000
0.0000000
0.0000000
0.0000000
0.0000000
0.0000000
0.0000000
0.0000000
0.0000000
0.1067280
0.6608645
1.7935169
3.1981647
4.2924223
4.3856006
3.3528867
1.8793269
1.2100418
0.9656442
0.5194744
0.4436866
0.4785868
3.1124501
21.0757465
70.3043518
138.7164001
186.6251984
178.3503571
133.5410156
97.4142227
71.6091766
45.7647858
38.1358223
54.1732903
80.9707870
94.3652496
113.8397217
144.8475342
184.8790588
220.0728302
234.3868713
209.0229034
160.8465118
123.6695251
103.6588287
73.8993759
32.3136406
21.7237053
33.3807144
110.0333557
227.9455414
265.1244812
186.1017151
104.6149750
77.9403915
55.5151558
34.8814354
16.6406326
10.7238541
26.2638264
52.3757095
71.9658890
69.0823593
57.9164276
42.6195297
26.6712818
11.2536039
13.8467827
39.7964249
69.9807281
45.4955330
11.8910198
1.7605219
1.2916604
11.2794123
32.0735741
59.7190971
115.4622269
190.2262115
230.1351013
230.0442047
155.5904236
77.3443222
19.2806339
2.7174904
0.9538394
12.3060341
32.4313316
38.2111664
32.8924484
20.9310417
8.8663473
1.2898844
20.5626736
98.8640366
160.0620117
149.2659454
118.9446793
77.2169647
55.5601654
66.9017868
98.6998291
104.3294830
76.9081802
54.6529541
64.0657196
73.0504913
53.1569977
20.2912693
17.9772186
94.3697815
190.4465790
199.1226654
149.1021576
105.4842072
81.6201401
73.5558167
68.1700516
48.6828842
36.5253830
36.2751312
57.5103760
53.1965866
47.4904785
45.1885681
33.2568207
10.3433800
2.7880630
6.6136813
58.9413071
151.7466125
210.3867035
189.3359528
137.3287354
114.5521851
103.2412109
83.8457642
78.0117722
75.4911194
65.2603073
49.0339012
28.4615765
36.3187561
34.7366142
31.4714241
33.5296211
19.3820629
3.2328870
0.9283624
6.4894004
64.6759415
159.4714050
205.0150452
162.3678894
94.9020462
44.1875725
18.2827187
17.9958878
42.2084846
54.0692406
24.8653259
5.0640764
4.4398470
0.6433817
1.1027763
12.3108807
30.8853226
39.5452194
51.9253731
77.5962906
107.5162659
125.3899765
104.4907227
80.0086899
87.1961288
98.1116486
47.4391098
5.3155251
1.4500355
4.8367028
11.2275314
28.8101940
70.3839798
94.1379776
94.3632202
76.9832001
44.7272835
15.9396524
6.5746021
16.7948723
51.8185616
43.6514778
15.2248535
6.3770299
0.7372971
0.4032089
3.1317883
20.1951008
41.7351913
50.0447693
50.8716240
49.4041176
49.3210602
54.3834381
67.2919540
66.7253113
52.8973122
32.1667862
29.8634243
31.9130497
15.8775492
3.8123899
16.2538147
46.6052361
58.1872940
49.8337212
30.9180470
14.8443661
5.5309954
6.6824346
29.8824024
58.1797943
50.9150276
32.9904213
21.4555550
12.7445946
19.4767609
39.0335808
40.0593719
34.2135887
31.2459946
27.1293907
33.0463753
88.1399612
144.1270752
151.8450165
124.1620636
86.2821655
49.5433578
30.0558376
18.1302204
11.1031494
6.4381022
8.1653395
7.9144983
13.0559111
16.1061192
6.4266882
1.4335817
4.6096883
18.9507294
29.0444431
44.6379280
72.3792953
104.9715424
120.5376968
86.2159576
29.8258286
3.9365170
0.5461863
5.2870922
23.3937912
59.6530113
90.5622711
107.3255844
93.5916061
67.2846832
45.9071960
41.5166092
43.2888374
29.7910442
19.1217537
19.3730850
22.4018440
17.6896629
10.6810074
6.4067430
7.1174579
8.9883327
11.3244076
16.4042435
22.7995605
19.4288044
12.6940126
5.0856571
1.6577374
1.1330192
0.6566473
1.0373664
1.6734179
1.5166811
0.6364047
0.4639963
0.7248874
1.0686589
1.3609054
1.4873542
1.3027014
1.1941746
1.1296202
0.8253331
0.5535079
0.5366368
0.5425044
0.4970236
0.4812742
0.4031435
0.1175719
0.0064779
0.0007922
0.0000000
0.0000000
0.0000000
0.0000000
0.0000000
0.0000000
0.0000000
0.0000000
0.0000000
0.0000000
0.0000000
0.0000000
0.0000000
0.0000000
0.0000000
0.0000000
0.0000000
0.0000000
0.0000000
0.0000000
0.0000000
0.0000000
0.0000000
0.0000000
0.0000000
0.0000000
0.0000000
0.0000000
0.0000000
0.0000000
0.0000000
0.0000000
0.0000000
0.0000000
0.0000000
0.0000000
0.0000000
0.0000000
0.0000000
0.0000000
0.0000000
0.0000000
0.0000000
0.0000000
0.0000000
0.0000000
0.0000000
0.0000000
0.0000000
0.0000000
0.0000000
0.0000000
0.0000000
0.0000000
0.0000000
0.0000000
0.0000000
0.0000000
0.0000000
0.0000000
0.0000000
0.0000000
0.0000000
0.0000000
0.0000000
0.0000000
0.0000000
0.0000000
0.0000000
0.0000000
0.0000000
0.0000000
0.0000000
0.0000000
0.0000000
0.0000000
0.0000000
0.0000000
0.0000000
0.0000000
0.0000000
0.0000000
0.0000000
0.0000000
0.0000000
0.0000000
0.0000000
0.0000000
0.0000000
0.0000000
0.0000000
0.0000000
0.0000000
0.0000000
0.0000000
0.0000000
0.0000000
0.0000000
0.0000000
0.0000000
0.0000000
0.0000000
0.0000000
0.0000000
0.0000000
0.0000000
0.0000000
0.0000000
0.0000000
0.0000000
0.0000000
0.0000000
0.0000000
0.0000000
0.0000000
0.0000000
0.0000000
0.0000000
0.0000000
0.0000000
0.0000000
0.0000000
0.0000000
0.0000000
0.0000000
0.0000000
0.0000000
0.0000000
0.0000000
0.0000000
0.0000000
0.0000000
0.0000000
0.0000000
0.0000000
0.0000000
0.0000000
0.0000000
0.0000000
0.0000000
0.0000000
0.0000000
0.0000000
0.0000000
0.0000000
0.0000000
0.0000000
0.0000000
0.0000000
0.0000000
0.0000000
0.0000000
0.0000000
0.0000000
0.0000000
0.0000000
0.0000000
0.0000000
0.0000000
0.0000000
0.0000000
0.0000000
0.0000000
0.0000000
0.0000000
0.0000000
0.0000000
0.0000000
0.0000000
0.0000000
0.0000000
0.0000000
0.0000000
0.0000000
0.0000000
0.0000000
0.0000000
0.0000000
0.0000000
0.0000000
0.0000000
0.0000000
0.0000000
0.0000000
0.0000000
0.0000000
0.0000000
0.0000000
0.0000000
0.0000000
0.0000000
0.0000000
0.0000000
0.0000000
0.0000000
0.0000000
0.0000000
0.0000000
0.0000000
0.0000000
0.0000000
0.0000000
0.0000000
0.0000000
0.0000000
0.0000000
0.0000000
0.0000000
0.0000000
0.0000000
0.0000000
0.0000000
0.0000000
0.0000000
0.0000000
0.0000000
0.0000000
0.0000000
0.0000000
0.0000000
0.0000000
0.0000000
0.0000000
0.0000000
0.0000000
0.0000000
0.0000000
0.0000000
0.0000000
0.0000000
0.0000000
0.0000000
0.0000000
0.0000000
0.0000000
0.0000000
0.0000000
0.0000000
0.0000000
0.0000000
0.0000000
0.0000000
0.0000000
0.0000000
0.0000000
0.0000000
0.0000000
0.0000000
0.0000000
0.0000000
0.0000000
0.0000000
0.0000000
0.0000000
0.0000000
0.0000000
0.0000000
0.0000000
0.0000000
0.0000000
0.0000000
0.0000000
0.0000000
0.0000000
0.0000000
0.0000000
0.0000000
0.0000000
0.0000000
0.0000000
0.0000000
0.0000000
0.0000000
0.0000000
0.0355941
0.3927097
1.0800383
1.6218513
1.6726668
1.2528833
0.8332292
0.6491069
0.7421716
0.6449484
0.5807958
0.6416117
0.7343794
0.7256697
0.6344745
0.7612045
1.1376479
1.6022503
1.3554368
0.5550903
1.0355717
4.2467580
13.6164646
25.8573360
33.9949875
34.7545280
29.6843834
25.7892284
27.8015938
41.9193954
82.9198685
124.3841858
133.4762268
119.0902100
117.1832504
129.0619049
125.5816727
90.7035828
35.3229446
5.8304400
2.7969604
6.6346889
22.9572659
42.9043427
63.4715118
82.3567352
98.0400085
99.1409149
78.8853760
57.1216621
28.2809086
8.6915445
1.4219949
0.3540019
0.6306195
0.4186042
0.4946310
3.5596697
13.3089762
17.5494061
14.8771219
12.6070528
19.1021767
43.7274284
69.3654633
84.5212708
99.4167175
107.7950745
73.5190811
30.2240467
6.9646902
12.1985798
43.9082184
113.2491226
191.6192932
265.0469055
330.5126953
344.0021362
286.6361084
185.8716125
85.7752380
37.6121445
25.5454464
25.3524513
32.2324600
51.4254456
132.3162994
258.8303833
332.3585205
312.2129211
192.2920685
68.5149994
20.5891209
18.6073494
23.8434906
22.5123634
20.2609119
44.9786377
109.2170029
160.4972076
160.2573242
103.9950104
57.5679665
21.5614510
6.8761182
2.6888394
1.9563532
2.3632753
4.1766443
5.9948783
17.1666260
31.1796017
30.3401680
13.8073597
7.1027799
13.7854538
24.0723648
29.4163322
28.2002430
22.6449966
12.8484764
5.1629839
3.5410333
25.7221146
85.7276688
137.9560394
141.2841034
115.7310638
85.6536255
60.6201134
47.4552689
44.7166367
32.8235283
24.2156868
25.0882626
29.1243706
34.7819901
33.7649574
32.5788155
28.0501328
21.2417297
15.1483669
12.7073545
9.9174480
6.5013895
3.5259113
3.5962172
4.5924501
3.6428337
1.4105685
0.9787664
1.0511841
0.8916477
0.6478582
0.6272959
0.4881685
0.9954442
2.0717335
2.3282630
1.6916069
1.3149683
1.5499532
2.0601454
2.3901074
1.5965612
0.6593113
0.5572739
0.6815848
1.1477014
2.1546516
2.9137149
2.8352561
2.1284068
1.4606711
1.3052720
1.4338970
1.4282091
1.2699329
0.9977915
0.8299437
0.7504297
0.4969511
0.4666348
0.6891484
0.8079767
0.6075661
0.5081258
0.6820208
1.9393760
7.1072645
13.1374846
11.3256187
2.5968206
0.7227226
0.6482823
0.8058289
0.8865647
0.8077143
0.5400483
0.5314106
0.5892571
0.7913821
0.8290970
0.6095648
0.5065565
0.6266102
0.7090418
0.7118052
1.0580417
1.0882789
0.8905759
0.6434577
0.6419006
0.6024405
0.7667887
1.1572094
1.1538931
1.0956708
0.9468868
0.7544131
0.6466808
0.6923474
1.0078011
1.2392921
1.2224464
0.9473975
0.6162909
0.5271123
0.4303741
0.5786183
0.8247302
0.8787436
0.9471104
0.8488884
0.9801915
1.4551158
1.4054794
1.2421422
1.4914944
1.6616793
1.4776219
1.3220613
1.0244932
0.6927822
4.8492355
14.6300659
23.8397160
38.4450226
85.2517700
158.4995270
199.9962006
178.2188416
121.5447235
74.9178696
53.7497101
32.2543564
13.4168262
7.8616548
1.9394020
1.4439042
15.3422318
74.2566910
138.0928650
148.6149597
109.9510117
72.6454849
53.0292435
37.8480186
43.4672737
52.2786255
48.2462845
47.2093964
33.7544098
16.3285809
8.4142895
21.9486103
66.3089600
114.9451523
137.5080872
140.9329681
113.5120926
66.9122086
26.5251160
9.6669731
9.9453611
32.8987961
84.4182358
96.4142609
72.2046204
34.5206146
35.7420807
46.8457375
43.9426003
26.1005898
6.7347813
3.8171344
31.3659916
85.0318146
118.4300995
117.0964737
119.3476105
134.3853149
146.5495605
115.3844147
74.0840759
46.3369141
24.3968639
39.0855675
88.7510757
112.0833664
107.0138016
182.1744690
346.7866516
431.6542358
360.4645996
229.4360352
85.7248459
22.1412888
3.7353017
0.1796407
3.7815402
30.1914997
111.6973495
223.0361786
284.5281982
296.4107056
297.3182373
319.2988892
236.0925446
93.0920639
51.8284073
59.4527473
44.4895096
25.9775925
19.1058159
32.5058823
93.2598038
152.3840637
150.8372345
107.3482513
47.0350494
30.3227749
10.9290476
8.5658121
12.5876608
75.3847122
278.2166748
458.1571655
448.3395996
263.3612366
119.7421646
63.2361336
68.6695404
76.6489182
40.5768814
16.3830967
12.2052021
20.3773994
30.6329918
65.2443390
120.1730118
185.5057831
214.0398407
180.0220032
125.0596619
94.6428833
134.2070007
222.5885773
322.1942749
359.5838013
329.0087891
269.8807678
187.2531128
138.0913696
141.6766663
318.6128235
357.7198486
211.1471863
127.6579742
79.0066147
38.4542885
28.2367706
135.8236084
176.9572601
193.6717224
203.5707855
181.5399170
131.1091766
68.7967682
27.0578594
12.9629927
1.5463759
5.8362026
24.0889225
46.3119354
54.4720001
53.4941788
47.7799339
23.5197124
5.3604832
3.6527977
4.9162416
13.6364117
25.8278370
23.7698250
13.1766958
11.0368290
29.0086899
64.8404007
96.2766037
138.3073425
158.6371765
104.2315216
21.2040634
7.3246155
24.6808395
51.9117279
66.1845245
46.8006973
22.3574009
12.8443756
6.7842531
3.2733057
4.5031023
35.5197258
136.4827576
289.3213196
423.6282654
467.6210938
456.4429626
379.3028870
242.0324097
109.0915527
58.1771088
68.4247437
125.4333344
149.1625519
125.1048965
69.2877502
30.9174194
11.0778217
1.4050919
0.3367911
11.0061502
101.5934601
237.1297150
300.3045044
261.2338562
208.2440948
198.4931183
202.3805847
156.3860321
116.1896286
103.1414871
83.7223969
70.8203888
84.7217789
46.6912308
14.0706587
2.4384046
10.3670483
37.3607445
62.7780151
56.2929535
52.5683098
57.0007362
74.2478409
92.0322647
110.0790253
115.4358063
93.3632507
60.9065895
37.1365662
31.0186729
78.6354218
68.2755432
57.0421600
55.5169563
53.9734573
49.4107666
38.1839561
29.3287354
19.2623062
11.8030415
6.7253594
8.6332092
29.6839943
70.1670761
86.3278122
73.9130325
40.4460869
14.9809160
4.2055187
5.3059831
10.5744362
7.4609804
26.3252792
76.8641052
136.2831573
193.6476746
215.8358307
166.9640045
79.2721405
24.0046768
5.0579915
3.2469895
15.4050169
36.6666527
42.3279877
37.7328682
39.3632202
46.0459900
50.7951660
54.3515892
76.3073959
125.9247360
161.3521118
136.3376465
107.2231903
76.7597504
59.6000938
71.9611969
50.2873459
46.7397881
39.4022408
30.1481094
18.1366138
38.3730240
92.7066879
118.5516968
93.5535126
64.3158264
60.2175064
69.2740326
83.2911224
82.7331161
69.4064407
56.4382324
50.1566582
44.2218094
28.9216442
35.6580963
35.5373306
17.6231270
7.9940486
5.7485213
8.6745443
14.3155460
30.6610832
34.1497536
22.3000870
19.6620884
23.8795433
25.3658485
20.5255375
10.4636574
6.8404131
27.3648815
64.3199844
79.0325012
59.0261421
44.9007454
38.6852951
66.6975174
57.7910805
27.9724655
13.2943048
7.7529764
4.8987703
3.3077235
6.6602459
21.9588890
30.1475639
21.4242268
6.6381350
5.2382145
8.6734619
24.1792526
19.7841263
5.4839869
1.6058043
1.3919724
1.3716698
1.4661154
2.7072093
3.3740325
2.6459489
1.8340114
1.1995335
1.3540000
2.5006118
3.7591715
3.4597890
5.2353606
10.1772814
12.6840458
7.0950646
1.0378485
0.0643990
0.0006730
0.0000000
0.0000000
0.0000000
0.0000000
0.0000000
0.0000000
0.0000000
0.0000000
0.0000000
0.0000000
0.0000000
0.0000000
0.0000000
0.0000000
0.0000000
0.0000000
0.0000000
0.0000000
0.0000000
0.0000000
0.0000000
0.0000000
0.0000000
0.0000000
0.0000000
0.0000000
0.0000000
0.0000000
0.0000000
0.0000000
0.0000000
0.0000000
0.0000000
0.0000000
0.0000000
0.0000000
0.0000000
0.0000000
0.0000000
0.0000000
0.0000000
0.0000000
0.0000000
0.0000000
0.0000000
0.0000000
0.0000000
0.0000000
0.0000000
0.0000000
0.0000000
0.0000000
0.0000000
0.0000000
0.0000000
0.0000000
0.0000000
0.0000000
0.0000000
0.0000000
0.0000000
0.0000000
0.0000000
0.0000000
0.0000000
0.0000000
0.0000000
0.0000000
0.0000000
0.0000000
0.0000000
0.0000000
0.0000000
0.0000000
0.0000000
0.0000000
0.0000000
0.0000000
0.0000000
0.0000000
0.0000000
0.0000000
0.0000000
0.0000000
0.0000000
0.0000000
0.0000000
0.0000000
0.0000000
0.0000000
0.0000000
0.0000000
0.0000000
0.0000000
0.0000000
0.0000000
0.0000000
0.0000000
0.0000000
0.0000000
0.0000000
0.0000000
0.0000000
0.0000000
0.0000000
0.0000000
0.0000000
0.0000000
0.0000000
0.0000000
0.0000000
0.0000000
0.0000000
0.0000000
0.0000000
0.0000000
0.0000000
0.0000000
0.0000000
0.0000000
0.0000000
0.0000000
0.0000000
0.0000000
0.0000000
0.0000000
0.0000000
0.0000000
0.0000000
0.0000000
0.0000000
0.0000000
0.0000000
0.0000000
0.0000000
0.0000000
0.0000000
0.0000000
0.0000000
0.0000000
0.0000000
0.0000000
0.0000000
0.0000000
0.0000000
0.0000000
0.0000000
0.0000000
0.0000000
0.0000000
0.0000000
0.0000000
0.0000000
0.0000000
0.0000000
0.0000000
0.0000000
0.0000000
0.0000000
0.0000000
0.0000000
0.0000000
0.0000000
0.0000000
0.0000000
0.0000000
0.0000000
0.0000000
0.0000000
0.0000000
0.0000000
0.0000000
0.0000000
0.0000000
0.0000000
0.0000000
0.0000000
0.0000000
0.0000000
0.0000000
0.0000000
0.0000000
0.0000000
0.0000000
0.0000000
0.0000000
0.0000000
0.0000000
0.0000000
0.0000000
0.0000000
0.0000000
0.0000000
0.0000000
0.0000000
0.0000000
0.0000000
0.0000000
0.0000000
0.0000000
0.0000000
0.0000000
0.0000000
0.0000000
0.0000000
0.0000000
0.0000000
0.0000000
0.0000000
0.0000000
0.0000000
0.0000000
0.0000000
0.0000000
0.0000000
0.0000000
0.0000000
0.0000000
0.0000000
0.0000000
0.0000000
0.0000000
0.0000000
0.0000000
0.0000000
0.0000000
0.0000000
0.0000000
0.0000000
0.0000000
0.0000000
0.0000000
0.0000000
0.0000000
0.0000000
0.0000000
0.0000000
0.0000000
0.0000000
0.0000000
0.0000000
0.0000000
0.0000000
0.0000000
0.0000000
0.0000000
0.0000000
0.0000000
0.0000000
0.0000000
0.0000000
0.0000000
0.0000000
0.0000000
0.0000000
0.0000000
0.0000000
0.0000000
0.0000000
0.0000000
0.0000000
0.0000000
0.0000000
0.0000000
0.0000000
0.0000000
0.0000000
0.0000000
0.0000000
0.0000000
0.0000000
0.0000000
0.0000000
0.0000000
0.0000000
0.0000000
0.0000000
0.0000000
0.0357547
0.6768306
2.1055017
3.2635698
3.4083664
2.5584044
1.3005846
0.6695439
0.6709797
0.9223800
1.0763075
1.1115229
1.2096663
1.4966279
1.5793573
1.8843269
1.8358436
1.7344265
1.5509944
1.2904387
0.9356111
1.9404843
5.6482873
25.1070156
48.1139488
62.1188850
139.2509155
274.1508484
348.8422546
282.0426025
195.7003784
130.8202820
106.4374161
108.5781555
66.0458527
29.5467453
44.4350395
145.3934479
249.8981171
248.8064270
179.6520233
139.2054901
97.2105865
64.7718582
54.7023315
44.1752930
36.9034805
45.9615326
96.1538849
174.8938141
216.2531433
188.1129913
109.6181641
61.5571938
55.0688057
48.3630447
39.3375854
38.5502205
59.3662338
74.1399536
92.9150848
84.4246521
52.5378494
27.7129402
23.1124039
30.4476604
41.2420845
62.6976013
102.2294693
139.1970520
138.4550323
114.3275299
122.8246231
149.6067047
192.2023468
307.1195679
408.3750610
323.2822266
117.1949158
17.4950428
3.4888592
2.2051387
1.7394898
15.7170610
62.0874329
98.1821747
91.6503906
54.5407486
31.1517181
35.0664825
36.8419609
25.1892910
14.0001774
11.1210213
12.9955206
14.0412464
39.1239471
91.6323700
131.7088776
129.1958923
95.2760620
80.0084305
71.2628479
67.0932312
60.5352020
36.3146973
11.8309040
3.7714760
2.0328677
16.3649673
76.0668564
135.8262939
143.2563171
108.6767731
63.8476372
27.4103966
28.4836006
75.2438126
139.4970245
195.0518646
229.6610870
229.0368500
154.2933197
64.1070862
48.8153458
73.3034668
149.6595764
209.1188507
311.9764404
375.4049988
278.9616699
114.4985733
28.4705105
4.9850335
1.1570315
0.4531384
1.4643404
9.6492929
20.9402390
27.7691383
28.8049984
26.6349163
22.4198456
17.7203064
13.7312593
10.5891676
13.4715004
18.6881599
19.1530952
17.1351871
16.0121269
15.5954704
14.1494722
10.9636192
8.8041801
7.0784264
4.9198909
4.5737262
45.3734970
143.3764801
246.5814362
358.6788635
396.3270264
314.4640808
218.8460693
148.1752777
104.4889221
119.6846008
209.9435730
217.2594299
118.2565384
124.1023102
336.6161194
416.0508423
416.0171509
325.3262024
200.9545746
99.8460541
30.5519505
7.3963032
28.5277538
173.3592834
357.5014648
387.2314148
287.8600464
189.9019623
85.0966492
82.4455795
58.0982018
11.3302488
2.3543293
1.2588061
4.7993488
21.6120396
43.1939316
86.8091583
150.5288544
214.8636169
235.2579651
162.9305420
68.9540405
38.6672096
32.9391785
34.9916306
28.8601913
18.4369698
8.2313900
61.4305573
201.3128510
326.0216675
346.1217957
329.0851135
329.2458191
337.7143555
229.5546570
97.0402603
21.2681046
3.4753809
0.5209277
1.4132564
5.1885304
7.2442641
5.2294526
55.0242653
196.6756897
318.3294678
326.6975708
273.2811279
212.6116333
225.0735626
246.9007568
231.9267426
240.2034607
268.2286987
264.7031555
201.4649963
137.2377014
109.9115753
100.3324738
90.6258926
70.9819336
52.2944336
58.7445526
108.5240631
112.4840622
48.6183434
6.1245632
4.3084836
17.0767708
29.2598267
30.1185684
29.1742458
30.6254196
37.5416489
77.1916199
170.7811737
276.4380188
341.2648926
331.3313293
264.2199402
205.9504852
180.3352356
190.3979492
183.3450623
174.9084320
161.1671753
159.9111176
161.6605377
196.3440552
233.8685150
250.3023071
232.9528046
191.1589203
142.8291321
76.4794922
34.9533653
124.6014023
97.3903580
33.8394203
51.8593636
85.4513550
107.6755219
104.4147491
30.9978275
4.6587820
1.0483856
8.4430037
114.4622803
272.4465332
359.2030029
344.3484497
273.2048035
222.3952637
185.3283234
146.8505249
91.2173767
44.2765198
9.6626787
1.1973033
2.3644972
10.7464771
44.9183083
82.5729599
108.6243591
137.3801117
176.9462585
183.8705902
134.6353760
85.2217941
41.9551277
40.7032166
60.0367661
61.7882156
88.7568207
123.0531616
94.1748734
39.9099731
12.0011539
2.7135806
0.4258581
3.9699097
24.0055199
89.9219360
164.1460419
221.2955627
269.2507935
301.5100098
297.0515137
261.5034790
198.6761780
110.4179611
48.5659828
25.7504120
10.7171783
1.4233997
3.5052991
23.6861649
77.7128448
174.0315857
259.9896240
300.0738220
259.1036072
177.4701385
91.9897766
33.7756538
35.1409035
52.3723640
38.4601631
22.2288342
63.1960411
156.0738831
181.6462250
121.4737015
81.3797073
37.1253014
12.3941698
1.5053817
3.9983511
25.3080635
103.9794769
133.9946289
102.7633362
49.4272690
28.4280128
22.4454098
23.3764172
23.6067238
19.7909889
37.6400528
80.1061859
110.6871490
117.7296600
124.2530823
114.0262375
95.6328888
90.5905838
136.4623566
181.7979126
210.2768555
243.8933563
239.2952118
180.9013214
92.4227829
33.3464394
29.2641850
18.2026024
6.1717982
2.1743412
9.8542166
37.2522507
91.5228195
167.1337128
216.9068146
213.8913422
174.2641754
118.5823669
86.2395782
86.0150681
97.8701096
100.0552826
84.6747742
64.1030045
46.1250839
54.5767441
22.5112324
6.9006004
3.9125948
4.0314493
25.4753017
122.3448639
208.6642609
189.4231110
94.3263245
23.2402344
22.0238419
31.2957458
67.1705093
88.8630600
81.7428436
81.3912048
97.1646957
78.4566956
41.4098358
16.3784065
9.7905836
4.8622680
4.4960604
8.5111732
15.0694370
18.8233109
18.9579773
18.8770733
20.7745628
20.8084660
16.8055401
14.2449732
13.2514658
15.8147001
39.2849274
80.2188110
95.0113449
64.7234192
16.6047955
3.3268580
5.7149758
18.4402313
43.3297005
57.3209000
52.8108444
42.5797997
32.1914024
18.7687531
6.3789921
8.5954838
44.3965530
115.9891357
146.9346008
99.3750992
38.5748062
15.6653833
10.6776485
7.0480957
4.0643215
24.6603909
110.8476486
170.6467590
156.0048218
87.8505936
55.2979546
32.4273796
33.5892639
81.6271439
80.4293900
44.9774132
22.8948765
9.1256094
7.6205077
13.3910542
9.8724308
5.5201149
5.0976429
9.0971050
11.1993694
12.9596558
14.0590229
14.9350395
15.2265320
15.1651411
11.1278181
6.4763083
4.0830612
2.6099200
1.1840750
0.5540813
0.6533847
0.7578686
0.9201500
0.7696099
0.7373351
0.8868031
0.7884108
0.7840649
0.7246901
0.4024650
0.0839233
0.0084219
0.0000174
0.0000000
0.0000000
0.0000000
0.0000000
0.0000000
0.0000000
0.0000000
0.0000000
0.0000000
0.0000000
0.0000000
0.0000000
0.0000000
0.0000000
0.0000000
0.0000000
0.0000000
0.0000000
0.0000000
0.0000000
0.0000000
0.0000000
0.0000000
0.0000000
0.0000000
0.0000000
0.0000000
0.0000000
0.0000000
0.0000000
0.0000000
0.0000000
0.0000000
0.0000000
0.0000000
0.0000000
0.0000000
0.0000000
0.0000000
0.0000000
0.0000000
0.0000000
0.0000000
0.0000000
0.0000000
0.0000000
0.0000000
0.0000000
0.0000000
0.0000000
0.0000000
0.0000000
0.0000000
0.0000000
0.0000000
0.0000000
0.0000000
0.0000000
0.0000000
0.0000000
0.0000000
0.0000000
0.0000000
0.0000000
0.0000000
0.0000000
0.0000000
0.0000000
0.0000000
0.0000000
0.0000000
0.0000000
0.0000000
0.0000000
0.0000000
0.0000000
0.0000000
0.0000000
0.0000000
0.0000000
0.0000000
0.0000000
0.0000000
0.0000000
0.0000000
0.0000000
0.0000000
0.0000000
0.0000000
0.0000000
0.0000000
0.0000000
0.0000000
0.0000000
0.0000000
0.0000000
0.0000000
0.0000000
0.0000000
0.0000000
0.0000000
0.0000000
0.0000000
0.0000000
0.0000000
0.0000000
0.0000000
0.0000000
0.0000000
0.0000000
0.0000000
0.0000000
0.0000000
0.0000000
0.0000000
0.0000000
0.0000000
0.0000000
0.0000000
0.0000000
0.0000000
0.0000000
0.0000000
0.0000000
0.0000000
0.0000000
0.0000000
0.0000000
0.0000000
0.0000000
0.0000000
0.0000000
0.0000000
0.0000000
0.0000000
0.0000000
0.0000000
0.0000000
0.0000000
0.0000000
0.0000000
0.0000000
0.0000000
0.0000000
0.0461045
0.6736263
2.0540559
3.2898455
3.5857828
3.1283028
2.5868192
2.2514248
2.4662771
3.0191410
3.3612959
3.6305459
3.9520793
3.6718774
2.0002649
0.9523317
1.0218560
5.1282320
62.0312386
170.4667053
258.5396423
282.2129822
237.4432068
140.3442535
57.9575920
22.5663261
29.7466354
32.5033302
32.4885635
25.2318726
55.6312599
165.0793610
264.0079651
263.5303650
242.9688416
253.7420959
272.4480896
173.1141968
55.1324577
13.1106548
11.7463932
57.8706284
153.4507141
172.6747284
105.4231873
52.2944374
22.3851471
10.8638220
4.3189955
8.3289776
11.7321320
15.8536797
17.9717255
29.9306221
58.4491615
83.4764709
85.2395554
79.1293335
86.9294662
97.5125580
96.4478455
76.4220352
46.0128632
30.9519882
48.0020561
77.3647919
90.4836578
88.0579834
73.7209702
45.4819641
15.5120687
5.2616982
19.0180416
37.6469955
42.7950363
34.0383682
23.5904312
22.5896950
35.8766136
49.6683464
50.4893799
36.6051331
23.7205868
16.1993408
11.9922905
10.1853743
6.4363365
8.8062706
21.2985268
20.8293495
17.4714985
19.8303432
17.7979317
12.9475822
9.5316010
6.0774956
7.6828823
20.2305412
22.2564430
15.5568800
8.7577076
8.1439686
22.1600761
75.1634445
137.7850952
168.0912476
170.0695801
181.4426117
194.4609985
201.7001801
193.3327789
163.2234955
121.1641235
62.8008804
76.4269104
166.2330322
150.9658508
93.3268509
23.7586021
64.4417114
65.5984726
65.7417526
94.5329056
92.0573730
52.6166763
21.2124634
7.2037683
1.9398578
3.1271322
12.2385731
26.4192905
39.5415573
46.1245422
42.1440887
22.3166580
12.9883966
8.4058285
6.4381084
22.4998379
98.4691772
186.5778198
206.0738831
136.4372864
56.3995972
15.7604637
5.6264763
5.4581461
12.4625435
33.6421204
91.2330170
190.6454468
249.7971497
214.9299164
176.9999237
169.5842133
182.1741333
132.0829010
66.7122421
81.2872391
195.3543091
193.8503265
146.5177765
105.6095734
76.7898254
48.6244316
32.1166344
34.6514282
42.7320900
42.7216072
43.8729935
49.0083656
50.3478813
42.5323715
33.6974602
26.4946728
22.6271439
17.7029762
23.8079853
36.4769058
44.8728943
45.5310059
35.4480286
20.3800983
8.7202311
3.2131798
1.2348979
1.7297081
4.6846080
7.3298173
11.8304377
16.4731674
23.5789318
25.2817497
29.2330952
34.7554092
38.5452576
36.2789879
37.6658936
45.3580093
41.6263542
28.3721008
20.2127552
19.7469788
21.3937988
20.1878872
29.0236282
36.7604752
28.1103706
28.6238747
34.8914375
63.9487267
155.8617401
227.3770447
218.9879608
146.7233582
84.6988525
48.7911797
110.9707794
225.6186523
169.3347931
63.1485596
11.3961649
9.4306555
12.7920494
14.6027298
48.7918320
128.4184875
164.1078491
152.2747955
182.1531525
227.7643585
234.0344391
167.7788239
104.3197479
65.5740967
40.3339462
101.3184891
111.6763000
82.6153030
57.3603172
25.1943130
41.2369843
69.3101120
53.2213440
27.2486153
3.6434364
0.5028315
0.5106511
1.0714197
18.4879894
64.4453583
108.2320709
108.0329590
62.0556450
25.5434246
10.0477486
6.3139558
1.2179968
0.4746919
0.6106544
0.5074580
0.7626671
0.9190851
1.2280775
1.1727457
1.0272771
0.6774658
0.6050376
0.7681574
1.1966391
1.8271943
2.1803122
1.6952002
0.9341812
0.9229150
1.3535382
1.8974035
1.9161584
1.0952334
0.7467150
0.6390505
0.6596088
0.7754974
0.8116597
0.8425487
0.8224918
0.8071033
0.8189880
0.6264724
0.6089877
0.7434109
0.8023118
0.7496555
1.0886178
1.3658717
1.2444080
0.7103970
0.6755136
0.9417078
12.1434803
39.7541504
71.8190689
86.2710419
64.7816162
31.9277534
27.1653881
26.8385220
18.5590363
29.1601944
63.3265610
76.3405075
67.7494965
101.7779083
200.3606873
312.4815674
349.5469360
319.9983521
235.1972198
139.8994141
57.9443398
24.9574203
24.9597187
27.9741077
52.2294846
63.9511681
30.4657593
19.1425762
15.0527916
23.7547607
31.5346165
43.9173813
78.6169205
108.8810196
109.4229660
90.7206726
75.4197159
70.9839096
54.4014397
23.4940891
17.5166817
7.3148818
4.1501040
20.8793945
76.8366852
114.8007507
102.2987289
74.5966415
59.6338005
46.4061394
35.0126877
36.1883354
38.2786751
28.5412369
8.5415459
2.2832413
3.9264295
16.0133381
29.4913521
32.3484268
24.3767967
13.8167620
30.1295605
59.3531837
86.7635727
98.3091660
82.3189926
68.2521744
47.0864525
26.3633671
9.1154747
3.7560024
3.5613914
13.8115187
20.8516598
33.5505447
50.6602821
52.6569862
30.3496742
11.6210604
2.2645369
0.6860223
0.4284486
5.1158080
18.4046211
19.8100815
7.2067399
0.9759744
0.7315593
0.7118981
1.0448161
1.5660768
0.6752054
0.1078432
0.0131782
0.0002670
0.0000000
0.0000000
0.0000000
0.0000000
0.0000000
0.0000000
0.0000000
0.0000000
0.0000000
0.0000000
0.0000000
0.0000000
0.0000000
0.0000000
0.0000000
0.0000000
0.0000000
0.0000000
0.0000000
0.0000000
0.0000000
0.0000000
0.0000000
0.0000000
0.0000000
0.0000000
0.0000000
0.0000000
0.0000000
0.0000000
0.0000000
0.0000000
0.0000000
0.0000000
0.0000000
0.0000000
0.0000000
0.0000000
0.0000000
0.0000000
0.0000000
0.0000000
0.0000000
0.0000000
0.0000000
0.0000000
0.0000000
0.0000000
0.0000000
0.0000000
0.0000000
0.0000000
0.0000000
0.0000000
0.0000000
0.0000000
0.0000000
0.0000000
0.0000000
0.0000000
0.0000000
0.0000000
0.0000000
0.0000000
0.0000000
0.0000000
0.0000000
0.0000000
0.0000000
0.0000000
0.0000000
0.0000000
0.0000000
0.0000000
0.0000000
0.0000000
0.0000000
0.0000000
0.0000000
0.0000000
0.0000000
0.0000000
0.0000000
0.0000000
0.0000000
0.0000000
0.0000000
0.0000000
0.0000000
0.0000000
0.0000000
0.0000000
0.0000000
0.0000000
0.0000000
0.0000000
0.0000000
0.0000000
0.0000000
0.0000000
0.0000000
0.0000000
0.0000000
0.0000000
0.0000000
0.0000000
0.0000000
0.0000000
0.0000000
0.0000000
0.0000000
0.0000000
0.0000000
0.0000000
0.0000000
0.0000000
0.0000000
0.0000000
0.0000000
0.0000000
0.0000000
0.0000000
0.0000000
0.0000000
0.0000000
0.0000000
0.0000000
0.1592185
1.0528892
2.4126539
3.1893456
2.9018142
1.9914442
1.4129688
1.4036278
1.1510617
0.6870908
0.7217920
0.9094161
3.6520510
53.1700706
155.6059418
244.7427216
250.6606598
158.3338928
76.2662048
28.4469986
11.5120153
1.4502831
4.1464653
23.1914082
75.0488968
157.8876648
220.2188416
234.0941467
223.9716339
210.1894226
162.8812866
78.8764114
21.4032307
8.0974913
15.0993147
25.6132545
43.1426315
91.4411240
120.4687576
109.1850967
75.9519653
39.3819580
22.9979115
25.1404476
62.5192146
92.7503052
76.5517273
40.8140831
26.1056900
21.5531311
22.7080898
23.7177258
30.0339222
35.5561943
35.4983330
34.5650063
30.5578823
26.7588539
20.9360428
11.8493958
3.5013289
6.4197121
11.5990372
26.5351276
36.9201546
28.4255962
14.1985664
10.2522840
11.1197929
15.0299492
33.5967216
46.7604942
42.0738792
36.8257599
40.4063911
40.5728073
41.9386978
53.3161163
72.8623199
86.6131287
85.1519470
63.3197899
34.5939064
11.9382248
2.4855607
4.5405531
17.2324371
30.6643295
31.2998486
22.1307278
14.7017756
13.4871130
16.4859486
16.2919502
14.2116051
9.1856527
7.4649477
8.3697252
9.5383530
8.5039864
5.7947922
3.5912652
1.4461203
0.6958587
0.6483961
0.6502215
0.9405875
1.2413678
1.1030498
0.8703778
0.8844735
0.8204172
1.0347798
0.9718853
0.8654214
1.0932064
1.0366815
1.1368935
1.1159166
0.9329854
0.6310110
0.5522178
0.5651299
0.8051635
1.2952534
1.5928216
1.4346708
1.6319537
3.6214147
5.5469027
5.0780520
3.0383320
7.8126812
44.7212105
109.1812592
145.7357483
125.5079041
84.1386337
62.7226524
43.2483559
45.9322090
48.8314285
41.0914879
43.9123993
52.4474945
57.9535332
43.0108490
28.2047424
26.2680340
33.6618462
35.6861534
30.1969452
23.7001572
22.4958439
31.7685585
30.2690983
25.7613258
37.1323547
50.4236221
40.7043686
33.7562866
58.0706444
61.6619530
41.2255325
49.6272736
107.2584076
157.9529877
138.7160797
108.0206528
97.2696228
113.3445587
86.3850708
44.7190475
32.7490845
29.3524265
21.4668427
7.1234798
0.8436231
2.8975012
11.9219971
19.2610588
16.4576149
8.2548828
3.5506785
1.8074164
0.8774455
0.8290836
0.7671387
0.6013530
0.5493699
0.6591890
0.8224029
0.8241762
0.7927659
0.9480568
1.1245964
1.3257542
1.3023775
1.4921925
1.3121994
1.1115685
1.0989274
0.9265287
0.6506690
0.9121811
2.2063234
5.3924146
19.0081787
65.3351593
124.9681244
139.2597046
96.4308167
54.1200409
25.3940392
40.6092453
88.7706909
76.1520538
36.6177483
21.0335808
19.8789291
11.5802593
7.7123127
22.1990547
61.5857887
67.2980118
58.3749390
47.3545113
37.3650093
48.6072197
58.5531006
60.1626968
14.3088150
9.1698532
5.9358425
4.0159140
3.5604963
30.2538776
62.6551132
67.9345093
47.1264648
27.2302914
6.0622187
9.4007998
4.3153324
1.1776141
0.7591379
1.7145753
2.4874752
0.9425797
0.4541328
0.3184530
0.4293538
0.8819593
0.8711370
0.8143740
1.1420801
1.0210112
0.3684431
0.0693064
0.0124066
0.0000882
0.0000000
0.0000000
0.0000000
0.0000000
0.0000000
0.0000000
0.0000000
0.0000000
0.0000000
0.0000000
0.0000000
0.0000000
0.0000000
0.0000000
0.0000000
0.0000000
0.0000000
0.0000000
0.0000000
0.0000000
0.0000000
0.0000000
0.0000000
0.0000000
0.0000000
0.0000000
0.0000000
0.0000000
0.0000000
0.0000000
0.0000000
0.0000000
0.0000000
0.0000000
0.0000000
0.0000000
0.0000000
0.0000000
0.0000000
0.0000000
0.0000000
0.0000000
0.0000000
0.0000000
0.0000000
0.0000000
0.0000000
0.0000000
0.0000000
0.0000000
0.0000000
0.0000000
0.0000000
0.0000000
0.0000000
0.0000000
0.0000000
0.0000000
0.0000000
0.0000000
0.0000000
0.0000000
0.0000000
0.0000000
0.0000000
0.0000000
0.0000000
0.0000000
0.0000000
0.0000000
0.0000000
0.0000000
0.0000000
0.0000000
0.0000000
0.0000000
0.0000000
0.0000000
0.0000000
0.0000000
0.0000000
0.0000000
0.0000000
0.0000000
0.0000000
0.0000000
0.0000000
0.0000000
0.0000000
0.0000000
0.0000000
0.0000000
0.0000000
0.0000000
0.0000000
0.0000000
0.0000000
0.0000000
0.0000000
0.0000000
0.0000000
0.0000000
0.0000000
0.0000000
0.0000000
0.0000000
0.0000000
0.0000000
0.0000000
0.0000000
0.0000000
0.0000000
0.0000000
0.0000000
0.0000000
0.0000000
0.0000000
0.0000000
0.1899352
0.8316437
1.6014471
2.0336456
2.0716028
2.0281360
2.4391124
3.6339729
5.4313097
7.5631828
8.3473568
7.1775017
5.6020832
3.7566833
1.6955255
1.4048946
5.3151031
10.2641554
39.6874275
117.2520599
188.5841217
177.9161835
104.2784042
65.1365356
45.4406433
26.0732479
10.0548010
5.1868773
7.3175082
38.6232910
88.8046875
105.8117447
97.7319336
80.4124680
69.2170563
64.0081940
53.8974380
38.5132065
66.1588974
138.6425934
199.1401367
178.2407379
132.7744446
88.2863312
75.8604431
33.2327499
14.9973278
13.4059448
15.1327629
71.8066101
87.0383072
74.5917664
56.4137650
37.3826370
39.8333511
52.4694214
49.8255234
32.2942657
26.8230247
42.1617393
45.2969666
43.4608917
31.4982224
19.8669910
26.2673817
45.6529236
62.6553001
72.6832657
68.3858032
56.5530891
39.6455116
38.2748108
54.3358307
47.3243942
27.7450752
43.5901489
44.0028915
24.2120686
15.9944715
36.1941299
41.1379242
48.2002335
58.4973068
58.1775436
44.0151978
22.6934948
12.2353792
10.5099382
7.1324110
28.8934612
66.6936874
116.6300125
153.0880280
140.9565735
94.2972107
56.5716896
43.2823524
33.0137863
20.0413589
38.7606583
58.1674843
42.8594971
17.7760429
2.6610053
0.9278222
3.3067098
16.0389328
28.6529350
27.2128487
20.4382439
26.7458286
55.6113853
105.5973282
153.5680542
157.2164154
128.0923462
91.0583496
74.8170853
97.7556381
113.9363098
111.8147354
94.0744781
72.3912964
38.1882553
17.2203312
35.7214279
39.0009232
70.4318085
87.9874878
84.4064178
79.8085403
79.2383881
67.0166016
43.3458214
21.2250118
22.0442352
35.4811134
41.3057022
28.9379539
24.2166920
30.1560936
22.8482857
17.2498779
45.5096283
54.6772079
51.3801041
42.5984650
25.7561722
14.1487722
39.2701149
94.1044846
144.6922150
156.6664581
121.9506912
63.4273529
37.7131615
34.0420456
26.7496853
21.1589832
23.2930298
7.1380935
13.6794081
15.4842710
49.6634712
47.3683777
29.4123898
15.3886414
21.7539215
39.4616127
55.7201233
36.6674347
20.1977959
11.7138939
12.5438976
22.8456841
18.9841576
15.2371588
37.1492844
29.5644817
18.4278278
36.0896835
31.3909874
21.3866978
18.2027512
17.0990238
19.0567532
21.5953789
17.4484921
8.4788342
5.0601268
10.4986115
13.6601734
26.0025597
31.1305580
21.6074619
7.8413644
3.2704058
2.1179993
1.9824386
1.6333772
1.4607171
0.8347286
0.6356952
0.4490897
0.5069193
0.5690327
0.6199496
0.5896803
0.5178763
0.6228219
0.8829603
1.2268162
1.2591664
0.9018742
0.6797696
0.6112621
0.6268994
0.7087901
0.8337590
0.6903150
0.5744628
0.6696720
0.9946247
1.0929769
0.9356694
1.2688657
9.3048773
32.4109497
74.8500519
151.7368927
249.7912292
313.6116333
295.1044617
225.5125580
200.6032715
203.0398102
214.8836212
188.8810577
131.5676727
74.8855820
47.0586548
32.0405045
9.1862097
10.2805252
7.6759548
7.5536351
9.1081295
5.9409585
7.5966034
18.7448463
15.7554178
6.8355374
14.3621483
43.6094742
85.8334198
122.4575653
142.4464111
153.2549438
140.5039215
116.6392212
79.4764786
60.6878471
85.7540665
133.3268738
124.3562546
65.9185028
18.4242325
8.6787748
3.2051709
2.3706110
1.6104298
6.7359085
19.8183403
21.9578171
19.7986298
34.9734573
53.8603325
53.6600914
34.0987434
15.0065613
5.1005526
11.4462614
40.2817955
69.1459808
51.4066200
17.4766541
8.6064692
10.1198263
32.8163033
40.1229019
23.1700363
15.8036604
33.4050102
91.5197067
205.4533539
296.3452759
307.0205688
234.2161255
142.0278625
40.4400787
25.1250820
49.5058517
98.0937119
128.8566742
97.2582016
50.6661949
26.3893509
16.9695110
11.4133453
7.1559157
5.6101756
4.9512658
3.3811519
2.9422722
14.5098267
50.0369682
72.7444992
54.8172722
22.9946022
7.6104856
9.6979370
7.4562759
4.4300990
4.0813923
5.3809819
9.5715199
12.7619543
14.1279821
16.4316463
18.0405941
15.9669504
11.8297367
8.9726877
6.1788154
3.7951670
2.4191127
1.4059004
1.0664141
0.8827142
0.6181508
0.4021379
0.2867203
0.1167071
0.0441835
0.0013583
0.0000048
0.0000000
0.0000000
0.0000000
0.0000000
0.0000000
0.0000000
0.0000000
0.0000000
0.0000000
0.0000000
0.0000000
0.0000000
0.0000000
0.0000000
0.0000000
0.0000000
0.0000000
0.0000000
0.0000000
0.0000000
0.0000000
0.0000000
0.0000000
0.0000000
0.0000000
0.0000000
0.0000000
0.0000000
0.0000000
0.0000000
0.0000000
0.0000000
0.0000000
0.0000000
0.0000000
0.0000000
0.0000000
0.0000000
0.0000000
0.0000000
0.0000000
0.0000000
0.0000000
0.0000000
0.0000000
0.0000000
0.0000000
0.0000000
0.0000000
0.0000000
0.0000000
0.0000000
0.0000000
0.0000000
0.0000000
0.0000000
0.0000000
0.0000000
0.0000000
0.0000000
0.0000000
0.0000000
0.0000000
0.0000000
0.0000000
0.0000000
0.0000000
0.0000000
0.0000000
0.0000000
0.0000000
0.0000000
0.0000000
0.0000000
0.0000000
0.0000000
0.0000000
0.0000000
0.0000000
0.0000000
0.0000000
0.0000000
0.0000000
0.0000000
0.0000000
0.0000000
0.0000000
0.0000000
0.0000000
0.0000000
0.0000000
0.0000000
0.0000000
0.0000000
0.0000000
0.0000000
0.0000000
0.0000000
0.0000000
0.0084283
0.8043556
3.2351627
5.9864130
6.6983752
4.7217717
2.1265419
1.1329830
0.7748930
0.6556757
0.6695884
0.7242565
0.8978207
20.6769714
65.3693848
100.0371170
106.6699142
91.3000870
73.9275131
51.8974342
28.9084892
13.5925245
15.5126534
42.1106224
85.0867538
64.2919464
23.8827229
7.3266754
2.4207926
2.7774072
14.7589798
55.5949097
108.6313782
138.2935944
148.6027222
176.3633270
210.6987152
227.8798218
202.1466064
189.1348267
179.4842834
133.3537598
61.5171127
15.2689266
14.6494169
9.7772055
1.7630885
0.6931657
0.6046151
1.0516399
1.3676263
2.2425246
15.2960758
40.3276291
68.1717453
87.1185379
101.9257050
108.9844894
84.8454742
59.5616875
36.8627853
18.7867584
7.6547565
2.5197771
9.2850342
32.3945007
71.2995758
83.9247208
58.4885139
21.9527378
5.2109022
0.6794776
3.2039182
13.9469910
29.0578861
39.5487671
50.7744179
59.4462357
67.3859863
81.3183060
87.7387009
86.6538010
95.3791504
121.7037582
148.7714539
156.2066956
142.4265747
110.4729080
76.9389267
72.5984116
101.0734177
140.9489441
157.1761017
175.2151642
190.8006744
184.4968262
138.8314362
93.9263840
64.7823410
39.8966064
20.0383358
6.0101628
2.7809403
0.7885683
0.5878539
0.6901593
0.7587599
0.8852757
1.1592720
2.1358714
3.2008212
3.3828514
2.9270916
2.6577303
2.4192278
2.4765232
2.4290476
2.3832092
2.5919671
2.2099106
1.7629486
1.4795151
1.1079248
0.8299515
0.8226423
0.8472040
1.3986790
1.7762324
2.7327273
7.6422539
20.7417431
62.9841881
120.7527008
141.5672607
108.9935608
75.6699829
52.5296555
47.8287582
24.3277035
13.9494314
8.6261730
1.7927334
0.5042259
3.2046576
25.8597202
67.9740906
96.1799698
103.0424805
114.3239441
108.3936005
87.2338638
46.4994545
14.3276863
3.7051027
4.8154817
24.3148670
71.0169754
91.1016922
65.4352570
32.2890778
20.8838654
11.0332527
4.3196015
5.1774158
41.5232582
107.4114838
127.2376785
93.2441483
64.4747696
49.4776840
67.9652710
110.7323456
105.4068451
95.4676590
86.9461441
80.0103302
69.8210983
56.0739250
41.7883415
28.1961479
15.7745571
9.4549713
16.2878971
15.5431137
12.9398041
12.3517323
14.5046253
15.8883419
14.6330261
12.0193272
9.1444407
6.7499366
6.7529645
6.8562946
5.8278008
5.2781224
4.1408782
2.7718310
1.4351892
0.6450463
0.4129611
0.7149447
0.6971630
0.6034570
0.7159379
0.9417231
1.0756676
0.9331501
0.6260636
0.5537723
0.6963468
0.9763625
1.0931317
0.9002141
0.9713048
1.4420567
1.3602246
1.0725360
0.9086332
1.1298616
1.2432245
1.0928899
1.0087401
1.1323934
2.5184221
5.1109791
7.5902529
7.3173242
3.3945878
2.9166899
12.4019556
44.9004669
92.7161407
137.3329773
154.7961426
132.4763489
69.4571381
27.2403679
9.7722454
7.3402767
32.2980652
101.6065903
164.5495758
156.2981567
114.0154190
74.0126953
50.8875847
70.9598541
116.6061096
102.5761337
58.9620094
35.6136398
36.9261703
75.0764160
124.1092072
107.4151077
62.6983719
50.8937073
47.8797112
71.6095505
120.5843887
148.8700409
120.0242157
82.2352982
66.3260193
57.2532425
39.1441803
22.1595993
18.1381779
20.3213291
11.8994865
5.1726990
3.7361972
2.2389796
1.1817892
0.9565482
0.5738232
0.5708377
0.8566222
0.6967144
0.6799935
0.8744338
1.5011315
1.5335369
1.1725196
1.0237534
0.7905462
0.7948728
0.7097320
0.6532670
0.7496255
0.8710753
1.0456320
0.6211100
0.1883275
0.0224904
0.0007146
0.0000000
0.0000000
0.0000000
0.0000000
0.0000000
0.0000000
0.0000000
0.0000000
0.0000000
0.0000000
0.0000000
0.0000000
0.0000000
0.0000000
0.0000000
0.0000000
0.0000000
0.0000000
0.0000000
0.0000000
0.0000000
0.0000000
0.0000000
0.0000000
0.0000000
0.0000000
0.0000000
0.0000000
0.0000000
0.0000000
0.0000000
0.0000000
0.0000000
0.0000000
0.0000000
0.0000000
0.0000000
0.0000000
0.0000000
0.0000000
0.0000000
0.0000000
0.0000000
0.0000000
0.0000000
0.0000000
0.0000000
0.0000000
0.0000000
0.0000000
0.0000000
0.0000000
0.0000000
0.0000000
0.0000000
0.0000000
0.0000000
0.0000000
0.0000000
0.0000000
0.0000000
0.0000000
0.0000000
0.0000000
0.0000000
0.0000000
0.0000000
0.0000000
0.0000000
0.0000000
0.0000000
0.0000000
0.0000000
0.0000000
0.0000000
0.0000000
0.0000000
0.0000000
0.0000000
0.0000000
0.0000000
0.0000000
0.0000000
0.0000000
0.0000000
0.0000000
0.0000000
0.0000000
0.0000000
0.0000000
0.0000000
0.0000000
0.0000000
0.0000000
0.0000000
0.0000000
0.0000000
0.0000000
0.0000000
0.0000000
0.0000000
0.0000000
0.0000000
0.0000000
0.0000000
0.0000000
0.0000000
0.0000000
0.0000000
0.0000000
0.0000000
0.0000000
0.0000000
0.0000000
0.0000000
0.0000000
0.0000000
0.0000000
0.0000000
0.0000000
0.0000000
0.0000000
0.0011616
0.3072039
1.3217342
2.3565903
2.4055452
1.6197792
1.0547581
1.0285008
1.6491195
3.3305428
5.0325584
4.9918265
3.3964543
1.8955642
1.6935964
31.7371521
108.4884720
185.7765656
207.2727509
138.5651550
65.1201401
21.7189884
22.7172928
21.3346882
20.0338230
69.3244934
153.5888977
229.7114258
253.7696228
240.1860962
190.1372986
107.9390793
17.8587608
14.3265762
50.5842896
112.8072510
138.0353088
97.9419861
32.3738899
7.5912085
5.0698185
21.2451553
37.5217552
30.3351917
18.2721462
36.5060921
54.2860031
59.8001404
73.3143158
87.9076309
89.7260361
82.8529816
67.0597916
48.9653854
34.0233612
29.7079182
30.8632107
21.0937614
13.6246233
16.5648193
19.8834763
20.0379333
20.7785091
17.6064262
10.7587194
8.4711094
4.2940307
1.8176475
0.9060729
0.9042813
0.6942544
0.5355343
0.5323749
0.8857067
1.9206361
3.8555675
4.2637324
1.8318694
0.4521215
0.6432290
1.1161093
1.8017086
1.8858737
1.5366588
1.4135479
1.4515089
1.8364563
2.7067294
3.2582698
3.1837223
2.1524453
0.9808535
0.8014201
6.2465577
36.2631340
87.4404755
128.0644836
128.8522034
115.4159241
96.1243515
73.5790253
75.8836365
66.3782272
48.9138374
26.4547157
41.4328117
123.3682556
229.9870148
251.2362823
199.2196808
153.4833984
120.3617859
110.0089188
148.9837952
205.2997589
194.1262817
137.8500061
92.1308441
61.0748749
32.8940048
18.8865166
6.6899610
18.6824646
111.7814026
221.3032227
215.5596466
127.5686493
67.4187241
43.4500313
22.1774578
6.7461414
6.7073975
47.4487610
93.8230591
76.5928040
30.7654305
5.4699678
5.7460470
37.0241127
92.3997040
103.5341415
68.5869675
52.6805153
53.7569466
54.5500374
51.9492111
51.4308624
54.7497826
38.0086823
19.7458115
26.8411427
38.0482903
36.1572113
29.5493069
34.9287148
43.8482513
46.8243980
37.6476746
20.7116299
13.7694626
26.0195885
43.8890076
42.9816017
28.0204601
24.6719475
35.3542519
54.5536461
78.3541031
92.6217957
86.8346786
62.0555725
32.1868629
10.0654678
6.0217009
10.4734230
32.1313171
70.8002167
88.0645142
69.8147049
52.8660927
41.2175293
32.1166267
45.1674576
70.2920303
85.0787354
80.8446732
75.5975342
58.4314766
22.7731266
2.1304820
0.5729195
0.9062511
11.0934267
25.2201557
35.0354309
42.7163315
46.9125824
44.4372978
34.6408310
26.7291794
21.0629292
17.6388168
17.3994312
16.9528980
20.8903332
13.8470163
7.5317264
4.1499090
41.2021065
150.6822662
251.4286652
269.1818237
202.0179291
126.0714722
77.2790451
52.6111107
38.0249557
28.4306736
4.4840326
0.5419480
2.6694493
16.3314056
35.8884392
65.5107422
111.3351669
147.9166565
145.8884888
111.6858749
78.4165573
63.6026459
52.9418526
58.6816750
67.0248337
55.6897469
33.6058998
16.0743637
24.3810539
16.3816528
44.8341751
50.1572914
38.9281502
31.9728680
28.9504375
27.7162704
23.2010517
14.3756075
9.3413105
18.3708763
33.4491196
34.4255791
24.8246536
12.5598145
9.6481552
10.6031408
10.2098188
17.4412327
35.4791069
30.8891087
16.5961304
4.4463706
1.0194865
2.9630837
20.2787399
62.3126526
75.6109772
63.0383148
58.2330360
73.9545746
83.6359634
78.4541168
71.2490921
69.6367874
70.4093704
62.6636772
43.2147675
29.1183033
65.8157501
113.4898376
121.5170135
85.3777924
49.4134865
24.3940220
18.3208485
15.4761524
17.5276203
24.4255371
29.2946033
28.8178120
21.6095734
14.6225786
30.7401562
63.2318840
81.6063385
68.3332443
45.5169182
25.9385834
22.1557770
22.0662003
14.5031853
11.2817850
15.0656366
24.0621109
26.8120861
38.4111176
67.5887833
78.4770813
79.9060822
63.3879814
44.1757202
40.8283424
60.1547203
69.8288193
46.7180023
17.4982986
9.2368031
8.1138563
3.3366747
2.5388021
1.6725143
2.1513228
2.6409972
1.9277780
1.1352472
1.1274242
1.5231535
1.5868512
1.1445688
1.2409934
1.2705001
1.1495144
0.9491084
1.2843302
1.5172626
0.9981409
0.2127551
0.0202593
0.0067138
0.0000000
0.0000000
0.0000000
0.0000000
0.0000000
0.0000000
0.0000000
0.0000000
0.0000000
0.0000000
0.0000000
0.0000000
0.0000000
0.0000000
0.0000000
0.0000000
0.0000000
0.0000000
0.0000000
0.0000000
0.0000000
0.0000000
0.0000000
0.0000000
0.0000000
0.0000000
0.0000000
0.0000000
0.0000000
0.0000000
0.0000000
0.0000000
0.0000000
0.0000000
0.0000000
0.0000000
0.0000000
0.0000000
0.0000000
0.0000000
0.0000000
0.0000000
0.0000000
0.0000000
0.0000000
0.0000000
0.0000000
0.0000000
0.0000000
0.0000000
0.0000000
0.0000000
0.0000000
0.0000000
0.0000000
0.0000000
0.0000000
0.0000000
0.0000000
0.0000000
0.0000000
0.0000000
0.0000000
0.0000000
0.0000000
0.0000000
0.0000000
0.0000000
0.0000000
0.0000000
0.0000000
0.0000000
0.0000000
0.0000000
0.0000000
0.0000000
0.0000000
0.0000000
0.0000000
0.0000000
0.0000000
0.0000000
0.0000000
0.0000000
0.0000000
0.0000000
0.0000000
0.0000000
0.0000000
0.0000000
0.0000000
0.0000000
0.0000000
0.0000000
0.0000000
0.0000000
0.0000000
0.0000000
0.0000000
0.0000000
0.0000000
0.0000000
0.0000000
0.0000000
0.0000000
0.0000000
0.0000000
0.0000000
0.0000000
0.0000000
0.0000000
0.0000000
0.0000000
0.0000000
0.0000000
0.0000000
0.0000000
0.0000000
0.0516480
1.0451432
3.3351593
5.2452087
5.0639186
2.8562164
1.0696760
0.5321068
0.5457906
0.6551806
2.3960371
15.5869331
38.6078949
53.0776367
50.4989510
41.7540855
31.5398903
25.9129829
23.7919006
19.0191402
16.5889893
27.1513577
59.9078484
93.4216232
98.8925247
102.7775497
117.4200974
133.3817596
144.8289337
154.3498840
166.1002960
181.6740417
213.2085876
277.7262878
316.5631104
289.2600403
204.8092499
140.5584106
80.2192230
54.7844086
188.6292419
193.1794128
168.6794434
163.3597107
193.6444550
222.2407227
197.7099609
138.4511871
94.7379532
78.9150925
91.6794052
64.9013290
44.0192528
20.6646538
36.8258400
32.5747337
22.4895077
26.0368710
71.1026917
156.0410767
187.8084564
182.2926331
177.2436218
183.2953644
183.1481628
145.7180176
87.1403351
38.1600685
20.5116539
12.1870451
11.6032314
13.6051731
14.2245264
23.4786987
55.3031921
75.0561676
62.8858566
31.3193188
19.7834282
18.7912159
22.9773884
24.9392033
18.2465897
15.3511686
44.2603340
130.1329803
179.3452759
155.2627258
109.4246216
72.3081589
54.6067162
155.1495972
203.9206085
174.5436401
130.5452881
85.4121552
40.8928757
90.6579514
83.6958923
64.7391586
83.8949203
110.0102539
77.4669266
45.2789078
36.4913330
23.1118870
5.0329666
1.2986186
7.8578081
20.5760994
30.0847874
28.5708447
20.2567711
13.3139648
10.4409752
8.6489773
8.1514549
7.1857586
6.5473471
10.7653008
35.0186043
71.3130569
88.9021530
71.3081741
48.4349785
34.1835594
22.6690845
18.2964516
21.2074013
26.0718651
34.3098564
63.2358322
80.7669754
93.3289490
85.9999466
57.3031807
36.2246246
29.7495575
39.5699844
25.2408943
47.4421997
87.4156723
71.8749542
50.1365471
38.4004517
37.5914612
40.5292702
39.1878281
43.4888344
31.2073307
12.8590670
15.9020491
24.7755775
21.3046970
21.5314941
25.1039867
19.6127071
15.6593266
14.5736742
9.1637783
5.9376049
3.0355651
1.6139680
1.1852746
0.8545989
0.8951874
0.6405848
0.4749725
0.5237843
0.5263596
0.6506692
0.8046189
1.3662128
2.1059771
4.0235872
8.5416479
27.2953453
90.1210175
161.8643799
183.5972748
166.5493164
150.7430878
126.6960602
84.2573242
65.4358978
56.9365273
32.2675095
9.4017820
2.8674030
1.4337131
1.8446032
10.8330231
34.2410088
50.6302643
46.6538429
35.1317215
22.9739113
18.2844772
17.8519783
15.1586647
18.5947151
40.3203964
48.0071945
30.3965187
14.2804289
9.6940680
12.7911797
36.4318047
57.6975594
61.1361923
49.1106682
39.1868134
34.1482239
17.4319305
19.7685871
30.4120884
40.1912994
32.2480278
11.9323940
4.6191297
36.6270447
111.4492035
182.6725311
195.4546661
142.9185638
104.2917023
76.4345779
60.0206528
104.7860413
100.7886429
40.8279610
17.4144630
17.5794506
57.1112785
124.2114792
147.0223083
127.4223175
82.0004120
54.0342979
52.8674927
52.0673447
47.6504745
37.9720879
26.0618153
25.2284184
19.7479229
14.0111609
7.7960210
10.3606987
8.4897041
7.8527842
10.2051458
13.9348259
15.4840021
15.6922827
14.6995306
10.5536823
7.1010318
5.7876577
4.4049478
3.0844636
1.7818391
1.1430731
0.5432097
0.6105183
0.8339733
0.8111479
0.8627031
1.0276767
0.8817812
0.6724457
0.5790659
0.7056386
0.9976815
0.7841531
0.4353088
0.1407584
0.0400107
0.0003230
0.0000000
0.0000000
0.0000000
0.0000000
0.0000000
0.0000000
0.0000000
0.0000000
0.0000000
0.0000000
0.0000000
0.0000000
0.0000000
0.0000000
0.0000000
0.0000000
0.0000000
0.0000000
0.0000000
0.0000000
0.0000000
0.0000000
0.0000000
0.0000000
0.0000000
0.0000000
0.0000000
0.0000000
0.0000000
0.0000000
0.0000000
0.0000000
0.0000000
0.0000000
0.0000000
0.0000000
0.0000000
0.0000000
0.0000000
0.0000000
0.0000000
0.0000000
0.0000000
0.0000000
0.0000000
0.0000000
0.0000000
0.0000000
0.0000000
0.0000000
0.0000000
0.0000000
0.0000000
0.0000000
0.0000000
0.0000000
0.0000000
0.0000000
0.0000000
0.0000000
0.0000000
0.0000000
0.0000000
0.0000000
0.0000000
0.0000000
0.0000000
0.0000000
0.0000000
0.0000000
0.0000000
0.0000000
0.0000000
0.0000000
0.0000000
0.0000000
0.0000000
0.0000000
0.0000000
0.0000000
0.0000000
0.0000000
0.0000000
0.0000000
0.0000000
0.0000000
0.0000000
0.0000000
0.0000000
0.0000000
0.0000000
0.0000000
0.0000000
0.0000000
0.0000000
0.0000000
0.0000000
0.0000000
0.0000000
0.0000000
0.0000000
0.0000000
0.0000000
0.0000000
0.0000000
0.0000000
0.0000000
0.0000000
0.0000000
0.0000000
0.0000000
0.0000000
0.0000000
0.0000000
0.0000000
0.0000000
0.0000000
0.0000000
0.0000000
0.0000000
0.0000000
0.0000000
0.0036974
0.6747485
2.2827542
3.3074021
2.5824671
1.1240952
0.5970598
0.6093532
0.6567193
0.9351133
1.7605915
2.6344576
2.8770773
2.7640846
2.5196998
1.9533074
1.3786250
2.9491141
9.3382492
11.5161362
27.8627663
101.7261658
174.5382690
156.4703674
87.3343506
68.9634476
61.9457550
52.6799164
30.4650440
14.2495031
9.4270315
4.8675084
2.7239225
10.9804821
32.5495148
60.3333435
77.3746643
80.7049713
75.0713806
76.1608810
80.8428192
90.2033081
112.4243011
142.1173401
166.4099121
159.5273895
124.7799988
90.1190262
44.2530899
39.9354286
33.5021477
12.2921638
4.5928597
1.5368686
0.9932075
1.0229934
0.9330055
0.7268024
0.7267345
0.7847333
0.9568697
2.2496049
4.1855025
3.8031414
1.4313387
0.7740211
0.8384935
0.9089115
0.8038490
0.5760497
0.5926201
0.5472312
0.7855475
0.9301029
0.9277971
2.4494796
7.7988973
14.7752142
18.4942722
18.3491859
17.1417236
19.2277069
51.6056366
113.6111603
153.7487640
132.4544678
83.0311127
47.5683136
45.4602852
82.7498245
65.5647507
28.1464539
11.2642908
9.7180786
21.0877686
49.4035912
68.4331512
55.8199081
20.8729515
3.8926637
1.5677991
8.2532120
33.3043938
73.5403748
95.0887604
111.6781845
143.5943756
186.1331024
210.5873413
201.6143799
175.0680389
157.1798706
142.4922638
103.8232803
53.3976288
18.7543182
18.3435059
14.8382835
9.9924164
7.2121696
7.1770716
5.1697388
3.5741038
2.3899050
1.0560983
2.3252275
19.4068050
56.3292465
89.7948303
107.7386932
123.2601013
150.7335052
156.3510590
124.4604111
92.5365067
70.6367416
53.3051300
42.2489662
144.7209930
159.5238647
103.1415558
52.8075752
41.8464050
43.9585915
41.7599945
41.3091698
37.1700935
22.9893894
12.2978477
13.2237196
14.3662701
9.7065849
7.5134354
8.2141247
8.1371393
15.4911890
43.2126656
68.4128647
65.7595062
43.4670410
40.7238007
49.5110092
48.5947990
39.0514145
25.4991264
44.8454857
30.6807613
25.1481476
22.6781197
43.5385399
82.6660004
100.1458511
96.4910431
72.7591629
45.1200676
30.7609215
27.7932091
29.3980999
19.9263878
18.9621735
15.7131891
18.0736008
26.1202679
18.8288250
16.2982998
29.7694721
61.2881775
82.0015869
56.1610603
29.5322857
22.0118084
20.5490913
24.7734489
39.6220551
61.5786858
63.8690491
62.9883995
47.5217056
24.0099030
8.8101969
11.5429993
22.2312508
32.2066765
29.5151100
20.5303822
19.7881165
22.7175522
23.8516808
20.7226868
17.0386372
51.2728348
87.3549347
92.6516571
103.7545395
128.2164764
164.9408112
139.1027985
70.2845917
21.5785141
6.0030947
9.2484179
21.8594742
34.3800087
17.1608944
6.9581714
2.1385033
2.6961622
6.1182966
19.7723370
55.1660881
102.0364380
139.4409180
155.4217377
134.9763794
87.2035675
55.1626053
47.5546913
68.0005035
51.3770752
34.2569008
33.5550804
29.9905815
34.3347015
20.4716148
14.8600140
10.8538685
11.0148773
15.8594589
24.9418068
26.6871643
14.4087038
3.9901748
1.8856261
0.7531849
0.5253342
0.4759668
0.5184119
0.4683774
0.8088095
1.0550594
1.0338030
1.0598259
1.9153153
4.6040354
7.6329770
9.7732019
18.3204899
40.1850967
59.8347397
55.1707420
34.0320435
13.6954012
10.2520237
28.6543961
69.0704727
91.7334900
96.6098404
89.9561691
63.2373505
34.7612190
12.5446081
2.9519088
0.5656365
1.7675625
7.4866714
5.6644602
1.2459424
13.4168005
64.7719269
123.2060471
146.8316193
152.8310699
151.3172760
130.6930847
82.3609238
39.7954750
25.4771786
23.3959274
20.4986801
22.4371662
13.3682766
7.1385374
37.6652756
101.7753754
118.4686050
62.8723831
10.4219141
0.5972230
5.0805941
23.0517235
66.2139587
121.8599701
172.9591064
194.4973755
186.0359344
140.5190735
72.1684875
22.2901001
20.5164185
22.0337963
19.3966198
17.0737648
31.7383556
34.0818825
17.2142200
8.9567890
2.3935442
6.2849884
16.3554707
24.0137825
33.7293282
56.2036285
57.9352722
32.9342422
12.2450094
5.9317484
8.7169647
11.0104828
8.3828335
6.7213941
19.7196617
50.0943565
66.9631958
51.1621017
29.3069248
29.7095852
34.3437691
30.7548790
25.6447258
22.0462475
19.9091225
17.7064209
21.8523540
35.1609573
47.0995255
47.6015968
39.7593079
27.6962643
17.0953026
9.5860996
10.2763290
12.4126406
15.3110580
14.9935455
11.8746872
8.5458546
5.1863718
3.4861588
2.0971231
1.2785038
0.8659388
0.7358510
0.7491527
0.6781937
1.2210299
1.5851278
1.5879282
1.4040638
0.7407169
0.6296408
0.7865888
0.8198255
1.2981787
1.8620700
1.9207247
1.3974911
0.6832606
0.2806352
0.1078912
0.0176095
0.0001147
0.0000000
0.0000000
0.0000000
0.0000000
0.0000000
0.0000000
0.0000000
0.0000000
0.0000000
0.0000000
0.0000000
0.0000000
0.0000000
0.0000000
0.0000000
0.0000000
0.0000000
0.0000000
0.0000000
0.0000000
0.0000000
0.0000000
0.0000000
0.0000000
0.0000000
0.0000000
0.0000000
0.0000000
0.0000000
0.0000000
0.0000000
0.0000000
0.0000000
0.0000000
0.0000000
0.0000000
0.0000000
0.0000000
0.0000000
0.0000000
0.0000000
0.0000000
0.0000000
0.0000000
0.0000000
0.0000000
0.0000000
0.0000000
0.0000000
0.0000000
0.0000000
0.0000000
0.0000000
0.0000000
0.0000000
0.0000000
0.0000000
0.0000000
0.0000000
0.0000000
0.0000000
0.0000000
0.0000000
0.0000000
0.0000000
0.0000000
0.0000000
0.0000000
0.0000000
0.0000000
0.0000000
0.0000000
0.0000000
0.0000000
0.0000000
0.0000000
0.0000000
0.0000000
0.0000000
0.0000000
0.0000000
0.0000000
0.0000000
0.0000000
0.0000000
0.0000000
0.0000000
0.0000000
0.0000000
0.0000000
0.0000000
0.0000000
0.0000000
0.0000000
0.0000000
0.0000000
0.0000000
0.0000000
0.0000000
0.0000000
0.0000000
0.0000000
0.0000000
0.0000000
0.0000000
0.0000000
0.0000000
0.0000000
0.0000000
0.0000000
0.0000000
0.0000000
0.0000000
0.0000000
0.0000000
0.0000000
0.0000000
0.0000000
0.0000000
0.0000000
0.0000000
0.0000000
0.0000000
0.0000000
0.0000000
0.0000000
0.0000000
0.0000000
0.0000000
0.0000000
0.0000000
0.0000000
0.0000000
0.0000000
0.0000000
0.0000000
0.0000000
0.0000000
0.0000000
0.0000000
0.0000000
0.0000000
0.0000000
0.0000000
0.0000000
0.0000000
0.0000000
0.0000000
0.0000000
0.0000000
0.0000000
0.0000000
0.0000000
0.0000000
0.0000000
0.0000000
0.0000000
0.0000000
0.0000000
0.0000000
0.0000000
0.0000000
0.0000000
0.0000000
0.0000000
0.0000000
0.0000000
0.0000000
0.0000000
0.0000000
0.0000000
0.0000000
0.0000000
0.0000000
0.0000000
0.0000000
0.0000000
0.0000000
0.0000000
0.0000000
0.0000000
0.0000000
0.0000000
0.0000000
0.0000000
0.0000000
0.0000000
0.0000000
0.0000000
0.0000000
0.0000000
0.0000000
0.0000000
0.0000000
0.0000000
0.0000000
0.0000000
0.0000000
0.0000000
0.0000000
0.0000000
0.0000000
0.0000000
0.0000000
0.0000000
0.0000000
0.0000000
0.1366049
0.8377193
1.7560127
2.0006595
1.5389977
1.1292911
1.4351630
2.1768911
2.8831072
2.9367940
2.1467814
1.2101369
0.9882380
1.0639486
1.0347458
2.5140848
9.5516644
26.8227291
61.3358345
109.1785965
153.4748535
161.7032166
131.1697998
103.4955444
80.9517517
57.7194824
28.0216885
6.4373269
1.4745952
0.4015878
1.4668995
14.4550533
42.4169121
95.0580215
178.0780182
272.2918701
363.4493103
430.9737549
399.9037170
279.8979492
203.0753021
178.4480438
172.0341339
140.0600891
76.2649689
21.2259884
11.6224403
7.1651015
7.9109726
15.6941032
10.2944632
2.6575761
0.9926563
0.7442100
1.7952240
6.1147199
7.1201792
2.3413267
0.3995810
0.2095395
0.4393933
0.9425392
0.7872519
0.5685732
0.6287743
0.7813570
0.9720353
1.1468328
1.1580226
0.9596813
0.9086198
0.8230230
1.1342701
7.8205643
25.8614178
50.4763794
110.8446198
259.9823303
466.2795105
546.5879517
385.0903015
193.5901489
40.4666672
18.9673519
4.9888196
1.8146932
11.5852537
36.0299225
35.2405701
17.2714367
6.8472652
1.8165824
1.1934593
0.7329159
0.3817382
0.3592868
0.4253879
0.6894710
0.9082817
1.1304837
1.1479690
0.7614391
0.7346176
0.8040581
0.7836251
0.4520558
0.1505034
0.0260914
0.0002554
0.0000000
0.0000000
0.0000000
0.0000000
0.0000000
0.0000000
0.0000000
0.0000000
0.0000000
0.0000000
0.0000000
0.0000000
0.0000000
0.0000000
0.0000000
0.0000000
0.0000000
0.0000000
0.0000000
0.0000000
0.0000000
0.0000000
0.0000000
0.0000000
0.0000000
0.0000000
0.0000000
0.0000000
0.0000000
0.0000000
0.0000000
0.0000000
0.0000000
0.0000000
0.0000000
0.0000000
0.0000000
0.0000000
0.0000000
0.0000000
0.0000000
0.0000000
0.0000000
0.0000000
0.0000000
0.0000000
0.0000000
0.0000000
0.0000000
0.0000000
0.0000000
0.0000000
0.0000000
0.0000000
0.0000000
0.0000000
0.0000000
0.0000000
0.0000000
0.0000000
0.0000000
0.0000000
0.0000000
0.0000000
0.0000000
0.0000000
0.0000000
0.0000000
0.0000000
0.0000000
0.0000000
0.0000000
0.0000000
0.0000000
0.0000000
0.0000000
0.0000000
0.0000000
0.0000000
0.0000000
0.0000000
0.0000000
0.0000000
0.0000000
0.0000000
0.0000000
0.0000000
0.0000000
0.0000000
0.0000000
0.0000000
0.0000000
0.0000000
0.0000000
0.0000000
0.0000000
0.0000000
0.0000000
0.0000000
0.0000000
0.0000000
0.0000000
0.0000000
0.0000000
0.0000000
0.0000000
0.0000000
0.0000000
0.0000000
0.0000000
0.0000000
0.0000000
0.0000000
0.0000000
0.0000000
0.0000000
0.0000000
0.0000000
0.0000000
0.0000000
0.0000000
0.0000000
0.0000000
0.0000000
0.0000000
0.0000000
0.0000000
0.0000000
0.0000000
0.0000000
0.0000000
0.0000000
0.0000000
0.0000000
0.0000000
0.0000000
0.0000000
0.0000000
0.0000000
0.0000000
0.0000000
0.0000000
0.0000000
0.0000000
0.0000000
0.0000000
0.0000000
0.0000000
0.0000000
0.0000000
0.0000000
0.0000000
0.0000000
0.0000000
0.0000000
0.0000000
0.0000000
0.0000000
0.0000000
0.0000000
0.0000000
0.0000000
0.0000000
0.0000000
0.0000000
0.0000000
0.0000000
0.0000000
0.0000000
0.0000000
0.0000000
0.0000000
0.0000000
0.0000000
0.0000000
0.0000000
0.0000000
0.0000000
0.0000000
0.0000000
0.0000000
0.0000000
0.0000000
0.0000000
0.0000000
0.0000000
0.0000000
0.0000000
0.0000000
0.0000000
0.0000000
0.0000000
0.0000000
0.0000000
0.0000000
0.0000000
0.0000000
0.0000000
0.0000000
0.0000000
0.0000000
0.0000000
0.0000000
0.0000000
0.0000000
0.0000000
0.0000000
0.0000000
0.0000000
0.0000000
0.0000000
0.0000000
0.0000000
0.0000000
0.0000000
0.0000000
0.0000000
0.0000000
0.0000000
0.0000000
0.0000000
0.0000000
