0.0000000
0.0000000
0.0000000
0.0000000
0.0000000
0.0000000
0.0000000
0.0000000
0.0000000
0.0000000
0.0000000
0.0000000
0.0000000
0.0000000
0.0000000
0.0000000
0.0000000
0.0000000
0.0000000
0.0000000
0.0000000
0.0000000
0.0000000
0.0000000
0.0000000
0.0000000
0.0000000
0.0000000
0.0000000
0.0000000
0.0000000
0.0000000
0.0000000
0.0000000
0.0000000
0.0000000
0.0000000
0.0000000
0.0000000
0.0000000
0.0000000
0.0000000
0.0000000
0.0000000
0.0000000
0.0000000
0.0000000
0.0000000
0.0000000
0.0000000
0.0000000
0.0000000
0.0000000
0.0000000
0.0000000
0.0000000
0.0000000
0.0000000
0.0000000
0.0000000
0.0000000
0.0000000
0.0000000
0.0000000
0.0000000
0.0000000
0.0000000
0.0000000
0.0000000
0.0000000
0.0000000
0.0000000
0.0000000
0.0000000
0.0000000
0.0000000
0.0000000
0.0000000
0.0000000
0.0000000
0.0000000
0.0000000
0.0000000
0.0000000
0.0000000
0.0000000
0.0000000
0.0000000
0.0000000
0.0000000
0.0000000
0.0000000
0.0000000
0.0000000
0.0000000
0.0000000
0.0000000
0.0000000
0.0000000
0.0000000
0.0000000
0.0000000
0.0000000
0.0000000
0.0000000
0.0000000
0.0000000
0.0000000
0.0000000
0.0000000
0.0000000
0.0000000
0.0000000
0.0000000
0.0000000
0.0000000
0.0000000
0.0000000
0.0000000
0.0000000
0.0000000
0.0000000
0.0000000
0.0000000
0.0000000
0.0000000
0.0000000
0.0000000
0.0000000
0.0000000
0.0000000
0.0000000
0.0000000
0.0000000
0.0000000
0.0000000
0.0000000
0.0000000
0.0000000
0.0000000
0.0000000
0.0000000
0.0000000
0.0000000
0.0000000
0.0000000
0.0000000
0.0000000
0.0000000
0.0000000
0.0000000
0.0000000
0.0000000
0.0000000
0.0000000
0.0000000
0.0000000
0.0000000
0.0000000
0.0000000
0.0000000
0.0000000
0.0000000
0.0000000
0.0000000
0.0000000
0.0000000
0.0000000
0.0000000
0.0000000
0.0000000
0.0000000
0.0000000
0.0000000
0.0000000
0.0000000
0.0000000
0.0000000
0.0000000
0.0000000
0.0000000
0.0000000
0.0000000
0.0000000
0.0000000
0.0000000
0.0000000
0.0000000
0.0000000
0.0000000
0.0000000
0.0000000
0.0000000
0.0000000
0.0000000
0.0000000
0.0000000
0.0000000
0.0000000
0.0000000
0.0000000
0.0000000
0.0000000
0.0000000
0.0000000
0.0000000
0.0000000
0.0000000
0.0000000
0.0000000
0.0000000
0.0000000
0.0000000
0.0000000
0.0000000
0.0013134
0.1275356
0.5103864
1.0045897
1.3951904
1.5957726
1.7911950
2.0205917
2.0648823
1.9060341
1.8745008
1.9479833
1.9703413
1.5704316
0.9410710
0.4324906
0.3272808
2.5248520
7.7765145
18.1077900
32.1748161
44.1097984
47.9782639
36.1766739
20.7811527
5.8728051
3.4925053
2.0010014
0.4436071
0.2274459
0.1357922
0.1290120
1.2156680
17.2818909
63.1683426
119.8612518
149.8706818
141.3444824
112.9063873
83.2769165
53.7547836
26.8307266
14.6067953
12.2330990
9.7285109
25.2432327
34.5541534
30.4129028
18.2528763
10.2773705
8.0525274
8.1801233
17.4225807
25.9047070
20.7091713
7.3656592
3.4984846
7.0112453
20.6872616
25.9937897
22.5709400
30.2422504
50.5078354
69.9428406
75.2623291
62.2806320
41.8590050
29.0643158
13.5485535
8.2949762
6.5088644
8.7611933
18.9236927
22.7866421
23.1543179
27.6316452
20.0818787
7.7897353
3.4838424
1.4874011
0.8048180
0.8836584
0.7623538
0.8906827
2.0811224
3.6061435
3.8592956
2.9684064
2.0826762
1.5402000
1.4297765
1.6796114
2.1439843
1.9401555
1.1125267
0.3958353
0.1809070
0.1663306
0.4313356
2.6697950
17.1043854
52.8967743
108.7423096
154.1662140
144.9715118
107.5393219
71.9305954
69.9968033
52.0326309
51.5187302
81.2374802
66.1063461
41.3699532
31.1756229
22.9044399
23.3079300
21.2232857
15.8816795
12.0893373
14.5815411
21.8203621
16.7005424
6.1499815
2.6381869
1.2905955
2.1278605
6.6021223
21.9799404
45.6072540
67.6940384
79.0361023
79.1433716
74.9858398
63.9207039
50.2922020
34.2449112
22.2054234
12.0452547
12.0692987
24.4803753
17.3031120
3.5713751
0.5517449
0.4012259
1.0149728
3.4501138
4.6867528
3.1381726
1.7999165
1.4484631
1.2497753
0.8214549
3.3459747
17.3303032
55.2513123
104.8633957
127.3165207
102.2713928
55.7957687
31.9700489
19.0524139
19.7326183
26.0276775
20.9345856
7.6091657
3.6965334
3.0456331
9.6886406
24.8294983
52.7721024
68.5276108
64.3594284
44.4215965
39.5129089
46.1768379
34.0606155
16.7360554
31.0996151
55.2158737
45.2361832
26.3117542
11.1715822
2.9063921
2.8024352
5.9584827
12.5533934
22.1926174
30.3359280
31.1093407
23.3363991
14.3005543
9.2428112
7.2114830
5.5641418
5.6285233
5.1183848
5.7109699
9.8614330
18.6391926
45.3666153
101.0485229
157.8015900
177.8223267
145.3930664
99.4646454
65.6587830
33.9164581
83.1199799
129.3475342
96.4414520
71.6700668
49.4755783
30.7745571
10.0599976
28.7974281
28.1721325
9.2524166
39.6929169
39.7083511
26.0133076
27.8447113
63.4018669
59.7762718
52.3076096
47.0527992
42.6192284
32.5849228
25.6100368
20.3447018
16.0094757
17.0322132
35.5929604
69.1781540
75.7478943
55.4336357
28.6666145
14.1454668
5.7782812
3.4001622
4.1438508
10.7772989
35.7301674
48.7146721
37.6505127
24.2262383
13.9121752
11.9327183
14.3876781
11.8095407
9.6255455
7.2123094
3.2497387
0.2679319
0.3763444
0.2668849
1.7174094
2.6984730
4.5534353
31.7742157
95.5069427
179.4880066
256.6187134
275.7924500
215.6348114
136.6229858
99.3472748
79.2582397
56.0943375
36.8281517
30.2666111
35.1884384
48.4435272
85.4693069
71.0400925
41.5443306
52.3312454
103.7697906
100.5580139
87.1129761
69.0167465
39.6486511
19.0616093
26.0691624
42.2110901
43.0268784
28.6992741
16.6895256
13.6511679
10.8924646
13.3309031
29.9083347
46.4551849
43.9076691
58.6770782
69.2707367
52.3348770
13.4703922
1.3425176
0.1917405
0.1879307
0.1522854
0.1400330
0.2117902
7.6602716
51.6319656
136.9956360
231.7317657
258.2780762
165.5769043
46.2626953
19.3174706
17.3297119
62.1007652
196.1788635
276.6589966
204.5057068
85.4669418
13.9630852
17.8382549
17.2917118
15.4447155
29.0530548
82.9011002
184.7864990
272.4318237
282.0336914
215.2777252
162.3293457
120.0955429
85.6252670
38.9788628
78.3390198
124.6425476
119.6270676
118.7726669
112.7209091
89.1215820
62.9740143
93.6161652
126.5778198
59.3966980
22.0532188
35.6264458
61.3491592
66.9963837
31.2064781
11.6437817
9.2915354
30.7720242
94.5231857
116.9227676
84.6772079
42.4321518
36.5345039
31.8118515
13.0094061
1.5686638
0.2349712
0.0993442
0.0970022
0.1561363
0.2230640
0.3445082
0.6480562
1.6016989
12.1537399
69.9603577
202.5588989
335.4737854
344.0411987
210.9678040
44.0560188
14.7151604
10.9570389
32.9784088
85.8812943
78.9672699
47.7477684
33.9830246
25.6936016
19.5231094
23.0776081
46.6019897
80.9063721
86.8425751
61.2050514
30.5374012
21.5903454
25.8754253
34.6437340
48.9051323
48.2836113
43.9889832
38.1531792
34.3713684
30.9248962
22.8514442
33.6222229
63.1022949
79.8275757
54.0110397
23.3860741
14.2930527
20.4215908
24.2964554
21.0145454
14.7925396
11.9974136
13.9959040
26.0962219
42.7101212
45.9243622
36.7224579
29.2622948
42.0677681
69.5766754
64.6250916
44.1549950
17.5521107
10.7523785
16.4616890
14.2758284
4.6457739
0.3310726
0.1374177
0.2604912
0.2539051
0.4799740
0.8579983
4.6272969
26.0518227
74.2958908
137.8594360
172.1986694
137.1020355
62.2006454
37.2800407
22.5444565
27.1956158
41.1060867
25.3380871
13.6688423
12.8046799
22.1848354
51.6568718
75.9217911
60.9684410
43.1955528
44.1284142
56.4666443
21.4141579
6.0399113
11.0481272
13.7687912
21.3413029
24.1206551
16.4434357
32.5962448
107.9253159
205.5015259
224.4199982
153.4134827
80.2524109
67.7050018
60.2778702
28.1167870
20.7493973
48.8480301
105.5911484
127.8787537
109.7434235
94.7464905
79.5348206
29.0655384
8.1633205
11.4458199
22.9756737
25.2714005
28.4068756
39.3912964
41.3308640
28.6633739
14.4926090
10.7278509
10.9004812
10.0006628
10.2363625
12.4474440
11.2554893
8.2091532
6.9962883
6.9059486
6.5040979
7.8767481
7.6817217
5.9108071
3.9576688
7.4424706
24.5339260
55.4058266
93.3134842
139.0208282
225.2187653
297.9157104
263.2680359
142.6819153
30.9155788
14.9322605
9.5662670
9.5848150
40.8036995
71.2653961
56.0368805
24.6181450
10.3591614
3.5307760
4.1328440
23.7381668
73.6965408
110.5598755
107.1128922
75.7064590
40.4523201
24.9517746
23.1668205
24.6932030
13.3689098
14.3535976
49.3051949
95.1621094
119.7318573
128.2474670
144.2754211
134.9922943
77.8203583
25.0583076
20.6781807
21.4621449
13.9021902
8.7440681
6.9085722
5.9154968
18.6044712
55.6928368
95.0164185
106.4950867
84.3387451
53.9028969
38.8068581
76.2745819
154.9237518
153.7562103
108.7976227
47.4646530
10.7057962
0.9735868
1.1458973
0.9545796
2.0400028
6.6063442
12.4928493
16.0785370
16.9758778
17.3192997
17.1952362
14.5440092
9.6078281
4.7996888
2.1372252
29.6028156
122.3961029
203.6966858
179.2203674
79.9154510
74.7292175
215.3507690
419.2125854
414.4809570
207.4524384
75.1323547
53.1315384
46.0347023
31.7778168
22.8322296
16.4378700
12.5652447
13.5156088
11.3241129
36.0872574
115.3751984
205.3391418
273.7984314
269.3574524
182.5219116
55.3810387
12.4622784
10.5918865
4.9970632
1.3607755
20.3627033
91.6837311
142.1024933
131.9302673
66.1746674
22.5692501
3.8682706
0.5763168
1.6772181
33.1925430
78.5632019
82.5550537
42.7182236
8.7354002
7.3870454
28.2406311
71.5058746
101.1940460
82.4725723
42.6120338
19.9305897
8.8077602
21.5286713
62.9995270
78.8093872
42.1949806
11.4765816
19.2808132
44.3766136
79.4008484
79.7356110
39.7422028
15.5119019
10.3795099
9.7012415
9.8047323
5.9209290
1.4869788
0.3875711
0.1389402
0.3358884
2.1367831
6.0574732
9.4236403
17.6888752
38.1611748
57.4908752
65.0341797
59.1847496
51.7457504
52.3857117
51.0606117
57.1110954
73.1828461
83.9562683
74.7571259
48.7044678
27.7650204
23.2703438
16.5275383
3.7274799
2.7644072
19.0399723
82.7220001
151.7477417
190.5249023
171.1584167
112.6113815
72.4481812
55.9841537
36.4812622
26.6846123
13.2424097
3.2745578
2.6556470
8.7307043
24.6107483
43.0461006
46.7448997
33.4332428
17.8366508
18.6855202
31.0502853
25.5473366
3.1037064
0.2649956
0.1799168
0.3414027
0.3561469
1.7198271
22.9207668
69.3352127
131.3624725
195.0358734
216.1471100
172.6070251
131.2050018
102.1166077
62.9482651
16.6572571
9.4074583
7.0735865
16.2904854
53.9275093
59.2153053
33.3247452
12.7970142
1.5547636
0.3437221
2.3029287
23.9411869
46.9068031
39.1253967
11.4417343
2.3300633
0.3612909
7.3954468
27.6533794
43.3137283
47.0432205
51.9792480
56.1981087
72.2852859
91.5008469
93.0489883
75.5595779
51.3885880
37.8983803
17.3082638
6.3694682
15.2329817
37.5800209
49.6234779
35.4728432
14.5524130
19.7279854
58.2733574
109.7138672
159.4163208
213.2700043
255.3673553
217.4719391
133.8554993
71.2907410
29.7492809
14.6357117
26.6182976
45.6787262
50.2687950
28.7082672
15.6712475
3.2864559
1.1753316
1.5243828
10.1138821
15.9900846
11.3574104
5.5434027
2.3969774
0.6815732
1.5830382
18.8397408
62.2963791
96.4913788
81.1525421
47.3279495
44.9734154
43.1560478
25.7500191
17.4747982
33.2753754
43.1368256
49.5745277
43.0769615
30.1036320
21.6323128
23.0429688
45.4446030
104.1635818
150.3621216
128.0115967
68.5590897
30.2308254
28.3395061
27.2019024
61.5285530
129.1900330
129.1844482
61.4453354
17.0803947
2.7166669
0.2107430
1.4926617
12.4102364
30.7648106
31.1108360
22.3040657
7.4547367
4.8896856
3.4088435
4.9157891
27.4783783
73.0278549
108.8939362
111.1770935
102.0534515
81.4745102
74.1730118
71.1365051
52.2293205
20.9574089
38.1307030
53.6659012
58.7053375
49.0680199
18.4740009
10.1333733
17.1980362
23.0501862
19.4725952
16.1455364
18.4548931
12.9609203
5.5923481
3.8694992
5.7871904
5.5838394
1.8850935
0.1775408
0.1334775
0.8225508
8.3820887
29.9009762
61.5174713
86.3852310
90.6648712
96.0734329
129.7132874
151.8747559
142.9631500
96.1181946
49.8911133
35.7210846
49.9558105
104.4238052
91.8171387
53.5897179
21.7398815
17.7871685
22.4366665
14.7443218
5.3067188
7.5894589
10.5039625
9.6338863
11.8864851
19.1587639
36.7016373
70.5321884
104.5443649
115.9696350
100.3666000
75.1753769
38.3111267
22.5114670
13.6211271
14.6104164
26.1082535
46.0526695
66.0487518
78.6474915
74.4473419
56.9854965
34.5852203
17.2324333
5.0648699
0.5112622
1.1284404
4.8437057
9.4037170
11.4895601
11.4646902
10.6709452
11.0437822
13.0870199
18.5300007
20.6487904
13.6235485
5.0612025
2.3236907
14.7230787
41.2835350
45.4525223
22.0760918
11.5488520
6.7402420
16.4805107
33.0646553
24.8986683
4.0706062
0.4548318
0.0663218
4.6293836
31.7900105
72.6889877
112.4646912
156.7263489
230.8986053
330.0299988
364.2272339
290.5300293
202.5856934
146.8167877
101.7928162
59.2369957
25.0334816
7.0255618
6.0578704
8.9826298
14.1192150
15.3860779
22.5980587
35.8603897
46.0690269
44.8188019
42.9681511
37.3972473
23.6002827
9.2649136
12.4916983
25.6110668
32.1049156
43.1301193
43.0197525
32.1237259
24.4616623
26.6820679
25.2552757
21.6500740
20.1793098
18.3590336
16.6911678
16.8563595
19.6631260
19.1666203
12.7432289
11.3757582
16.0561600
37.4061775
67.8644485
84.4056396
84.9785767
60.5472755
22.4745388
4.1657152
8.4881430
45.3437729
91.5473785
90.0894928
60.8970490
41.9526825
39.6793747
34.9097404
23.2528648
6.7614722
12.8817883
56.2203751
99.1425018
97.5842667
68.3406601
46.4838142
37.6194649
35.7559357
27.4688931
26.1726341
32.5745201
48.6789780
66.8281326
81.3844757
77.2113266
58.0885239
25.6002293
7.6791134
6.8415356
1.6908140
2.2302682
6.0915508
8.0029154
7.5094724
6.5249104
6.4558802
6.2293839
5.7174273
4.4106688
2.7809505
1.5495170
3.0410023
20.6025200
46.7779503
51.3902740
34.5702553
10.0178242
4.3711581
16.1934338
39.3528481
60.6716576
54.5256004
28.6162643
10.1233482
4.7195792
4.5057516
12.9913292
36.5670662
30.1501808
10.2180138
1.4897120
0.3004779
0.1937638
8.6100273
41.7820892
67.1213074
60.2868958
46.3262100
48.8953819
56.7743988
52.2502785
50.2598686
52.5076904
55.4445267
34.0624466
10.7130899
22.0246086
32.4794121
16.7249985
12.0426044
9.5315475
9.1729450
3.9460926
0.7525586
0.9573648
2.0503383
3.1864743
2.8779240
1.8979917
1.6500144
1.1056274
0.6835908
0.2889216
0.2112810
2.7654464
13.6091871
34.5791397
52.1104088
47.7321739
26.4708710
8.7088575
2.5084841
1.9381776
16.4650841
50.5782166
67.4595566
53.7425652
19.2109718
4.2723522
0.6386266
0.0683714
0.0652603
0.0564681
0.1202689
0.3689560
0.6173210
2.9167967
20.3412189
51.8578377
73.2487335
68.1638336
46.9231148
30.7362576
19.8162079
15.0567122
25.1035881
55.4953613
78.3854218
79.2139816
72.0718765
80.2163010
63.7602768
49.0719604
62.4945030
52.3743515
35.8142967
18.0434799
6.8224716
4.6409760
5.9237385
5.7216110
1.6140392
0.3671110
0.1888247
0.2176528
0.2554012
0.7128951
1.9492204
3.5570743
4.9387531
6.1016297
6.9089756
7.4555235
7.6990485
7.0921021
5.6051455
4.6471348
3.9765382
4.1835408
4.6103764
4.2906709
2.7124481
1.3846382
2.8641875
22.1736412
62.0067558
86.7127533
69.6543732
27.8822956
12.3002148
10.0996370
4.9966264
8.8283434
30.1847801
37.0178566
22.3717060
4.2117739
0.5840592
0.0424362
0.1907486
10.6631832
42.5678520
81.1043777
116.3158569
132.5630493
119.6789398
76.9735718
47.6444168
42.2537460
44.1614456
27.8687439
60.0818634
111.5355377
91.8047180
62.4532051
47.3014145
45.9955215
48.3432503
36.8797951
21.0410824
18.2184982
8.8186960
0.5462788
0.4912630
2.0263383
5.1621733
5.4481182
4.7434807
5.5189781
6.1627617
5.7342486
5.0341473
4.3988161
3.2406588
1.5194501
2.1888268
13.9525633
35.5306625
51.1442184
51.3199196
41.1595001
22.1115017
12.4127045
11.1785555
23.1446323
30.1800976
15.8419056
2.1958435
0.7005265
0.5864890
0.8423498
5.1294513
10.4115019
12.7199039
15.9361076
19.8988743
25.6346130
37.5403900
61.8898087
120.9245911
201.3431549
220.0750580
146.1620789
77.8049011
50.9366798
55.6078377
62.7814713
46.8934288
34.5327835
97.7244568
114.7131500
92.2395325
69.6597290
40.5439873
57.6765442
49.5103073
45.2753372
51.0952301
57.2135315
56.9086418
53.6305389
76.7383804
106.8550797
85.7543182
27.6812840
4.2431750
6.4863014
17.6736641
32.9181786
38.2826767
30.4211044
16.1277695
5.3140659
1.8647605
17.2563019
59.8773117
86.6184540
72.0734940
29.1202736
8.8235550
14.9046707
14.9451838
28.9289703
92.5778961
117.8060760
92.1801376
37.2248650
8.8417320
0.5872098
8.9318848
46.4780846
89.6995392
94.9408112
76.2298889
53.4801903
28.1836395
37.9216042
54.3070374
46.0362473
30.0060730
27.6712551
25.6217575
22.2485867
36.5390244
86.7984467
121.0014572
95.3914490
62.5871887
43.7971420
36.8681259
56.2700043
74.2487946
65.6058273
21.2965393
4.8354182
5.1250682
18.4387360
44.6647415
84.4990234
93.8907852
61.6160774
36.4082832
25.1213970
15.1802130
5.9612765
1.7613832
1.8688966
2.1947486
1.9740398
0.1823932
0.1318403
1.2200818
3.3575583
3.4446058
1.2391260
9.3109608
54.8621445
120.4392776
151.7688751
130.8418884
94.9582672
64.3920059
38.3287468
23.3123131
16.2950878
11.1800346
8.1233778
8.9171829
39.9684219
111.7191238
182.8294067
213.3318481
222.9035950
203.1546783
176.8804932
109.3377686
52.1502647
13.0830374
3.3814442
0.7914082
1.3048452
14.5265074
44.0483513
55.5612831
56.1603622
68.1833801
107.7000046
145.0676727
131.0549927
78.6313171
30.9588013
13.5816145
13.9474258
25.1311321
32.7924919
23.4581661
9.7710667
7.7003622
6.0480561
3.7620542
1.7304324
3.6185050
9.2869129
12.3771954
11.6865025
8.7521362
5.6914172
3.6650767
2.4306879
2.0895977
1.5683525
0.6734244
0.3253329
2.0548644
20.7684174
71.3503265
133.4187317
157.0052643
113.1930618
47.4714661
9.4734116
0.6632218
23.4177074
92.7121277
138.3844910
144.0414581
103.9833984
81.5252304
69.3423004
68.6334915
47.8999596
29.1525841
20.7660007
38.0447311
111.1917343
192.1546021
191.1213684
147.8246613
81.0272980
35.8107681
18.4433155
12.9409046
12.4047394
22.9663715
40.8015671
45.1718102
30.4964409
16.7337303
10.8185339
5.0784111
3.3969357
2.6550660
17.0624962
74.1293106
139.6747437
153.6798096
114.8038559
72.0281525
31.4634228
26.7632084
36.6981010
54.8962631
53.4334602
38.8080826
23.4046478
16.0651646
3.8248260
12.0192509
49.4049187
86.3014221
89.4198608
89.1944427
81.5845184
33.2280464
4.1661639
4.5288696
0.8750287
2.2133877
5.8626080
7.7258301
7.4259319
7.0099020
6.6651669
5.9503474
8.8335199
17.9380894
46.6837387
83.1172485
83.2513275
44.0018196
13.0998516
10.5364685
29.9126968
65.0705109
67.1940079
34.8417282
10.5412169
7.8229976
5.1077452
7.0716968
23.9433708
33.2726135
25.3683434
6.0518646
1.7077911
4.1759138
22.9590969
63.9742355
96.6174698
109.6520004
102.4129257
74.5232468
44.8707085
24.0398636
48.7141037
147.7843475
140.0173950
66.7742157
23.0455894
25.8843250
36.8945541
66.5656891
106.3683624
74.8855209
17.7892151
2.9886372
11.8823185
73.1847076
165.2350922
210.4412231
211.3657227
194.5952148
145.5983582
97.1283035
95.5508957
127.1890030
134.3304291
83.6285553
36.6117592
6.9929442
4.2490726
1.1836135
4.5129633
7.2207346
5.9747148
17.4368401
35.5443764
35.5752411
16.2445812
13.1499996
15.3704872
38.1120071
61.3290405
47.2646065
15.7448101
5.2534795
3.2677178
14.0964022
27.2612514
28.9299068
14.4970150
6.6096478
1.0334724
0.1294896
0.1696487
0.1950881
6.5147400
26.5974827
51.5550270
62.5988770
58.3454437
60.4169350
73.6704636
79.7577286
58.2650414
26.4190674
20.2601871
16.9712811
23.8120308
69.0709000
100.4904099
78.2507477
33.7882957
12.7391224
4.9399314
7.2536774
33.5399971
69.1002121
70.4152374
34.2085648
7.5532141
0.6735165
0.4111770
0.4931816
1.2708907
10.9099274
38.9346275
63.6315231
63.3439445
45.5644531
59.2385674
100.4289780
130.3380737
109.3622894
76.2938690
74.2187653
74.6994781
81.1846771
82.6170273
67.4276810
45.5355606
29.5277138
58.0698166
133.4824066
197.9295044
167.9459534
74.3906937
18.4841270
3.9995668
2.1091182
5.6524630
23.4715176
23.9279709
17.6801777
13.7939501
14.0855398
9.6803656
6.4601102
4.5407605
2.9318366
24.5971584
52.2504044
57.4947891
51.6610985
77.7528152
148.9315338
209.7805328
223.4374695
189.9941406
124.5870209
78.8356094
71.4379654
124.1930771
105.1039505
49.6493950
26.4871292
16.9714279
7.2859964
1.7541844
8.6764565
18.6857376
23.1455574
19.2026024
15.3526669
21.5377731
38.2222939
61.8920670
73.0726013
55.8932037
32.5693092
23.2663746
17.8126945
11.4611549
5.5819440
2.9827728
0.3422605
1.5437707
5.5237312
5.9665017
0.9638537
0.3296207
1.7908235
6.4784918
8.7443275
7.0704913
5.4365902
4.5948257
4.6282611
5.0886455
5.3641310
6.0719175
5.5559144
3.9734116
2.7430520
7.2636123
25.4702892
69.6073837
117.8325119
123.2514954
71.0517578
15.9576683
1.6311899
0.1793060
3.1040723
28.5881157
61.1873093
77.9168243
78.9801865
63.8316650
29.5414524
3.0850596
4.7148666
16.1933575
27.7126255
44.7750435
64.2316132
72.9345093
63.2781067
43.9630089
17.7052917
5.6744666
0.8916895
11.3697224
40.6217117
139.6950531
196.3738251
186.7758331
126.8336868
67.9700241
32.9331245
23.0260811
34.1471405
23.9700298
9.8227129
5.2148490
3.0649881
5.0870008
33.5910110
94.9912872
147.9080200
190.4378204
190.2248688
121.1841431
61.6255608
39.1775627
41.8232346
47.0104294
33.9147034
31.8173275
29.5626240
34.6543388
27.2701626
15.5613327
9.6830034
4.4730940
5.4001441
10.1798277
13.8387661
8.2182379
2.1727047
0.4024397
0.1563286
0.2347853
0.2245888
0.2419604
0.4941536
0.5876359
0.4126956
0.2303019
0.1830600
0.2447631
0.2897201
0.3912899
3.4006021
23.4205513
75.1046753
152.1530151
216.4786835
215.0408783
137.7193604
74.9637985
55.0682335
45.8372612
40.4241905
39.2559357
83.6186600
83.4372406
29.7639675
8.5004234
13.4009857
34.7978363
59.1428757
66.7769928
58.3242874
43.4915466
27.6036587
10.9986649
2.5695133
1.1424415
1.2743914
8.6167593
48.1328163
99.0384674
135.9025574
147.8733215
137.6059570
90.5965271
44.7663460
25.0613251
20.1025620
18.6890125
12.0457201
6.9276376
6.3499699
3.4806843
2.6135066
1.3966498
0.6935548
2.5768759
6.7816911
11.2672052
11.3565807
5.6826825
2.0640986
1.8808217
2.6664157
3.6860862
3.6349044
2.7427580
2.4176731
1.9779075
1.4053276
0.7926439
0.4818227
4.1079884
21.6816368
53.2458420
78.8683243
79.1051941
52.6723404
26.9067554
20.2614613
24.3624630
56.9004059
105.3901672
122.5397491
110.5477524
78.5081482
66.4130249
43.0288124
19.1150208
22.3425465
74.9916000
164.1735229
190.2538757
133.3659210
78.7237320
30.8789787
9.7574730
5.6807990
3.6721251
8.1629286
42.3313293
73.5606613
81.0035934
78.8682861
54.1414452
44.9532471
47.2348289
44.2848587
36.0135574
31.9661331
19.7570629
8.6958427
1.9946246
1.6683404
33.1391220
90.6586227
123.7805786
97.9256134
53.3077927
24.7642441
26.4634514
34.1386261
26.6537476
23.2930317
16.6542416
11.2347593
19.8538990
42.5550880
55.0732956
48.1184006
34.0270157
20.4745884
12.7152901
8.5874338
20.5623646
45.9407806
47.6018639
33.6060410
22.5676842
19.6770020
23.4199314
17.4568615
17.0045719
24.1470928
33.3115158
45.7001038
48.6828156
36.9998589
25.3730965
13.0758667
25.4835110
25.0945110
18.3007298
32.3810692
31.3130932
26.7700806
27.7066021
42.6314888
69.9404755
79.7989883
47.1164246
9.1337452
0.6784977
0.3842541
1.6774023
11.9933386
16.8591881
4.5322814
0.8888831
0.1019973
0.0866649
0.1775568
1.3888637
22.9530506
67.4490738
96.9807816
87.0208817
63.5971756
58.6089630
58.0189209
39.0173759
46.1529274
90.2071609
87.0582504
76.8330460
59.7184067
37.6190491
34.6588287
17.9978924
2.8112466
4.6155796
13.6249180
17.3923416
16.5255032
37.5970535
91.3100891
147.6887970
177.8642883
182.6869507
187.0346527
173.3618622
135.7567596
87.7234192
46.1246681
32.7071037
29.2737579
24.0325031
21.5611382
13.9356766
8.4476204
22.4387913
53.8659706
83.2731857
85.3793945
64.5736160
58.7756882
56.1224098
55.6794777
35.9104309
29.2420635
44.7783203
62.8467178
49.3846321
30.0385208
22.6397934
23.6847687
23.7658997
12.9976349
28.8170357
69.2322464
102.1345825
109.8559418
107.1741257
96.5134811
77.6565170
77.7057495
78.5329666
70.0070419
44.2888260
33.1030540
24.1711769
22.9748383
14.4538155
14.3108406
10.2400665
4.9053726
3.1772640
4.8288369
2.5510080
0.3523500
0.4289148
2.4023819
6.1044302
7.4485393
6.7752380
5.4309869
3.7671547
2.5574577
2.2747049
1.9223182
1.6538835
0.9471375
0.5496340
0.3297610
0.2552873
0.5439156
2.2653251
6.5660801
24.3091469
85.6609039
171.5119934
223.4859772
219.7718811
194.8670044
165.7865753
133.1278229
125.3579941
103.6429138
90.9104156
57.4551888
23.8298950
18.9539127
12.7792549
31.2827148
79.3599396
116.0950165
123.1832581
103.0689316
68.0541458
65.1631851
75.2071991
72.9154892
74.5203400
134.1860657
132.6218872
98.5763779
51.2795296
11.4834261
1.6015252
0.2217769
1.1499631
20.9344845
71.8103943
95.8932953
86.5650482
71.0114746
62.8437119
42.5937538
24.8379917
52.5243111
103.6252213
128.9668274
87.5972519
51.1238365
52.1601562
60.5924110
54.5512428
28.0328369
10.3101654
6.5050755
3.1442778
1.6564977
17.6791630
51.2767410
61.1339722
44.9755135
29.0296574
24.7549133
22.8618069
20.9386711
44.2526474
80.8945236
122.6667328
160.8620605
159.3366852
104.5031052
69.1273499
54.9698219
47.5863914
32.1134682
8.1848097
7.0521750
9.0911484
9.7811613
11.2549000
20.1304188
37.6003151
61.6805649
75.2552338
66.9512939
54.4783669
41.9284973
40.7730560
12.4018250
6.1478581
1.8813534
6.8087034
92.9852295
245.5029144
362.8669434
339.0245056
208.9033813
104.4194946
47.9408951
42.7673950
23.6056519
18.4004478
18.2605991
6.1579618
5.8100128
9.0649929
19.0695763
43.5986176
60.3873711
61.2429810
56.9675407
51.0611191
48.1269608
66.5435486
96.5073776
99.6006851
86.7269897
73.6401672
68.2708588
76.5154266
44.3096886
6.6295185
4.5186286
31.6231480
97.8821869
153.4250336
144.5408783
103.4569397
45.4508362
39.3810806
39.7966347
39.5738144
43.4126434
81.0732956
182.7700043
292.4266663
330.2768250
284.6196594
217.3730927
163.7900085
122.0307770
66.3092575
23.0862236
4.3509359
3.9963529
11.3788033
25.7710915
32.9582481
29.8034477
21.8480263
14.1191168
9.3185072
6.4988165
10.5326977
50.5088463
160.3268433
409.4244385
682.2531738
764.4389038
630.1138306
401.7162476
228.6481323
83.0158691
34.7145691
31.4199600
23.5917606
15.2007465
16.5461674
16.3461494
7.7808762
2.7123897
6.3123531
44.7408562
135.1302185
225.4509735
268.6516113
228.7054596
116.5239716
54.0384140
51.9227676
112.1126480
214.9255676
239.7490387
239.8692474
259.3409729
244.6947784
183.0839844
131.0619812
113.0019226
103.9486237
82.3665695
55.1687088
36.1253777
20.0271244
5.1094217
1.9994780
1.9560214
1.1920960
1.5858793
2.5359616
2.5315113
0.8264949
0.4648733
0.6760916
0.6621408
3.1010213
31.5150356
97.1218491
163.2129669
174.3803558
105.4199982
37.6565247
8.6838121
1.8288664
3.5419033
24.7364273
62.2991333
72.6782227
53.1820793
21.8257637
6.0366273
19.4628773
42.3269463
70.0453873
76.1864319
62.4424744
38.9922523
18.8522434
24.1152134
81.2472382
142.2112732
152.3477936
137.8462830
148.5674286
156.3736267
138.4940796
91.4237823
77.5152054
113.1505661
152.4185638
142.8038635
139.5108032
159.0433960
222.9714966
192.3988953
104.4762955
36.4138680
0.9209947
0.9104850
1.4108634
0.3812575
0.1818716
0.3323391
2.8718336
7.2701259
8.1860275
4.5859060
2.8743224
2.3591299
1.8215005
1.5805520
0.3157275
0.2027611
0.2591580
0.3674639
0.4566589
0.3881906
0.2430141
0.4190029
0.6505135
0.8496857
0.5473210
0.1832118
0.0424091
0.0071815
0.0021361
0.0000000
0.0000000
0.0000000
0.0000000
0.0000000
0.0000000
0.0000000
0.0000000
0.0000000
0.0000000
0.0000000
0.0000000
0.0000000
0.0000000
0.0000000
0.0000000
0.0000000
0.0000000
0.0000000
0.0000000
0.0000000
0.0000000
0.0000000
0.0000000
0.0000000
0.0000000
0.0000000
0.0000000
0.0000000
0.0000000
0.0000000
0.0000000
0.0000000
0.0000000
0.0000000
0.0000000
0.0000000
0.0000000
0.0000000
0.0000000
0.0000000
0.0000000
0.0000000
0.0000000
0.0000000
0.0000000
0.0000000
0.0000000
0.0000000
0.0000000
0.0000000
0.0000000
0.0000000
0.0000000
0.0000000
0.0000000
0.0000000
0.0000000
0.0000000
0.0000000
0.0000000
0.0000000
0.0000000
0.0000000
0.0000000
0.0000000
0.0000000
0.0000000
0.0000000
0.0000000
0.0000000
0.0000000
0.0000000
0.0000000
0.0000000
0.0000000
0.0000000
0.0000000
0.0000000
0.0000000
0.0000000
0.0000000
0.0000000
0.0000000
0.0000000
0.0000000
0.0000000
0.0000000
0.0000000
0.0000000
0.0000000
0.0000000
0.0000000
0.0000000
0.0000000
0.0000000
0.0000000
0.0000000
0.0000000
0.0000000
0.0000000
0.0000000
0.0000000
0.0000000
0.0000000
0.0000000
0.0000000
0.0000000
0.0000000
0.0000000
0.0000000
0.0000000
0.0000000
0.0000000
0.0000000
0.0000000
0.0000000
0.0000000
0.0000000
0.0000000
0.0000000
0.0000000
0.0000000
0.0000000
0.0000000
0.0000000
0.0000000
0.0000000
0.0000000
0.0000000
0.0000000
0.0000000
0.0000000
0.0000000
0.0000000
0.0000000
0.0000000
0.0000000
0.0000000
0.0000000
0.0000000
0.0000000
0.0000000
0.0000000
0.0000000
0.0000000
0.0000000
0.0000000
0.0000000
0.0000000
0.0000000
0.0000000
0.0000000
0.0000000
0.0000000
0.0000000
0.0000000
0.0000000
0.0000000
0.0000000
0.0000000
0.0000000
0.0000000
0.0000000
0.0000000
0.0000000
0.0000000
0.0000000
0.0000000
0.0000000
0.0000000
0.0000000
0.0000000
0.0000000
0.0000000
0.0000000
0.0000000
0.0000000
0.0000000
0.0000000
0.0000000
0.0000000
0.0000000
0.0000000
0.0000000
0.0000000
0.0000000
0.0000000
0.0000000
0.0000000
0.0000000
0.0000000
0.0000000
0.0000000
0.0000000
0.0000000
0.0000000
0.0000000
0.0000000
0.0000000
0.0000000
0.0000000
0.0000000
0.0000000
0.0000000
0.0000000
0.0000000
0.0000000
0.0000000
0.0000000
0.0000000
0.0000000
0.0000000
0.0000000
0.0000000
0.0000000
0.0000000
0.0000000
0.0000000
0.0000000
0.0000000
0.0000000
0.0000000
0.0000000
0.0000000
0.0000000
0.0000000
0.0000000
0.0000000
0.0000000
0.0000000
0.0000000
0.0000000
0.0000000
0.0000000
0.0000000
0.0000000
0.0000000
0.0000000
0.0000000
0.0000000
0.0000000
0.0000000
0.0000000
0.0000000
0.0000000
0.0000000
0.0000000
0.0000000
0.0000000
0.0000000
0.0000000
0.0000000
0.0000000
0.0000000
0.0000000
0.0000000
0.0000000
0.0000000
0.0000000
0.0000000
0.0000000
0.0000000
0.0000000
0.0000000
0.0000000
0.0000000
0.0000000
0.0000000
0.0000000
0.0000000
0.0000000
0.0000000
0.0000000
0.0000000
0.0000000
0.0000000
0.0000000
0.0000000
0.0000000
0.0000000
0.0000000
0.0000000
0.0000000
0.0000000
0.0000000
0.0000000
0.0000000
0.0000000
0.0000000
0.0000000
0.0000000
0.0000000
0.0000000
0.0000000
0.0000000
0.0000000
0.0000000
0.0000000
0.0000000
0.0000000
0.0000000
0.0000000
0.0000000
0.0000000
0.0000000
0.0000000
0.0000000
0.0000000
0.0000000
0.0000000
0.0000000
0.0000000
0.0000000
0.0000000
0.0000000
0.0000000
0.0000000
0.0000000
0.0000000
0.0000000
0.0000000
0.0000000
0.0000000
0.0000000
0.0000000
0.0000000
0.0000000
0.0000000
0.0000000
0.0000000
0.0000000
0.0000000
0.0000000
0.0000000
0.0000000
0.0000000
0.0000000
0.0000000
0.0000000
0.0000000
0.0000000
0.0000000
0.0000000
0.0000000
0.0000000
0.0000000
0.0000000
0.0000000
0.0000000
0.0000000
0.0000000
0.0000000
0.0000000
0.0000000
0.0000000
0.0000000
0.0000000
0.0000000
0.0000000
0.0000000
0.0000000
0.0000000
0.0000000
0.0000000
0.0000000
0.0000000
0.0000000
0.0000000
0.0000000
0.0000000
0.0000000
0.0000000
0.0000000
0.0000000
0.0000000
0.0000000
0.0000000
0.0000000
0.0000000
0.0000000
0.0000000
0.0000000
0.0000000
0.0000000
0.0000000
0.0000000
0.0000000
0.0000000
0.0000000
0.0000000
0.0000000
0.0000000
0.0000000
0.0000000
0.0000000
0.0000000
0.0000000
0.0000000
0.0000000
0.0000000
0.0000000
0.0000000
0.0000000
0.0000000
0.0000000
0.0000000
0.0000000
0.0000000
0.0000000
0.0000000
0.0000000
0.0000000
0.0000000
0.0000000
0.0000000
0.0000000
0.0000000
0.0000000
0.0000000
0.0000000
0.0000000
0.0000000
0.0000000
0.0000000
0.0000000
0.0465958
0.4564091
1.2760828
1.9189997
2.0140538
1.6582034
1.2178445
1.4175278
2.0076866
2.1907659
1.4650121
0.5190774
0.2481948
1.3185043
5.5322695
11.5003672
15.7265749
17.0732384
16.9374485
17.1507378
20.2744102
33.6432686
73.5625839
121.3014297
123.6758652
88.4808655
89.3608246
134.6608276
199.3291321
201.3574066
174.8765411
144.9677429
113.1344910
85.8253784
63.8577461
40.1516914
20.0139389
8.8043413
1.8330597
0.4217545
1.3555710
20.0821438
53.1420288
56.6310463
41.7948875
34.9894409
52.4372597
63.3462868
41.3475456
16.1326408
11.0479460
22.1631126
60.1958351
114.0511627
131.0401611
88.3217239
29.6514759
4.5219870
0.2684820
0.4743725
9.4818363
33.5645027
58.1946983
76.8404922
91.0720673
101.6928177
122.7838898
124.8486328
91.3220520
43.8383408
17.5732918
24.6849232
28.2244148
26.4723778
27.9940128
33.6990013
40.9478760
48.0823097
55.8193016
65.0823517
78.2695160
79.0577240
61.7801285
40.3729172
51.5027580
85.1166534
73.0247269
37.6427574
16.0608463
8.9625568
8.4241962
13.1838169
25.0698738
61.6132774
97.4406433
107.4594269
109.3968048
112.3723984
146.6286163
155.4532471
153.1479492
163.2033539
151.8124084
95.4281006
35.5003853
8.8371143
5.6396174
2.7929778
0.4904286
0.2037310
0.3276828
0.6002308
1.7683994
4.8118372
9.7041245
11.7351894
6.9823174
1.9949580
1.2360573
1.2184011
1.1661923
1.0090098
0.9277022
0.8462845
0.5404485
0.2752240
0.1513120
0.5456418
7.2105174
33.2403870
85.5677948
139.9482117
156.0471039
125.7620544
83.6033249
51.4904251
21.7906284
28.6607857
45.9475708
49.1863327
52.7249565
116.2383804
217.3088837
237.9547729
170.8828888
95.6719131
54.1410637
27.9396439
13.5855246
17.3351917
24.7261963
32.5245552
76.0574799
149.5160065
190.4314270
150.2578430
94.8001480
79.5565948
135.5019836
174.1361389
143.6476288
90.1122208
44.3728065
53.4727478
78.9881287
64.0762863
28.2897987
15.0970001
6.5535126
9.0849857
26.3995895
51.1966667
56.9350281
55.9548264
53.1557312
47.5740013
41.3753777
36.1175232
32.8528671
28.4517555
25.1606159
22.9609222
25.0103130
27.4912720
47.0317612
47.6078262
47.3484993
44.5074158
28.4666500
9.6882210
1.1507945
3.0996335
20.8781700
47.1463509
39.4417534
13.4653797
2.0702696
2.1433325
8.5351725
22.4745598
47.5478516
69.6831284
75.6025848
77.2367172
74.6819382
75.4439316
94.3808136
117.9932327
105.0309067
76.1718597
42.1950417
23.3847160
25.3186646
15.1197300
10.2514420
8.5105896
8.8821278
8.4345360
4.8989143
1.6302326
1.1153221
1.6762563
3.6015258
5.3659987
5.0876584
4.4880552
4.2120395
3.4639912
2.1658733
0.8242613
0.4533123
0.2769827
0.2200550
0.2406353
0.3350636
0.4983672
2.7389169
9.2325468
16.9287605
38.3475418
94.0442581
153.6918640
158.5508575
113.9302521
69.1444778
61.3686218
43.7063828
19.0772114
17.4179688
11.3096638
10.1526642
43.0146255
89.6415329
105.9141541
104.6556931
97.9831009
79.0653000
41.9503059
7.0857425
4.0071440
31.6789494
82.3096619
133.0652618
142.5787048
116.7261963
74.6967239
31.5240746
5.1582932
0.8788746
0.2377954
0.5133414
2.1370118
3.7728257
2.7249105
1.2481658
1.5978444
3.2021554
5.2262330
7.6950750
10.1682758
12.0841646
12.7350025
18.8319893
54.5425301
122.0510559
184.5250549
219.1391907
216.0357056
180.6658173
118.8496857
39.4889755
23.0373726
11.9070816
0.7677310
1.7382895
4.6699300
4.1479087
1.0627594
9.3640404
69.8986664
174.7000885
248.0719910
230.8774109
147.1204224
105.5394440
95.7721786
83.4180450
84.2202606
140.0262299
131.3131714
106.3017197
89.0842133
74.0704117
52.9764137
32.2848969
27.5968742
34.1862526
62.6689568
97.8494644
109.0705109
101.0524445
89.8982239
77.5010529
88.2203903
76.1539307
61.3986549
105.6070938
173.6927338
212.4319916
194.9106445
174.3251953
141.7305298
102.0829010
76.2183762
76.8645401
130.5615082
138.9702148
112.8685684
66.7652130
34.0965538
10.5093737
10.7203569
14.2879410
28.3756313
100.6088028
171.5117493
190.9528198
175.2618408
162.5875854
159.8158569
120.6330032
53.5215073
23.0153618
6.4141698
4.1248808
31.1184368
150.3583832
267.4598083
264.7021484
158.5778656
54.1748886
33.9739189
38.0519600
22.2390060
18.1135979
52.3286362
104.2389450
123.0232697
119.7117310
123.4838867
89.2772141
33.8112030
12.6655273
14.7152452
46.7646561
99.2691498
85.4693832
40.7457428
26.3140831
11.8823366
6.3456297
3.6148257
25.1183472
113.2855606
192.6176300
205.2083130
139.2485962
68.1824036
26.3465424
16.6201077
59.3265152
75.6426926
87.1127014
115.1413193
111.9715118
74.8792496
36.4461784
19.8725300
6.8515563
3.5588529
11.7358522
61.7531128
123.8822556
134.6182404
101.9941559
67.4175186
56.7079735
45.0851021
9.9728498
3.1097455
1.7670567
6.8328476
37.1425285
78.5215988
97.9777603
87.6525497
65.1728821
81.6144104
106.2640915
85.1089554
34.4487076
22.2901917
21.7861118
26.6142273
33.1989021
31.3108826
30.5542431
50.5320091
80.0563354
91.9533539
68.8017502
38.1711693
17.7821732
10.9933157
19.4539719
34.5024719
34.9433784
21.5000305
10.7311373
6.3803353
2.9378092
3.6336091
1.9804525
29.9769955
110.2082138
181.1512146
172.6658783
114.8381958
81.4848022
60.5646172
25.6240253
2.0508742
0.2645041
0.1832675
0.1058715
0.5559642
35.9079018
134.4327393
242.0816803
268.3435974
190.1207123
141.9488678
139.6510315
162.9371490
161.7962341
137.3492432
105.3760757
91.8564911
68.2505722
45.0744781
39.8043518
34.5403976
19.4745903
13.4934349
11.2144518
9.7787981
16.3254948
13.7692127
10.6683712
9.2360306
9.0821247
18.5967445
34.1762581
39.7286873
38.0345497
38.6741562
48.0711975
59.5470238
65.5689240
62.0680008
54.6487732
50.8104706
60.1827927
100.1490707
167.3136444
255.4819031
316.8233032
324.5159607
292.4274292
214.8831787
191.7551575
176.3641815
182.7564697
229.3865967
243.7705078
182.2344513
110.4900970
29.3679008
91.6081161
123.2860184
205.0543060
204.8355103
176.4114990
146.8876953
94.8249207
22.9022903
7.9738884
14.3418665
20.7379494
18.8292751
33.2004089
97.4953690
172.6215210
178.0413971
106.9108276
37.7985039
16.5547886
13.6201849
14.5996037
11.9390879
11.7802658
51.0046768
138.6328430
201.0711975
167.6003113
83.0247726
41.2707214
22.9003525
20.8162098
28.0726528
17.5723724
6.5316901
4.9232078
8.9649773
15.8467693
10.2499924
2.7730472
1.5723387
2.6480417
7.1989622
7.8633952
4.3015099
2.0348458
4.6371822
10.4093857
13.8238306
12.7085953
8.9885235
4.7428036
2.0550389
1.5968220
3.5556614
6.2252436
7.2197142
7.7997208
8.6270266
9.3239384
8.9276009
8.5628576
8.3599529
8.6005907
8.8893147
6.2790427
2.3761706
1.1013685
4.0950270
40.0631714
128.0941925
224.7081757
292.8062744
277.3002014
193.6007690
104.4813538
83.0942841
70.6730270
36.5027199
17.7988720
4.4937253
17.5317364
57.3558273
93.7555161
84.2411957
44.6328392
16.0482750
4.2595496
2.5817494
1.3998305
1.8039556
10.0229321
25.8282509
29.0150394
22.0615311
13.1130676
10.8585873
11.5149965
12.4054289
19.7965527
14.0826263
7.7977352
4.4662628
0.5684130
0.1518431
2.2134771
36.2633018
87.9237671
116.2562027
104.0335236
70.1395569
38.9075966
24.7987499
26.6436977
31.7819214
18.3081760
3.0427675
0.9278882
0.7745900
2.4889102
5.1216450
5.3579283
3.3844819
2.0501029
1.3382654
1.2551144
1.4338108
0.8959204
0.4296392
0.5415663
1.1496748
3.1916521
9.1778517
16.8280773
22.4113140
24.1492195
21.8928604
23.6057796
39.4506493
69.2067490
87.0181274
90.7932129
93.8558121
106.1860504
126.2597275
141.3921661
135.5876770
124.5813217
134.9775085
155.8683929
157.9805756
141.8432617
139.6029358
128.1018982
104.4226837
70.7297211
37.9707756
31.2605228
32.0048027
23.8463135
22.5467281
39.8484573
71.9962158
88.9028549
81.3487244
54.5216446
29.9511738
39.1080894
60.3819427
39.0966339
16.8534451
68.6661835
60.9753647
37.3754959
16.5483551
10.0162296
13.9594975
16.9928303
26.5400105
47.3573151
63.1069870
65.6667023
62.0516396
54.4829254
47.5198593
60.9147224
81.3429489
83.3967133
83.6640549
68.7574081
57.6250992
57.3174553
59.6300621
60.1008987
52.8998413
40.5579414
25.8919353
12.2917328
5.5006495
15.1025496
20.4517498
37.6351128
40.6988258
30.9276390
27.2816963
28.4162140
42.9753647
25.5583229
18.1579609
32.1652489
87.2018890
112.5832596
91.3975906
57.7784576
17.4613228
34.9104080
38.5549545
42.3247795
39.3951607
31.8832855
31.1663265
33.6356163
35.7951660
64.9498291
130.5630646
178.8152466
150.6802673
93.5973892
74.4293442
77.6204758
82.6352234
63.0187416
56.9482193
56.4349861
57.0881195
49.3742027
34.6237640
25.1064243
11.8178511
4.1001716
2.2088051
1.1393808
0.5398746
0.2065085
1.2649596
28.2511253
85.0900192
142.5038910
163.3638611
127.1713409
60.3112373
7.1036425
2.5595791
6.0162158
44.8207550
135.4915314
221.8508453
244.7228546
190.0435181
112.3720245
62.8532333
38.9989624
84.6446381
59.9642715
42.6214523
24.9516640
4.6393743
0.9700393
0.7751230
22.6155338
101.2611008
162.0075531
165.5818939
120.7243500
77.5573807
68.9500275
55.4733276
39.0829468
43.8666458
53.2565117
58.5568733
72.2422791
92.7415619
107.6668777
111.7222748
97.0219116
93.1984100
77.2438736
62.8061981
105.4873199
191.1882629
159.2907562
80.2869186
26.6538010
9.6554270
5.8075619
2.1234879
0.9190459
0.4302259
0.6450137
1.7651470
3.8661597
4.7203555
4.7565784
4.2313166
2.9939315
1.9875027
1.3727077
1.4241912
1.8306389
2.7090538
3.2932479
2.1530964
0.5355479
0.2432100
0.7392632
1.6190437
1.6882794
10.2111702
75.7854843
223.2356110
337.1549683
289.2970886
143.2484894
74.3992386
27.3707428
56.0930824
77.3572159
49.7904015
11.9765377
1.5683423
12.1504898
46.7912216
112.5081024
163.3035736
176.9765167
146.3021240
93.0478668
40.8811684
20.2734852
4.8807039
12.7486115
23.4039421
28.8248367
59.8731194
68.4340439
58.5571175
41.4761696
29.4474335
11.3149700
8.2833529
9.9859562
36.2421913
132.1146240
215.5672607
217.2145691
137.5698395
61.1244392
25.4765205
28.7661533
44.0519791
29.5551128
19.1572285
14.6771021
18.5910568
19.9137974
15.6535540
15.4078121
22.0277615
25.1174564
20.9583645
23.4578705
20.8875065
14.5152340
10.9081268
10.2854614
17.0598774
38.8264771
76.9490662
98.5843506
79.6378326
43.6128311
18.4296818
6.4617786
2.2281554
15.8162069
36.0266380
43.0122833
39.0417709
43.5249062
38.8680649
24.8602448
10.0771036
13.7924623
31.8558731
45.1118927
41.2649574
26.2193089
12.1177483
7.2594643
3.2854781
2.2118225
9.4611988
28.7203102
57.4960175
81.8104324
89.6768723
61.4269562
21.3105507
7.2430935
3.5134902
2.0621967
0.8998060
6.8831902
42.0630074
94.1299210
109.8710861
68.9758072
19.7245579
5.6859355
2.9350777
2.4715509
9.6289539
36.2014999
62.9804878
62.5705185
37.9909859
26.0197849
15.6035480
10.3669882
7.1559134
4.4609241
2.1905048
1.4514356
5.0967054
25.2157860
48.3757362
60.5545235
48.9688225
28.7854462
14.1001282
7.6437221
5.5951891
2.2684250
1.0222983
1.1719382
1.4923460
5.2606583
16.5996151
45.9872971
83.9907990
108.7302551
141.2033234
203.6412048
230.6785736
168.5076447
54.0568771
3.6699617
0.6733739
1.6342894
8.9127655
21.1419373
20.1090164
23.3650379
41.8460426
57.5842247
60.3840637
48.7017860
32.6810532
8.8952932
29.9622440
25.6401711
16.4435730
15.1064920
11.1230831
5.2419319
3.2634933
2.3944170
3.2875800
7.2983856
12.9825792
15.1187668
12.3925629
8.5358257
5.0272179
4.0894647
4.6846104
4.1717420
2.3962283
7.1539207
26.9330540
58.7355194
76.4746017
63.2091064
32.7917366
19.2171078
16.5744495
12.2294102
19.9482517
22.2732735
13.8599072
5.7890453
3.6597238
18.2373810
57.7615929
88.8492508
76.2685928
32.4108353
6.8081307
3.4283686
4.6444173
19.8720608
29.7077370
21.2531319
9.8010464
6.3564367
2.5357552
0.3291964
0.0994964
2.5043273
23.0272961
54.9178085
70.9983749
66.0444946
66.1006699
76.3852310
77.1677856
50.0540085
19.4141693
5.6883917
3.6891711
3.6357880
5.4208207
8.6040154
11.2406816
10.0324411
8.1377954
7.2988358
5.6209741
10.1631804
8.8527193
17.4840031
44.1217270
59.3248138
46.7152443
25.9571171
16.7854347
13.1234941
6.9451499
2.8824813
1.3395846
0.5905705
4.6935701
35.1352768
60.3427811
57.2327003
32.9154396
20.7685051
17.7276554
27.2845078
33.1926041
35.3762817
32.0798035
27.0566807
25.3929501
28.5917358
49.6506691
104.8762207
158.4676819
157.8213501
104.6594849
73.4813843
51.7608070
62.9764748
81.0539856
39.2783699
19.5792484
5.8452187
3.3861704
18.0801716
42.2753944
57.9223099
59.4270020
49.0913544
36.4890976
24.4880772
19.0560589
14.8033676
19.8047409
20.0731754
21.2627010
17.2147732
8.6509018
17.7820644
44.0630379
70.3674011
55.7190704
29.5757885
28.6601639
41.5175514
60.2830238
57.8530464
27.1249313
12.6044960
9.0537233
1.4162102
6.0477028
43.7873192
129.0733490
201.8468323
198.9375305
103.2786789
24.8587570
8.3823071
2.5374720
0.7851658
25.0513039
68.4033432
77.6398163
53.9005013
26.3807068
19.4321175
16.3915272
14.5179558
21.1307678
74.6580505
133.2112732
150.9829712
113.3333511
70.2453766
31.1334076
14.5701914
3.7557161
0.9564888
0.4366326
1.7002333
23.7586212
46.6420021
52.4325027
43.0667458
28.4210873
15.0464687
6.6718454
0.7295265
7.2179084
44.1607666
113.1058960
158.1906281
141.4508362
97.3200226
60.1938400
26.1033115
19.7473888
39.6890869
54.9335289
87.2931137
123.9941406
103.7757492
70.3915558
48.3494530
38.9014969
35.4085312
28.3336258
19.7654514
4.9699364
8.7964115
28.8923817
83.6508636
118.5476456
104.1592560
52.0425301
14.7476130
8.9935503
13.9654121
23.8173370
19.8489361
10.8865223
12.8123140
13.9588509
3.8266983
1.0381842
36.9605942
161.4356689
283.3015747
288.7517395
189.8020935
119.1351929
81.1429291
40.3475304
10.6603432
2.6563935
1.5436115
1.6450835
0.8406343
0.7986057
0.9634649
1.0276289
0.5712193
0.4211735
0.5117412
0.6399416
0.7609339
0.7400126
1.1269430
1.6881716
1.4992344
1.1391032
10.1785946
39.3841743
84.1739197
150.7936707
230.8241577
284.6411133
277.1118164
216.6345520
140.5157776
111.6357803
191.5571136
115.5472488
75.7725525
51.4401855
39.9011421
130.5167389
213.7062988
170.9601898
115.4062958
142.7176514
131.4557190
89.6430817
49.0064240
24.1323299
13.0797520
8.8280602
8.7946968
7.7520151
7.1115532
12.1654148
42.6563187
63.4973755
60.3832932
49.1651039
27.4970016
10.2258167
0.6123896
1.5966120
12.0539618
41.6436005
68.3499298
82.4775009
82.9908447
75.4730606
83.5095291
101.3716736
124.2210693
124.2938690
141.4535065
189.7429504
173.5130005
145.2617798
132.6284485
115.2647247
94.4573669
59.1726494
25.4443092
18.6083317
15.8027010
11.7443027
11.9018641
8.3231144
3.8143823
1.4056649
0.4049819
0.5118641
0.9741873
1.4357748
1.5094854
1.4422957
1.3923323
1.3266978
1.1468291
0.9615375
0.7434167
0.5843310
0.3947297
0.1970684
0.0710847
0.0065966
0.0005630
0.0000000
0.0000000
0.0000000
0.0000000
0.0000000
0.0000000
0.0000000
0.0000000
0.0000000
0.0000000
0.0000000
0.0000000
0.0000000
0.0000000
0.0000000
0.0000000
0.0000000
0.0000000
0.0000000
0.0000000
0.0000000
0.0000000
0.0000000
0.0000000
0.0000000
0.0000000
0.0000000
0.0000000
0.0000000
0.0000000
0.0000000
0.0000000
0.0000000
0.0000000
0.0000000
0.0000000
0.0000000
0.0000000
0.0000000
0.0000000
0.0000000
0.0000000
0.0000000
0.0000000
0.0000000
0.0000000
0.0000000
0.0000000
0.0000000
0.0000000
0.0000000
0.0000000
0.0000000
0.0000000
0.0000000
0.0000000
0.0000000
0.0000000
0.0000000
0.0000000
0.0000000
0.0000000
0.0000000
0.0000000
0.0000000
0.0000000
0.0000000
0.0000000
0.0000000
0.0000000
0.0000000
0.0000000
0.0000000
0.0000000
0.0000000
0.0000000
0.0000000
0.0000000
0.0000000
0.0000000
0.0000000
0.0000000
0.0000000
0.0000000
0.0000000
0.0000000
0.0000000
0.0000000
0.0000000
0.0000000
0.0000000
0.0000000
0.0000000
0.0000000
0.0000000
0.0000000
0.0000000
0.0000000
0.0000000
0.0000000
0.0000000
0.0000000
0.0000000
0.0000000
0.0000000
0.0000000
0.0000000
0.0000000
0.0000000
0.0000000
0.0000000
0.0000000
0.0000000
0.0000000
0.0000000
0.0000000
0.0000000
0.0000000
0.0000000
0.0000000
0.0000000
0.0000000
0.0000000
0.0000000
0.0000000
0.0000000
0.0000000
0.0000000
0.0000000
0.0000000
0.0000000
0.0000000
0.0000000
0.0000000
0.0000000
0.0000000
0.0000000
0.0000000
0.0000000
0.0000000
0.0000000
0.0000000
0.0000000
0.0000000
0.0000000
0.0000000
0.0000000
0.0000000
0.0000000
0.0000000
0.0000000
0.0000000
0.0000000
0.0000000
0.0000000
0.0000000
0.0000000
0.0000000
0.0000000
0.0000000
0.0000000
0.0000000
0.0000000
0.0000000
0.0000000
0.0000000
0.0000000
0.0000000
0.0000000
0.0000000
0.0000000
0.0000000
0.0000000
0.0000000
0.0000000
0.0000000
0.0000000
0.0000000
0.0000000
0.0000000
0.0000000
0.0000000
0.0000000
0.0000000
0.0000000
0.0000000
0.0000000
0.0000000
0.0000000
0.0000000
0.0000000
0.0000000
0.0000000
0.0000000
0.0000000
0.0000000
0.0000000
0.0000000
0.0006062
0.0717387
0.2938917
0.6212065
0.8474013
0.7425462
0.4238558
0.1907162
0.1726795
0.2364535
0.4106527
0.5340960
0.4184301
0.2839376
0.2714161
0.3247244
0.5714031
1.1975739
1.3004885
0.6170765
0.2206827
0.3603347
1.1343353
2.2544808
1.7082703
0.2248163
0.2366826
0.2771909
0.2580093
0.2853659
0.2472595
0.3098816
0.4065676
7.0834093
61.8411560
160.3985443
213.1010284
164.5828857
74.0173340
42.7439270
30.7379780
30.8926182
24.1799660
18.3848495
37.8081131
70.5565948
87.4537354
79.7824936
62.1728516
76.7671509
134.2535858
214.7104645
241.2157593
174.7273102
100.3560791
54.8298264
89.2437820
70.9782562
20.5141296
11.0045614
13.5612087
22.3666592
34.7277184
52.4616165
81.7607880
106.9058075
117.5771637
128.8999939
132.1987152
127.0713730
102.5325089
77.8040314
73.4447632
56.6752930
27.7541981
21.9011765
22.2365913
20.5022278
13.9050398
5.6082563
17.7250614
66.4125748
114.3460541
138.6215210
171.3736267
211.9015808
205.1461182
120.3072052
32.9319725
5.9078121
5.5725551
4.1968708
6.7726851
36.8532257
74.1868820
78.8088837
64.3991852
75.0232086
104.1750946
99.5377579
49.5976295
9.8432550
1.2659838
0.4252687
2.8364286
6.2272816
3.0349557
0.9972669
2.4462173
6.3681526
9.9760580
9.7039299
7.5075731
5.6660962
4.3430309
2.9551916
1.8937522
1.0051749
0.4974589
0.3205199
2.5008976
9.0017977
16.2437496
18.4500275
19.0894623
45.4594269
112.2077713
170.8352966
175.0631866
140.6654358
127.8765945
120.3973999
124.0230713
134.3584290
98.2093811
36.9579849
15.5833473
17.7851963
24.6715317
20.7525101
7.1436110
1.8735944
18.6190205
62.2814178
93.3354950
77.6714325
27.3209858
10.3818521
15.8740149
45.1463852
109.3751831
172.5425873
174.5432739
116.0200272
73.6317062
75.9203796
129.5680695
160.6662598
203.9834900
206.3010712
156.0061188
87.3630295
27.3992672
3.6543698
11.5132465
28.2149734
44.9605217
53.7959480
77.9233932
103.2018814
101.7281952
72.0605545
49.8377457
36.1234245
24.3387222
17.6752815
16.8025627
18.8198147
18.2637348
12.4902115
7.6619987
5.9054208
7.7711954
13.8311167
31.8962898
70.6569366
104.3076706
96.3688049
57.5582657
27.7041397
35.0987015
89.8678284
131.9083405
105.8333588
39.5543518
11.8850670
4.4190965
0.4012451
15.5825014
69.7831421
128.7947083
170.1116943
181.9337463
161.3226624
115.1369705
75.0241318
37.5301399
8.9100800
1.8940752
1.0058413
4.6024232
63.1841507
149.9281464
169.4617157
118.7470169
73.2300568
61.6976318
84.3851852
172.5146637
214.2876434
228.2801361
179.6649475
108.8142471
58.7301598
50.8471603
37.4666367
24.0404510
16.9471397
13.8493061
16.3650379
28.2669582
51.2890663
63.0850334
59.2731400
47.2413750
32.6803436
20.6921005
14.1259193
10.8971720
27.0542984
92.1829453
144.4376526
146.2783813
139.0443268
159.3272705
214.2429962
243.6493530
232.2880554
172.6399384
101.6667023
35.0676842
36.5474586
33.7900391
21.1457691
23.9947491
45.1090698
66.5198441
65.0887146
37.9431229
14.6446228
23.7860794
48.2012939
60.2545624
51.7195930
36.6430016
37.8523712
30.3263416
17.3607845
55.5349159
60.1165619
49.2990913
45.4825211
47.9655533
24.6509666
2.9619095
2.4964805
10.2361126
21.1229362
19.1542835
13.0409908
7.3541307
6.4080529
9.0987988
8.7798080
4.1493011
1.0917587
0.4700910
7.2939095
35.3067360
77.4786987
109.1169128
119.9865646
119.2846298
119.6243744
122.5433655
137.7288513
141.5053253
118.6904221
81.5330811
42.9627495
35.4810905
25.5560951
23.7249451
28.8163643
28.2828979
31.7939243
56.6003799
82.5847855
107.0180435
140.6997070
151.1397705
117.7963867
77.6371078
43.3130035
32.4780846
30.9276371
64.0333939
99.9160385
111.4976044
91.8747330
65.6847610
41.7884636
36.3062019
64.8755493
92.3695755
93.2717133
67.3217926
22.2021618
11.1440020
11.0476856
12.5358515
9.3617287
10.6295319
31.4806786
64.7566605
104.2812729
117.3294678
92.5331802
58.6754456
33.7856636
25.7360325
58.8489609
80.9491653
78.4156189
51.7653542
19.4534988
7.1228466
8.1731796
10.7989883
38.1124535
68.3851318
62.0996590
49.1930542
59.7167130
79.7434387
80.6280365
53.8217583
15.7377338
4.2365642
0.5162382
1.6311752
8.3215618
24.7136707
52.0988007
82.5987930
135.5216827
187.4564972
161.6694336
96.0400848
50.7652283
47.7418365
75.7671280
64.4713440
60.6709900
128.2503052
183.8147278
131.2714539
33.8836746
3.4007740
1.2905731
3.8151884
5.2035775
1.9098207
1.9211068
4.8475523
8.7570143
8.5892715
5.8428898
4.0648642
3.4810882
3.1625342
2.6368244
1.5010592
4.1490617
21.0784130
50.9795494
85.8857269
106.1477051
85.7373734
50.2149200
24.3715096
15.9024248
7.7462549
7.5499468
16.4410381
21.1768665
21.2469254
21.1107464
55.7514763
135.9783936
194.1922302
164.5090332
95.3186646
59.1478119
81.6462936
121.4496155
129.5614014
97.0040817
67.4637070
56.5562248
52.4535904
42.6594620
34.4494286
26.2334118
13.7966022
5.6534500
3.4363689
1.8946131
0.7614474
15.5637779
86.6590042
199.2479553
286.6691589
283.6305847
200.8106537
115.5157471
75.3301773
51.7202721
37.5690613
48.3421745
19.2701187
2.3167505
3.0612411
17.1227989
43.4883080
57.5453186
46.3740540
33.1365509
30.1827946
36.2681656
45.6910324
57.1056213
92.7165222
129.5447998
159.2023163
141.8242645
106.1704712
84.0546799
95.9989624
180.4721527
159.5217590
113.9544678
133.1267548
168.0069885
95.0557632
41.0938072
91.3596497
143.0865021
171.0861969
174.0889587
129.6386566
83.1924438
172.0755768
155.0680847
118.6276398
167.6551666
210.2836609
128.2457275
55.7735329
13.2472439
0.9015797
1.4852566
18.4600277
126.8859940
188.4718170
154.5557556
79.9053345
30.3833141
12.1999273
4.8024607
4.9622321
11.7556515
32.0937691
43.6005440
35.4312401
20.5839272
9.2263498
6.5323243
13.9105968
24.6089306
33.5016479
23.1650028
10.3926105
4.0664444
0.7098111
0.4071990
5.8812575
19.1196632
33.8656883
50.1475639
60.3500137
66.6572952
79.4344406
88.7020950
87.6043167
104.0746994
138.6645050
174.3628082
215.9482117
231.3742065
179.4133911
69.7575226
14.7058315
8.4701662
4.0020895
2.9994464
5.6118250
38.2400131
108.2273407
178.2251434
188.6811371
132.2930603
94.6984253
78.0432053
42.8951797
7.9379101
0.5782291
0.1376747
0.0759270
0.5180852
3.7089510
9.6415491
17.1909866
27.5220890
38.1402130
48.4009132
56.4071121
61.2928734
71.7283096
95.7699890
110.0820236
92.9424896
57.0291901
22.2800961
48.1257896
42.7165756
26.7927437
10.7631998
38.2842712
52.7128830
51.2222519
37.0625763
20.0298729
11.8643942
21.0940857
54.0825615
97.1711960
98.7067719
57.9456520
51.1865616
52.8452072
34.3662338
22.1282158
24.0185509
60.9930687
127.9885864
170.6742401
138.5695496
82.7588959
48.3059845
64.2845306
104.2589417
139.7754364
104.6063232
64.6216125
109.1992035
114.0213394
69.5225525
48.4005699
149.6628876
141.8097992
72.1707306
97.9212341
148.7268677
104.9903946
56.9070091
17.8141060
5.5502977
4.0000162
13.7281036
28.8423328
37.0648117
29.2916451
17.1152992
11.7020493
9.4590187
10.6727571
16.4004650
23.9622765
26.5185184
17.5329266
6.3234663
4.6323595
30.9648323
116.3654938
188.5997314
164.7407074
73.9347610
18.6369019
10.2540779
6.8202648
5.7026849
4.9865727
26.2430344
58.7734718
69.8190689
41.2365456
6.2135711
5.3794503
7.9564152
43.0505600
113.5908661
133.6340332
86.6497803
26.7754784
10.8881598
7.3555708
8.0421906
48.2727089
69.9223785
44.0419769
17.9122047
18.2972374
15.2322960
10.7440634
9.5789270
28.8837700
67.2264709
90.3240585
102.4428864
125.9786072
125.4196854
103.9124756
64.8516312
143.1038666
198.1141510
130.4337006
39.1475372
8.2152328
4.4033308
2.4578824
5.9638710
56.4222794
143.9991455
196.9706116
167.5248413
96.9355698
69.0861435
32.6331329
54.2848740
69.4266129
26.7599163
7.6538959
13.0002251
17.9008617
15.9235001
14.1538601
18.4495659
37.2145882
53.1315765
56.1222649
69.1215973
86.3338013
97.4275131
85.4310074
56.2965126
43.3382988
29.0943909
39.1831131
73.6334763
98.6738586
70.4750900
25.3310318
7.6868119
2.2210159
12.5934782
54.1695480
76.5483017
57.5434875
28.0573063
9.3168335
5.9555941
9.9510479
13.7175999
20.8957520
33.8312874
54.8101540
80.3767395
91.4231720
89.0607376
74.9747925
79.2854004
78.5831757
71.8116760
67.7105255
55.4527664
34.5995674
28.1945038
75.6960449
151.3005066
186.9714966
127.3251648
82.6782303
38.7707024
12.7887936
5.6557479
6.9775295
11.6975183
28.2606564
52.6460953
74.9201355
73.9869232
52.1647568
33.2713547
15.5732098
12.0909376
2.0698583
5.7238374
24.2151222
44.9311981
48.9151688
40.8568954
42.8778572
54.0581703
77.4576111
96.3578110
90.0907440
55.5862122
34.6669350
19.2132874
6.8486114
15.9535627
34.3304977
34.6889496
19.7101536
31.9993992
100.0235291
179.7149353
209.6812897
184.1100006
140.8361206
92.0938797
41.7304649
12.1339207
5.5170498
4.9865298
15.8821106
47.1962624
68.2036743
64.7775879
45.5858803
32.4814644
21.4211082
27.1344872
32.7759705
31.2313786
30.9696960
39.0986862
42.5387535
31.9912415
12.7426796
1.4001117
0.6249851
2.2373695
17.1632938
45.9104919
47.5449066
34.3146858
20.2735996
14.4470348
5.0606570
0.5715736
0.4547449
0.5994636
0.3826388
0.2262793
1.0192744
3.6587892
9.7692108
17.3687382
21.9334984
25.8685455
32.1480408
43.7844658
55.5883560
56.0832443
46.0018082
36.8150635
25.9221306
16.9945107
18.1168346
24.6246338
26.4192944
24.6961212
24.0190811
20.9609222
18.1186695
13.7624302
19.2226486
38.6219368
40.4350891
31.6948738
22.4075699
25.5129108
47.2257576
72.0838013
84.8904800
114.5006256
153.0763092
140.8216553
40.3908615
7.9912963
7.6262579
22.6999531
54.3720665
69.5002518
55.3087006
44.9920731
63.4067116
95.0635223
91.6307144
69.7462082
40.8249245
32.9837379
35.1328812
72.7492447
142.0061646
150.2675323
131.8886261
122.1696167
108.7690582
94.0308380
91.8332291
46.2298126
13.2511940
8.1076250
5.6366291
15.1666574
41.6545105
66.7590179
69.0682907
68.1188431
78.6093979
97.9629898
133.3318634
182.4000397
177.0370483
137.0612793
70.0994415
62.0133247
65.7848282
34.3309860
35.1685486
133.5785370
129.6803436
67.3186874
21.3286076
15.3992338
9.1002855
5.8983355
5.2521763
4.1623645
4.0075707
3.1084776
6.2169290
14.5799389
27.5224819
34.4577827
31.0217667
22.0940056
14.9175358
10.3505716
6.9049082
4.0421510
3.0792921
1.7954051
3.1982043
23.1632977
62.1727295
86.9601288
79.2291870
51.7947235
27.0525589
17.6532841
10.3648682
14.9967442
31.0877647
44.1428032
41.3390961
35.3061180
42.0078697
56.2651062
53.9701805
34.6918106
29.4729729
36.8719101
37.9530716
19.6951065
6.8472929
6.4220314
8.8569059
12.3465252
29.2339535
71.8849640
116.3530807
124.2039032
86.9211197
59.7068863
32.3424644
78.8201294
114.4395294
87.1275330
55.2632370
33.6105042
21.5120277
19.1527214
76.4128265
171.7376862
257.7669983
297.3657837
260.0752563
160.9423065
63.7490807
12.2007446
1.7670407
0.2178891
1.7898461
43.5079689
78.5215225
74.4143295
46.7509003
15.5113802
7.1143818
8.3479939
15.0149040
22.8351154
51.0787582
58.6163330
42.3969078
17.4898319
11.0125313
6.3636112
14.3858261
50.5437546
83.4281006
90.6350861
83.3957138
70.3149033
52.3441010
82.3407974
125.2970886
135.5747681
100.0262070
40.0824852
9.4612665
6.0432706
26.5075741
105.3812027
135.0615997
112.5088654
98.7155151
140.6801453
180.7021637
143.5675201
71.8704071
10.8929987
8.2487049
1.6381249
1.3092287
6.4849734
15.9207239
21.4746227
22.3628578
20.8450260
17.3926315
12.6829710
13.1588402
11.7270803
6.9775801
4.7963700
14.1218967
41.1856422
96.5750046
160.2823181
204.2244873
175.4629364
89.5652237
41.2833214
23.4046211
20.9964333
32.3684616
84.7288666
130.1230469
129.4337006
106.6501999
82.0647736
29.4582767
5.9984851
0.3122192
1.3875265
34.3150444
169.3960266
282.9106750
275.7929077
168.9070587
105.8117371
81.2335129
35.2676582
7.8810043
17.4198990
55.8243179
80.0448074
63.6342239
32.8002510
28.6399841
19.1972427
11.9373703
10.5748596
19.7531662
56.9182167
69.7615280
61.7381210
55.0058022
47.8275795
33.1761322
17.2980080
6.1314645
1.3457754
3.9313993
12.4054289
12.6466475
3.4209890
0.3027958
13.5714493
67.5355072
137.4725037
173.1791077
143.4155731
97.1982574
47.4416809
18.3619022
7.8170652
1.0888085
8.8706818
28.8372192
46.9178314
38.8730202
21.6681862
7.8129749
3.4101210
2.8299861
3.1528814
3.1388373
3.6259356
3.6525550
5.6031356
16.4861965
45.8380661
92.0872116
132.7501373
137.4389191
115.0872192
103.8152618
111.6993942
139.2510834
106.8831940
62.8533173
31.4351387
22.6603546
26.8580723
24.5928669
21.4819469
11.8624029
14.8366165
18.3881092
30.4196434
63.2620583
85.4084167
79.0198517
50.3465080
23.7976418
6.3498578
1.3570266
1.6314257
17.9996872
54.6176910
79.1389923
65.4072800
25.3559704
4.2437501
2.7983735
20.2993336
67.5274506
107.6233749
96.2518692
53.6914558
20.5458412
17.4747601
18.7119541
15.5692101
10.4707260
4.8572588
1.4768999
0.6916526
0.7782208
3.9037571
22.1047421
51.4039650
74.6886826
86.1991119
79.6859589
58.6249199
29.8361340
8.0723314
4.4154387
3.4825611
3.8134542
13.6969070
28.8700809
33.0668411
27.6264191
24.9227638
24.2761478
19.4559860
15.3980646
16.4676304
15.7815590
14.7693844
11.7939291
10.1776123
5.3013563
1.5094934
4.0702400
3.0908279
2.4583285
2.3556554
2.7372913
3.3276796
4.8907628
6.4370136
7.3097534
17.0535145
70.5530090
149.0659332
186.7561493
177.0386505
177.5429688
254.9421082
270.8307800
185.8208771
88.1622772
26.2462502
22.2722492
29.6114750
45.5077858
64.5437775
76.1490402
55.2070160
18.2065411
9.1701889
2.7791910
7.5563798
67.1162720
202.3661652
286.6210632
237.8508148
177.1769104
160.9478607
192.1116180
104.9936142
44.5920105
18.4656067
8.0801954
5.3942995
10.6073895
15.7371902
14.2608662
10.7452116
8.4746542
12.6279812
31.3896599
49.8866119
49.3076019
41.7059250
36.0149727
36.9819794
48.3834763
81.6295166
105.3613434
84.4527588
45.4318314
27.4338036
6.1344800
0.9120548
0.3114947
2.3420348
10.9932919
16.8662434
17.4958706
15.6553764
13.5258474
10.6692448
8.2767525
8.1130934
9.1370516
10.2169151
9.8882256
9.4024906
5.9546618
5.2646861
22.7363262
77.2327499
152.8436584
208.9063568
190.3169861
98.0660172
18.4100533
5.2639036
3.0224833
12.7924557
74.3986359
122.6750870
120.1163940
99.2824249
90.6928177
58.7338448
33.9027481
28.2604713
27.5637112
22.9843903
22.8760605
52.8691025
95.5968094
119.3572617
104.8402481
75.5540237
60.3565788
60.5368309
164.5087433
143.5424042
71.1810074
20.7106705
8.9855556
6.6875544
28.6765308
83.0452957
83.7035446
60.6630135
49.5820427
51.2428322
47.2962112
42.2636108
39.9660339
39.6616783
36.8763618
26.8359241
14.9468021
10.6575470
31.3322201
77.3263245
79.5583954
60.8141975
38.3950806
28.0334320
14.7951813
6.5311589
11.1127815
17.6675682
22.8197632
23.4146252
25.9406452
26.7213936
19.5956059
8.5994673
7.5476203
23.1838722
60.9963226
57.7267418
42.6075134
33.2238541
37.7241898
41.7422028
55.8411903
81.4586182
84.7214127
54.3938217
43.3170624
47.5502892
23.5689812
3.5135930
0.1270996
0.1003169
4.5770712
31.3320923
65.0943451
80.5667572
71.8654175
55.7142487
29.2009659
40.0636292
118.4086380
235.0897980
276.5187378
194.0868378
154.5627441
158.2506256
155.9859772
117.0075073
59.8450966
12.5980091
38.8957863
65.1548386
78.9754791
84.1608276
67.2637100
48.4567566
37.7524338
53.8869591
43.2751083
23.1309872
9.8689547
11.7551413
47.9028168
45.4642868
18.6015015
1.8925593
2.3326089
10.0823879
24.4371681
32.0002556
29.8389397
19.8869591
11.0864277
6.8696203
8.5432158
9.0467339
6.9657621
4.4519739
2.4826701
1.1658552
2.2947178
15.8796997
51.5192566
94.3262939
107.0760117
71.2418060
22.6263466
21.4454823
48.9776611
96.9146500
101.3434677
75.0001907
35.5334167
65.6082230
142.8782043
178.9200439
157.8760681
119.5983353
74.6634979
16.4352531
3.3109148
0.5579140
7.5562401
36.3311119
88.2871857
130.6182404
167.9873199
174.9906311
139.9598389
134.9602203
150.4563293
161.6467133
183.4323425
217.3953857
171.7903748
60.1119347
6.7908645
4.2473679
3.8438945
4.3276472
3.3363903
2.4561174
12.9377117
45.5754471
74.5402298
77.2443161
57.3033676
45.2630310
53.0157242
63.5098801
58.8108940
41.5908051
24.4348526
12.5484657
13.1314335
16.3725433
16.4212399
20.5888519
28.2303352
28.1727905
25.3608246
23.5765533
18.3072968
8.8640375
4.9645061
14.6848850
48.0265274
82.0102386
85.0148926
69.2905502
46.0934067
25.3993835
7.1466193
4.3490219
18.5249805
49.0131302
53.1494980
40.7844543
42.1544342
40.8217316
26.0253410
21.0044785
25.0889511
27.3056450
11.7400932
1.4775548
0.1501587
0.0324766
0.0181649
0.2727121
0.8710824
9.8805084
38.7284393
69.6884003
69.7177658
41.9080658
39.4242058
60.9626884
71.7962341
50.7857742
23.4684505
81.0610886
225.7025604
355.1786499
374.2131042
304.3901062
184.1676636
78.5062180
24.6289215
7.2699947
15.6386194
20.1106796
5.5872927
0.9204115
3.0759542
76.9191132
232.1500092
315.8385925
248.3586884
81.2138062
12.1201191
4.6688042
6.1163282
6.1045036
5.0076008
4.1248322
17.1576519
63.8149986
109.6837845
111.0711288
64.3755493
19.7098351
5.9369540
2.4990287
2.1879945
3.2978730
2.0316072
0.8601342
0.7574035
0.2839353
0.4833536
0.5470477
3.3042123
33.0588493
114.7747269
230.5328674
301.2291565
301.3525696
297.4912720
261.1100464
121.2909622
9.4322701
4.7962747
2.0660243
0.5572326
0.3027008
0.5236192
5.0093026
27.5100956
55.0408859
70.0821457
74.7762604
67.9019699
41.8412552
10.9948454
1.1390209
2.2096899
10.6180229
18.3924179
12.6754723
1.6632376
1.2959833
4.6773977
13.5242062
19.3759937
20.1288185
18.9042091
16.7224236
13.0408859
9.2303181
6.6946640
4.3647423
2.7697020
2.2041557
14.1757174
67.6145248
131.8711243
142.7427216
95.1141510
43.4484062
24.4229641
18.6958199
18.0607700
42.0376511
72.1658707
70.9213486
53.8746185
30.8995438
16.7290039
14.9717216
13.0492592
9.9333687
7.5244012
5.3984809
5.3423166
5.9731593
6.1377959
6.6436038
7.8031077
23.5277481
85.1977997
185.7349701
258.6946106
238.7241974
162.3256683
88.9458771
40.7890511
39.3076973
35.5847740
39.3149796
42.4975586
38.3483162
49.5780144
108.5236130
160.7806702
158.0252686
121.5612946
64.8838196
17.8844681
0.9131018
1.0669438
8.4425621
42.7346840
84.4425201
99.8138275
74.6979980
39.9188271
19.9028416
13.4396009
10.1742048
21.2191639
72.9531021
99.3168640
73.8982620
40.5546570
25.1140347
12.6540594
5.2260919
12.8503151
34.8626709
57.4923744
69.8797302
68.7761688
47.8158379
23.8554287
23.5429192
19.2743435
13.7250929
24.8994312
71.1876450
123.4990616
118.0532761
70.8226852
23.1725616
6.2717781
5.3000588
1.8114165
0.5231711
1.1141672
4.8785071
8.7466488
9.5797863
8.0474825
6.5851789
5.2146235
4.4782085
3.5935240
2.9784622
2.6921654
2.0389249
1.7818640
1.4067471
1.1557013
0.9157388
1.0466269
0.7108227
0.3604900
0.2316725
2.1163971
7.0236344
10.5807648
32.3199692
70.6567383
82.1944656
58.2146263
37.3160133
23.6198387
8.2297840
3.4651215
1.1529737
0.7835205
0.4650997
0.2564746
0.3587677
0.3371485
0.2897739
0.2887112
0.2457429
0.2553549
0.3214843
2.3704038
10.1692133
19.0047493
23.0792503
26.8496628
39.4725761
55.2714920
64.0404968
64.3576279
69.4122162
73.4698792
70.3882675
58.6017265
44.0151405
26.2924976
19.0168915
39.9325905
42.1067772
34.5324326
24.4490356
38.6118011
75.5103989
79.6398010
65.3314590
39.7560425
16.5294952
29.1276398
26.2313805
9.2719812
42.5635529
50.9280472
56.6189346
70.9500046
82.3631973
75.8994980
62.2501678
47.8465462
33.0607796
32.7678795
69.6018677
98.6773300
83.0107880
36.9271736
6.2322326
6.1531410
13.9253883
15.8685751
4.6928701
0.3036988
0.1937158
0.8882760
22.0718040
43.7158051
38.5143623
24.4727154
23.2266502
31.8382454
41.6920624
41.7533264
46.9518280
80.5635605
125.1693573
128.3319092
98.1889496
90.9001160
101.6752472
101.4305801
63.5522346
14.5329714
2.7000599
1.0708864
0.5977224
0.4502762
5.1098661
18.5283279
25.0025406
19.2096100
8.5727072
3.5868294
2.3931625
2.2874618
1.8448373
1.4721285
1.0370415
0.8522367
0.4910283
0.3512577
0.2183359
0.1807391
0.2446402
0.5187100
1.2157165
1.8143585
1.9165614
1.6765673
1.4653246
1.3380162
1.5945069
2.1741931
3.0048993
3.4608893
3.1590803
2.3053563
1.4825659
1.0225219
0.4082967
0.1990539
0.2622814
0.4225663
1.5257959
14.0072336
39.1260071
56.2163277
45.8873596
19.0671291
2.0837317
0.4206806
0.2543969
3.9975069
14.9370556
20.9766502
12.4944601
5.7011633
6.8677797
25.8752842
64.6124420
93.2569504
89.0067902
64.9025040
39.6766586
18.5938568
24.7974434
41.5059090
42.8412666
30.5718784
18.6176281
11.1578999
11.1492214
12.2341394
13.0638390
15.1884518
26.8258801
47.7831955
54.0571365
36.2332420
22.9501553
27.9524975
45.8853531
61.4068451
56.0101166
21.9302120
16.6683712
29.7460289
34.7221146
27.2313251
18.7499809
19.9497566
22.9634495
22.1677151
16.9898796
11.2546997
8.4781780
7.0324154
5.5039501
3.0175211
8.1051245
14.2276487
13.1221180
9.3658066
6.8856163
10.7012472
40.4086571
82.1059113
102.1060486
88.3996506
67.9198990
45.2613373
49.4004593
50.5569839
75.6146240
73.5844421
28.0844250
19.3824978
20.7398033
49.0680885
42.3909874
20.8108196
7.5344806
6.5502748
5.4343209
4.9190273
3.5850897
3.2783568
3.0005639
2.3491974
1.4152958
0.5756047
0.3669311
0.1530394
0.2585624
1.2507765
3.2617292
4.0142846
3.7642195
3.2545586
2.7635283
2.1919775
1.4752576
0.9471205
0.6522176
0.4934319
0.2492275
0.2945545
0.2794846
5.5220542
28.5362968
56.9797058
65.3949280
46.0949783
15.9024048
5.4535680
4.2617617
10.0895996
19.1911449
12.9199419
4.1379471
3.5474977
10.1165257
20.2206078
26.4090881
26.1591511
22.8218307
23.8000011
31.2263374
36.4103432
29.5925007
15.5340214
10.3216257
8.2758465
13.8482094
27.4344711
46.6024284
52.4590340
45.8555984
31.3539658
16.0147762
9.0230618
4.6315327
2.9826672
2.5739579
1.2303300
0.3322313
0.2349739
7.4452095
35.5580521
57.4306946
60.5924377
53.0930061
42.3184547
31.2306557
24.9996738
24.5678596
24.5131626
26.2008572
25.5087147
14.9453430
4.2196159
5.5461130
8.0619736
3.7342978
0.6920567
0.1977573
0.0403736
0.3272282
2.0363016
3.8181601
4.4791222
4.5168939
4.5533218
4.8859062
5.2890873
6.0215564
5.9375992
5.0854859
3.2522402
1.6410882
0.8470970
0.7245585
0.5312274
0.6518213
20.8826275
66.5691986
99.6862183
91.1313629
49.6262283
18.9529324
11.4094429
6.7825999
10.2706375
64.7701187
141.9542084
182.0605316
173.5415802
115.2752762
65.3517380
75.7930374
91.8261185
95.4820786
109.3067627
91.0362549
57.2844963
37.8459625
39.2513199
33.4326248
33.2410355
49.6552544
62.0351410
65.8404083
64.6563721
56.9487801
49.9330559
37.6998634
28.8795528
58.4777489
67.4384613
52.0399933
29.9848404
13.8299751
20.2644615
94.0548477
151.5771179
162.9699554
120.7792053
74.0840073
49.3202896
36.4455261
20.0926208
5.7476501
0.2888693
10.0076408
47.6263199
124.5528717
217.8238068
260.8758850
193.8754578
86.0189209
11.6047888
3.8012424
0.8276254
0.1801483
0.5819846
6.6819797
18.9424801
28.0443439
36.4703560
42.7513237
40.6223755
27.4319706
15.1749687
13.4853106
13.4495163
14.2729006
10.5549860
15.2522602
52.7720337
132.2708435
224.9462891
292.9364624
281.7214355
168.7066193
70.7341156
38.6615334
77.0089798
130.0919952
167.3022766
182.4557037
148.3096313
91.5054779
53.3706093
35.8189240
33.1284866
36.4091415
24.5156517
15.9876842
14.0672770
12.9155722
13.7590866
9.6042433
3.7867298
1.5643177
0.4701994
0.2696667
0.9329661
5.2149329
10.6353598
15.0153561
27.4391708
52.1296463
92.7145386
165.0431519
249.1510315
275.3107605
228.2612457
157.7388916
58.0771599
17.6928883
12.7184525
8.7927370
13.7724113
46.8006020
100.7606354
120.8216324
93.6162262
56.7240829
15.2918015
0.5102329
0.2195829
9.9737940
73.5146790
151.2116241
162.8728943
134.2292786
79.7488937
43.3124084
55.6788673
95.2585449
152.8765717
133.2697296
59.5226250
27.9492397
34.7105751
36.9094429
42.8158951
43.4791527
39.9370384
32.1975632
31.8071690
38.4531822
85.2222443
251.7502441
510.1632385
803.4691162
908.6446533
715.0571289
363.3573608
110.9936981
50.4088478
21.1947880
6.2286253
0.7299144
0.5762905
1.1892978
5.3121891
9.3879452
8.9386778
7.0904016
6.1648898
4.5272055
2.4898777
1.0752629
0.4643440
0.3853551
0.4113244
0.3849483
0.2897466
0.2027618
0.2184933
0.2377587
0.2854145
0.3161025
0.2496311
0.1497805
0.1617839
0.1873366
0.0736037
0.0081759
0.0002494
0.0000000
0.0000000
0.0000000
0.0000000
0.0000000
0.0000000
0.0000000
0.0000000
0.0000000
0.0000000
0.0000000
0.0000000
0.0000000
0.0000000
0.0000000
0.0000000
0.0000000
0.0000000
0.0000000
0.0000000
0.0000000
0.0000000
0.0000000
0.0000000
0.0000000
0.0000000
0.0000000
0.0000000
0.0000000
0.0000000
0.0000000
0.0000000
0.0000000
0.0000000
0.0000000
0.0000000
0.0000000
0.0000000
0.0000000
0.0000000
0.0000000
0.0000000
0.0000000
0.0000000
0.0000000
0.0000000
0.0000000
0.0000000
0.0000000
0.0000000
0.0000000
0.0000000
0.0000000
0.0000000
0.0000000
0.0000000
0.0000000
0.0000000
0.0000000
0.0000000
0.0000000
0.0000000
0.0000000
0.0000000
0.0000000
0.0000000
0.0000000
0.0000000
0.0000000
0.0000000
0.0000000
0.0000000
0.0000000
0.0000000
0.0000000
0.0000000
0.0000000
0.0000000
0.0000000
0.0000000
0.0000000
0.0000000
0.0000000
0.0000000
0.0000000
0.0000000
0.0000000
0.0000000
0.0000000
0.0000000
0.0000000
0.0000000
0.0000000
0.0000000
0.0000000
0.0000000
0.0000000
0.0000000
0.0000000
0.0000000
0.0000000
0.0000000
0.0000000
0.0000000
0.0000000
0.0000000
0.0000000
0.0000000
0.0000000
0.0000000
0.0000000
0.0000000
0.0000000
0.0000000
0.0000000
0.0000000
0.0000000
0.0000000
0.0000000
0.0000000
0.0000000
0.0000000
0.0000000
0.0000000
0.0000000
0.0000000
0.0000000
0.0000000
0.0000000
0.0000000
0.0000000
0.0000000
0.0000000
0.0000000
0.0000000
0.0000000
0.0000000
0.0000000
0.0000000
0.0000000
0.0000000
0.0000000
0.0000000
0.0000000
0.0000000
0.0000000
0.0000000
0.0000000
0.0000000
0.0000000
0.0000000
0.0000000
0.0000000
0.0000000
0.0000000
0.0000000
0.0000000
0.0000000
0.0000000
0.0000000
0.0000000
0.0000000
0.0000000
0.0000000
0.0000000
0.0000000
0.0000000
0.0000000
0.0000000
0.0000000
0.0000000
0.0000000
0.0000000
0.0000000
0.0000000
0.0000000
0.0000000
0.0000000
0.0000000
0.0000000
0.0000000
0.0000000
0.0000000
0.0000000
0.0000000
0.0000000
0.0000000
0.0000000
0.0000000
0.0000000
0.0000000
0.0000000
0.0000000
0.0000000
0.0000000
0.0000000
0.0000000
0.0000000
0.0000000
0.0000000
0.0000000
0.0000000
0.0000000
0.0000000
0.0000000
0.0000000
0.0000000
0.0000000
0.0000000
0.0000000
0.0000000
0.0000000
0.0000000
0.0000000
0.0000000
0.0000000
0.0000000
0.0000000
0.0000000
0.0000000
0.0000000
0.0000000
0.0000000
0.0000000
0.0000000
0.0000000
0.0000000
0.0000000
0.0000000
0.0000000
0.0000000
0.0000000
0.0000000
0.0000000
0.0000000
0.0000000
0.0000000
0.0000000
0.0000000
0.0000000
0.0000000
0.0000000
0.0000000
0.0000000
0.0000000
0.0000000
0.0000000
0.0000000
0.0000000
0.0000000
0.0000000
0.0000000
0.0000000
0.0000000
0.0000000
0.0000000
0.0000000
0.0000000
0.0000000
0.0000000
0.0000000
0.0000000
0.0000000
0.0000000
0.0000000
0.0000000
0.0000000
0.0000000
0.0000000
0.0000000
0.0000000
0.0000000
0.0000000
0.0000000
0.0000000
0.0000000
0.0000000
0.0000000
0.0000000
0.0000000
0.0000000
0.0000000
0.0000000
0.0000000
0.0000000
0.0000000
0.0000000
0.0000000
0.0000000
0.0000000
0.0000000
0.0000000
0.0000000
0.0000000
0.0000000
0.0000000
0.0000000
0.0000000
0.0000000
0.0000000
0.0000000
0.0000000
0.0000000
0.0000000
0.0000000
0.0000000
0.0000000
0.0000000
0.0000000
0.0000000
0.0000000
0.0000000
0.0000000
0.0000000
0.0000000
0.0000000
0.0000000
0.0000000
0.0000000
0.0000000
0.0000000
0.0000000
0.0000000
0.0000000
0.0000000
0.0000000
0.0000000
0.0000000
0.0000000
0.0000000
0.0000000
0.0000000
0.0000000
0.0000000
0.0000000
0.0000000
0.0000000
0.0000000
0.0000000
0.0000000
0.0000000
0.0000000
0.0000000
0.0000000
0.0000000
0.0000000
0.0000000
0.0000000
0.0000000
0.0000000
0.0000000
0.0000000
0.0000000
0.0000000
0.0000000
0.0000000
0.0000000
0.0000000
0.0000000
0.0000000
0.0000000
0.0000000
0.0000000
0.0026941
0.0887015
0.3079148
0.5709556
0.7234127
0.6283466
0.4227660
0.2738782
0.1818342
0.1408981
0.1914751
0.3374945
0.3046224
0.3004405
0.2942727
0.5838386
1.7357970
3.2860682
7.8167334
22.2945633
41.6195526
53.4850349
51.5623703
48.4887810
55.7085724
61.6268272
44.7793121
47.8094254
89.8468475
99.3387833
65.3761063
43.9721870
43.6495667
43.6880989
44.7411499
35.1557732
23.9408607
23.5871410
31.5404682
52.5927773
75.1034164
63.6210861
36.7698936
22.8499451
10.2644091
1.2185494
0.1160605
0.2543677
3.7110722
18.0855122
31.1672821
33.9882278
24.3669376
18.6669426
12.0010862
6.5236793
8.9488544
9.0746326
12.4622583
27.3847008
30.6477699
23.7650013
13.5726213
9.9213982
7.7650623
2.4532683
0.4638706
3.3856153
8.1918135
7.6883283
0.6731946
0.0794661
0.0657466
0.1139503
0.1725714
0.4700859
5.9000525
42.5346603
97.5570068
116.6068878
93.7619553
56.8635674
37.1164932
15.7526083
6.6567478
9.4378614
9.6348801
15.4711580
22.6981258
24.6105804
22.6047134
17.3060532
10.8133335
7.5287204
7.7111049
8.0719872
4.2659550
5.8192348
7.8356271
14.3598709
15.2717876
9.2425165
3.7067397
13.5279512
41.5272675
71.2344742
80.1239471
82.8138351
92.6029968
102.1287155
116.3270493
110.4813538
94.8295059
65.8187714
45.5896111
69.3451843
149.8552856
198.3302307
173.1072235
99.6899719
41.4389610
26.3773155
25.7446423
47.1604652
67.2500076
54.9271393
28.5197067
9.0054789
4.4032216
2.1221941
3.3621321
41.0331917
109.0653763
152.0282593
136.7992401
72.7952118
28.2077141
17.2368717
30.1244183
44.1824112
32.3543167
12.5028543
1.4177456
0.6327476
2.9981787
17.4656487
33.8578873
33.9547615
26.8330631
21.0118637
16.5923691
13.1939793
17.5786133
19.8405800
20.2068558
22.1453247
32.8531113
39.2905655
39.1540489
38.8061676
40.4276352
43.0747757
42.7527466
40.6795044
36.1224747
32.0242538
27.8993664
21.8245239
15.5809059
12.5874920
17.1559067
34.9086761
60.3628883
75.6538391
76.2536240
81.5804214
119.6372910
177.9068909
211.7483978
210.9590912
183.4156036
140.7776031
94.9956207
48.8626976
18.9499531
7.5661569
14.7384987
39.3059807
61.2606697
59.6599007
49.4310608
36.2048454
28.2403202
12.0358381
8.7719765
22.8333511
63.4814911
85.5479889
68.7164688
44.2192039
21.8341713
23.3331184
27.4240742
27.0402737
17.2041588
8.1920204
7.5335712
12.6309948
47.7148132
102.5360260
134.6966400
117.6990585
78.9344330
58.3910065
57.0233459
96.4964218
54.7392807
2.8768435
1.4901352
0.9404780
0.6743401
2.6249132
9.4788990
18.4377193
24.5921860
24.8176765
18.8249817
13.3618336
13.0976448
14.4123907
11.6406097
6.4252729
5.9198785
37.7274742
103.6000595
138.2812347
105.7162170
38.3113403
15.8834362
7.2986259
6.1157079
14.2560577
26.9133110
28.2434540
30.3335438
32.4413071
31.8346081
30.9014626
34.6921310
39.0164909
40.4823494
38.4228935
39.9310188
33.2482452
26.9337063
23.3891506
49.5196075
63.4435081
71.2736435
122.6253204
274.7595215
499.0852356
629.6030884
558.0744019
296.2938843
118.3428879
60.7835693
60.7711906
81.9221191
70.7898407
40.9411240
19.3684006
28.3085117
59.6909866
85.9768524
68.8734055
42.4482117
32.3218384
25.1364994
28.8648472
62.5335045
107.4744034
130.4326477
135.2318115
145.4073639
134.7510071
90.6258240
43.7232170
28.6730022
30.3376884
47.6978912
76.2412796
83.7823334
64.3470535
40.2459030
38.1079597
36.8283005
26.0630608
15.1097813
16.7295017
21.2566490
15.9510517
8.5000372
2.3972108
1.1444418
5.5375047
13.4903002
14.2629042
11.7324657
14.8539209
19.9865036
20.1361294
16.9744492
13.2821064
15.3247299
21.0820713
24.9275303
18.4920826
6.0282345
2.0413277
11.3129854
71.8200302
134.1584167
124.7583466
65.1968384
29.7859650
21.6090775
20.9714451
36.0782356
82.5983276
115.0702286
120.2777252
139.3414154
171.6885376
157.1164398
103.6977234
40.5382614
59.2849083
85.5094147
68.1682816
76.0590515
107.0743332
117.3148727
88.2867432
34.0290565
9.2546606
2.3797081
0.7716496
3.4063225
35.0358200
59.7482300
55.5339241
29.8376980
17.8725452
12.2141342
11.6965179
12.1849537
7.3117037
0.7942722
0.1276305
0.3516086
6.8515058
18.8567791
22.7116032
17.9692745
12.1276054
7.4043975
6.6501827
15.5538054
54.9715385
124.0678101
165.9901733
136.0962372
96.7362289
70.3142014
78.6770172
30.3235683
9.4075146
4.9366884
9.7057190
97.3516235
266.2207031
309.0684509
171.3529816
22.5046597
3.2644413
1.0891185
6.9107385
26.0924053
44.8074951
56.4090195
67.4651184
65.0798721
43.8398666
21.6885643
33.1625595
46.6584396
68.6031876
115.4387970
146.6195068
122.1739731
71.1626129
43.2207108
19.4475899
7.0445604
8.4506779
42.4563789
121.1000290
149.2588501
86.6509705
23.7577229
6.4639182
6.4456911
22.1113777
42.7502174
17.7667236
2.2384620
0.7725721
7.0073824
36.5267296
56.6178589
37.3468170
17.3571682
18.7978821
26.0781384
35.3964767
35.1425362
25.5489178
22.7210121
47.6612167
90.2046890
109.3829498
88.4650345
54.3302841
25.8593826
14.3817949
37.1638489
110.7242050
194.4600067
195.6834412
136.9674377
77.8295975
36.1260948
27.3320789
33.1775169
27.3951263
15.4030848
8.7817211
5.6855402
4.6014934
31.1002541
76.0502014
99.3652344
91.8372574
64.5746918
32.4882202
28.3661346
25.5377541
22.2391701
11.1170235
10.3070431
27.2998543
50.3981018
72.3847427
69.9088821
53.1516685
39.5258636
56.0131645
46.1511459
25.0707703
12.1363239
11.2456884
31.4839668
75.4240723
105.0544357
75.5287094
27.4974136
12.5665884
8.5726109
3.8486354
1.2492976
7.8669004
32.8085632
75.6624451
110.7256699
109.5479126
55.2610664
8.1159582
0.3516609
0.7299870
31.8267040
166.4578247
222.5955963
163.6652222
58.7110252
12.4310875
5.2170186
15.6507397
43.3902702
45.1289215
15.0944424
6.5019355
6.6024580
22.0535412
66.7967987
88.1137238
72.6512604
43.7646027
31.9265137
15.2190247
5.3358202
9.1489983
52.8432617
105.6566620
105.5440369
95.6140671
95.9620132
109.2838058
102.5335846
74.7993546
59.6183777
47.3571472
30.8498745
13.9478302
3.9225183
2.1647797
0.7793177
1.7105944
8.8917465
16.9982910
20.2799835
20.4109192
16.6450806
11.8145809
8.0254974
7.4410529
8.0271130
9.1845188
7.3340383
3.9822917
5.0884714
21.7741203
69.4084930
101.3090973
80.4133987
32.7098694
13.8149862
12.2711382
22.4268532
32.0445480
24.2577801
19.5285301
20.4206028
27.1931534
31.2100620
48.3877983
100.8509445
158.8169708
173.3391418
107.3917007
25.8675594
3.9770792
1.1409960
0.7422081
9.9801464
45.6984291
69.8535843
61.8237839
31.8094025
15.9919224
12.0850458
14.3426847
52.9729958
129.4651642
186.5374298
187.6734161
130.5322876
55.9233894
17.1307392
17.2598515
15.0505886
11.9408398
8.1315174
6.5607743
4.9129057
5.7371302
9.9655552
15.7841854
16.4644089
11.8073206
10.2144032
17.0952759
30.6374454
38.8355865
49.3978310
96.3596878
161.9215240
200.9267731
196.0842285
139.3363190
57.9797707
13.0573692
8.4923019
6.2910414
9.0388584
48.4397163
89.0712891
92.9720078
70.6024399
51.4515381
34.9239349
17.8513069
17.4500332
61.0963631
118.0434265
133.6602325
127.6059799
134.7732849
133.1305389
86.3913193
60.4996567
32.8470764
22.4436417
33.5569534
61.6640244
72.3066711
66.6570969
62.2062721
50.8251343
32.3329315
7.8058729
9.8807402
1.9961047
1.0729561
0.6244282
1.3766719
6.8061581
15.4539795
21.4970551
25.5740833
27.2642689
25.9403477
22.9489326
21.3490334
22.0877800
21.9701366
16.4171848
8.2747631
3.4791031
8.2477703
51.9506340
134.2546692
167.8570251
125.1142578
61.5624352
44.6061783
58.9093437
91.4825897
88.6019974
45.5969810
8.2569027
1.4205842
2.1236050
10.0708971
21.3190250
26.1230488
19.7169762
13.3026009
10.9122200
11.0852871
12.4688025
11.1485319
9.1484709
9.1682682
23.4779320
91.1641312
233.9401245
399.9899597
419.8530884
243.6115417
102.8444824
43.0935402
24.9644871
6.6046381
2.1607330
23.5365314
80.8722076
150.9142914
160.6422882
149.4929810
128.1180115
81.5865860
75.9324341
65.4964981
56.4595413
42.7370415
28.5736523
20.7229805
26.2991962
33.1309013
54.2889557
94.6469269
135.8145142
132.5965118
83.1662292
21.2671318
13.4546461
2.0133843
8.2911558
66.7402039
165.1130829
177.6756134
157.2335205
128.9982605
95.4479065
58.3395386
20.8726978
5.7403154
3.1869760
2.9483471
3.4109993
4.2229066
25.0281715
94.6930313
237.6253052
371.1944580
373.8428040
311.6132202
226.3656311
172.5825806
101.4719696
34.1061554
8.6135426
4.3514290
5.4160013
3.9791198
7.1916509
13.0951099
42.8188171
104.1161957
197.3068848
280.7765808
268.9468994
190.4815674
129.3267975
89.1771164
39.2511024
145.9410095
148.4736023
76.2772598
47.8522568
43.5057220
28.7610741
9.3607769
1.6213552
1.3648214
3.8804197
8.6552238
12.9317265
14.0162392
12.3898611
9.4946642
6.9376078
5.3317804
2.4157202
0.8876302
3.5825520
19.8514080
59.9340668
97.9856186
97.1605530
51.1448174
13.2375011
3.8634617
3.5911112
30.3761768
103.9908142
146.8822327
140.0800171
99.7348862
65.0815887
40.9082870
16.0098438
6.4363098
5.0341349
7.8629389
30.6824799
57.4300041
98.7229691
184.7543335
264.6059570
288.9489441
295.4871216
288.7138062
228.8040009
80.2170639
12.4954090
9.2908239
54.0565262
192.8849030
192.8591919
106.3011627
58.4902306
22.4019699
37.2108955
137.1934204
235.0333710
206.9792633
99.2145538
36.2133904
34.5998993
30.6260204
28.1243839
35.9531097
34.1283379
28.5956974
19.5612774
10.7742805
6.7224064
8.0303707
17.9943962
31.4904976
45.9168205
55.8478317
44.7105560
24.8209438
11.6449699
6.0618620
4.4397459
2.0730817
0.9298648
0.6983448
1.6400899
6.3687649
15.8843546
40.6804581
96.4811401
191.8813019
258.1875610
226.3776855
115.3762360
16.7032452
4.4532228
3.6255920
7.1385574
25.3644009
40.5704956
30.8105526
24.4755611
24.5041428
25.6560020
18.3458958
21.3331528
75.9755020
172.4128723
211.0306091
150.3968811
92.8420639
48.3366699
54.8758011
7.1512613
13.0812292
24.8020859
29.8385506
26.5401630
39.3145447
49.5116272
39.0778885
30.4917831
26.3522015
15.7930994
1.1416928
0.4405374
2.0089712
6.6469617
9.6546783
9.0448513
8.8820686
8.3541937
7.1541934
4.6660652
2.6169040
1.7542462
7.5506043
45.2569809
118.8863602
166.0715942
126.2902679
41.5325699
15.3862724
14.9444132
12.3159790
5.6795883
7.1699295
23.9566135
55.5724716
95.2152710
106.8968582
81.7886429
46.2632256
17.6178207
19.4062958
56.0548782
94.4774551
104.4788971
88.3793411
50.4180412
30.4326477
47.4549446
68.3252411
53.2037582
30.2366772
26.6614799
21.7607632
19.1662884
17.8329792
15.4916782
28.4700642
76.8265457
133.3683472
158.3621979
117.4726028
54.0357590
22.2536411
8.8417263
9.7344475
9.0092821
4.6699281
5.9811759
46.3693810
119.0573654
148.2961731
137.1617889
147.6696472
147.4420471
103.3717651
43.8283920
28.8781872
24.9495010
37.1446075
68.8584213
77.2070694
69.7362366
61.9016418
48.2820053
26.1391773
20.7711163
37.3190880
84.7589951
87.7309647
67.7930527
62.8176765
75.0650558
86.7929382
77.9575882
61.4507828
48.7121468
32.6842766
52.2189026
120.4212265
171.3929138
145.6000061
85.7700806
18.3315048
6.7094464
0.5591942
0.5965227
6.7986784
17.1580982
19.7728977
18.0077820
16.5350018
14.7137585
10.6005898
6.2253046
21.7346497
95.1369629
171.8545532
164.0363770
86.1810455
30.9411507
19.1707325
13.5584793
22.1213188
22.2988243
8.1806183
2.6413367
3.7336714
27.7828159
74.1662598
82.7907867
64.9016342
29.5289478
11.5619345
2.5116525
0.2912473
0.8175750
4.0684576
9.4227819
41.6754646
116.0476685
175.6406097
159.1686859
101.0396729
116.1941757
194.8128662
229.5677948
165.9261475
99.7982712
60.1387024
76.1426544
117.8964615
182.7069855
342.1970520
368.6052551
252.9985657
200.2761993
198.9141541
146.4352417
65.0424347
39.5292549
87.0259171
135.3013306
141.8803101
89.7508240
50.5309944
42.8805428
41.8003044
48.9892387
53.5542946
36.1165848
39.0227356
85.2466278
156.3796387
171.1754456
120.9189987
88.3653107
71.5914078
88.9530411
180.3302765
176.1691895
148.1452179
106.4689789
140.6194305
192.6728668
234.0856171
281.2562561
311.1930542
294.1773071
276.7058411
242.5169678
177.4940491
182.3415070
209.5445709
189.3401337
133.6940460
115.1496201
77.0578537
23.0824947
82.4517975
186.4364777
208.8550720
157.8394318
90.7402649
79.3911896
110.7894592
180.3557434
241.3737946
156.8191376
66.4043121
17.5601902
23.4246502
42.6813889
64.3120575
80.6938019
126.1253052
205.0084229
237.9372711
197.9823303
166.6327057
116.3531570
76.7710648
77.1279831
125.2054825
129.2449951
55.0926361
12.3210945
5.6554675
14.7207127
106.8110199
276.0315247
362.3765259
308.3280640
189.7973328
94.1291962
30.1588192
3.5409048
5.2500024
22.0085640
91.6383972
178.0967407
203.2482300
160.0203247
65.3385620
16.9750824
9.9956121
46.6439896
125.9487228
234.1280518
337.3351135
489.4530334
623.9234619
584.7891846
384.4736633
203.5862732
130.8529816
76.7883682
38.2056046
4.4905701
2.4285743
38.8366508
179.7698364
240.7814941
171.5279694
97.4005814
37.2023544
10.6304226
38.0285568
109.6571198
162.0011139
150.2480927
145.5692596
148.4608917
95.6892014
79.0420837
101.3618011
152.0544739
178.9068604
113.8131180
34.6139488
10.9670553
4.0816312
3.1427598
3.2618854
14.0767937
78.4570770
238.9852600
444.2329102
577.3812256
552.3208008
367.9711304
261.0017090
146.6828918
54.4065208
6.3713660
1.8324542
16.4458771
130.2490234
212.4908600
192.8695068
135.9046478
66.8659668
20.3740921
4.8993940
15.5784340
89.7223129
166.3432770
151.2567291
80.6594315
43.0730972
19.6683693
10.2576084
5.8281860
9.5512438
34.8163261
173.7013397
384.7315979
516.2392578
472.9191284
249.7803345
132.0205536
86.9544067
85.4633102
82.6576233
96.6819382
112.5759048
92.6034698
71.7623596
48.0313911
26.9407425
20.0773220
11.2340021
45.9637146
123.8742676
126.6150055
80.2725449
23.2594090
5.9242277
1.6688209
6.0786881
14.6247988
16.7808857
11.6927681
4.4539037
1.7669541
1.0380554
3.2929676
11.5604277
23.0156822
27.5832825
41.9083481
85.7729797
150.6473083
219.4710388
264.6227722
241.6810455
188.1853333
148.4222412
119.3322067
85.3297348
62.0430870
47.9208527
42.4935646
50.4817657
57.6730881
54.6611710
59.1142502
42.2773247
13.1987553
3.7785497
3.9748287
3.1540675
2.9597471
2.9342768
3.8532619
5.9668560
6.9976215
6.8688126
7.1894054
8.9550591
10.4718685
9.5066662
6.6638646
7.7528706
35.6776276
97.1823959
144.6558228
173.2366791
191.2032318
196.2518616
153.7874146
102.1089096
84.8413086
34.6910553
27.0328064
64.3101273
91.4573822
72.6600189
48.1411667
35.8871155
34.0699501
27.1492424
17.1376953
8.2667227
4.2794471
2.5227234
1.2086660
0.2964011
0.1952215
0.1437705
0.2860129
0.3709700
0.5804948
2.2807612
7.3606691
12.8121443
13.4418058
10.9636936
9.7782440
6.4831095
2.0704379
0.4870703
0.6560485
6.3223667
24.1880531
40.8585205
48.5052643
44.0726242
36.9869804
37.3989105
43.1113739
45.5512009
41.2757378
30.8068771
25.0078354
22.5383492
21.0370331
19.6895962
16.0180321
11.6995668
7.9820018
6.6518812
6.6949720
6.4709959
5.4252338
4.7397890
5.1219549
4.5725465
3.0915687
1.8301568
0.6730306
0.1765154
0.2497446
0.9112731
0.8818378
0.4433615
0.3056050
0.4422443
0.5040311
0.3513479
0.2647612
0.2194241
0.1591397
0.2319876
0.4099910
0.5730721
0.5020126
0.2859167
0.0547654
0.0037236
0.0000589
0.0000000
0.0000000
0.0000000
0.0000000
0.0000000
0.0000000
0.0000000
0.0000000
0.0000000
0.0000000
0.0000000
0.0000000
0.0000000
0.0000000
0.0000000
0.0000000
0.0000000
0.0000000
0.0000000
0.0000000
0.0000000
0.0000000
0.0000000
0.0000000
0.0000000
0.0000000
0.0000000
0.0000000
0.0000000
0.0000000
0.0000000
0.0000000
0.0000000
0.0000000
0.0000000
0.0000000
