0.0000000
0.0000000
0.0000000
0.0000000
0.0000000
0.0000000
0.0000000
0.0000000
0.0000000
0.0000000
0.0000000
0.0000000
0.0000000
0.0000000
0.0000000
0.0000000
0.0000000
0.0000000
0.0000000
0.0000000
0.0000000
0.0000000
0.0000000
0.0000000
0.0000000
0.0000000
0.0000000
0.0000000
0.0000000
0.0000000
0.0000000
0.0000000
0.0000000
0.0000000
0.0000000
0.0000000
0.0000000
0.0000000
0.0000000
0.0000000
0.0000000
0.0000000
0.0000000
0.0000000
0.0000000
0.0000000
0.0000000
0.0000000
0.0000000
0.0000000
0.0000000
0.0000000
0.0000000
0.0000000
0.0000000
0.0000000
0.0000000
0.0000000
0.0000000
0.0000000
0.0000000
0.0000000
0.0000000
0.0000000
0.0000000
0.0000000
0.0000000
0.0000000
0.0000000
0.0000000
0.0000000
0.0000000
0.0000000
0.0000000
0.0000000
0.0000000
0.0000000
0.0000000
0.0000000
0.0000000
0.0000000
0.0000000
0.0000000
0.0000000
0.0000000
0.0000000
0.0000000
0.0000000
0.0000000
0.0000000
0.0000000
0.0000000
0.0000000
0.0000000
0.0000000
0.0000000
0.0000000
0.0000000
0.0000000
0.0000000
0.0000000
0.0000000
0.0000000
0.0000000
0.0000000
0.0000000
0.0000000
0.0000000
0.0000000
0.0000000
0.0000000
0.0000000
0.0000000
0.0000000
0.0000000
0.0000000
0.0000000
0.0000000
0.0000000
0.0000000
0.0000000
0.0000000
0.0000000
0.0000000
0.0000000
0.0000000
0.0000000
0.0000000
0.0000000
0.0000000
0.0000000
0.0000000
0.0000000
0.0000000
0.0000000
0.0000000
0.0000000
0.0000000
0.0000000
0.0000000
0.0000000
0.0000000
0.0000000
0.0000000
0.0000000
0.0000000
0.0000000
0.0000000
0.0000000
0.0000000
0.0000000
0.0000000
0.0000000
0.0000000
0.0000000
0.0000000
0.0000000
0.0000000
0.0000000
0.0000000
0.0000000
0.0000000
0.0000000
0.0000000
0.0000000
0.0000000
0.0000000
0.0000000
0.0000000
0.0000000
0.0000000
0.0000000
0.0000000
0.0000000
0.0000000
0.0000000
0.0000000
0.0000000
0.0000000
0.0000000
0.0000000
0.0000000
0.0000000
0.0000000
0.0000000
0.0000000
0.0000000
0.0000000
0.0000000
0.0000000
0.0000000
0.0000000
0.0000000
0.0000000
0.0000000
0.0000000
0.0000000
0.0000000
0.0000000
0.0000000
0.0000000
0.0000000
0.0000000
0.0000000
0.0000000
0.0000000
0.0000000
0.0000000
0.0000000
0.0000000
0.0000000
0.0000000
0.0000000
0.0000000
0.0000000
0.0000000
0.0000000
0.0000000
0.0000000
0.0000000
0.0000000
0.0000000
0.0000000
0.0000000
0.0000000
0.0000000
0.0000000
0.0000000
0.0000000
0.0000000
0.0000000
0.0000000
0.0000000
0.0000000
0.0000000
0.0000000
0.0000000
0.0000000
0.0000000
0.0000000
0.0000000
0.0000000
0.0000000
0.0000000
0.0000000
0.0000000
0.0000000
0.0000000
0.0000000
0.0000000
0.0000000
0.0000000
0.0000000
0.0000000
0.0000000
0.0000000
0.0000000
0.0000000
0.0000000
0.0000000
0.0000000
0.0000000
0.0000000
0.0000000
0.0000000
0.0000000
0.0000000
0.0000000
0.0000000
0.0000000
0.0000000
0.0000000
0.0000000
0.0000000
0.0000000
0.0000000
0.0000000
0.0000000
0.0000000
0.0000000
0.0000000
0.0000000
0.0000000
0.0000000
0.0000000
0.0000000
0.0000000
0.0000000
0.0000000
0.0000000
0.0000000
0.0000000
0.0000000
0.0000000
0.0000000
0.0000000
0.0000000
0.0000000
0.0000000
0.0000000
0.0000000
0.0000000
0.0000000
0.0000000
0.0000000
0.0000000
0.0000000
0.0000000
0.0000000
0.0000000
0.0000000
0.0000000
0.0000000
0.0000000
0.0000000
0.0000000
0.0000000
0.0000000
0.0000000
0.0000000
0.0000000
0.0000000
0.0000000
0.0000000
0.0000000
0.0000000
0.0000000
0.0000000
0.0000000
0.0000000
0.0000000
0.0000000
0.0000000
0.0000000
0.0000000
0.0000000
0.0000053
0.2179431
0.9754528
1.8206651
2.0691154
1.6474855
0.9404840
0.7269748
0.9410450
1.0544987
1.0590777
0.9351428
0.6287602
0.6124262
0.5375044
0.6557856
0.7223358
0.8704963
0.7459360
0.7790754
0.7435160
0.7946824
1.0527934
1.5740712
1.8296047
1.8352975
0.9169134
0.5077357
0.5503430
1.1682820
14.0930710
45.7854767
80.3105240
92.2428360
77.3225098
76.8188553
93.9822845
114.4532928
87.3448334
68.8686523
64.1102905
61.2061615
52.5842209
37.6053696
15.0538845
5.8065429
0.6639645
0.2166310
0.6195568
6.4691792
19.3265038
23.0376453
17.9105492
10.0693674
5.5667114
2.9829125
1.5811702
1.8085703
1.9467125
1.6247238
1.1665061
0.6771486
0.6370081
0.7125453
0.8252044
0.6694124
0.6440179
0.7578951
0.8287525
0.9821302
0.8974676
0.8970488
0.6785951
0.4285578
0.5561001
0.9011585
1.0705073
1.0889642
0.6721455
0.6142718
0.9012088
1.0071857
0.8381912
0.5388720
0.7235579
0.9114898
1.0168099
0.8885196
0.5547829
0.6056346
0.5870343
0.4518101
0.5961748
0.7587447
0.6188556
0.7105058
0.7988935
1.0062040
1.0582401
0.8348857
0.5883142
0.5848013
0.9164956
1.0578483
0.9844031
1.3188394
1.0107524
0.5214621
0.5257116
0.5963055
0.7158686
0.8419510
0.7471498
0.4937691
0.5745323
1.2153468
2.4089653
2.8236496
1.5078274
0.6634915
0.6775986
0.8301238
0.7365745
0.6677479
0.7187170
1.0958691
1.1891907
0.6636209
0.5941915
0.4949509
0.6333681
0.6957006
0.6892719
1.0181357
1.1853009
1.0469644
0.9225173
0.6632481
0.7251884
0.7241189
0.7055422
0.7585965
0.7659993
0.7607750
0.7419938
0.6697980
0.6246796
0.7710931
0.9360036
0.8962083
0.6813765
0.5206044
0.5891391
0.6427782
0.6402051
0.9488286
0.8977979
0.8231345
1.3282608
1.5859194
0.7046816
0.4989246
0.7711033
1.1234241
1.0559748
1.0069826
0.8449131
0.6365860
0.5234619
0.8861815
1.1021726
1.0894868
1.5987648
1.5524657
0.9300339
1.2753372
2.7269406
2.6710548
9.5139723
43.2564774
91.4490433
113.2880707
98.7446594
70.8207016
52.3518867
26.4500141
17.7829094
43.5926056
53.3965950
41.5744171
27.2666435
16.5796967
11.4093113
10.3078327
9.2136354
11.2311497
18.2468929
22.6643848
28.1702843
37.6509171
52.3181343
62.6324615
64.3855820
57.7778778
49.6745224
40.9388084
32.2910538
23.0157967
15.8376608
15.0535660
25.8315620
29.8546047
33.9503784
48.1579361
76.3946152
105.6287460
107.3384094
80.0980072
50.8487816
25.6595707
33.0949707
44.3310738
38.3616257
57.5814590
104.2252655
120.3404617
85.1026459
53.5138130
33.1643677
32.0476952
93.5922546
100.9644089
96.8905563
94.0867920
100.3092804
106.6023560
100.9727097
77.0256500
51.2090721
39.5147667
47.6293221
54.7992821
42.7186356
19.1392708
3.6658506
0.3684010
2.4665790
8.8173599
15.0517998
15.5233393
13.4501944
10.9567776
8.0567245
4.7686710
6.7607732
16.8087425
24.3688869
28.9462299
43.7200012
55.0787315
55.1151276
57.1191139
66.4901123
84.0547485
83.3337250
73.7430801
72.9711609
77.8003311
76.2784958
72.2952499
59.9789810
40.7559929
13.9481773
28.1990509
42.6025085
32.0630150
19.2531395
13.1724510
27.8480549
24.3575687
17.0137062
13.8817921
17.1180954
21.4117889
23.1876259
14.5504894
8.4368048
12.0555420
29.3058014
40.3209229
32.6516304
18.1809158
10.6079712
5.8370252
6.6074386
4.9269567
1.3213978
0.3582793
0.7630538
8.9896593
25.4797821
33.4101791
31.3870430
27.4500484
21.5907955
11.8284712
8.1375732
6.4571528
4.6038613
3.4988453
3.6599429
1.5630479
0.4732114
4.1859555
19.5116768
37.2729263
51.6381226
71.2834702
87.8946152
71.3698425
37.9463844
19.5860596
15.6163111
11.5460100
5.6848741
13.5512810
5.4778733
0.5577458
0.4529174
0.5172297
0.5076780
0.9491668
1.3909566
13.4570723
46.8415070
78.3843079
82.9347076
67.8908081
52.0004921
39.0869408
22.6059055
8.9295654
21.0690918
39.1294250
41.2561874
45.8590698
47.6359634
43.6296310
35.4022446
23.3136768
19.7386360
30.5433140
19.4166374
12.7329311
20.9301147
28.4709988
25.0725117
20.4195251
31.1525135
36.5472145
29.7659321
17.7354527
10.9725132
9.7818108
9.7662306
11.0877962
10.4579830
8.8295650
15.2548246
31.7411995
42.3081284
35.4059906
21.7171879
12.1677485
17.9763012
36.7297211
52.0518837
45.3456039
35.7189293
23.7302990
17.5368195
18.5713444
14.3274889
10.0682077
3.5926819
1.4117761
6.9550948
35.6301308
49.0966072
40.7685661
28.5212116
21.0458164
23.8330116
23.4461536
17.5459442
14.9472551
21.1314583
26.0848770
25.8853321
21.6471996
17.2529793
26.7880821
49.2463608
78.6579666
127.6910782
180.4446869
175.1335449
108.5587769
72.9830627
50.1573677
48.1838951
56.5897713
60.1082077
58.9918404
62.3110886
63.0911980
61.5037727
57.3593292
46.4730721
28.6812611
13.2371454
19.3380260
14.6049280
34.5365944
41.3800812
36.6229515
25.5406723
12.2975349
17.8582249
28.5686932
19.4433689
13.7812214
28.9175358
56.3750839
71.1118011
57.7388000
38.1752815
20.8667736
13.3189383
5.6736898
9.8306179
20.5673828
28.9936676
21.6538944
10.0358610
4.8746309
1.5238605
0.4824462
2.1386101
6.2929153
10.5701694
12.4703188
12.2089996
10.0082598
7.5989532
9.0442953
19.9225578
34.3819580
38.5282364
26.4590034
14.6958942
8.7208166
6.2808003
6.6818566
4.8687124
4.5061164
3.9167843
1.8135686
0.2853277
0.3791957
5.7614565
25.7656879
45.6725311
64.0561371
93.1253281
129.6376953
147.8674774
150.2298584
148.1743469
151.0319366
131.8173370
98.3373871
69.5605164
26.3495750
42.4192696
65.0951157
73.6625900
80.6829224
79.0435791
62.5583458
62.4940186
70.3920517
64.0103683
48.8467216
29.7354527
23.8760338
18.0757179
16.1802635
29.2736511
35.6911316
18.7418442
3.0450711
0.8054701
2.5272484
9.9208441
15.9736242
9.1367931
1.4549584
0.5884799
0.6252480
0.6053755
0.7822794
0.8975071
1.1471910
0.9638003
0.7279918
0.6446250
0.6566501
1.8089933
4.1105332
4.1119595
1.5622936
0.5527380
0.3262058
0.2693684
0.8484800
2.8409588
5.0786009
5.9866834
12.4413910
18.8005600
16.3481827
9.8852425
6.5615458
1.8813785
0.3149568
0.2748972
1.7900794
7.0436430
12.5339317
14.6805840
10.7408972
3.4792848
0.9844199
0.8912598
0.8944607
0.6038584
0.3653810
0.5807313
0.9720798
1.6806720
1.7679393
1.1863742
0.8068854
0.6690408
0.5245293
0.5062621
0.5684289
0.6073241
0.6301123
0.8676004
1.0557729
9.6452713
44.7829933
90.5349274
120.2626038
146.1457214
165.2685242
144.0818176
94.4184799
64.2016907
54.1393013
39.7519150
30.0265198
22.5418186
27.4253330
21.4322205
11.0737095
14.8108749
30.7862053
34.7895279
24.5864773
11.0538979
2.8280599
2.2425861
4.8649874
11.3023376
20.9051361
26.2177696
22.5522652
27.2120037
54.5821419
77.5674896
67.6300430
40.5511360
27.1455593
22.2069321
17.3650322
8.7566681
5.0680246
4.2694845
9.7618017
20.2445431
24.5248871
19.1658821
13.1567249
7.9641180
5.1955066
6.0274925
8.7360258
10.0484467
7.5015264
3.2556107
2.1650381
1.2471607
0.7220252
0.4176327
0.5001720
0.7631330
1.7600656
14.1606150
45.1945877
76.2683411
83.3818283
70.9877014
58.4228935
50.9082451
44.4765396
58.7041779
101.9193268
147.7728577
203.2423248
221.3978424
173.9097900
113.7660751
76.2848892
48.9157753
26.1927052
10.7233477
3.7973323
2.9479289
1.4611622
2.1723471
15.0180635
47.5541382
79.9818420
91.9512253
82.6783142
63.1741295
48.4459152
37.3951492
41.2319908
75.4270096
117.9346313
124.7821274
84.7513199
51.1174774
32.1175499
51.0094452
117.5066605
122.2631836
77.5437012
36.4060097
12.0085468
25.6123295
40.6107826
50.3239517
52.8811798
48.8051491
32.2078133
16.4255981
10.5746202
7.2326026
6.8285694
23.0461655
40.4947891
39.8400078
27.3585930
26.1739407
51.1417923
77.3008041
72.9285049
39.9589920
8.9025011
2.7452347
5.0801358
11.0377798
13.3607559
7.5209837
0.6074635
0.8322684
10.2657223
58.1868210
121.3754120
131.6024780
80.5992050
27.7867470
19.2681770
22.1368580
22.6046295
19.8995991
14.2088156
34.8111305
93.1716080
142.5092010
139.1937866
97.0164261
70.0006104
58.9766693
66.7299957
48.7643700
15.2511892
4.9905205
3.8774180
5.8105350
9.3230600
12.2090092
23.0697803
56.2180290
88.9187851
99.4928207
79.0592880
51.5035133
24.4727364
10.6895876
2.8893843
1.1141653
0.6010475
0.5014450
1.0723668
9.2395000
24.3393555
32.8051567
35.9307327
51.3133430
89.1634293
129.3598633
128.1770020
98.1952515
71.7806931
53.9035454
71.8760834
118.5082855
115.3807907
114.3772430
107.9409256
86.7121735
70.3803101
52.8136559
35.3253479
16.9692135
6.9536762
2.6707602
9.2457752
17.6094799
14.6523581
8.6597328
1.8487067
0.5269668
0.4492947
0.7015838
0.9053796
0.5228128
0.4782551
0.4930812
0.5988798
0.8073342
0.7244185
0.8010707
0.7261878
0.6378219
0.7215852
0.8175197
0.8736659
0.7436966
0.7338279
1.0627229
0.9108746
0.6301384
0.5767639
0.7741914
0.9304285
0.7992899
0.6263113
0.4756877
0.6617845
1.0316226
0.9472342
0.6513162
0.5520756
0.6275847
0.7827294
0.9041116
0.9622525
0.8690373
0.8125213
1.0047218
1.0793346
1.0445834
0.7784177
0.7418709
0.7892469
0.8736479
0.8593085
0.6526656
0.5100139
0.6635534
0.8076428
0.8052666
0.8290033
0.7443868
0.7395946
0.9240155
1.5276768
2.5808997
2.6251690
1.7954254
1.3672503
1.0733258
0.7293707
0.6161682
0.5376723
0.9849479
0.9336336
0.6618440
0.5437946
0.6601906
1.0724161
2.3457441
3.4181526
2.7142889
0.8607504
0.8706545
6.3757601
21.3452339
31.8185768
28.7947407
16.1379128
8.3797855
4.4994731
8.1890659
9.6221266
8.0863695
17.2487526
60.5277786
114.5895996
142.2596893
134.2227478
109.9720612
92.9677277
86.6774292
99.2051544
102.5131454
79.7425156
38.2148933
39.5648079
68.2922287
50.2974052
33.6708374
21.5181675
12.3937540
7.6156340
10.5056934
22.2695332
34.8224449
35.7709503
28.2376804
19.7814236
11.3314457
9.9365149
8.5747643
5.6587915
3.6772499
3.6073942
11.3826885
16.9275322
12.9375858
9.9194241
25.3141308
48.9199715
69.6471558
90.2424622
124.2511826
153.6340942
151.5282288
124.3086777
83.8353500
68.0193787
83.3300552
68.7064209
63.1534042
58.8841095
52.2622299
57.8495827
77.4328842
92.6261063
93.9099274
77.4164963
45.0776749
25.2515278
16.4364853
16.8266964
33.7689781
87.4652328
130.3523560
136.3497009
115.2015076
111.8925629
140.3921814
167.4071655
123.1595535
73.1464386
29.3781662
53.9110756
62.7141647
60.8013878
41.6709175
52.3543777
56.9011459
39.4416695
56.6357536
68.9498749
53.2428780
40.3310242
36.0221710
36.5892525
27.6901131
13.4107189
16.7603436
48.5282974
87.7910156
88.6746750
67.6097412
49.0133896
26.5197201
9.3611050
3.1553643
0.4239635
4.0719409
17.4099636
31.9731770
32.6588287
23.3563957
20.8620453
15.8256798
8.0057907
3.1743498
0.4417222
1.6220224
11.4271536
29.0774708
42.1337471
48.5388336
51.1487617
48.4343033
47.6822166
45.3060570
46.8003616
47.8901482
43.6215210
34.7288704
24.9215164
19.0775433
16.3653660
14.5455647
13.8831072
14.9417229
16.6536980
16.0925369
10.1542912
2.5641854
1.5544342
1.2243676
0.8439249
0.6706125
0.5856991
0.8878397
1.0553620
1.1985691
1.1895108
1.2277592
1.0342201
0.6554811
0.9094208
0.8696828
0.4767680
0.3637909
0.4230821
0.7787092
0.7737734
0.8787335
1.1007290
1.1080961
0.6922796
0.6554976
0.7608891
0.8142055
0.6121331
0.4918780
0.5708504
1.0994680
1.3948298
1.2259630
1.0231618
0.7788190
0.7978973
0.5535518
0.6306561
0.8171474
0.8115083
0.6241401
0.5614510
0.6857360
0.7328476
0.6379111
0.7127197
1.1140308
1.1345823
0.8803756
0.6779497
0.6757724
0.8872894
0.8486125
0.8764843
1.0395527
1.0341078
0.9468229
0.9737514
1.2029669
1.1866387
1.0497714
1.1883421
1.0255286
0.8392276
0.7460343
0.7133725
0.9586394
1.0836041
0.8402892
0.6821051
0.7082734
0.6803643
0.6277683
0.5285818
0.6229262
0.7834175
0.8912819
0.9014307
1.0726314
1.2185599
0.9016118
0.6233410
0.6401128
0.7628375
0.7096046
0.6247369
0.7466058
0.5513399
0.6530831
0.9929835
0.9506651
0.6383822
0.6032856
0.8358113
0.7908335
1.1333215
1.0757624
0.8718936
0.6304884
0.6845463
0.8834121
0.8518143
1.0639119
1.0769277
1.0009803
0.7398196
1.5335414
11.7934732
33.2266083
55.6927032
64.6975555
48.7923660
23.6506367
9.8938723
3.6286302
1.2763044
0.5883425
0.2353939
0.2746816
0.5418953
0.6831033
0.8035072
3.5310521
55.5947304
174.2704010
292.2488098
339.7963867
287.2500610
171.4209137
117.4070663
66.4042435
66.8911285
75.7751999
89.1916046
106.9020615
28.6973534
1.7004542
0.9941229
5.4170022
29.3633385
87.6220627
106.7633591
80.3244171
44.2609520
30.8595486
24.6985264
18.6692696
24.3266983
44.9198265
51.1364288
36.6165771
21.6672859
10.9233265
3.3800862
0.7876545
10.8473845
72.0399094
148.6788635
164.1753387
121.9097900
76.2040634
47.2669144
24.5281067
29.6169109
65.3540192
67.0764160
62.8797569
55.0560303
47.9457321
40.3559380
30.7539577
19.7240448
33.4886513
48.8147430
36.0326538
14.4759235
3.7758393
2.2055421
19.6500492
72.3794785
115.1474609
111.3263016
101.9067307
100.1948700
93.0132446
49.5444908
11.5073748
1.9307678
1.1708673
0.5995476
4.5762911
14.4058161
23.2091503
18.2056313
7.0046649
7.3432703
12.7281742
15.1051388
11.9186745
8.9407578
11.2520704
15.1259689
17.2968044
19.1225224
19.0634689
15.8523407
13.3543978
11.1276464
14.8514385
18.1343594
16.7149887
13.6700535
13.9875002
9.6781940
3.4745076
2.3138752
1.7597451
7.1155982
16.9697018
19.8782387
14.1304684
7.1163020
3.4614062
1.8141940
1.6913855
1.2418870
1.2431681
1.2589991
1.1478865
0.5861171
0.4120694
0.5756240
1.2295498
2.0372066
1.4754283
0.6442304
0.5555784
0.7708600
0.7444961
0.7316316
1.1329623
1.6793330
1.4933438
1.0464282
0.9389544
1.1906856
1.3395491
1.6795056
1.9643335
1.4830121
1.1739095
1.0424352
1.2521602
1.7933537
2.1003742
1.5548255
1.2562506
1.0233729
0.9457803
1.1325593
1.0610129
0.8704470
0.8981394
0.8310724
0.8951001
0.8023217
0.7199272
0.6538581
0.8363416
1.0763646
0.8253130
4.1017518
17.8864403
60.6369362
132.8811646
201.4715576
235.4944000
228.5416412
194.2511292
159.3003845
128.1543427
92.2308960
38.6612244
162.6195526
153.1063843
73.3259277
14.8484154
2.0087099
5.3684549
18.2320290
41.2135010
73.8713074
91.5394897
122.3374100
147.1673889
127.8423843
79.8847809
44.7980194
33.5100861
21.1135006
13.7051468
8.5104675
13.1838770
26.4661331
24.6654930
14.6242228
9.2446203
7.7192841
6.0090551
13.8955450
48.8896408
75.4281235
79.1560974
73.1825562
69.7255249
71.2893219
60.7238464
35.5856514
16.4068108
8.9185505
5.2473235
3.0661836
2.6139126
3.5442033
5.2904043
7.6337085
12.5043182
21.2283878
28.3592319
30.6987953
27.0961819
22.0837173
20.7562084
25.5667133
21.4033909
12.7722721
4.1139002
3.3104088
5.7770090
5.0498953
3.9308059
2.5484293
2.7082529
1.8475887
1.1123292
1.6300567
2.4721222
2.4141359
0.8262395
0.3533809
0.3705661
0.8283564
1.1522607
1.0393720
0.7628179
0.5245605
0.6340413
0.8794147
0.5961695
0.4615441
0.6822838
1.1722671
1.0355279
0.7882909
0.6757126
0.5547253
0.4595881
0.4522118
0.6918426
0.6291794
0.8394657
1.2279549
0.9392709
0.9159879
1.0278022
1.1214430
1.0072678
0.8271121
0.7669383
1.0785664
0.8256903
0.6201324
0.4982980
0.5568475
0.7210342
0.7951074
0.6224102
0.7258974
0.6980326
0.7653631
0.8191544
0.8655005
0.8654631
1.0575316
0.8867793
1.0219163
0.9450672
0.6270552
0.8456120
0.8092083
0.9179130
0.8606587
1.0215112
0.9300854
0.8797619
0.8243374
0.4693388
0.5738342
0.8296877
0.9029942
0.7323700
0.6760226
0.9023497
1.1828920
1.0330634
0.8610727
2.4363317
17.3425770
53.0862923
83.6808701
82.9862442
66.5937653
55.4020004
43.3431396
39.9618912
55.9673119
49.0577202
17.3774529
4.0495610
1.4104204
3.0204883
13.3883934
32.7501373
39.2727852
36.7140045
36.1667213
48.7157860
57.5892677
52.6860275
47.8459473
46.0825996
43.4088478
35.9922447
30.0846558
20.7229347
9.5644665
6.6446238
11.2234783
19.7584286
24.9524727
24.7931080
21.4619675
18.2704258
16.8732204
14.3100462
11.5512571
10.6113472
10.9927387
10.4404449
12.3743534
16.6984253
15.2578526
5.7094421
0.3176237
0.5072932
0.6146083
0.6487287
0.8586739
0.8779821
0.6063587
0.7317053
0.6625340
0.8230706
0.9915119
0.8600366
0.7953514
0.7785341
0.9223174
1.0309103
0.8128952
0.6105195
0.7344233
0.9574972
1.0587933
0.8896235
0.7344332
0.7162116
0.8302026
0.8645064
0.8391371
0.9576195
0.7515872
0.8107966
0.8389698
0.9000199
0.6086482
0.5945003
1.1109831
1.8189185
1.6342926
0.9094352
0.4475034
0.2979040
0.4278677
0.7872221
0.9261372
0.7776374
1.0500855
1.1696780
0.8740054
0.6689916
0.6060041
0.9871281
1.0143695
0.8771402
0.8315541
0.9986508
1.0416176
1.0218157
0.8703767
1.1251647
1.0073822
0.6588083
0.7881062
1.0234926
0.5924815
1.1630199
2.2087731
2.5652692
1.4015403
0.6193698
0.6490766
0.9063005
0.9558119
0.6858128
0.6883761
0.9415715
1.3465457
1.5135152
0.8958212
0.5853853
0.6202703
0.6769884
0.9854004
0.9830484
0.8944192
1.0489576
1.2573674
1.0017923
0.6752263
0.6723762
0.5405059
0.5580701
0.6415948
1.0469477
1.3703115
1.3843383
1.0223452
0.7672211
0.7224900
0.6570094
0.7304037
0.8238642
0.7560923
0.7843744
0.8602988
1.3849673
1.6903658
2.1975303
18.9848900
67.9513855
112.6482315
113.5614014
99.3090897
106.5689926
115.8483734
102.5842743
72.6993256
36.0760956
31.2799301
12.4510279
4.8933687
2.7822461
11.6516066
41.8120422
51.0107384
59.1861572
65.5930405
63.2108955
62.7796593
71.7081299
79.0626221
95.0547409
104.7796478
102.8120422
85.3253098
65.3078156
78.8357925
117.2890396
70.1492462
19.1297493
19.6291924
23.4934864
24.9375877
23.7559090
20.3402576
17.8119812
14.5701151
14.1989517
16.0904770
13.9072971
10.4087896
8.3405571
5.8594651
3.7574761
2.7684937
2.6278131
4.7904043
8.5950880
12.7136154
16.0450554
16.7599335
17.4196968
26.3261852
37.6441650
39.1902771
34.2013474
32.7094345
36.3609734
47.8899498
59.2731400
53.9558182
41.6941147
38.7829514
38.6521797
42.8197670
57.3053627
55.0985832
47.3723030
46.2368851
48.8471031
43.5086288
33.5032578
22.2660179
20.8859291
27.3850555
21.5317516
12.4321947
7.1355495
8.8104877
6.1967392
2.1524374
0.5244219
0.5979641
0.5480385
0.5682502
0.6981605
1.1705544
1.1094651
0.9133407
0.6556445
0.9259155
0.9025100
0.9093980
0.8561943
0.8055818
0.9876202
0.8491939
0.6395256
0.6008707
0.8365784
1.0654893
1.0693091
1.0356386
0.9485532
0.4388561
0.3311504
0.5176747
1.0634372
1.4844326
1.2062329
0.9301838
0.6738188
0.7459112
1.3860066
3.0544269
3.5634696
1.4255264
0.3322938
0.1691172
0.4498641
0.8471876
0.7418870
0.6077504
0.7640842
0.7230607
0.8838525
0.8934226
0.7059451
0.9558158
1.1694498
0.9493365
0.5484760
0.6372632
1.1897228
1.4902076
1.1322520
0.7251874
0.6855401
0.6674540
0.5218394
0.6033630
0.7755762
1.3133876
1.4052833
1.9158988
2.7870252
2.3637266
0.8211977
0.9067170
0.6733971
0.5316593
0.6142290
0.5922146
0.6390283
0.5746766
0.8017703
1.3654832
2.1553540
3.0400794
4.3844180
5.5865760
5.8665771
5.5613823
4.9902425
4.1694098
12.4736557
31.1399040
41.6609955
34.7967834
27.6709480
34.0188866
38.4775200
29.3154869
12.3828831
24.8329811
40.9450951
43.3530502
44.1739082
45.1434784
38.5858917
31.4932919
37.8818817
55.3161888
54.7491837
50.1098595
49.0916901
53.8855591
54.2622375
64.2353134
35.2755051
25.5933990
27.4152527
30.8871040
49.8426895
99.6727142
164.3648376
186.0612640
135.2510986
77.7102585
33.2376747
33.7376671
42.3254547
43.7559090
42.5759735
39.9831238
32.7901382
20.0706329
11.7868099
4.0937324
1.3061900
9.0098457
23.9043827
30.4576149
20.5969753
6.5814018
1.7077116
0.7859374
0.7626793
0.7018482
0.7250196
12.3415747
32.1591835
36.6034927
18.8453274
3.7963481
3.2021370
7.5275583
17.4983463
31.5829067
49.8192635
59.4042931
53.1293869
45.7198334
45.9623299
44.9951248
33.8337593
13.3183165
12.3593760
15.8117790
17.4058800
19.0450916
13.9220562
7.8690190
4.0877519
2.0542967
3.6652970
2.5225072
1.6239268
3.8814666
10.1188383
14.7989416
14.3370161
11.9848061
9.5385599
6.6076136
4.4325294
3.4059632
2.5864389
1.8728113
1.7263591
1.4782543
1.1971290
1.1507430
1.2636763
0.7239278
0.4433269
0.4710785
0.5897484
0.8526129
1.1873364
1.1072791
0.9820774
0.7491320
0.5124182
0.5084611
0.6215219
0.7293190
1.0551100
0.9499292
0.8341601
0.7847746
0.7923456
0.7379651
0.7909470
0.7224114
0.6025090
0.8370324
0.9824566
0.7271380
0.5068601
0.6513489
1.1280551
1.0287796
0.4801216
0.5990410
0.8908939
0.8166946
0.5571138
0.7407000
0.8556107
0.8934771
0.9128617
0.7864341
0.6050778
0.5011356
0.6181287
0.7297469
0.7582992
0.6238704
0.6777468
1.2866893
1.4478294
1.0291990
0.7551667
0.8237351
0.8081482
0.5535181
0.5013036
2.2620487
11.4936514
23.8514099
28.0664501
22.7072735
14.2029037
12.3049831
12.9804459
12.3785276
11.9635677
14.1481657
19.5197773
31.2511215
54.3896408
85.4888840
113.9320297
117.2202530
104.2862473
116.9963379
171.0501556
120.6573257
47.6328468
10.7963133
2.3924387
0.0900407
0.1381911
0.6015753
1.3988169
5.2395153
17.0864563
31.6023121
35.0954361
25.5965176
14.0839996
7.8120131
7.4068832
6.0959568
5.0953398
10.3582287
15.3420362
33.4069824
52.7893219
56.3175583
45.0297241
34.3443146
21.0865574
43.8236351
46.3804283
33.2760048
30.9296532
33.1011124
30.5243950
26.1559219
34.7024841
41.5924416
34.9489212
20.5843620
9.8649168
8.7348480
5.5952582
2.1555779
12.1462898
32.6237450
45.0245514
36.8549118
22.2889709
17.8789024
23.8547268
32.1595268
33.6306801
31.6345024
31.9555779
28.8948326
26.9733543
33.2536125
36.9805145
27.0041637
16.1594963
10.6820774
14.1033173
15.0309191
10.7374563
6.9266949
8.7713127
6.7079544
3.7104356
6.8116922
10.5991287
9.2599325
7.9837484
8.1398401
9.7411623
9.9170456
6.2774038
2.6228697
3.6453979
5.1611905
4.5542092
2.5884209
2.8042440
4.0063505
4.1861525
4.2630548
4.7215738
5.8528924
7.6385183
9.6212482
9.3617401
6.6780868
4.7877102
4.3089433
5.0324497
7.0283222
7.9449258
5.8413525
3.0154779
2.3381810
1.1953628
0.7756988
0.9175472
1.2139411
0.9418055
0.9190565
0.7655234
0.6004630
0.5868973
0.5854299
0.6982291
0.7479720
0.9269280
0.9966234
0.8784077
0.7123278
0.9060236
0.7441260
0.7062548
0.6311826
0.7712476
1.2327451
1.4223235
0.9652458
0.7057423
0.8685489
0.5678660
0.5048035
0.6426708
0.9739465
1.0440576
0.8343679
0.6847474
0.4862972
0.5949562
0.6586149
0.8832614
0.8390234
0.9519637
1.0306145
1.3565246
0.9005321
0.9144942
0.8696889
0.7246492
0.5114060
0.6129678
0.7538210
0.5355670
0.5703993
0.6632997
0.9528728
0.8936360
0.7124159
0.7127317
0.8741268
0.9662603
0.9766390
0.9976721
0.9620950
0.9145713
0.9768229
0.9184085
0.6897677
0.6016585
0.9250439
1.2361084
1.0132743
0.8319135
0.9262865
0.7339648
0.5747412
0.7352582
0.8377305
0.9789560
0.6936753
0.6294878
0.8610266
1.0452951
1.3973902
3.3520932
7.9567089
12.3912678
11.4974174
4.8467531
0.5399449
0.2423252
0.3359882
0.7691966
1.0731922
1.2055601
2.7728443
4.1198025
2.2060742
0.5518457
0.5736257
0.6185658
0.9668509
1.0907267
0.8308158
0.7089788
0.6999979
0.9515091
1.2555500
1.2536092
1.0167834
0.8777823
1.0993692
0.9472883
0.6553763
0.7392792
0.9135351
0.9627291
0.6952145
0.6016009
0.9010890
1.1901745
0.9580899
0.8549865
0.8836942
1.3362457
1.4958737
1.5457438
1.6313701
1.4152241
1.1968884
1.3558415
1.4390621
1.4318520
2.5033758
6.2877316
11.6089191
16.9278641
23.1852226
24.9733582
17.5612621
9.2158709
5.6859689
7.2579403
6.5324826
8.6844101
10.9175730
16.5762711
34.7656898
80.5403595
146.6457825
189.5491638
184.7257233
143.1953125
101.9227295
81.0042267
126.1873627
106.9965591
63.0675354
18.7396126
69.0307922
98.0117035
109.9957199
61.1021385
8.2707872
0.3601557
0.1078859
0.6275193
19.4896088
58.3641243
68.5192184
46.8652344
25.0190029
17.5523338
14.1121092
6.6511912
14.1969290
25.4585114
50.5319252
69.5058899
63.0655441
48.1574249
37.9598236
26.7081833
19.2660141
19.8801708
26.3577671
28.3224468
40.0854301
50.4130058
49.6306534
52.9691353
71.2359467
73.4068604
56.7168999
36.5210533
20.1273441
9.9723263
3.3963645
1.0091263
0.7483301
0.7641833
3.2861438
28.5449677
69.1529846
87.6044006
68.9524155
51.6019211
48.3652382
40.4573669
50.2949829
64.8404694
56.2539368
67.8450699
78.9073639
75.4661560
73.0629883
88.0792160
104.2301941
89.2801361
57.8547783
35.1674042
28.8120708
30.2211037
35.2096100
40.7886086
50.6527557
48.5915909
42.1269112
35.2635384
42.5294228
44.2031364
34.1650925
19.5881863
17.0289841
22.9294281
20.4771442
11.1612263
9.5527744
19.8321991
28.3525848
24.2434769
13.9432459
9.3428984
8.8298321
9.2854767
8.5798683
6.9517632
5.8756590
6.4499154
6.2559085
5.8183365
5.6185207
3.7948074
1.5081364
0.6161061
0.4037605
0.8880797
2.3182721
2.0705206
0.8715000
0.4314876
0.5836293
0.7741399
0.7223675
0.8842806
0.6968372
0.5145266
0.5642694
0.5079055
0.7331613
0.8048739
0.7255069
0.9382409
1.0865825
0.9238697
0.7953109
0.7932239
0.8560549
1.0277570
1.0379672
1.0690198
1.1093415
0.9187905
0.9143020
0.7637007
0.7182668
0.8169186
0.7302404
0.8596187
0.8499086
0.8889829
0.9950310
0.8398376
0.8178226
1.2385609
1.4545822
1.7326329
1.7740470
1.1576447
0.7834893
0.9693770
1.2388682
1.5165932
1.3753481
0.7974552
0.5783917
0.5896221
0.6545978
0.9496372
1.1719654
1.0092093
0.6993743
0.8396583
1.7774309
3.5310514
4.7104087
4.2472444
6.4485488
18.5729923
34.7635574
45.5439568
44.4299545
35.5118256
23.6221523
28.1850643
37.7918854
33.5489883
44.7588234
62.7466698
84.6567307
106.2890244
130.6533813
140.0365753
119.0018845
70.8475494
28.4756775
8.9440126
3.8052931
2.5137734
1.5642405
1.6127648
1.4206634
1.0417826
1.0687102
0.5498958
0.7808064
1.2076446
1.2165825
0.9869688
0.7057875
0.5118651
0.6426860
0.9439309
1.1413008
1.0102141
0.5927438
0.6937416
2.3943553
5.9399204
7.5134163
5.1969652
4.8757443
18.6242867
43.6233597
69.7251892
85.6138229
88.8822250
93.8722534
101.0147934
96.3127136
81.0810776
51.8612900
34.1817245
3.0562384
0.3675556
1.9864378
21.6876068
101.2564697
163.5166779
183.3610840
191.0718384
190.1902618
161.6409912
122.4408035
86.9541779
51.5273094
47.5633278
8.9586220
6.5467877
11.5545549
9.5922537
10.9969730
28.6027184
57.3448105
63.4777107
54.5871658
42.6307373
30.7228012
18.0544624
47.9260330
65.9269562
54.9922562
51.9520073
58.7458801
65.6737442
61.3780823
46.2889404
30.1887722
19.1127377
11.6040745
6.1859007
2.3400590
0.9372985
0.5365218
0.5815097
0.7109997
0.9068033
0.6969210
0.5090162
0.7995051
1.3870862
1.4882571
0.8683100
0.6104165
0.5020397
0.5859069
0.6906990
0.7949769
1.0607473
1.1666182
0.9890438
0.7931972
0.7747054
0.5486946
0.4754131
0.6186946
0.9601995
1.1960735
0.9906576
0.6585715
0.7132424
0.7044771
0.8563438
0.7465250
0.6188368
0.5783309
0.6510192
0.7837937
0.9575932
0.8479702
0.5690856
0.5467035
0.7819912
0.9156581
0.6879746
0.5958224
0.8858419
1.3363242
1.4537356
1.0603199
1.0023168
0.8358748
0.6509465
0.7016364
1.3586559
2.1071830
3.0005643
3.4958372
4.5724597
13.4822502
31.0766087
40.4444122
32.1983643
21.2015972
16.9557571
12.9700317
27.0896912
37.4997025
39.1597404
39.9005013
35.7750397
35.6826477
35.8339729
45.4116974
56.2481003
59.1071091
45.2092209
23.1161423
5.5019341
0.4596306
0.3763150
0.5333773
1.0309571
1.8881660
2.4775045
1.3842380
0.5567063
0.4844145
0.3953755
0.3960989
0.5932848
0.7363688
0.7343933
0.7556862
1.1957581
1.6291871
1.1709168
0.6042744
0.4406776
0.7634382
0.9085892
0.6531413
0.5260521
0.6870123
0.7102295
0.6639798
0.7593843
0.6443141
0.6681814
0.8644054
0.8259335
0.7097090
0.5683529
0.7562061
1.0152171
1.3441770
1.0544394
0.6864199
0.7228004
0.5832397
0.7354170
0.8253118
0.8621669
0.7235464
0.7898900
1.0884233
1.2880058
1.4843624
1.4201963
1.1698284
3.9254422
11.5071993
21.7375622
44.1022606
74.2770462
81.3803864
57.3528862
26.5750103
9.4329453
1.8532962
0.2721786
0.5436482
1.0485533
3.0979769
13.9827490
24.0615101
23.0384941
18.2535229
13.8129225
18.9350319
36.2836037
59.6832733
86.5261459
94.7515793
97.2048492
88.8667603
70.0233917
58.8399811
87.5622406
65.6952972
21.2491341
5.2432966
1.5473106
1.6487780
8.0771551
10.1336250
8.9309006
28.8347359
70.7868118
90.0793076
79.3937302
69.9969482
75.3855591
78.6090698
74.3261871
87.4471741
66.0970459
31.0655594
16.2214050
7.2314630
1.6844937
0.4603240
0.2414122
0.4074692
1.2216485
1.3551501
0.7472672
4.7661200
26.7661381
52.4022255
56.5849686
42.7347298
38.0365295
36.5858002
28.0921249
28.8835468
34.3308983
16.9665852
3.7244713
1.9755483
2.3297029
10.3804083
30.2576561
47.4035225
56.1036720
60.4178963
63.7214737
58.5210876
48.4476852
37.0940475
26.9995041
50.0918159
48.4268532
34.7691689
23.8642540
17.1701965
11.2541952
7.2811909
7.0322819
11.7361851
16.9765320
18.5681572
15.7248402
11.0566578
9.0493011
8.1093731
5.4493513
3.0985179
1.8875654
1.2888087
0.9392353
0.7128916
0.8458630
0.8933719
0.8824126
0.7813318
1.0832731
1.2736435
0.9885229
0.5297599
0.5378684
0.8334957
1.0735507
0.5319016
0.1381932
0.0270405
0.0000630
0.0000000
0.0000000
0.0000000
0.0000000
0.0000000
0.0000000
0.0000000
0.0000000
0.0000000
0.0000000
0.0000000
0.0000000
0.0000000
0.0000000
0.0000000
0.0000000
0.0000000
0.0000000
0.0000000
0.0000000
0.0000000
0.0000000
0.0000000
0.0000000
0.0000000
0.0000000
0.0000000
0.0000000
0.0000000
0.0000000
0.0000000
0.0000000
0.0000000
0.0000000
0.0000000
0.0000000
0.0000000
0.0000000
0.0000000
0.0000000
0.0000000
0.0000000
0.0000000
0.0000000
0.0000000
0.0000000
0.0000000
0.0000000
0.0000000
0.0000000
0.0000000
0.0000000
0.0000000
0.0000000
0.0000000
0.0000000
0.0000000
0.0000000
0.0000000
0.0000000
0.0000000
0.0000000
0.0000000
0.0000000
0.0000000
0.0000000
0.0000000
0.0000000
0.0000000
0.0000000
0.0000000
0.0000000
0.0000000
0.0000000
0.0000000
0.0000000
0.0000000
0.0000000
0.0000000
0.0000000
0.0000000
0.0000000
0.0000000
0.0000000
0.0000000
0.0000000
0.0000000
0.0000000
0.0000000
0.0000000
0.0000000
0.0000000
0.0000000
0.0000000
0.0000000
0.0000000
0.0000000
0.0000000
0.0000000
0.0000000
0.0000000
0.0000000
0.0000000
0.0000000
0.0000000
0.0000000
0.0000000
0.0000000
0.0000000
0.0000000
0.0000000
0.0000000
0.0000000
0.0000000
0.0000000
0.0000000
0.0000000
0.0000000
0.0000000
0.0000000
0.0000000
0.0000000
0.0000000
0.0000000
0.0000000
0.0000000
0.0000000
0.0000000
0.0000000
0.0000000
0.0000000
0.0000000
0.0000000
0.0000000
0.0000000
0.0000000
0.0000000
0.0000000
0.0000000
0.0000000
0.0000000
0.0000000
0.0000000
0.0000000
0.0000000
0.0000000
0.0000000
0.0000000
0.0000000
0.0000000
0.0000000
0.0000000
0.0000000
0.0000000
0.0000000
0.0000000
0.0000000
0.0000000
0.0000000
0.0000000
0.0000000
0.0000000
0.0000000
0.0000000
0.0000000
0.0000000
0.0000000
0.0000000
0.0000000
0.0000000
0.0000000
0.0000000
0.0000000
0.0000000
0.0000000
0.0000000
0.0000000
0.0000000
0.0000000
0.0000000
0.0000000
0.0000000
0.0000000
0.0000000
0.0000000
0.0000000
0.0000000
0.0000000
0.0000000
0.0000000
0.0000000
0.0000000
0.0000000
0.0000000
0.0000000
0.0000000
0.0000000
0.0000000
0.0000000
0.0000000
0.0000000
0.0000000
0.0000000
0.0000000
0.0000000
0.0000000
0.0000000
0.0000000
0.0000000
0.0000000
0.0000000
0.0000000
0.0000000
0.0000000
0.0000000
0.0000000
0.0000000
0.0000000
0.0000000
0.0000000
0.0000000
0.0000000
0.0000000
0.0000000
0.0000000
0.0000000
0.0000000
0.0000000
0.0000000
0.0000000
0.0000000
0.0000000
0.0000000
0.0000000
0.0000000
0.0000000
0.0000000
0.0000000
0.0000000
0.0000000
0.0000000
0.0000000
0.0000000
0.0000000
0.0000000
0.0000000
0.0000000
0.0000000
0.0000000
0.0000000
0.0000000
0.0000000
0.0000000
0.0000000
0.0000000
0.0000000
0.0000000
0.0000000
0.0000000
0.0000000
0.0000000
0.0000000
0.0000000
0.0000000
0.0000000
0.0000000
0.0000000
0.0000000
0.0000000
0.0000000
0.0000000
0.0000000
0.0000000
0.0000000
0.0000000
0.0000000
0.0000000
0.0000000
0.0000000
0.0000000
0.0000000
0.0000000
0.0000000
0.0000000
0.0000000
0.0000000
0.0000000
0.0000000
0.0000000
0.0000000
0.0000000
0.0000000
0.0000000
0.0000000
0.0000000
0.0000000
0.0000000
0.0000000
0.0000000
0.0000000
0.0000000
0.0000000
0.0000000
0.0000000
0.0000000
0.0000000
0.0000000
0.0000000
0.0000000
0.0000000
0.0000000
0.0000000
0.0000000
0.0000000
0.0000000
0.0000000
0.0000000
0.0000000
0.0000000
0.0000000
0.0000000
0.0000000
0.0000000
0.0000000
0.0000000
0.0000000
0.0000000
0.0000000
0.0000000
0.0000000
0.0000000
0.0000000
0.0000000
0.0000000
0.0000000
0.0000000
0.0000000
0.0000000
0.0000000
0.0000000
0.0000000
0.0000000
0.0000000
0.0000000
0.0000000
0.0000000
0.0000000
0.0000000
0.0000000
0.0000000
0.0000000
0.0000000
0.0000000
0.0000000
0.0000000
0.0000000
0.0000000
0.0000000
0.0000000
0.0000000
0.0000000
0.0000000
0.0000000
0.0000000
0.0000000
0.0000000
0.0000000
0.0000000
0.0000000
0.0000000
0.0000000
0.0000000
0.0000000
0.0000000
0.0000000
0.0000000
0.0000000
0.0000000
0.0000000
0.0000000
0.0000000
0.0000000
0.0000000
0.0000000
0.0000000
0.0000000
0.0000000
0.0000000
0.0000000
0.0000000
0.0000000
0.0000000
0.0000000
0.0000000
0.0000000
0.0000000
0.0000000
0.0000000
0.0000000
0.0000000
0.0000000
0.0000000
0.0000000
0.0000000
0.0000000
0.0000000
0.0000000
0.0000000
0.0000000
0.0000000
0.0000000
0.0000000
0.1054789
0.7959160
1.8734980
2.3994427
2.0257039
1.3854687
1.1564173
1.0554811
0.9868135
1.0033280
1.0006827
2.1040969
14.8030844
37.4884644
51.8527222
50.3760185
41.2367249
33.4639359
20.7579479
14.7106638
9.0473680
5.1240067
28.5095749
91.9827118
133.1795654
111.2430649
74.0375443
57.9865608
50.6973000
41.3134232
28.8933010
21.0631161
18.2796650
18.9867153
14.1456575
4.9954820
1.9467202
0.9403754
0.7150595
10.7582092
29.7396469
41.3473053
50.2272377
73.2774734
88.0428238
73.5745316
59.2286339
44.1482773
46.7461395
40.7111168
66.6159058
79.1199570
58.7250328
28.0474930
10.7930498
1.0403622
2.3402932
11.4308920
50.6217766
97.1669312
89.7784195
40.8675919
7.5034981
0.9107159
1.7290339
39.5478096
160.3482819
232.5112457
212.6847992
153.6141815
108.8818893
66.3433151
39.0613556
34.3868370
27.2621479
33.6453209
48.0701447
52.3030281
36.4976540
20.2236557
6.2826462
3.4474688
6.5521255
11.1078224
27.5048733
54.9507027
65.2279816
50.9947968
33.0259247
23.3153343
23.6407242
33.7198715
41.7161674
30.0244751
26.0105648
32.5139847
38.7476768
30.4416389
16.8134003
13.5904102
15.6136370
13.9136553
15.5382957
29.2299767
49.0976486
48.5147209
36.2792969
33.1053314
31.7016010
27.0479774
17.4417267
8.0537071
18.6903591
21.6930580
18.4522343
15.9939327
17.2205124
22.6208401
30.0096798
32.9611359
34.6613541
38.9473686
35.4846077
24.8959217
11.8770332
3.3227303
2.7232254
12.4179430
17.8087273
21.3299217
22.6098156
23.0214748
20.6736717
15.6622772
7.1528444
1.0418855
1.7236525
0.4486457
0.3581400
0.6764221
0.9838880
1.1801246
1.2636732
1.0875185
0.9418949
0.7558390
0.6834676
0.6046042
0.5553226
0.7612593
0.8168036
1.0390913
1.0835917
0.8081508
0.4703850
0.4711073
0.9119465
1.0252219
0.8487504
0.6397154
0.8021473
0.7773694
0.5035072
0.5888537
0.6230639
0.8925596
0.9382770
1.0397216
1.2146850
1.1063398
0.7326095
0.6710943
0.5618994
0.7855480
1.1791154
1.3772680
1.0415865
0.9054900
0.7478147
0.5038718
1.0983627
10.5149097
43.9122925
84.6821747
93.7191238
73.2811432
66.0145416
70.6446075
76.0471649
76.8408279
69.2519760
43.9026794
61.6163750
89.4105835
92.5115738
91.6408005
70.5174103
42.0824738
27.6639233
20.1560535
25.3146019
70.8250351
130.9691467
140.5063019
138.3933411
105.8210449
55.4758339
15.9836283
6.5331621
7.9862757
20.9819374
28.7211056
32.1853180
24.4118309
17.2361069
16.5287285
20.2182426
16.0484810
15.9383593
29.4526558
51.6525230
52.1749725
50.3294334
49.4502373
43.5419235
34.7631416
28.6608849
20.5487938
15.8180370
23.7455845
32.0001984
29.4489098
16.5498829
9.3087673
7.7156663
24.2900238
50.8272095
43.7992706
23.5752201
10.5458565
3.8861365
16.1384354
27.2277565
20.8169308
9.1028843
6.0161791
6.3008041
12.2971230
22.8542995
28.3327808
27.3850193
28.1273193
31.0190296
30.1434937
22.7524700
11.5603714
16.9997540
21.1316605
20.8930874
19.2149963
14.7131128
8.4855661
3.3386054
2.6662455
3.0043163
4.4952745
6.0256615
5.4518371
4.7844801
4.2143745
3.0390463
3.0678687
3.6246400
3.6200471
3.2056327
2.4404087
1.4522431
1.1280832
1.2681203
1.8701925
1.6787907
1.0503212
0.9193404
0.9070454
1.1150510
0.9110839
0.5437326
0.6383462
0.5297430
0.4664688
0.5995424
0.6154742
0.5939861
0.5126202
0.7074299
0.7859677
0.6700166
0.6400267
0.6065643
0.7347372
0.8202100
0.9944553
0.9264493
0.7281741
0.5697242
0.6360801
0.5274659
0.4361207
0.7317626
1.0839711
1.1491866
0.8871069
0.6506360
0.5651109
0.6255844
0.7780927
1.1602113
1.1739939
0.9121208
0.8377097
0.6706793
1.1913953
1.3938649
1.8193476
2.0745249
2.1599033
1.5841053
0.8308665
0.7498376
1.0992637
1.0603222
0.7541181
0.4078587
0.5849922
0.8922701
1.0423776
0.8545353
0.6572253
0.5999047
0.9867272
1.1382049
0.7512593
0.5792954
0.6644824
0.8662553
1.7805104
3.4924405
4.4764395
6.3194723
11.0502415
13.7339058
9.2762146
1.2975935
0.2580493
4.7341552
19.5982533
37.0851440
45.5887146
51.5967026
59.3018341
61.9418869
45.2292099
27.6678257
16.6733150
13.4432096
13.5168495
20.1837139
27.2460575
39.3008385
34.6205864
12.7372551
0.3566702
0.2319783
0.4416852
4.5738220
46.6565742
108.1463165
132.8133240
95.9384842
54.2933998
30.8536797
18.8083763
9.3049755
9.6989479
27.0625000
35.8145752
26.3812180
21.9486504
34.4017982
42.3755417
35.2587662
16.7335434
8.0435019
9.6712971
62.4318466
139.8224945
147.2479095
108.0364456
85.3038864
58.9439240
39.6506157
62.4336205
44.4540176
19.7396183
15.8355160
18.3673649
19.1578846
41.3295212
46.4079208
30.4228096
20.9439869
16.9348412
15.6393480
11.6693516
7.0429049
1.5527020
1.0265913
6.6830788
29.3328590
69.2109222
117.3055573
150.7905121
148.0494995
111.8982162
69.6270828
37.9722824
37.8818817
79.8624115
79.6445923
66.1999588
50.2078400
47.8103027
48.4574547
35.3596230
19.3712826
19.8651314
13.4084272
3.6228020
0.5573665
3.6828101
12.5684652
18.3040485
11.0828342
1.9709994
1.2944355
1.2278173
0.8842214
0.6256665
0.4602568
0.6048621
0.6108092
0.7404540
0.7694321
0.7881065
0.7274994
0.8078069
0.8955001
0.7860912
0.7872519
0.9003490
0.9985872
0.7691253
0.5654943
0.5583103
0.5674338
0.6710985
0.8165736
1.1291468
1.2887264
1.1324118
0.9947518
0.7574847
0.5703979
0.5220967
1.1744618
2.7712333
3.5036674
1.7795739
0.5257822
0.4064966
0.5848825
0.8775305
0.9685661
0.7475010
0.4481975
0.4350185
0.8236198
1.3511600
1.2141329
0.6171585
0.5687973
0.5418937
0.6290178
0.8540657
0.8290467
0.8863892
12.8897591
63.1306686
133.7399750
161.6405792
137.1152954
105.4633255
95.7489395
68.4775543
46.2808418
99.0290146
72.3461685
38.2238388
19.5423393
13.1125793
4.8863158
4.2956843
19.6901093
53.8566246
74.6355133
88.8839874
100.9397659
119.4108658
98.2510681
66.1217957
47.6780167
46.2262611
106.3367157
118.4685898
88.2949066
60.6856995
39.0034065
27.1856232
36.8147087
28.3859901
12.7440357
14.4267902
20.1951618
23.6470604
22.3656158
16.5950203
8.8359499
6.3724804
9.6438856
10.7835083
9.2738533
6.8219466
4.2338772
2.6298943
1.6438401
1.1366512
0.7669066
0.6142840
0.5701422
0.3391652
0.4217044
0.8429438
1.0308924
0.7356632
0.7376269
0.8452463
0.7776870
0.5607162
0.5219218
0.6110527
0.7467113
0.7099213
0.9492836
1.1575929
1.1043277
0.8397400
0.9376549
1.1193818
1.1215084
0.8104655
0.8070130
1.0881990
1.3982124
1.2512448
1.6270012
1.7135367
1.7364509
1.6688535
1.3885864
1.1090219
0.8802484
0.8616958
0.9880043
1.4547522
1.2997392
1.1432840
1.3436425
1.6369125
1.6913944
1.4781458
1.4787318
2.0332875
2.0532444
1.3609537
1.0170552
0.9367228
1.0391150
1.1722451
1.3793132
1.2332761
1.0810596
1.0762280
1.0559850
0.9842246
0.9570152
0.8269567
0.6008630
0.5390940
0.8540938
1.3390110
2.4384685
2.9046750
1.9273732
1.1905020
1.1444399
1.2141713
1.3466845
1.0262568
0.7761408
1.3524674
1.2797910
0.7995154
0.4742125
0.7628700
0.9895507
1.1399137
0.8724779
0.6222651
0.5022294
0.4634033
0.4908665
0.7582004
1.4167260
1.6652118
1.1984700
0.9839848
1.1579342
1.5530978
1.7260880
1.5765574
1.2281895
0.7388631
0.4658640
0.5008477
0.8439004
2.9091074
8.5357523
12.3110657
8.5686235
1.1974024
0.3356188
0.2141611
0.3817181
0.6325490
1.6659383
3.5357890
3.5983326
1.9649150
1.0141450
1.3398614
1.7456213
1.6198784
1.5569015
1.7678212
1.4153662
1.0429313
1.0473017
1.1030921
0.7484879
0.9240363
1.0061601
1.1905215
0.8818196
0.4847050
0.8200482
9.3272009
42.9243698
90.1596146
118.1577606
109.5635605
82.8093567
57.1964378
26.6511059
7.2517462
1.4210880
0.4278392
3.5298820
23.8543968
49.0427818
50.8134003
54.9553337
81.0654144
85.2223969
57.8033829
19.6894264
14.4052258
1.5743459
0.8519447
10.3002834
32.1369095
35.2548981
50.4938660
80.2703323
94.4206161
87.4010162
81.5517883
71.9526291
90.8759079
83.4121323
47.1344147
18.8169289
8.2537718
1.7249069
0.2453366
0.4145663
1.1115854
1.2329301
1.0423564
0.7637182
0.6877670
0.9489260
1.4729335
1.6988957
1.5602561
1.3517383
1.2818629
1.2539204
1.1398317
0.9389393
0.8340886
0.8355676
0.7792705
0.8960102
0.9578912
1.1070647
1.3411775
1.5885729
1.7138104
1.4181981
1.0088055
0.9003781
0.7890901
1.0983877
1.0725880
0.7331521
0.6621826
0.5416892
1.9662750
18.2706795
62.3643227
109.7557220
124.8052216
113.1037521
94.6205139
73.6287460
44.5326004
17.5780296
7.1439342
5.7688885
11.2730017
58.5240860
106.8339386
133.0670929
117.7370911
85.8801041
78.7312698
95.6337662
93.2919693
40.8833160
12.1926126
5.9701505
5.3671618
2.6871181
0.8040600
0.2217399
0.4816513
2.6998236
10.3594332
13.4867840
10.7170906
5.3255091
2.3764021
1.1706967
0.8856490
0.6275195
0.4965388
0.6700702
0.6506413
0.8815347
1.5092342
1.6632802
1.0989751
1.2502809
1.3438315
1.2873141
1.0583136
0.7933967
0.6524628
1.2578890
1.4419123
1.2567093
0.8037935
0.4692015
0.5169675
0.5095285
0.7817163
0.7143306
0.6036305
0.7266929
1.2622689
1.3695669
0.9351215
0.7188054
0.6878685
0.6145719
0.7577534
0.8589696
1.0949423
1.1243987
0.9827685
0.9956009
1.2732158
1.1420791
0.8029220
0.8470346
1.0094662
1.0989084
0.8499179
0.9158694
0.7270442
0.8626140
0.9247101
1.1021414
1.8463845
1.9904239
2.2502120
2.8928750
2.6279080
1.2634463
0.6798819
0.8166495
1.2558367
13.9242773
39.1636543
55.5108299
48.7743492
22.7664928
14.3721609
29.8680210
36.1282845
16.8699493
5.9054928
5.0346956
13.1709690
54.8583298
106.4115067
128.0043793
128.2817535
129.9584503
140.6468048
129.4206238
81.3445358
35.5013885
14.6978226
6.9547510
2.4876692
0.7618914
1.0971144
10.2268600
25.1915779
25.7463398
14.9668827
6.5931544
3.5774684
2.4886684
1.9124525
2.5598984
2.0828207
0.8878135
0.3851113
0.3632182
0.5552490
0.6215726
0.5764010
0.8047038
0.8066681
0.6554511
0.8524281
1.0661293
1.1946456
0.8372324
0.6336973
0.6563799
0.8615031
1.1579983
1.9821835
2.6787815
2.1653452
1.0496076
0.6543460
0.8645782
0.6699759
0.5669130
0.5841338
0.7668461
0.9071769
0.8883865
0.8084539
0.7950687
0.9599407
0.8570422
0.8354465
0.7370388
0.9580624
0.6416823
0.4580388
0.5241377
0.7923626
0.6823732
0.5090954
0.4907491
0.5891461
0.6833811
0.5849628
1.0465882
1.1423965
1.2208984
0.8474126
2.5295177
17.4600124
42.2742920
54.2339554
43.4495850
27.1058350
16.4646568
20.9711170
38.2250328
44.4328384
36.2543488
23.8483238
14.8793678
14.4587507
27.8879471
40.2295494
35.4647026
19.3899212
10.9422760
9.0802956
4.0216422
7.0219021
26.0665874
58.5695343
79.7763596
80.0026245
73.1849976
72.2065201
74.4218140
64.3085098
46.5962944
56.2510490
46.8884926
17.2440567
11.4452267
4.8815880
0.3495876
0.3789477
1.3712714
6.1898317
18.4523964
27.4472103
29.2114925
24.1939640
18.5354214
14.9866266
11.6377935
8.2627945
3.3137770
3.1077495
4.2702661
1.6229453
0.5728227
0.6010476
0.5643513
0.5845871
0.8190682
1.0380102
1.0388523
0.7159319
0.6310481
0.6946777
0.8340307
0.9440780
1.2494507
1.6110945
1.4413350
0.9995517
0.6286793
0.6515080
0.8356777
0.6374668
0.7288242
0.7262383
0.8127190
0.9600527
0.6455817
0.6201242
0.5070551
0.5710558
0.7057253
0.9310652
0.7886153
0.6230876
0.5548534
0.7995707
0.8011099
0.6812564
0.6863245
1.9981509
6.1392317
12.5634699
20.1988964
24.9154949
21.6520844
16.6120358
22.1336117
29.7690010
27.6013489
21.4310131
21.4229527
24.7646484
26.5524483
26.9637794
25.9735641
17.2825527
4.1577535
10.0343227
25.5939350
42.3321266
86.7440567
160.3141937
226.1954041
246.0216675
229.4385529
193.6703491
144.9297180
86.5293579
109.0227966
81.8676910
15.6032677
3.7242908
4.2367358
12.4904060
23.4642220
21.2939758
39.8433609
113.0310593
203.6623535
260.9388123
276.0920105
256.2549438
199.8237457
146.0968018
137.3391418
155.7871857
116.1063690
78.0433044
46.3246918
59.4020271
88.3685837
58.2784157
31.7320805
12.2061138
14.9725685
16.8536549
5.8763900
6.0268545
13.0128069
15.2680168
16.6642036
17.4246731
19.7942066
20.5738659
15.7543125
9.4686699
8.0117760
15.5469208
35.6495857
52.5894356
45.5707130
23.4831810
11.9286757
7.3302093
1.9590394
8.1729012
48.1612396
106.4430923
136.4492798
123.7359009
79.2799911
37.9296799
19.0589981
12.7283001
50.9430923
73.7198410
51.6726952
42.7525940
43.1739998
41.5294647
30.4998589
14.1021690
2.4472892
8.8890591
20.6036663
24.0076561
13.7343702
4.7274489
12.2422256
62.3292122
145.3850861
260.7484436
401.1218567
471.3787537
418.2632141
296.7513123
219.8019409
178.7704163
141.1908569
96.2284698
39.3642273
11.1084862
23.7132702
25.6241150
19.9902649
13.6659412
9.3852940
11.9858532
16.0794926
13.9692192
10.1591024
8.9447031
19.5387039
21.2987556
15.2670965
9.0076427
4.0493774
2.5430746
4.5199971
1.4418811
0.6599837
0.3823051
0.5887040
0.6251318
0.7824401
0.6359732
0.6590984
0.9362872
0.8699785
0.6798726
0.6659049
0.6433667
0.8787460
0.7867997
0.5949177
0.7182000
0.7726478
0.8028540
0.9889705
0.7673528
0.8402148
0.9351573
1.2420766
1.2240642
1.0952079
0.8665892
1.0483712
1.1321951
1.0780813
0.8516824
0.8456111
0.8415967
0.7950470
0.9640046
0.9364720
0.9866480
0.8545183
0.5876332
0.5255097
0.6608104
0.6815164
0.7396426
0.9323440
0.9294537
0.6383879
0.6372238
1.5403262
4.3010597
7.1191258
8.2376604
9.6223745
11.3591404
11.6313028
8.7038250
7.8187499
12.7376652
16.4350262
15.4002495
11.2892323
8.6157417
7.4250021
5.8234482
10.0537748
21.1340485
47.3501663
106.0246353
178.8119049
230.1122437
260.4978027
276.2881165
294.9665527
320.9532471
351.3744507
341.1585693
263.6454468
181.7988739
97.4476089
124.0076904
189.7651825
160.2489777
138.7146759
135.0969849
141.1563568
127.6097107
91.6350174
56.0196991
25.0284977
10.6755228
9.8441620
15.2918882
15.0055256
6.8484526
1.0690992
6.0872278
17.0656223
20.5030708
11.3949318
2.9667566
1.0827900
0.7721565
1.3813072
0.7117798
0.2524368
0.3218111
0.3800902
0.6232454
0.9593993
1.5165442
1.6244718
1.1871400
1.1649128
1.0286410
0.8289635
0.7673641
0.7402924
0.9573841
0.8258263
0.4949201
0.5740880
0.6653376
0.6600643
0.7030753
0.7097208
0.7788053
0.8651389
0.8589870
0.8236181
0.7237528
0.7801222
0.7816428
0.6699406
0.7555823
0.7916487
0.8576324
0.9165778
0.8654478
0.5818833
0.4947039
0.6817323
1.3928797
1.3608540
1.0506592
0.9553299
0.7520736
1.0090511
1.0921358
1.1287626
1.0512540
0.8119993
0.7430725
0.5757871
0.5858493
0.9045863
1.3195231
1.7715752
1.6310942
1.4509783
1.0584235
0.8418700
0.6796276
0.7826014
0.8437354
0.7933332
0.9872953
14.3320084
40.6026611
48.9060555
25.6046753
0.5298938
0.0405498
0.2108221
0.4153935
1.0763745
0.7341476
0.6505203
0.7609013
0.9945313
1.1322436
1.0224595
0.7456296
0.8701738
1.0370342
0.8415830
0.7087643
0.6011708
0.6314513
0.7680740
0.6891525
0.6736797
0.8569052
0.9766864
1.0415726
0.8082117
0.7488500
0.9209070
1.0593911
1.0771263
0.6524226
0.5024823
0.5052644
0.4193600
0.6177874
0.8704001
0.8482367
0.7181412
0.7912165
1.0452297
0.7135615
0.5447919
0.6048557
0.6401235
0.9843659
1.1251570
0.8221273
0.8725046
1.5222917
4.1508360
8.7577658
14.6196833
17.2132225
13.9820461
7.1565886
4.2258754
9.2726049
14.3325930
12.9692783
11.4379654
13.1039410
16.8487759
24.4118519
38.7614403
65.9632111
109.9546356
151.0907745
175.4274139
191.1814117
198.6000366
186.7227020
159.1587219
119.0023117
78.9001312
25.9835396
52.4276772
103.3381577
79.8762665
49.4570885
29.3505974
38.3638916
57.0502472
78.0211792
87.1129761
86.1862411
68.1950073
41.8712044
28.1574306
19.9830742
12.2690821
7.2711987
5.1208706
8.8641901
16.6634521
20.1278648
13.8774710
5.7412896
3.5481014
6.7463226
12.2435408
14.8682003
15.5916157
15.3711462
29.0723305
66.2547379
108.4051208
119.0869675
89.1100159
52.6784210
34.6811256
28.2719288
15.8710384
57.2441559
81.2067719
86.1933746
59.4189568
19.4969959
7.5195584
7.2123499
15.0700998
18.5998020
33.3872910
81.9966736
178.7273102
286.4652405
341.0120850
293.1718750
207.6865692
108.6281815
55.8948250
61.1820869
79.7089386
226.3775635
240.0967865
139.2292786
85.4074860
73.8561707
69.7970276
24.3361835
7.2632670
2.9281278
2.5573997
1.9998503
1.3463275
0.8045239
1.2837899
1.6601417
1.4061018
0.8440494
0.8138079
1.1513895
1.3370932
1.0835057
0.7734093
0.6777712
0.7936046
0.9131856
0.9394913
1.1052060
1.0524522
0.6170766
0.4855905
0.5619606
0.7219773
1.0583911
1.1309026
1.0147965
0.8145549
0.9413119
0.8634273
1.0419742
4.9911380
18.5227261
35.1378860
60.3149071
104.8492813
152.8012085
190.8079834
207.1921692
220.0341187
219.4712830
212.1405640
211.4857788
203.8523865
155.9991302
80.2799072
39.2959938
65.1133423
34.4630661
15.1391220
15.6502047
57.1503906
115.5030518
120.0436554
141.2727814
160.3198853
177.7907410
203.7926025
195.9215088
141.7894745
73.6348724
45.4600410
56.2059555
34.1925201
31.1457367
29.6349335
89.3056488
189.7798309
224.5441589
219.9859772
178.4637909
125.6842728
63.7583199
50.3646317
45.0927582
112.6396561
105.2281494
70.6547012
29.4029541
10.2103758
2.0943198
0.7438952
0.6719277
0.5690660
0.4863053
0.6575490
0.8633186
0.9452416
0.9924358
1.1631861
1.0770285
0.7072699
0.5060636
0.7705929
0.7707887
0.8719416
0.7842965
0.8625640
0.6656777
0.5852823
0.4882770
0.5674794
0.6327194
0.8405349
0.9395096
1.0957088
1.0367513
0.7660320
0.6506198
0.5275318
0.5548427
0.8110884
0.9918174
0.7443389
0.9299647
0.6909683
0.4871940
0.5719420
0.5758648
0.6918077
0.8833018
0.8387725
0.6175810
0.5669090
0.5936928
0.5979844
0.5067306
0.6584585
1.0943669
1.0590190
0.9905761
0.8865899
0.8294658
0.7479438
0.6840715
1.0561085
0.8999141
0.6007908
0.4927773
0.5547740
0.5208269
0.6873207
0.9617925
1.0227913
0.6095582
0.6222864
0.5690405
0.8932949
0.9849765
0.9624687
0.6808030
0.5641961
0.6414281
0.6963803
0.7004563
0.6490149
0.8167192
1.0592477
0.9605883
0.8165622
1.0501876
1.1578627
0.6901597
0.7025819
0.7726640
0.8400557
0.9443889
0.6850253
0.8617269
0.8191962
0.8266062
0.5306317
0.5790849
0.8048329
1.2640384
1.3336922
1.0120288
0.6619713
0.6172017
0.7019150
1.1902946
0.9488944
0.4585578
0.4076058
0.5068355
0.6452335
0.6881182
0.9880903
1.0632057
0.9283636
0.9441844
0.8195406
1.0918155
0.9520387
0.5963864
0.6354464
0.5863197
0.8414018
0.9144456
1.0190406
1.4860351
2.0403423
1.6019212
1.4089922
1.4488190
1.7320894
2.0657418
3.5828626
8.9384518
14.5123682
13.4198170
6.4144750
1.3989091
2.8077126
23.1151695
89.0117035
172.6047211
214.2525482
198.5257874
153.3699799
146.3470764
129.1179504
121.1944427
110.4704666
82.0325546
57.0353966
56.7056694
56.9001045
26.8934078
8.5540180
1.6577448
1.4933167
3.7695646
12.6179285
16.3108311
15.2174568
25.0511131
53.0312462
86.9527130
109.3705902
128.6028137
159.8160858
184.6404419
168.3584747
125.4152908
90.0716400
60.0925636
63.1589050
108.6469498
200.2752991
244.4273834
189.8438416
94.3416748
43.3916664
26.2359238
12.7500172
4.2609320
2.5513327
21.0875435
57.4156494
71.5157089
39.4819527
4.5028076
0.1453388
0.2963770
6.2888613
42.7715912
89.4018021
116.5248795
105.2017517
77.1006775
49.7918816
51.5581551
47.2157021
28.9695663
21.5632668
25.1520176
27.2480011
27.4593105
23.0778847
15.0279951
5.8378921
1.9031495
5.2668014
16.8562660
24.8884945
32.9218864
58.8629189
88.4677582
88.0812759
59.1933556
37.1911964
22.3937817
11.9967995
18.2832432
15.2022753
7.4029984
5.4059911
4.1711216
2.6259997
2.0742147
2.6655190
2.9983041
1.0339193
0.8861450
1.1187171
1.1439841
1.0992473
0.8308540
0.6142478
0.7242194
0.7766133
1.1176511
0.8485083
0.8549159
0.7589138
0.5233673
0.5124251
0.4751605
0.7944095
0.8867240
1.4404012
1.4796648
0.8805073
0.4882166
0.4336529
0.5976794
1.0876218
1.2811521
0.9527138
0.8353107
0.7388959
0.7322465
0.5675040
0.4639975
0.5820687
0.9624573
1.3872101
1.5407128
1.2417246
0.8284317
0.4973188
0.5151422
0.5861146
0.7791778
0.6925481
0.6601304
0.8193166
0.7148080
0.9485379
0.8484365
0.8694203
3.1459708
11.8964415
27.9141903
42.5935898
42.7461357
30.4996681
24.4993401
26.9583702
31.1817074
33.1369858
35.2306480
32.5996704
25.2335548
18.0132504
5.8592734
1.8465255
1.1884568
6.9034386
35.8468513
68.4824295
83.9690552
89.7061005
95.3791275
99.6313629
92.3687744
86.4855194
76.9512405
68.3870697
52.7834892
36.6945992
28.2034416
26.7701817
14.0152397
6.5475922
4.9054680
5.7010536
25.5663700
52.1487923
54.4822388
47.4316750
43.4203339
34.9377594
26.7548218
19.4522381
16.4832840
12.5076885
3.9202173
0.7207544
0.5175698
0.4421664
1.5227675
17.1636257
50.6087799
78.4493408
88.6511230
95.2231216
107.2526627
132.4693756
131.3025970
102.5904922
55.9430923
28.4125195
15.3127298
3.6221454
3.5667400
13.2452669
43.6876831
62.4240036
65.9287338
70.7001038
77.6888504
88.9857483
102.3922501
107.2477112
98.1645508
86.5555801
108.5185852
70.9998856
88.0899429
123.2567673
69.0587616
28.2597198
5.1447568
3.5222030
9.6452084
9.8724270
10.2736149
6.9138184
3.3597302
2.2162681
2.7479367
2.5563912
1.8649199
1.6272829
1.2202168
1.2272742
1.2498560
1.2850654
1.4881985
1.1489992
0.6661879
0.3603384
0.5533695
0.7282287
0.6904522
0.6525470
0.8315893
0.9396614
0.9179000
1.4907538
2.4795163
2.4322975
1.1609452
0.7051889
0.6391482
0.7554726
1.0571809
1.2336174
1.0029178
0.8860289
1.2152809
1.2378688
1.0324056
1.0934407
1.0747284
0.9153240
0.9442434
0.8803269
1.1303787
0.9952809
0.7794636
0.8128207
0.8198596
0.9212723
1.2129242
1.4033518
1.1211319
0.7354420
0.5385259
0.5595769
0.9986262
0.8896358
0.8788306
0.8553640
1.0340053
1.1214259
1.7452368
2.1235278
1.7065015
0.9137781
0.7970580
0.7869866
0.7366992
0.4924462
0.5706843
0.8324036
0.9204301
0.9183875
0.9375770
0.8912700
0.7652307
1.0442537
1.0396032
0.8186595
0.6670143
0.8024927
0.8686176
0.7488512
0.8993945
1.2621512
0.8856889
0.6121783
0.8195707
1.1044582
1.2494282
1.0106716
0.9939709
1.2448236
4.3014488
28.3492908
71.8962479
103.3351822
98.4849396
64.2856140
34.3458290
19.2395782
45.1612358
120.6622467
162.4209290
136.8618164
103.1089630
83.0181503
61.0394478
43.3612022
27.8831062
24.4495964
77.3772278
89.1245880
101.8426208
119.0748978
132.2123718
139.5345306
141.5959625
145.6406860
151.6030579
147.7597046
118.5921326
70.2548981
35.4376297
30.6926994
122.1068192
184.4884033
185.4173126
166.6720734
105.0553970
52.0661659
48.2270470
52.0988159
66.7536011
66.2074127
50.4761467
44.3666763
40.6696548
37.9274101
33.4946938
27.1886711
19.1204510
21.7461071
59.2368851
89.5998077
115.2692642
153.0947113
173.6808167
173.9286194
145.5383301
102.1069946
65.4687424
42.6406097
26.2179070
14.9785233
7.4140635
43.1264267
68.2523956
60.3518257
26.5881920
1.3251243
0.8103117
2.0657053
14.2898865
53.6311531
78.4859924
71.1435547
50.7711906
34.6414871
28.3398609
24.2326126
22.5622215
20.5475464
16.4003658
8.9029112
2.1959748
1.1752144
6.4387789
17.5826416
24.2611618
27.9469490
26.5209007
18.4850616
4.2663016
1.0219102
12.3532829
48.4493179
80.4658508
91.6570435
102.0335159
115.9581604
97.6027222
64.2782288
44.4810181
33.5013275
79.8960571
111.4423523
116.7840729
105.5137482
74.5951538
40.4776077
21.5015774
15.3610067
17.1344242
18.3979759
14.2334080
10.3973198
7.3963876
3.9495814
2.2300305
2.1815448
2.1941724
1.8307977
1.8324769
2.0336123
1.6277231
1.9461744
3.2503927
12.7401333
35.9466705
57.2724419
58.2035484
44.2752304
30.1418114
31.8231678
54.9117813
63.0475998
68.2804184
81.4023514
87.8959808
79.0147324
55.2600861
33.3151474
15.0597925
2.5240922
0.6034791
0.9501537
1.6823829
2.4299822
2.3755410
1.4090248
0.8053271
0.8200777
0.8444406
0.7341100
0.8289813
1.3225247
2.0763211
2.5771310
1.7023966
0.9460118
0.8566933
0.8589147
0.9343095
0.9655806
0.7691719
0.7331742
0.9261404
0.8763093
0.6011748
0.5230095
0.7019582
0.9228007
1.0464110
1.0626640
0.8344970
0.8217267
0.8802058
1.1442114
2.6652594
5.1697536
5.8335481
3.1323400
0.9044453
0.6804612
6.0409646
30.8275604
67.8480682
88.0835266
78.8779526
63.4609489
59.4072647
66.2258224
82.8826370
76.4111328
74.9345932
111.1011887
172.6779327
229.1372528
286.7456970
364.1552124
431.4298096
440.5081482
400.5086060
367.7648010
301.8152161
194.4972687
114.5121155
66.3161850
32.6792412
27.9155064
60.3268852
53.2776604
20.1758957
17.3822517
42.9155502
86.6501465
106.3512192
66.3217697
36.3039246
51.8867950
83.1710129
76.8672333
38.6529465
20.7538471
17.6586971
14.6419945
16.8106880
60.0467529
111.8576050
121.4741821
92.6733551
78.9434662
74.5005798
58.8929100
33.7744408
82.6659546
135.0600891
127.6481476
109.4012604
103.8917923
118.7473373
132.7536316
112.7028427
85.5958328
63.5069046
41.5590477
32.8568916
39.6737785
65.2433624
60.3695908
44.9410820
56.2172165
63.8712082
50.6630211
30.9678421
12.1760035
4.5044456
8.0160694
5.3328919
5.1439915
5.8267312
7.5316792
5.8071876
5.5924149
7.7309399
12.5331087
16.2607956
14.4574642
10.2558975
10.0414886
13.2563829
13.8933773
8.1972170
2.7957876
1.2669967
10.7823448
47.6214333
81.8066101
77.2190094
49.2939949
38.3482895
36.8441277
48.5421944
31.0533485
17.3259144
9.7099209
18.7027893
91.1836548
116.4514694
110.2108231
91.7814407
69.7898560
44.5935516
18.3920135
7.5626411
16.6274452
33.4358177
37.0282097
35.2770996
34.5072441
34.9066315
28.0212269
21.4547634
12.9412203
6.1509190
5.6091948
3.4660015
1.1394724
0.9594700
0.8345857
0.9079478
0.8792380
0.9519316
0.9275615
0.3665656
0.4001398
0.4721381
0.6976891
0.7588592
0.7814403
0.9245900
1.2769302
1.2333255
0.7473784
0.5422531
0.6677204
0.5794473
0.7525696
0.8363134
1.0420616
1.2619895
1.4325936
1.2888422
0.8706510
0.5624401
0.8357325
0.6281166
0.6470640
0.6672669
0.9784688
1.5523186
1.9533387
1.3466493
0.6204444
0.5553327
0.7309908
1.2475047
0.8546569
0.5962313
0.5910829
1.1726749
1.5868212
1.3831995
1.4336185
1.6272552
1.3236718
1.2676820
1.2361208
0.8361312
0.6752094
0.5902186
0.5871558
0.5741774
0.9339387
1.3976933
1.7251701
1.7932034
1.1181514
0.5932425
0.5982016
0.7621611
0.6956500
0.6026216
0.8337760
1.3918910
2.0900142
2.1256809
1.8025070
1.1773121
0.9707869
1.2427115
1.1817325
0.6958423
1.8568721
8.4823341
17.3032951
20.8451653
19.3289642
15.1686134
10.1706657
5.6405029
4.8540516
6.5374012
6.1784492
4.5110612
24.7602787
64.8370056
88.0289688
88.4276581
83.0102692
77.0095215
56.7371979
27.5787449
18.7741089
33.3006859
51.4416122
49.2024078
32.0082741
13.5395508
12.2591333
18.9038429
24.4739838
29.5756416
33.2746315
52.4055481
67.5656586
65.4672089
53.9306946
45.1571007
42.8917885
43.0038872
41.1659546
44.7992058
53.8994255
85.9969025
106.5335312
85.3035736
52.2319908
28.0975170
20.7095928
24.5243931
25.0522442
21.1276493
20.6151810
17.6869888
8.8821964
0.6751007
0.2676480
0.2187765
3.3691230
14.3002663
16.1031761
11.3587494
6.6493311
3.2031360
1.2651980
1.0830131
1.0793651
0.7979771
0.4937502
0.3185507
0.4353273
0.4969477
0.7247739
1.0482905
1.1480850
1.2655379
1.0106536
0.7297851
0.7426649
0.9644570
1.0873666
1.2525860
1.0644389
0.7667889
0.7072318
0.7179820
0.8631722
0.5127897
0.5279953
0.6217818
0.7125026
0.6662976
0.8425520
1.3441682
2.2279878
4.0506287
13.6517296
28.1072979
34.3852692
30.5252419
22.3252735
16.7534809
13.3864212
7.7841988
4.5257258
6.0289898
8.7103024
7.2663393
5.1309304
8.5179186
17.6886826
27.6783638
33.8016167
34.6843758
30.9702759
30.9224987
34.7651672
45.7857208
61.6728668
65.2635803
47.7694778
39.7687416
34.1743011
23.6819534
8.0713587
1.2864540
0.9805123
1.2276014
3.4892545
4.5496416
2.4329829
4.1668525
13.8459358
31.0893040
39.0767136
32.5756073
22.2232475
17.7624054
14.1880331
10.9090252
10.1692533
5.5751414
2.3922610
5.7849445
22.7499084
39.7820778
41.2406769
23.2316399
13.7219591
35.4960938
66.1123276
74.5288467
68.0119705
59.7112579
50.6991234
49.4532127
70.3006592
105.7112656
128.9369507
111.8070602
90.7772598
95.3873138
135.7918243
101.9762421
63.7550392
46.7509308
40.2149162
37.2214661
30.3067703
29.1133709
54.9629135
56.6019630
46.4906235
34.0574684
22.9816513
16.6956272
10.4530325
4.5111480
2.0662167
0.6764572
0.4982256
0.5085317
1.9062090
9.2500753
14.4054985
11.1642046
5.0184879
2.2599068
1.2821348
1.1896105
0.7162783
0.4019474
0.4519245
0.8371304
1.2990652
1.2284963
0.6961746
0.7353210
0.8268678
0.6888473
0.7978266
1.1774337
1.0786363
0.7335835
0.5130310
0.4408476
0.5796939
1.0620198
3.2791045
9.1863470
14.3348999
15.6619720
15.1458473
15.6999369
16.8531628
15.4074049
13.4121170
15.6562653
13.7072210
10.2700415
3.8416407
1.9864197
1.3181033
4.5990906
14.9556923
27.6179733
42.6633720
51.3669930
47.6810150
41.1757736
40.4365273
36.2964973
35.1479530
40.2447357
71.8384628
97.5732269
97.9456482
90.3224869
84.4921265
102.1714249
106.9226990
83.8168945
72.2170715
55.5278740
38.4819374
44.5713730
69.7305069
80.8444443
58.1273308
36.3692894
15.3118258
6.4417467
2.5369973
3.9607544
8.4087887
10.4453888
7.4670548
7.0459661
12.2143373
13.4864407
11.3230362
20.9513893
36.4249687
36.3564262
25.8321438
17.4854622
11.1321678
4.9378347
2.2516952
1.5705352
0.8459587
7.2890139
24.8715916
42.6823502
46.6596069
33.1727333
18.4453564
34.8240776
73.8750153
92.6212769
75.4615250
52.0156021
45.6586151
46.1382256
48.7875900
46.6393738
47.7833824
49.0402298
54.4351692
53.7143402
68.9842377
83.3451080
78.5369797
78.9869156
74.0894852
64.1689453
45.7897110
15.5571575
7.5644236
6.2507725
5.0699244
6.7221837
8.4075069
11.1538858
12.7400160
9.2057590
4.8109007
0.8035003
0.6882036
4.6715679
11.2464361
7.1659837
2.1669745
1.6733433
1.3217369
0.9221531
0.4895676
0.2368244
0.5341465
0.7515072
0.8382062
0.8424186
0.6820462
0.5204471
0.3702578
0.5386358
0.8954642
0.8694602
0.7887422
0.7645082
0.6901077
0.4142303
0.2103774
0.0401280
0.0029598
0.0000000
0.0000000
0.0000000
0.0000000
0.0000000
0.0000000
0.0000000
0.0000000
0.0000000
0.0000000
0.0000000
0.0000000
0.0000000
0.0000000
0.0000000
0.0000000
0.0000000
0.0000000
0.0000000
0.0000000
0.0000000
0.0000000
0.0000000
0.0000000
0.0000000
0.0000000
0.0000000
0.0000000
0.0000000
0.0000000
0.0000000
0.0000000
0.0000000
0.0000000
0.0000000
0.0000000
0.0000000
0.0000000
0.0000000
0.0000000
0.0000000
0.0000000
0.0000000
0.0000000
0.0000000
0.0000000
0.0000000
0.0000000
0.0000000
0.0000000
0.0000000
0.0000000
0.0000000
0.0000000
0.0000000
0.0000000
0.0000000
0.0000000
0.0000000
0.0000000
0.0000000
0.0000000
0.0000000
0.0000000
0.0000000
0.0000000
0.0000000
0.0000000
0.0000000
0.0000000
0.0000000
0.0000000
0.0000000
0.0000000
0.0000000
0.0000000
0.0000000
0.0000000
0.0000000
0.0000000
0.0000000
0.0000000
0.0000000
0.0000000
0.0000000
0.0000000
0.0000000
0.0000000
0.0000000
0.0000000
0.0000000
0.0000000
0.0000000
0.0000000
0.0000000
0.0000000
0.0000000
0.0000000
0.0000000
0.0000000
0.0000000
0.0000000
0.0000000
0.0000000
0.0000000
0.0000000
0.0000000
0.0000000
0.0000000
0.0000000
0.0000000
0.0000000
0.0000000
0.0000000
0.0000000
0.0000000
0.0000000
0.0000000
0.0000000
0.0000000
0.0000000
0.0000000
0.0000000
0.0000000
0.0000000
0.0000000
0.0000000
0.0000000
0.0000000
0.0000000
0.0000000
0.0000000
0.0000000
0.0000000
0.0000000
0.0000000
0.0000000
0.0000000
0.0000000
0.0000000
0.0000000
0.0000000
0.0000000
0.0000000
0.0000000
0.0000000
0.0000000
0.0000000
0.0000000
0.0000000
0.0000000
0.0000000
0.0000000
0.0000000
0.0000000
0.0000000
0.0000000
0.0000000
0.0000000
0.0000000
0.0000000
0.0000000
0.0000000
0.0000000
0.0000000
0.0000000
0.0000000
0.0000000
0.0000000
0.0000000
0.0000000
0.0000000
0.0000000
0.0000000
0.0000000
0.0000000
0.0000000
0.0000000
0.0000000
0.0000000
0.0000000
0.0000000
0.0000000
0.0000000
0.0000000
0.0000000
0.0000000
0.0000000
0.0000000
0.0000000
0.0000000
0.0000000
0.0000000
0.0000000
0.0000000
0.0000000
0.0000000
0.0000000
0.0000000
0.0000000
0.0000000
0.0000000
0.0000000
0.0000000
0.0000000
0.0000000
0.0000000
0.0000000
0.0000000
0.0000000
0.0000000
0.0000000
0.0000000
0.0000000
0.0000000
0.0000000
0.0000000
0.0000000
0.0000000
0.0000000
0.0000000
0.0000000
0.0000000
0.0000000
0.0000000
0.0000000
0.0000000
0.0000000
0.0000000
0.0000000
0.0000000
0.0000000
0.0000000
0.0000000
0.0000000
0.0000000
0.0000000
0.0000000
0.0000000
0.0000000
0.0000000
0.0000000
0.0000000
0.0000000
0.0000000
0.0000000
0.0000000
0.0000000
0.0000000
0.0000000
0.0000000
0.0000000
0.0000000
0.0000000
0.0000000
0.0000000
0.0000000
0.0000000
0.0000000
0.0000000
0.0000000
0.0000000
0.0000000
0.0000000
0.0000000
0.0000000
0.0000000
0.0000000
0.0000000
0.0000000
0.0000000
0.0000000
0.0000000
0.0000000
0.0000000
0.0000000
0.0000000
0.0000000
0.0000000
0.0000000
0.0000000
0.0000000
0.0000000
0.0000000
0.0000000
0.0000000
0.0000000
0.0000000
0.0000000
0.0000000
0.0000000
0.0000000
0.0000000
0.0000000
0.0000000
0.0000000
0.0000000
0.0000000
0.0000000
0.0000000
0.0000000
0.0000000
0.0000000
0.0000000
0.0000000
0.0000000
0.0000000
0.0000000
0.0000000
0.0000000
0.0000000
0.0000000
0.0000000
0.0000000
0.0000000
0.0000000
0.0000000
0.0000000
0.0000000
0.0000000
0.0000000
0.0000000
0.0000000
0.0000000
0.0000000
0.0000000
0.0000000
0.0000000
0.0000000
0.0000000
0.0000000
0.0000000
0.0000000
0.0000000
0.0000000
0.0000000
0.0000000
0.0000000
0.0000000
0.0000000
0.0000000
0.0000000
0.0000000
0.0000000
0.0000000
0.0000000
0.0000000
0.0000000
0.0000000
0.0000000
0.0000000
0.0000000
0.0000000
0.0000000
0.0000000
0.0000000
0.0000000
0.0000000
0.0000000
0.0000000
0.0000000
0.0000000
0.0000000
0.0000000
0.0000000
0.0000000
0.0000000
0.0000000
0.0000000
0.0000000
0.0000000
0.0000000
0.0000000
0.0000000
0.0000000
0.0000000
0.0000000
0.0000000
0.0000000
0.0000000
0.0000000
0.0000000
0.0000000
0.0000000
0.0000000
0.0000000
0.0000000
0.0000000
0.0000000
0.0000000
0.0000000
0.0000000
0.0000000
0.0000000
0.0000000
0.0000000
0.0000000
0.0000000
0.0000000
0.0000000
0.0000000
0.0000000
0.0000000
0.0000000
0.0000000
0.0000000
0.0000000
0.0000000
0.0000000
0.0000000
0.0000000
0.0000000
0.0000000
0.0000000
0.0000000
0.0000000
0.0000000
0.0000000
0.0000000
0.0000000
0.0000000
0.0000000
0.4111081
1.7487004
3.0066705
2.9044712
1.9234881
1.3694845
1.1506984
0.6720428
0.7033108
0.4543446
0.4759477
0.6163211
0.5770375
1.6722723
13.0842533
34.3300514
49.1180038
49.2499123
44.4827194
43.4265366
52.3799095
73.0740585
105.3932953
101.7595367
85.1198120
69.9548187
47.7180443
15.9554911
3.6954055
2.9392738
15.0839748
37.6811867
47.6708946
36.8163681
22.8311291
25.3457832
70.7704163
154.7628784
226.2822113
232.3529968
174.4873047
150.1362457
208.9515228
252.1800079
244.6608734
169.3657532
53.4726181
4.5790935
0.5239441
0.4872130
0.5495086
0.7410665
8.4509172
30.0227470
51.7673531
54.9880676
35.4674721
16.5773468
7.6520033
5.8322515
3.2722926
1.5872600
1.0561863
0.7633551
0.6167718
0.7129424
0.5102310
0.9812258
1.2616680
0.9707769
0.8526011
0.9413525
1.1934720
1.1550500
1.0478271
0.7367909
0.7653940
1.1343024
1.3282200
1.1437250
1.1436530
1.3449695
1.3330855
0.9878680
0.9829295
1.1829479
1.3625680
1.4583127
1.5074291
1.5638909
1.6095915
1.4576317
1.4218818
1.3331951
1.9956250
2.9655838
2.0551634
0.5284173
0.4728747
0.8314257
0.9787228
1.2297888
1.2749758
1.2096548
0.7609840
0.5158511
0.6365151
0.5621521
0.6640196
0.9882978
1.1266396
0.8818159
0.7495003
0.7560234
0.5650006
0.5122390
0.7866435
0.9338689
0.9758518
0.8792645
1.0267071
0.8444002
0.9400456
1.0054607
0.9681851
0.7402252
0.9691929
4.2898464
15.1316786
28.5655365
47.0028610
67.5838165
71.0687790
69.4907913
101.8850098
159.4513092
178.9619293
152.9932404
109.7703857
71.7920380
95.4818954
118.6009369
72.3663483
49.2281380
42.5497513
35.2605095
24.5205040
32.8603668
53.0275383
75.5120163
96.6691589
123.3679504
140.1529236
135.6863251
120.0943756
114.3104706
72.0093994
29.5126553
20.6740608
25.4570045
24.2701912
19.6613274
14.8016758
10.2985067
8.7507229
8.1051712
6.5860147
3.9815440
2.1432195
1.3313391
1.0193813
0.7108217
0.5740952
0.6382219
0.8827199
0.7806616
0.5537257
0.6170762
0.7302992
0.7539706
0.7696251
0.8120762
0.8502805
0.6733233
0.5395132
0.5731280
0.9492265
1.1927375
1.2186657
0.9946905
0.8116931
0.8015935
0.8644983
0.7266802
0.8427444
1.0089772
0.9181031
1.1144283
0.9772469
1.0220789
1.2032874
0.9449910
0.6543074
0.6430639
0.5671784
0.9201260
1.1129225
0.8734517
0.7138747
0.7373384
0.8302898
1.0887816
0.9418124
1.0478762
0.9655419
0.8392458
0.6826576
0.6531015
0.8179069
0.8133627
1.0001937
0.7759105
0.5486846
0.6944141
1.0254971
0.9553362
0.7085383
0.6546328
0.5463302
0.7154261
0.7964302
0.7248466
0.6486526
0.7412071
0.8191203
0.6097304
0.5600339
0.7548307
0.8468441
0.8365682
0.7168604
0.8189851
1.2191921
1.6197054
4.5750389
10.2532492
12.7947836
14.3344259
45.5241432
94.9071655
110.7968750
84.8778763
48.1988525
31.0847015
32.1143265
23.7047138
15.0562992
20.8889198
36.1267509
46.0429878
56.2668228
61.6588974
50.3374138
47.7784805
57.6268730
62.1046600
57.1104202
47.1134186
32.5767822
23.1752739
34.6603928
43.6646996
37.8125916
21.6108265
8.4440651
0.9841490
2.0642416
8.7592049
28.1579056
47.8892746
43.0420151
25.6067352
15.9190273
7.2878938
9.3389874
9.1077623
3.7827969
10.8017712
20.7827854
18.6961212
12.2100191
37.1105766
80.9629288
94.7628250
57.8838348
32.4380112
18.3142815
12.3471508
23.7188740
22.4582138
22.7599812
20.6482582
12.9884138
2.7321062
1.2907728
1.3176593
0.8747739
0.9976606
0.9350031
0.7449272
0.6718842
0.7808444
0.7325933
0.9683574
0.7287672
0.5148459
0.8309285
1.1776935
0.9021688
0.7593205
0.7146071
0.8666916
1.0586522
1.0524335
1.0934798
0.6857021
0.8667089
0.9726051
0.9928095
0.9074152
0.6937823
0.8931520
0.6230279
0.5335631
0.5780230
0.5590842
0.6643193
1.0312706
1.2039757
0.7259163
0.5476882
0.6889074
0.8284504
0.9000824
1.2470374
1.0303136
0.5697237
0.6858967
0.6762113
0.5773683
0.5567876
0.8410079
0.9330188
0.7154166
0.7174600
0.8138903
0.9835208
0.8401076
0.6916689
0.7207465
0.7948164
1.1433461
0.9050657
0.7408893
0.7578878
0.9069915
0.9007074
0.8025915
0.8454077
0.7957727
0.8230754
1.1552985
1.4729251
1.3801888
1.0305561
0.8551471
1.0902156
0.8270723
0.8257467
0.7835493
0.8272966
1.0479341
1.0379584
0.9278180
0.6484805
0.7484442
0.9673729
0.8247171
0.6873784
0.7643184
0.9399714
1.0827852
1.0371817
1.1191154
1.8996613
4.2312465
5.0089231
3.0037122
1.0668025
1.0233784
1.4667041
1.5961343
1.5995461
1.3435438
1.1102407
1.1076094
1.2506301
1.5501220
1.3825749
0.9978929
0.9939604
1.0876170
1.0185215
0.8885230
0.8157848
1.4901444
1.6668913
1.3757687
0.6832275
1.0573221
12.2618027
47.8292084
86.1877441
89.8345108
53.8960114
12.6051998
3.4797881
6.7056842
16.3250904
24.4737358
77.6667862
161.8366241
213.3458557
197.9055634
143.1352539
82.2283173
50.2232704
26.6453018
23.3005733
67.2365417
76.3827057
45.7176514
19.6633110
20.1915245
25.1451187
29.5163040
31.6055164
29.2278557
26.0855007
24.9392052
17.7218819
10.2978954
6.4730630
4.6289167
3.4673071
2.5847931
1.8705621
1.7135690
1.8157985
1.9176433
1.7881072
1.0836774
1.1576117
0.8901580
0.9721240
0.8555727
0.9572501
1.2368731
0.9686990
0.9736951
1.1981752
0.8844585
1.0418251
0.9682077
0.9950658
0.6085314
0.6820754
0.8699301
0.9898476
0.6058295
0.6165813
0.7134635
1.1730950
1.4317669
1.2409225
0.9500055
0.6288373
0.5590295
0.6617488
0.5340174
0.4902374
0.6493732
0.9345437
1.0862612
0.9314444
0.8370596
0.7839872
0.9811143
0.6934286
0.7733871
0.5673991
0.5968064
0.6031204
0.6594654
0.7097287
0.7662902
0.9332246
1.1810561
1.0828165
1.0302033
0.8320398
0.6260099
0.5228260
0.5012783
0.7887550
0.8115839
0.8238927
1.3158611
1.6320001
1.1256214
1.9653512
2.9337080
1.8899794
1.4088691
1.7279874
2.5260344
3.9541221
4.3233566
8.9352474
48.3227081
107.2640839
131.4105530
114.8123703
113.1183777
143.7787476
171.9403076
176.4765625
191.3457947
240.4116364
253.2062531
187.8432922
111.6641159
48.7200966
25.2950687
16.9201450
14.1345425
17.8551388
40.5038719
40.9623222
43.6185532
41.9249344
30.5698185
24.8537884
34.6266060
43.9718552
33.3586121
35.2004356
26.4371777
22.9852180
20.7243195
18.2747345
24.7238388
29.7919617
17.0562897
14.8549147
15.0433798
9.0806704
4.2586594
1.7613055
1.7828274
1.6876110
1.4219851
1.4618424
1.4978540
1.4704338
1.6252853
1.7634488
1.7587911
1.6075245
1.5979208
1.5228152
1.0756776
1.0593200
1.3563056
1.3963077
0.9394643
0.7309358
0.9544304
1.0022897
0.9098889
0.7635518
0.7043850
0.5893631
0.5018632
0.5427704
0.5600092
0.7930804
0.9051020
0.8410481
0.9710882
0.8954494
0.9258924
0.7647829
0.7758749
1.0359430
0.8643453
0.6694713
0.5745126
0.6333234
0.8810890
1.1167217
1.0489221
1.0933262
0.9311183
0.6195592
0.6217428
0.8015493
1.0809451
1.0353335
0.7028728
0.6624480
0.7535458
0.9118330
0.6272489
0.6666718
0.5698193
0.5959445
0.6346984
0.8327644
0.8698039
1.1851056
1.9220212
1.7735775
0.9645528
0.8357517
0.8362749
0.7765189
0.9011398
0.9255469
1.0036414
1.1724920
1.1847368
1.0418642
1.0540006
1.0551225
0.9171925
0.7459944
0.7401568
0.6232908
0.8301499
1.1842942
1.2067314
1.5262139
2.1386375
1.7053747
0.8083397
0.5223284
1.8881749
6.0027523
7.3810663
4.2325807
1.2190489
0.5713970
0.5115127
0.8643615
1.2470305
1.0617981
0.6234141
0.5019658
0.6355906
0.8496084
1.0998216
1.0722737
0.8483363
0.5334045
0.4499552
0.7621862
1.1917796
1.3887690
1.5414734
3.7410774
8.2204313
12.6791477
14.9869795
12.7103386
21.8961601
58.9609985
97.1880569
120.3813477
144.0946808
168.5662994
176.5379791
160.7106476
137.6372375
121.4821548
103.3875122
67.0039062
28.3039455
19.6213570
21.3000164
28.7665405
34.1213722
33.1071129
39.0371857
41.4468193
34.7923775
30.2447071
22.4827461
29.5947094
22.2046452
14.5387535
19.5755577
48.1526909
62.6706123
55.3225784
46.0106621
33.8987923
30.9498520
42.4762955
35.3288269
28.9072189
20.8803902
15.3946705
12.9035969
14.2544060
13.8624430
24.1450424
64.7617340
118.9800797
145.0081482
123.1707840
98.8832016
88.0788727
86.2474899
111.7345428
114.4675217
105.2781143
78.4290161
51.7373314
26.0111198
12.3469496
10.4056759
9.8955221
16.0576534
17.6553822
17.2189617
15.5722322
13.5261593
8.4443216
3.0211363
15.7854271
20.3325958
16.9535809
14.5174837
13.4106112
18.9475861
20.6458340
18.3100853
13.7920761
9.3215847
6.1187973
2.6911316
1.4808750
1.4459014
1.5978291
1.8629808
1.5572596
1.3682010
1.2004088
1.3519077
1.4854932
1.1472883
1.2608094
1.2404327
0.9875647
0.8135470
0.7238235
0.6388651
0.7466013
0.9318084
1.0061634
0.9287804
0.7510773
0.6538560
0.5846681
0.7879340
0.8156015
0.7902825
0.7891349
0.8072782
0.7813982
0.5596851
0.6155246
0.8726568
0.9804345
1.0911258
1.1692222
0.8024563
0.6834291
0.8082553
0.9636222
0.5132133
0.8034409
0.9470634
1.0739589
1.0886723
1.1091359
1.0356336
0.8741659
0.8379979
0.7578248
0.5010942
0.5244321
0.9147872
0.9351175
0.6488589
0.7965778
0.8075340
1.2748799
1.0774722
0.7411706
0.7347378
0.8468736
0.7922658
0.7129784
0.9045059
1.0850669
0.8620796
0.7503680
0.4929500
0.6979598
2.0825059
10.4489861
21.3391991
22.8666134
16.1784630
11.1029978
11.1117840
8.0729294
4.4855900
3.8190105
15.0424147
34.4157829
43.8271713
45.0289268
49.4133034
64.0193634
77.7713013
75.8326645
63.6690483
47.5196304
40.6992683
44.0533562
75.7531204
139.4630737
171.6731262
143.5885162
147.6255951
179.4418640
188.2060394
182.7013092
172.8434448
134.6388702
77.6719513
116.3961334
112.1619034
64.7363586
69.5078964
71.0971146
89.6831818
99.3431702
77.6613159
37.6660538
18.8926830
18.2086029
43.4274254
92.8831558
77.7403564
34.0193176
20.3874912
15.4554625
4.4466295
16.3266163
89.1127167
171.0840302
150.4512024
87.6359634
50.9579697
40.0521240
40.0350494
65.4266510
101.2057190
97.9937439
92.1682434
89.9257812
95.2213821
89.6608582
74.3379974
61.0182457
72.1306610
80.2728729
69.2803497
41.7064629
7.8228822
36.5640488
42.7687836
32.8309593
41.1902618
52.2186470
37.0137596
14.8743515
8.5538893
6.2609482
9.0358906
25.0559769
26.2428780
16.1271286
8.5921545
2.6047070
0.5562099
0.4292666
0.6766173
1.1561551
1.7692412
1.4332951
0.7703113
0.6474571
0.5865102
0.5677790
0.7201388
0.7695480
0.8966259
1.0852886
1.1426315
0.8036979
0.6616585
1.2146887
1.3266697
1.1060295
0.7354511
0.5962626
0.9751051
1.1306535
1.0146012
0.7807169
0.7549459
0.9033142
0.7752265
0.8394588
1.0706122
1.1160060
0.7375389
0.5520827
1.1699290
3.5136671
5.6313891
4.2829680
0.9368954
0.4029293
0.3743750
0.5747872
0.6978803
0.5898834
0.6331871
0.8827057
0.8925251
0.7491380
0.5581242
0.7580965
0.8450520
0.7034478
0.8083078
1.0040088
0.9508665
3.5314264
11.9622936
19.7212429
22.9622498
25.6760731
32.4825439
42.8762779
57.2672005
70.9992981
67.4670868
47.7955742
30.2132587
19.2929420
16.3051491
20.7771034
63.4731369
125.7022400
142.1739807
126.1662827
132.5921173
146.3151245
162.3933258
136.2733002
129.0304565
143.5318756
165.9368591
162.5102234
127.6007690
70.4387894
28.8840523
17.0827827
10.3154449
20.2563992
56.0526009
83.9038925
69.6841660
50.7188644
50.4071655
51.2416916
29.4274101
37.0728912
57.4802971
51.4939194
37.9028778
20.2805328
5.5371313
2.8489807
2.6354201
5.3262758
16.7499084
38.2972183
35.8357124
22.6403313
14.6178513
18.7028160
19.1312504
14.9151621
13.0391130
12.1722670
16.4215069
21.1400661
22.2849102
14.5698519
12.5264778
13.7959433
16.6795216
19.4764004
13.3049908
3.9107373
1.9423672
2.5889649
1.9413455
1.3982061
1.2189770
0.7357829
0.5575557
0.5328287
0.7149465
0.9640152
1.0475960
0.9590845
0.8201542
0.8487292
0.8203427
1.2436175
1.3820770
0.7995705
0.4653810
0.3937428
0.5557482
0.9998072
1.0609726
0.9450127
0.7491336
0.6968099
0.6689225
0.7673227
0.9177721
0.7502995
0.3338187
0.0468290
0.0006436
0.0000000
0.0000000
0.0000000
0.0000000
0.0000000
0.0000000
0.0000000
0.0000000
0.0000000
0.0000000
0.0000000
0.0000000
0.0000000
0.0000000
0.0000000
0.0000000
0.0000000
0.0000000
0.0000000
0.0000000
0.0000000
0.0000000
0.0000000
0.0000000
0.0000000
0.0000000
0.0000000
0.0000000
0.0000000
0.0000000
0.0000000
0.0000000
0.0000000
0.0000000
0.0000000
0.0000000
0.0000000
0.0000000
0.0000000
0.0000000
0.0000000
0.0000000
0.0000000
0.0000000
0.0000000
0.0000000
0.0000000
0.0000000
0.0000000
0.0000000
0.0000000
0.0000000
0.0000000
0.0000000
0.0000000
0.0000000
0.0000000
0.0000000
0.0000000
0.0000000
0.0000000
0.0000000
0.0000000
0.0000000
0.0000000
0.0000000
0.0000000
0.0000000
0.0000000
0.0000000
0.0000000
0.0000000
0.0000000
0.0000000
0.0000000
0.0000000
0.0000000
0.0000000
0.0000000
0.0000000
0.0000000
0.0000000
0.0000000
0.0000000
0.0000000
0.0000000
0.0000000
0.0000000
0.0000000
0.0000000
0.0000000
0.0000000
0.0000000
0.0000000
0.0000000
0.0000000
0.0000000
0.0000000
0.0000000
0.0000000
0.0000000
0.0000000
0.0000000
0.0000000
0.0000000
0.0000000
0.0000000
0.0000000
0.0000000
0.0000000
0.0000000
0.0000000
0.0000000
0.0000000
0.0000000
0.0000000
0.0000000
0.0000000
0.0000000
0.0000000
0.0000000
0.0000000
0.0000000
0.0000000
0.0000000
0.0000000
0.0000000
0.0000000
0.0000000
0.0000000
0.0000000
0.0000000
0.0000000
0.0000000
0.0000000
0.0000000
0.0000000
0.0000000
0.0000000
0.0000000
0.0000000
0.0000000
0.0000000
0.0000000
0.0000000
0.0000000
0.0000000
