0.0000000
0.0000000
0.0000000
0.0000000
0.0000000
0.0000000
0.0000000
0.0000000
0.0000000
0.0000000
0.0000000
0.0000000
0.0000000
0.0000000
0.0000000
0.0000000
0.0000000
0.0000000
0.0000000
0.0000000
0.0000000
0.0000000
0.0000000
0.0000000
0.0000000
0.0000000
0.0000000
0.0000000
0.0000000
0.0000000
0.0000000
0.0000000
0.0000000
0.0000000
0.0000000
0.0000000
0.0000000
0.0000000
0.0000000
0.0000000
0.0000000
0.0000000
0.0000000
0.0000000
0.0000000
0.0000000
0.0000000
0.0000000
0.0000000
0.0000000
0.0000000
0.0000000
0.0000000
0.0000000
0.0000000
0.0000000
0.0000000
0.0000000
0.0000000
0.0000000
0.0000000
0.0000000
0.0000000
0.0000000
0.0000000
0.0000000
0.0000000
0.0000000
0.0000000
0.0000000
0.0000000
0.0000000
0.0000000
0.0000000
0.0000000
0.0000000
0.0000000
0.0000000
0.0000000
0.0000000
0.0000000
0.0000000
0.0000000
0.0000000
0.0000000
0.0000000
0.0000000
0.0000000
0.0000000
0.0000000
0.0000000
0.0000000
0.0000000
0.0000000
0.0000000
0.0000000
0.0000000
0.0000000
0.0000000
0.0000000
0.0000000
0.0000000
0.0000000
0.0000000
0.0000000
0.0000000
0.0000000
0.0000000
0.0000000
0.0000000
0.0000000
0.0000000
0.0000000
0.0000000
0.0000000
0.0000000
0.0000000
0.0000000
0.0000000
0.0000000
0.0000000
0.0000000
0.0000000
0.0000000
0.0000000
0.0000000
0.0000000
0.0000000
0.0000000
0.0000000
0.0000000
0.0000000
0.0000000
0.0000000
0.0000000
0.0000000
0.0000000
0.0000000
0.0000000
0.0000000
0.0000000
0.0000000
0.0000000
0.0000000
0.0000000
0.0000000
0.0000000
0.0000000
0.0000000
0.0000000
0.0000000
0.0000000
0.0000000
0.0000000
0.0000000
0.0000000
0.0000000
0.0000000
0.0000000
0.0000000
0.0000000
0.0000000
0.0000000
0.0000000
0.0000000
0.0000000
0.0000000
0.0000000
0.0000000
0.0000000
0.0000000
0.0000000
0.0000000
0.0000000
0.0000000
0.0000000
0.0000000
0.0000000
0.0000000
0.0000000
0.0000000
0.0000000
0.0000000
0.0000000
0.0000000
0.0000000
0.0000000
0.0000000
0.0000000
0.0000000
0.0000000
0.0000000
0.0000000
0.0000000
0.0000000
0.0000000
0.0000000
0.0000000
0.0000000
0.0000000
0.0000000
0.0000000
0.0000000
0.0000000
0.0000000
0.0000000
0.0000000
0.0000000
0.0000000
0.0000000
0.0000000
0.0000000
0.0000000
0.0000000
0.0000000
0.0000000
0.0000000
0.0000000
0.0000000
0.0000000
0.0000000
0.0000000
0.0000000
0.0000000
0.0000000
0.0000000
0.0000000
0.0000000
0.0000000
0.0000000
0.0000000
0.0000000
0.0000000
0.0000000
0.0000000
0.0000000
0.0000000
0.0000000
0.0000000
0.0000000
0.0000000
0.0000000
0.0000000
0.0000000
0.0000000
0.0000000
0.0000000
0.0000000
0.1054665
0.6511860
1.4040487
1.6753733
1.4058343
1.1197966
1.0819036
1.1637943
1.2304664
1.2712245
1.7874656
3.2679715
3.5335710
1.8696699
0.6816065
0.5495389
0.4166597
0.5342293
15.3773193
105.5502167
235.4775543
283.3393860
213.3592072
123.5013885
53.8423042
15.2559776
2.8452857
12.2674370
43.5652313
65.0631485
43.3298225
16.1031570
11.5958614
9.0053024
8.0242777
33.9160576
88.7480011
129.7054443
141.0131531
139.7320862
118.6812744
89.0289459
64.7598572
60.1410789
61.8356819
56.7014160
38.9049759
21.0785866
7.8373537
1.6014035
8.8100214
65.9081039
132.0136108
141.2882843
95.2713013
59.1781693
58.0023270
85.0181580
104.7598419
106.5370102
113.6463165
119.6434631
106.6645660
73.5227585
45.2652130
32.3302765
26.2258320
23.0967255
24.1157207
20.4724236
14.2172623
6.9119616
3.2494547
2.7714963
2.5674822
4.5408030
2.3837764
1.1387208
1.0538858
0.7132583
1.0477483
1.1690967
1.0244278
0.9587921
1.2877835
1.6578655
1.7114154
1.6135385
1.0248480
0.6719730
0.4435727
0.5162064
0.7860049
0.8173240
0.9735596
1.3086119
1.2122706
0.9058453
0.8241860
0.9981255
0.8851065
0.6766375
0.6364250
0.6433624
0.5998068
0.7278593
0.8737495
1.2711964
1.0097237
0.7097104
0.6317263
0.6402819
0.6897409
0.9117233
0.9741012
1.1388682
1.4099802
1.6032623
1.2996213
0.6452045
0.5128200
0.7592407
1.0312569
1.1895715
1.1467946
1.1104661
1.0855508
0.9671896
0.7217796
0.9324147
1.2353803
1.4128706
1.3944215
1.1136718
0.8267256
0.8328354
1.0096167
1.0720282
1.0502236
0.9964122
0.8849875
0.8176172
0.6682763
0.6067412
0.7176477
0.9614661
1.0122446
0.8038652
0.8497329
0.8939204
0.8928654
1.0100545
1.1877956
1.3927299
1.1619508
0.6094002
0.3628468
0.5192909
0.6921472
0.9399674
0.8898197
0.8956725
0.9054595
0.7983368
0.7577107
1.1257389
1.4180007
1.2601434
0.7360961
0.6488600
0.8437554
0.9632809
0.9482019
1.6077700
7.1365623
21.5373764
59.4051094
122.3613052
173.0189362
204.0213013
202.3327637
166.8461914
127.3769455
100.8592377
69.2524490
32.8052444
25.0196743
42.3760452
45.9826584
57.6592369
80.7637329
93.2369919
79.3467407
48.3137894
29.8733521
20.5380993
12.6828346
14.0480394
14.7068005
8.6777458
2.0677216
0.5274666
1.8014911
51.9528198
131.8817444
157.6222839
123.5041199
89.9665985
64.2315292
52.3423233
51.3135681
37.5418282
20.7252579
22.1027851
17.7231083
14.0453224
9.5219784
5.8847928
1.7025266
7.3568063
7.3486214
4.4001937
2.3840084
1.1646005
0.8520650
0.9134361
0.5819256
0.3498768
0.5325920
0.7469547
1.3658822
1.8681532
1.7197754
1.2430876
1.0037812
0.9878042
0.9361563
0.7228269
0.8209043
0.9297370
0.8943353
0.6912475
0.7252942
0.4831955
0.6238596
0.6398640
0.6297811
1.0485649
1.1227013
1.2500622
1.0799210
1.1403419
1.1969386
1.2349713
1.4452198
2.2161357
2.6233859
1.8602490
1.0264428
1.1233330
1.7226642
3.1996667
7.5356598
18.6165543
32.2636261
38.5753212
30.3963528
20.8607712
13.5617867
26.9455223
56.4661446
76.2272186
90.9808426
84.6496506
61.1308937
39.2759247
32.3215599
31.5368061
19.8814602
9.5729523
6.0884428
0.4834183
0.2745498
0.5458812
1.7399142
1.0758257
0.4164687
0.8172770
5.1347971
9.9910612
8.1218014
2.9799023
1.2488346
0.8435156
0.7829161
0.7944450
0.5150430
0.6455813
1.1431682
1.1005675
0.6481961
0.4250142
0.5590289
0.6993047
0.7885168
0.7363224
0.6625655
0.6945698
1.0202740
1.1980674
1.1926808
4.3566947
22.6887150
62.7150345
114.5878754
153.9940033
152.7924347
116.2554398
78.7564926
34.5462456
87.9472733
75.1609650
62.8221130
53.9838181
45.1311417
47.1120377
55.5245857
48.2718430
28.8238468
12.9888716
5.6882486
4.1912818
14.0196609
39.6385231
32.5133972
13.9302568
6.3472395
1.3553166
1.4135070
10.4004269
24.3044853
27.7050285
30.1765976
46.2455025
74.3651123
93.2957916
83.2171021
46.5243683
36.8657608
59.0540924
59.8159294
50.9468307
41.1427116
36.2550278
54.6064415
48.8631821
34.4723663
24.0568295
15.8579884
14.0882416
10.5897026
7.0339799
7.1423397
5.2662258
2.4951334
3.3478827
2.9332259
2.1964161
1.9109607
1.8946340
2.1298468
1.3481712
0.5941126
0.5623198
0.8554861
0.6985729
0.6574905
0.6289101
0.5596245
0.5819157
0.7138435
0.7561764
0.8474005
1.2234726
2.0441639
2.2221076
1.0572380
0.4222106
0.5086336
0.6530213
0.7839271
0.8351341
0.8328990
1.0336448
1.2857049
1.3602972
1.3875309
1.3932168
1.3679823
1.2335716
1.0393724
0.7085186
0.7054620
0.7387965
0.9453900
1.1265506
1.1130376
0.8073283
0.7550439
0.7537844
0.7165423
0.5648941
0.5509881
0.7349241
0.8195679
0.7179961
0.7212821
0.8492473
1.0241034
0.7858839
0.6914616
0.9510826
7.2425132
36.2968788
86.3441620
123.5930252
117.6287079
71.2205353
21.6208267
11.5006981
12.2193985
18.2508583
51.0828972
74.6750107
67.8256760
59.1138725
50.4674377
44.4494972
36.5962524
26.0507336
23.5019150
27.6143837
36.2553215
33.8058853
33.5725403
37.5132217
38.4307098
44.0154076
46.9289551
45.2821312
43.6012306
40.4039650
36.7178192
31.2257614
23.8472786
8.0332947
6.3344345
5.5597115
2.2501249
2.2760663
5.1097374
3.7798235
1.4041617
0.5437711
0.4253628
0.4975293
0.6899573
0.6686057
0.5851652
0.7733689
0.7924533
0.6729311
0.6193463
0.6829344
0.6787902
0.8328209
0.7394469
0.8093027
0.6761545
0.8817173
1.0693296
1.1504482
1.3282660
0.9376289
0.6348982
0.7181212
0.9275378
1.0293604
0.8299954
0.9143997
1.0994558
0.9801480
0.9692950
0.8509682
0.9185811
0.8857149
0.7943142
0.6153138
0.4501198
0.5821230
0.8071038
1.1107500
1.0818311
0.7746137
0.6033566
0.5837558
0.9031894
1.4612987
1.2323681
0.7313198
0.6616350
0.6585753
0.8287253
0.9905880
1.1558067
1.0842111
0.8389481
0.7408992
0.7252145
0.7227504
0.7875752
0.6324437
2.5502448
8.3378620
34.1987228
86.3253708
124.0777664
114.4069366
74.5791931
55.3239746
42.1793785
26.8536243
29.9410591
41.3447685
39.2255859
62.7800369
115.7816086
161.0019531
161.9847717
124.0985794
86.9474716
59.1144791
112.3414001
124.5227737
74.7446899
29.4639378
16.5082016
8.7035084
9.8362360
23.3296280
22.6992912
6.4639511
3.9673960
11.1306257
19.8075256
12.7325869
1.7845519
4.7839952
44.8586769
114.3028030
154.0472107
131.9719238
90.8215256
75.9529266
66.4230423
59.0925903
49.6659775
81.5332489
121.9915314
117.4287186
89.0909958
82.8687057
85.0730667
81.7657318
63.2759781
44.0297432
32.1094170
22.9836140
19.9244747
12.2529907
3.4608054
1.5252270
1.3482507
0.9193825
1.1944113
0.8078696
0.7144179
0.6732770
0.7972455
1.3316061
1.2029171
0.7717042
0.4935142
0.5165579
0.5783780
0.7563831
0.8756703
0.7949437
0.8107747
0.7715830
0.6543096
0.5408697
0.5529591
0.7752148
0.7086385
0.6208622
0.5072470
0.9379768
3.1524179
5.4692826
4.2448120
1.0956129
0.3911209
0.6398925
0.9673646
1.0221866
0.8430414
0.5281345
0.5038150
1.0037966
1.1842380
0.8922034
0.6469066
0.6821851
0.8421832
0.9745624
0.8867664
1.1397413
0.9794441
0.7101098
0.5475965
0.6467443
0.7522401
0.7028833
0.5361017
0.6754880
1.0134429
0.9261693
0.8378706
0.8888410
1.4912894
11.3551340
29.4344292
38.7805862
32.5460815
22.3230705
13.5339479
12.4959097
23.5433750
47.4663887
61.0174255
65.9131851
78.0437012
92.8371964
100.9881973
92.3253860
64.6447449
39.9891281
22.6860275
24.3127747
48.7177238
46.7307892
31.0818901
14.4982910
27.3734207
76.4515228
110.5030365
92.7962418
53.2048149
31.4783974
11.4319801
2.8259697
2.0481460
4.2593064
11.7224483
50.8940964
114.0919113
155.9931488
170.5925903
159.8887482
147.4883575
106.0792542
71.6158447
28.4929695
7.4299164
0.5679044
0.1748242
4.5376248
21.5577145
39.2828407
43.2282867
37.3339691
38.8649025
47.9509010
47.3880310
34.6567154
23.7044868
19.5240345
18.9191017
20.5181313
18.4047756
13.4313679
9.1351528
6.8852696
7.2331715
8.8341484
12.4560537
10.9227018
5.0576587
0.6604257
0.6820993
7.7450695
23.9517059
33.6263123
36.4926033
36.7266045
37.4845352
26.9878597
14.5747776
8.6828909
9.1057777
29.7415581
57.3297997
51.1500168
37.4289818
25.5602760
16.6965351
6.8591242
12.3028488
29.1960754
32.4580002
30.1031322
28.0960140
29.1096630
33.4942017
36.6239243
30.9960117
21.0465431
14.4044914
10.0963202
10.9750023
23.6880627
35.9414673
37.2834320
28.5658302
26.2341175
37.9310989
51.9475632
53.4275894
60.2085800
79.6388245
75.7452316
37.1664047
5.3188457
4.3970585
24.5599022
53.0555115
62.1272659
40.7433090
11.5356073
4.6619301
16.7255630
46.9954834
66.8859253
61.2095146
45.9697495
29.9947739
18.6398258
14.5363045
45.9548607
127.3850250
171.8890991
165.6180115
132.3369904
96.5098801
63.2608643
66.6505661
85.0728149
49.0789375
34.4979172
32.3779907
38.5953026
34.8067245
21.0570431
10.8513184
6.7754202
9.4598026
20.0082169
54.8087311
79.4752808
70.5971375
44.3761902
25.0046425
15.7632561
6.1566830
2.9295707
11.1557922
13.8242235
15.6525040
14.2931452
11.7888870
9.9391966
8.9309864
8.2031164
8.6367102
9.4818964
7.9268789
3.7707057
1.0106500
8.6354332
53.3613701
109.9467773
128.0994263
102.6448135
72.0873489
50.4138031
27.7057266
46.8565941
54.4635887
55.6740379
59.9524460
57.6187935
53.5220108
40.6886368
29.8244801
22.2191849
16.3059349
6.2990379
1.5799091
0.9439119
2.7943022
24.0874653
48.9511185
47.0352325
23.6168728
10.5746241
8.0414867
3.9386368
2.4432046
15.4584360
64.3962250
107.6787415
117.4253998
100.9643173
78.5298157
59.7982407
50.3698578
73.5410538
86.8637924
40.7216415
22.0966873
22.2895451
19.8099194
11.8736181
4.8147736
1.1539814
0.6396393
0.5620975
0.7960224
1.1697543
2.2637448
2.3311052
1.8014051
1.1273793
0.6096931
0.7742341
5.1481385
11.2433138
11.8216496
6.6938181
1.8406861
0.7797510
0.6655133
0.6834915
0.7793677
1.4957343
2.3343477
2.0794690
1.6885315
1.5662254
1.1176239
0.7427326
1.1703312
12.3805141
62.0407028
137.7790527
194.4802246
203.1486969
171.1824493
115.9847641
61.5621223
25.6437931
41.5786514
30.5040951
7.5009141
3.9768820
3.4634275
10.4994202
23.4778385
27.0781689
16.5110874
10.3455935
11.2687693
10.1059999
5.2478161
1.7570708
4.4534588
15.7225761
21.4420624
15.2225657
8.4041138
8.6956882
8.0318127
9.0035877
19.6025486
47.8705368
76.5259781
85.8061523
72.6281815
51.3289413
32.6826973
43.4016724
31.7584572
18.3445415
10.3886862
6.1827974
8.3499928
9.3218307
5.7346697
0.8854068
0.6915953
0.8990787
1.2482803
0.9309416
0.6607721
0.6590415
0.6450328
0.5653344
0.8687087
0.8865846
0.6584901
0.8645425
1.1515281
1.4575233
1.2434421
0.9644898
0.6584930
0.6021556
0.6303778
0.6583503
0.6123294
0.8747420
1.0862260
1.0406201
0.9865962
1.1173537
1.2220119
1.2715354
1.4000974
1.4280416
1.4183828
1.3556322
1.0309621
1.1439828
1.1565075
1.5154653
1.6184775
1.4855009
1.4213022
1.4008940
1.2566897
1.0493077
1.0301900
0.9018543
1.1967016
1.6391339
1.6255237
1.0983071
0.5435723
0.6959080
0.9177909
1.8649731
4.0909886
4.6413374
2.4697528
0.5927647
0.3024198
0.5897038
1.2503029
1.1067110
0.8779751
0.7828766
1.8307215
10.8088293
27.6154404
56.7178040
113.6650238
168.4943237
186.0960999
184.8437195
188.4914551
187.5033112
173.9494324
176.8825836
187.3113098
180.2965393
174.5107880
200.5888824
212.2866364
163.9789124
93.1704178
59.7610588
66.1845551
69.6438370
60.1556549
50.7426453
33.7791824
32.2421913
41.3664093
47.1735458
50.7348213
40.7571526
23.5264778
17.5849533
42.8688660
86.1330643
92.3235779
62.1449356
46.4156761
33.4699097
34.2717133
62.9947815
59.9082146
38.1894379
21.4208527
27.7798653
21.0618992
12.5502205
18.8501740
25.5890121
22.0209980
14.5851545
6.8139353
12.5547466
16.9724236
19.1605206
21.3622055
16.4704304
11.1674185
9.8170776
9.6108789
6.7855382
9.3639755
9.8656530
5.8741159
4.1819606
1.4494044
0.5658458
0.2354470
0.2051842
0.6167375
0.6869808
0.8456697
1.4174041
2.3218284
2.9629269
2.9876835
2.6043813
1.7649083
1.1602894
0.7955245
0.6820127
0.7509180
0.7130792
0.5873512
0.4285630
0.5717142
1.0724312
1.2995002
1.0081552
0.5884384
0.6622351
0.7706430
0.7860883
0.9832622
1.1299505
1.2189819
1.2783370
0.9700620
0.8865780
1.0845495
1.7279161
1.9392377
1.4121699
0.9551176
0.9998075
1.1826684
1.3839951
1.4541727
1.3490975
1.0512856
1.2809398
1.4957792
1.2866752
0.9812906
0.8185516
0.7682835
0.4898505
0.5623481
0.7872810
0.6894670
0.7356448
0.8269475
1.4723744
5.2281642
18.3951912
39.6365356
54.7940559
51.3395576
38.9983521
23.7202530
18.6090908
13.2698975
0.9667064
1.0923886
22.0408230
91.5392227
136.1383209
131.1827850
87.0655212
62.0123711
37.6470909
8.7551956
22.0234089
50.4129181
78.6124268
117.5049744
138.8241119
146.7474213
140.1243134
91.9592819
75.6247101
112.5590515
106.1974640
99.4624634
90.9555435
79.5964508
67.1001587
40.0227013
41.9140968
63.8020401
75.7692261
85.8179779
54.9271049
9.0684900
2.4016552
0.8515529
7.9329209
22.3515663
17.8516998
5.5683365
2.1794934
1.2087495
1.2555480
1.1352605
0.8406568
0.6414867
0.4011082
0.5784405
0.7541201
1.1050682
1.4415340
1.2718047
0.8635772
1.1685562
0.9694791
0.7203214
0.6769075
0.5958620
0.6089239
0.8252004
1.0265237
0.9646025
0.9711684
0.7853745
0.8062999
0.9885065
0.7833384
0.6725207
0.7322015
1.0374038
0.8665658
0.5749315
0.8107951
0.8885887
0.7250294
0.6773779
0.6199687
0.5820596
0.8319893
2.4331031
6.4768662
12.3354397
17.0378056
17.6439476
39.3619232
108.6270065
172.8222961
196.1144257
216.4464569
221.9393463
195.3385773
147.9242706
119.9299850
79.9862900
43.4528618
15.3358879
19.9611092
11.3209009
10.0726128
8.7619371
4.5171399
0.9987278
0.4240728
0.5253949
7.2737770
73.5668869
188.2326813
248.0525513
183.6922913
95.3137360
67.8580475
97.4316559
131.5582886
118.6668549
90.4882812
80.3069077
50.4283791
18.9281063
23.9740448
23.8257980
19.3003597
19.4066029
35.2486420
65.9684219
64.1067047
61.4626541
62.3054123
59.8581810
42.0911522
20.3602295
11.9036722
10.7101736
8.3790684
7.3078423
7.6096830
7.6854076
7.9655399
21.6678677
70.7267532
115.5119858
108.7592087
85.5703583
88.4137802
127.9769745
123.3827820
104.4380035
96.0036469
84.1458664
80.9148102
55.5755653
23.3894348
18.3405209
27.2962170
30.4314117
24.7231197
17.9158592
14.0160456
19.0308857
44.6488686
43.7974396
27.9141788
13.7130136
8.7379761
7.8972292
14.8572130
20.1472397
18.0521622
20.9382248
19.7825317
12.3034878
10.9753876
13.0811081
15.6833115
22.0250988
23.5778465
14.7394199
4.5502791
0.8420714
1.6324582
6.6982441
15.2473001
17.9708366
10.3490582
1.9296935
0.2049210
4.2297153
19.9355354
35.7604599
33.8676834
32.1525459
49.3398323
75.4708557
99.0164795
111.9906006
104.0266266
87.2369308
65.7855835
55.3077164
37.6554108
57.4392815
75.2349243
92.9898834
110.7948074
119.2801208
114.5022583
105.3449707
87.7980728
64.3133163
42.4890137
28.2722168
17.8662643
10.5168781
6.8299289
6.3768134
8.4286156
16.6450195
20.9631767
17.7618542
13.0203238
7.8254557
5.3673210
1.8357733
0.6323140
0.3110849
0.2401169
0.3722483
0.4562353
0.5071725
0.7558305
0.9780426
0.8185593
0.6352043
0.6565387
0.6118820
0.7026460
0.8627912
1.0420017
1.1995734
1.0344732
0.6987070
0.4958638
0.5464755
0.6746718
0.6247127
0.6087919
0.6967730
0.7750469
0.7367325
0.7298075
0.6515608
0.7523938
0.9984895
1.2851844
1.4209284
1.0756476
1.0184244
1.1069702
1.1701794
1.2432734
1.0994616
1.1702048
1.6552252
1.3977273
0.6159036
0.4338502
0.6801750
0.7796432
0.7479792
1.1773919
1.3230394
1.1675951
0.9132476
0.8236829
1.1260321
2.6668577
12.6562548
27.7246246
37.7073212
39.3080406
36.2841110
31.4048138
23.1695099
21.1729965
18.0342045
6.3218675
1.5462214
1.8040018
1.6786990
1.2626759
1.0428789
5.4591274
13.3023462
15.9461336
13.6723881
9.3315668
3.6387563
0.7057137
0.4747509
0.3055376
2.9287972
10.8166142
18.5719013
24.6056633
38.2037468
58.2315712
70.6278687
74.7149200
73.6405411
69.6834030
50.1828728
37.1559181
32.6212616
23.6469841
19.3245010
43.8284531
59.3820457
57.5640068
50.7288589
38.2454033
25.5290890
13.2791748
6.1974897
3.4536316
4.7373371
18.6733284
34.3342514
33.4128304
23.1702404
13.7327557
4.8431873
6.5048561
6.7996593
3.9148338
1.5340290
3.3230140
14.2999439
25.0540543
54.1179199
116.7716446
170.8326111
170.1449890
126.2575607
102.6341629
82.3702393
61.7744370
43.5007553
37.1542244
74.1031876
77.7615662
65.9904251
53.8008766
39.5249977
23.5065289
15.6016102
11.5849609
9.4889717
8.1927080
7.6196394
10.8402300
17.0108604
16.2680798
9.3522720
3.0500870
1.8581476
1.4711608
2.1703520
2.6806564
2.0279565
1.4179065
1.9415293
14.7382421
43.8194580
74.5526276
98.5926285
107.1782379
101.2422943
73.1489029
39.0495911
11.3660145
1.3690382
0.3905397
0.7044638
11.1911583
64.3662262
108.5466156
104.2509232
74.9706268
47.8605270
35.1986427
18.9937477
13.1808252
10.0066576
5.6453981
7.0430822
35.9708176
79.6983490
93.7445374
58.1700783
16.0849400
3.0949562
0.8679605
0.3091297
0.2071365
0.8756331
0.7484434
1.7364000
4.8327031
6.9651556
5.4992576
2.8217037
1.8533673
2.7452497
5.2595782
6.8043532
5.5797429
3.5654106
2.9392014
2.6552467
2.0447395
2.3622375
3.4530916
5.3484826
7.7291703
7.7127829
4.2785816
2.1345491
1.8832380
2.0468485
1.9159721
2.0520687
2.2302449
2.1425228
1.9127108
1.7699074
1.5469854
1.4634659
1.0963833
0.8191968
0.6467758
0.6855140
0.7412170
0.8673329
3.9767284
29.9933510
81.4700623
117.8084106
104.2215195
45.4669495
10.5255775
10.0624857
49.9487305
174.7363586
296.0551453
320.4373779
241.0544281
127.0869675
54.4675980
50.7514420
38.2329597
56.0600700
94.2832718
99.9035263
77.9101181
57.9886246
47.2406540
77.5315704
103.2225037
119.8055878
147.5038452
147.7884216
101.6102676
64.8779984
76.6383514
80.2008362
63.7676163
39.9847107
26.8722973
57.9302025
58.9028854
45.5957489
33.0152626
26.4215698
28.7738400
31.2681427
30.4843731
41.5291824
75.0055237
81.0690842
57.1890907
39.4020042
21.7076473
10.2765923
11.4869919
47.7625046
115.7718964
155.5543518
137.8288269
89.5818787
59.0769386
33.4216003
35.6909637
43.8639450
32.0037804
19.8811741
16.1280174
14.6623783
18.2353306
17.9990044
29.9969883
65.9921799
100.7353897
107.1880798
88.2021866
67.6253738
58.7493858
52.7953949
43.0946465
22.3713036
5.4384713
8.0274830
14.7943506
14.3317118
9.6055622
8.0690966
5.5914259
5.0073881
13.3694620
22.4795189
23.4940472
18.9532604
11.8452797
4.1827898
5.2561326
4.0918832
1.2552547
0.7163422
0.9070501
0.7501482
0.9897161
0.9653977
0.9263932
0.8956460
0.7177786
0.8369782
0.6113591
0.5237314
0.5742838
0.8032218
0.8896456
1.0171312
1.3661301
1.6177624
1.3779006
1.1910285
1.2791338
1.0924662
0.5756149
0.5274293
0.5787760
1.1299084
1.1143749
0.8191112
0.6575111
0.9032139
0.9132431
0.9571449
0.7828801
0.6268584
0.6255272
0.5536895
0.5737022
0.6814049
0.9027370
1.1847321
1.1836416
1.1507587
1.0424774
1.1751494
1.4711123
1.6184371
1.4507676
1.6001830
1.9680809
2.1168892
2.1144114
1.9984334
1.9116266
1.8530263
1.6433702
1.3133509
1.3669105
1.1173044
1.0252911
1.0741781
1.3291912
1.0047505
0.7900152
0.9326214
1.1090915
1.1135128
1.0274167
1.1133301
1.4925336
1.3434142
0.8395368
0.8552119
0.7620441
0.8360777
1.1648880
1.0296303
0.8966724
0.6644621
0.7671714
0.7515647
0.6627447
0.6932201
0.6335540
0.6515445
0.7356434
0.8187394
0.9258127
1.0791614
1.0424328
0.6174891
0.6094614
0.7033761
0.7332120
0.7888681
0.7266269
0.7401479
0.7489707
0.6389978
0.6063280
0.7515624
0.8921064
0.8805142
0.7456703
0.7192369
0.6921446
0.9364710
0.9578755
0.7391940
0.5972689
0.6432048
0.7759646
2.5887487
15.5568228
55.4430504
107.8225555
146.1654663
146.9114990
101.6762924
38.3543587
27.1168041
51.6510658
85.0707169
94.5105209
88.0908432
64.6989517
39.7927971
25.8665104
17.5982342
12.3601580
35.2508698
87.5470963
100.3595505
104.9176254
113.6808548
109.7527542
90.0287933
67.2551270
57.6384315
39.3097954
54.0744019
37.6294518
15.9541759
16.7850456
33.0756950
99.1803665
117.2098465
87.6860199
50.4905090
50.6381683
54.1842651
37.4008942
16.8315067
5.6205239
6.4501944
12.4538670
16.0476665
16.9803829
30.2586784
65.5654831
80.4993744
80.6541138
79.5027161
82.3756027
81.1397324
80.4823532
69.3682404
52.2285004
33.1208115
20.3647213
47.1047058
55.8259964
43.5122490
24.7242451
10.0473251
2.5140777
10.3650227
25.6812000
28.8605766
17.5356617
31.7587452
62.2615318
78.4704132
75.6457367
67.2154770
70.5196152
62.7332001
50.5268326
38.6845818
41.0355721
45.8962173
43.2734947
30.0080833
34.0086403
49.9851761
69.1231308
58.4130363
19.2853374
13.0071354
8.8617964
12.7894363
16.8129063
20.7739658
15.4924479
11.2977638
15.4772034
13.0467587
9.0908861
11.5807161
28.0982685
35.2369194
26.6426163
19.6371841
16.3255863
20.4398785
26.0628414
24.3028831
17.2909451
5.0581493
3.8211069
8.4676666
13.2084665
14.7187033
20.5914841
16.3390636
14.3648596
20.8315849
25.5325813
18.8832874
7.8990860
7.4988608
5.4143748
2.8834858
2.2566133
2.8689854
3.7985435
3.5667105
2.3866253
1.5592805
1.2206659
1.4334173
1.7461491
1.1811234
0.7024852
0.5495109
0.6254054
1.1281132
1.2261900
0.8682963
0.7324374
0.6594590
0.6870176
0.7399187
0.6942570
0.8311398
0.8100528
0.6016017
0.7692554
0.7618279
0.5968021
0.6270252
0.7979105
1.0883751
1.0263374
1.0982661
1.0937791
0.9804186
1.1409017
0.9754421
0.7215074
0.7027470
0.6879790
0.9477521
1.1609296
1.0897557
0.8252583
0.9825670
1.3993251
1.1249921
0.6584050
0.6712833
0.8410687
1.1351445
0.9672170
0.6819774
0.5401452
0.5785934
0.8927783
5.7426500
19.1248188
34.1465263
37.4546204
26.4068546
15.7172413
40.8712082
91.0862427
137.6213684
169.7112885
182.1651459
172.5301056
150.2962341
114.5693970
83.3178711
61.8592644
33.2669945
40.2678185
29.5421791
24.9122334
52.6531372
130.7028046
159.7189484
134.4545288
98.8661880
84.4613953
72.4103546
41.1706314
20.3172474
8.9187975
7.4829912
11.4026842
54.1651382
107.6873627
106.4397049
72.3637695
57.2129135
62.7965012
59.5627022
31.5193462
10.9218817
2.6025259
0.4468281
1.2496643
10.6791430
25.6842632
36.5974350
51.1364326
63.5746536
58.2621841
45.9115982
38.9235268
40.8746262
42.6633606
40.8877602
41.2738991
38.7257805
57.3305244
56.4011040
77.9207153
130.3849487
155.7842865
123.1763611
86.0598450
49.0635529
27.8509998
21.9226933
29.5003662
37.0851212
23.6571922
7.6999607
11.1632051
10.8627396
7.6612077
10.3822250
17.3789711
20.7483654
23.9414825
22.1328354
17.3845005
16.0924892
15.5189972
12.2370567
11.0178404
9.3910618
4.3910413
1.7353683
1.1763728
1.3636451
2.8175073
9.5121536
29.7939663
70.5501938
106.2436066
102.4020691
69.8332138
46.3532257
27.7448692
61.4287300
95.5981293
84.3663864
60.7610550
45.5172653
47.2337379
68.5497360
86.4733582
83.8758392
61.5386848
43.7247849
27.5602283
9.6798010
21.8972435
16.2637634
6.0002284
2.7779326
2.2575016
2.6841192
9.1536713
17.2973862
15.6155319
5.1734490
1.3460999
0.7865061
1.3813113
3.6900454
3.9059792
1.5517837
0.6244700
0.5103943
0.7808217
0.7045561
0.5407349
0.4214603
0.4920711
0.7894766
1.0051103
0.9450059
0.8506081
0.6396939
0.6670897
0.9360870
1.0777817
0.7211100
0.6089650
0.5450450
0.5325086
0.7077126
0.7019972
0.7011529
0.7234870
0.8466321
0.9053526
0.8698823
0.8237209
0.7889107
0.8012673
0.7812536
0.8487481
0.8537672
0.8979118
1.0291681
1.4094745
1.2186019
0.8983192
0.8304289
1.1917278
1.3389161
0.8911709
0.7370795
0.7278163
0.9189574
0.8027630
0.8159206
0.8654267
3.1018555
12.7463341
27.7074718
45.5999374
62.8824539
103.1122284
164.0348206
191.3018341
189.7538757
234.3302917
297.2674255
289.6110535
209.1832886
149.9302521
73.0474091
64.1211166
107.7038879
105.3531570
99.1625748
86.3185806
70.4706802
73.8950348
98.0204086
112.5473633
81.2681580
56.1643791
31.5624676
28.6716805
25.9116650
14.7797537
17.1891956
32.7152023
37.2076492
62.4546547
87.1631775
92.8837128
63.8821449
23.4547119
11.5315733
49.0819092
145.9380951
230.1999817
207.0196228
125.3396912
80.2280655
54.1372795
87.9615402
92.2049561
75.8769302
59.4194260
40.0113869
23.8313198
5.8991270
13.0229549
18.4172440
10.2325153
4.8126469
3.6156158
3.9361699
4.1551208
4.6135740
6.1244464
5.9389176
4.1143146
1.4055839
3.9115744
6.9316745
9.4356537
9.6903582
8.2197685
6.4685779
4.1652303
1.9494821
1.1998010
1.0028564
0.7507110
0.7865396
1.1481173
1.4107255
1.3538400
1.2191454
0.9465849
0.9326928
0.7821004
0.7582816
0.8382840
0.7921732
0.8166085
0.9380669
0.7407762
0.4752927
0.5637323
0.7789987
0.8782133
1.1010140
1.2677975
1.4669380
1.8775048
2.8353744
3.3367896
2.2681603
1.1153612
0.8218898
0.8640106
0.7448918
1.0924058
2.5475619
4.1282659
4.6983490
7.3273373
12.8773527
18.1992817
22.6743641
22.5945034
13.7295551
3.9643359
1.2513344
0.8102276
4.4383287
23.1886368
50.3573341
69.3734741
67.3492050
43.3164902
15.9526520
20.2717056
51.4927597
100.6583023
125.4103165
123.2059784
102.3850174
93.5333633
72.0773926
41.5304108
8.6608667
0.6225336
0.1709471
0.3751866
0.7971702
4.8111224
36.5198441
94.8694763
142.0958710
136.6155090
83.8960495
32.7148438
3.1568558
0.2672260
0.1449303
0.2190603
0.6689373
6.0328765
15.2144642
15.8354454
5.2841682
0.4602715
0.0990354
0.2002750
2.6138580
4.2150197
1.9185489
0.5195446
0.3574087
0.6467056
0.9407757
0.6212893
0.7058455
0.8069016
1.8325269
2.6243026
2.1523046
1.8515040
1.8385968
1.4576387
1.5851269
3.6383898
5.7613559
3.5938332
0.4502414
0.1233063
0.2534080
0.4711445
1.0906876
1.2968706
1.0368108
1.0795830
1.3081412
1.5924972
1.3680561
0.9653881
0.8911924
0.6865599
0.9081938
1.3762296
1.2524346
0.8518835
1.0850081
1.6186943
2.2841032
2.4712687
2.0934589
1.3808025
0.7365962
0.6721026
0.8725733
1.0190997
0.9573774
0.8088377
0.9467423
1.1316721
1.6672899
2.4860222
2.6129997
1.5714236
0.8438048
0.6905586
0.8020701
1.8100300
2.9559970
2.5031557
1.2489057
0.7636226
0.6132696
0.5843428
0.4847146
0.4067774
0.6939142
1.6527942
2.1389639
1.9058501
1.1812463
0.6066147
0.6860459
0.7629853
0.9497914
1.1216590
1.3628912
1.1435081
0.7387549
0.7460846
1.0348687
1.0366741
1.0176909
1.0917047
1.5836179
2.2297037
2.0998704
1.2586116
0.7072716
0.4725242
0.5910284
0.6930389
0.6673599
0.7712635
1.3071492
1.9197083
2.0050550
1.3208808
0.6718420
0.5787220
0.8301414
1.3461020
3.0730200
38.8783798
138.7992554
233.7971649
252.0620880
211.5912628
148.0563049
79.9760971
18.3996906
2.1342137
4.7890840
22.4859123
62.9007111
143.4365692
209.3377075
224.9687042
196.6692963
145.1970367
87.2631531
55.0513458
43.7237968
30.3646851
27.3843517
44.3940659
53.9684792
45.0037384
38.4683495
33.7201462
28.5336533
17.6990070
7.3727341
2.8874812
0.8687950
4.8447442
61.3969421
189.2463684
312.2845459
331.0628662
249.0721283
180.1718445
119.8188171
157.2479858
136.4359589
95.4658051
71.8640442
48.9189491
35.5348701
34.6445923
38.3103104
78.2957153
131.9361420
135.1319733
109.6269760
96.5759506
86.5176315
49.2333412
24.3898697
14.8041735
2.9821246
0.2899057
0.4073016
0.9467803
11.9264040
32.5480042
38.8220863
48.9342651
89.2633362
127.8355484
140.6327362
145.7606812
151.0524902
126.6916428
82.1297760
69.9288254
132.5126953
131.4877319
99.0961990
88.7492294
77.5214539
57.3163300
39.8257370
24.4633694
15.6571894
13.0414667
6.7330141
6.7900562
9.0380802
9.7790222
8.8088112
8.3260918
7.1283841
6.1626291
6.2989540
7.0485659
6.8819799
4.2516561
1.8449550
0.9288708
1.0860801
1.5200479
1.3615251
1.0427434
0.9909927
1.1370490
1.5537131
1.7346745
1.4574583
3.7219942
14.6800442
22.9033356
14.9306078
1.7064674
1.4080930
0.6214681
0.3123400
0.4845747
0.6515241
0.7034141
0.7627119
0.6557779
0.7371224
1.0662601
1.0884273
0.8537327
0.7951005
0.8449969
2.3676271
5.3520927
5.2820239
1.6813745
5.0339246
27.2832069
52.1932220
49.4629898
24.4520168
14.8586769
22.1286545
58.2375450
70.5277557
65.2124329
59.3438797
53.1955605
30.8606663
12.0134811
7.4470835
9.6757469
12.9694929
15.0441103
18.8615131
20.8706646
18.4872208
13.6051874
10.0332909
9.9133062
9.5656338
20.2436104
41.9040375
48.2331161
36.0913124
27.4188938
25.5650768
23.1874371
18.1411705
9.3558025
3.1879218
3.4852843
6.6630936
10.4300442
11.5542936
9.2885275
6.0799236
3.5643604
1.4773046
1.5755128
2.1387646
2.0351162
1.7461908
1.1090543
1.0666156
0.9679945
0.9806836
1.1394203
1.1077344
0.8217368
0.7329192
0.7981466
0.6859113
0.5893069
0.4545708
0.1028330
0.0100629
0.0001348
0.0000000
0.0000000
0.0000000
0.0000000
0.0000000
0.0000000
0.0000000
0.0000000
0.0000000
0.0000000
0.0000000
0.0000000
0.0000000
0.0000000
0.0000000
0.0000000
0.0000000
0.0000000
0.0000000
0.0000000
0.0000000
0.0000000
0.0000000
0.0000000
0.0000000
0.0000000
0.0000000
0.0000000
0.0000000
0.0000000
0.0000000
0.0000000
0.0000000
0.0000000
0.0000000
0.0000000
0.0000000
0.0000000
0.0000000
0.0000000
0.0000000
0.0000000
0.0000000
0.0000000
0.0000000
0.0000000
0.0000000
0.0000000
0.0000000
0.0000000
0.0000000
0.0000000
0.0000000
0.0000000
0.0000000
0.0000000
0.0000000
0.0000000
0.0000000
0.0000000
0.0000000
0.0000000
0.0000000
0.0000000
0.0000000
0.0000000
0.0000000
0.0000000
0.0000000
0.0000000
0.0000000
0.0000000
0.0000000
0.0000000
0.0000000
0.0000000
0.0000000
0.0000000
0.0000000
0.0000000
0.0000000
0.0000000
0.0000000
0.0000000
0.0000000
0.0000000
0.0000000
0.0000000
0.0000000
0.0000000
0.0000000
0.0000000
0.0000000
0.0000000
0.0000000
0.0000000
0.0000000
0.0000000
0.0000000
0.0000000
0.0000000
0.0000000
0.0000000
0.0000000
0.0000000
0.0000000
0.0000000
0.0000000
0.0000000
0.0000000
0.0000000
0.0000000
0.0000000
0.0000000
0.0000000
0.0000000
0.0000000
0.0000000
0.0000000
0.0000000
0.0000000
0.0000000
0.0000000
0.0000000
0.0000000
0.0000000
0.0000000
0.0000000
0.0000000
0.0000000
0.0000000
0.0000000
0.0000000
0.0000000
0.0000000
0.0000000
0.0000000
0.0000000
0.0000000
0.0000000
0.0000000
0.0000000
0.0000000
0.0000000
0.0000000
0.0000000
0.0000000
0.0000000
0.0000000
0.0000000
0.0000000
0.0000000
0.0000000
0.0000000
0.0000000
0.0000000
0.0000000
0.0000000
0.0000000
0.0000000
0.0000000
0.0000000
0.0000000
0.0000000
0.0000000
0.0000000
0.0000000
0.0000000
0.0000000
0.0000000
0.0000000
0.0000000
0.0000000
0.0000000
0.0000000
0.0000000
0.0000000
0.0000000
0.0000000
0.0000000
0.0000000
0.0000000
0.0000000
0.0000000
0.0000000
0.0000000
0.0000000
0.0000000
0.0000000
0.0082907
0.3618868
1.1834817
1.8147545
1.7359864
1.2521225
0.9593003
1.0756775
1.3730862
1.5550520
1.8782876
1.5148684
1.1940966
0.8534740
0.8840925
0.8407686
0.7491909
0.9281191
1.4698520
9.7601490
43.3714066
131.4114532
259.2744141
353.3088074
339.7767029
225.5664215
106.4137650
62.4795723
44.7517509
32.0114174
50.9558983
62.8571320
62.4924316
60.7369461
54.7236214
43.7108231
65.2871552
94.9032669
63.8293762
35.6797562
23.4091415
26.9803562
27.5887966
25.3329411
24.6166649
17.5542603
7.3215804
2.9131467
1.3039393
1.8253963
1.7446020
0.6411377
0.5694423
0.7637869
1.7341399
2.2916052
1.8627493
1.0613884
0.7183024
0.6960760
1.3091400
1.6528418
1.3191459
0.8605515
0.9932905
1.1216977
0.7943202
0.8261443
1.2561882
1.0614334
2.6608195
6.6352229
7.4342422
3.5708051
0.6186725
0.3249533
0.6625724
1.0254898
1.3517431
1.5051532
2.0830624
2.2525587
1.4442196
0.7098756
1.9426731
4.3710971
4.4137316
1.0121181
0.3954567
0.9703200
1.1476187
1.3182814
1.1160338
0.7326172
0.4662335
0.5337006
0.7947787
0.8863647
0.6921405
0.5612830
0.8643082
0.9935250
0.7515064
0.5663308
0.7537072
1.1286881
1.2478153
0.7984598
0.7293580
0.6265965
0.7024014
0.8269875
0.8596861
0.9957687
1.2951547
1.3265855
1.2041106
1.2573763
1.1273447
0.8656362
0.7174673
0.8931473
1.2914075
1.5299959
1.1509013
0.8057733
0.4896948
0.5993868
2.1757140
26.4991837
99.1094818
170.8359222
170.7311554
91.9136200
20.9643154
3.5811427
2.7873275
18.2864323
70.7055740
132.9875946
138.8174133
102.8310013
52.5275574
42.4673843
47.5704117
66.6645584
66.3043365
52.5768242
42.7167892
41.5475731
40.2886009
34.3856430
19.0535164
30.0540676
90.3710403
121.8543015
115.2438354
92.9422150
79.2098770
69.7964935
67.4976273
75.9023895
75.6408386
61.4737625
47.3888550
29.8728333
35.2565079
43.9353333
19.0667953
8.0076551
4.5610008
3.2508798
15.3735962
28.0390644
45.6704521
88.3186493
120.0575333
97.6209335
61.8315659
44.9646072
26.8442783
27.5277519
33.7263794
21.0096359
12.9169626
24.1774731
38.5643387
34.6526909
20.2088013
13.9227095
33.6811218
84.0063553
124.9777374
112.8320694
63.0010872
32.7582436
11.3574800
23.6358719
41.6241531
43.5727348
31.1846771
18.9043808
24.6254768
45.8929253
68.8531876
69.9677582
60.5496788
49.3907051
37.0225830
19.2250118
14.9603825
18.0983391
16.2152367
10.1723385
2.9164317
0.7187889
5.6160531
48.6604614
114.0312729
132.2210999
84.8284454
31.6479931
17.8387470
17.6693821
14.8029804
20.1326694
22.7407970
11.0701637
9.3249397
25.4996567
37.3340569
35.0994072
36.3476105
47.6001434
47.5369377
38.2863426
29.6863384
27.5585442
19.4174786
12.2923088
8.8769350
7.3133841
5.5681186
5.3456159
7.5118508
9.3880310
6.6637774
1.7592584
0.7013559
1.6231492
15.4879494
62.5952415
134.6723175
176.9607544
148.8674316
119.5113220
105.4267502
87.5699997
36.2310905
5.0740938
2.6191845
1.4955717
3.4956632
1.7782929
0.5061737
1.0343184
17.6266079
70.9598160
115.0441895
111.2242813
67.6944809
40.1876373
27.5497017
19.5092583
11.6342945
48.5965614
76.1500320
115.8513489
165.3418121
178.6351318
144.9935303
99.2853317
73.5929489
56.3643723
41.4281769
35.1052437
20.5417194
53.7286835
40.4641762
19.1372910
8.7440929
5.5072370
4.4778314
3.9406497
3.6186979
3.8784370
7.8759007
12.0623341
9.5605297
4.2835226
2.3693514
2.0512733
1.5672610
1.3029351
0.8786266
0.8733762
1.0421181
1.1485584
1.4311562
1.2840822
1.0291184
0.8572127
0.7876704
0.9735215
0.9802744
1.3985778
1.3399311
0.8517302
0.5683014
0.7145985
0.6895263
0.6761757
0.8754793
1.2252861
1.3203092
1.0916117
0.9762206
1.2774264
1.4470309
1.6444821
2.1926429
2.2938466
1.5148699
0.6452994
0.7116179
0.8113210
1.1981826
1.2093539
0.9691941
0.9425960
0.8151205
0.6525850
0.7726827
0.8414767
0.9750764
1.1645026
1.2632160
1.3091364
1.3040296
1.3039845
1.8192470
2.1542585
1.9102308
1.6875503
1.4368447
1.2884774
1.2236207
1.0321252
0.9577993
1.0346209
0.9519303
0.9635028
1.0234649
1.1977396
1.1679544
1.0519969
1.1307306
1.4645549
1.9471606
2.4997776
2.2309928
1.3639804
1.1553581
1.1529956
0.7033364
0.7085983
0.6101115
0.8413185
0.9680580
0.8159391
0.6803967
0.6486029
0.7373133
1.6455172
2.2445350
2.0672226
1.8643528
1.7217886
1.1363642
0.4932417
0.2733529
0.4079996
0.8782431
1.1950343
1.1277155
1.2205480
1.2487708
0.9909950
0.7128139
0.5399415
0.4902963
0.7982735
0.7335731
0.7598319
0.7454882
0.5956448
0.6348906
0.7198831
1.1879560
1.7623284
1.5620046
0.9830908
0.6045954
0.4638656
0.4435022
0.5677658
0.8617657
1.4709586
1.5427310
1.1490359
0.8461425
1.0859342
0.9783641
0.7819889
0.8617507
1.1608349
1.6686828
1.3906121
0.9783185
3.2306981
31.3598518
85.9201279
124.2012177
121.9199524
99.0679092
79.2492828
52.6490822
27.8065109
20.2751675
29.6356602
49.4379578
59.3254395
51.5447311
38.7118721
24.1883011
11.3334703
2.3895316
0.1268457
15.9441509
105.5828476
197.4369049
194.8587341
124.5745926
79.4556885
72.8899460
63.1910057
59.7075081
49.9278336
30.6631699
27.5211430
55.6642532
65.0930862
43.6341286
18.0332165
4.8227339
20.3348618
70.9439163
67.5236206
38.9812279
21.1988182
6.2991390
2.0606883
1.2319295
8.8338804
49.5099525
85.6140366
73.6148834
31.8147964
8.2052555
7.7276330
44.3273926
144.1052246
194.4857788
147.9509888
86.7969055
50.9936790
28.2059612
17.1029739
8.2914877
2.7150543
6.3353767
33.1501541
74.2517242
90.0897980
57.0725174
31.2052593
25.9087772
56.5604591
73.7610245
63.9301414
52.4020195
55.5856972
54.0292435
38.7417641
22.6970215
18.2903461
36.2456093
35.6001968
22.3929996
13.9902134
11.1530104
17.1533985
14.2599201
6.1825452
2.8582218
2.2301350
2.5974796
1.9962223
1.0115464
0.7664220
0.6799723
0.5577844
0.7785863
0.8791365
0.8776828
0.9524116
0.7562646
0.6006152
0.8274310
1.1033679
1.3055338
1.3781989
1.5538290
1.2476759
0.7630964
0.5495784
0.7225859
0.7222321
0.7408538
1.0830395
0.8395046
0.5460564
0.5755264
0.6028957
0.6727610
0.6334041
0.8099228
0.8739406
0.8592157
0.8824867
0.8230782
0.8518769
0.8143864
0.9038011
0.7943213
0.6440125
0.6171372
0.7585371
0.7068905
0.6066465
0.5256265
0.9155542
1.3282331
1.1807400
0.7036538
0.5956737
0.7037913
0.8786015
0.5571578
0.6902927
0.7833915
0.8811164
0.6410279
0.5164672
1.1769474
6.4018793
25.6556854
54.5046577
66.8985214
47.9858932
21.1341286
3.2043533
3.0691311
10.5419683
23.9076500
33.2650070
28.9702950
19.3744907
8.6794777
3.2537806
0.6424642
0.2193834
2.2195158
9.5783491
15.8146324
19.8048325
20.1742020
15.9926825
12.3826199
26.0233994
68.0294876
112.8644714
123.0414734
108.3205643
99.9126587
110.1537323
118.2305832
113.1954422
111.5630417
99.1007843
76.0810852
29.5164566
52.7965965
40.5820847
28.9571762
10.4730692
0.8024607
0.9198216
3.1872003
41.1601334
105.5067673
120.1099930
75.6088791
30.0164280
20.1395168
9.6515846
9.7952166
10.1908903
6.9519758
3.6324825
4.8171334
14.1293116
17.3810520
13.7304249
11.1072626
13.5136089
14.1903954
6.8213911
3.2826676
8.6950598
17.8045483
27.2678776
29.6401176
27.2873936
19.2382011
11.9275799
8.4149256
21.2957153
33.9817467
23.3489189
17.9321957
14.8901243
10.9883814
16.1052723
25.8775177
20.4932556
12.8972263
5.1936054
2.1397462
1.6685083
1.8449154
2.1532440
1.5640239
0.7837608
0.9607819
1.1453435
1.2285734
0.8546313
0.6633158
0.9652127
1.1407777
0.9755086
0.7086891
0.6287602
0.9298846
1.5623281
1.5401881
0.5948406
0.0691240
0.0027599
0.0000000
0.0000000
0.0000000
0.0000000
0.0000000
0.0000000
0.0000000
0.0000000
0.0000000
0.0000000
0.0000000
0.0000000
0.0000000
0.0000000
0.0000000
0.0000000
0.0000000
0.0000000
0.0000000
0.0000000
0.0000000
0.0000000
0.0000000
0.0000000
0.0000000
0.0000000
0.0000000
0.0000000
0.0000000
0.0000000
0.0000000
0.0000000
0.0000000
0.0000000
0.0000000
0.0000000
0.0000000
0.0000000
0.0000000
0.0000000
0.0000000
0.0000000
0.0000000
0.0000000
0.0000000
0.0000000
0.0000000
0.0000000
0.0000000
0.0000000
0.0000000
0.0000000
0.0000000
0.0000000
0.0000000
0.0000000
0.0000000
0.0000000
0.0000000
0.0000000
0.0000000
0.0000000
0.0000000
0.0000000
0.0000000
0.0000000
0.0000000
0.0000000
0.0000000
0.0000000
0.0000000
0.0000000
0.0000000
0.0000000
0.0000000
0.0000000
0.0000000
0.0000000
0.0000000
0.0000000
0.0000000
0.0000000
0.0000000
0.0000000
0.0000000
0.0000000
0.0000000
0.0000000
0.0000000
0.0000000
0.0000000
0.0000000
0.0000000
0.0000000
0.0000000
0.0000000
0.0000000
0.0000000
0.0000000
0.0000000
0.0000000
0.0000000
0.0000000
0.0000000
0.0000000
0.0000000
0.0000000
0.0000000
0.0000000
0.0000000
0.0000000
0.0000000
0.0000000
0.0000000
0.0000000
0.0000000
0.0000000
0.0000000
0.0000000
0.0000000
0.0000000
0.0000000
0.0000000
0.0000000
0.0000000
0.0000000
0.0000000
0.0000000
0.0000000
0.0000000
0.0000000
0.0000000
0.0000000
0.0000000
0.0000000
0.0000000
0.0000000
0.0000000
0.0000000
0.0000000
0.0000000
0.0000000
0.0000000
0.0000000
0.0000000
0.0000000
0.0000000
0.0000000
0.0000000
0.0000000
0.0000000
0.0000000
0.0000000
0.0000000
0.0000000
0.0000000
0.0000000
0.0000000
0.0000000
0.0000000
0.0000000
0.0000000
0.0000000
0.0000000
0.0000000
0.0000000
0.0000000
0.0000000
0.0000000
0.0000000
0.0000000
0.0000000
0.0000000
0.0000000
0.0000000
0.0000000
0.0000000
0.0000000
0.0000000
0.0000000
0.0000000
0.0000000
0.0000000
0.0000000
0.0000000
0.0000000
0.0000000
0.0000000
0.0000000
0.0000000
0.0000000
0.0000000
0.0000000
0.0000000
0.0000000
0.0000000
0.0000000
0.0000000
0.0000000
0.2645961
1.0789341
1.9526737
2.2378161
1.8937464
1.2521435
0.8815983
0.6472787
0.7143674
1.1337806
1.8224114
2.2633224
1.9546800
0.9071826
0.6311212
0.6050419
0.8798321
1.1013044
1.0154036
0.7143843
0.7110248
5.9876928
38.8651466
105.6320724
155.6653137
145.5650330
98.2228165
72.8927536
48.1185379
26.9071178
15.9395103
8.8341999
27.8810005
72.4384079
105.8507462
107.7385178
86.2249908
67.7821350
47.0508995
90.0965195
180.4131622
209.6448364
219.7131500
193.4342957
128.7010803
64.7981491
29.1221313
21.7777386
17.7021160
15.1655874
15.3940449
19.8173256
16.9756317
6.9212236
2.9078588
2.6708908
1.4570508
0.6818880
0.4909414
0.8587293
0.9625126
0.5476165
0.4892935
0.4889867
0.6734120
0.6834165
1.0414764
1.0869635
0.8236542
0.5509903
0.6171318
0.8347798
0.8040497
0.8087048
0.6510934
0.6964353
0.6706503
0.7003993
0.8873546
2.3440208
8.2558975
25.6377010
53.2399750
68.8136978
57.5458679
37.2706566
29.4432430
33.2542915
41.7479134
51.2615585
61.4307938
66.0927658
70.9009628
81.6395416
85.9260025
71.5921555
43.6855316
24.7294636
11.8504686
16.1592770
21.5967541
27.1673985
47.6411133
75.9748840
74.3167419
51.1888695
36.4078293
31.4612465
26.5039806
29.5453587
33.7222786
39.3070374
44.8009071
41.7891121
34.1125870
32.4671059
38.0400696
38.4597969
29.2584953
18.2736168
9.5754776
6.1318722
4.6175842
5.2778502
5.8612814
14.1391668
21.3543472
16.5320225
4.9203639
1.7461534
1.6422069
2.2749860
2.0263269
1.3491887
1.1980762
1.0828662
1.0804231
1.2264903
1.4444487
1.4694185
1.2560374
1.3246655
1.7082354
2.0827796
2.0359879
1.7935004
1.7134237
2.1325371
2.1899359
2.1709635
2.0414126
1.6501071
1.2484298
0.7866447
1.0952231
1.3354148
1.3856280
1.0649116
0.7671275
0.7514727
0.8529484
0.6321903
0.6109155
0.7808192
0.9939743
0.9746436
1.0377973
0.6571289
0.4566811
0.5964305
0.6848181
0.7673026
0.9095687
0.9892427
0.9853723
0.7628030
0.8043304
0.6033974
0.4596578
0.5473980
0.6537240
0.8713657
1.0460815
1.0943806
1.1706963
0.9410841
0.7074565
0.7133006
0.5585421
0.5975510
0.6468347
0.7818046
0.6141375
1.0181075
7.7808518
21.3357162
30.0704727
26.7025986
17.2491550
25.5932426
48.2540474
56.2535210
51.1456833
45.6386719
45.8011932
38.1196518
25.4852772
11.4586420
12.2469206
9.1301050
15.0750732
20.7220097
16.2223854
8.7090902
7.9243259
14.7756805
10.7197189
5.4541225
1.4549384
0.6690803
0.9363798
0.9826041
0.8378984
0.5844290
0.5332446
0.8186883
0.9395015
0.8665413
0.7180766
0.6861382
0.7690446
0.9257426
0.6539785
0.5644569
0.5725815
0.8366670
1.0579257
0.8522241
0.7409289
0.6625522
1.0560528
1.3264165
1.1910404
1.0175570
1.0409689
1.1521069
1.2162786
0.9864348
1.0493309
1.2667160
1.1396129
0.9439595
0.9698663
1.4232146
2.2324598
1.9504492
1.0664203
1.1166838
1.4182961
0.9220122
0.3346014
0.5464481
0.6840518
0.5874676
0.6306655
0.7900077
0.8463637
3.4079230
28.2998981
72.1170502
97.8702469
96.0709991
84.8014145
88.0852585
82.3219223
63.2534370
29.2004700
40.2054710
46.3936424
51.1533318
65.1661072
79.0231018
96.7882385
137.8219147
192.5941772
228.2985382
245.6742706
230.0616608
179.6702271
130.2448730
82.9502106
110.6984253
115.6607285
50.7414665
38.1189079
34.6385918
22.8928261
16.2809658
9.9967108
4.6051369
5.7172346
17.4709263
13.2360754
2.2778466
1.8433145
1.6715317
1.4524022
1.3421953
1.2628225
1.5263778
1.8679533
1.7666742
1.6621374
1.3445915
1.0471413
0.8432345
0.6221021
1.1528003
3.1404688
4.2228384
2.3361211
0.7383496
0.6710471
0.6930533
0.6344475
0.8145985
1.0189362
7.1313696
30.7113934
56.4471207
57.2456970
37.2958641
15.1398745
11.6575890
23.9565334
57.7078171
77.9874878
48.7325287
16.0649567
4.0315628
0.5495936
4.8071380
13.5304575
16.8261700
21.4426098
27.0655918
22.6654053
12.3509369
8.8860579
12.7258854
42.2505150
69.6547546
87.1802521
99.2510529
97.7139053
79.3980103
57.8192902
27.9925003
30.9828968
38.9526443
46.0224152
68.5751801
75.4548111
48.9026146
21.3305111
19.0674057
6.7232361
4.7679453
14.9189930
24.6945286
24.6713867
14.8362427
14.4437408
26.0182858
32.0531654
22.9223652
13.5452642
4.4603925
1.5000345
3.7900128
7.0914216
4.9019213
1.7183092
0.7687019
0.4740893
0.6742818
0.5741856
0.3815325
0.6380116
0.6220000
0.7841123
0.7651950
0.7471268
0.7039449
0.7150553
0.8807625
1.0235031
1.0683850
0.8419873
1.0077151
1.0745667
0.8803841
0.9359938
1.0053148
1.0148275
0.6921636
0.8255047
0.7211824
0.6219522
0.5510628
0.7235685
0.9242437
1.2183485
0.9871373
0.8799853
0.9556958
0.9464363
0.8843746
0.7639052
1.0556922
0.9772255
0.8021438
0.9320104
1.0551057
1.0916485
1.2635500
1.2337419
0.8970045
0.8544987
0.7841178
0.7483516
0.8241305
0.5561634
0.5638956
0.6663784
0.7643954
0.8728719
0.6713685
0.5324546
0.6408324
0.8467410
0.7590531
0.6383094
0.7496291
0.9979757
1.2030343
1.3277550
1.1309719
1.2232394
1.4666481
1.7142311
1.5284437
1.1659619
1.0925982
2.2174814
7.2902813
13.0448036
25.7452946
50.6378670
60.7139816
40.3443756
19.0983505
16.7021847
14.7456923
9.7789145
11.4955816
51.4013138
111.1187134
141.5305023
120.2416840
82.6863556
69.7049103
54.7968102
39.1844635
41.3310089
58.0000381
55.2964439
73.0405807
111.7303314
151.5769043
176.9001923
189.3469849
216.7899170
237.5070801
261.6453552
269.6680298
235.1537628
155.4575806
84.3585358
46.8596764
33.7346191
29.5596619
26.9957352
18.1772213
9.9765654
3.7853360
11.1212902
9.6436405
7.8157854
4.6480813
1.2393734
1.0000553
1.2272615
1.1537340
1.0543728
0.6949937
0.5550666
0.5924551
0.8456445
1.2099899
1.2958732
1.0712075
0.9082413
0.7698380
0.8397678
0.8734162
0.9031778
1.1107846
0.9653638
0.5925859
0.6221818
0.6132490
0.6483468
0.7792096
1.0375841
1.3192008
1.1443664
0.8607854
0.7487848
0.7945624
1.2631625
1.4121746
0.7997748
0.6854469
0.9230315
1.0705153
0.8530463
0.5500900
0.5385290
0.5816422
0.7875636
0.9994683
1.0664785
1.1381855
1.3210911
1.2090995
0.9720463
0.8448380
0.8612542
0.7108936
0.5517991
0.7815072
0.9873362
0.8908587
0.7280301
0.6234896
0.7450333
0.7022895
0.6629183
0.5504265
0.7797776
1.1343814
1.2603508
1.1041764
0.8707483
0.8486832
0.7618005
0.9126046
0.8714448
1.0437309
1.1889099
1.1414194
0.8522432
0.6705276
0.4642721
0.6983581
0.9547133
0.8507532
0.8244823
0.8718683
0.9781659
0.8971947
0.6314313
0.6865505
0.9966716
1.0777346
1.1887598
3.3691163
10.0942936
17.3650284
20.4870834
21.5316944
19.5449905
11.4219418
2.4123712
1.9713930
10.5323343
29.3941555
53.5959129
66.2151794
66.6461945
59.1209145
59.2035027
66.0463028
74.1358261
65.6929092
51.2465935
40.8884048
27.8007107
52.6568069
64.1669998
55.8220062
42.7628822
29.7562103
19.9491959
17.0048904
26.4433098
17.3259544
17.2747612
16.1455097
8.1042109
25.6199951
66.3909225
99.2407684
124.4823990
123.0324707
73.3377838
46.0287514
33.5461655
36.9309464
33.8117752
14.8137503
19.5762024
35.1255608
25.4585876
16.3688812
28.1328335
18.8028812
3.7108810
0.8723689
5.3761725
12.9530144
11.5703506
2.5133548
1.2958901
3.8717918
10.6519251
11.3178310
6.4903574
3.4690027
2.9107802
2.2882686
1.0490564
0.4691976
0.3638206
0.7409739
1.1928343
1.6116271
4.9514036
14.6310787
19.9351387
11.1886292
0.6006556
0.3857056
0.4375733
0.6857432
1.5828447
1.3233033
1.0274729
0.6619318
0.5067830
0.7213614
0.7499679
0.4990191
0.5831429
0.8321476
0.6999434
0.6307279
0.7973857
0.7171136
0.7832180
0.7437702
0.5613770
0.5311899
0.5341762
0.7096543
0.8205126
0.9375635
0.8361127
0.7508808
0.7956128
0.7209385
0.8288190
1.0412676
0.8364631
0.6148876
0.5129481
0.5625291
0.5891142
0.7560335
0.8846456
0.8021941
0.7867628
0.9055306
0.8834319
0.7217809
0.6665564
0.5646043
0.7268281
0.9342908
1.4073555
6.8040600
16.1094322
29.0589046
53.7014923
71.3803940
56.0419426
26.1409740
14.2942772
12.9062958
10.2754984
7.9299183
9.6799164
35.9859848
75.8147507
108.8395920
120.6390839
130.7180328
138.1032562
131.1297302
108.2110291
69.7163773
55.4898567
121.8818359
114.2353592
82.9931793
63.9999619
53.6556206
46.5080338
34.8470535
25.1995449
18.6040115
19.3078823
15.5863342
8.3118820
6.3263230
7.8615108
7.1489463
4.2253275
6.5568094
4.8559361
0.9435069
0.4037157
0.4873359
0.5610159
0.6148039
0.9078538
1.2997276
1.0167617
0.8683390
1.1371902
1.5502074
5.7797270
18.0167255
29.0255814
26.6090984
15.8768196
8.0679293
6.5600781
19.9450245
34.5788422
50.9455338
70.2222214
77.8008499
76.1594238
72.5021591
71.3447037
57.5570793
32.0096741
42.2803841
43.7903519
30.4319744
23.5211372
49.0494308
53.1789932
36.1793137
18.8094501
8.2814407
11.7812014
17.3456039
12.1363411
3.8343213
2.2446172
5.6868696
5.3012991
1.9217191
2.3628139
4.9584970
7.2371502
6.8669529
4.7862196
1.9359618
0.4961321
0.2166753
0.2155814
0.5079062
1.1621673
1.1763494
0.8178512
0.7455086
0.7770166
0.6602224
0.9804866
1.3710107
1.2072877
0.8464752
0.7150857
0.8686639
0.6711776
0.1814547
0.0168156
0.0009731
0.0000005
0.0000000
0.0000000
0.0000000
0.0000000
0.0000000
0.0000000
0.0000000
0.0000000
0.0000000
0.0000000
0.0000000
0.0000000
0.0000000
0.0000000
0.0000000
0.0000000
0.0000000
0.0000000
0.0000000
0.0000000
0.0000000
0.0000000
0.0000000
0.0000000
0.0000000
0.0000000
0.0000000
0.0000000
0.0000000
0.0000000
0.0000000
0.0000000
0.0000000
0.0000000
0.0000000
0.0000000
0.0000000
0.0000000
0.0000000
0.0000000
0.0000000
0.0000000
0.0000000
0.0000000
0.0000000
0.0000000
0.0000000
0.0000000
0.0000000
0.0000000
0.0000000
0.0000000
0.0000000
0.0000000
0.0000000
0.0000000
0.0000000
0.0000000
0.0000000
0.0000000
0.0000000
0.0000000
0.0000000
0.0000000
0.0000000
0.0000000
0.0000000
0.0000000
0.0000000
0.0000000
0.0000000
0.0000000
0.0000000
0.0000000
0.0000000
0.0000000
0.0000000
0.0000000
0.0000000
0.0000000
0.0000000
0.0000000
0.0000000
0.0000000
0.0000000
0.0000000
0.0000000
0.0000000
0.0000000
0.0000000
0.0000000
0.0000000
0.0000000
0.0000000
0.0000000
0.0000000
0.0000000
0.0000000
0.0000000
0.0000000
0.0000000
0.0000000
0.0000000
0.0000000
0.0000000
0.0000000
0.0000000
0.0000000
0.0000000
0.0000000
0.0000000
0.0000000
0.0000000
0.0000000
0.0000000
0.0000000
0.0000000
0.0000000
0.0000000
0.0000000
0.0000000
0.0000000
0.0000000
0.0000000
0.0000000
0.0000000
0.0000000
0.0000000
0.0000000
0.0000000
0.0000000
0.0000000
0.0000000
0.0000000
0.0000000
0.0000000
0.0000000
0.0000000
0.0000000
0.0000000
0.0000000
0.0000000
0.0000000
0.0000000
0.0000000
0.0000000
0.0000000
0.0000000
0.0000000
0.0000000
0.0000000
0.0000000
0.0000000
0.0000000
0.0000000
0.0000000
0.0000000
0.0000000
0.0000000
0.0000000
0.0000000
0.0000000
0.0000000
0.0000000
0.0000000
0.0000000
0.0000000
0.0000000
0.0000000
0.0000000
0.0000000
0.0000000
0.0000000
0.0000000
0.0000000
0.0000000
0.0000000
0.0000000
0.0000000
0.0000000
0.0000000
0.0000000
0.0000000
0.0000000
0.0000000
0.0000000
0.0000000
0.0000000
0.0000000
0.0000000
0.0000000
0.0000000
0.0000000
0.0000000
0.0000000
0.0000000
0.0000000
0.0000000
0.0000000
0.0000000
0.0000000
0.0000000
0.0000000
0.0000000
0.0000000
0.0000000
0.0000000
0.0000000
0.0000000
0.0000000
0.0000000
0.0000000
0.0000000
0.0000000
0.0000000
0.0000000
0.0000000
0.0000000
0.0000000
0.0000000
0.0000000
0.0000000
0.0000000
0.0000000
0.0000000
0.0000000
0.0000000
0.0000000
0.0000000
0.0000000
0.0000000
0.0000000
0.0000000
0.0000000
0.0000000
0.0000000
0.0000000
0.0000000
0.0000000
0.0000000
0.0000000
0.0000000
0.0000000
0.0000000
0.0000000
0.0000000
0.0000000
0.0000000
0.0000000
0.0000000
0.0000000
0.0000000
0.0000000
0.0000000
0.0000000
0.0000000
0.0000000
0.0000000
0.0000000
0.0000000
0.0000000
0.0000000
0.0000000
0.0000000
0.0000000
0.0000000
0.0000000
0.0000000
0.0000000
0.0000000
0.0000000
0.0000000
0.0000000
0.0000000
0.0000000
0.0000000
0.0000000
0.0000000
0.0000000
0.0000000
0.0000000
0.0000000
0.0000000
0.0000000
0.0000000
0.0000000
0.0000000
0.0000000
0.0000000
0.0000000
0.0000000
0.0000000
0.0000000
0.0000000
0.0000000
0.0000000
0.0000000
0.0000000
0.0000000
0.0000000
0.0000000
0.0000000
0.0000000
0.0000000
0.0000000
0.0000000
0.0000000
0.0000000
0.0000000
0.0708806
0.5668646
1.4656360
2.0010996
1.6544943
1.0013764
0.6761496
0.7166293
1.0121042
0.8571588
0.5950801
0.6031616
0.6134547
0.5666427
1.0391695
1.1989851
0.9098092
0.7058334
0.6749191
0.6042934
0.5147231
1.2617185
4.9902115
15.3567295
31.7063942
49.2148857
87.4955750
171.1111145
234.2324829
203.8486176
178.9754791
196.0328674
320.4673462
291.9429626
151.7378998
44.2052078
16.3389206
9.8975716
10.3276548
8.8224411
6.2909966
2.8724377
1.3447473
1.2869436
0.6061246
1.1154273
0.8428046
0.5346212
0.3933102
0.4414105
0.3947413
0.5808091
0.8912169
3.6877501
9.9135332
15.1053991
17.9588661
18.8132763
15.6919298
9.4712639
5.2049685
2.5686491
1.0417725
0.5040305
0.1763902
0.2524762
0.6892132
1.1631453
1.2761791
0.8580930
0.5315576
0.6189591
0.8214774
0.7649258
4.6447043
13.0797224
18.5356979
15.5580091
8.9840631
6.4872980
3.5625520
2.1427090
2.5567765
1.6115932
0.4840115
0.5639849
0.7707047
0.4873107
0.4880666
0.6552164
2.4100139
6.0785174
8.1660118
5.5051041
1.3436279
0.2728331
0.3478275
0.7344763
1.0231272
1.3645273
1.4329362
1.0373660
0.4795462
0.5715279
1.0470047
1.3530205
1.2606369
0.7178386
0.6617806
1.3812321
1.3088615
1.0343823
0.7077270
0.5418005
0.6606811
0.8721392
0.9730603
0.9526103
0.6426184
0.4629351
0.6387069
0.7175329
1.1567504
1.0816214
0.9277996
0.7241586
0.4946735
0.7844489
0.7897936
0.5217878
0.6113320
0.8915379
0.8754841
0.7345821
0.7184184
1.0633004
1.2895049
0.8934807
0.4911966
0.5859993
0.6290711
1.0396469
1.4492226
1.1639845
0.6804259
0.5141337
0.5360651
0.9075204
0.9703317
0.7246622
0.5907847
0.5989164
0.6488150
0.7317443
0.6702687
0.6301991
0.5879682
0.7394795
0.7762468
0.7171324
0.8069957
0.8511225
0.7111502
0.8562612
0.9765998
1.2147665
1.2161821
1.0696867
0.7519159
0.6083337
0.5156885
0.6188611
0.8445119
0.9339013
0.9814737
1.0826263
0.9553778
0.9864424
1.0627201
0.9812283
0.7648965
0.7660469
0.7546263
0.9161732
1.3687606
1.4904217
1.5616605
1.0789990
0.7173626
0.7126429
0.8060319
2.9882848
17.0600243
48.7017517
99.3700638
163.4852753
211.2119446
214.7294922
173.6705322
131.9508667
92.8813019
56.1284637
56.2524109
57.6591759
43.5817566
30.3736629
14.0611916
3.9107473
1.4978522
0.4525569
0.1660108
0.4619398
0.8161387
0.9365548
3.9992418
17.8200512
43.5986519
69.9050293
78.3810577
69.2297134
83.0301743
194.9975281
363.2120972
394.5682678
281.6688232
145.6377411
63.1873665
27.1389332
11.0072365
5.2699561
4.9965072
3.5417860
2.0537233
1.1412995
0.7417184
0.4416243
1.0331409
0.8701801
4.6331053
18.3288250
31.1148300
32.3075027
23.4354744
15.0997686
8.3158903
3.0145392
0.7338112
0.2779736
0.3817478
0.7062036
0.8387350
0.7451687
0.6866390
0.9131733
1.4737710
1.6067431
1.0850515
0.7445062
0.8677796
0.7846195
0.4855638
0.4950754
0.7498701
1.0490313
0.8951928
0.8591961
1.3935282
2.2979956
2.0697846
0.7838265
0.3960049
0.5376109
0.5805560
0.6848623
0.8697368
0.9344740
0.8230008
0.6838283
0.8099985
0.8305526
0.9607914
0.9591666
0.6238310
0.8217405
0.7668548
0.7728809
0.7850186
0.8924811
0.9792144
1.0269905
0.8436998
0.6821011
0.8218513
1.0133579
1.0151972
1.0071390
0.9756887
0.8157220
0.6457976
1.0063486
1.4540310
1.0460874
0.8814214
1.5816765
8.3224268
24.7392197
45.3621330
64.9245758
80.4802856
86.1418839
79.8917923
65.7784805
51.8780060
53.1838226
46.5530167
42.3918762
39.1487770
38.2590370
33.5462494
32.8647270
32.1771469
24.7516022
18.8958244
12.9668798
9.0821218
3.8000901
1.7784913
0.9796541
0.6539770
0.4114944
0.4291787
0.9317147
14.7065573
41.5615425
64.5469208
80.0955582
104.6913300
116.6080399
93.7396851
76.8794174
92.3321457
146.5921936
129.1494446
91.7400818
56.1689644
35.1906319
49.4369354
24.1178093
37.0287132
34.5153503
66.2826462
130.5845337
173.4543152
153.3764496
102.6206436
76.4668121
69.2471924
51.4123840
32.0906906
25.0949650
30.5901108
72.3600311
124.6987686
129.2299805
102.7412720
81.1561203
91.1236267
131.9159393
129.5806122
82.2086945
31.8420219
19.3091240
18.9584827
21.0592194
42.9929085
42.2891312
31.3482475
29.7176018
31.2331429
48.9528084
46.8449478
26.3288059
10.7901306
4.6354914
3.2281039
4.0600529
2.9457531
1.5615557
0.6587762
0.5171735
0.4603248
0.7174751
2.5349090
20.9421597
72.9324646
134.0982513
173.9584045
204.6712189
200.9542847
153.7788391
75.6848831
32.4082146
9.9430027
11.9034319
34.3042717
106.9637146
129.9387970
130.3364410
164.8197784
219.8076935
236.5878754
189.1628571
129.4963074
74.1746597
58.0715370
26.2874069
19.2592354
27.8005943
40.6340218
37.0392838
12.5818911
1.9632072
0.6132928
10.5098839
64.5428314
154.5100098
246.3986969
273.3208923
169.5252075
69.0582962
43.4233932
36.6783447
70.2654037
107.1498718
66.7761307
21.2586651
10.3191881
1.4420521
2.5491467
4.2696061
4.4349008
1.8716469
1.0240703
0.7654703
0.4970080
0.4236583
0.3404388
0.3654585
0.6382188
0.7876618
1.3095727
2.1602337
2.2073572
1.7416321
1.4037240
1.0225191
0.7721214
0.4423684
0.4490845
0.6852819
1.2773173
2.7090108
4.9423499
5.7247114
4.8043604
3.7226579
3.7861991
4.5076108
4.7340803
4.9245086
4.3001919
3.1607492
2.6859436
2.6537683
2.7776701
2.7603233
3.3301551
3.5495079
3.1281557
2.4456837
1.8007437
0.8584186
0.6232213
0.2865484
9.8448286
50.7413101
112.6808243
160.1246948
158.3562775
135.1389465
75.0719070
27.1564674
16.0700588
14.3971100
82.7726364
211.0068665
261.2715759
178.6876678
67.8330841
44.5611076
39.2499962
36.2516289
29.3646660
19.2259541
21.4418869
42.1100693
41.8871117
36.9297104
49.9500008
98.1123810
142.4602661
132.0080261
117.2436523
128.8588562
139.7583466
151.1396484
203.0425873
251.4250488
233.5379181
164.7308350
97.7479858
173.9205322
130.1304779
39.6472130
16.9008675
13.7354851
17.9679642
14.1770067
4.9007425
6.3490558
9.6569977
11.5487137
10.5261135
6.0492392
2.8298998
1.2428554
1.0087173
1.4752921
1.9846411
2.4958375
3.7341175
6.3474941
8.6727610
24.0035439
46.7573128
43.0591774
10.8568554
0.9265354
0.5073711
0.4313884
0.4811289
0.7822323
0.8598459
0.6831148
0.6782650
0.8282575
0.8557674
0.8587867
1.1688814
1.9798619
3.3418550
5.5684724
10.4137497
49.4782028
115.4291840
140.1499634
122.2344894
121.0408707
148.0896606
183.1367493
168.1614685
105.6392670
44.7137375
24.4059219
17.1799469
13.4761353
16.5141792
19.3870392
8.5836449
1.3494384
0.3411732
0.4890599
27.3658180
121.8851166
228.9638367
266.0492554
197.2159119
93.2518539
51.5195312
74.1009293
88.7496490
73.4737473
37.7821846
21.6924324
90.8484726
139.3412018
111.4424820
51.6108284
16.9490108
19.2300682
16.6534462
9.7215481
6.8912144
23.6017017
47.8224258
64.8994217
63.0740204
42.7368584
26.9014778
21.4261112
16.2190094
16.8921471
42.4986763
91.1231918
106.8093491
109.0799713
132.5772247
172.3942108
209.2949066
190.7429962
133.4612885
88.4310226
93.4589996
44.8390923
24.2751122
13.0918550
4.0194535
1.2045841
1.9601500
22.7963448
94.2037888
149.1918945
143.5025482
98.2479324
69.3251953
61.1117249
64.5013733
55.6336555
38.0744934
20.8605042
8.3835554
6.1100206
12.3399000
16.3477497
23.7932034
23.3053284
16.4531784
8.8084631
9.0982122
9.6770210
6.3646598
2.1317191
1.9040256
1.0059189
1.3679655
1.2514378
0.8966104
0.8546979
0.8492790
0.9476927
1.0370568
0.9285111
0.8682356
0.7104411
1.1517522
1.3962317
1.5563203
1.6304389
1.9531355
2.0680883
2.0428953
1.9089534
1.6594079
1.5921515
1.5977659
1.5086839
1.5948727
1.7289619
2.1298456
2.0608363
2.2375989
2.3878081
2.3348026
2.4373217
3.0448532
4.0587134
3.5781651
1.7915800
1.1236005
1.2843028
1.5682691
1.7745894
1.6842790
2.2676246
2.5556693
2.5220590
1.7196674
1.0284412
1.0792776
1.1526638
1.5890182
1.9441675
1.8532597
1.3178750
1.0150524
1.0449389
1.8470755
2.8160293
1.6802723
1.7738366
19.1583614
70.2791290
118.7782440
117.3343201
66.3952103
17.4814854
5.6207871
3.7243350
60.0790596
165.2442322
205.8957977
171.8207397
136.2373352
109.3114624
82.2708054
78.9953461
75.9929886
71.8717728
42.5283318
6.4951158
7.1528668
12.6306458
7.3922362
6.2551451
55.0720367
149.3524170
181.3290863
118.0378799
58.2316971
26.0833302
9.0818377
1.9965770
0.5094354
15.2663708
55.2474594
68.4580917
58.9875259
70.8631668
118.1417694
160.1539001
134.6325531
79.3882675
36.8037186
121.2687073
255.2217407
315.7001038
298.0271912
215.0936127
120.4780426
84.8051529
68.8043137
63.9926186
94.3142090
122.2375259
109.9245148
56.1275406
23.2536469
17.2683773
25.6836205
37.2138710
47.5977478
67.6886444
79.8243103
72.9018250
40.9316254
11.2975168
0.8782289
0.6734261
0.5162959
10.7551985
33.2009468
52.9239006
79.0554810
96.7981110
106.1055679
111.8703613
115.0958176
119.9854355
110.3267899
72.5493698
32.2735252
6.5099168
5.4816666
8.5834665
60.8220291
138.4893494
157.3576660
108.1950989
55.3363533
58.5087929
65.3704910
47.4593735
25.6979580
16.0403614
30.1426449
25.7146397
28.7835064
38.6671104
19.2141399
2.4575000
7.9818258
6.6094723
9.2101860
13.3624191
13.2456274
10.8423500
9.4212370
9.4148598
8.4092216
7.4867535
7.9774075
7.1624990
5.1525431
18.4327698
46.6842842
65.9135284
61.8630562
46.0796738
35.7086983
29.5188408
21.7988739
14.5238733
7.9907589
3.0326374
5.0028119
19.7121220
58.2739449
104.8558044
114.7590103
98.6366806
94.4883728
119.9345245
141.8794708
157.9104462
146.8740540
114.4946518
84.2259903
41.2747498
64.7615662
42.9717216
19.3056965
44.1850243
20.1085262
21.0681648
30.6148472
37.0273895
45.0140991
59.7347069
69.4326324
67.5365829
63.7539520
59.6549149
44.2069283
22.6547890
12.1464005
35.0553398
88.6027908
110.0896912
92.8088837
69.8916016
71.1379700
85.6417999
90.8668518
74.3987656
52.5205498
13.7106237
40.2038269
40.8362236
24.7375259
7.6627097
12.8748960
15.0491724
13.4213448
15.3734236
16.7434521
15.7533360
16.7831459
10.7848482
1.7519100
0.6497525
0.7251115
1.2429816
2.1838510
2.4742265
1.7997961
1.0111345
1.0164014
1.2374479
1.3711693
1.4860818
1.4421982
1.1057863
1.2216281
1.1228675
1.1939142
1.1261566
0.8510396
0.6013092
0.6924316
0.6702271
0.6366535
0.9092082
1.2090704
1.2346467
1.0498513
0.6968033
0.6090670
0.7464032
0.9533973
1.0008910
0.6984060
0.6104258
0.9738729
1.2530724
0.9613725
0.8872722
0.8960289
0.9310369
0.7803010
0.9378134
0.9370384
0.8494381
6.1226788
22.2472000
70.0978546
146.4767609
183.6390686
133.7999725
50.6230621
19.3041077
13.8986282
9.2654419
6.5485153
3.9202685
2.3630862
2.2130625
2.6492405
22.3763828
73.9551239
106.7951355
80.7807465
20.4371033
5.0974889
2.2467213
1.8548055
1.9076641
22.2243595
59.0367813
78.9149857
70.0001221
76.6734161
147.0693512
262.1129761
353.0507812
360.2928162
308.4742432
211.0240479
123.6727676
66.2220840
17.5357380
103.2313766
149.6879578
151.4181366
130.3733215
87.3924789
25.6391621
106.3218002
83.6849899
27.2020721
99.2636185
72.3302917
22.5269566
53.0455170
49.4629707
41.1833611
66.8437500
83.8441544
52.8516846
15.9061451
4.6035056
2.2031827
3.2889872
6.2857628
8.9013681
4.9566779
1.1589530
0.4229788
0.4278812
0.4610206
0.4973331
1.1885791
2.9146771
4.3039718
4.8246279
4.7105770
3.8539281
2.7060618
2.1036789
2.3544974
2.3622174
2.0561919
2.3566778
2.5368323
2.5432708
2.2329056
1.8886687
1.9141691
2.6092808
2.4268382
2.2773607
1.7450773
1.4667056
1.0579228
0.8059959
0.6152413
0.6096438
0.5565972
0.7264123
0.9185567
0.9795612
0.8594207
0.6091278
0.6001499
0.8569898
0.9605377
1.1252837
1.1113164
1.2945783
1.0214281
0.6575785
0.9292960
0.7203075
0.6611016
0.4862476
0.5997133
0.8756112
0.9106684
0.8810072
0.7337846
0.7101727
0.7083379
0.7543093
1.0295103
1.1955274
1.7798147
6.2490306
14.1111336
17.9263020
15.4003286
13.9676743
15.4598103
16.5843925
21.9855194
40.3989639
64.6828918
90.6370392
106.4449539
96.0496674
62.1364136
33.6290131
25.7957039
32.4445419
76.5697937
93.8836441
71.4666367
57.7438889
34.4208488
30.9530544
49.8241653
39.1422462
38.5762405
51.7667770
75.0038986
109.9337616
139.4039154
161.2002869
165.7524719
143.7305298
108.1843719
85.2463913
69.7665710
31.3603745
12.0903721
7.5197954
33.7713737
81.4583130
91.7399902
68.0791092
36.9582253
35.1106567
33.0405273
28.4841118
17.4979820
5.4317074
0.5842890
2.2495694
5.0567226
5.3274589
4.4388170
4.2409596
3.6477554
3.0513313
2.0549507
1.3935716
5.7070966
31.7459354
94.1688919
164.0750427
188.9659424
140.0911713
65.6928329
20.9206715
9.9155674
18.7965851
68.7605896
136.0170135
172.2655029
179.5532837
166.6194000
139.6152802
111.8988724
101.7822189
78.2990189
104.0460510
65.8499374
22.0709820
19.8782883
73.0175476
187.6934814
283.5275879
289.9370728
172.3273773
43.4852371
12.5825682
10.2546072
12.9953079
15.7473602
11.2873316
3.7402968
4.7830772
5.9996829
4.4352994
8.9603720
47.7336121
128.2892761
205.8555145
256.8430786
301.1337585
345.8522339
311.7168579
200.3022919
139.4264526
108.1138611
244.5255737
280.5154724
218.1724548
144.0222321
93.5278473
77.2396851
67.2808228
39.3212471
13.4128494
1.2112052
2.3151910
15.8486547
45.9525719
71.6667328
79.1540375
79.7457886
60.1938591
34.5647240
21.1962814
23.0882912
30.9565029
34.5897751
28.0572109
17.1543617
11.1445551
9.0166531
7.2129560
7.9943380
51.4320755
159.9118042
265.1309509
293.1190796
232.1231232
147.0795746
75.7070084
21.5491867
13.4408092
10.8432360
15.9021454
13.6088467
7.4480553
3.1774795
20.4513321
115.2061386
260.4042969
325.5658569
284.0835876
206.0918274
153.2998962
162.2562256
213.8219147
254.6811981
273.0661011
282.4761353
289.3623352
262.9968262
196.5678558
123.1766205
57.4430313
14.5902996
40.0006180
51.7685242
28.5263176
20.3519897
44.1064224
39.4391136
39.3345642
36.2866554
25.6812057
36.0203781
62.2825012
46.3510437
19.4654560
5.7066135
8.2196283
11.6111927
23.6755333
36.7574234
31.7601948
22.7241116
14.6088943
13.6089993
14.6471052
14.4970732
13.2040329
13.0486212
11.9177151
8.1662178
4.8317928
3.5169206
2.8623528
1.8586762
1.4716789
0.8031564
0.6088718
0.6777512
1.0960854
1.1953189
1.1326733
1.2733073
1.1074402
0.8510482
0.5849196
0.7177510
1.3032522
1.1759889
0.8740706
0.9694824
0.9755807
0.8604569
0.7664179
0.7723669
0.7586787
0.7468028
0.7582147
0.8145615
0.8028919
1.0600102
1.7914734
1.6482341
0.8759046
0.5272535
0.5448957
0.5832124
0.6556623
1.1170105
1.0027989
0.8016636
0.9222502
1.5033141
7.0001998
31.4623146
69.6218872
89.6288986
72.4365463
36.0362854
7.5863953
3.8012576
5.0566382
56.3648720
165.0847626
247.9416962
280.9526367
277.8782654
258.3450012
257.6900635
280.4396667
293.2703552
293.7062378
275.9267578
229.7032013
122.0607986
60.9504051
15.0073471
2.1268935
1.6610302
3.7649260
2.6006854
0.4695082
0.2325501
7.0187101
41.8127289
85.3005676
105.4493866
90.0270996
63.3920326
52.5211182
38.6007271
32.5176048
50.5529594
52.2411804
32.6229935
45.2210045
43.9344788
16.1363373
6.4630103
7.1000600
5.0943532
3.4242573
2.6020546
2.2705224
1.6012446
1.1817808
1.1885912
0.7269725
0.6145427
0.7144190
0.9417644
0.8925152
0.8212156
1.2318701
1.7356703
1.3855486
0.8330995
0.8012224
1.0546778
1.0889217
0.8904364
0.8844907
1.0541239
1.1975665
1.0382166
0.7888546
0.5959231
0.5620800
0.7259910
1.0596741
0.9504822
0.7122104
0.7973334
0.9375058
0.7682772
0.7109271
0.6596693
0.9356530
1.0909966
0.8523320
0.6857994
0.4993968
0.6657746
0.8663065
0.6793061
0.7256402
0.8633480
1.1004413
0.9486198
0.8922732
0.9563493
0.7965485
1.0254962
1.1322618
1.0554807
1.0306809
1.0946845
1.4354640
1.3401291
1.3319814
1.4786401
1.4714741
1.3533816
1.5097462
1.8942395
1.9181694
1.2982906
1.0576692
1.2430816
1.3212979
1.5749540
1.3894362
0.8890675
0.8232036
0.8445010
0.9541917
0.9395167
0.8718700
0.8457848
0.8026579
0.8225877
1.0606852
0.9906703
1.0347494
1.3633107
1.4278249
1.3746248
1.1796477
0.8019951
0.6643147
1.5258658
2.7424364
2.8244987
1.6786811
0.6227351
0.3858042
0.6721858
1.0234447
1.4376115
1.8349335
1.5619138
1.1172771
0.9959162
0.7700287
0.5607139
0.7440950
0.8208858
0.7665050
1.7528102
5.0195670
7.9536190
6.2533741
1.8179786
0.7943730
2.7770813
9.2693672
25.3307877
51.4430046
75.6130829
83.2978058
87.2600098
119.8193970
151.8890381
151.1560059
122.2843475
58.7615013
18.1746349
4.3686299
0.7381963
0.3172563
5.3514276
58.3679848
158.4680481
235.4934082
216.6135864
148.5826111
109.6031647
79.0410233
51.0536041
45.6198997
42.0831604
26.3117046
42.5531120
50.4630966
54.6719971
50.3143539
36.1564217
24.2131882
34.5698662
68.4107742
99.1747284
105.5569077
91.9787064
75.2926712
86.0111618
82.7555466
72.1344681
57.3591652
41.9732780
30.6953907
30.9042320
62.3974266
132.3888092
202.5581970
218.7223053
185.4170380
158.7042694
140.2636566
125.8442993
101.2984161
53.1453934
39.4089050
107.9721603
95.6098175
64.6624298
40.2650719
26.6395435
28.9024391
34.0522118
23.3593941
22.2378597
73.0402527
170.0926361
227.6996918
250.2721710
270.0916748
258.9378967
197.9899750
146.0752563
120.1550903
94.1388245
62.4024696
54.9065857
178.6620331
163.0346680
136.6010895
152.4883575
203.9636993
182.2946930
140.6288757
94.3543167
68.2516556
43.2252884
24.7820225
16.8760853
14.0426197
22.9907303
84.5824509
135.6452637
156.1134949
180.7846527
200.6371155
164.4914398
125.6846237
118.2366943
140.6989136
155.1054077
128.0846558
84.8499680
67.3104553
121.3372269
78.3522339
42.8879700
32.7488441
22.5596123
12.1356544
11.2224846
12.3535175
8.9670887
5.9006882
4.9132867
5.4820948
4.9310656
2.7723377
1.2346337
0.7041118
0.4143521
0.3404591
0.7928576
1.7197776
1.7249244
0.9322241
0.6444052
1.0757408
1.3256905
1.1383985
1.0118184
1.1351020
1.2349844
1.4423318
1.9726955
1.6374879
0.9971427
0.6707011
0.8099413
1.0028477
0.8764461
0.7057672
0.6912464
0.8836633
1.5218542
2.1904752
2.3212483
1.3176808
0.6644837
0.6269065
1.7403902
27.8069572
88.1156921
163.5352478
230.7019196
246.3469391
204.0055084
179.6935883
150.3514709
91.7682343
76.6864777
195.9377747
204.1813354
189.9145355
201.6801147
211.2057800
214.6523743
198.9736786
170.5144196
132.0374908
86.9190598
42.5335732
18.0427208
10.1432219
13.0095882
45.9987946
94.4752274
92.5507584
57.3865395
22.0727119
15.3707037
4.5450497
0.1587089
0.8837143
27.8022537
150.8656921
314.9530029
444.5706482
489.0371094
476.2921753
408.4107666
264.9131470
139.3935699
22.0117550
65.4020386
144.0880585
124.1530304
137.3468933
186.4438934
238.9934540
243.9567719
201.7919312
153.4875793
123.3427658
99.0823059
79.0739288
63.3740120
49.9051781
36.7728958
28.3827915
23.1912804
19.4730320
14.9345732
26.5968628
40.2673645
39.5186234
30.6950207
20.1171970
10.5613823
3.9156191
5.6347475
58.4500961
151.1893921
205.2822876
200.7136230
202.9454956
222.7624512
205.1526642
167.7007141
144.4016113
92.0558090
55.5547104
156.2728424
158.6472321
127.1211853
72.1465836
23.1750965
3.4921904
0.2168935
1.0193907
6.9074554
13.8740969
3.7813013
0.1051146
0.3181057
0.3932485
2.0288081
13.6033545
31.0545940
49.1900978
56.1653824
47.2484016
32.6263275
23.9459305
18.7247105
15.0756016
13.5404472
12.6426878
14.4177799
19.2970448
23.1031971
20.2510796
12.2375107
6.4732990
4.4282131
3.8138249
3.0177469
1.9096007
1.2635102
0.6730953
0.3414863
0.6326419
0.8574225
1.0125282
1.7466428
2.2763767
2.4976106
2.9445179
3.5685439
4.0000787
3.9301090
3.4064169
2.9037747
2.7319517
2.9130821
3.6680748
3.7126539
3.6860185
3.0596313
2.3838868
2.1648841
2.0413413
1.3935432
0.8060346
0.5415105
0.9003794
0.8608978
0.6431466
0.6587080
0.8292027
2.0378902
3.7791655
4.0044441
5.8504996
24.4215431
54.1075706
72.0594330
65.7952881
45.5819550
21.6290340
9.1770401
8.1456509
5.0760565
1.4607229
0.5593147
3.5317554
24.4837952
48.4570312
48.5751076
25.1868172
5.1872034
1.0062784
0.8395294
4.3533330
49.0795975
140.4127502
206.3613586
186.4400940
97.7007751
56.2427711
35.1221581
28.4491768
18.1291122
4.0395341
3.3093247
22.0222435
63.3626785
96.5932236
72.0307465
20.9644585
1.4351321
0.3343651
0.2910077
0.3208288
0.5595338
1.0389549
15.2982655
56.9293976
110.7869720
164.8024750
186.4376221
149.6606750
103.2016602
76.7356949
74.1123199
46.7235489
40.2013474
76.9520416
79.8978653
80.0513916
118.7255707
169.6861267
241.9382935
306.0021057
314.7603455
274.0924988
209.2827606
150.3678131
113.1957474
75.5330200
45.3037491
31.1822052
23.3809280
25.8889771
23.4550171
17.1960049
21.0951767
22.1611023
19.4790001
19.8498764
23.8287373
28.1105061
31.5805569
40.6274910
59.3229256
67.0980759
47.3490372
18.3765564
8.1927614
4.6607118
2.4454739
2.7816610
2.4959188
1.8533216
0.7668270
0.5011774
0.7630019
1.0625379
4.5737100
12.4517078
16.9673882
12.1221237
12.5885448
33.5253983
49.5793381
40.0044479
21.0723743
13.6274023
13.5714941
13.3527012
10.2539310
5.7439642
5.1123581
4.5427227
2.1205063
0.9876572
0.9451588
1.2374254
1.0774238
0.8456681
0.6894522
0.7676486
0.7576672
0.6119522
0.6219999
0.6675840
0.7374739
0.8015367
1.5502478
3.0662618
4.4863267
5.0158949
4.7880354
4.2499628
4.1422329
4.5153756
5.1898756
5.3313274
4.8077040
3.9359078
4.0541315
4.8121581
5.5089693
4.9094720
3.7389343
3.1364405
2.7556705
2.8738708
3.4738481
3.4863381
2.9605713
2.7318439
2.8593612
2.6472859
2.2224984
2.2349744
2.0290029
1.6467673
1.5950822
1.2685347
1.0077120
1.0115334
1.1901178
1.0556402
0.9197356
0.5867373
0.5991003
0.4851316
0.5465168
0.5580150
0.7407178
1.0186918
1.8668907
6.1244946
16.4593487
36.3873787
63.7466049
91.7605972
111.0767975
116.4050064
103.1981201
73.6744232
51.6838074
52.8196335
61.3121796
52.9611855
46.9526634
35.6888962
23.5991383
21.1393795
16.1486549
15.0209198
14.1760521
13.9683685
14.8279305
12.5972185
11.7618055
10.5715637
10.2265158
8.5997047
10.9208460
10.5971918
10.3100109
10.2884274
10.6963835
10.7677555
11.7613401
11.5245771
9.9613342
9.2591200
11.0215187
13.1427078
14.4433413
15.2588787
17.5741844
26.7573509
44.5934143
64.3130493
71.6055374
67.2067184
51.8822327
37.0145302
55.2411499
53.3868370
59.5482750
100.0004272
145.2617188
159.8037262
170.0775452
173.0717621
157.9134064
142.5618439
127.3005981
184.3660889
223.8032990
150.5884399
42.2673187
38.5599518
67.3303604
72.5341873
68.0955582
22.1197987
14.2539444
15.0006952
16.6927166
20.9405479
18.5563202
6.8175840
0.9871232
0.2641832
2.7236505
31.0133553
69.0531845
82.1188812
74.7900467
71.1473160
69.2977905
67.0824966
51.4375076
40.7707214
25.5533524
13.6108589
27.3670006
21.2102909
10.4154768
16.3153954
33.5055351
31.0306358
26.8764267
25.9245396
26.9461594
26.0217991
23.3507938
24.7801189
26.7996769
27.8066158
21.8132553
12.8170443
9.2275791
6.9295430
3.8571980
2.1617103
1.4467455
0.9923345
0.5398209
0.5137332
0.9796821
2.8693976
4.9003415
6.1144128
7.2527428
9.4696884
11.9635525
11.2099037
8.2986441
6.0289121
6.8931007
7.8049374
8.0011778
8.6089478
8.9259882
9.1746635
7.8635635
7.2111483
7.3194933
7.5049448
6.3035746
5.3340449
5.3800335
5.9761343
5.2676911
4.3617125
4.3052683
4.9867086
5.0821185
4.9336019
5.2351351
4.9914432
4.5749588
4.4585314
4.0800514
3.6904092
2.7061849
2.0011792
1.9136168
1.8905790
1.5426363
1.4162211
1.4866819
1.2258203
0.8214576
1.1586319
3.1004825
5.3296413
3.7273612
0.5871549
1.2592365
11.1355419
39.8704224
74.6182785
100.1336823
109.4489365
108.8317566
113.7086487
127.3165207
148.3841858
158.7740021
130.3729401
93.3973160
55.3504601
45.8433838
92.0094147
107.3412781
106.1388931
107.8488998
117.1268768
125.6075211
128.2437134
117.9336243
95.3321381
72.3620605
62.7142143
67.3579330
83.1420898
99.3108215
102.5289993
94.7383575
96.6178284
114.1598206
126.2533875
128.7930603
95.4133530
84.4224701
46.9648323
28.0895138
14.0128326
9.8606701
5.3126268
4.4030371
6.1042299
5.9761901
4.0771928
6.4693732
6.1543345
4.3393569
5.6229563
8.0007830
8.9867840
7.5998421
5.0900321
2.3674152
1.2527397
0.5366292
0.4862897
1.5068824
12.0101337
35.7608109
82.4828491
157.3651733
214.8556671
201.3234100
150.6275024
117.6777115
101.1863632
87.6572647
58.4839172
127.1851044
182.7420502
154.9670258
104.1832809
45.8168678
9.1706572
1.2614017
9.0896902
32.2361870
82.0004959
125.6543732
126.7505264
93.9907150
72.6285934
127.3057785
187.9379425
169.9583588
128.9327698
91.9444199
42.9553986
105.5881805
198.2841187
203.9398346
182.8480072
162.7777100
144.7257385
116.3751755
81.8991241
52.2541809
28.9364395
14.4640560
17.5604439
17.1948490
8.3440266
4.4542184
6.5179968
33.4361572
64.5259933
74.6110306
68.5114441
67.6531677
75.5151978
82.0850601
76.2446671
56.5219231
37.7424583
64.1131897
115.6701965
105.1954041
73.7493286
47.4185410
33.9081802
27.6489372
25.0737381
20.6827736
17.4371567
18.1042938
17.3652039
11.9368658
5.2038388
1.3437308
0.4713117
0.5739408
1.0294722
3.4926791
15.2457104
29.0137825
31.3384972
32.8166008
59.9370499
107.6255875
118.2458878
99.0052872
85.1390839
67.3525848
48.8799667
34.0774498
99.3495636
156.7235870
176.4907532
195.6710205
178.8825226
116.0337524
53.2611160
18.9256706
7.6737356
3.5606890
6.3185797
12.2555122
9.3728542
18.6648464
20.5142593
7.8412189
0.8590762
0.8107507
9.3054790
24.8248291
31.5709801
26.7638206
33.7418671
44.7584686
41.2070122
28.3839073
16.7833252
7.9120569
1.0589849
3.1357193
9.7725010
7.4159174
4.4951262
3.7550478
3.5965190
1.8171896
0.9103023
1.1286831
2.5596037
3.8404722
3.0759480
1.6293523
1.1388001
1.1280477
1.2079175
1.6341646
1.8573712
2.3535242
2.7520432
2.9911728
2.6061463
2.0707288
1.7788010
1.7406286
1.7785027
1.3278375
1.2524670
1.0414841
1.0784882
1.0822704
1.3147182
1.2876229
1.4425294
1.3923812
1.2093327
0.8382157
0.5766656
0.6841089
0.7349773
0.5852929
0.5861342
0.8610977
1.0508622
0.9758830
0.6996370
0.4878694
0.5211472
0.4991995
1.0385287
1.4239333
1.2156813
0.7636732
0.6158944
0.6833764
0.8612425
1.2870345
1.5089839
4.4360495
17.2691479
32.3735123
33.5368347
21.9952755
15.0399866
9.9491167
8.7609634
16.3827610
25.4946537
37.3878098
86.0003738
154.8441162
204.2369232
217.1459961
211.9258118
201.8027496
179.5701447
169.7653809
157.8750458
149.6105804
139.1176910
127.9787292
124.1829681
116.0308533
75.2170563
39.7630730
17.8297138
1.7849151
0.5158807
0.3322792
0.4757469
7.6979008
24.2802849
34.0041885
36.9533615
52.6612740
80.7691040
83.6767654
61.4365845
41.0208397
32.4285049
34.9436493
20.6412830
38.6748314
48.0392494
27.7831707
9.1559582
13.5849714
21.9742832
43.0821953
34.7838974
22.6405754
21.5247498
33.2699509
34.4100304
19.4912243
7.2278624
9.5045443
12.4002934
6.0913587
2.5450151
1.9035358
2.9881382
5.6969562
8.7831402
8.7405310
7.2294493
4.1186848
2.8052614
2.8579938
2.0923572
0.6613661
0.8009052
3.9830613
7.3860278
5.4345250
0.7169337
0.1915388
0.1319637
0.4564949
1.1139386
1.1255742
1.1065564
0.9710749
1.0768664
1.0086691
0.7502205
0.7094579
0.7825896
0.7304722
1.1148214
1.7578197
2.4044456
2.2371979
1.6301740
1.0259480
0.6594390
0.7610997
0.6432408
0.7231987
0.8674432
0.8417980
1.1492804
1.0363202
0.8671680
1.0185312
1.3075427
1.7572520
1.9273963
1.3319284
0.9130229
0.6576411
0.6886712
1.0039940
1.3584124
1.4040103
0.9436238
1.0329154
0.9737372
0.5765293
0.5611694
0.9385761
0.8973281
0.8160535
0.9871953
1.5687431
1.8800961
1.7682469
1.3435384
1.1216348
0.7666319
0.5574806
0.4033948
0.5607523
0.9272671
1.2144575
1.2873574
1.4766982
4.4753699
12.0768795
18.8406124
21.9769173
30.7062206
44.5365105
52.3966789
49.4254112
41.6346436
29.6858768
12.0983114
9.7881613
22.5306778
24.1465588
20.5949306
15.2293530
11.2796030
15.9224739
40.9643517
67.4706726
71.0559387
69.8852768
82.9230118
100.6043854
108.1265030
107.1177750
102.8836288
99.3260345
100.6262054
98.8196259
82.5327759
53.7162476
18.6622562
54.9006805
65.3807068
71.7490158
70.3364563
49.7450104
21.1128845
10.0044937
7.6145582
10.4053564
12.7238846
9.2887526
2.2357290
0.3057417
1.8502415
16.9783669
29.6959553
20.0992737
13.6586037
20.4004135
40.2247543
62.0101395
67.8715363
60.8482361
42.2604942
16.4734478
2.5242503
0.9951191
1.1383173
1.0109757
2.6842666
17.1888199
54.1941872
82.7119751
69.5473022
24.2970524
2.6969435
0.4438767
0.5543053
0.6648628
2.4104075
21.0665131
44.9507332
40.7495193
13.9128799
3.8556399
4.8672686
11.1175442
18.0405636
22.3395920
27.8538589
34.9829140
44.4701614
51.3495712
57.8284798
58.3725204
48.9536896
46.2606201
43.1275406
38.4492798
33.3738670
22.2717381
9.2120867
14.3593626
15.9982643
13.1473656
10.0503559
5.8407059
7.2252254
10.2973671
9.7795839
6.7425580
5.1137824
7.0258193
8.3985577
5.2495918
2.5369422
1.3710327
2.6147702
10.1461210
13.3229084
7.1702714
1.9209800
1.8414434
1.2751398
1.0365554
1.1859431
1.2407289
0.9779561
0.6630117
0.7974269
0.9146509
0.8563741
0.7595347
0.6420777
0.6303934
0.6450703
0.5608692
0.8248059
1.2150652
1.0675792
0.7473012
0.7283624
2.9017303
9.6192913
13.8854408
8.8104944
0.9570329
0.7264431
0.6284683
0.6129475
0.9695835
0.9468178
0.6857044
0.4793278
0.5690507
0.9125094
1.1935230
1.3146802
1.1253797
0.8785458
0.8179643
0.6898389
0.6971576
1.0600309
1.1869165
0.8225827
0.6350145
0.8906134
1.2479863
1.1403478
1.1735842
1.0298721
0.8631718
0.8783412
0.8752726
0.9711271
0.9985078
0.8751262
0.8127329
0.8469163
0.7547643
0.5647446
0.6759853
1.0482864
1.4573135
1.2005272
0.6768705
0.6752441
0.7706444
0.8249785
0.7480866
0.8180603
1.1300913
1.0955954
1.0938302
1.1686603
1.5172122
1.3407575
0.8485549
0.6791609
0.8295264
1.1398432
1.1773938
0.9929749
0.8367442
0.8317070
0.8382310
1.1049834
1.4415061
1.2332852
0.6678507
0.6548639
0.7201595
0.9917400
0.9864253
0.8797728
0.7188140
0.5408210
0.5047991
0.9149480
1.8750025
15.0024672
40.5311852
62.1646805
74.8314209
76.9975433
71.3022232
57.7371750
51.9658012
48.8529778
43.6951599
33.7803879
25.4992714
18.4510841
44.2909737
52.3631630
46.8808403
38.8252373
27.7937374
20.2103615
14.8348770
49.6438141
146.5292206
240.2392578
305.7156982
270.1236267
178.3074036
117.7518311
97.7310486
84.2653885
61.8483505
133.9382324
201.2942657
189.5724030
157.9222260
111.3116531
57.3347092
24.8615150
38.5871887
47.5617180
19.4471054
4.8075571
1.3792433
0.4758256
11.3871775
77.3747864
142.9646912
133.8546753
59.4339600
8.2480993
4.5890403
3.9566126
8.7852993
13.6048508
31.6782761
46.4590225
45.2172737
29.6923981
10.2433891
2.7044723
6.7661014
10.1134205
8.0076962
5.9699955
5.9675221
8.8619976
26.1458702
58.9528160
85.6776047
92.5132446
86.3759232
81.0621567
73.6943054
74.4914856
76.0053253
70.9846649
56.4756699
37.4376183
22.3337288
32.3919449
41.4035721
26.1350079
11.8445454
4.9722404
4.4612708
12.5122910
20.3053455
28.4347019
37.1828918
39.6666565
34.3511925
31.3777161
30.0078964
24.3009548
18.2063580
9.6382675
18.2236271
25.5089741
22.8923836
19.7422600
12.7504845
7.3153262
11.4263372
20.5254326
18.6161175
13.5957499
9.3313122
5.9483266
3.7062244
3.5414832
3.5467510
2.9930000
2.2079215
1.9761747
1.8067467
1.3169849
0.9841093
0.8637894
0.9548048
0.9006132
0.8292310
1.9582231
4.3268695
7.3523726
10.0041161
11.4307489
12.4101124
14.7989359
16.2370834
13.9026508
8.9893303
3.7383699
1.7093329
2.1256924
3.3151352
7.4343233
8.9527617
6.9444046
7.5483375
5.6883578
2.3274386
1.0131694
2.1464334
4.1246662
6.1859760
6.3322906
5.3806071
4.8132944
4.3317413
3.9334819
4.0823936
3.9570413
3.6446857
2.4621310
1.6251760
1.3882906
1.3032887
2.6654239
6.1709790
7.0848451
3.4560075
0.7879145
0.5600847
0.8798310
1.3678727
1.8811078
1.6978850
1.7260088
2.0327218
2.1417732
1.9270258
1.6188995
1.2781819
0.7998754
0.5978028
0.6714203
0.7882836
0.9929802
1.1381464
0.9343555
0.9054732
0.7778029
0.6810982
0.9458213
1.0085682
0.9541745
0.8179358
0.5858717
0.9868994
1.7583735
1.9927737
1.8388309
1.5631101
1.3386656
1.3271885
1.3668358
1.2335305
0.8860586
0.8157036
1.1988668
1.3987110
1.4322225
1.1687801
1.0348229
0.9916239
1.1183823
1.1834841
1.2206550
1.1368937
0.8237702
0.7799907
0.8336102
0.9490137
0.8551283
0.8634662
0.9977679
1.1044524
1.2469720
0.9923279
0.6971409
0.5869024
0.6205623
0.8484620
0.7337200
0.7660812
0.8293843
0.8896915
0.9486518
0.9926214
0.7763153
0.6584292
0.9044883
1.0437039
1.0774267
1.2108945
1.9943553
2.4209261
1.9863187
1.5415660
1.4852802
1.8958131
2.2009931
2.1035609
2.0235021
1.8904049
2.2157898
2.7719145
2.7335758
1.7023218
0.7908822
0.4981433
0.4889609
0.9077080
1.3011503
1.2842770
1.2742100
1.6304947
1.7428880
1.3287181
0.8135731
0.6450835
0.5005301
0.4988516
0.5977145
0.6776058
0.7748719
1.0378647
1.0593427
2.0276716
14.2534571
40.6068840
61.7909393
66.8811722
69.0396271
66.6665802
59.1959877
46.8249321
33.2537766
16.0844364
4.2468767
4.9853735
21.6484070
39.3107147
40.1595192
28.7444782
14.9391270
7.0438418
7.2989159
11.8176956
12.7159672
12.7344093
15.0914621
19.9517784
19.4878731
10.9432945
3.3887935
0.8407895
0.7488294
10.5513849
41.9209671
75.5160522
102.1539307
121.5254135
127.4273682
125.1887054
133.1565857
108.7587128
109.2019958
96.4739685
130.8054504
189.9171753
184.5103302
131.4171295
83.4834518
43.9238319
37.3825111
93.6816635
114.2323380
89.7151031
79.1988831
99.0708466
136.8253174
140.8261719
97.3166046
60.5190010
40.9786339
29.6726265
17.5698280
4.9756365
21.1314716
16.5544300
24.7447929
33.4062233
24.6413937
18.1871986
18.9200211
26.7122784
28.2507324
25.4002914
23.9690456
21.9323750
19.5613022
17.6187382
14.1235104
11.2652807
12.4625921
15.3099852
15.4723358
13.9784384
10.6285677
8.4985552
11.9879217
11.3533096
8.8346853
7.0655651
5.2872114
8.4195862
9.5291281
7.0304856
4.6507702
5.2353773
6.6784701
7.6227975
6.8473868
4.2821856
3.8292842
3.2115233
2.4251220
2.2171376
1.5375844
1.6897564
1.5252123
1.5318863
1.5988739
1.7495010
1.6722249
1.5521455
2.3172505
4.0668955
6.7781792
9.7361450
13.1835842
17.7541580
20.0725079
16.6343651
8.5864038
3.0660744
1.4587870
3.1617975
18.7462044
67.3895874
116.9851837
126.0241928
100.3065033
79.7984085
80.5359497
59.8861084
55.9695206
55.0831146
54.9736252
68.6235199
77.0446777
67.0216370
52.2435036
53.3390656
131.4067841
144.5655060
138.1072998
121.4653320
117.2484818
130.4387970
141.5294342
133.8910065
112.9875183
92.5215988
80.2768631
79.5549011
78.9546509
71.8772812
80.6155624
82.7867126
62.4275169
36.6598625
23.0319004
30.2614613
41.8277130
46.4485168
49.6459160
55.9213600
44.1797066
21.8899021
24.4587135
34.8894806
19.8261604
18.5261078
20.4735394
18.8190060
21.8381195
16.0026207
22.2004662
26.8488026
17.6014748
13.6262722
13.1493969
11.4456520
9.5891037
10.2124739
11.8410807
16.9371109
10.6893787
3.5962243
3.6057222
3.2497320
6.8791566
10.4722528
12.4561310
7.9643331
6.1882162
8.2150688
8.5020084
5.0733595
3.0950308
2.2525167
2.0188084
3.3998842
3.2602429
1.8691994
0.8516694
0.4095342
0.6043395
0.7787318
0.8775567
1.1104684
0.9369503
1.0292509
1.0635904
0.7788981
0.6525232
0.6064515
0.8818047
0.9022514
1.0431741
1.4066930
1.3159264
1.3714211
1.5288625
1.7446773
1.8765509
1.9186070
1.9928436
2.0730124
2.3604155
2.5932543
2.3255854
1.8170247
1.5402807
1.4321584
1.6341784
1.7494060
1.5766908
1.4213408
1.6144198
1.4181985
1.7540617
2.2721009
2.0667629
1.4719068
1.1596259
1.1464072
1.2885695
1.1052303
1.3599727
1.4062477
1.2802114
0.9774062
0.9262844
0.9748084
1.2648687
1.4590975
1.4921194
1.1808968
0.7142452
0.4779008
0.4993371
0.5577384
0.6514614
0.6246177
0.5906938
0.7070801
0.9623272
1.0743059
0.8959994
0.5594976
0.5004531
0.6000203
0.7263761
0.6505643
0.7481656
1.0568357
1.0427511
0.5491050
0.4025712
0.5439266
0.7140042
0.9094498
0.7405362
0.5885333
0.6078621
0.8366508
1.1440161
1.0609922
0.8585664
0.7812905
0.8161173
0.8009803
0.8470623
1.2151191
1.1216741
0.8038446
0.7323548
1.1403902
1.6689119
1.5562482
1.1764035
0.8737938
0.7055578
0.5968781
0.6033506
0.7937025
0.8342832
0.7368185
1.1287943
5.7528863
18.1824951
36.3990288
55.6562920
70.5140991
68.3082199
45.7111511
29.8248520
29.1837959
38.0388222
52.1961441
68.1707993
66.4823456
45.9909439
38.2678337
41.9107475
46.2210083
47.3537827
47.0860825
36.1015091
12.8657026
4.9316978
1.3124608
12.7737064
33.9349213
49.8942642
42.6627388
36.2360802
32.5873260
23.4007111
17.9137840
13.6852226
1.0729274
0.3555244
9.0241747
55.6452255
95.2700882
89.5302887
53.3068352
28.4941750
25.5399761
43.7252579
67.8860855
73.5958862
51.5339127
26.7663574
16.3881817
18.3494282
14.6446505
8.0099421
8.9888515
12.5555248
10.6719952
6.5107031
4.0908046
3.0837381
3.9293904
3.6402934
2.1101885
1.0519112
1.0167235
1.4094933
1.4510803
1.6722404
1.7215601
1.5234544
1.1822594
1.0230563
1.1168075
1.2038064
1.4695295
1.5608511
1.3272212
1.0866256
0.9927531
0.9128606
1.1361700
0.7617323
0.5926108
0.5907542
0.8158997
0.9210032
1.1234916
0.9885499
1.6854589
3.9803686
5.1965923
7.5821171
13.1895123
13.3805256
8.4692364
7.8629718
8.9008884
6.5488796
4.5236716
3.6445131
2.9295917
11.9760542
40.3676071
74.2257843
102.3543625
121.6894531
124.6843567
119.2270660
121.0276031
126.6197205
119.6436615
88.6910629
57.8354950
90.7715530
140.8291779
106.1949692
68.5936127
36.9066849
20.1887798
9.0851965
2.1108513
1.4067433
1.2144232
0.5350114
1.0575984
8.0577650
22.8515015
27.8805847
22.2894554
13.3096504
7.5390115
5.1307230
4.3968654
3.7383096
2.2842309
1.4948375
0.4845750
0.4037797
0.6957955
1.0790446
1.1348125
0.9881347
0.9421096
0.8063735
0.9064012
0.9682909
1.0521275
1.0437462
1.0127397
0.5689131
0.1880362
0.0486774
0.0014158
0.0000000
0.0000000
0.0000000
0.0000000
0.0000000
0.0000000
0.0000000
0.0000000
0.0000000
0.0000000
0.0000000
0.0000000
0.0000000
0.0000000
0.0000000
0.0000000
0.0000000
0.0000000
0.0000000
0.0000000
0.0000000
0.0000000
0.0000000
0.0000000
0.0000000
0.0000000
0.0000000
0.0000000
0.0000000
0.0000000
0.0000000
0.0000000
0.0000000
0.0000000
0.0000000
0.0000000
0.0000000
0.0000000
0.0000000
0.0000000
0.0000000
0.0000000
0.0000000
0.0000000
0.0000000
0.0000000
0.0000000
0.0000000
0.0000000
0.0000000
0.0000000
0.0000000
0.0000000
0.0000000
0.0000000
0.0000000
0.0000000
0.0000000
0.0000000
0.0000000
0.0000000
0.0000000
0.0000000
0.0000000
0.0000000
0.0000000
0.0000000
0.0000000
0.0000000
0.0000000
0.0000000
0.0000000
0.0000000
0.0000000
0.0000000
0.0000000
0.0000000
0.0000000
0.0000000
0.0000000
0.0000000
0.0000000
0.0000000
0.0000000
0.0000000
0.0000000
0.0000000
0.0000000
0.0000000
0.0000000
0.0000000
0.0000000
0.0000000
0.0000000
0.0000000
0.0000000
0.0000000
0.0000000
0.0000000
0.0000000
0.0000000
0.0000000
0.0000000
0.0000000
0.0000000
0.0000000
0.0000000
0.0000000
0.0000000
0.0000000
0.0000000
0.0000000
0.0000000
0.0000000
0.0000000
0.0000000
0.0000000
0.0000000
0.0000000
0.0000000
0.0000000
0.0000000
0.0000000
0.0000000
0.0000000
0.0000000
0.0000000
0.0000000
0.0000000
0.0000000
0.0000000
0.0000000
0.0000000
0.0000000
0.0000000
0.0000000
0.0000000
0.0000000
0.0000000
0.0000000
0.0000000
0.0000000
0.0000000
0.0000000
0.0000000
0.0000000
0.0000000
0.0000000
0.0000000
0.0000000
0.0000000
0.0000000
0.0000000
0.0000000
0.0000000
0.0000000
0.0000000
0.0000000
0.0000000
0.0000000
0.0000000
0.0000000
0.0000000
0.0000000
0.0000000
0.0000000
0.0000000
0.0000000
0.0000000
0.0000000
0.0000000
0.0000000
0.0000000
0.0000000
0.0000000
0.0000000
0.0000000
0.0000000
0.0000000
0.0000000
0.0000000
0.0000000
0.0000000
0.0000000
0.0000000
0.0000000
0.0000000
0.0000000
0.0000000
0.0000000
0.0000000
0.0000000
0.0000000
0.0000000
0.0000000
0.0000000
0.0000000
0.0000000
0.0000000
