0.0000000
0.0000000
0.0000000
0.0000000
0.0000000
0.0000000
0.0000000
0.0000000
0.0000000
0.0000000
0.0000000
0.0000000
0.0000000
0.0000000
0.0000000
0.0000000
0.0000000
0.0000000
0.0000000
0.0000000
0.0000000
0.0000000
0.0000000
0.0000000
0.0000000
0.0000000
0.0000000
0.0000000
0.0000000
0.0000000
0.0000000
0.0000000
0.0000000
0.0000000
0.0000000
0.0000000
0.0000000
0.0000000
0.0000000
0.0000000
0.0000000
0.0000000
0.0000000
0.0000000
0.0000000
0.0000000
0.0000000
0.0000000
0.0000000
0.0000000
0.0000000
0.0000000
0.0000000
0.0000000
0.0000000
0.0000000
0.0000000
0.0000000
0.0000000
0.0000000
0.0000000
0.0000000
0.0000000
0.0000000
0.0000000
0.0000000
0.0000000
0.0000000
0.0000000
0.0000000
0.0000000
0.0000000
0.0000000
0.0000000
0.0000000
0.0000000
0.0000000
0.0000000
0.0000000
0.0000000
0.0000000
0.0000000
0.0000000
0.0000000
0.0000000
0.0000000
0.0000000
0.0000000
0.0000000
0.0000000
0.0000000
0.0000000
0.0000000
0.0000000
0.0000000
0.0000000
0.0000000
0.0000000
0.0000000
0.0000000
0.0000000
0.0000000
0.0000000
0.0000000
0.0000000
0.0000000
0.0000000
0.0000000
0.0000000
0.0000000
0.0000000
0.0000000
0.0000000
0.0000000
0.0000000
0.0000000
0.0000000
0.0000000
0.0000000
0.0000000
0.0000000
0.0000000
0.0000000
0.0000000
0.0000000
0.0000000
0.0000000
0.0000000
0.0000000
0.0000000
0.0000000
0.0000000
0.0000000
0.0000000
0.0000000
0.0000000
0.0000000
0.0000000
0.0000000
0.0000000
0.0000000
0.0000000
0.0000000
0.0000000
0.0000000
0.0000000
0.0000000
0.0000000
0.0000000
0.0000000
0.0000000
0.0000000
0.0000000
0.0000000
0.0000000
0.0000000
0.0000000
0.0000000
0.0000000
0.0000000
0.0000000
0.0000000
0.0000000
0.0000000
0.0000000
0.0000000
0.0000000
0.0000000
0.0000000
0.0000000
0.0000000
0.0000000
0.0000000
0.0000000
0.0000000
0.0000000
0.0000000
0.0000000
0.0000000
0.0000000
0.0000000
0.0000000
0.0000000
0.0513316
0.4381086
1.1287067
1.6085197
1.5320243
2.2745078
6.0436354
10.0778532
9.7935238
5.0311232
1.3377985
0.8611967
1.6876402
3.1444154
3.4059803
5.1819510
4.8447351
2.3240538
1.9130912
3.7778907
5.0389938
4.0452166
3.7082977
4.1405578
4.4963593
5.1502504
6.5341091
8.0575342
8.8387623
8.3452520
7.6574340
6.4045696
5.7965941
6.0411153
5.9427834
5.2079730
4.2323575
4.0558224
4.2746763
4.9252863
5.8618841
6.3470368
6.0471487
5.6337304
4.9497499
4.6003361
3.6471264
2.9862001
3.0178046
3.2268684
3.2563801
3.0198271
3.1234109
2.4957662
1.6510276
1.2891765
0.9989289
0.8127102
0.7563751
0.6123943
1.9084558
9.7143097
25.4933128
50.8110466
79.6964722
100.8744049
104.0497971
86.5412445
67.1336670
49.8159485
47.1267090
61.1937599
70.7383118
58.3590813
37.6470833
48.8025131
67.7981873
73.9580460
73.0192871
65.4891129
51.6494789
37.9809189
34.3984146
41.1387634
49.5023041
53.1509781
45.9629822
41.0892296
42.3474274
41.6854286
39.2244720
38.4456787
36.6742287
33.5929184
29.8943825
27.6274414
27.4189739
26.1600571
28.1310463
30.1873207
29.3310509
29.6403160
27.9139690
25.2751884
23.2612820
23.1598377
20.4399757
18.5856705
16.5862598
16.1405487
21.5658741
31.8071537
41.6936913
48.3432846
47.9926682
36.6719742
33.4317665
38.2426300
79.9817810
150.7745514
157.7731323
103.3152771
69.6933441
48.4404449
37.9688835
52.2668381
57.0924110
54.0118141
37.1021423
37.1930923
106.8153610
125.8796158
96.8160706
73.0496750
81.6722870
143.4804993
169.9680939
124.4956665
68.0652008
22.0170498
18.9250393
21.4414806
22.2424221
16.2974205
11.7063303
10.0297890
8.7153788
8.7926178
25.1461487
59.3526039
78.3229141
63.9445229
23.6046753
6.6170564
1.3760997
1.1562709
10.1978016
25.6387444
31.5326366
33.2347336
42.4843826
54.9477806
57.5446625
52.7459908
45.2482796
42.7728233
28.7913074
9.7020016
21.4620571
37.3008499
55.4225502
78.4499207
84.8652496
83.5948486
76.6099243
61.5625687
44.1763611
44.3402710
69.0477448
81.3293915
63.3222580
45.9227753
38.0033951
50.9737663
69.1311340
76.4644775
79.8943939
67.6841049
46.9680290
36.0819969
32.9658585
26.8656845
26.9110279
23.7653980
26.3825569
26.4117069
24.3088112
17.7994709
13.4541740
7.2485924
16.5433044
44.3781662
65.6588287
65.4402008
35.7943230
3.7735071
5.8246274
23.4694767
54.7458458
92.0022430
112.9515533
107.2309570
74.5615616
52.5321846
39.0736198
47.8599472
48.8128662
47.3522415
61.7507896
53.2220879
39.1057396
33.3186378
28.0212402
21.0291061
14.4520311
7.5791030
2.5967662
20.5143013
43.0770760
55.7991638
66.5992355
77.3731079
70.1081390
49.0938034
35.0934525
20.2640057
45.1937675
46.7376289
26.1362915
8.8231106
4.1488972
7.8226781
10.1076756
10.6948071
10.2703772
9.8689718
9.6825695
8.5635662
8.1246147
9.9506359
24.5944157
51.4157562
74.5714188
87.6648254
84.5757751
68.4184418
45.6002312
28.5435104
15.3226738
18.8204784
44.2472992
32.6510658
22.4354229
36.6974525
31.7694969
17.0275478
15.0943995
24.9755421
15.6833229
11.1194048
11.2541437
6.1007252
2.0049376
1.0864670
2.9022155
8.8311825
12.4148893
10.9952965
10.9223928
12.5507565
12.7824945
11.6351643
12.5245390
12.9011784
12.2357788
11.9966068
11.7270718
11.6395493
11.5246410
10.7529278
10.6997356
10.4461832
10.4369564
9.1883688
8.0323792
6.6767240
5.9053154
6.0935917
7.1692472
6.7310314
6.2723122
4.4525690
3.4212263
2.9507356
3.1230547
2.4511876
2.2046018
2.0714071
1.5146493
1.3659734
1.1148717
0.8730767
0.7090011
0.3976845
0.3752390
0.6040002
2.0583916
6.0989103
11.3464127
19.9514046
36.1831703
52.5077744
57.3679886
50.9861069
42.9903831
32.6259842
27.9200401
39.6699867
46.2458611
46.8494339
46.5779190
41.9678383
35.3358154
29.1064720
25.2377853
18.3969536
15.4066639
15.2661648
15.3796558
15.2121181
13.6028824
12.0820265
9.9694729
8.6284657
7.3420153
7.3311081
7.4828539
8.2702713
14.2714338
19.6518917
15.9261789
8.1126041
6.5329370
10.8058643
35.7768173
91.7169724
132.1375732
125.2253723
96.8982239
64.8639297
61.5010529
62.4577103
54.4466972
45.4693642
30.9498215
22.8954773
29.8632889
34.1329956
39.3506660
66.0904236
75.4719467
66.1294556
44.5811234
22.6235924
35.7424469
34.6253128
22.9141579
12.2615461
4.7449999
8.9812365
20.1681252
30.3309860
34.5211945
28.6191254
13.9348049
15.0666847
24.6755886
22.8265343
18.9593468
13.9533806
5.6660218
2.4740598
2.2540674
2.8521795
3.2930350
4.7867966
6.4991255
6.8022342
6.0421619
16.6956749
52.5509567
87.4833374
99.9948044
108.8441925
115.3999023
112.6224899
96.8530884
73.3878632
36.5742912
23.1548367
28.7285595
27.2424240
19.9951458
17.2954712
24.5313320
38.3635101
47.0353661
49.8140564
55.9493217
70.8360138
85.4565201
88.6191940
69.3809967
41.8429909
11.2020597
21.0804653
20.3360634
14.9068937
14.1111374
18.4099579
28.5163212
62.5593872
88.7020950
76.5747452
45.4323997
29.0982113
30.6491032
47.6716309
50.9093437
44.0822334
30.3805351
20.9043903
22.3631458
38.1662941
49.9385834
46.3875084
34.8831787
33.6301117
44.0056267
36.2156410
33.3182716
33.1722107
44.5965118
68.6623840
97.6438675
103.0688477
84.6083145
57.0680618
33.6031532
19.7272530
19.6951122
21.0506954
28.3108234
26.5826378
16.2319546
13.5880489
18.4638920
24.4007435
36.3122215
48.0273743
59.1492119
61.7687035
56.4699173
44.5075951
32.6822929
20.7894840
10.6905651
6.9128442
29.7370224
38.1869164
49.6306648
70.3539047
88.1483688
91.2493439
72.3443527
41.3168793
15.2795095
13.1986647
11.2502556
12.4562759
11.0279875
7.5582023
7.6335011
30.7944088
69.0201569
83.8495636
62.5397720
29.2270203
15.9513435
16.6746693
10.7890701
11.6600742
15.8108282
16.0322952
12.9301653
11.9184885
14.0602179
17.8154716
28.3100777
45.9248924
58.4114532
56.4103813
40.4373436
28.9634819
29.5302525
33.0455627
31.4640217
24.2046299
19.3907948
21.3923550
40.4568672
67.1708221
80.3617325
75.6980209
68.3493652
86.5098419
86.8274689
69.4025040
48.2442703
29.5528259
16.5477562
17.0203724
17.1232071
13.5404930
10.0098114
20.8944359
52.4886246
65.4710007
42.4091568
9.7153549
2.0704603
1.0510566
1.0238804
1.9262186
14.7505741
26.6043911
26.2376747
21.8812866
12.6102705
5.9766021
2.3430190
0.8835701
0.2399709
3.0777793
13.7301445
36.6059418
44.4645157
32.7276268
17.8136501
11.4526253
6.3761711
6.0167785
3.9295869
0.7430591
2.4619346
11.6651325
22.6709385
25.8450222
20.3687248
11.9016285
10.5681725
18.5472698
25.4080544
23.8673954
16.7016182
10.8955469
6.0055795
3.2427266
5.9130082
9.7101946
9.5099468
10.4321814
14.3093071
15.5782204
9.8144875
9.1371670
11.6720467
12.2876654
12.4881859
11.6387224
10.0579500
8.8743544
11.2312708
18.3182602
18.8843975
9.2834997
3.3945241
4.4469562
8.7283955
13.1355801
13.3758116
10.2760096
8.5502224
19.5177994
45.9022408
59.8708496
45.6442146
20.0339127
12.6097555
9.4187517
7.3028288
4.5750489
5.6667037
9.2199993
12.0124722
11.8679008
9.5143414
5.2714448
3.8399265
3.3908064
10.9677076
21.1399708
28.0620956
24.7954597
16.6137619
7.2228374
2.7560029
1.3165514
0.7110938
0.3456356
0.1741255
1.1305910
5.7153344
8.0557299
6.1001863
12.3462667
24.8859711
26.7065868
17.2740765
12.3177328
6.4541736
3.0186825
2.9805655
2.6803722
3.0434909
2.5594878
1.3219836
0.5303327
0.3435079
0.3520151
0.3837030
0.1514620
0.0314604
0.0013965
0.0000163
0.0000000
0.0000000
0.0000000
0.0000000
0.0000000
0.0000000
0.0000000
0.0000000
0.0000000
0.0000000
0.0000000
0.0000000
0.0000000
0.0000000
0.0000000
0.0000000
0.0000000
0.0000000
0.0000000
0.0000000
0.0000000
0.0000000
0.0000000
0.0000000
0.0000000
0.0000000
0.0000000
0.0000000
0.0000000
0.0000000
0.0000000
0.0000000
0.0000000
0.0000000
0.0000000
0.0000000
0.0000000
0.0000000
0.0000000
0.0000000
0.0000000
0.0000000
0.0000000
0.0000000
0.0000000
0.0000000
0.0000000
0.0000000
0.0000000
0.0000000
0.0000000
0.0000000
0.0000000
0.0000000
0.0000000
0.0000000
0.0000000
0.0000000
0.0000000
0.0000000
0.0000000
0.0000000
0.0000000
0.0000000
0.0000000
0.0000000
0.0000000
0.0000000
0.0000000
0.0000000
0.0000000
0.0000000
0.0000000
0.0000000
0.0000000
0.0000000
0.0000000
0.0000000
0.0000000
0.0000000
0.0000000
0.0000000
0.0000000
0.0000000
0.0000000
0.0000000
0.0000000
0.0000000
0.0000000
0.0000000
0.0000000
0.0000000
0.0000000
0.0000000
0.0000000
0.0000000
0.0000000
0.0000000
0.0000000
0.0000000
0.0000000
0.0000000
0.0000000
0.0000000
0.0000000
0.0000000
0.0000000
0.0000000
0.0000000
0.0000000
0.0000000
0.0000000
0.0000000
0.0000000
0.0000000
0.0000000
0.0000000
0.0000000
0.0000000
0.0000000
0.0000000
0.0000000
0.0000000
0.0000000
0.0000000
0.0000000
0.0000000
0.0000000
0.0000000
0.0000000
0.0000000
0.0000000
0.0000000
0.0000000
0.0000000
0.0000000
0.0000000
0.0000000
0.0000000
0.0000000
0.0000000
0.0000000
0.0000000
0.0000000
0.0000000
0.0000000
0.0000000
0.0000000
0.0000000
0.0000000
0.0000000
0.0000000
0.0000000
0.0000000
0.0000000
0.0000000
0.0000000
0.0000000
0.0000000
0.0000000
0.0000000
0.0000000
0.0000000
0.0000000
0.0000000
0.0000000
0.0000000
0.0000000
0.0000000
0.0000000
0.0000000
0.0000000
0.0000000
0.0000000
0.0000000
0.0000000
0.0000000
0.0000000
0.0000000
0.0000000
0.0000000
0.0000000
0.0000000
0.0000000
0.0000000
0.0000000
0.0000000
0.0000000
0.0000000
0.0000000
0.0000000
0.0000000
0.0000000
0.0000000
0.0000000
0.0000000
0.0000000
0.0000000
0.0000000
0.0000000
0.0000000
0.0000000
0.0000000
0.0000000
0.0000000
0.0000000
0.0000000
0.0000000
0.0000000
0.0000000
0.0000000
0.0000000
0.0000000
0.0000000
0.0000000
0.0000000
0.0000000
0.0000000
0.0000000
0.0000000
0.0000000
0.0000000
0.0000000
0.0000000
0.0000000
0.0000000
0.0000000
0.0000000
0.0000000
0.0000000
0.0000000
0.0000000
0.0000000
0.0000000
0.0000000
0.0000000
0.0000000
0.0000000
0.0000000
0.0000000
0.0000000
0.0000000
0.0000000
0.0000000
0.0000000
0.0000000
0.0000000
0.0000000
0.0000000
0.0000000
0.0000000
0.0000000
0.0000000
0.0000000
0.0000000
0.0000000
0.0000000
0.0000000
0.0000000
0.0000000
0.0000000
0.0000000
0.0000000
0.0000000
0.0000000
0.0000000
0.0000000
0.0000000
0.0000000
0.0000000
0.0000000
0.0000000
0.0000000
0.0000000
0.0000000
0.0000000
0.0000000
0.0000000
0.0000000
0.0000000
0.0000000
0.0000000
0.0000000
0.0000000
0.0000000
0.0000000
0.0000000
0.0000000
0.0000000
0.0000000
0.0000000
0.0000000
0.0000000
0.0000000
0.0000000
0.0000000
0.0000000
0.0000000
0.0000000
0.0000000
0.0000000
0.0000000
0.0000000
0.0000000
0.0000000
0.0000000
0.0000000
0.0000000
0.0000000
0.0000000
0.0000000
0.0000000
0.0000000
0.0000000
0.0000000
0.0000000
0.0000000
0.0000000
0.0000000
0.0000000
0.0000000
0.0000000
0.0000000
0.0000000
0.0000000
0.0000000
0.0000000
0.0000000
0.0000000
0.0000000
0.0000000
0.0000000
0.0000000
0.0000000
0.0000000
0.0000000
0.0000000
0.0000000
0.0000000
0.0000000
0.0000000
0.0000000
0.0000000
0.0000000
0.0000000
0.0000000
0.0000000
0.0000000
0.0000000
0.0000000
0.0000000
0.0000000
0.0000000
0.0000000
0.0000000
0.0000000
0.0000000
0.0000000
0.0000000
0.0000000
0.0000000
0.0000000
0.0000000
0.0000000
0.0000000
0.0000000
0.0000000
0.0000000
0.0000000
0.0000000
0.0000000
0.0000000
0.0000000
0.0000000
0.0000000
0.0000000
0.0000000
0.0000000
0.0000000
0.0000000
0.0000000
0.0000000
0.0000000
0.0000000
0.0000000
0.0000000
0.0000000
0.0000000
0.0000000
0.0000000
0.0000000
0.0000000
0.0000000
0.0000000
0.0000000
0.0000000
0.0000000
0.0000000
0.0000000
0.0000000
0.0000000
0.0000000
0.0000000
0.0000000
0.0000000
0.0000000
0.0000000
0.0000000
0.0000000
0.0000000
0.0000000
0.0000000
0.0000000
0.0000000
0.0000000
0.0000000
0.0000000
0.0000000
0.0000000
0.0000000
0.0000000
0.0253541
0.3248436
0.9637365
1.4965650
1.5126772
1.1257535
11.9443207
55.1694412
119.8068161
163.6460266
162.2282562
127.3523102
94.1717606
71.1468353
54.8705292
51.1762733
54.9250755
51.7505836
42.9868279
28.5503464
15.4651051
21.2508507
25.6231804
30.7193508
36.8552551
48.6836319
60.7913818
77.5667877
96.8412552
104.0420380
91.8486023
62.2403259
26.2815056
19.0984745
19.0734196
7.6264772
0.9310621
5.0752230
24.7606831
48.0684128
39.0498238
8.0575619
0.9666166
0.3602849
7.0229864
35.0262032
56.4070435
69.2885590
71.2406235
48.8025932
23.2078381
10.6952801
8.7685661
24.9528465
50.6108513
63.3957138
47.7796135
31.8976955
21.6439018
21.3019085
23.3854179
20.8950443
18.1379433
23.7952595
46.0080070
71.3362503
108.1073761
126.6873474
113.5825882
81.8007965
51.1689339
31.1146984
26.5572433
26.7211571
29.1616764
46.0121651
62.4393158
56.9010506
41.9484558
29.3766098
38.2872124
30.2570591
23.1090202
13.1163826
3.6259308
1.2443478
6.0691576
46.5469894
108.1899948
123.2040100
92.6397858
65.3916321
47.9625854
31.8828354
25.4818459
16.9460182
12.7900410
24.7005234
40.6594658
41.1242104
34.8468552
26.8827457
17.1387329
15.4139996
20.1546974
17.6518993
16.5089512
14.1530781
12.6110382
10.6230240
9.9566307
27.6582165
69.4684906
89.3509445
64.2432861
22.9658298
13.2156658
9.0797205
7.0653677
11.3542957
26.8375664
52.8258362
68.9032669
58.2778587
34.7285156
17.1634541
12.1902447
9.2480087
5.9408045
4.0678544
5.6344128
9.2926197
13.2889557
30.6240101
56.0253563
58.2810860
32.8859406
15.8107967
5.5914755
4.3156385
3.9878209
1.5316045
7.9309797
21.5707150
26.2433624
19.9079056
15.4320660
14.6620045
17.5182247
25.2359333
35.9345245
47.6150398
53.2072525
47.6954041
37.3099594
30.9920216
39.8115387
45.3764420
57.9143295
63.9916382
56.5735970
51.9756355
45.7681389
40.3576202
39.2275009
33.4258690
25.3631096
18.2795868
22.1650181
93.6582031
156.6842041
168.6689148
124.3783493
71.4128342
40.7962799
22.1018925
10.7381010
4.2284703
2.2178521
2.7914100
4.3069720
5.8323860
36.0011139
96.7172775
132.9152374
108.5528793
54.9243774
31.3489895
19.8269825
11.6977625
14.1214380
10.9111996
8.0434170
7.4066048
15.1634216
71.4266891
164.2501373
224.8463135
236.0213776
237.5333557
210.6944580
167.3915558
118.9973526
85.3738327
56.5733185
26.8196068
16.8155918
5.2905989
0.6074618
4.4867878
16.2686329
25.0637703
20.7432194
13.6091671
10.6991682
9.1422920
7.9381452
7.8328567
7.9472461
7.3816504
6.6219950
5.4279475
4.4253726
3.7843783
3.5304241
2.9630239
2.3310459
1.4169706
0.6449671
0.8984978
1.4047309
6.3816271
34.9230270
71.8755112
78.9319916
58.3092575
42.5702934
39.4090004
36.0987091
27.9715996
22.0228615
12.7982779
12.7355576
45.9318924
90.6440964
127.4706573
122.5898895
81.1167679
34.7341232
15.3115005
6.5590076
4.0201950
6.6064873
22.3395157
31.6771851
14.0952206
2.8910544
2.9574919
13.9062042
30.5085964
35.2796631
42.0808601
45.6452560
46.8062477
45.1382027
32.4805031
15.4649191
6.2880831
3.8965302
5.1248093
7.8763304
8.1269245
6.4480124
5.6748457
6.0161018
6.5277109
7.3683462
8.3161688
8.3335972
6.4887381
4.6957407
4.2204385
4.4967442
5.3985343
5.9058571
5.0599484
3.2698846
2.6210849
1.9686582
1.4696209
0.7631659
0.5858447
0.7950911
0.7233582
0.4267842
0.4270216
0.4848655
0.4285375
0.3850159
0.4853644
2.6752038
11.6332283
21.5278492
24.6203842
26.4024334
33.5337296
38.3398209
30.0865707
16.7099133
10.9497337
12.6130619
20.3241730
15.1662960
3.7062931
0.5681950
0.0972485
0.0814405
0.1804521
0.8811777
10.2400188
35.0402145
56.1919479
49.6721535
20.1848087
9.5566273
5.5527930
4.4470639
8.4898901
16.9716892
21.2070618
20.9355087
16.7548485
13.0607128
11.0229445
9.2761412
7.1664987
8.7711716
29.2271652
62.2425041
75.6770782
59.0744858
31.0373249
16.2610397
5.6763859
5.3092337
8.9921074
10.0088720
11.3939037
7.8919840
6.5158720
3.6358912
2.1717007
0.7974469
0.5968244
0.7791613
0.7524591
0.5155510
0.3691888
0.4244973
0.3706394
0.3808229
0.4060039
0.4603723
0.2782148
0.2876258
0.2830828
0.4845257
0.6715125
0.6882852
0.4301304
0.3567853
0.4026199
0.5605516
0.4405180
0.3890261
0.3988523
0.3744946
0.3769579
0.4594231
0.5859785
0.5672183
0.4294912
0.2733209
0.2818127
0.4844906
0.6899239
0.7098098
0.6022419
0.4962018
0.4290968
0.6081892
7.8204327
25.9928741
40.8271904
38.3122025
24.7451172
13.4342079
7.7638526
9.0116959
5.3639278
4.5725055
5.2467437
4.8782802
4.1774149
3.7475512
3.6184931
7.1717281
17.7824860
43.3088684
77.4951019
86.9884338
63.9869766
34.6378479
20.5050545
22.7815437
23.6547031
15.0549812
8.7811460
4.7164168
6.0574660
9.3528681
11.3722410
10.9878826
6.5928998
3.5856521
2.1091580
4.6099367
6.1995730
7.1285052
6.0095496
6.0007820
6.6595101
5.5785036
3.9091787
2.7354159
1.7081723
2.2129378
6.6693463
11.1049547
11.0939598
8.8365917
6.9139094
4.8657126
2.2754118
0.7827609
1.8472502
14.6675568
29.7360458
28.1460171
15.9782143
10.7208271
7.8969173
6.9713106
7.2859259
6.7214828
7.0294008
9.0091619
12.4002142
14.0035858
12.1537800
10.1324558
7.3498516
3.8795941
2.3541937
1.5189400
0.8051356
1.4086077
3.0837808
4.3428659
5.7739630
6.9678259
7.5849237
7.1817889
5.4345045
3.6160803
2.4219615
1.7732559
1.2732921
0.8905412
1.0495584
1.0471205
0.7132459
0.2806150
0.0443843
0.0033618
0.0000000
0.0000000
0.0000000
0.0000000
0.0000000
0.0000000
0.0000000
0.0000000
0.0000000
0.0000000
0.0000000
0.0000000
0.0000000
0.0000000
0.0000000
0.0000000
0.0000000
0.0000000
0.0000000
0.0000000
0.0000000
0.0000000
0.0000000
0.0000000
0.0000000
0.0000000
0.0000000
0.0000000
0.0000000
0.0000000
0.0000000
0.0000000
0.0000000
0.0000000
0.0000000
0.0000000
0.0000000
0.0000000
0.0000000
0.0000000
0.0000000
0.0000000
0.0000000
0.0000000
0.0000000
0.0000000
0.0000000
0.0000000
0.0000000
0.0000000
0.0000000
0.0000000
0.0000000
0.0000000
0.0000000
0.0000000
0.0000000
0.0000000
0.0000000
0.0000000
0.0000000
0.0000000
0.0000000
0.0000000
0.0000000
0.0000000
0.0000000
0.0000000
0.0000000
0.0000000
0.0000000
0.0000000
0.0000000
0.0000000
0.0000000
0.0000000
0.0000000
0.0000000
0.0000000
0.0000000
0.0000000
0.0000000
0.0000000
0.0000000
0.0000000
0.0000000
0.0000000
0.0000000
0.0000000
0.0000000
0.0000000
0.0000000
0.0000000
0.0000000
0.0000000
0.0000000
0.0000000
0.0000000
0.0000000
0.0000000
0.0000000
0.0000000
0.0000000
0.0000000
0.0000000
0.0000000
0.0000000
0.0000000
0.0000000
0.0000000
0.0000000
0.0000000
0.0000000
0.0000000
0.0000000
0.0000000
0.0000000
0.0000000
0.0000000
0.0000000
0.0000000
0.0000000
0.0000000
0.0000000
0.0000000
0.0000000
0.0000000
0.0000000
0.0000000
0.0000000
0.0000000
0.0000000
0.0000000
0.0000000
0.0000000
0.0000000
0.0000000
0.0000000
0.0000000
0.0000000
0.0000000
0.0000000
0.0000000
0.0000000
0.0000000
0.0000000
0.0000000
0.0000000
0.0000000
0.0000000
0.0000000
0.0000000
0.0000000
0.0000000
0.0000000
0.0000000
0.0000000
0.0000000
0.0000000
0.0000000
0.0000000
0.0000000
0.0000000
0.0000000
0.0000000
0.0000000
0.0000000
0.0000000
0.0000000
0.0000000
0.0000000
0.0000000
0.0000000
0.0000000
0.0000000
0.0000000
0.0000000
0.0000000
0.0000000
0.0000000
0.0000000
0.0000000
0.0000000
0.0000000
0.0000000
0.0000000
0.0000000
0.0000000
0.0000000
0.0000000
0.0000000
0.0000000
0.0000000
0.0000000
0.0000000
0.0000000
0.0000000
0.0000000
0.0000000
0.0000000
0.0000000
0.0000000
0.0000000
0.0000000
0.0000000
0.0000000
0.0000000
0.0000000
0.0000000
0.0000000
0.0000000
0.0000000
0.0000000
0.0000000
0.0000000
0.0000000
0.0000000
0.0000000
0.0000000
0.0000000
0.0000000
0.0000000
0.0000000
0.0000000
0.0000000
0.0000000
0.0000000
0.0000000
0.0000000
0.0000000
0.0000000
0.0000000
0.0000000
0.0000000
0.0000000
0.0000000
0.0000000
0.0000000
0.0000000
0.0000000
0.0000000
0.0000000
0.0000000
0.0000000
0.0000000
0.0000000
0.0000000
0.0000000
0.0000000
0.0048549
0.3524220
1.3988149
2.5732143
3.1632135
3.0834162
2.7334421
2.5590987
2.7566104
3.2437568
3.4808781
3.0304205
2.5673087
2.9902880
4.2174344
5.6641808
6.2919168
6.4092464
6.0359087
5.5253348
5.5200377
5.9987636
5.5048718
2.8618822
0.6680683
0.2300225
0.2441898
0.3362672
13.2931280
64.5385361
126.7810745
154.1867523
125.1018829
76.6514893
73.2648392
84.2708130
93.8043060
98.9752350
121.3916626
143.0312042
158.5912476
145.7146606
101.1190948
79.0400238
40.5050583
24.9748383
25.2611294
35.2135201
41.0067329
19.9216213
2.7010658
5.1526217
39.0634651
106.6925201
119.2905197
58.9667397
20.8834534
7.6991925
2.0505321
0.3203309
0.3897847
0.5048937
0.5671689
0.6396697
0.6898152
0.7216589
0.6676051
1.9686322
7.2835493
14.2666864
18.9644604
21.7740459
29.1844082
52.0283051
78.0682907
97.5530853
116.7324905
133.3952942
120.5190353
75.9254456
65.6514740
105.8671570
80.2979889
53.5186005
41.5521507
36.1525307
24.2914791
11.4681177
3.2262163
3.1736546
0.4744791
2.6442893
8.4221582
8.9603329
2.8689678
3.4058409
12.2080727
28.6614761
42.0753708
43.8191719
32.9895210
26.6012135
26.6184654
25.8215027
21.5759354
12.5985661
9.6428175
15.5613813
9.9382315
4.6355071
3.1863556
3.8129029
9.2202778
29.3255653
58.4967537
61.4601135
34.7442894
15.3065147
12.8922949
7.4172258
3.6204109
2.8755922
3.0202041
6.1739531
7.9623785
6.8014245
18.4197044
65.4113007
141.0654144
202.2274628
198.6734924
159.5593414
121.2271194
101.6516724
88.9220810
64.5046616
53.1869202
106.7009125
102.8126373
90.5191269
73.9265518
56.3639030
56.9142075
94.0671921
115.6545715
105.9746780
89.9021835
73.2801056
60.9971619
59.2276192
62.9977036
61.8080826
56.0822678
42.3671951
28.5570393
16.2556801
11.8189831
14.6029491
17.1814232
24.6845589
73.8672256
167.7664948
220.7637482
196.8131714
130.6369781
68.7229309
30.7663174
22.3900681
28.1262817
18.7588024
12.2887802
17.7862244
25.3637562
26.0668678
35.4665451
48.5951157
47.0125656
31.7913551
15.5311947
10.4156046
7.0667977
5.0009041
7.2827902
25.6460457
33.9756393
28.3854141
16.5756550
5.2335587
1.7397320
3.8747139
14.6129780
26.6547031
28.9367828
26.0073681
22.2346230
18.2103386
16.1538258
12.5932274
6.5446181
2.7378454
1.0596619
2.3752658
12.0476131
63.6585579
150.6583405
207.3037567
200.8173981
187.7673950
218.7231903
221.8193207
162.2279663
111.1867447
72.7872009
55.4383926
38.7245178
59.5625534
65.0612564
47.5089149
27.9964104
26.9669304
47.8791618
61.1376877
53.2289467
42.2927246
60.1822052
84.8098373
57.2049789
21.4395065
12.2985640
2.7926533
0.7593926
2.3516500
6.2278132
10.5097342
11.0932369
10.7931128
10.3890514
9.5685368
7.7612114
4.8172646
2.1463854
1.0347112
1.5171983
2.4049177
3.0207925
14.3848219
32.5137100
37.5582581
26.1076546
19.5448456
33.0896187
73.4983749
94.6116409
86.4557877
83.6642914
82.3350372
68.1960526
51.2726707
41.5518456
30.9537220
34.1622734
34.4378662
33.5057907
36.6039848
39.6288948
46.3089256
55.4796295
65.5253525
65.9342270
59.1677856
53.7983398
50.9907913
46.4637489
48.8101196
49.8225060
47.5793152
39.9507523
29.9702187
25.3516579
29.6283569
35.3282204
37.2951279
40.7312202
36.8577995
22.4830513
5.7583222
0.8333248
0.9872178
7.6488943
35.4553947
63.9553337
58.7550850
50.2895927
70.0720978
99.6003342
94.4696655
68.5758438
61.1538429
69.5921173
96.3048706
107.2782974
100.2931442
97.8799133
94.5124588
94.5212097
102.5691452
102.0589218
90.5176315
75.3757248
59.7994156
39.8811493
21.8588867
9.1282978
25.4708252
48.1336403
66.0390015
95.7873688
140.5743713
168.1416473
152.4132385
110.1535034
72.8281097
43.1135292
25.5904846
22.1774578
12.2743483
11.8137407
18.3671913
20.4950829
22.6634789
20.3072147
14.6566963
16.9087143
44.7803688
86.4784698
100.9711380
74.3398056
30.3015728
8.2663164
3.0000789
0.4222949
0.2153476
0.7839347
1.4216657
4.2845030
16.4974976
39.8663445
82.2749481
128.8397064
140.6002960
104.5115967
56.2615662
48.3897781
62.3615646
68.7674866
68.5005798
67.5990448
65.3298492
53.7119865
34.8446960
22.8553371
60.0547714
48.9797096
26.0776443
10.1966324
5.3191862
12.9012690
30.1953964
48.6311417
70.1674194
94.7682343
103.7986755
95.5595322
94.4061966
104.7291489
116.5659332
115.8366776
98.3017807
63.5067444
33.4157448
22.8209229
21.1174469
27.3933945
36.7215233
25.4721451
8.3718519
13.9979296
82.7666473
166.7459869
179.1906433
109.7864075
64.1744614
50.1468925
79.4573975
67.2447815
18.5455570
5.9211850
13.4214649
78.3546295
156.7373047
208.8338318
215.6074371
177.4299927
128.1911316
94.1315994
92.7326813
81.4046707
68.6120224
58.2584610
44.4199409
30.4165058
19.8161240
9.8885183
3.6732357
4.0892224
8.2593784
39.3088341
96.4224701
102.4304733
63.3794289
43.9577599
55.7163277
80.6313400
107.0984421
97.0659180
53.0432396
22.5000725
23.7460136
18.3041649
9.5915489
7.5365667
11.6117172
16.3082466
15.9870472
14.9444876
30.4350700
66.2312698
93.4102097
89.8233185
71.2916870
60.9748116
43.8692207
34.6712646
33.4255829
35.4356461
35.6132698
36.0401306
38.1346855
45.7112236
48.6689529
45.6562347
38.2890053
32.2927780
28.7665691
24.5259075
23.5333672
23.1315956
20.8629456
16.7263794
11.8582029
10.4117136
26.6023560
40.6035957
35.8780594
20.0442200
11.4867201
7.4164686
8.2520370
10.3794155
18.3709660
56.3755302
107.0789032
119.4040909
78.3103561
35.4083595
18.2288380
18.8380585
20.8127861
19.1917324
13.5027847
9.3643885
5.3583145
10.2389088
18.7492657
25.1635036
48.8328629
67.3728485
82.7626038
102.9425659
98.0069122
76.3610764
57.4216118
95.2692947
100.3234558
77.4271545
55.3832817
45.2241020
38.3790169
28.9964104
32.5447388
31.8560810
20.6379642
14.8168449
11.7804337
6.6373091
2.5001268
0.4438410
1.0315173
26.5642529
82.7597046
119.0231400
103.5113983
62.7115631
44.0665817
37.3587189
43.2830849
42.0776939
24.8615265
9.4175272
1.6743200
0.4855244
1.2540810
7.0587788
15.5205584
18.3133564
15.5391560
9.5327072
4.7208166
4.2918921
12.4274940
25.6857948
32.2985497
26.7389545
21.2821102
22.9773846
34.7703629
34.0203819
24.6942444
17.6953831
17.4765339
32.5396385
23.0861969
6.6389332
4.3224440
18.3552589
46.4444923
56.9950256
33.9303970
22.0564251
19.4788704
20.6474762
15.8291349
11.6137142
12.7495632
22.0418053
22.4110527
17.5962162
6.4388280
0.6647507
1.6962161
9.6834345
17.6351776
16.9306526
14.6176929
23.1252537
40.1799355
54.7736778
56.6940002
41.0723648
17.9211979
4.4164147
0.9732746
1.9941912
9.9762440
25.0457478
28.2084064
19.9807091
12.4283113
8.0147791
5.1831770
3.8570833
3.3978500
3.4102921
2.6891041
2.2231710
1.6942974
1.9254041
1.6074400
1.2601136
0.8173773
0.7368529
0.7253610
0.5472671
0.3475046
0.3659605
0.3547823
4.4949827
16.8657742
29.1500740
39.4194374
46.6371422
43.5133018
29.0193577
19.5734520
23.0764542
24.1418324
12.9500608
5.1738715
20.6191864
48.7832680
55.6044540
27.5346718
6.3242192
3.7539454
5.2871037
5.7776980
12.9452438
33.0747604
47.9445801
38.2504311
19.3448963
11.3069525
8.3733377
5.5433092
3.2411847
3.3043828
4.2811837
2.7843664
2.4547839
1.9448035
7.4995084
25.4239483
41.3701439
44.4710960
42.6127357
43.1216431
48.4080467
35.6285553
14.3708963
18.5976791
23.1133747
29.5696411
33.0585175
31.6679077
31.4960785
20.7851009
12.5951614
6.0273523
3.9465365
5.8624635
2.6086600
7.0266113
11.8102674
14.0540781
16.2804394
18.8998451
18.8469009
14.8550949
8.9420185
3.6602712
1.6056231
11.0333195
48.7291374
68.7265396
37.8005180
5.1070728
0.7782770
1.6726102
14.3102388
42.4464912
47.4148407
34.1266899
21.8804436
19.5802593
23.6238213
23.4229813
13.2165871
4.0416265
0.7639573
0.5676882
1.8059770
12.3762369
30.9470825
32.4839325
20.7717342
10.9912252
6.4609151
4.7462378
4.5596910
2.9101551
1.8464528
1.1284976
0.8129428
0.8488312
0.4505168
0.1541997
0.0134651
0.0005218
0.0000000
0.0000000
0.0000000
0.0000000
0.0000000
0.0000000
0.0000000
0.0000000
0.0000000
0.0000000
0.0000000
0.0000000
0.0000000
0.0000000
0.0000000
0.0000000
0.0000000
0.0000000
0.0000000
0.0000000
0.0000000
0.0000000
0.0000000
0.0000000
0.0000000
0.0000000
0.0000000
0.0000000
0.0000000
0.0000000
0.0000000
0.0000000
0.0000000
0.0000000
0.0000000
0.0000000
0.0000000
0.0000000
0.0000000
0.0000000
0.0000000
0.0000000
0.0000000
0.0000000
0.0000000
0.0000000
0.0000000
0.0000000
0.0000000
0.0000000
0.0000000
0.0000000
0.0000000
0.0000000
0.0000000
0.0000000
0.0000000
0.0000000
0.0000000
0.0000000
0.0000000
0.0000000
0.0000000
0.0000000
0.0000000
0.0000000
0.0000000
0.0000000
0.0000000
0.0000000
0.0000000
0.0000000
0.0000000
0.0000000
0.0000000
0.0000000
0.0000000
0.0000000
0.0000000
0.0000000
0.0000000
0.0000000
0.0000000
0.0000000
0.0000000
0.0000000
0.0000000
0.0000000
0.0000000
0.0000000
0.0000000
0.0000000
0.0000000
0.0000000
0.0000000
0.0000000
0.0000000
0.0000000
0.0000000
0.0000000
0.0000000
0.0000000
0.0000000
0.0000000
0.0000000
0.0000000
0.0000000
0.0000000
0.0000000
0.0000000
0.0000000
0.0000000
0.0000000
0.0000000
0.0000000
0.0000000
0.0000000
0.0000000
0.0000000
0.0000000
0.0000000
0.0000000
0.0000000
0.0000000
0.0000000
0.0000000
0.0000000
0.0000000
0.0000000
0.0000000
0.0000000
0.0000000
0.0000000
0.0000000
0.0000000
0.0000000
0.0000000
0.0000000
0.0000000
0.0000000
0.0000000
0.0000000
0.0000000
0.0000000
0.0000000
0.0000000
0.0000000
0.0000000
0.0000000
0.0000000
0.0000000
0.0000000
0.0000000
0.0000000
0.0000000
0.0000000
0.0000000
0.0000000
0.0000000
0.0000000
0.0000000
0.0000000
0.0000000
0.0000000
0.0000000
0.0000000
0.0000000
0.0000000
0.0000000
0.0000000
0.0000000
0.0000000
0.0000000
0.0000000
0.0000000
0.0000000
0.0000000
0.0000000
0.0000000
0.0000000
0.0000000
0.0000000
0.0000000
0.0000000
0.0000000
0.0000000
0.0000000
0.0000000
0.0000000
0.0000000
0.0000000
0.0000000
0.0000000
0.0000000
0.0000000
0.0000000
0.0000000
0.0000000
0.0000000
0.0000000
0.0000000
0.0000000
0.0000000
0.0000000
0.0000000
0.0000000
0.0000000
0.0000000
0.0000000
0.0000000
0.0000000
0.0000000
0.0000000
0.0000000
0.0000000
0.0000000
0.0000000
0.0000000
0.0000000
0.0000000
0.0000000
0.0000000
0.0000000
0.0000000
0.0000000
0.0000000
0.0000000
0.0000000
0.0000000
0.0000000
0.0000000
0.0000000
0.0000000
0.0000000
0.0000000
0.0000000
0.0000000
0.0000000
0.0000000
0.0000000
0.0000000
0.0000000
0.0000000
0.0000000
0.0000000
0.0000000
0.0000000
0.0000000
0.0000000
0.0000000
0.0000000
0.0000000
0.0000000
0.0000000
0.0000000
0.0000000
0.0000000
0.0000000
0.0000000
0.0000000
0.0000000
0.0000000
0.0000000
0.0000000
0.0000000
0.0000000
0.0000000
0.0000000
0.0000000
0.0000000
0.0000000
0.0000000
0.0000000
0.0000000
0.0000000
0.0000000
0.0000000
0.0000000
0.0000000
0.0000000
0.0000000
0.0000000
0.0000000
0.0000000
0.0000000
0.0000000
0.0000000
0.0000000
0.0000000
0.0000000
0.0000000
0.0000000
0.0000000
0.0000000
0.0000000
0.0000000
0.0000000
0.0000000
0.0000000
0.0000000
0.0000000
0.0000000
0.0000000
0.0000000
0.0000000
0.0000000
0.0000000
0.0000000
0.0000000
0.0000000
0.0000000
0.0000000
0.0000000
0.0000000
0.0000000
0.0000000
0.0000000
0.0000000
0.0000000
0.0000000
0.0000000
0.0000000
0.0000000
0.0000000
0.0000000
0.0000000
0.0000000
0.0000000
0.0000000
0.0000000
0.0000000
0.0000000
0.0000000
0.0000000
0.0000000
0.0000000
0.0000000
0.0000000
0.0000000
0.0000000
0.0000000
0.0000000
0.0000000
0.0000000
0.0000000
0.0000000
0.0000000
0.0000000
0.0000000
0.0000000
0.0000000
0.0000000
0.0000000
0.0000000
0.0000000
0.0000000
0.0000000
0.0000000
0.0000000
0.0000000
0.0000000
0.0000000
0.0000000
0.0000000
0.0000000
0.0000000
0.0000000
0.0000000
0.0000000
0.0000000
0.0000000
0.0000000
0.0000000
0.0000000
0.0000000
0.0000000
0.0000000
0.0000000
0.0000000
0.0000000
0.0000000
0.0000000
0.0000000
0.0000000
0.0000000
0.0000000
0.0000000
0.0000000
0.0000000
0.0000000
0.0000000
0.0000000
0.0000000
0.0000000
0.0000000
0.0000000
0.0000000
0.0000000
0.0000000
0.0000000
0.0000000
0.0000000
0.0000000
0.0000000
0.0000000
0.0000000
0.0000000
0.0000000
0.0000000
0.0000000
0.0000000
0.0000000
0.0000000
0.0000000
0.0000000
0.0000000
0.0000000
0.0000000
0.0000000
0.0000000
0.0000000
0.0000000
0.0000000
0.0000000
0.0000000
0.0000000
0.0000000
0.0000000
0.0000000
0.0000000
0.0000000
0.0000000
0.0000000
0.0000000
0.0000000
0.0000000
0.0000000
0.0000000
0.0000000
0.0000000
0.0000000
0.0000000
0.0000000
0.0000000
0.0000000
0.0000000
0.0000000
0.0000000
0.0000000
0.0000000
0.0000000
0.0000000
0.0000000
0.0000000
0.0000000
0.0000000
0.0000000
0.0000000
0.0000000
0.0000000
0.0000000
0.0000000
0.0000000
0.0000000
0.0000000
0.0000000
0.0000000
0.0000000
0.0000000
0.0000000
0.0000000
0.0000000
0.0000000
0.0000000
0.0000000
0.0000000
0.0000000
0.0000000
0.0000000
0.0000000
0.0000000
0.0000000
0.0000000
0.0000000
0.0000000
0.0000000
0.0000000
0.0000000
0.0000000
0.0000000
0.0000000
0.0000000
0.0000000
0.0000000
0.0000000
0.0000000
0.0000000
0.0000000
0.0000000
0.0000000
0.0000000
0.0000000
0.0000000
0.0000000
0.0000000
0.0000000
0.0000000
0.0000000
0.0000000
0.0000000
0.0000000
0.0000000
0.0000000
0.0198589
0.3704804
1.1311934
1.6801986
1.6344386
1.2103090
0.8492018
1.0893635
2.2508531
2.7249289
1.5937564
0.6492722
1.2242392
9.7419024
31.2350712
53.2196236
58.6820297
39.6436424
15.3208694
5.3253078
6.2460537
25.1292725
82.3213577
119.2733612
122.7960968
119.7608795
118.0321960
96.5934219
56.3432274
17.8581867
6.5456204
1.3267908
12.6514435
34.7371483
58.1852112
76.1974106
73.9896622
53.6324692
23.4625549
13.8578615
2.3177974
0.6568230
0.4966051
0.2724987
0.2060211
0.2563180
0.5066041
0.4541948
0.5706450
0.7361420
2.7310758
8.4632645
12.3426580
9.5979252
4.2496510
5.0241828
26.1843719
80.2633591
122.3895416
113.1327209
61.0633774
28.4785004
13.0309181
8.1391716
5.4175816
8.2066526
38.7938728
67.6218643
61.8196144
40.6625099
32.0748901
36.4116020
47.2991142
50.6524048
41.4007950
33.1841583
28.8738270
44.1360550
54.0694427
56.4275398
71.3814468
93.6186676
97.7337036
79.7622528
57.2227478
33.9393921
26.9940853
42.9478264
40.7287140
40.4194374
47.8217735
54.9466591
55.5570107
49.4014282
40.2171669
19.0806484
50.3244743
69.6756134
72.9009247
72.7765427
71.7605591
65.7900620
51.7589226
36.8298721
30.1986637
18.1214523
15.9029589
15.4949369
8.2943621
11.7977028
9.6373291
7.7438307
11.9909077
20.4371548
26.0630417
31.3809605
36.2883720
37.9118385
33.7374458
25.2390308
18.5574341
13.9394417
9.5740519
3.2737761
0.5750630
0.5523694
6.9514551
22.9730816
29.2822876
25.6065636
19.0569115
12.9853992
8.8442192
7.3930664
6.9679894
7.7222180
7.1594353
6.4641399
6.5369310
5.6288929
4.7740846
4.4764800
4.1114011
3.6734180
3.3820205
2.8774409
2.7635891
2.8784866
2.5961599
1.9986067
2.2851686
2.9149942
3.5778108
5.4003873
14.1612730
28.9915848
36.2380409
29.4360790
18.3207817
12.6238480
14.9643478
17.3863258
32.4323845
48.1352882
34.9723969
14.6434660
1.4328871
0.3677222
2.5516450
14.4858007
34.1895905
33.1467400
27.4649181
29.6731968
28.7425995
18.5014324
10.9575825
6.9167290
13.4086018
27.7278271
38.0216522
20.7899590
14.9313564
22.8459606
21.9098969
15.1342239
13.1823044
15.8237543
15.4471111
11.7232752
12.9007282
18.7674541
25.9399261
33.3862801
36.2025871
25.9601917
16.9991264
14.1610050
11.2252502
13.1744833
27.8402042
27.5048141
18.7776985
13.1673899
15.4562397
22.1217327
41.8633156
44.2838554
26.7478657
7.2555342
3.9394536
7.0066648
6.5346622
3.6605766
2.2468338
2.8399920
5.6167002
8.7752151
7.4845743
2.2949553
0.4102216
0.2833273
0.2829069
1.3413314
11.6097927
23.2013550
29.0630970
27.1567497
19.1807747
12.6607437
10.7094870
10.2863970
10.1821957
8.2972641
7.4055319
9.0458870
14.5831518
19.5324860
21.2974281
28.5993919
34.3868790
27.2449856
14.1776628
5.5328832
2.0697520
5.0334496
9.3369198
12.9915314
13.8385916
10.0285645
6.2112665
4.9245472
5.9910121
6.0256290
6.5701733
6.4509487
5.1035428
3.7018483
3.2624593
3.4815578
3.5768752
3.2231398
2.9339433
2.1018171
1.1990772
0.5776770
0.3074329
0.4610161
1.6242515
3.6046634
4.6634817
5.7066908
7.0457168
7.8884077
7.8276639
7.7739859
7.5068636
7.5914693
9.3721094
10.3383703
7.8555636
4.8841171
3.3082271
2.4975064
1.7698464
1.3425833
0.9462336
0.6753992
1.4764748
8.8831739
18.8382416
24.7588787
23.9417953
16.0086670
7.7537041
3.1212177
6.3681955
14.6799679
19.1382313
16.1716347
11.7580385
8.2261610
4.8181963
3.8302512
4.7027545
6.5969877
8.2928429
7.8173609
9.3290300
13.7357826
16.3951244
15.8315144
14.9802256
20.0865288
28.1004982
31.7469006
29.6030922
25.7175026
22.9845314
25.1644821
20.1936398
12.3643732
17.2925014
15.2899141
5.8081422
1.5134302
0.1437599
0.2452410
0.7170230
4.2515392
12.9441395
18.3064461
18.5604668
17.3520031
15.4801083
10.7369356
6.4283333
5.4240832
5.1060386
5.1455727
4.6434045
5.0161037
5.7216702
6.1467505
5.7825799
5.0898714
4.1865997
4.2542357
3.8902383
2.7858229
1.9838364
1.6345153
1.2527494
0.9800503
0.6207991
0.5641770
0.4655377
0.1651296
0.0233081
0.0042034
0.0000274
0.0000000
0.0000000
0.0000000
0.0000000
0.0000000
0.0000000
0.0000000
0.0000000
0.0000000
0.0000000
0.0000000
0.0000000
0.0000000
0.0000000
0.0000000
0.0000000
0.0000000
0.0000000
0.0000000
0.0000000
0.0000000
0.0000000
0.0000000
0.0000000
0.0000000
0.0000000
0.0000000
0.0000000
0.0000000
0.0000000
0.0000000
0.0000000
0.0000000
0.0000000
0.0000000
0.0000000
0.0000000
0.0000000
0.0000000
0.0000000
0.0000000
0.0000000
0.0000000
0.0000000
0.0000000
0.0000000
0.0000000
0.0000000
0.0000000
0.0000000
0.0000000
0.0000000
0.0000000
0.0000000
0.0000000
0.0000000
0.0000000
0.0000000
0.0000000
0.0000000
0.0000000
0.0000000
0.0000000
0.0000000
0.0000000
0.0000000
0.0000000
0.0000000
0.0000000
0.0000000
0.0000000
0.0000000
0.0000000
0.0000000
0.0000000
0.0000000
0.0000000
0.0000000
0.0000000
0.0000000
0.0000000
0.0000000
0.0000000
0.0000000
0.0000000
0.0000000
0.0000000
0.0000000
0.0000000
0.0000000
0.0000000
0.0000000
0.0000000
0.0000000
0.0000000
0.0000000
0.0000000
0.0000000
0.0000000
0.0000000
0.0000000
0.0000000
0.0000000
0.0000000
0.0000000
0.0000000
0.0000000
0.0000000
0.0000000
0.0000000
0.0000000
0.0000000
0.0000000
0.0000000
0.0000000
0.0000000
0.0000000
0.0000000
0.0000000
0.0000000
0.0000000
0.0000000
0.0000000
0.0000000
0.0000000
0.0000000
0.0000000
0.0000000
0.0000000
0.0000000
0.0000000
0.0000000
0.0000000
0.0000000
0.0000000
0.0000000
0.0000000
0.0000000
0.0000000
0.0000000
0.0000000
0.0000000
0.0000000
0.0000000
0.0000000
0.0000000
0.0000000
0.0000000
0.0000000
0.0000000
0.0000000
0.0000000
0.0000000
0.0000000
0.0000000
0.0000000
0.0000000
0.0000000
0.0000000
0.0000000
0.0000000
0.0000000
0.0000000
0.0000000
0.0000000
0.0000000
0.0000000
0.0000000
0.0000000
0.0000000
0.0000000
0.0000000
0.0000000
0.0000000
0.0000000
0.0000000
0.0000000
0.0000000
0.0000000
0.0000000
0.0000000
0.0000000
0.0000000
0.0000000
0.0000000
0.0000000
0.0000000
0.0000000
0.0000000
0.0000000
0.0000000
0.0000000
0.0000000
0.0000000
0.0000000
0.0000000
0.0000000
0.0000000
0.0000000
0.0000000
0.0000000
0.0000000
0.0000000
0.0000000
0.0000000
0.0000000
0.0000000
0.0000000
0.0000000
0.0000000
0.0000000
0.0000000
0.0000000
0.0000000
0.0000000
0.0000000
0.0000000
0.0000000
0.0000000
0.0000000
0.0000000
0.0000000
0.0000000
0.0000000
0.0000000
0.0000000
0.0000000
0.0000000
0.0000000
0.0000000
0.0000000
0.0000000
0.0000000
0.0000000
0.0000000
0.0000000
0.0000000
0.0000000
0.0000000
0.0000000
0.0000000
0.0000000
0.0000000
0.0000000
0.0000000
0.0000000
0.0000000
0.0000000
0.0000000
0.0000000
0.0000000
0.0000000
0.0000000
0.0000000
0.0000000
0.0000000
0.0000000
0.0000000
0.0000000
0.0000000
0.0000000
0.0000000
0.0000000
0.0000000
0.0000000
0.0000000
0.0000000
0.0000000
0.0000000
0.0000000
0.0000000
0.0000000
0.0000000
0.0000000
0.0000000
0.0000000
0.0000000
0.0000000
0.0000000
0.0000000
0.0000000
0.0000000
0.0000000
0.0000000
0.0000000
0.0000000
0.0000000
0.0000000
0.0000000
0.0000000
0.0000000
0.0000000
0.0000000
0.0000000
0.0000000
0.0000000
0.0000000
0.0000000
0.0000000
0.0000000
0.0000000
0.0000000
0.0000000
0.0000000
0.0000000
0.0000000
0.0000000
0.0000000
0.0000000
0.0000000
0.0000000
0.0000000
0.0000000
0.0000000
0.0000000
0.0000000
0.0000000
0.0000000
0.0000000
0.0000000
0.0000000
0.0000000
0.0000000
0.0000000
0.0000000
0.0000000
0.0000000
0.0000000
0.0000000
0.0000000
0.0000000
0.0000000
0.0000000
0.0000000
0.0000000
0.0000000
0.0000000
0.0000000
0.0000000
0.0000000
0.0000000
0.0000000
0.0000000
0.0000000
0.0000000
0.0000000
0.0000000
0.0000000
0.0000000
0.0000000
0.0000000
0.0000000
0.0000000
0.0000000
0.0000000
0.0000000
0.0000000
0.0000000
0.0000000
0.0000000
0.0000000
0.0910771
0.5905571
1.3823277
1.9048092
1.8663988
1.4958525
1.2379372
1.2331882
1.5800871
2.1750972
2.7672801
3.2486892
3.0856702
2.1350009
1.1159351
1.9070377
3.9690547
8.9180536
28.9442101
58.4778976
73.2772369
68.4062347
49.0240746
31.6085491
18.5419636
17.4370556
36.2888489
40.1477737
29.5503197
25.1288662
21.8923531
20.4616718
21.2996597
36.4417915
64.6492615
69.7701416
46.2149239
20.3781929
19.5660133
16.6709576
16.0940323
19.4244194
52.6754112
88.3003922
70.8806000
20.9856033
3.2997255
1.0080770
1.0815594
10.6549168
37.4241638
53.7910919
54.9409904
52.1252632
62.2363510
84.1592560
101.4171982
99.9272537
87.7218323
81.8289719
108.3279190
140.1739807
100.0541458
40.9182549
56.5031662
104.5975113
135.8493500
135.4930573
141.4865875
118.9953918
67.1288605
32.5019608
20.5600796
28.1552143
38.2016525
45.5795174
39.6591187
35.7751961
35.0896416
29.5265808
24.2947636
22.2752094
20.4105186
13.7461872
7.6328015
7.0624361
12.0500154
29.8877945
55.2829895
60.5196953
40.2911987
34.9601364
43.1670189
54.7888908
47.0093040
29.2097359
16.5113792
20.4591141
19.5888557
20.0612545
36.5040436
42.3499794
23.3145943
12.9745150
23.7965927
41.1318626
55.9319115
62.2635651
60.3881340
50.0841827
34.2769356
34.9548721
31.0525417
16.1723633
10.0481148
6.4484448
4.3027802
11.3812494
24.0065498
35.2469482
35.0996895
23.3584843
14.5418034
25.7323399
49.5277557
65.9910431
73.4584961
67.2112579
58.2856598
46.5603447
37.0000839
35.8504219
40.2623291
42.4049377
35.8557663
25.2231483
14.5162773
6.4425435
8.7544193
4.4638891
1.2646332
0.5549310
0.3992224
1.4597986
4.3129096
6.0995684
6.0673933
6.0709524
6.7497349
7.4592295
6.4289265
5.7057366
4.7523813
3.5001080
3.5208461
4.0007620
3.9880943
3.5839190
2.9414163
1.9203881
0.8477489
0.4697363
0.3236786
0.3447161
0.5256878
4.8875170
23.9290848
44.6640091
49.2752075
47.1296158
53.5137939
59.2042694
65.1514816
78.1351471
86.7390213
85.5827942
60.0073929
27.6898193
21.8525753
15.3258801
13.2944136
11.1257925
13.7675323
34.6421585
53.0516853
55.1064415
38.0765839
19.0542221
18.6133881
20.0172806
6.3695664
0.6347178
0.1221733
0.0498291
0.1700745
0.9058398
0.5768586
0.4186313
0.4987112
0.7270116
17.2296314
95.6710205
203.9054108
248.6958923
217.0528412
213.2086792
218.6962433
194.9052582
149.6833649
111.7681656
86.1535187
78.9308243
75.9203873
67.3449020
54.9926147
50.0402603
65.5605927
56.0952873
51.2482567
78.1767731
106.5525970
95.5560150
65.3265610
29.0418320
19.9186668
39.9345360
44.5794601
46.1915894
28.7693844
24.8928757
20.4133606
24.3161926
38.8746719
63.9812050
63.1401329
44.8134346
45.2036934
66.4153824
72.2876511
68.0081940
67.7002258
65.6706543
57.9309425
56.2316132
52.3408203
40.1239357
22.0782528
14.2809315
15.0833483
13.0796223
13.1949606
11.6486759
10.7819395
18.5551758
45.1376152
67.8026962
61.9764862
37.0428467
21.2447243
16.6373730
12.2953987
7.4584708
2.6574452
6.2195387
17.0588913
22.9197960
16.0133190
19.2189941
34.1188774
42.3915672
44.8653030
44.5148201
42.2938156
33.3511887
18.1417065
13.0177412
13.7679300
10.6100569
8.6996679
10.4773912
9.4057598
8.1899729
7.1811209
6.9960556
6.1460805
12.2165432
26.0070553
38.6840668
37.4045448
27.6627922
21.7569866
14.0459948
7.6467018
4.3059030
3.5412300
6.7678752
25.0519466
50.7805176
53.0722122
44.0729828
41.1521339
37.9839134
32.4065933
26.8723106
23.8860626
23.9434605
25.5427361
25.5513649
25.0667572
23.8811836
21.0092716
18.2028561
12.2163544
8.1077204
10.0484390
18.5108223
25.2125912
43.1674080
72.0003281
86.9778824
79.7058105
58.5192833
45.1714401
36.9152451
23.6065121
13.2715540
21.5596561
24.1088753
18.4149170
10.2126245
6.3597169
14.2735014
22.2550125
49.1755066
86.7840271
104.7292175
95.8639679
89.1624603
75.5497360
48.4651680
29.9270897
16.4690914
3.7452049
0.4022096
0.3259328
10.0908432
32.9205208
40.8534622
32.1620903
34.7175941
44.1919861
36.9627266
13.8639965
2.8626056
1.5801916
1.4771069
1.7080714
0.9066186
0.6384323
0.7003784
2.2288537
15.0687981
28.6363335
30.4919739
31.5313339
34.2667694
27.4422092
14.1634121
7.5720773
6.6926084
12.9241028
30.3150177
48.7505493
62.7829857
64.9710388
47.7883873
22.9571857
5.3685765
0.2823747
0.5500814
10.2216358
28.5113487
30.8555603
25.7919216
34.8658943
37.6847954
23.9772053
16.8519478
15.7393360
29.9474277
45.4089890
36.4638519
16.0463428
3.6803393
0.1967380
0.1922732
1.2103164
8.5803013
15.0324450
23.4042950
39.2598419
47.7253571
47.0169334
72.4112396
111.3843384
134.2269135
128.2973633
101.8992386
74.5038376
74.8238831
59.7274170
42.5057564
25.1657848
11.1453028
2.6096539
1.5548495
1.2393296
2.7133124
3.3615894
1.3771424
0.5429125
0.3252356
2.8478613
14.3334093
24.8614349
28.7687416
31.0016136
30.9428272
24.0687962
14.4327583
8.3479462
6.0999150
4.3707614
1.6542494
3.8505077
15.0502796
31.0543480
34.0271301
31.6442375
34.0119781
34.3625870
23.8907814
14.5446119
6.9768295
2.8459802
0.5253462
0.3958418
0.3477625
0.4908556
0.3457208
0.9956590
8.3105211
18.2487297
18.0705795
7.7939610
3.0498469
2.9973226
3.0765026
2.8292906
2.0554838
1.5993806
1.1419114
0.7060968
0.7186943
0.6467125
0.5615602
0.2827775
0.4825768
1.1102380
2.5836434
4.1430893
5.5620737
7.4115949
9.2073326
10.3344851
9.9480915
8.6672812
7.4268322
6.9444408
7.3973055
7.3188334
7.0998559
5.7054281
5.0737643
4.5110822
2.7410295
1.3730947
0.8335803
8.2019577
37.9958229
73.6249542
119.5645752
153.8173676
116.9404221
47.8098869
25.6308498
18.3029022
19.4271317
17.7825584
26.2498226
24.0442524
12.4146843
7.4009666
9.3971739
13.2574425
42.2364311
96.2998581
139.3898773
151.5618896
151.3382721
122.2957687
77.0950241
50.1864243
37.9037399
49.5148582
32.3274498
13.3248882
21.2205849
32.6787682
39.7818871
51.2817307
72.3475342
80.8192673
66.1806870
31.3676777
15.3491392
5.1972837
6.6603060
14.9757490
45.1995239
85.9406815
101.4860916
89.6010666
61.4594269
36.9347610
22.3299866
11.6942587
1.4779686
0.2760098
0.0291739
5.2363024
28.0543747
31.9920464
18.6988010
8.9132576
5.3858585
5.7450237
12.7378845
14.3110752
14.0854378
10.1479950
7.2840362
6.9976778
15.3476543
31.7843456
37.7852058
27.9097176
19.1184292
13.4685297
10.5375080
4.9295621
0.7139965
8.7611456
45.8052864
82.1649475
66.9305191
35.7479973
18.0315075
9.3660965
6.0481906
5.2779794
3.4855461
9.5524893
19.1863251
20.0076656
21.4572468
32.3514214
39.3501816
46.3409348
47.9438896
34.8987579
23.8591938
22.8889179
11.9962196
3.3000653
3.3170886
2.1145759
4.8619123
17.3563156
28.1441021
30.7298298
26.2026634
24.1537418
22.1487770
21.4749184
22.4889717
23.9799385
23.1482716
21.5662918
19.8435822
17.9142017
12.6134453
4.8846164
7.5813484
18.2271557
26.5553436
38.3360367
52.7471733
48.6624413
29.6822090
20.0943813
16.1838493
17.3044014
12.2786055
7.2791557
5.8099689
6.0007801
9.4838562
10.4606743
8.7266474
8.6649427
18.7589817
45.2803955
78.2524033
93.0524673
81.0291901
57.0979500
35.6099854
25.3496876
25.3312244
38.5037003
49.6783180
43.6719933
35.3532829
36.2349968
36.0244560
39.0936470
47.0788231
50.2150726
37.6663322
18.5873146
16.9939232
21.8262062
16.6493721
8.7483177
6.2876406
6.7539439
12.9754210
36.6541328
47.9750824
42.1727982
42.7114067
35.7317352
14.3169308
1.3158752
0.7441295
1.7854745
3.8045611
2.7921360
1.1406463
4.8164654
15.9742785
21.0490971
15.4242163
9.6338062
5.2994666
2.2993703
9.1387520
17.1598129
10.0994291
3.0449667
5.2752137
10.4439278
11.7618580
11.4941730
10.5996208
6.1604824
1.7642245
3.8729749
7.1987162
3.3427525
0.2334803
0.1398600
0.2606639
0.3574889
0.5395241
0.6152193
0.8533949
1.4511817
12.1063080
32.7191544
44.6780853
41.7694588
35.4169197
40.4988556
53.4130592
68.0458679
72.8860092
58.6958656
41.5353127
22.4807167
24.3726749
9.5194559
0.8737886
0.1472785
0.5201798
6.8727221
24.3520947
39.0946121
39.1400108
23.3616943
10.8789625
8.7790079
10.2301321
13.1721516
13.3294220
11.0064602
8.0995665
5.8397055
5.3454909
5.2951946
6.1699867
5.8454370
5.3096800
4.7560768
4.1688023
4.1724138
4.1459355
3.6900873
2.9885175
2.1732700
2.0790205
2.4132454
2.5770736
2.2595396
2.7237408
11.5877733
30.3384190
43.4351273
38.2567749
21.4596138
15.4476728
11.6478949
12.7408104
16.4717388
18.4954739
14.7357798
3.7545505
0.4219016
0.2019610
0.2644971
0.3044366
0.5503784
2.0733542
12.3015747
26.1613235
35.2474976
46.8883629
59.3836365
53.5769730
21.8492928
2.7530704
1.2840765
0.2836868
1.0219960
12.0523872
29.7458458
40.2549667
40.7158203
30.9571018
20.7548656
18.2150879
17.0990124
12.9242840
9.6004906
7.9651461
7.3949490
7.1001062
6.7697268
7.2158222
7.9277773
8.7825756
7.5845547
6.3394165
6.0083098
6.4743404
8.2078362
9.1993389
8.7897921
7.0138879
4.9185300
4.8278322
5.2511778
5.9523821
5.5684156
5.2521191
5.8259363
6.7300525
7.2798381
6.7880177
7.4530678
7.9139762
4.7016878
1.3620380
1.0924203
1.5481461
1.8957055
2.2133069
2.1995635
2.2340503
1.9395690
1.5227852
1.2071599
0.7276708
0.4960234
0.5837193
0.9803515
1.3403196
1.0684936
0.5419058
0.1389810
0.0253396
0.0013232
0.0000000
0.0000000
0.0000000
0.0000000
0.0000000
0.0000000
0.0000000
0.0000000
0.0000000
0.0000000
0.0000000
0.0000000
0.0000000
0.0000000
0.0000000
0.0000000
0.0000000
0.0000000
0.0000000
0.0000000
0.0000000
0.0000000
0.0000000
0.0000000
0.0000000
0.0000000
0.0000000
0.0000000
0.0000000
0.0000000
0.0000000
0.0000000
0.0000000
0.0000000
0.0000000
0.0000000
0.0000000
0.0000000
0.0000000
0.0000000
0.0000000
0.0000000
0.0000000
0.0000000
0.0000000
0.0000000
0.0000000
0.0000000
0.0000000
0.0000000
0.0000000
0.0000000
0.0000000
0.0000000
0.0000000
0.0000000
0.0000000
0.0000000
0.0000000
0.0000000
0.0000000
0.0000000
0.0000000
0.0000000
0.0000000
0.0000000
0.0000000
0.0000000
0.0000000
0.0000000
0.0000000
0.0000000
0.0000000
0.0000000
0.0000000
0.0000000
0.0000000
0.0000000
0.0000000
0.0000000
0.0000000
0.0000000
0.0000000
0.0000000
0.0000000
0.0000000
0.0000000
0.0000000
0.0000000
0.0000000
0.0000000
0.0000000
0.0000000
0.0000000
0.0000000
0.0000000
0.0000000
0.0000000
0.0000000
0.0000000
0.0000000
0.0000000
0.0000000
0.0000000
0.0000000
0.0000000
0.0000000
0.0000000
0.0000000
0.0000000
0.0000000
0.0000000
0.0000000
0.0000000
0.0000000
0.0000000
0.0000000
0.0000000
0.0000000
0.0000000
0.0000000
0.0000000
0.0000000
0.0000000
0.0000000
0.0000000
0.0000000
0.0000000
0.0000000
0.0000000
0.0000000
0.0000000
0.0000000
0.0000000
0.0000000
0.0000000
0.0000000
0.0000000
0.0000000
0.0000000
0.0000000
0.0000000
0.0000000
0.0000000
0.0000000
0.0000000
0.0000000
0.0000000
0.0000000
0.0000000
0.0000000
0.0000000
0.0000000
0.0000000
0.0000000
0.0000000
0.0000000
0.0000000
0.0000000
0.0000000
0.0000000
0.0000000
0.0000000
0.0000000
0.0000000
0.0000000
0.0000000
0.0000000
0.0000000
0.0000000
0.0000000
0.0000000
0.0000000
0.0000000
0.0000000
0.0000000
0.0000000
0.0000000
0.0000000
0.0000000
0.0000000
0.0000000
0.0000000
0.0000000
0.0000000
0.0000000
0.0000000
0.0000000
0.0000000
0.0000000
0.0000000
0.0000000
0.0000000
0.0000000
0.0000000
0.0000000
0.0000000
0.0000000
0.0000000
0.0000000
0.0000000
0.0000000
0.0000000
0.0000000
0.0000000
0.0000000
0.0000000
0.0000000
0.0000000
0.0000000
0.0000000
0.0000000
0.0000000
0.0000000
0.0000000
0.0000000
0.0000000
0.0000000
0.0000000
0.0000000
0.0000000
0.0000000
0.0000000
0.0000000
0.0000000
0.0000000
0.0000000
0.0000000
0.0000000
0.0000000
0.0000000
0.0000000
0.0000000
0.0000000
0.0000000
0.0000000
0.0000000
0.0000000
0.0000000
0.0000000
0.0000000
0.0000000
0.0000000
0.0000000
0.0000000
0.0000000
0.0000000
0.0000000
0.0000000
0.0000000
0.0000000
0.0000000
0.0000000
0.0000000
0.0000000
0.0000000
0.0000000
0.0000000
0.0000000
0.0000000
0.0000000
0.0000000
0.0000000
0.0000000
0.0000000
0.0000000
0.0000000
0.0000000
0.0000000
0.0000000
0.0000000
0.0000000
0.0000000
0.0000000
0.0000000
0.0000000
0.0000000
0.0000000
0.0000000
0.0000000
0.0000000
0.0000000
0.0000000
0.0000000
0.0000000
0.0000000
0.0000000
0.0000000
0.0000000
0.0000000
0.0000000
0.0000000
0.0000000
0.0000000
0.0000000
0.0000000
0.0000000
0.0000000
0.0000000
0.0000000
0.0000000
0.0000000
0.0000000
0.0000000
0.0000000
0.0000000
0.0000000
0.0000000
0.0000000
0.0000000
0.0000000
0.0000000
0.0000000
0.0000000
0.0000000
0.0000000
0.0000000
0.0000000
0.0000000
0.0000000
0.0000000
0.0951191
0.5381374
1.1453756
1.4235966
1.2971551
1.3377488
9.4134512
36.8837128
79.0248337
107.6865768
102.9307175
76.5020752
50.9148216
30.6007748
20.3861351
13.2876892
9.9780560
8.2057076
5.8177805
4.3255501
3.1527343
3.4851503
8.9459829
52.3010330
133.4492035
190.4064636
190.9987183
144.5615845
96.3616104
52.0967751
45.9929695
58.9701920
11.9135046
4.1412268
7.3614998
30.4118366
98.1847458
105.5367432
74.3466034
36.3768997
21.1437931
14.9180279
16.0762291
41.2540398
77.2713776
51.9886703
34.1711960
25.7353821
14.5585632
9.3214531
12.7888908
40.3905258
75.9753647
75.2185974
64.9864349
70.0784454
51.9382782
14.0233650
1.6357861
1.6903354
12.2937460
31.6356583
37.6237564
27.9781303
31.2905388
39.1118469
42.0441284
40.5254898
38.2227592
36.3170052
28.3134174
27.5176811
29.8662930
34.0630875
55.2125702
70.1610565
63.6936646
51.6679688
58.9758110
57.3384094
36.9393921
21.4680080
28.9882736
36.0619316
33.2842560
21.2603378
24.0913067
64.7802200
90.9035873
76.7684631
41.1555824
15.6502714
7.0125732
5.3764324
1.3138862
4.4325066
5.5882454
5.4200668
15.7657137
49.3976479
81.0314026
85.7575836
68.0296097
49.6867294
42.8838348
59.0059700
57.4425583
43.5848122
34.1927681
32.7143593
27.2786751
16.6960449
7.7016692
16.9208374
14.5932026
11.8254013
12.8925343
11.8548536
8.0736618
7.7266579
9.7218428
10.9944477
10.6708412
8.1837139
7.3280458
9.1990223
8.8505707
4.4800425
2.9661927
2.8374782
2.5848162
3.1478982
5.4729958
5.8036890
1.4238831
0.1909232
0.2645015
1.7316332
1.3511153
0.3855570
0.3974127
0.4655943
0.2730622
0.3083200
0.4411111
0.4961668
0.4257140
0.3869174
0.5482231
0.7355670
0.7652346
0.8934830
0.7257123
0.4211147
0.4006234
0.3668938
0.8624852
2.0612452
2.7788496
5.6589108
14.1371403
20.3931351
16.9545860
10.6195183
5.6789732
4.0188046
4.5553651
6.0007010
9.4115067
10.7749910
9.3421021
7.7437296
12.5883474
21.0997524
23.3435745
23.0809593
19.5065632
12.9452305
6.3393431
2.2367866
0.6792154
0.5354927
0.7896399
1.1917405
1.3411632
1.4761300
1.8236918
3.5026903
6.0088072
6.9255052
5.3218884
3.1179738
1.9119663
1.5645316
1.5061728
1.3240472
1.1291661
0.7519342
0.5489291
0.4832126
0.7000763
0.7356476
0.3895666
0.4406001
0.5499240
0.6552951
0.7470160
0.8593943
0.7149097
0.4812619
0.4534283
0.4264662
0.0265531
0.0015395
0.0001108
0.0000000
0.0000000
0.0000000
0.0000000
0.0000000
0.0000000
0.0000000
0.0000000
0.0000000
0.0000000
0.0000000
0.0000000
0.0000000
0.0000000
0.0000000
0.0000000
0.0000000
0.0000000
0.0000000
0.0000000
0.0000000
0.0000000
0.0000000
0.0000000
0.0000000
0.0000000
0.0000000
0.0000000
0.0000000
0.0000000
0.0000000
0.0000000
0.0000000
0.0000000
0.0000000
0.0000000
0.0000000
0.0000000
0.0000000
0.0000000
0.0000000
0.0000000
0.0000000
0.0000000
0.0000000
0.0000000
0.0000000
0.0000000
0.0000000
0.0000000
0.0000000
0.0000000
0.0000000
0.0000000
0.0000000
0.0000000
0.0000000
0.0000000
0.0000000
0.0000000
0.0000000
0.0000000
0.0000000
0.0000000
0.0000000
0.0000000
0.0000000
0.0000000
0.0000000
0.0000000
0.0000000
0.0000000
0.0000000
0.0000000
0.0000000
0.0000000
0.0000000
0.0000000
0.0000000
0.0000000
0.0000000
0.0000000
0.0000000
0.0000000
0.0000000
0.0000000
0.0000000
0.0000000
0.0000000
0.0000000
0.0000000
0.0000000
0.0000000
0.0000000
0.0000000
0.0000000
0.0000000
0.0000000
0.0000000
0.0000000
0.0000000
0.0000000
