0.0000000
0.0000000
0.0000000
0.0000000
0.0000000
0.0000000
0.0000000
0.0000000
0.0000000
0.0000000
0.0000000
0.0000000
0.0000000
0.0000000
0.0000000
0.0000000
0.0000000
0.0000000
0.0000000
0.0000000
0.0000000
0.0000000
0.0000000
0.0000000
0.0000000
0.0000000
0.0000000
0.0000000
0.0000000
0.0000000
0.0000000
0.0000000
0.0000000
0.0000000
0.0000000
0.0000000
0.0000000
0.0000000
0.0000000
0.0000000
0.0000000
0.0000000
0.0000000
0.0000000
0.0000000
0.0000000
0.0000000
0.0000000
0.0000000
0.0000000
0.0000000
0.0000000
0.0000000
0.0000000
0.0000000
0.0000000
0.0000000
0.0000000
0.0000000
0.0000000
0.0000000
0.0000000
0.0000000
0.0000000
0.0000000
0.0000000
0.0000000
0.0000000
0.0000000
0.0000000
0.0000000
0.0000000
0.0000000
0.0000000
0.0000000
0.0000000
0.0000000
0.0000000
0.0000000
0.0000000
0.0000000
0.0000000
0.0000000
0.0000000
0.0000000
0.0000000
0.0000000
0.0000000
0.0000000
0.0000000
0.0000000
0.0000000
0.0000000
0.0000000
0.0000000
0.0000000
0.0000000
0.0000000
0.0000000
0.0000000
0.0000000
0.0000000
0.0000000
0.0000000
0.0000000
0.0000000
0.0000000
0.0000000
0.0000000
0.0000000
0.0000000
0.0000000
0.0000000
0.0000000
0.0000000
0.0000000
0.0000000
0.0000000
0.0000000
0.0000000
0.0000000
0.0000000
0.0000000
0.0000000
0.0000000
0.0000000
0.0000000
0.0000000
0.0000000
0.0000000
0.0000000
0.0000000
0.0000000
0.0000000
0.0000000
0.0000000
0.0000000
0.0000000
0.0000000
0.0000000
0.0000000
0.0000000
0.0000000
0.0000000
0.0000000
0.0000000
0.0000000
0.0000000
0.0000000
0.0000000
0.0000000
0.0000000
0.0000000
0.0000000
0.0000000
0.0000000
0.0000000
0.0000000
0.0000000
0.0000000
0.0000000
0.0000000
0.0000000
0.0000000
0.0000000
0.0000000
0.0000000
0.0000000
0.0000000
0.0000000
0.0000000
0.0000000
0.0000000
0.0000000
0.0000000
0.0000000
0.0000000
0.0000000
0.0000000
0.0000000
0.0000000
0.0000000
0.0000000
0.0000000
0.0000000
0.0000000
0.0000000
0.0000000
0.0000000
0.0000000
0.0000000
0.0000000
0.0000000
0.0000000
0.0000000
0.0000000
0.0000000
0.0000000
0.0107454
0.5556806
1.9429059
3.0699031
2.7762947
1.3970364
0.6539916
0.6000019
0.9502754
3.7029228
11.6354084
28.3234100
52.2317734
72.8041382
84.5687866
92.7967300
99.9953461
88.4448547
52.7659111
20.7771492
7.0294237
1.8052912
0.8080158
1.4390967
7.4967752
25.6260815
24.7006607
8.1099319
1.0041821
0.3189721
0.2524706
0.1328172
0.2484850
0.5831213
10.8378105
40.4902802
68.2398529
67.4650421
40.5785789
23.0781021
16.7889462
15.5572748
11.9313841
13.3101950
46.3750572
96.3599243
107.5814819
81.9939804
52.1946068
26.8591652
16.2026558
6.8639650
17.5917473
65.4473572
91.5222931
68.4643707
47.6468582
62.1959152
83.3366470
79.5657043
53.1249886
29.3403568
15.8616676
20.2562962
30.1953659
68.1923981
108.1853027
88.3889923
70.5577011
48.1877823
24.9798145
9.5249310
7.6131167
17.1073570
22.3426456
21.1671562
27.6073456
37.7819481
62.9973145
74.5175629
51.4270668
23.4979210
11.9122019
10.8209925
13.8767557
11.8775063
5.2386885
1.8201491
0.4740723
0.2466936
0.3469816
0.3618085
0.2511556
0.4216814
1.2598813
1.9773028
1.7639287
1.1282173
0.7877184
0.7344843
0.8010691
0.9048700
0.7166635
0.9859343
1.2478383
0.9353997
0.9361718
4.1104650
12.4835615
28.1601887
47.6538506
55.2512436
42.9352417
20.0194359
8.3889046
3.8194020
4.1476135
20.8569965
66.0159378
86.2561722
63.7318726
27.4721470
12.9552927
10.6096230
11.7056971
5.5935068
2.1848707
19.7636833
50.9622269
60.0115395
38.6453896
13.7898846
4.9455452
1.7251770
0.5284976
0.5683718
0.2631276
0.1710879
0.1646147
0.1761084
0.2516919
0.5493604
0.8716611
0.9490315
0.9260865
1.1493533
1.2154981
1.2887479
1.6058390
1.8391948
1.7146032
1.8336158
2.1890037
2.7301533
3.1347570
3.4361010
3.3699481
3.8013530
4.7065477
4.9939337
4.2679329
3.4676020
3.4042909
3.1598647
3.1186368
2.9670169
2.5630386
2.3015907
1.7485770
1.6008639
1.5493034
1.4005405
1.2394127
0.9997111
1.0988263
1.2401295
0.9882147
0.8021786
0.9396641
1.2905430
1.9133569
2.4948163
2.9597740
3.4305475
3.3827934
3.4466717
3.3028281
3.1497138
2.7320440
2.2614577
2.0002167
2.5676210
8.9646654
25.3452797
52.7388077
79.3212357
86.9404984
66.3899155
30.8674088
8.5056410
16.3183136
36.8209152
48.8654404
37.1149063
58.0554581
96.5249481
104.6864777
72.1033478
31.2151146
14.2229862
7.9435658
25.0279655
47.8660126
49.0491905
47.4011765
35.5170479
19.1850586
10.3993340
7.8928032
14.7169189
27.7386284
21.8513508
15.8646965
17.0582333
19.6833267
45.6335068
82.2362213
90.2242737
70.3885574
39.1541290
21.2614841
25.0994110
58.7624092
98.8467178
95.4102325
61.8798561
53.3132820
46.9663582
39.0618134
41.6914139
43.3492126
35.4322052
49.6953201
97.5429459
121.1914978
100.4716110
66.3314438
43.7144966
21.1618214
4.4784565
4.8255749
22.5939846
56.3603096
66.9664993
60.6412621
58.1471138
53.8111534
41.8890610
34.5577469
46.2487411
41.2782288
29.1940498
23.8111725
25.5544167
53.9566345
52.9831123
30.5704174
17.7130241
9.1341209
4.1642632
2.1635685
2.3802273
2.3447409
4.5670252
22.8818493
60.7139244
87.5563965
81.2825241
50.4772415
33.1820107
25.6467190
26.9733810
26.0058289
13.2414942
4.0306377
2.4534965
0.6728111
6.3041954
26.2166290
47.5830078
56.4626350
48.7106705
30.3154297
11.3581476
4.4454618
2.1884861
0.7846013
0.4605872
0.2049091
0.1608003
0.4240031
1.9720687
3.2838793
3.5825915
3.3054633
2.7439477
2.4041860
2.5986707
2.2667685
1.0436854
0.3242598
0.2755599
0.2270227
0.2821510
0.5412442
0.7554999
0.7156755
0.5087787
0.5481901
1.1924149
1.4564689
1.1733174
1.0913916
1.5098666
2.7473178
4.5782785
5.2609673
10.5482540
29.1948395
55.7060699
70.9651031
59.4179001
27.0206127
9.3736486
8.8035927
19.4642677
39.0384827
35.8001175
26.3842182
18.5074844
7.3599348
24.8967438
66.7090225
79.5175476
61.8996811
42.9741859
51.6417999
67.3654327
66.7190399
48.0207481
34.0206070
53.4076767
64.7835083
45.4477844
14.5119562
4.2175326
1.8789538
0.9802030
8.2101135
45.4488258
76.4188385
73.0014038
36.8501816
15.9506216
8.3160458
6.1864867
7.2369947
3.9512041
3.0780833
8.4672022
16.1406193
14.2169676
6.1071138
0.7245631
0.3021129
0.1922917
0.2781193
0.4495732
0.9150258
1.1279269
0.8166301
0.3575463
0.3359632
0.4221837
0.4022518
0.5707561
0.8394177
0.9195036
0.9797301
1.1550870
1.2276864
1.1561719
0.9293406
0.7130143
0.7018944
0.8180156
1.0121415
1.0844066
0.8886696
0.9486112
1.0483751
0.8520194
0.8478158
0.9038008
1.9498489
6.0757475
16.1434841
33.7774467
48.4067192
45.7195816
26.4029942
13.1156864
21.5374756
31.6353588
31.6015701
23.7865639
23.6099892
20.1602802
12.9539270
22.4407806
48.8108635
60.5757942
42.6152191
39.0814857
58.7031670
72.1579742
70.9794312
52.0022659
48.0180664
76.1128769
78.4796906
43.3064156
12.0717812
3.9714608
5.2108483
6.1564050
22.5792408
45.0852966
54.5098228
32.5420456
15.4385548
12.0447979
10.8469286
4.1197844
6.3535194
22.3091812
51.7963142
77.6911621
71.1916580
52.2907028
42.2340202
33.9620132
30.0994797
24.8627338
17.2912312
6.1712794
0.8435417
0.8481438
9.5249815
39.6615524
72.7846298
74.2489548
58.5595207
54.9804649
53.1751785
42.0061111
27.4249268
16.5395069
14.0497446
23.4417286
34.4045944
36.0850296
30.3020649
24.5344925
21.3784676
21.6084480
29.0446758
54.2227440
83.3549500
90.6151505
83.8527451
81.2280197
67.6522903
43.5356827
22.4479561
12.3855419
13.0636959
8.7663031
4.0827374
1.5224850
0.8680607
0.6271537
0.4473947
0.6097445
0.8788966
1.4565350
1.7482817
1.7206957
1.5690641
1.5969840
1.8746785
2.1062489
2.5678420
3.3015380
4.3068285
5.7571111
10.2647705
24.5943832
54.8134995
98.5061035
133.0210571
131.4705963
100.4176483
59.8452530
39.6622887
27.1430397
18.3721085
9.0719557
4.7715836
4.2446847
8.2689877
14.6795511
13.3844299
6.3953958
4.5170550
22.9648857
68.6507492
98.1854706
85.5358200
48.7693634
21.6529579
9.2291193
5.4296937
4.3339739
3.3574371
2.0821505
1.1330127
0.7326744
0.7130802
0.8710988
1.4152868
2.2303839
2.4686890
1.7658846
1.2961805
1.5783601
4.1687140
8.2366791
8.0970573
3.6649117
1.4491507
1.7771654
1.8218319
0.9520997
0.6799327
0.7811729
1.4622129
2.5293632
4.4179115
6.6738853
9.1191425
10.2240982
8.3939743
6.0754261
6.8974771
9.3871059
11.2887869
9.7377586
7.1129932
4.7913690
3.8274286
2.2895355
0.7543997
0.6683837
0.5489804
1.0010809
1.6807882
1.0692410
0.7330204
0.7239808
0.5749770
0.5125969
0.3161362
0.3142226
0.3905310
0.6121336
0.7862227
0.7542453
0.9160306
0.9073111
0.5776546
0.4522338
0.6371347
0.6123024
0.4967788
0.4374405
0.9162046
1.8775573
9.8325396
35.7552032
77.8235092
106.0168762
89.2828674
38.7379837
7.9966292
1.4480249
0.8324021
6.6964221
25.0386639
24.4194412
8.8792295
1.7665752
0.6587273
0.3965201
0.1807983
0.1828190
0.3162056
0.5072932
0.6773286
0.4005218
0.4367978
0.4498853
0.4297868
0.4923849
0.4616241
0.4545902
0.3382977
0.3414546
0.4266795
0.7251602
0.6087265
0.4229728
0.4739602
0.3775404
0.3815736
1.2797912
18.9230595
73.5127411
135.6856079
144.8621368
82.7070618
19.5709038
16.3738270
42.0917015
86.6332550
85.0331345
41.9915695
16.4845791
5.2712412
0.6436241
0.7860041
1.2010458
1.1446873
0.7614095
0.5824291
0.7191022
0.7985908
0.7179695
0.4836913
0.4724061
0.5927476
0.4992248
0.3790024
0.4345869
0.8882637
1.4017584
10.6696596
49.3757744
101.8367462
116.2379913
76.3064423
23.5634708
18.9900475
32.7510452
44.5644302
51.1598930
36.2710037
27.9723034
33.9321289
40.8636246
31.6568909
33.3247681
68.5787811
104.4155655
123.0217209
124.2915955
113.1859665
93.0329437
69.8260880
50.5938110
34.8541565
17.5001297
5.4190502
4.5641627
4.6280875
1.1999856
0.2046185
1.5019655
6.9930773
9.3040352
3.9890342
1.2309574
0.4394458
0.0873082
0.1571563
0.2570790
0.4654353
0.4236753
0.3543317
0.5058842
0.5417699
0.3776149
0.4189327
0.4401232
0.4885498
0.5396159
0.6614933
0.7303224
0.3764524
0.3270430
0.3788944
0.4317699
0.4535404
0.4589986
0.5300705
0.5887095
0.6778378
1.1170074
4.5495462
16.2598228
29.1040020
30.5522957
18.7857056
7.0647345
0.9451028
0.1613101
0.2965325
0.5577611
0.5931368
0.4821727
0.3657273
0.4749257
0.5450258
0.6175608
1.6020068
2.5391493
1.9041175
0.5849349
0.2238047
0.2197758
0.3079884
0.3216909
0.3817608
0.4012715
0.3756549
0.3399718
0.5446255
1.2255831
2.2770286
2.7916906
2.3050318
2.0071454
1.9997219
1.5093272
0.7737184
0.5243337
0.4937305
0.5813310
0.6880826
1.0261240
2.4209838
7.7989345
18.5752048
29.9913101
34.0986137
30.4855061
23.8633690
20.0502586
34.3442726
69.1361847
93.1695023
84.4873962
60.1244354
37.3178101
16.9029121
9.7454119
9.1981535
9.3864784
5.0145636
1.5089717
5.8125877
18.3108959
23.3844032
15.2028332
6.8860011
3.5721581
1.2632666
0.4468250
0.1232969
0.1720626
0.3084725
0.4410554
0.6105846
0.4438016
0.3248871
0.3467346
0.3914378
0.5846744
1.0358502
1.4214696
1.9072783
2.8331084
5.2277937
10.0000000
16.2354431
20.8834000
19.9575081
13.7726498
8.1132536
4.0706029
2.3549936
1.4796969
0.9325403
0.6763417
0.5957387
0.3880532
0.6759669
0.8093715
0.5142520
0.3506241
0.7081330
1.7707982
1.9474702
0.9345217
0.4304681
0.3081900
0.4007752
0.3625323
0.4625677
0.4241465
0.3895302
0.3062559
0.4416007
0.6493146
0.5360647
0.3831695
0.4443881
0.8020507
1.8225086
2.8157477
3.4444377
10.0576439
25.3482552
37.7205353
41.8606796
43.9944572
38.5787926
19.1948299
7.8541627
8.9142456
32.9275475
50.3966751
40.6059113
24.1085396
13.5242472
15.4310045
24.1721516
29.8846264
28.3976002
37.9839058
47.5802040
45.1610413
39.6945114
38.9875984
32.9994736
20.8942051
8.7916384
2.1224029
0.6715139
0.5711291
0.2776381
0.3435723
0.5757984
1.0518048
1.9310622
7.3028708
16.3650742
18.7495804
9.7569008
2.2008924
11.3885536
35.9622116
55.1362228
60.7431068
46.1404114
28.0730629
5.5072479
2.6810904
16.7428513
34.2716866
49.4559631
54.7400551
45.4439163
30.3858070
18.3786087
8.5983210
5.2139473
3.8533556
2.3882515
1.8270944
1.5631359
1.5050100
1.4258077
1.2162654
0.7555490
0.6161334
0.3360861
0.2721750
0.2449540
0.2312117
0.3499166
0.4338517
0.7009243
0.7402894
0.5318934
0.4032446
0.3948298
0.8613029
2.9430554
6.1091900
8.2292137
7.1360855
3.7737484
1.7392637
4.9619546
18.1280098
31.3633385
27.2194099
14.8710394
8.7466984
5.5239325
2.4557953
2.2677033
12.1654396
21.6355286
17.2619953
16.2861004
17.8066921
16.5652618
12.8370972
7.1566243
4.4251680
3.5215037
3.2017667
2.2780836
2.0088387
1.8303231
1.6207877
1.0559332
0.7113563
0.4939668
0.4450633
0.4058905
0.5030957
0.5413174
0.4539936
0.3563730
0.3872557
0.3785973
0.3761719
0.5942599
0.8278574
0.8218806
0.5394840
0.4007146
0.4146468
0.4533585
0.4910864
0.6100534
0.5728231
0.4416105
0.5554248
0.7826416
0.8760344
0.8904673
0.9343545
1.1195965
1.3339436
1.2369443
1.0096415
0.9055423
1.0165179
1.1040857
1.0349323
1.1356688
1.0585757
0.9460850
0.9418423
1.1702708
1.5810735
1.8680121
1.4868925
1.1513788
1.0421445
1.0763741
1.2100067
1.1432816
1.1320336
1.0247976
0.5220212
0.2120821
1.0708996
5.4260125
11.7156801
14.8162546
12.2593842
7.7776842
7.1905975
14.3221979
26.3787746
34.8802261
35.3424377
35.9329300
45.7454453
48.3095627
32.8157654
18.2434559
13.0961409
11.0833063
15.3265667
20.7761612
23.4397545
21.0809441
15.6717920
10.3189220
8.2269907
6.5308552
4.3666644
2.7146192
2.2683277
1.8066463
2.0384688
2.8181973
4.3327966
6.1153626
11.8601665
21.4570465
26.4777069
21.9275112
13.1973724
10.5688400
14.8367033
17.6678772
15.9932718
21.0009899
47.8371582
66.7605896
61.7414932
42.8827171
48.7083740
47.9823189
57.0113907
79.3689423
87.3646393
72.0984650
60.6347656
47.5571480
32.0381622
15.7073393
8.5885305
11.4811630
16.2113113
30.4360867
50.6996918
59.2994728
59.0233421
54.7541924
52.0099754
35.8913002
11.2610273
6.1785030
11.6534004
30.2469254
30.7064915
29.9460373
20.4270916
15.1103802
16.6512680
19.0550270
17.7845192
11.6309471
6.0029869
2.7559249
5.0745044
34.6748581
85.7802734
100.6459351
64.8374863
33.4126549
21.8409290
14.7666149
10.5028229
12.6442614
19.1626167
18.8698330
13.0568533
5.6856050
1.1915438
0.2425345
0.0512293
0.1392616
0.7644949
1.2933847
1.1690990
0.8507168
1.5085883
5.6347237
9.9621849
7.7431130
1.8536043
1.6669195
2.7482595
3.0297251
2.2419741
0.8933656
0.5566391
0.4289742
0.4604674
0.5033708
0.6565251
0.6673881
0.6409046
0.4842812
0.2872359
0.2171648
0.2452933
0.5272018
0.7350675
2.6317129
9.0767813
15.8514957
17.9322243
16.7701378
14.6369276
14.9777508
27.3546772
57.8125381
76.7267151
64.7787933
44.9255257
34.2595787
22.0239048
7.6726360
1.8603654
1.4242964
10.2034607
33.5184631
35.3921890
38.2546806
36.1233482
23.7673359
20.6241169
31.8536739
47.4196701
46.3630104
34.3973045
15.9062080
6.2272387
3.3709991
3.2817600
2.7410915
1.9154781
2.1770742
8.6703119
20.1946659
34.6823807
34.9081039
23.0912113
12.9666128
7.7235360
4.6874909
3.3404427
3.9603596
6.0156054
5.2874336
2.0567651
0.8689516
0.6693262
0.6096381
0.4463023
0.2955018
0.1067041
0.0268030
0.0015658
0.0001622
0.0000000
0.0000000
0.0000000
0.0000000
0.0000000
0.0000000
0.0000000
0.0000000
0.0000000
0.0000000
0.0000000
0.0000000
0.0000000
0.0000000
0.0000000
0.0000000
0.0000000
0.0000000
0.0000000
0.0000000
0.0000000
0.0000000
0.0000000
0.0000000
0.0000000
0.0000000
0.0000000
0.0000000
0.0000000
0.0000000
0.0000000
0.0000000
0.0000000
0.0000000
0.0000000
0.0000000
0.0000000
0.0000000
0.0000000
0.0000000
0.0000000
0.0000000
0.0000000
0.0000000
0.0000000
0.0000000
0.0000000
0.0000000
0.0000000
0.0000000
0.0000000
0.0000000
0.0000000
0.0000000
0.0000000
0.0000000
0.0000000
0.0000000
0.0000000
0.0000000
0.0000000
0.0000000
0.0000000
0.0000000
0.0000000
0.0000000
0.0000000
0.0000000
0.0000000
0.0000000
0.0000000
0.0000000
0.0000000
0.0000000
0.0000000
0.0000000
0.0000000
0.0000000
0.0000000
0.0000000
0.0000000
0.0000000
0.0000000
0.0000000
0.0000000
0.0000000
0.0000000
0.0000000
0.0000000
0.0000000
0.0000000
0.0000000
0.0000000
0.0000000
0.0000000
0.0000000
0.0000000
0.0000000
0.0000000
0.0000000
0.0000000
0.0000000
0.0000000
0.0000000
0.0000000
0.0000000
0.0000000
0.0000000
0.0000000
0.0000000
0.0000000
0.0000000
0.0000000
0.0000000
0.0000000
0.0000000
0.0000000
0.0000000
0.0000000
0.0000000
0.0000000
0.0000000
0.0000000
0.0000000
0.0000000
0.0000000
0.0000000
0.0000000
0.0000000
0.0000000
0.0000000
0.0000000
0.0000000
0.0000000
0.0000000
0.0000000
0.0000000
0.0000000
0.0000000
0.0000000
0.0000000
0.0000000
0.0000000
0.0000000
0.0000000
0.0000000
0.0000000
0.0000000
0.0000000
0.0000000
0.0000000
0.0000000
0.0000000
0.0000000
0.0000000
0.0000000
0.0000000
0.0000000
0.0000000
0.0000000
0.0000000
0.0000000
0.0000000
0.0000000
0.0000000
0.0000000
0.0000000
0.0000000
0.0000000
0.0000000
0.0000000
0.0000000
0.0000000
0.0000000
0.0000000
0.0000000
0.0000000
0.0000000
0.0000000
0.0000000
0.0000000
0.0000000
0.0000000
0.0000000
0.0000000
0.0000000
0.0000000
0.0000000
0.0000000
0.0000000
0.0000000
0.0000000
0.0000000
0.0000000
0.0000000
0.0000000
0.0000000
0.0000000
0.0000000
0.0000000
0.0000000
0.1168303
0.5904109
1.1306065
1.2634162
1.4323615
2.8497245
5.8584175
9.3749237
11.9918699
11.9001789
9.0384359
5.4476933
3.9242916
3.5535827
3.3651013
2.6098855
1.3039260
0.7795310
0.7033944
1.0702229
1.4575148
1.7228811
3.2153733
7.3766432
13.3280296
19.1381149
21.5363750
17.6338997
11.5817213
9.3880711
9.1266489
8.1418209
7.2266226
5.6809044
4.7912855
6.0967693
10.6165590
24.3323250
40.7779007
52.3146706
47.2803612
24.8606148
7.9790788
11.1727562
27.5199089
37.7257538
17.1394615
3.9355738
2.6320326
7.6128769
28.3053513
39.3501091
31.5678864
19.9490547
11.2809181
7.5384426
4.9378700
1.0104917
0.6629497
24.5477734
80.0152130
104.5274811
74.5728073
28.6128883
12.2078276
9.7839394
21.8491611
47.2391586
53.3912964
28.1929932
11.5889301
8.8322601
37.0537262
100.0794830
115.4327545
69.9472427
24.0167656
16.8184795
34.1953087
59.7510071
63.7281227
39.2820206
20.1275806
16.5978336
18.7806091
27.8415565
27.1154690
22.0166454
15.8345203
12.6791630
14.1037216
16.5879574
16.0706272
15.8719788
18.8595352
21.6641426
20.8174629
16.5700531
10.8597298
7.0038586
2.9957902
1.6411229
0.7105759
0.4778191
0.2631157
0.1855188
0.3033188
0.4341162
0.4542359
0.4593750
0.6286193
0.7434683
0.5512409
0.4380533
0.5177418
0.6960841
0.8493601
0.8931869
0.7290955
0.7465083
0.8399665
0.9104146
1.0603269
1.2865102
1.4817742
1.5737839
1.6574986
1.9440395
2.5038300
2.6250706
2.5039620
2.1867051
1.5162355
1.0891781
0.9615710
0.7736927
1.1921138
6.1223373
18.7230492
33.0144577
48.8338737
57.0122528
46.5427399
26.2007332
10.4899435
3.6176097
2.0294535
2.9521751
9.4673328
44.1438255
97.9347000
125.0711288
107.2035446
73.3449936
36.5967712
15.2183475
11.3266201
11.4129581
12.3631706
10.1836090
4.5515056
15.2547836
33.6299477
38.2166481
26.1176682
13.8546152
8.1146879
3.4890275
1.3304864
0.6800843
0.2664425
0.1560587
0.1961775
0.2329088
0.3363409
0.4384129
0.6494806
0.6646786
0.5754661
0.6338802
0.7122715
0.7706333
0.9691124
1.1091180
1.0226539
1.0231719
0.9171242
0.8065468
0.7015212
0.7280834
0.6370500
0.6072308
0.5404567
0.6967514
0.6055332
0.5600857
0.8150235
1.0209579
0.7877623
0.4841296
0.4412821
0.5745829
0.9686677
2.0761609
4.6312256
11.0200901
23.1271667
42.0214310
73.1508179
118.6998291
168.5382080
205.8280182
227.1421814
223.7987671
223.7413025
219.4216614
218.2430725
213.9740601
206.2241211
172.3086853
157.7293091
160.4755554
195.3633881
185.1618042
95.6959686
111.5472412
307.6967468
634.0411377
720.4310303
558.8856201
383.1417236
230.0541840
174.1756134
219.4204559
64.3103561
4.6874208
20.6487923
59.5277252
71.9698639
55.8211899
209.7858734
751.3666382
1406.6691895
1640.1038818
1271.8190918
942.2203369
766.4327393
629.5503540
559.5417480
517.1282959
486.7953491
440.3400269
324.8170166
163.3103638
48.6692581
8.2709827
10.0352097
15.2439241
15.2684164
92.5684280
230.8593597
290.6613464
185.7291718
70.3176575
137.9452667
288.9210510
317.2766113
246.2009735
203.0798187
204.9631500
191.6293640
157.7834167
125.0833588
133.9096527
80.3317108
16.3833828
1.1328464
0.1456509
0.3188214
0.8601568
1.9872766
2.1327465
1.8528225
1.6525524
1.4829938
1.2492067
0.8896973
0.6378924
0.5862504
0.5486148
0.5183800
0.5740262
0.6753469
0.7085109
0.6777998
1.6363827
4.1657510
4.7976556
2.3484607
0.4232826
0.3000021
0.2602727
0.3947446
0.6644628
0.5770049
0.5101318
0.7180930
2.3568864
27.9003334
100.6842499
183.5650177
216.0236511
192.7878571
150.0502625
89.1177521
52.0005493
55.8056984
46.9516220
36.0709229
20.8299675
8.8717737
3.6248746
1.5632560
1.3683699
1.0052943
0.6392690
0.3266622
0.2873826
0.4575652
0.6635721
0.9098797
0.9389429
0.8552632
0.5382049
0.3735793
0.3996173
0.4224557
0.4104903
0.3463769
0.3551611
0.5167462
0.6822232
1.0378053
1.3271148
1.6279383
2.2663240
13.3926544
66.0206604
154.2044220
214.9549408
197.9740143
103.7697830
76.5439301
147.9911957
262.4240417
293.2240295
169.9834290
54.9356995
36.9696350
131.5048828
361.0870667
566.7669678
579.5643921
469.1604004
349.9719543
276.4203491
171.6340485
86.0785522
34.1132011
7.9084201
3.8249052
0.6008756
0.3631628
0.6445622
1.3657506
2.2883153
2.5348663
2.9583743
2.7550106
1.1732510
0.2965157
0.1037042
0.2253646
0.3794912
0.4785018
0.3250501
0.3174083
0.4270831
0.6047717
0.5427880
0.3175775
0.3488659
0.4222472
0.4832571
0.4630437
0.5435464
0.5355569
0.5340531
0.3958865
0.2866894
0.2820405
0.2983007
0.4390128
0.4850099
0.4913333
0.4479264
0.4087347
0.3933820
0.4331018
0.3817661
0.3585191
0.3409644
0.3291723
0.5040402
0.4329223
0.4758893
0.7783830
2.8958533
30.3928699
105.5989761
192.4562378
221.3362732
167.0939026
71.8153381
51.9860039
72.2554626
183.8066559
206.2490234
128.8450928
128.9721222
110.9707336
69.3933029
51.4843063
83.2010956
187.7413940
287.8594360
344.1932678
343.1160889
294.3707275
251.7554474
230.6071167
196.7157135
135.3880768
86.9304123
46.5583267
11.5123520
2.9467406
0.2623405
0.1053317
0.1249847
0.2960405
0.2973695
0.3770097
0.4666123
0.6198174
0.9726785
0.9826438
0.9619211
1.2938199
1.4983525
1.6292107
1.8242455
2.1651430
2.2282541
2.3319581
2.3720384
1.9592686
1.1485423
0.7619649
1.3198804
2.0013592
1.7206116
0.7640576
0.4839257
0.4013728
0.3515352
0.3527215
0.4700370
0.4350413
0.3297878
0.2390827
0.2668099
0.3515356
0.5074595
0.5492808
0.5052674
0.4948331
0.4404742
0.3663323
0.3765947
0.4244063
0.5414116
0.6022317
0.4337491
0.3981878
0.2950189
0.2954852
0.2801270
0.3294643
0.5587850
0.6690144
0.5729420
0.4305393
0.3003583
0.3400771
0.6219360
1.3872968
5.3495836
20.9216671
58.5080032
105.2451172
126.0714111
102.1907196
61.2296410
25.6484222
12.7618513
5.3652864
0.9043952
0.4265979
0.5485501
0.9400083
1.1057462
0.4295191
0.3851797
0.2529580
0.2210496
0.3176898
0.3617566
0.4665922
0.4741062
0.4886310
0.3868316
0.3633258
0.3528128
0.4471366
0.3381782
0.2741652
0.4083546
0.5349670
0.5820271
0.6164165
0.6625754
0.7725209
0.7117235
0.6457781
0.6634582
0.5916600
0.5255784
0.5126452
0.6207444
0.6216412
0.5238991
0.4691274
0.4926659
0.5187103
0.4567085
0.3514732
0.3531148
0.4027704
0.4092592
0.4302544
0.4574987
0.3267735
0.3530850
0.5180898
0.7565483
0.7030004
0.4462230
0.2961783
0.3433122
0.5171208
0.5300943
0.4438162
0.2926962
0.2809877
0.3054968
0.3960404
0.4753205
0.4231097
0.3296713
0.2442112
0.3638255
0.4530529
0.5100665
0.4575750
0.4816379
0.4055770
0.4165494
0.4252663
0.3757311
0.3606206
0.3540030
0.4493860
0.6254838
0.5103842
0.3653771
0.3654042
0.4199347
0.3906818
0.4140761
0.4089644
0.4266521
0.3768944
0.6239376
1.8075207
9.6715183
38.1478653
71.0544510
71.7029266
36.2850723
23.5006294
52.9231720
88.6807556
133.8816223
183.3917236
218.4754791
226.0500641
184.6932526
114.2238846
57.4940987
19.8411446
7.2096958
1.9934349
0.8087531
0.2951807
0.0253405
0.3178135
5.0561433
9.9900808
21.2197342
48.1407890
85.1306000
104.7697983
98.6944885
99.5082016
108.7946472
133.2294617
160.3529663
139.2274323
77.8352661
64.1790466
94.9790802
109.3319016
83.9731903
52.4859428
32.9275208
41.9682922
66.2092056
78.3422546
74.7310333
75.9075317
116.2784195
139.3099060
113.4123917
73.4088287
39.0747032
22.0032749
22.3566074
71.6682892
128.6328125
115.4669571
71.0611343
75.7161713
111.8803482
130.4421539
133.7332764
120.2907104
88.3893814
43.8314247
10.2794590
10.7547836
77.3300018
207.5311432
276.1563416
211.7229004
113.7522888
55.2542725
24.8327560
15.7415686
11.6311007
17.1329803
28.6757126
31.8481255
26.7817612
25.6545410
23.5475616
5.5309219
1.0426284
0.5889308
0.4764926
0.4148627
0.2627645
0.2314436
0.3711368
0.6898770
0.9690395
0.8041571
0.4404931
0.3145221
0.4061332
0.5603626
0.5282136
0.4137701
0.3149398
0.2984845
4.2174082
48.2586174
131.2463837
193.4114838
209.0895996
185.0113220
156.7214661
111.7566986
62.2123795
56.2495575
104.1796570
128.4895782
112.3960953
104.5549164
109.6604385
121.2749252
134.0274963
166.3241425
206.4192657
197.3658600
143.3013306
100.7305908
102.6898117
124.2423935
127.7748566
106.5512390
70.4089737
35.9379654
11.2458582
0.8990475
0.5966877
1.2531506
0.5338074
0.3739455
0.5603269
0.8565273
0.8205127
0.7663423
1.3169726
1.6725675
1.9270976
1.6070032
1.0034219
0.7966055
0.9740536
1.1309869
0.9538257
7.2025385
32.4440384
92.4769897
181.1588135
219.4233246
169.8208618
133.6471558
141.6136322
99.9459152
46.1228752
32.5509567
11.7825279
14.8621559
51.0201607
52.5903778
45.7823639
32.6626968
23.1497669
12.5279398
3.5418348
0.7720315
0.2742696
0.2004340
0.1274095
8.2873707
73.8977127
212.9259949
340.9535217
336.7190552
196.3128967
116.4225235
50.8257561
153.9894409
271.8147888
262.9603271
250.1545410
198.8039551
122.4251633
72.6639709
29.9168091
19.6936264
11.1074171
4.5963497
16.3822632
51.9038277
76.7336349
60.0207825
44.6973991
64.4562531
110.5717850
157.3321228
140.6774750
105.7520294
75.8252792
64.7599564
34.8037605
12.9601574
8.1569376
6.7429786
13.5210867
16.8522758
9.4247713
7.8737497
11.6784964
15.9715242
42.3056068
91.1867523
140.2200012
150.0760498
108.0472107
64.0688248
38.5586052
35.6320877
32.3000946
20.3658676
5.5348530
11.7604008
50.4859543
57.4044952
51.0177917
36.8498383
21.9462204
13.8779354
10.4147568
8.1112232
20.4462185
87.1332932
181.8681793
226.7717133
198.9396362
159.8674774
111.7707291
55.8457413
18.6769581
7.7958832
3.7053986
12.7022343
49.3286247
82.2460938
89.9639740
70.5729218
42.2259903
28.5858860
45.4695930
92.8996506
129.8444061
147.2800598
199.1602631
233.5625000
209.3538513
146.7912445
112.3682404
92.4905701
126.1568298
139.2637634
108.2918015
75.1766357
49.8053131
31.7902832
28.3205166
49.1536331
67.8972015
53.8707314
35.1173782
45.7907677
51.9803886
41.6535683
28.7204285
19.0455418
10.4423037
3.2239833
0.6724548
0.4102652
0.3439769
0.2958594
0.7055010
1.4357960
2.2302129
3.0984674
3.8759747
4.0816684
3.5983834
2.9565542
2.8645794
3.2495108
3.9944158
3.5746684
2.9657774
2.8463624
2.3305669
2.4213479
2.4664576
2.7843394
2.5769699
1.6587633
0.8340065
0.3819699
0.2161629
0.2780061
0.3832926
0.7123568
1.0430619
1.0802904
0.7602614
0.6408693
0.6864358
0.6747167
0.7255096
0.8111082
1.0990975
1.0132000
0.7395399
0.5405221
0.5883433
0.4854904
0.4283926
0.4606116
0.3929994
0.3685984
0.4605662
0.3645040
0.3048425
0.4413233
0.6810902
0.7069989
0.6401321
0.9754017
1.6833410
2.4612639
2.9785154
4.7350740
6.5638561
6.4929824
5.3323717
4.1480813
2.9098682
1.8529632
1.4243325
1.0749034
0.5922816
0.6859940
0.4370465
0.2768509
0.1798330
0.2387175
0.3666612
0.3939579
0.8474887
1.7980689
2.4641407
1.7890824
0.3665147
0.3206754
0.1901078
0.2221329
0.3368753
0.4297782
13.0016747
94.4672623
219.3428802
264.3564148
184.1243286
73.5200958
42.3448410
54.8630028
161.7637634
292.0060120
367.7297363
388.6206970
347.9743652
267.9718323
162.8663635
68.0524521
6.6875143
15.7113857
9.6492405
12.9060555
43.7526817
60.3963089
38.1992989
13.2113447
8.5841312
11.2898169
16.1290741
12.2995863
4.3753748
16.0814495
41.2356110
58.3747482
56.3989105
48.1999054
36.0793266
14.9627886
5.8596668
21.3505745
50.9669800
58.7105827
35.9625206
26.4516048
20.6469669
29.3502541
51.8881989
51.0921898
34.1453056
19.2402592
25.7108822
63.1060562
124.5006256
178.2355957
179.7797241
153.6773376
159.1466827
169.9042511
159.6109772
123.9213715
71.7473526
28.7015247
16.6423588
8.5040245
3.5024061
4.1303058
3.1742067
2.2940128
1.1586385
0.7210022
0.6091878
0.6228213
1.0681026
2.1633532
1.9625968
0.3342271
0.1790148
0.1255578
0.1821224
0.3966991
0.4748353
0.5707539
0.5788369
0.5258125
0.3676617
0.3806942
0.4157045
0.5424511
0.8186275
1.0435033
1.1877213
4.4027596
22.6959248
67.8040619
125.3738480
153.1448059
129.0316467
69.3679504
30.1107292
7.8709636
1.7548990
0.6884658
0.6603578
3.8910360
5.6387835
18.7514992
81.9793854
196.7255707
280.6773376
257.4145813
161.6227417
89.1900940
53.7460365
20.0806465
5.7793903
0.5739444
0.1399146
0.3890623
1.3795533
3.2764390
2.3553989
0.5564570
0.6024930
0.5257668
0.2133647
0.0303874
0.0013286
0.0000003
0.0000000
0.0000000
0.0000000
0.0000000
0.0000000
0.0000000
0.0000000
0.0000000
0.0000000
0.0000000
0.0000000
0.0000000
0.0000000
0.0000000
0.0000000
0.0000000
0.0000000
0.0000000
0.0000000
0.0000000
0.0000000
0.0000000
0.0000000
0.0000000
0.0000000
0.0000000
0.0000000
0.0000000
0.0000000
0.0000000
0.0000000
0.0000000
0.0000000
0.0000000
0.0000000
0.0000000
0.0000000
0.0000000
0.0000000
0.0000000
0.0000000
0.0000000
0.0000000
0.0000000
0.0000000
0.0000000
0.0000000
0.0000000
0.0000000
0.0000000
0.0000000
0.0000000
0.0000000
0.0000000
0.0000000
0.0000000
0.0000000
0.0000000
0.0000000
0.0000000
0.0000000
0.0000000
0.0000000
0.0000000
0.0000000
0.0000000
0.0000000
0.0000000
0.0000000
0.0000000
0.0000000
0.0000000
0.0000000
0.0000000
0.0000000
0.0000000
0.0000000
0.0000000
0.0000000
0.0000000
0.0000000
0.0000000
0.0000000
0.0000000
0.0000000
0.0000000
0.0000000
0.0000000
0.0000000
0.0000000
0.0000000
0.0000000
0.0000000
0.0000000
0.0000000
0.0000000
0.0000000
0.0000000
0.0000000
0.0000000
0.0000000
0.0000000
0.0000000
0.0000000
0.0000000
0.0000000
0.0000000
0.0000000
0.0000000
0.0000000
0.0000000
0.0000000
0.0000000
0.0000000
0.0000000
0.0000000
0.0000000
0.0000000
0.0000000
0.0000000
0.0000000
0.0000000
0.0000000
0.0000000
0.0000000
0.0000000
0.0000000
0.0000000
0.0000000
0.0000000
0.0000000
0.0000000
0.0000000
0.0000000
0.0000000
0.0000000
0.0000000
0.0000000
0.0000000
0.0000000
0.0000000
0.0000000
0.0000000
0.0000000
0.0000000
0.0000000
0.0000000
0.0000000
0.0000000
0.0000000
0.0000000
0.0000000
0.0000000
0.0000000
0.0000000
0.0000000
0.0000000
0.0000000
0.0000000
0.0000000
0.0000000
0.0000000
0.0000000
0.0000000
0.0000000
0.0000000
0.0000000
0.0000000
0.0000000
0.0000000
0.0000000
0.0000000
0.0000000
0.0000000
0.0000000
0.0000000
0.0000000
0.0000000
0.0000000
0.0000000
0.0000000
0.0000000
0.0000000
0.0000000
0.0000000
0.0000000
0.0000000
0.0000000
0.0000000
0.0000000
0.0000000
0.0000012
0.0723506
0.4398929
1.0135512
1.3458035
1.2604975
0.9367101
0.8665320
0.8066059
0.9231760
2.4606276
14.9647255
44.0791779
69.0452499
68.7552414
48.2786102
34.1170464
26.8492260
20.2304821
13.4745789
8.2910595
4.0161567
5.9885011
25.8890133
50.7405548
53.6792221
34.9726105
13.0217314
1.7303879
8.3784847
50.9989738
94.4814529
66.5565643
17.1528225
2.9268582
0.2326730
0.1470412
0.3030950
0.3564574
0.6726208
0.8990833
0.8213505
0.7975390
0.7698957
0.7194602
0.4978861
0.2907497
0.3818895
0.6159003
0.8242862
0.8142092
0.6469279
0.4525566
0.4259672
1.4949014
4.3697877
5.6802669
3.0317345
1.0777709
12.2462168
38.8762589
53.0325279
37.6923676
9.7400551
1.7077250
0.6955577
0.6249310
1.1765943
2.1577024
5.9777536
12.1127825
26.1339569
54.3819542
106.2358551
195.2647705
285.4212646
284.1151428
168.8056641
73.1163254
28.8293839
12.1650505
1.6378590
0.2158125
0.0729306
0.1541101
0.3020732
0.4043051
0.4079633
0.3298696
0.3208958
0.2446440
0.2743905
0.3822144
0.4730287
0.3977935
0.2555586
0.2329530
0.3119846
0.3347435
0.3106966
0.3665924
0.4263392
0.5726641
0.4982234
0.2456197
0.2247667
0.2183360
0.7128239
2.2976620
3.1715546
1.8264401
0.2268019
0.2296379
0.4229810
0.6159861
0.8399605
0.8577887
1.3366826
2.6086721
4.7262797
5.7760429
4.3812513
14.0618057
53.2514496
107.3896484
145.2849731
145.1100006
114.2395248
78.9974442
52.6598816
30.9654369
16.7774773
7.4936514
2.2899694
0.7598472
0.3618901
0.3105120
0.1878643
0.1154630
0.2571497
0.2858298
0.4098176
0.4940377
0.4377800
0.3310040
0.3473828
0.5292615
0.6973100
0.7351022
0.5032803
0.3990301
0.7151721
1.2782273
1.0972975
0.5320030
0.4913672
0.3486265
0.2738457
0.4569346
0.6622081
0.5488892
0.5524792
0.7599406
0.9132838
0.9245733
0.9523308
1.0457132
1.3084641
1.1396086
0.7857769
0.5549448
0.4556073
0.4952883
0.6713416
0.9354479
0.8364395
0.4717247
0.3444627
0.3856350
0.5250127
0.5608848
0.5840449
0.5394044
0.5743901
0.5690595
0.5634057
0.5201699
0.6104833
1.1309071
1.5810310
1.8628577
6.1201286
22.6726437
45.1116409
53.4611549
41.6368217
24.5969868
15.7878256
9.9620066
6.7606974
5.6285000
7.6257286
9.4748783
11.5506315
15.1858854
17.0177879
20.3591480
21.3774261
12.3533230
6.3840380
5.2516661
4.6084843
2.7422304
3.5471468
10.5161648
20.9317932
19.7893200
10.6487236
7.7834163
10.2904911
10.8945837
4.3614998
1.2519681
28.1800079
91.7560959
120.1303864
83.2475739
28.1509914
7.3979845
9.5006027
38.3609924
56.8332291
39.9785309
12.0834045
4.8825655
22.2336330
66.5295410
94.8173981
80.5792999
51.1588402
34.4888115
23.6523399
16.7474403
11.4812775
3.8798959
9.9796782
16.3711510
17.5753498
16.6763172
15.7708769
8.2603903
5.7717056
6.3219938
7.1211557
9.5762777
24.3923244
38.0492439
34.7687073
21.7777500
14.9900179
12.0119438
9.2618876
6.1884384
3.8822761
2.0330443
1.1234471
1.2394109
1.9189196
2.1863608
2.8483076
3.6004391
2.8806524
1.3517816
0.6649309
0.4994319
0.4458763
0.1996956
0.0579159
0.0015995
0.0000198
0.0000000
0.0000000
0.0000000
0.0000000
0.0000000
0.0000000
0.0000000
0.0000000
0.0000000
0.0000000
0.0000000
0.0000000
0.0000000
0.0000000
0.0000000
0.0000000
0.0000000
0.0000000
0.0000000
0.0000000
0.0000000
0.0000000
0.0000000
0.0000000
0.0000000
0.0000000
0.0000000
0.0000000
0.0000000
0.0000000
0.0000000
0.0000000
0.0000000
0.0000000
0.0000000
0.0000000
0.0000000
0.0000000
0.0000000
0.0000000
0.0000000
0.0000000
0.0000000
0.0000000
0.0000000
0.0000000
0.0000000
0.0000000
0.0000000
0.0000000
0.0000000
0.0000000
0.0000000
0.0000000
0.0000000
0.0000000
0.0000000
0.0000000
0.0000000
0.0000000
0.0000000
0.0000000
0.0000000
0.0000000
0.0000000
0.0000000
0.0000000
0.0000000
0.0000000
0.0000000
0.0000000
0.0000000
0.0000000
0.0000000
0.0000000
0.0000000
0.0000000
0.0000000
0.0000000
0.0000000
0.0000000
0.0000000
0.0000000
0.0000000
0.0000000
0.0000000
0.0000000
0.0000000
0.0000000
0.0000000
0.0000000
0.0000000
0.0000000
0.0000000
0.0000000
0.0000000
0.0000000
0.0000000
0.0000000
0.0000000
0.0000000
0.0000000
0.0000000
0.0000000
0.0000000
0.0000000
0.0000000
0.0000000
0.0000000
0.0000000
0.0000000
0.0000000
0.0000000
0.0000000
0.0000000
0.0000000
0.0000000
0.0000000
0.0000000
0.0000000
0.0000000
0.0000000
0.0000000
0.0000000
0.0000000
0.0000000
0.0000000
0.0000000
0.0000000
0.0000000
0.0000000
0.0000000
0.0000000
0.0000000
0.0000000
0.0000000
0.0000000
0.0000000
0.0000000
0.0000000
0.0000000
0.0000000
0.0000000
0.0000000
0.0000000
0.0000000
0.0000000
0.0000000
0.0000000
0.0000000
0.0000000
0.0000000
0.0000000
0.0000000
0.0000000
0.0000000
0.0000000
0.0000000
0.0000000
0.0000000
0.0000000
0.0000000
0.0000000
0.0000000
0.0000062
0.1024715
0.4734714
0.9642287
1.2520869
1.1747551
1.3462621
3.5472662
6.5082002
7.0829463
6.0683370
5.4292855
4.6960716
3.7745953
2.8649600
2.4857569
1.9050486
1.3888677
1.0825887
1.1624662
1.6953262
2.3169370
2.4471600
2.2067518
1.7256032
1.6463048
1.6341612
1.6434076
1.4047825
0.8462775
0.3317201
0.1789868
0.4808274
1.2114565
6.5537653
17.3584137
30.2728481
41.2691917
47.7253304
45.9046669
33.5860176
21.3360214
27.4874840
49.2923203
59.3775787
46.2356567
26.3230343
11.9759274
12.8812141
14.0724373
9.1678162
6.6357088
15.1310806
43.3956146
107.9243317
141.8470764
113.0814590
79.5111008
69.3995972
61.2597580
54.0573540
45.6100807
40.3285637
36.1696663
33.9559021
37.9350548
50.1236649
53.5069389
41.6847763
26.1642933
13.5055943
5.6282620
2.7285528
2.7566042
2.1621423
1.5419672
0.9312809
0.8423110
0.8279178
1.0525482
0.8491158
0.5219751
0.4947776
0.8330078
1.2371701
1.8220142
2.3562675
2.4964726
2.5439048
2.8699677
2.5273931
1.7274520
1.4016111
1.1643094
1.0137782
0.8938658
0.8494457
0.8035953
0.5706055
0.6169475
1.8366770
4.9230251
6.7088051
4.4711528
1.5673866
0.7249485
0.3077041
0.4040946
0.4514275
0.3803262
0.4189048
0.4387067
0.3897426
0.2868208
0.2245421
0.2654317
0.6510582
8.4382362
62.0098801
156.8603210
207.7860107
161.7765961
55.7118759
11.5310230
1.1640089
1.7009007
25.1436405
92.8650818
100.3023148
53.3131561
25.3241806
17.4740067
13.9831219
9.1600399
17.1644764
32.1924133
40.7600403
49.6557007
36.0125351
27.2536983
31.0743141
44.9232750
53.3847160
42.6559067
19.9654770
8.7522478
19.3087711
57.2099991
69.7657242
53.5153656
31.4652996
19.6511803
22.5735130
61.8239288
109.8304138
106.8289261
81.0619507
58.6357117
40.9134598
30.9905663
19.0797348
8.5570488
4.9458456
7.5283999
27.2136288
82.4412766
126.8545303
130.0354156
112.6699295
95.7475128
93.7405548
125.8396988
166.3887939
148.7754669
117.7712250
83.3822098
56.7090302
52.6368790
55.5734024
42.0765228
26.6125450
16.2220535
20.2648354
19.7077484
17.9429398
14.1954994
9.1157150
5.2294145
4.2388921
3.5316033
2.4021490
1.5449356
0.7802526
0.6118652
0.6654962
0.6036572
1.0390399
0.9719263
0.4823448
0.4248309
0.4610024
0.6622174
1.4689606
1.6236875
1.0632961
0.8212846
0.8595491
1.7421951
3.1093426
2.6158016
1.2529738
0.8282496
0.8268934
1.0186591
1.2174881
0.8027741
0.6128288
0.6095911
0.6385671
0.6822901
0.7389201
0.7135072
0.5243490
0.4242962
0.4698469
0.6351604
1.1614628
1.8458061
2.6832323
4.3138824
9.5191364
21.3438301
37.5722237
50.1923714
56.5074005
58.8751526
58.7562904
53.6822395
46.7437630
41.3344955
33.8441963
20.9150677
22.3890743
35.2129478
35.4405708
23.8777428
26.8242569
24.5363045
17.7295418
17.3482513
20.6518860
17.9374294
12.4707947
18.2432156
32.6994095
41.0729141
39.6009254
37.1404190
49.6990509
87.6271973
119.2688293
106.0296936
69.1611252
54.3321648
55.8683167
54.0534973
50.6029510
52.3117447
50.4537201
31.2891655
24.2563057
47.5632782
75.7670212
105.1099854
107.7275085
82.0915985
61.3489456
42.1860046
29.2859173
23.2553253
24.6232853
25.1742420
25.6451569
26.6213436
36.2012444
38.5711784
26.9231358
17.3247128
9.7627735
4.9861183
2.4226069
1.2429323
0.6573161
0.3119892
0.3037715
0.2665189
0.2667734
0.3646128
0.2905467
0.3685490
0.4686739
0.6376688
0.9326608
1.0045940
1.1856568
1.4423624
1.7418104
1.8059998
1.7701839
1.6290405
1.4226861
1.1904337
1.3772767
1.9786050
2.4431050
2.2943339
1.7472628
1.2136639
0.7911912
0.6104306
0.5593400
0.5264320
0.6417711
0.7692298
0.6753264
0.5021582
0.4181986
0.3675128
0.2935085
0.4048664
0.4013647
0.3274974
0.3880297
0.4000817
0.3964737
0.4175412
0.4784828
0.4113236
0.4548437
0.4661307
0.3489877
0.3163645
0.3803329
0.5656567
0.5864152
0.3601835
0.3420596
0.4087973
0.4010276
0.4142937
0.4215092
0.4081340
0.3751416
0.4831407
0.7292658
1.2337681
4.5497627
11.4721327
18.3816357
23.3964252
25.2302971
22.0636215
14.1503391
7.3319530
3.9568925
4.4762344
16.0935230
41.5160942
72.2188187
92.0763397
86.2771378
58.5378189
36.5874405
22.3618774
11.7697792
4.0848904
3.6349301
8.6346703
6.5296984
5.9843273
24.4649620
50.6174240
56.7124443
38.1233559
13.0210257
3.0607862
1.2172229
0.5359617
0.7287165
0.4911006
0.3898304
0.4032405
0.3627246
0.3481795
0.0646274
0.0085997
0.0016160
0.0000019
0.0000000
0.0000000
0.0000000
0.0000000
0.0000000
0.0000000
0.0000000
0.0000000
0.0000000
0.0000000
0.0000000
0.0000000
0.0000000
0.0000000
0.0000000
0.0000000
0.0000000
0.0000000
0.0000000
0.0000000
0.0000000
0.0000000
0.0000000
0.0000000
0.0000000
0.0000000
0.0000000
0.0000000
0.0000000
0.0000000
0.0000000
0.0000000
0.0000000
0.0000000
0.0000000
0.0000000
0.0000000
0.0000000
0.0000000
0.0000000
0.0000000
0.0000000
0.0000000
0.0000000
0.0000000
0.0000000
0.0000000
0.0000000
0.0000000
0.0000000
0.0000000
0.0000000
0.0000000
0.0000000
0.0000000
0.0000000
0.0000000
0.0000000
0.0000000
0.0000000
0.0000000
0.0357883
0.3170804
0.7807461
1.0278050
1.0275071
1.2307315
1.8582289
2.7605317
3.9987261
5.2258224
7.5169315
12.4073868
16.1717110
15.6861706
10.7032528
7.8501787
12.1896706
28.3720627
54.3660622
63.9099998
50.5813026
19.7747898
10.6503239
7.5428877
5.0775595
5.2985964
24.3842297
58.9064026
75.3080063
47.7650108
19.5338020
10.0024271
7.8274050
10.3941240
12.2093964
18.4230576
25.1886253
29.9029465
27.7669239
22.3140354
12.0473766
3.6176383
0.6949674
0.1505332
0.4622091
17.4418850
42.6208267
45.8525658
36.3181381
40.8691788
46.3522568
43.0730400
38.0940132
29.6560135
24.2495918
24.8353386
15.7720890
11.7246714
16.8472328
22.0484295
18.7900333
9.3564625
10.2452660
20.8987198
31.9130173
23.5030499
10.3934050
6.4122539
4.0643396
2.4424524
1.9191873
1.3555529
1.1142557
1.2062428
1.2394567
1.2319901
1.1958336
0.9757161
0.8828641
0.6621451
0.2687626
0.0699469
0.0062226
0.0000972
0.0000000
0.0000000
0.0000000
0.0000000
0.0000000
0.0000000
0.0000000
0.0000000
0.0000000
0.0000000
0.0000000
0.0000000
0.0000000
0.0000000
0.0000000
0.0000000
0.0000000
0.0000000
0.0000000
0.0000000
0.0000000
0.0000000
0.0000000
0.0000000
0.0000000
0.0000000
0.0000000
0.0000000
0.0000000
0.0000000
0.0000000
0.0000000
0.0000000
0.0000000
0.0000000
0.0000000
0.0000000
0.0000000
0.0000000
0.0000000
0.0000000
0.0000000
0.0000000
0.0000000
0.0000000
0.0000000
0.0000000
0.0000000
0.0000000
0.0000000
0.0000000
0.0000000
0.0000000
0.0000000
0.0000000
0.0000000
0.0000000
0.0000000
0.0000000
0.0000000
0.0000000
0.0000000
0.0000000
0.0000000
0.0000000
0.0000000
0.0000000
0.0000000
0.0000000
0.0000000
0.0000000
0.0000000
0.0000000
0.0000000
0.0000000
0.0000000
0.0000000
0.0000000
0.0000000
0.0000000
0.0000000
0.0000000
0.0000000
0.0000000
0.0000000
0.0000000
0.0000000
0.0000000
0.0000000
0.0000000
0.0000000
0.0000000
0.0000000
0.0000000
0.0000000
0.0000000
0.0000000
0.0000000
0.0000000
0.0000000
0.0000000
0.0000000
0.0000000
0.0000000
0.0000000
0.0000000
0.0000000
0.0000000
0.0000000
0.0000000
0.0000000
0.0000000
0.0000000
0.0000000
0.0000000
0.0000000
0.0000000
0.0000000
0.0000000
0.0000000
0.0000000
0.0000000
0.0000000
0.0000000
0.0000000
0.0000000
0.0000000
0.0000000
0.0000000
0.0000000
0.0000000
0.0000000
0.0000000
0.0000000
0.0000000
0.0000000
0.0000000
0.0000000
0.0000000
0.0000000
0.0000000
0.0000000
0.0000000
0.0000000
0.0000000
0.0000000
0.0000000
0.0000000
0.0000000
0.0000000
0.0000000
0.0000000
0.0000000
0.0000000
0.0000000
0.0000000
0.0000000
0.0019435
0.2525679
0.8683323
1.2931707
1.0711149
0.5014985
0.2834327
0.3222203
0.4814337
0.6347480
0.6783032
3.6279483
24.0236950
69.6793747
117.3168335
128.8829803
102.0825958
70.6615677
49.9076729
26.7375450
15.6455927
6.5443587
16.9083710
20.4083195
7.4423776
9.7362204
9.4763489
18.8790131
43.5801811
50.0116959
34.4926643
17.6111298
12.9450121
11.1721897
30.5368938
71.4837570
89.6811295
64.0029221
28.7953911
13.9714804
7.6455030
10.3439360
20.1468105
58.0485992
74.3259048
57.5067787
23.8413830
14.1437931
18.3730087
53.3251495
67.1949921
37.0740662
24.8343830
20.6088104
23.2336636
72.1566544
113.1361084
108.6286011
86.0163116
47.1526985
10.7109365
4.9756422
31.9778938
92.6759186
119.4584503
76.6443558
22.6515274
5.2352905
0.7515220
2.2255669
6.2245455
22.0803032
43.3780594
46.8143997
41.9650536
55.2024536
61.7868271
41.0716476
22.3036690
10.3882532
15.5610170
23.6715965
9.3252583
9.4645653
44.1085167
103.8305130
132.6440735
109.7822571
64.4811325
51.3205261
30.9540482
17.2773285
13.2707996
17.3751354
16.3136597
11.5733156
9.4167767
7.7322588
4.3653059
1.7254157
0.9690467
0.5158701
0.3093815
0.2968021
0.4357491
0.9423286
2.2004051
2.2609596
1.0059111
0.4257044
0.4324514
0.5337223
32.6333656
149.8115234
289.0547485
314.2371216
190.0056610
71.8754959
23.5678692
7.9757051
0.9060438
0.0754197
2.8815870
92.4553223
181.6792145
165.1700897
91.5959473
37.6467896
20.3320961
7.6650276
3.6946645
0.6349277
0.1323294
0.1772207
0.2680999
0.5928103
0.8798469
1.2271107
1.4258320
1.4060639
1.2330608
1.2190145
1.0714631
0.9839940
0.8027850
0.5030974
0.4300553
0.2989354
0.2747870
0.3547314
0.4987053
0.5580875
0.5515034
0.3702530
0.3848373
0.5986021
35.6021652
156.7928009
325.4776917
431.5463867
382.8074341
219.8643494
76.3459167
23.1413670
6.8391256
2.3974607
29.2196331
173.1418457
281.1818542
256.0479126
123.3607941
34.3868294
8.1827936
13.8975182
14.2701111
4.7755504
2.5241904
2.2085047
0.7598474
0.3268734
0.1833293
0.2590208
0.3632611
0.4849423
0.6093601
0.4973530
0.4365928
0.8622605
1.7645307
6.3438182
11.9768162
10.8535490
3.1637368
0.5558016
0.5538454
0.4778179
0.3459158
12.8492174
101.3229904
244.3593445
316.2474365
249.3008728
110.2254333
31.8448219
8.6072950
2.5737801
34.4491615
186.3232880
197.2357178
78.3337708
22.6686268
14.9150276
15.0095263
33.1893768
35.7099571
27.1989403
12.5722389
14.5408592
15.5487747
21.4476490
65.0004349
150.3796387
182.3535461
116.9882965
32.0809593
14.0491772
29.7548981
83.6754532
113.6810608
51.0938339
13.5846519
5.0364342
6.2951360
43.7960663
191.0157013
314.8890076
321.0203857
233.2824249
136.8547668
68.8916092
44.3914986
67.5506668
97.3665466
97.3756714
90.1755371
112.7361374
122.7697449
111.0053787
57.5803032
20.1385956
25.2100353
59.0112267
106.5416641
105.9226837
64.6525192
15.6753016
3.8423469
3.7082980
2.0447288
2.2550218
43.8630486
148.7307739
228.1514587
193.2066803
75.3629608
15.1283884
3.6483083
10.9042330
84.9721985
198.6467438
217.2631073
139.9536133
60.7350731
24.6344414
9.2521362
6.0084028
11.0571232
44.4281960
106.1846771
97.8098755
56.8093452
34.5985680
40.6596832
44.3879967
38.9690094
41.3665581
65.5874023
73.8129654
104.4623871
135.2145386
135.9556732
93.3467102
37.5425453
10.7018108
3.3482182
11.2618141
92.5971451
193.0395966
170.0764313
53.5890808
7.7639480
1.3803886
0.6142112
2.5926700
9.0155354
27.4389610
61.5042267
81.8579865
85.2203979
85.2878113
65.0479202
37.4285240
37.6610413
33.5305557
40.4769363
85.7245178
60.4039764
15.4365206
14.0034475
29.7116795
69.8267670
98.9826584
108.0185242
103.2345657
92.3938141
83.1695251
91.4554062
85.6404724
55.6173096
27.0436859
12.4380360
9.9867859
9.0285482
9.2564888
7.6195288
4.9572701
3.0255160
2.4001350
3.0408175
4.4288454
3.6219537
0.8388785
0.2268415
0.0972053
0.1255026
0.4678564
0.6795062
0.4758731
2.5653238
19.6148491
50.1684647
118.2667618
228.4840698
291.9954834
236.5970764
118.2322311
27.3147392
12.4418497
7.7540517
12.8446426
96.9528885
187.2032623
147.8929596
47.1282196
11.5270720
10.4106636
5.0537434
2.7150757
3.5442986
2.9160538
1.1893120
1.3189924
0.9558111
0.5530947
0.2380865
0.3638319
0.5695617
0.5511074
0.4828327
8.9124870
33.2958794
49.2851562
35.5474358
18.8742256
46.0652390
110.6168060
168.2816925
148.3957520
69.6541901
11.4014082
8.3088894
30.5164833
163.2330017
231.1983185
156.8058319
44.6876869
23.5775127
15.4966040
12.3763132
17.2250214
19.2096119
10.0952501
14.1544209
33.9330902
97.1656265
139.7584534
93.8384247
24.7349892
39.5827942
74.6285324
96.2996674
73.3872147
31.3494358
15.2786961
8.3574247
32.8911743
150.6974640
315.7871094
378.3674927
290.9881897
180.1868134
144.3517914
157.8074951
146.1800842
116.6492386
167.1385345
230.3762665
187.9626465
140.5318909
100.2181549
85.4354095
73.4926605
31.9884052
12.3160028
3.2883873
0.8233815
0.1770959
0.1951950
0.1018609
0.2087283
0.2309668
0.2778341
0.3936546
0.4810745
0.4980791
0.5016009
0.6565834
0.8621763
1.0413772
1.2602909
1.7034274
2.3987031
2.8279753
1.9521098
0.7895185
0.3562970
0.3082157
1.1173728
2.4855738
3.1534317
3.2880707
2.3903594
1.0493236
0.8734826
4.6371441
13.6660404
19.6742630
20.2644196
18.2564011
15.9021406
13.7924271
11.0221872
9.0896215
6.4095297
3.7458973
1.3407876
0.4333088
0.4047380
1.1233416
1.8487589
1.1050549
0.5812771
1.9076939
6.2664528
9.5888443
8.3192348
3.9999251
1.0443715
0.4432803
0.2802729
1.1909436
2.2670586
1.3463857
0.4816914
0.4373688
0.3822048
0.3489377
0.4786446
0.7129773
1.4944888
2.0254157
2.2469091
3.1908352
6.1467867
11.7813368
18.7017822
23.1900330
20.9144745
14.1873531
7.4229145
3.6902778
2.4113743
2.4172230
4.5702920
7.3768144
6.3584061
4.0779657
2.2645957
1.4690865
2.2297139
5.0816221
6.9890013
5.8925047
4.2469101
2.8325963
1.8168509
1.6895827
1.6523182
1.7213277
1.8758962
1.9310591
3.2935004
7.0795846
10.2332268
11.5980549
12.6979446
12.4681950
10.9742136
8.3215189
4.4743767
2.0420957
1.3949126
0.9235175
1.3287394
1.3321948
2.4331315
3.9622436
4.7868118
4.2161708
3.3181167
1.9726080
1.0237966
0.8360177
0.5764989
0.3747831
0.4434473
0.8948572
1.2019424
1.1126145
1.1471016
1.5534370
2.9572487
4.8323164
5.7572227
5.2438555
4.0570736
2.6213329
1.3236760
0.7804077
0.5072725
0.9081806
2.0230093
3.4201899
3.3650448
2.6998742
2.2295144
1.8021030
1.8804278
2.7531414
3.3955083
3.1661930
2.7170525
2.3383520
2.0313127
2.1501038
1.9511397
2.0127048
1.9515638
2.0474260
2.3518085
2.7738471
2.6565237
1.6909549
1.0874869
0.7230170
0.4373506
0.7037610
1.1571393
1.4890450
1.5840421
1.5807698
1.4687880
0.9603508
0.6132717
0.5593499
1.0714915
1.6838078
1.8325033
1.2842805
0.9186145
0.7121938
0.6426716
0.5262676
0.4379524
0.3950437
0.7796211
1.7515359
2.6874797
3.2724562
3.4234893
3.2903192
3.6796768
5.3252754
8.5626364
12.7301493
17.6320019
20.4502659
18.1434650
12.0488834
7.0393000
4.4757214
3.3888810
3.6269734
5.5513992
9.5262594
13.1909552
13.8248177
12.9427967
12.5902739
12.8625431
14.0024176
15.4297867
13.5469112
8.4761696
3.6918697
1.1878792
0.6092830
1.0328169
2.4617243
2.9591069
1.1965570
0.7923486
2.5913792
8.3821173
12.9500141
10.9089317
6.3784933
3.7162881
4.3320675
6.8254805
11.0086040
10.9064655
7.9288101
5.0588365
3.4724095
3.6245916
4.7952766
5.8813047
5.2931604
4.4629197
3.5735207
3.2047939
2.7363560
3.2603614
3.2924840
2.6027257
2.0483077
1.6456013
1.4761648
1.2193213
1.2808218
1.2171657
1.0312881
0.9242476
0.7166038
0.5208479
0.4313965
1.6265552
6.1553898
11.4704037
14.8149796
15.6550865
14.4274635
11.9403887
8.1607466
7.2202911
7.0225267
7.1459718
7.7947288
8.3786869
7.8993177
8.0012445
7.8843918
7.2175841
5.5120430
4.3941903
3.0943179
2.4531519
1.7190595
1.3046918
1.4858376
1.1678538
1.2414768
1.2101734
1.0613515
0.9483929
1.3850939
1.7748681
1.6887512
1.5171731
1.2481486
1.2771338
1.1479838
0.8181493
0.4518379
0.5018888
0.4955459
1.8653883
5.8781524
7.6233292
11.2940063
37.7604790
82.4275513
112.2942810
107.4485779
73.8638687
38.6345406
16.5133743
8.4138346
4.0199676
4.2791910
8.8016195
18.4871368
26.8906918
27.9032955
26.2504425
26.7208443
27.3583183
30.3745613
33.0321465
26.9193459
24.5880470
34.2443542
42.2489700
39.6465073
35.2373276
47.2281952
78.3038788
98.4047623
79.5480881
53.6014519
52.5844803
84.8823090
130.2215576
177.9338226
208.7191772
184.1950836
111.0089722
72.1720047
69.6156387
92.1982574
79.4802475
22.7609043
1.2658247
0.7130007
0.2421499
0.1939445
0.5104719
1.1695145
1.6714609
2.2294984
2.1713946
1.5070832
1.0713438
0.9429108
0.9368576
1.1175562
1.0936933
1.1318222
1.5962760
2.6665571
3.7259798
4.0787611
3.9030166
3.6988308
3.1785305
2.5675750
2.3586979
1.8926656
1.7968323
1.8106511
1.6090893
1.3315716
0.9228281
0.9884945
1.3807809
1.5111938
5.3980155
52.1005363
156.7654572
237.1444702
214.7471466
113.1790848
58.1427841
66.3946915
100.9758987
158.3094177
250.7582703
340.1860962
350.9621582
311.5860596
238.5980225
199.0619659
187.1442566
136.1143188
89.1712570
72.7633286
80.8821411
70.7389984
72.4227295
126.8530502
260.9153442
350.1599121
391.5384827
359.8790588
293.8321228
232.9891815
183.0144806
116.4221268
76.0042419
117.0846558
121.5409851
59.2621346
28.4342842
9.2180109
8.0204821
6.3138933
4.0809603
2.6435726
2.0118523
1.2041049
0.6261804
0.4072156
0.3004823
0.6831808
0.9449635
1.5057029
2.0628953
2.0161307
1.4668989
0.9483317
0.6195222
0.6039614
0.7705187
1.1870482
1.6649805
2.0011821
2.3109088
2.3020036
2.1742604
1.8247999
1.5632032
1.4457796
1.3349252
1.4418131
1.2713406
1.0789417
0.9985456
0.9451277
0.9837083
0.8532614
0.7375319
0.5977489
0.6075621
0.6287910
0.6659827
0.8653867
0.9343522
0.8742662
0.8438236
0.8418051
0.8406571
0.7322464
0.6919019
0.7744592
0.8585690
0.7958742
0.7858375
0.8609585
0.8241345
0.6623870
0.5588281
0.5202742
0.5654041
0.6627208
1.0618176
1.3147603
0.8104326
0.3218742
0.2764700
0.4642730
1.7720509
4.4352813
6.4400377
6.7042618
5.2886133
3.4770048
2.1766305
1.6477416
2.4144957
5.8783817
10.7278185
10.9793692
6.7386656
2.8421364
1.2318230
1.0132015
0.8871734
1.0814488
1.9991428
4.4478207
5.4632659
2.8098571
1.0055292
1.0438005
3.0307889
3.1620188
0.9341227
0.5316602
0.4887068
0.5599319
0.8330268
1.4732029
1.6216639
0.9410975
0.8505340
0.5704027
0.5193850
0.7636322
1.1336796
2.0643029
3.0308738
3.5847344
3.1083157
2.5678747
8.9114447
29.9494305
58.0112915
72.3533478
69.0429764
56.0751762
51.3880768
42.7001495
26.3233604
11.1550989
3.6625404
0.5791394
1.2761202
21.3133621
46.5342941
35.3994675
11.3528414
2.4946833
0.4712090
0.0925925
0.0337849
0.3350741
11.9867878
47.9854965
112.7979736
178.1963043
195.7737427
148.1514282
72.0791321
25.4242210
10.3465643
5.7163582
1.3394330
1.3724434
21.8959618
37.6257401
24.5020103
5.8013515
2.3799939
1.2250521
0.9424242
0.5506520
0.4441131
0.3450683
0.2825984
0.2688619
0.2492232
0.4816964
0.6040579
0.7145681
0.6893563
0.5292337
0.4656426
0.7034698
1.0796578
0.9269232
0.5082740
0.3108072
0.2666171
0.4747566
0.7559518
0.7384886
0.6039091
0.4068956
0.3495427
0.2646070
0.2238119
0.2724214
0.3509184
0.3538058
0.3091964
0.3743412
0.4247645
0.4199479
0.2712013
0.2694761
0.3198279
0.3722675
0.3566630
0.2715832
0.2765788
0.3171405
0.3732417
0.3430570
0.4080407
0.3588756
0.2350774
0.2545678
0.3211458
0.4197055
0.4502775
0.3455802
0.2514613
0.2956043
0.4043431
0.4265696
0.5263240
0.5391627
0.3651256
0.3166118
0.3465899
0.3335381
0.3432344
0.2919114
0.3269766
1.1358950
3.3262587
4.5455208
3.3989775
12.5348606
42.3038330
68.5749893
63.6214218
33.7932587
20.9611454
39.5310555
79.1614914
106.3532791
111.2525482
106.3194580
86.1401596
64.0534592
49.9392891
44.7004547
48.1923523
71.1439819
84.9227676
114.2156906
162.4952850
216.3413086
261.1247864
269.7496948
221.2319641
182.2023621
130.9692993
55.6066551
27.9291439
27.8855495
9.3248854
2.0994089
0.5908560
0.4149889
0.4313754
0.3151074
0.6270428
0.5849026
0.4626477
0.4452537
0.6072208
0.7038328
0.5771656
0.4847809
0.5142754
0.4540959
0.4649531
0.4858925
0.3308402
0.2880439
0.4509322
0.6339933
0.5125531
0.3308558
0.2850579
0.4339387
0.6135389
0.5592741
0.4090422
0.2908192
0.2998489
0.3877668
0.4099687
0.3462582
0.3781363
0.4087305
0.3319719
0.3076181
0.4542915
0.5002298
0.5460521
0.4494958
0.3405946
0.3496690
0.3854766
0.6387385
0.5496904
0.2591820
0.2923647
0.3084603
0.3926348
0.4295807
0.3113626
0.2864723
0.3296657
0.5638893
0.6677074
0.5362216
0.5731064
0.9198831
0.9783678
0.7249165
0.4465268
0.4912402
0.4374602
0.4343428
0.3843913
0.5577453
0.5688431
0.5197943
0.6703963
0.9039946
1.0889372
1.3494304
1.4381167
0.9899045
0.5746009
0.4737924
0.4208548
0.4327055
0.3263782
0.3219669
0.2877590
0.2346105
0.2287594
0.2734361
0.2503020
0.5394915
0.6003041
0.5130377
0.4248760
0.5076975
0.5381291
1.1414853
1.5782142
0.9317360
0.1919631
0.2213201
0.4199687
0.7923766
0.7831454
0.6922623
0.9067355
1.3278836
1.6622243
2.7284760
13.2109261
39.7790260
61.0541573
53.5928879
29.7007732
20.5980301
17.7228031
11.0366850
3.9211261
8.5883284
23.5272961
37.4186478
52.1840820
71.2393723
111.9899368
169.0483856
202.2224731
179.4065704
143.1152649
122.7521057
99.8641434
39.6942673
4.0327721
4.9770966
7.4364171
8.7163067
7.6808524
7.8445816
12.9676008
47.4414787
113.7899475
170.2588959
203.8629913
216.5149841
226.7250519
223.7937927
185.2252197
130.4796906
97.5093079
75.7581940
52.6897697
28.8359375
12.4837065
6.1475296
4.2993555
3.4888940
2.0485268
1.0658157
0.7553950
0.6064645
0.5853749
0.4794779
0.4424200
0.3814240
0.9411393
2.7008758
3.5805986
7.5454922
24.8160934
51.3412247
65.4936371
57.6214676
37.9169235
26.2826233
30.5818176
43.3802109
66.7038345
89.5205917
88.7193069
67.1194153
50.0071907
48.1923218
55.2102013
37.5724258
23.7678795
31.3242416
27.6689034
26.4741249
25.5824394
27.5214539
34.2669373
39.1454277
32.7455482
16.1611004
3.8374534
5.0697823
29.6933670
40.2585487
36.0477982
32.7370605
23.6350536
14.2570038
26.7991066
22.6172199
13.7114143
11.6047001
19.4988499
38.6919479
98.9705048
183.0492401
224.9311981
197.1816254
149.4256287
133.6853638
121.4431915
106.2865295
88.1330032
58.4146004
32.1848221
13.4679518
9.1529636
8.6361237
3.6456850
1.0471092
0.4007084
0.2727854
0.1725638
0.2307200
0.6234373
1.1893330
1.2599673
1.0657847
0.8210956
0.8401916
1.1546444
1.2298970
1.0049506
0.7616405
0.6888063
0.6620916
0.8530861
1.2130771
1.1333616
0.8924076
0.5535548
0.5875629
0.6128427
0.6060158
0.6923588
0.6339898
0.6095052
0.7638924
0.7634724
0.8115597
0.7413427
0.6983993
0.7555629
0.9600658
1.3085245
1.9078419
2.6694422
3.2444825
3.4158986
3.1870055
2.4868610
1.6606736
1.0924201
0.7540905
0.7160807
0.7313559
0.6439887
0.6228994
0.7243549
0.6958734
0.5184307
0.3334535
0.4823530
1.0054258
2.9326744
6.2011623
9.6908398
10.7863989
7.9472065
4.0810547
1.8625576
0.6979499
0.3464229
0.1919633
0.1389765
0.3011366
0.3993393
0.5659270
0.8589596
1.2587751
1.4601828
1.5731988
1.4994416
1.3459960
1.5986229
2.1735017
3.2874484
4.3358912
4.9276695
4.2912846
2.9029830
1.5744358
3.6313536
22.9788857
58.9174843
91.5993729
109.5232849
103.5169373
72.8452759
39.9203339
22.2696781
16.3324223
10.7035408
10.9104929
16.8419209
39.5629158
50.4882431
29.6663055
9.8744774
2.5648551
0.6783059
0.3321654
0.0111537
0.6221318
13.1926956
40.9823761
80.3374939
115.7196045
120.5873947
91.1924820
55.6437149
28.8551674
15.7382717
10.9708490
10.4218702
12.9231787
13.9894657
9.3032312
5.1690893
1.9358821
0.7422723
0.6979414
7.2356625
41.6423340
92.8569794
141.5115662
145.9236298
91.9692230
39.9626274
23.6193886
18.1108437
47.6991577
67.9289017
61.1780701
64.2273178
62.5365372
56.2966690
78.0991592
78.4440002
47.1296844
39.7752914
59.4405327
79.6397324
80.1304932
67.8414383
40.4008827
34.7885437
16.4600430
11.0011053
59.1683426
109.3373871
78.1784210
56.6651649
46.4648323
23.4236088
15.4821529
13.1061993
8.4848671
5.5819073
3.7106781
2.0888510
1.5553964
1.5837207
1.1121577
0.7877715
3.8308005
16.5482903
32.2598801
43.0598297
50.8758087
52.4197006
45.1253510
29.8531857
15.5032492
8.9445515
4.4134560
2.1282063
1.1422964
1.1135792
1.3866723
1.2893163
0.7972513
1.4948535
14.4346771
48.1829529
91.3069229
125.1907349
121.8525238
82.3358688
45.2464218
31.2474709
30.9775276
32.8677254
33.7158775
37.7126579
45.9077454
45.4860420
33.0624390
12.0064096
4.2132497
2.3499050
1.4318614
1.0208833
5.4492297
32.4348564
70.1832199
96.8321228
100.6444550
86.9593658
66.9065170
47.2456932
38.0964088
31.8978882
26.7562180
21.8828468
17.5751381
13.5216389
7.4038239
2.3557155
1.1580181
6.6020875
41.3095322
93.3181915
123.6986084
126.5817566
113.5086823
97.6197205
80.6679993
71.4627609
56.3475151
47.4095421
36.6895676
26.3848190
23.2267151
21.4591980
19.4520226
15.0167513
5.9962435
1.6501406
0.7109371
2.6008246
16.8299198
28.4106216
27.3344841
22.6474209
19.5610237
19.5928535
18.7509613
14.7247448
12.0100460
8.6543293
7.1639299
6.6691575
5.1420145
3.3221045
2.0014920
1.2578652
0.5061972
0.3961616
0.2516954
0.4165128
0.9821105
2.7414618
4.0219727
3.1317356
2.0599008
9.2635193
46.1898460
98.4750061
118.2582474
98.5090714
87.4764709
102.8796387
109.1843185
102.0600052
104.6300888
115.9478073
100.5574646
101.5659866
85.1533356
69.8785248
87.6126709
113.8092422
132.7451172
122.9872513
64.1127167
40.4930954
38.5665855
37.1590042
51.4955521
66.2153473
73.9339371
63.6711273
32.5281677
13.1804104
39.9465027
196.8320618
372.3879700
456.9111938
443.5382690
309.3529358
122.3608627
46.7669373
23.3779202
19.3290501
80.1347427
59.3728104
22.0136967
11.6893463
14.1998901
19.5446472
16.3837681
6.3998146
2.4699945
1.0144506
0.3127263
0.1600460
0.0562654
0.1841704
1.3826698
2.6645443
3.0155020
2.9045191
2.8878269
3.1110389
3.4254706
3.7216492
3.3036299
2.3809776
1.2597613
0.7853666
0.5981318
0.5883734
0.8516105
1.1598387
1.3416981
2.5785365
4.5728860
6.5255847
7.7371759
8.0834370
6.7742624
4.5217299
2.8764169
2.5073066
2.9837978
3.5795302
3.8074715
3.5905635
3.9930940
3.9167943
3.6040111
3.3367496
3.3923132
4.2670288
4.7823181
4.3250117
3.2390156
2.2077456
1.4883167
0.9462761
0.9051307
0.6932403
0.4426131
0.3447986
0.3279689
0.3428691
0.5332676
1.9217379
3.6366391
4.7479515
5.4863439
6.1444979
6.3009062
6.3380237
6.4758625
6.7150807
6.9856052
7.9081078
9.0958614
10.8235826
15.3853664
21.3850136
24.0555229
18.7671242
11.0448170
6.0878439
25.3426037
107.7896652
222.1391602
278.0705872
210.1678009
99.8902283
24.8782654
4.0278568
3.6195443
2.3014083
0.8842055
8.2683172
52.9290085
139.0589905
233.7476807
273.9827271
216.4753876
100.8974991
34.2426567
50.3634491
42.5664558
31.6378918
26.9525890
46.2398682
70.9100876
94.8568954
103.7260437
93.6637878
59.3259850
16.3119678
3.6706500
1.5086699
5.9514575
38.6332054
76.9510956
69.1838455
38.6349831
15.9677601
5.3518906
4.6786928
11.6770954
30.3836689
35.2717209
20.9347153
8.9215946
2.1402814
0.4923441
0.4662685
4.3339996
17.5603828
22.2651272
17.3261242
11.4299927
9.5460873
17.1953659
35.5567360
52.6228676
51.6562500
30.3053093
9.4282913
2.5732067
0.7850220
0.3781493
0.3423953
1.6029248
3.5685301
3.1497955
1.3414676
0.6190946
0.7306266
1.8153571
4.0110521
4.3016043
2.1363344
0.4393152
0.3646735
0.5388572
0.8062500
0.1938960
0.0134362
0.0015300
0.0000000
0.0000000
0.0000000
0.0000000
0.0000000
0.0000000
0.0000000
0.0000000
0.0000000
0.0000000
0.0000000
0.0000000
0.0000000
0.0000000
0.0000000
0.0000000
0.0000000
0.0000000
0.0000000
0.0000000
0.0000000
0.0000000
0.0000000
0.0000000
0.0000000
0.0000000
0.0000000
0.0000000
0.0000000
0.0000000
0.0000000
0.0000000
0.0000000
0.0000000
0.0000000
0.0000000
0.0000000
0.0000000
0.0000000
0.0000000
0.0000000
0.0000000
0.0000000
0.0000000
0.0000000
0.0000000
0.0000000
0.0000000
0.0000000
0.0000000
0.0000000
0.0000000
0.0000000
0.0000000
0.0000000
0.0000000
0.0000000
0.0000000
0.0000000
0.0000000
0.0000000
0.0000000
0.0000000
0.0000000
0.0000000
0.0000000
0.0000000
0.0000000
0.0000000
0.0000000
0.0000000
0.0000000
0.0000000
0.0000000
0.0000000
0.0000000
0.0000000
0.0000000
0.0000000
0.0000000
0.0000000
0.0000000
0.0000000
0.0000000
0.0000000
0.0000000
0.0000000
0.0000000
0.0000000
0.0000000
0.0000000
0.0000000
0.0000000
0.0000000
0.0000000
0.0000000
0.0000000
0.0000000
0.0000000
0.0000000
0.0000000
0.0000000
0.0000000
0.0000000
0.0000000
0.0000000
0.0000000
0.0000000
0.0000000
0.0000000
0.0000000
0.0000000
0.0000000
0.0000000
0.0000000
0.0000000
0.0000000
0.0000000
0.0000000
0.0000000
0.0000000
0.0000000
0.0000000
0.0000000
0.0000000
0.0000000
0.0000000
0.0000000
0.0000000
0.0000000
0.0000000
0.0000000
0.0000000
0.0000000
0.0000000
0.0000000
0.0000000
0.0000000
0.0000000
0.0000000
0.0000000
0.0000000
0.0000000
0.0000000
0.0000000
0.0000000
0.0000000
0.0000000
0.0000000
0.0000000
0.0000000
0.0000000
0.0000000
0.0000000
0.0000000
0.0000000
0.0000000
0.0000000
0.0000000
0.0000000
0.0000000
0.0000000
0.0000000
0.0000000
0.0000000
0.0000000
0.0000000
0.0000000
0.0000000
0.0000000
0.0000000
0.0000000
0.0000000
0.0000000
0.0000000
0.0000000
0.0000000
0.0000000
0.0000000
0.0000000
0.0000000
0.0000000
0.0000000
0.0000000
0.0000000
0.0007031
0.1427383
0.6600920
1.2920512
1.5847057
1.5083008
1.3373687
1.2323906
1.3325874
2.0869308
3.9099689
6.2071228
8.3787403
10.6273670
10.9246960
8.5499573
5.1399345
2.3800597
1.2315742
0.7396754
0.4054852
0.8734391
7.6855464
19.6779957
27.9303932
29.0386963
24.0859985
16.4834480
9.4556026
4.9482622
2.5362046
1.1316180
0.7321689
0.3663307
0.1830183
0.8830845
3.8730168
7.5793447
7.5169353
4.3134956
1.3871859
0.7247117
1.2113799
2.3818529
4.1812110
4.4890466
3.7713182
3.0026934
2.4728143
1.8478671
1.0639642
0.5078647
0.1847353
0.1324523
0.2931294
0.4080829
0.4614139
0.6640078
1.0346612
1.4143343
1.6884810
1.3150854
0.6628478
0.2476394
0.1909133
0.6432719
5.3631830
16.7386074
33.5921249
52.5540237
67.4221344
71.6564865
61.9145012
43.5479507
25.8116970
18.9241199
15.6517143
13.3294325
10.8281965
7.7265100
3.9965558
1.7167209
0.7629188
1.0390722
2.7403693
4.6823149
3.9837477
2.9811425
2.9137042
2.0632501
0.9334538
0.3524252
0.1917506
0.1917757
0.4804753
4.0799642
9.4440784
14.1284084
16.3119678
14.7350082
10.4683962
6.2312980
2.9149165
1.3887262
3.5300367
64.8359680
223.7722931
379.0277710
435.3704529
321.0207520
151.9544373
45.2104111
82.2002258
298.8097839
543.4375000
392.2408752
171.2386169
49.2161179
32.5910416
27.8340492
33.2990913
139.5559082
345.9600830
418.9410400
262.7975159
78.4813843
16.5451450
14.1211729
13.8999138
26.6685944
29.4921150
20.5443573
18.3916435
16.1362419
15.3309546
85.5191879
289.3597717
467.2261047
438.3435974
219.3576965
74.5329590
35.5652046
18.6955128
12.5459690
8.3206072
19.0882359
45.1967621
50.7047958
32.5854759
19.6165733
9.3329067
2.8924623
0.9218629
0.2365776
0.3533099
1.8502535
6.9390879
8.5582304
6.0232210
2.2714415
10.6568460
49.2615738
103.0669479
122.3426132
82.6857681
39.0878677
20.3751755
26.7956772
68.0516815
82.5184174
49.9872627
27.7221413
22.9608479
37.6726456
96.9159164
190.4601898
182.8537445
129.9777832
78.8259735
39.4193954
24.1978149
7.7121310
5.4034538
8.4322014
45.5845947
137.3094482
170.0686798
118.0411377
49.9935722
23.6128941
18.8501244
56.9489746
41.1577950
34.9776268
41.5581207
50.0931473
43.7368393
55.4345398
81.1280518
115.8862000
141.2393188
126.9206085
99.5243912
110.2370834
165.5946045
231.1760254
200.9133606
123.6033096
60.0184021
28.5472050
23.1200848
21.7332115
30.6043320
90.1213455
171.1113281
199.6907196
161.0764008
103.0416794
60.5450401
40.1979065
28.4753742
26.4509048
45.1109238
178.8954926
267.4824829
226.6381226
108.8744507
50.8305283
31.2734566
17.6141930
17.9161167
86.0886002
115.0442810
89.6814346
41.2343102
35.4704742
43.0668755
48.3018456
40.7247391
27.3211746
49.9824409
114.1581879
154.9761658
213.2446442
303.5808105
335.5121765
270.5935974
220.5005341
176.3368683
229.7788086
308.9344177
271.6973572
189.2443695
81.8651505
23.3303127
7.4519849
49.7509041
190.9189911
276.3456726
265.5894775
189.5489197
111.6228409
45.4790802
54.0102425
38.0949860
5.6440039
6.1976223
10.4224997
114.4746933
333.4471741
485.6677246
442.1536560
246.3277588
74.1975784
31.8227596
43.4984436
108.2675171
145.8266144
98.8963852
29.2209644
8.4899721
12.1873112
43.5277939
62.0023918
32.8675957
11.4420137
3.3980496
2.0468171
1.3687856
12.2855215
48.1585388
84.6187515
99.9414520
101.8187256
114.1332092
147.6779327
200.0933838
291.2024536
335.2111206
277.8135376
187.4062195
125.3976288
228.0046387
319.0858765
240.2068939
161.5005188
76.1041031
71.1876526
172.7371826
174.8901367
85.4365845
27.7413120
31.7972240
21.6529598
12.2091837
11.2065144
7.7517047
4.4610581
1.5308546
0.9717457
0.7166480
0.3378627
0.4161729
2.3431094
6.5777388
8.0222816
6.5934854
5.4830155
5.5065823
5.7239647
4.6345778
4.5630870
4.3166790
4.7935410
5.8081903
6.9678502
8.0824718
9.2690353
11.4608021
13.4115410
13.7971458
11.6887627
9.4998913
6.9617281
3.6471324
1.6957707
0.6574727
1.7387340
14.7199850
36.8969955
49.4790840
53.0001526
45.9499207
32.0450134
21.5423450
19.6820412
20.6449203
26.7749062
31.9482632
34.8765793
35.7018356
21.5049038
8.3026228
3.0011108
5.3301744
33.6655273
79.5469589
101.1923904
97.3944550
78.7165375
60.5989494
50.0604630
44.5527992
39.3876343
35.9324074
32.0882378
34.8813095
30.2179565
24.5388145
16.4600677
7.3672533
1.9772434
0.6268708
11.5452118
116.5669937
260.6289062
326.3505859
342.5240784
383.6020203
375.2818604
261.4720459
98.0440369
35.4421883
15.2628126
46.9927483
235.5807800
358.5338135
234.8311310
106.2425690
88.0867996
124.7415924
242.7836304
371.5169373
449.9220886
540.3947754
713.3099365
825.8859863
824.8762207
654.1677856
446.8804932
284.8565979
192.8589935
108.0818481
53.4221268
12.1969023
1.8512650
0.2632079
0.7514182
1.4434352
1.3922979
0.2853556
0.2134331
0.5636818
1.3833619
2.0174863
1.9553051
2.0043445
2.2158570
2.3858232
2.1652548
1.6598167
1.4570483
1.3443904
1.1146007
1.1113280
1.0492557
0.9620332
1.0382328
0.8524456
0.8186541
9.3639545
81.2827301
223.9825439
324.5098267
285.9692383
162.9606171
140.3146210
176.6113892
244.0433655
273.0497437
160.9172821
45.3136063
75.0717239
157.1919250
266.5087585
399.5344238
597.2499390
734.4865723
727.0841064
662.0386353
537.7973633
475.8787537
352.7129517
224.8632965
119.7081680
31.4801636
12.2374115
17.1649380
87.7599182
201.1796722
242.1530151
227.3935242
208.9276733
165.0158539
116.5954132
62.1420593
33.5601387
17.4468441
42.2708931
96.8607025
95.2258453
67.0875244
28.7572937
13.1671314
23.2170582
22.2802887
14.9734936
5.6258373
1.7026441
0.4470889
0.5126812
1.3103809
3.5025284
4.2474790
3.5552096
2.5294073
2.0282075
1.7879834
1.4713799
1.0069174
0.7190609
0.5100546
0.4255808
0.4893088
0.5020801
0.5733683
0.7501967
1.2162746
1.4416673
3.8557549
32.6494179
115.9328156
244.3373871
336.0614929
303.1636963
173.1531219
72.7909622
26.8689423
5.8561940
1.1024871
4.0584259
15.0966587
8.4803591
17.3212376
92.7052460
234.1633606
370.7894897
482.1105957
554.2868652
556.7802734
446.5698547
254.1662292
69.2622833
13.6338501
2.7481265
0.3424682
0.2085636
1.2414776
3.1817341
1.4236618
0.2805600
0.2301787
0.3697516
0.3339652
0.2854106
0.3346863
0.5762440
0.8879023
1.0032438
0.9278653
0.6188877
0.4253292
0.3287092
0.7551136
2.1079662
2.5510573
1.2831864
0.5935531
1.3194700
2.7166276
4.0253725
7.6613417
15.6325035
23.1023159
21.2683868
13.5702362
18.6270370
38.6867027
50.9652634
33.1388321
9.3857079
5.0364447
7.4955044
19.9339371
35.2174835
46.8467865
57.8163948
62.3562508
55.8877144
49.7597198
42.4583206
28.9726105
19.3122921
14.6868296
19.7145596
29.6090698
32.0013885
23.9208908
13.4837799
5.9441547
2.0077331
1.1215912
0.3258454
0.0936590
0.8363178
2.4893582
1.9688139
0.2673066
0.2664573
0.1955745
0.2448082
0.4180738
0.3383227
0.3938614
0.4011667
0.4494746
0.4977446
0.4368343
0.4354505
0.4846035
0.5244236
0.4424336
0.4431530
0.4378591
0.3814137
0.4586457
0.4858969
0.2760066
0.2382467
0.4156684
0.5390331
0.3950922
0.3752891
0.3389156
0.3065745
0.3423651
0.3356295
0.3112536
0.4255422
0.4793441
0.3461767
0.2482802
0.2636150
0.8255787
4.2620649
13.4173403
25.7075768
28.7198372
15.0781221
9.9278460
35.3263779
64.5499878
47.6455956
6.6533532
10.6161394
37.1888771
62.7312431
54.5887451
42.7032394
40.6934891
37.8652306
32.9490662
19.6859379
10.2741547
9.0628109
26.5544720
63.4768562
80.6638565
75.2480545
62.6478806
49.0937729
31.2043839
14.8879681
6.2212582
3.8946097
2.4460878
1.1721482
0.9866127
1.7843153
1.9157579
0.7472698
0.1689012
0.0890408
0.1677135
0.3194201
0.2779526
0.0751433
0.0058583
0.0011405
0.0001158
0.0000000
0.0000000
0.0000000
0.0000000
0.0000000
0.0000000
0.0000000
0.0000000
0.0000000
0.0000000
0.0000000
0.0000000
0.0000000
0.0000000
0.0000000
0.0000000
0.0000000
0.0000000
0.0000000
0.0000000
0.0000000
0.0000000
0.0000000
0.0000000
0.0000000
0.0000000
0.0000000
0.0000000
0.0000000
0.0000000
0.0000000
0.0000000
0.0000000
0.0000000
0.0000000
0.0000000
0.0000000
0.0000000
0.0000000
0.0000000
0.0000000
0.0000000
0.0000000
0.0000000
0.0000000
0.0000000
0.0000000
0.0000000
0.0000000
0.0000000
0.0000000
0.0000000
0.0000000
0.0000000
0.0000000
0.0000000
0.0000000
0.0000000
0.0000000
0.0000000
0.0000000
0.0000000
0.0000000
0.0000000
0.0000000
0.0000000
0.0000000
0.0000000
0.0000000
0.0000000
0.0000000
0.0000000
0.0000000
0.0000000
0.0000000
0.0000000
0.0000000
0.0000000
0.0000000
0.0000000
