0.0000000
0.0000000
0.0000000
0.0000000
0.0000000
0.0000000
0.0000000
0.0000000
0.0000000
0.0000000
0.0000000
0.0000000
0.0000000
0.0000000
0.0000000
0.0000000
0.0000000
0.0000000
0.0000000
0.0000000
0.0000000
0.0000000
0.0000000
0.0000000
0.0000000
0.0000000
0.0000000
0.0000000
0.0000000
0.0000000
0.0000000
0.0000000
0.0000000
0.0000000
0.0000000
0.0000000
0.0000000
0.0000000
0.0000000
0.0000000
0.0000000
0.0000000
0.0000000
0.0000000
0.0000000
0.0000000
0.0000000
0.0000000
0.0000000
0.0000000
0.0000000
0.0000000
0.0000000
0.0000000
0.0000000
0.0000000
0.0000000
0.0000000
0.0000000
0.0000000
0.0000000
0.0000000
0.0000000
0.0000000
0.0000000
0.0000000
0.0000000
0.0000000
0.0000000
0.0000000
0.0000000
0.0000000
0.0000000
0.0000000
0.0000000
0.0000000
0.0000000
0.0000000
0.0000000
0.0000000
0.0000000
0.0000000
0.0000000
0.0000000
0.0000000
0.0000000
0.0000000
0.0000000
0.0000000
0.0000000
0.0000000
0.0000000
0.0000000
0.0000000
0.0000000
0.0000000
0.0000000
0.0000000
0.0000000
0.0000000
0.0000000
0.0000000
0.0000000
0.0000000
0.0000000
0.0000000
0.0000000
0.0000000
0.0000000
0.0000000
0.0000000
0.0000000
0.0000000
0.0000000
0.0000000
0.0000000
0.0000000
0.0000000
0.0000000
0.0000000
0.0000000
0.0000000
0.0000000
0.0000000
0.0000000
0.0000000
0.0000000
0.0000000
0.0000000
0.0000000
0.0000000
0.0000000
0.0000000
0.0000000
0.0000000
0.0000000
0.0000000
0.0000000
0.0000000
0.0000000
0.0000000
0.0000000
0.0000000
0.0000000
0.0000000
0.0000000
0.0000000
0.0000000
0.0000000
0.0000000
0.0000000
0.0000000
0.0000000
0.0000000
0.0000000
0.0000000
0.0000000
0.0000000
0.0000000
0.0000000
0.0000000
0.0000000
0.0000000
0.0000000
0.0000000
0.0000000
0.0000000
0.0000000
0.0000000
0.0000000
0.0000000
0.0000000
0.0000000
0.0000000
0.0000000
0.0000000
0.0000000
0.0000000
0.0000000
0.0000000
0.0000000
0.0000000
0.0000000
0.0000000
0.0000000
0.0000000
0.0000000
0.0000000
0.0000000
0.0000000
0.0000000
0.0000000
0.0000000
0.0000000
0.0000000
0.0000000
0.0000000
0.0000000
0.0000000
0.0000000
0.0000000
0.0000000
0.0000000
0.0000000
0.0000000
0.0000000
0.0000000
0.0000000
0.0000000
0.0000000
0.0000000
0.0000000
0.0000000
0.0000000
0.0000000
0.0000000
0.0000000
0.0000000
0.0000000
0.0000000
0.0000000
0.0000000
0.0000000
0.0000000
0.0000000
0.0000000
0.0000000
0.0000000
0.0000000
0.0000000
0.0000000
0.0000000
0.0000000
0.0000000
0.0000000
0.0000000
0.0000000
0.0000000
0.0000000
0.0000000
0.0000000
0.0121251
0.2696458
0.7336013
1.0177255
0.9597718
0.6218606
0.3222632
0.1617777
0.2214148
0.2846408
0.3321175
0.2101614
0.2028509
0.2158040
0.2565822
0.3122237
0.4572868
0.5104063
0.3929021
0.2856979
0.2623017
0.3464673
0.2971893
0.3554990
0.4089860
0.4750779
1.3272830
5.1415353
10.1030455
13.0972395
14.5348167
22.9045525
42.7479591
59.7369423
68.0702591
67.2296677
55.4788322
47.7750626
42.0515366
34.7980957
20.8288193
19.1988907
23.7076607
28.1086369
19.7199192
12.2324963
13.1454487
10.8691502
3.1480887
0.3911116
1.0742021
7.3774853
17.1619415
16.2367001
6.8738322
2.4569006
1.8205701
1.9710951
2.9290996
3.8206239
3.6148560
2.2177410
1.2697912
0.7393057
0.4987288
2.3213887
5.8626719
5.5552669
1.8824794
1.0258570
0.9083264
1.1090969
11.8085165
49.8052025
77.0083160
53.4474564
2.1922824
0.0634392
0.0095620
0.0722111
0.8974542
2.3810334
1.4152364
0.3493542
0.3099164
0.6189735
0.6506010
0.2957848
0.1600180
0.2719626
0.3168070
0.2143750
0.1557952
0.1957411
0.3176356
0.2952000
0.3226860
0.3088537
0.3259663
0.3779113
0.4782390
0.4418203
0.3261360
0.3063189
0.2989358
0.4270645
0.3534983
0.3168193
0.4423969
0.4130387
0.3828082
0.3607781
0.3873083
0.3567411
0.2413933
0.1612534
0.1616826
0.2462988
0.6415233
6.2592812
24.6005955
47.2087097
52.1590004
29.4252911
6.6496673
2.1135249
1.4703286
1.1545924
34.4828758
111.9051208
171.4306488
178.0571747
131.5299835
89.2768707
66.6368484
43.8489380
15.8222008
50.1071930
51.0905724
26.1680164
9.9392233
7.8822370
6.0738864
3.7775288
3.2088299
5.5551372
8.5118980
7.8424602
6.2908673
10.8880739
18.1036415
25.1305008
49.9029427
97.5990448
126.8906021
110.0712051
71.1999054
45.8888016
35.6008186
43.5728607
71.6429596
88.2234802
92.6868591
94.5013885
93.5229874
87.5854034
69.1893387
52.1294212
47.8986816
52.8637657
57.8957138
59.1150131
57.9941673
61.2524643
62.8994331
63.4954453
60.8706779
52.7713776
36.7105827
16.8473167
8.9999256
2.7424493
0.4467822
3.3175950
13.3497257
19.2572823
12.8842363
4.6948051
1.4754639
0.6209390
0.2408893
0.1235084
3.1086924
23.5176506
54.8827896
75.4687119
65.9128342
35.7469444
15.2095480
8.7252865
8.3845596
13.8717756
26.0679073
38.2616310
43.1146278
48.5079956
61.3602562
66.2236023
52.3443985
41.3718567
68.6801300
75.0408859
65.4434586
67.2900162
87.7134857
112.1887741
110.0378342
78.1097260
35.5415268
6.1890178
3.2943375
1.0096719
7.2121582
23.9602089
45.1485367
59.2569466
56.9394341
43.7939034
32.7484894
36.1762047
44.6150208
37.8715363
32.3101425
35.3875885
40.5013657
42.5333252
37.5889282
33.0434113
30.5820580
27.1575375
22.8293476
19.4602146
18.0392189
14.4727373
7.2447863
1.7805072
1.3946569
1.9331275
2.0420058
1.0922117
0.6387006
0.3935269
0.3681037
0.3372420
0.2205354
0.2283285
0.2494917
0.2691862
0.2749210
0.2442406
0.2427244
0.3064917
0.2617840
0.2422076
0.2602404
0.3751675
0.3575266
0.3320961
0.3336957
0.3608130
0.3413894
0.3138335
0.3435972
0.3962300
0.4469586
0.4291725
0.4198170
0.4463318
0.5364662
0.5016424
0.4282740
0.5059304
0.4052243
0.3855199
0.3517805
0.2780590
0.3344363
0.3297969
0.3015326
0.3915076
0.3211298
0.2831882
0.2684394
0.2508085
0.2816144
0.3349331
0.3618175
0.4307563
0.4800050
0.5346271
1.6496629
7.2557211
21.6089325
35.7790871
34.8241959
18.3467579
7.4597754
4.5843315
4.3360891
4.9817238
7.4841161
10.3564987
12.6242647
10.4835157
4.1716170
1.4749796
3.3532658
13.3524170
33.3084641
45.8122635
45.1216316
43.0970306
38.5638390
28.7077751
23.1531658
11.3314400
10.3749657
19.8738575
18.2461319
11.8952303
7.1335754
10.2009439
12.1077890
10.0616617
7.6707993
6.3365703
5.2776260
3.9452839
2.2247906
1.0850409
1.0138026
9.0753441
35.2073174
71.1580505
90.1943970
79.2900848
51.9459877
33.7891197
28.6633873
32.4106636
29.0569973
19.8042374
12.2457972
12.0477905
10.1624117
4.4709253
1.4122390
1.0604534
4.6196208
7.2671628
3.3975139
0.3571856
0.2744873
0.2723847
0.2413152
0.1260489
0.1074694
0.2094616
0.3058179
0.2631994
0.2424582
0.2728101
0.2792801
0.2968960
0.3368015
0.4627404
0.4614985
0.3195288
0.2364040
0.2878945
0.4059265
0.4423774
0.3494663
0.3116311
0.2523832
0.3365630
0.3927676
0.4126545
0.3505455
0.3085921
0.3395666
0.3281580
0.2939316
1.9449403
10.5506439
26.5276756
44.6748886
60.0881157
59.3384705
34.5270996
10.0405731
0.3197945
0.1616056
2.4416237
17.3903179
23.7669239
16.8768730
8.5484467
6.1196146
9.7167959
12.2268457
13.2599936
11.3135729
7.6189408
3.4291329
1.2948167
0.5337378
0.3734788
0.5247309
0.8431379
1.0395803
0.9968935
0.9722292
0.9517605
1.3418529
2.2918940
2.8159990
2.4534006
1.7173092
1.4106305
1.6536160
3.0285358
6.0150743
8.2380133
8.1831493
7.9085875
9.6103115
14.4994459
19.6806087
20.7530098
16.0357895
11.5568199
10.1345015
6.6071210
10.7848682
21.2253838
16.9209023
14.4791937
15.6094227
16.7447891
15.9824438
14.7890301
14.6594200
11.0471172
6.4187293
15.0969696
14.8070593
8.2674532
11.9629087
8.7947550
11.0859756
16.2282696
21.9876308
33.4393997
45.8623505
53.5866585
49.1047592
40.3654022
32.4006462
19.6263237
8.9212484
3.8653235
3.5794964
7.8312340
12.8458719
15.3176975
13.3219271
9.9748039
7.5294108
6.3438959
8.3040848
9.3261080
7.7217364
5.7939243
5.5247698
6.6923981
5.4913583
3.1826808
1.4685959
1.1709670
1.7112499
1.8781521
1.3781588
0.9526860
0.6939271
0.4776905
0.4231268
0.3693447
0.2950806
0.2561430
0.2151577
0.2440273
0.3666924
0.4269645
0.4476891
0.4095904
0.3633738
0.3718718
0.3507325
0.3049121
0.2454512
0.2863079
0.3156930
0.3023621
0.2841903
0.3667703
0.5168315
0.3918540
0.2658705
0.2589339
0.3081958
0.4473630
1.8133491
5.3292861
8.7967529
10.3436813
10.5506020
10.3843241
9.1740189
9.0111446
9.1703396
10.2969389
15.8288269
24.9915943
31.3209496
30.0652122
28.2761707
29.8883457
35.7129822
40.9850655
47.4501686
56.6503792
62.4648895
63.8472786
58.2315063
50.8566017
42.8119583
37.8388481
35.3747940
34.2837296
31.5419579
26.2314663
23.1593361
23.6191959
26.0626163
28.5441780
25.9954720
19.1234951
14.9747801
12.2887774
11.2973146
9.8211489
7.7450628
4.5945597
2.7062194
1.8695593
1.8133178
1.5918134
0.6408605
0.2408181
0.1808996
0.2472284
0.3035116
0.2834272
0.2964244
0.3555751
0.3778671
0.5072774
0.4915258
0.4112206
0.3289401
0.2541243
0.1988426
0.2124335
0.2159959
0.3403628
0.4058932
0.2994872
0.2623511
0.2588867
0.2331595
0.2374483
0.5046254
4.4488602
11.8404732
15.1003704
11.5019989
7.0803270
7.1827574
7.5125861
6.7916694
5.4758115
4.5557284
4.5248485
4.6120372
5.0170836
5.5117235
5.4044142
9.0176897
29.8734398
67.9307327
96.5980835
87.4485092
56.9572411
42.1309891
24.8891735
33.3471260
38.9390450
27.8044472
14.4996033
8.8730764
4.0972462
7.2357440
11.1831789
10.4312229
3.7428422
0.8093824
0.1729912
0.0947418
0.6468924
3.8382545
10.5269566
17.3863258
28.1069698
45.5523491
61.5382767
70.6653824
90.1164856
96.2330322
79.4626160
49.4728584
30.9590588
19.6686192
36.1969833
33.3406487
19.3855801
12.2339554
28.0316124
50.9226799
52.9348602
34.9391632
20.1721706
9.2548828
4.0475044
4.1106763
6.8229213
5.4726524
2.8963857
3.1053429
3.8099339
2.8909960
2.0482090
1.6131930
1.8247960
1.8789114
1.7495767
1.7911128
3.4773993
4.7993665
4.6076412
3.7364383
2.8133950
1.9793127
1.6794257
1.5136790
1.5486383
1.3984768
1.1185818
0.9020525
0.7640116
0.6573407
0.5750551
0.4222962
0.3062258
0.1777859
0.2938249
0.3503270
0.2749058
0.1950702
0.2056387
0.2565759
0.3332752
0.3870854
0.3423022
0.3826944
0.3282738
0.2314878
0.2705353
0.2336016
0.2844787
0.2905485
0.3667500
0.3951166
0.3916286
0.3279353
0.2854079
0.2992488
0.3146911
0.3110752
0.4395120
0.7130911
0.7267377
0.5979789
0.4712237
0.2294126
0.1591230
0.2289267
0.3162828
0.3733841
0.3551891
0.3028746
0.2450686
0.2748514
0.3704604
0.6001974
1.1886158
1.6685580
2.2691751
3.6093800
5.3395367
10.5619860
20.6693478
25.3020344
16.5129375
2.6644585
1.6286483
2.4518251
2.5900373
3.6390386
7.4802742
20.0068169
41.0853157
62.2722092
74.0612946
57.3482094
33.6357422
12.5272398
8.5703287
12.3600321
8.9010649
6.2500315
4.5125651
3.4700882
4.5461864
6.5748177
7.6033244
11.7112494
15.0965509
11.0614605
2.3858731
0.4349616
0.5122681
0.8803819
1.5428176
2.0348139
0.9742589
0.2625688
0.1664850
0.3248864
1.6862020
5.6498480
8.2113581
10.3599501
15.4857101
18.8936157
15.5921640
9.5594339
6.6883698
5.0557451
4.0464988
2.2719548
1.7712090
4.4411249
3.5258746
3.6432362
5.2653065
5.6308103
4.3576298
7.6280890
13.7596617
19.1578960
19.5695133
14.4873638
9.0421867
4.6637020
1.7822328
1.6855847
1.5242826
0.9341631
0.8829271
0.7523382
0.4516947
0.2348164
0.1890615
0.1982934
0.2145462
0.2423778
0.2695392
0.2386899
0.1930270
0.2080307
0.2043210
0.2295673
0.2825627
0.3173046
0.3511427
0.3568757
0.3034492
0.2744036
0.2675598
0.3669956
0.3515663
0.2983191
0.3137196
0.3220144
0.2932964
0.2876588
0.3111475
0.2572900
0.2885584
0.2587461
0.2765543
0.3110029
0.3468210
0.4015329
0.5040689
0.4358468
0.3130310
0.2772989
0.3147440
0.3159029
0.3087051
0.3322948
0.3147964
0.3850589
0.3470381
0.2678234
0.3612972
0.4590557
0.3318560
0.3567522
0.3956144
0.8405064
1.9482474
3.9547682
5.9983540
7.2279692
7.3141661
7.5023127
10.0561752
12.3224773
9.9148140
5.3071618
2.6815963
2.8439240
2.6748614
2.2720709
3.6956124
11.7857790
36.7506218
59.7716675
58.9576035
40.9568939
24.9010620
16.1613178
8.7216702
16.0125866
13.6942558
8.4411678
6.7420220
8.5228605
8.2325773
6.6487522
5.7762680
4.9748011
3.4803288
1.5055878
1.1420338
14.4630814
44.4026260
64.2294540
54.3092766
33.8558502
21.9416904
19.1767368
20.1773148
36.1685715
33.3875389
25.2606850
19.0707207
13.7576084
7.3338685
2.3859553
0.7809061
0.2768623
0.1277190
0.1739165
0.1949486
0.1828112
0.3261704
0.3554204
0.4027013
0.4925541
0.5348475
0.4897911
0.4475075
0.4054658
0.4847887
0.7987587
2.0632660
6.3663397
14.9002476
25.3393021
33.1571312
35.2921906
32.4764175
25.6459751
24.1144238
17.1346169
11.9628115
5.7290454
6.3882408
17.4434872
25.8457394
32.3706665
37.8950844
32.3146935
20.9867725
7.6611567
4.2736082
14.9450617
15.3863010
11.1903820
7.9224210
4.8972721
4.8334804
6.2619147
6.0481200
5.2392006
4.8319683
3.9275293
4.1695786
5.5101528
5.3178082
3.1618760
1.5255227
3.7513523
3.2064800
1.9752880
3.5076556
3.4191709
0.8940477
0.1801302
0.1016911
0.2262229
0.4005421
0.2966577
0.2301295
0.2087560
0.3713575
0.4733413
0.4773475
0.3710335
0.2211454
0.2357394
0.2578638
0.3041804
0.2717261
0.2396539
0.2434081
0.3581063
0.4213792
0.2865636
0.2414631
0.2519402
0.3996740
0.4212587
0.3176400
0.2292982
0.2848498
0.4074303
0.4561030
0.2800591
0.1574717
0.2029790
0.4627669
0.8125598
0.9666141
0.7386031
0.4624991
2.6342771
8.0903893
10.8679285
8.1017990
5.1772432
4.6778569
4.0181274
3.7974331
3.5505133
2.2258930
1.4614842
0.8058488
0.3437115
1.3272703
7.6866217
25.3543110
46.5203171
53.5851135
40.3251038
26.6077137
20.6898060
13.9921350
6.6817722
4.9492512
3.0592387
1.9847630
3.1996417
8.5210342
13.6363878
15.3015270
11.6155071
7.0548873
4.2856493
4.9448009
6.8835235
11.2357874
16.9531174
17.0953445
13.8339548
9.9042206
9.6644878
11.9579430
14.9544544
12.1787786
8.7845068
6.8631315
4.5425377
3.2196536
2.6241207
2.3059013
5.1576171
11.2912664
12.9603825
10.9675398
9.1947021
6.3926268
4.0322790
1.8307066
2.0658302
3.0517428
2.1901598
0.8653789
0.6969095
0.4923674
0.3019739
0.4101267
0.4547174
0.3646159
0.4111605
0.4356884
0.3214462
0.2117532
0.3159291
0.4717214
0.4938429
0.3101790
0.2519315
0.3208605
0.4806030
0.4565282
0.4454806
0.5070813
0.3198273
0.2259295
0.2800592
0.2872627
0.4284801
0.4857725
0.4656942
0.3443967
0.2586983
0.2784642
0.3505288
0.3971856
0.4396732
0.4258955
0.3231805
0.2761018
0.2901760
0.2881972
0.2636952
0.2754166
0.3681532
0.3622152
0.3839712
0.3235533
0.2659393
0.3808714
1.4791715
4.1333542
6.1268487
5.2737570
2.8786061
1.1054677
2.0453136
2.5852404
2.5445209
2.5292296
2.7795649
3.0076671
2.6775062
2.3528907
1.9918721
1.9727520
1.6739867
1.4322147
1.4186251
1.5620335
1.6902525
2.6438785
5.8274550
9.2418442
9.1717834
6.0265026
4.0574136
3.4444740
3.5741749
3.6708105
2.7590268
1.5520169
1.9428339
5.1718273
4.5963774
2.9955404
1.5867640
3.0030642
6.2385778
6.5794678
3.8946347
1.6167314
1.0641460
1.7510214
1.3656404
0.3384399
0.1959191
0.2837993
0.2916653
0.3129783
0.4350609
0.3602183
0.2203797
0.2020449
0.2141776
0.2617822
0.3682020
0.3480034
0.3012216
0.2845059
0.2927992
0.2388610
0.1912390
0.2524226
0.2601470
0.2584054
0.2419180
0.2757593
0.3235069
0.4341143
0.2750095
0.2214296
0.2377474
0.4083724
0.4021946
0.2929355
0.2974852
0.2957167
0.2855621
0.2484872
0.1950348
0.2304756
0.2609161
0.2261072
0.2244054
0.2765572
0.3660421
0.4283797
0.4656618
0.4656491
0.4158674
0.2863510
0.2117580
0.1941553
0.2345787
0.3083317
0.3100020
0.3021398
0.3304233
0.3847908
0.3769690
0.3521161
0.3589628
0.3239290
0.2589586
0.2724717
0.2853155
0.2430750
0.2786198
0.2430626
0.3088419
0.3662405
2.3877878
6.9685698
9.4244995
8.3918600
12.1811647
23.2908058
33.9551582
41.3209229
42.1003342
36.0667877
27.9188271
35.6224556
41.9958458
30.5289288
33.6182175
34.7203903
36.5236626
38.8347130
36.0478439
21.4083900
20.0130386
48.0881348
80.6201782
75.5257111
55.6845932
29.5159397
39.3514786
38.7513123
15.8650608
37.6033096
40.6858635
36.1671219
75.5235138
61.6145210
20.1904335
22.4768429
14.3115559
25.1417046
59.1144447
81.4961319
95.9024048
93.8365402
80.3518295
80.6679535
106.4778519
128.1221161
120.8113632
103.4321289
111.0641861
153.0787964
179.6755829
164.5011597
145.1911316
119.7049179
115.9572983
145.3164825
159.5769196
117.6684952
64.3223343
30.3978653
18.3872166
21.7830162
12.7701788
18.9774837
14.4717741
9.4065628
9.0214262
5.3191371
2.4557087
1.7104274
3.3072863
5.5037556
6.2180228
5.1857996
3.0080671
1.0034000
0.5526842
0.3088318
0.2142512
0.2342650
0.1944335
0.1800161
0.2094888
0.2387406
0.3672544
0.3772027
0.3086073
0.3084420
0.3670480
0.2983971
0.1960648
0.2180762
0.2390518
0.3315094
0.2875232
0.3333251
0.3637811
0.3730998
0.3798034
0.3530855
0.2878061
0.2888179
0.2720674
0.2733179
0.2174691
0.2409438
0.3264877
0.2396112
0.2110093
0.2401071
0.3072330
0.3237558
0.2820318
0.2624329
0.3644931
1.0243479
2.2768552
3.2185335
3.6279490
3.9210751
4.2657428
3.9317403
3.0566590
2.2829227
1.9515162
2.4114017
5.0848250
11.6010170
18.2110806
19.5413589
13.8843412
7.2173247
5.1682987
6.5544314
6.7443595
8.0650625
6.8421202
5.4451776
4.1298223
4.2494311
8.9394054
10.7973289
4.7078824
0.7915850
0.4126117
1.0880888
2.3037429
3.7198596
5.6797009
8.1216249
11.7607517
16.1188145
17.4399662
12.0404301
3.7989030
1.3834307
0.3828850
0.4476291
0.7580622
0.6106102
0.4040690
0.6095908
0.9424729
0.9733654
0.7510227
0.5341035
0.7750357
6.0666113
18.5122585
27.4165363
22.9326344
9.0344086
1.6500843
1.5683184
1.9845167
2.6630325
2.7117920
1.8336416
1.2695643
0.5784092
2.1463897
5.0801735
6.0433655
5.3203268
4.3165431
2.1640720
0.6533473
0.6640133
2.4018033
7.0117335
10.1757498
7.6327338
3.7920961
3.0870500
6.1262035
8.2892208
7.5818648
4.8352222
3.6942997
3.5514088
3.9778554
4.5220227
4.9417820
4.9891872
4.4459629
4.4717898
5.0641823
5.8752079
6.4006395
7.1393857
7.0393696
6.4966822
4.8596611
3.0852566
1.7545840
0.9467713
0.6230867
0.3974671
0.2806858
0.2122973
0.2225068
0.1996279
0.3240211
0.4722507
0.4216875
0.2396942
0.2179056
0.3671036
0.6948512
0.6247692
0.8386148
1.3641099
1.1469829
0.2023192
0.0083535
0.0001481
0.0000000
0.0000000
0.0000000
0.0000000
0.0000000
0.0000000
0.0000000
0.0000000
0.0000000
0.0000000
0.0000000
0.0000000
0.0000000
0.0000000
0.0000000
0.0000000
0.0000000
0.0000000
0.0000000
0.0000000
0.0000000
0.0000000
0.0000000
0.0000000
0.0000000
0.0000000
0.0000000
0.0000000
0.0000000
0.0000000
0.0000000
0.0000000
0.0000000
0.0000000
0.0000000
0.0000000
0.0000000
0.0000000
0.0000000
0.0000000
0.0000000
0.0000000
0.0000000
0.0000000
0.0000000
0.0000000
0.0000000
0.0000000
0.0000000
0.0000000
0.0000000
0.0000000
0.0000000
0.0000000
0.0000000
0.0000000
0.0000000
0.0000000
0.0000000
0.0000000
0.0000000
0.0000000
0.0000000
0.0000000
0.0000000
0.0000000
0.0000000
0.0000000
0.0000000
0.0000000
0.0000000
0.0000000
0.0000000
0.0000000
0.0000000
0.0000000
0.0000000
0.0000000
0.0000000
0.0000000
0.0000000
0.0000000
0.0000000
0.0000000
0.0000000
0.0000000
0.0000000
0.0000000
0.0000000
0.0000000
0.0000000
0.0000000
0.0000000
0.0000000
0.0000000
0.0000000
0.0000000
0.0000000
0.0000000
0.0000000
0.0000000
0.0000000
0.0000000
0.0000000
0.0000000
0.0000000
0.0000000
0.0000000
0.0000000
0.0000000
0.0000000
0.0000000
0.0000000
0.0000000
0.0000000
0.0000000
0.0000000
0.0000000
0.0000000
0.0000000
0.0000000
0.0000000
0.0000000
0.0000000
0.0000000
0.0000000
0.0000000
0.0000000
0.0000000
0.0000000
0.0000000
0.0000000
0.0000000
0.0000000
0.0000000
0.0000000
0.0000000
0.0000000
0.0000000
0.0000000
0.0000000
0.0000000
0.0000000
0.0000000
0.0000000
0.0000000
0.0000000
0.0000000
0.0000000
0.0000000
0.0000000
0.0000000
0.0000000
0.0000000
0.0000000
0.0000000
0.0000000
0.0000000
0.0000000
0.0000000
0.0000000
0.0000000
0.0000000
0.0000000
0.0000000
0.0000000
0.0000000
0.0000000
0.0000000
0.0000000
0.0000000
0.0000000
0.0000000
0.0000000
0.0000000
0.0000000
0.0000000
0.0000000
0.0000000
0.0000000
0.0000000
0.0000000
0.0000000
0.0000000
0.0000000
0.0000000
0.0000000
0.0000000
0.0000000
0.0000000
0.0000000
0.0000000
0.0000000
0.0000000
0.0000000
0.0000000
0.0000000
0.0000000
0.0000000
0.0000000
0.0000000
0.0000000
0.0000000
0.0000000
0.0000000
0.0000000
0.0000000
0.0000000
0.0000000
0.0000000
0.0000000
0.0000000
0.0000000
0.0000000
0.0000000
0.0000000
0.0000000
0.0000000
0.0000000
0.0000000
0.0000000
0.0000000
0.0000000
0.0000000
0.0000000
0.0000000
0.0000000
0.0000000
0.0000000
0.0000000
0.0000000
0.0000000
0.0000000
0.0000000
0.0000000
0.0000000
0.0000000
0.0000000
0.0000000
0.0000000
0.0000000
0.0000000
0.0000000
0.0000000
0.0000000
0.0000000
0.0000000
0.0000000
0.0000000
0.0000000
0.0000000
0.0000000
0.0000000
0.0000000
0.0000000
0.0000000
0.0000000
0.0000000
0.0000000
0.0000000
0.0000000
0.0000000
0.0000000
0.0000000
0.0000000
0.0000000
0.0000000
0.0000000
0.0000000
0.0000000
0.0000000
0.0000000
0.0000000
0.0000000
0.0000000
0.0000000
0.0000000
0.0000000
0.0000000
0.0000000
0.0000000
0.0000000
0.0000000
0.0000000
0.0000000
0.0000000
0.0000000
0.0000000
0.0000000
0.0000000
0.0000000
0.0000000
0.0288234
0.2093352
0.5223640
0.7121251
0.6648027
0.5795139
0.5694289
0.5166652
0.4512875
0.4893870
0.8412195
1.0864284
0.5809046
0.1970848
0.1711417
0.1999735
0.2400981
0.2383362
0.2358196
0.2533895
0.2903108
0.3619212
0.3704915
0.7569726
2.9528222
8.5583525
18.0709248
25.8245201
25.9654179
21.5497398
17.0131397
12.1985445
11.7518759
17.2527275
21.8978500
22.0304661
21.1516132
22.8509331
22.8954582
22.4957638
21.2044048
20.8118820
20.9303303
22.7275963
25.5829830
27.8013115
26.3952045
21.2278500
18.2333164
17.6898003
20.7037277
22.7083549
24.8781815
28.0172958
24.5567093
18.6395836
13.3075848
12.8073330
20.1907272
27.6401253
34.5725937
36.5513000
35.5805016
35.4348373
35.8698273
39.7588005
45.0537605
49.8376427
57.4657211
52.0670090
36.2403603
34.9579201
41.6762199
40.7672081
30.3733063
42.6876144
52.1408577
44.4548912
37.3378525
29.0353336
25.7268753
45.3951225
61.4190598
74.0249176
80.0060577
72.9566040
49.9609718
35.4646034
33.9404869
41.3350449
44.8735504
45.4233856
60.5138855
140.2987823
228.2071075
188.1031799
97.0039520
72.3841476
63.0364685
57.1748581
53.6566582
45.8645744
33.3273621
28.6485310
21.0350723
14.7036285
8.2415276
1.6480818
3.7282526
6.9159470
7.6438193
8.1321068
3.0856361
0.5626139
0.3707170
0.3288175
0.5414748
0.3661338
0.9969204
2.6243649
4.3743134
7.3932695
11.8188992
13.8316708
13.8636084
16.4948235
24.9564209
36.5847282
42.8782539
41.4037170
36.9616241
35.3524590
39.8199043
42.5163078
36.3190117
24.8009930
15.9074249
14.2066278
17.7623043
22.9125671
32.6094475
44.0640182
41.9903679
26.8204956
15.7235575
20.8970203
46.9460068
58.1789169
48.5057526
37.1214409
25.8070393
19.4991055
27.7646523
42.8050232
49.2827225
53.3237686
47.1333847
28.3147602
16.5060997
19.8677845
29.0857239
34.7809105
37.0245590
39.0494118
36.8696060
33.2192383
36.5750046
38.8184242
43.1665421
45.1579590
51.4494209
62.3167992
71.5987701
74.4156570
69.7890778
63.1649017
55.6255302
43.1638603
30.7954674
21.8197803
18.5866261
27.4562511
38.9681511
36.2986565
25.7148342
21.3633213
44.9853325
68.0864563
58.2447433
57.5398254
74.5706024
101.1662903
121.4077606
125.0783997
114.8281708
89.5645065
72.3013611
65.3291855
48.3398781
42.0735550
46.1578751
44.4288635
31.1217594
13.5364723
8.1539249
7.4245729
9.3189793
8.2571297
12.8707533
10.8891144
4.8130589
0.9925984
1.0266764
0.7059445
0.8004690
2.0367033
2.0351264
1.9380635
2.0772181
2.2785587
2.4154248
2.4136415
1.7986047
1.3835832
1.1460245
0.8655848
0.5920725
0.5021610
0.5329894
0.5865152
0.3989525
0.3172002
0.3007863
0.4426225
0.5339723
0.5642028
0.3407426
0.2200679
0.2194549
0.2759072
0.3366992
0.2778957
6.1405020
25.9299793
46.7274551
51.0295105
49.8293686
69.1077499
98.0786285
94.2854996
70.2365036
70.2983246
130.0367889
115.4464798
76.0000305
33.8456459
65.3975067
141.8408508
148.6164703
138.5602722
101.9499741
63.5425797
22.5564613
14.7050076
17.1376476
26.5187721
29.9036598
19.5650234
4.8271308
1.2251900
5.6115851
23.6874695
47.9869156
54.0907593
37.3533211
25.8720112
20.4283962
15.5491924
12.8677082
10.6525469
11.8702106
15.0898380
15.0146370
10.4654474
4.5015702
0.6490060
0.2110886
0.0996284
0.2411466
1.6536174
10.5539837
33.1714630
63.3354530
80.0112305
73.7881470
62.3263855
67.6413345
66.9583817
54.8308029
44.1179199
30.2880421
44.4358368
47.6678238
34.9306259
23.0754223
40.4888115
60.3582382
46.4962807
32.8453064
18.2069874
15.6087894
34.6100998
28.3275833
23.7141094
53.9264755
64.0333176
39.2909622
13.8905230
4.3768115
2.2413907
5.7380705
6.6890054
6.5654540
6.0505400
4.4138808
2.4262395
1.3602424
1.2136101
1.0906194
0.7775556
0.9698620
1.8756199
2.6093950
1.8530067
0.9153545
0.6162463
0.4587111
0.3033722
0.3020494
0.4595694
0.6001641
0.5067299
0.4076724
0.4041985
0.2964930
0.2458506
0.1801148
0.3183228
0.3648602
0.3518862
0.3288561
0.7121346
1.3351412
1.1163661
12.7052917
54.9565201
110.3543091
136.9072418
119.8109512
77.2756500
46.9371414
36.6695442
39.4994583
29.3037624
17.7714157
14.1383963
11.5149174
7.5368481
2.5983813
1.5146130
0.5874478
0.1169683
0.2424867
0.2906113
0.4023249
0.4026522
0.4450954
0.4621298
0.5263361
0.4787904
0.3299562
0.3616634
0.4252160
0.5056368
0.5113670
0.5020795
0.4828353
0.3617446
0.3968932
0.3353426
0.2948700
0.3030217
0.2999160
0.2880492
0.2258657
0.2768431
0.3710851
0.3566477
0.2833080
0.3993084
1.1455593
2.3340192
3.0611329
2.9642041
2.5366616
2.9750087
4.4125814
6.4504461
6.4657974
3.6676173
1.5245638
1.9776413
4.7876387
8.2606363
7.5115290
4.7461109
3.3147871
3.6581399
6.8822756
11.9621172
20.1621933
42.2525482
81.3966293
129.8193207
170.8236542
175.8494110
141.0076141
67.8929749
44.7508469
27.5207920
23.6060123
19.3357716
32.8752251
66.0688705
77.4697952
71.1053238
54.6145172
54.5844002
67.3300552
81.5690002
98.9204712
89.1736450
43.6411514
18.6788311
8.1566086
7.7965121
11.8350716
17.9700508
19.0347023
12.2220840
14.0820379
11.4381676
11.9618349
13.6299334
7.9807634
8.3178606
11.4293575
13.1261644
9.4745817
15.5285063
16.2329273
7.2303329
13.4298592
14.9568501
5.9737287
14.4368067
23.3278790
19.5773487
13.2530441
8.0328693
23.2076874
21.4490509
19.6057873
28.4584236
22.0886860
14.2987347
6.8194017
5.9455347
13.8786306
27.2406673
32.5357361
27.6761265
16.1086960
5.2428808
0.3706031
0.3415601
0.2393293
0.1685249
0.1938191
0.2603075
0.4739175
0.6520724
0.7122266
0.4095060
0.3061568
0.7843203
3.3852131
9.6830416
17.3612957
21.4659443
24.4206905
29.9917316
35.3193283
32.6513634
25.6377792
18.6235142
13.2837877
9.8818550
18.3136139
27.7344284
25.1252098
17.3519325
15.6426554
29.8439007
26.7400665
16.5606670
10.0402231
13.9781294
41.0167809
63.9379883
72.3502121
70.1145248
52.5467987
44.6840477
40.3396149
31.9236870
19.0129261
11.6364002
12.8821707
9.7841415
26.1231976
25.7006130
22.9665833
20.0781898
15.3681841
2.1097317
0.2998920
0.0719730
1.2663405
14.5893631
26.9693928
23.5514107
12.1968889
7.7449789
8.6815224
7.1865668
5.8771062
10.8802319
18.3674316
18.3936539
15.3034744
12.9856224
13.6164751
12.1256323
6.8706155
6.7653747
10.2531223
7.3923206
7.1897573
12.2199526
18.2973137
19.9230576
16.6646385
10.9759407
7.4536581
16.2665691
19.9089870
17.3316975
22.8320866
33.4544144
41.8182297
37.3776550
26.5676117
18.7099304
26.5737305
38.1170197
35.9715729
26.7767315
27.0271931
30.4815063
15.3516788
6.4982734
8.4108315
6.3301835
3.1774023
1.5157863
0.9969887
0.6522817
0.4027947
0.1610358
0.1567376
0.2190239
0.2746888
0.5934334
0.8534769
0.7113922
0.6274543
0.6217395
0.7368321
0.6480390
0.6509452
0.7734730
0.7165658
0.6790429
0.6851395
0.6617275
0.5653731
0.4758853
0.4559740
0.5108511
0.5163554
0.3978269
0.3009397
0.2630582
0.2348563
0.3048673
0.4368688
0.4801876
0.4095781
0.2592515
0.2586887
0.2348041
0.3292994
0.5281656
0.4912948
0.5206732
0.5496804
0.4468983
0.4352551
0.6344265
0.7173797
0.5035341
0.3105491
0.3278207
0.4366089
0.6733657
0.8882772
2.4486163
5.3351240
6.2841816
3.7530420
0.7058354
0.1094438
0.0848600
7.3454151
49.2740593
100.2954407
111.0366669
66.5253906
23.0604744
11.0869141
7.2725492
3.8382468
7.2003818
11.5398407
10.6172981
10.5269651
24.7636890
48.4665298
65.5315170
66.1333466
65.0779343
45.9825668
21.4031067
4.3917871
0.6736795
1.7875166
7.7390270
17.7483788
18.8464260
11.2007923
3.3447690
1.0062904
0.4306155
0.3372753
0.2633106
4.7268453
24.8587112
45.6555176
43.5336227
20.0590820
6.6969924
3.9088910
1.3307301
0.2128922
0.2061256
0.3593504
0.4704066
0.4338831
7.2965422
33.5253525
63.2442360
79.6974716
106.7351913
129.8277130
118.5416870
87.5910568
66.6355820
54.5077133
71.2947922
98.8398132
123.5208893
156.3518219
161.5933838
130.3979492
98.0344467
80.8961639
76.7176056
98.0550613
136.5081329
164.6219940
184.0000000
174.1197052
130.7116547
71.4130859
31.5852013
92.8225098
168.9296875
119.1079788
69.8874359
48.6162949
28.8971710
26.8817673
19.9225464
19.3507347
16.0146122
15.8188171
19.8691063
22.6494446
18.7473526
13.9421949
8.5657654
2.6375504
1.1889927
9.4062300
45.8022499
103.5983582
142.0319214
140.8871765
105.6097031
70.0883636
37.4646606
24.0162182
61.3334503
82.6535034
84.0145035
69.8503799
40.9947586
33.0583267
62.0341568
90.9914322
67.3025970
33.6611824
13.0871572
16.8143463
24.9936543
18.7098389
7.9201441
5.7456193
13.0570650
18.1549149
11.3554497
4.4258223
2.3735957
1.5081141
1.0213200
0.6803386
0.2345735
0.1556815
0.1285015
0.1321327
0.1645245
0.2170754
0.5115039
1.0348089
1.4485811
1.5350618
1.3278161
1.1017407
1.0503204
1.0732967
1.0146883
0.9033502
0.7584764
0.5615640
0.4090563
1.6189302
5.7162786
15.8925190
28.4173222
30.8427124
21.0425949
13.1427040
8.3344269
4.5278606
8.7577276
47.0263748
101.2233276
119.2219772
79.3010864
26.0550938
5.1605797
2.7006230
0.9654778
5.9298105
18.0091305
58.5520515
120.6965485
162.9018097
152.9138947
102.2241287
60.9223099
36.6619415
38.3898392
25.4476471
17.1628819
33.0429916
40.9434204
36.2475357
23.9524097
10.8643637
14.7815247
21.0929375
19.6659660
13.4266043
8.6146555
4.1892543
0.9980202
4.9938045
14.6346912
18.7763405
10.2590466
3.4978256
1.8656065
1.1222486
1.2380645
1.0078385
0.9866081
0.9260014
0.8928833
0.7918919
0.5633657
0.4755222
0.4298444
0.4190738
0.3792335
0.8267628
1.9455647
2.0812225
0.9392932
0.3328347
0.1744195
0.2322826
0.6267362
1.1910325
1.5201845
0.9858992
0.4264017
0.3730370
0.5802655
0.7584049
0.7986917
1.0988176
1.8583872
2.4996624
2.0196843
1.1861175
0.8911681
1.0012724
1.2584229
1.2304339
1.1208403
1.0795947
1.0683906
0.9842664
0.6948056
0.6035542
0.6703833
0.7301552
0.7088819
0.7150363
0.7282953
0.7103269
0.4942983
0.3619350
0.4106890
0.4643769
2.1301308
6.7069612
13.7407837
22.5232105
29.9994030
31.7381592
27.8071594
22.5010376
19.5293808
15.9234800
13.2719278
12.3653450
10.3888750
9.9558086
7.9960933
7.0712800
5.7503791
4.6656075
4.0062909
3.9510992
2.4428592
1.3392284
1.3605347
1.6528671
1.0792294
0.5720536
0.6010054
5.1775451
29.3807869
52.5497360
42.2748337
5.6915350
0.1101203
0.0019019
0.0010287
0.0259798
0.4110830
1.2544185
1.9553317
1.3768210
0.4688845
0.3417755
0.7920001
1.3067878
1.7093086
2.1931829
2.6031466
2.7465611
2.5989468
2.7014899
2.7622414
2.8745153
3.4019666
3.3519211
2.9320354
2.9836550
3.4462690
3.8738680
3.2485616
2.7866409
2.6944036
2.3152328
1.8565570
1.3088856
1.0575449
1.0128672
1.1953433
1.2193348
1.0246900
0.8541361
0.9118998
0.9444604
0.7906051
0.6744109
0.5159449
0.3705999
0.2979940
0.3542211
0.5461667
0.4434344
0.3394086
0.3750025
0.3537665
0.4108387
0.3480301
0.2407712
0.5512260
2.6194715
9.8448095
22.0331421
38.0354195
55.5983238
71.4053879
79.9148407
79.8137283
76.8466644
83.0430374
108.9982071
130.3373718
127.7512131
86.9661713
49.8933830
28.0574150
28.9491692
88.9517059
109.2752457
89.2749405
47.2061577
11.6933174
0.7923607
0.5011137
0.1998825
0.5797331
1.3845915
0.5098262
0.2264444
0.2970416
0.2986219
0.2612374
0.2680705
0.3977639
0.5774167
0.6019212
1.6561620
6.9903531
13.7676277
15.3482370
12.2209463
10.3360672
10.2192440
10.9584684
11.9845257
13.3121471
16.6139946
20.0536137
23.2392464
23.6593342
25.4567833
27.9414215
43.5299911
70.9711151
85.5912018
75.8011475
56.6183777
42.0495224
32.1420364
28.1541252
43.5149384
58.3031616
60.8262825
58.7072487
49.4866714
36.9730759
29.6175175
30.1370583
16.7708511
18.0305443
30.1782360
40.9858780
36.2043648
28.9818001
44.8359337
56.2711601
50.3156586
53.4848137
70.7581635
80.3012238
79.4797821
73.7740402
61.4999123
57.0358925
69.5676422
71.8428345
61.4301262
41.1737823
29.3491535
21.5561104
18.1074314
22.0243034
26.0774937
23.3929501
19.1678696
16.6090393
13.0206051
11.8875284
11.1486645
8.6758604
4.1032920
2.0303454
0.5786805
0.2669699
1.9026909
6.3616514
5.7159758
1.9374102
0.4021482
0.1876976
0.2256589
0.2899163
0.3207151
0.3434551
0.3994278
0.2868813
0.2103197
0.1784658
0.2547152
0.2105732
0.1809518
0.1540673
0.2382945
0.2864938
0.3112979
0.2344772
0.2116017
0.2134525
0.2252276
0.2393821
0.2932434
0.3821388
0.3989537
0.3452659
0.3333682
0.3787988
0.3458545
0.2852066
0.2616857
0.2582059
0.3729491
0.4863434
0.4077576
0.2710853
0.2314635
0.2202562
0.2447141
0.2287066
0.2986196
0.3344956
0.2990657
0.2418200
0.2805808
0.4038900
0.4788128
0.2944441
0.1745331
0.2079616
0.2375056
0.2847315
0.3035233
0.2943730
0.3293552
0.2930802
0.3684949
0.3653182
0.3266882
4.4071355
19.4280930
40.2755394
54.6982193
55.9049301
49.8998795
45.9042511
40.4012375
33.1019096
23.3614769
19.7544117
17.9614143
10.7766590
7.8599777
6.7680321
8.3545771
10.7382574
12.0342407
12.4471760
13.5519915
12.4981489
9.2519989
6.2646198
4.4940748
4.9644718
6.2447710
6.5070562
5.6092520
3.5358200
1.8776271
1.0635569
0.7524872
0.8053135
2.9506550
13.4894714
27.4175377
32.6185493
25.9343338
15.6763229
7.8560324
4.9671230
3.6004834
3.2613540
3.8139241
5.2998309
4.3007083
2.3477492
1.8312011
1.4478223
1.2000933
1.8716862
2.5018070
3.1306415
4.8789263
6.9609423
6.7512093
5.4912858
3.4995036
2.2674127
1.3157945
0.9130778
0.5931588
0.3275600
0.2344209
0.2722346
0.2738601
0.2209711
0.2649234
0.2615445
0.2650382
0.2805902
0.2657454
0.2283431
0.1972938
0.1961945
0.2109033
0.2535551
0.2916452
0.3822610
0.4234013
0.3588410
0.2979302
0.2424283
0.3695561
0.5252377
0.3558669
0.2425467
0.2299612
0.3692505
0.3454456
0.2249024
0.2246911
0.2630190
0.2794254
0.2278126
0.2263514
0.2839837
0.3110979
0.2842631
0.2969068
0.2392999
0.1771333
0.1993333
0.2399711
0.2559470
0.3088932
0.3821679
0.3773282
0.2618180
0.2790621
0.4052714
0.3945532
0.2253328
0.2096795
0.2072491
0.2243706
0.2656458
0.4080167
0.5974641
0.4796937
0.2142772
0.1827348
0.2407715
0.3013407
0.4170502
0.5548210
0.4019681
0.1768852
0.5579971
7.6249146
30.3746891
54.5681686
56.8749619
35.8300819
14.1892939
4.3035879
1.0132529
0.3944139
1.2862320
4.6180134
12.0856123
27.6596680
47.6497116
57.5664062
55.9077072
43.1575584
35.0115204
25.6544304
22.4469566
21.0922928
12.3187408
3.9868679
0.3945268
0.1343769
3.6033809
15.0893888
21.7479858
14.8743238
4.0755858
1.0553437
0.3889008
0.2751057
0.2311981
0.1941886
0.2330904
0.3218866
0.1862436
0.1977503
0.2699429
0.3222953
0.2295275
0.2279001
0.2161655
0.2536756
0.2498679
0.3819506
0.3444755
0.2074920
0.2127355
0.2547569
0.2935981
0.3283574
0.3941368
0.3792041
0.3460811
0.3507786
0.3543648
0.3247561
0.2643876
0.2385596
0.2156647
0.3158658
0.4653183
0.5387964
0.4169853
0.3223582
0.4042869
0.3684280
0.2852537
0.1632562
0.1928783
0.2384981
0.3068999
0.3742069
0.2629213
0.2438879
0.2826264
0.3561332
0.3667140
0.3003937
0.2107893
0.2083596
0.3198096
0.3609384
0.3065228
0.2287296
0.2534512
0.2356461
0.2683930
0.4930119
0.5965910
0.3171662
0.2195835
0.1998640
0.2394079
0.3433381
0.3716705
0.3103099
0.2147326
0.2686855
0.3940001
0.5738670
0.4897910
0.3131221
0.1648024
0.1721329
0.3225441
0.4078427
0.4545875
0.4556275
0.4797229
0.4172270
0.4317787
0.8907561
2.7088134
4.6987762
4.6047468
3.0494874
1.9491254
1.2872941
1.0974706
4.1573682
9.1710348
12.2076321
12.2003918
10.5364571
10.3190145
10.7071390
9.5026188
6.1318474
5.0255237
6.4666586
5.4382753
2.6877718
1.0865312
0.9223809
1.6134644
3.0078642
3.4765363
2.4124153
2.0161352
1.6501012
2.5427828
6.2835326
8.8806238
7.6679182
3.7296014
1.4154992
1.0199760
1.5104952
1.7696795
1.6480486
1.2000201
0.7662206
0.5386820
0.5122139
0.3237396
0.1984263
0.2300797
0.3178686
0.5352635
0.7224257
0.8378331
0.4926676
0.1638489
0.1809095
0.2987643
0.3759741
0.4574944
0.5126006
0.3619854
0.2062981
0.2308473
0.2788467
0.2419278
0.2921326
0.2876578
0.3060591
0.3658520
0.3902506
0.2660424
0.2429762
0.3174729
0.4325755
0.3504494
0.2066197
0.1761072
0.1797486
0.2707866
0.2612031
0.3066974
0.3207277
0.2904670
0.2357633
0.2766728
0.3281493
0.3218349
0.2556570
0.2086451
0.2440733
0.2942275
0.2769101
0.2571743
0.2761225
0.2567067
0.2885929
0.2781113
0.1890031
0.1535622
0.2157202
0.3514628
0.4064418
0.3268164
0.2153517
0.1777083
0.1766760
0.2697352
0.3381310
0.3828765
0.3693955
0.2500969
0.1951884
0.1769067
0.2060854
0.2072898
0.2334254
0.2850358
0.4460121
0.9892427
2.4896808
4.8208485
6.3611946
6.0339222
4.5552874
2.9606833
1.6879562
0.6990536
0.8611342
2.7949688
6.1685934
6.6259413
5.7168999
5.3755260
4.4184494
3.0221701
2.6604228
5.6035032
9.2026930
10.2831774
8.9144039
6.9205313
6.4126520
6.1732273
5.1279283
4.3692956
3.6536436
2.9037457
1.4525543
0.3089068
0.3203859
0.3469461
0.2897829
0.3303772
0.3509180
0.4127316
0.3172841
0.3136588
0.3196087
0.2577406
0.1801101
0.1846905
0.3208992
0.3882743
0.4064711
0.4102409
0.2561714
0.2588394
0.2499749
0.2839001
0.3374392
0.2717702
0.2767143
0.3662851
0.3869214
0.1297872
0.0122583
0.0006151
0.0000000
0.0000000
0.0000000
0.0000000
0.0000000
0.0000000
0.0000000
0.0000000
0.0000000
0.0000000
0.0000000
0.0000000
0.0000000
0.0000000
0.0000000
0.0000000
0.0000000
0.0000000
0.0000000
0.0000000
0.0000000
0.0000000
0.0000000
0.0000000
0.0000000
0.0000000
0.0000000
0.0000000
0.0000000
0.0000000
0.0000000
0.0000000
0.0000000
0.0000000
0.0000000
0.0000000
0.0000000
0.0000000
0.0000000
0.0000000
0.0000000
0.0000000
0.0000000
0.0000000
0.0000000
0.0000000
0.0000000
0.0000000
0.0000000
0.0000000
0.0000000
0.0000000
0.0000000
0.0000000
0.0000000
0.0000000
0.0000000
0.0000000
0.0000000
0.0000000
0.0000000
0.0000000
0.0000000
0.0000000
0.0000000
0.0000000
0.0000000
0.0000000
0.0000000
0.0000000
0.0000000
0.0000000
0.0000000
0.0000000
0.0000000
0.0000000
0.0000000
0.0000000
0.0000000
0.0000000
0.0000000
0.0000000
0.0000000
0.0000000
0.0000000
0.0000000
0.0000000
0.0000000
0.0000000
0.0000000
0.0000000
0.0000000
0.0000000
0.0000000
0.0000000
0.0000000
0.0000000
0.0000000
0.0000000
0.0000000
0.0000000
0.0000000
0.0000000
0.0000000
0.0000000
0.0000000
0.0000000
0.0000000
0.0000000
0.0000000
0.0000000
0.0000000
0.0000000
0.0000000
0.0000000
0.0000000
0.0000000
0.0000000
0.0000000
0.0000000
0.0000000
0.0000000
0.0000000
0.0000000
0.0000000
0.0000000
0.0000000
0.0000000
0.0000000
0.0000000
0.0000000
0.0000000
0.0000000
0.0000000
0.0000000
0.0000000
0.0000000
0.0000000
0.0000000
0.0000000
0.0000000
0.0000000
0.0000000
0.0000000
0.0000000
0.0000000
0.0000000
0.0000000
0.0000000
0.0000000
0.0000000
0.0000000
0.0000000
0.0000000
0.0000000
0.0000000
0.0000000
0.0000000
0.0000000
0.0000000
0.0000000
0.0000000
0.0000000
0.0000000
0.0000000
0.0000000
0.0000000
0.0000000
0.0000000
0.0000000
0.0000000
0.0000000
0.0000000
0.0000000
0.0000000
0.0000000
0.0000000
0.0000000
0.0000000
0.0000000
0.0000000
0.0000000
0.0000000
0.0000000
0.0000000
0.0000000
0.0000000
0.0000000
0.0000000
0.0000000
0.0000000
0.0000000
0.0000000
0.0000000
0.0000000
0.0000000
0.0000000
0.0000000
0.0000000
0.0000000
0.0000000
0.0000000
0.0000000
0.0000000
0.0000000
0.0000000
0.0000000
0.0000000
0.0000000
0.0000000
0.0000000
0.0000000
0.0000000
0.0000000
0.0000000
0.0000000
0.0000000
0.0000000
0.0000000
0.0000000
0.0000000
0.0000000
0.0000000
0.0000000
0.0000000
0.0000000
0.0000000
0.0000000
0.0000000
0.0000000
0.0000000
0.0000000
0.0000000
0.0000000
0.0000000
0.0000000
0.0000000
0.0000000
0.0000000
0.0000000
0.0000000
0.0000000
0.0000000
0.0000000
0.0000000
0.0000000
0.0000000
0.0000000
0.0000000
0.0000000
0.0000000
0.0000000
0.0000000
0.0000000
0.0000000
0.0000000
0.0000000
0.0000000
0.0000000
0.0000000
0.0000000
0.0000000
0.0000000
0.0000000
0.0000000
0.0000000
0.0000000
0.0000000
0.0000000
0.0000000
0.0000000
0.0000000
0.0000000
0.0000000
0.0000000
0.0000000
0.0000000
0.0000000
0.0000000
0.0000000
0.0000000
0.0000000
0.0000000
0.0000000
0.0000000
0.0000000
0.0000000
0.0000000
0.0000000
0.0000000
0.0000000
0.0000000
0.0000000
0.0000000
0.0000000
0.0000000
0.0000000
0.0000000
0.0000000
0.0000000
0.0000000
0.0000000
0.0000000
0.0000000
0.0000000
0.0000000
0.0000000
0.0000000
0.0000000
0.0000000
0.0000000
0.0000000
0.0000000
0.0000000
0.0000000
0.0000000
0.0000000
0.0000000
0.0000000
0.0000000
0.0000000
0.0000000
0.0000000
0.0000000
0.0000000
0.0000000
0.0000000
0.0000000
0.0000000
0.0000000
0.0000000
0.0000000
0.0000000
0.0000000
0.0000000
0.0000000
0.0000000
0.0000000
0.0000000
0.0000000
0.0000000
0.0000000
0.0000000
0.0000000
0.0000000
0.0000000
0.0000000
0.0000000
0.0000000
0.0000000
0.0000000
0.0000000
0.0000000
0.0000000
0.0000000
0.0000000
0.0000000
0.0000000
0.0000000
0.0000000
0.0000000
0.0000000
0.0000000
0.0000000
0.0000000
0.0000000
0.0000000
0.0000000
0.0000000
0.0000000
0.0000000
0.0000000
0.0061413
0.1402715
0.5245716
0.8581910
0.8089732
0.4809448
0.2873130
0.2440336
0.2639005
0.3498305
0.3792359
0.3640743
0.2736095
0.2729562
0.2365493
0.2478352
0.3061430
0.3471822
0.4265758
0.9472390
2.5851288
5.2328610
11.0983114
29.0591526
55.3689880
67.0535812
56.5814667
35.3128281
25.1877785
18.4472923
16.9910641
27.6984806
38.8239746
41.0649300
34.6169014
25.3878059
18.0618267
11.2552929
2.9758978
0.9143140
0.2296119
0.3621359
4.6292005
14.0100689
15.6603212
6.9287586
1.2275608
0.5005057
0.4275075
0.4490004
0.3675067
0.1910185
0.1707405
0.2472908
0.3786992
0.3214067
0.2050824
0.1798335
0.1864301
0.2576537
0.4481839
0.3274227
0.2212568
0.2130821
0.3860187
0.4738626
0.3061384
0.2470900
0.2699417
0.2834739
0.4040752
0.2724270
0.1950917
0.1632027
0.1733575
0.2614131
0.2572810
0.2275259
0.2356036
0.2328475
0.2723215
0.2724265
0.2671804
0.2330605
0.3132137
0.3867835
0.2774972
0.2489355
0.2747869
0.3525370
0.4952234
0.7631803
3.2676110
14.2416582
29.3229465
35.9170799
32.2870178
32.0194626
27.9887619
19.3622360
8.2960482
5.9759102
7.7998405
10.5297546
12.4800701
10.8972111
5.7185512
2.9292665
6.3344502
11.3519268
13.0022612
10.3127346
7.7393064
6.5641646
8.9660473
14.9389095
18.9437580
17.7043152
15.6989136
13.2240620
12.4857635
16.0860291
30.6671486
36.6801033
24.7245159
13.7292328
5.7380652
12.0518351
19.7213593
21.4337082
26.2986412
29.8485641
30.7416611
28.1701565
23.3140507
16.4635582
10.9407692
5.7857490
2.9175107
1.4432147
4.2425547
9.4005241
7.3284373
1.7783401
0.4558963
0.5187408
0.8077996
0.7658729
0.5591649
0.4268749
0.3122142
0.2030256
0.2337986
0.2070848
0.2619514
0.2324362
0.3468343
0.2936009
0.2662207
0.2887152
0.2358908
0.2712730
0.3219888
0.2756995
0.2680539
0.3025306
0.3116827
0.2373824
0.2020446
0.2685845
0.2994183
0.2951595
0.2647970
0.2578504
0.2930136
0.2486837
0.2215355
0.3014204
0.3640560
0.3465095
0.2558106
0.3097900
0.3323366
0.3251402
0.2678494
0.2728131
0.3279172
0.3855427
0.3351952
0.3408210
0.2680955
0.3034388
0.3647917
0.3454314
0.3297478
0.2430649
1.3028539
11.3770199
27.2093582
34.7726555
30.8929195
21.7012501
18.3782616
14.9122801
11.4455194
7.7978644
8.5196600
11.1819878
12.1952324
12.4090080
10.3448238
10.0354614
10.3685093
12.7316103
20.6389427
27.2443905
23.2670517
15.1147289
8.4740620
5.1436443
6.4378600
8.3306532
5.8809295
3.7336297
3.7782698
3.8319652
4.0732431
3.5082996
2.9614367
2.2523282
2.7887559
2.6521480
0.8462725
0.2170881
0.1111739
0.1260789
0.2813508
0.2449422
0.2819262
0.3167173
0.3037174
0.3747893
0.4720849
0.4808679
0.3575183
0.3177179
0.2644857
0.2920073
0.3524003
0.3808325
0.3722224
0.3905299
0.4404258
0.3912341
0.3525665
0.3653733
0.2818899
0.2753766
0.2779909
0.2764036
0.2149737
0.2431133
0.2826908
0.3744181
0.4767486
0.3962746
0.2992815
0.2629755
0.2685486
0.2888186
0.3387969
0.3364860
0.3184042
0.2861050
0.3044246
0.3595100
0.2776899
0.3341655
0.3415556
0.2966177
0.3284417
0.3452251
0.3534166
0.4444256
0.4840270
1.8278756
8.4367609
17.6498833
21.7552052
19.0774002
10.4688826
2.9024837
0.2966089
0.2464062
8.1988916
33.1494102
58.4787331
72.3547363
78.8432846
66.8453827
46.2286148
31.5842094
42.3651390
67.0915527
65.1175766
56.5819893
42.4853020
19.0973854
7.8740864
12.6036768
18.0593243
17.6677418
14.6290894
12.8021021
11.3163471
8.0862732
8.0639200
18.8050270
37.7672348
47.1629028
33.3748894
24.4987106
28.2558537
28.1534958
23.7169857
18.0112171
13.2454472
8.9652548
8.5560064
9.3424406
4.3087425
0.8715686
0.2781327
0.2184347
0.2109982
0.8092127
3.0182328
8.1287956
14.2121267
16.2232075
12.9898548
8.0047388
4.5463209
3.7847776
4.0937386
3.8939166
6.4075022
11.4942484
15.1210566
15.0130501
17.1166210
27.4645844
35.5279198
30.9100323
22.4281693
14.1633244
10.4213734
13.4492626
11.7684097
9.5980492
15.9704065
26.5814705
29.8206120
27.4043732
29.2986603
30.4627953
26.9910164
23.4365864
23.3859634
25.5842514
28.1182442
27.7801704
24.4975624
23.5865421
27.9447994
32.8660583
37.6291618
40.6897545
36.8174820
31.7819958
25.9031010
23.8207359
23.7681599
17.7838268
9.8152590
6.8108664
10.7374277
18.2422619
18.3947697
12.1725636
12.5011225
9.7820873
5.5858831
3.3532610
2.3963885
1.6600711
1.2194948
0.7438284
0.6190155
0.7304929
0.6341367
0.5327719
0.3489543
0.3095196
0.4385987
0.5660213
0.5310645
0.3769471
0.3717747
0.3776780
0.3623280
0.4278654
0.6525998
0.6482608
0.3817310
0.3728174
0.3955423
0.5506981
0.6769460
0.5711198
0.2976492
0.2819088
0.1602783
0.2442532
0.5081106
0.6493373
0.4894923
0.3436679
0.2833954
0.2825162
0.3495768
0.3470691
0.3551590
0.3358843
0.3328100
0.5066949
0.4494625
0.3849069
0.4297360
0.6177458
0.5647947
0.4676031
0.4066125
0.3654974
0.4697366
0.8099220
1.1050361
0.8855848
0.5233039
0.5460114
0.7719471
1.1043288
1.2595048
1.2329509
1.3059322
1.3782021
1.3056643
1.1956109
1.2373419
1.4097724
1.6042361
1.9155729
2.0308526
1.9595853
1.8218992
1.6031209
1.6026845
1.5082284
1.2798827
0.9077663
0.9096274
0.9049219
0.8728874
0.8351362
0.8395557
0.7168826
0.5458308
0.4442286
0.3304540
0.3778967
0.4461206
0.5203957
0.3078400
0.2046058
0.1818739
0.2540881
0.3827033
0.4305144
0.3976054
0.3056148
0.2854682
0.2836058
0.2588098
0.3048146
0.3183648
0.3564149
0.7931300
2.3971379
3.6068985
2.7022934
5.5718579
28.5541821
74.4855042
101.5100327
76.6587601
28.7880573
14.3046284
8.4798183
4.5579534
2.4225616
4.6891088
8.3362932
15.4495649
43.1645355
81.3007507
102.7511215
91.7076645
72.8525085
77.5261078
84.5878296
71.4794464
42.5899658
23.6144085
37.2306252
55.8390770
56.4223709
37.3995857
16.5401955
7.4984078
3.1860702
1.3593626
0.4649032
1.4101033
11.5891933
22.7568932
20.1662960
10.5482082
5.8662319
3.4912663
1.1522205
0.6313977
0.3595119
0.3341759
0.3745278
0.3516431
0.3370546
0.3666005
0.3874430
0.3559802
0.3470041
0.3053669
0.2998711
0.2950805
0.2632956
0.2608241
0.2101691
0.2424267
0.3059500
0.5643002
0.6321128
0.4184622
0.1873929
0.1795890
0.2031751
0.2612054
0.2980859
0.2847904
0.2845989
0.3713361
0.3700846
0.2357555
0.2246195
0.2648747
0.2655942
0.2248620
0.2565885
0.3661243
0.5088172
0.7434222
2.2326169
7.2289662
15.3565207
21.8982124
23.6125221
21.7561817
17.7764359
13.7127447
9.8616943
6.6208286
6.5660610
14.9338312
20.9757900
17.5584564
10.3143921
4.2600217
1.2519683
0.4447667
0.2877062
0.2521803
0.2604468
0.2434226
0.3717628
8.2754793
30.0362587
51.5851669
60.0137291
61.6608925
65.3842468
67.4752884
55.8550911
38.0938377
33.4646759
37.6874771
25.9813919
10.4485292
30.5772533
44.8988495
28.9626637
19.0699425
32.9731216
48.4442749
44.8535233
18.6159325
15.1572266
31.4909725
43.3569298
36.7281837
30.0447960
26.5349731
30.6928062
24.3828812
12.1077747
5.6940241
4.9870129
6.2032003
7.7921419
10.7764282
20.7678566
32.7227287
38.8141937
47.0424385
58.7129936
68.1189575
55.2271042
36.0905762
20.5090218
9.6463032
13.1892128
20.7148285
18.7436676
16.9696770
25.7352943
49.6024628
63.9118118
56.8216324
38.1348839
27.3235474
20.4023647
13.7820244
5.8618631
3.5053620
9.5830069
16.2293930
19.0906887
23.1024017
29.7330399
33.1086922
27.8608303
17.9223251
7.3934102
13.8869095
11.5908852
7.5882101
4.8924065
2.1133561
13.5305529
17.9516563
18.8364449
19.8288631
19.6673889
18.7003288
17.7457924
13.7081137
8.9379749
4.1446390
5.8047566
14.5820160
19.7432747
16.0678997
10.1946945
5.4860172
4.3937836
6.6720281
7.1107664
7.0423641
14.4240131
36.1098709
50.1667442
45.8228683
44.3836212
49.3886681
54.3539200
52.0673866
43.5678635
29.7876644
14.6417484
8.7559290
8.7414970
8.4115410
17.4072742
34.8174591
42.3159561
36.7535019
31.5806770
27.8580170
24.6880016
21.2820358
17.6169109
19.8133621
25.8100243
31.3207245
32.1065750
29.5568352
24.2031937
16.8622856
10.8440800
10.2263460
15.0624886
15.1653671
11.1808214
7.6421361
6.3126945
11.3229666
19.9784126
24.0854015
20.8769741
18.5802422
19.2072392
21.4114933
20.4504757
15.0227890
14.4438286
26.0110550
30.4859257
26.4414673
19.9095020
15.3303127
12.1736012
6.1999445
5.3247128
8.4411230
16.9933968
28.8100109
29.5654964
17.6533566
8.2898703
2.5538969
0.4161707
0.1361382
0.2784332
1.0688887
13.5264492
37.7681580
58.5275879
71.4888077
64.5250931
36.2149811
10.8603420
6.6619654
6.6325464
9.9210157
12.7941084
15.0123291
20.9466496
28.6813774
32.6552658
38.9229317
43.1640091
48.1224365
67.0759201
98.7281342
110.7017212
112.5604248
118.7475128
132.1709747
143.0162354
118.1554718
73.1876297
51.6673088
47.7789154
51.4221802
52.6517220
44.9141846
39.9308167
47.9623032
48.1552582
29.3134422
17.9820881
31.0047245
54.6311913
55.3212738
32.5866013
24.5774860
21.8289413
15.6490593
10.9760075
21.7566109
21.4905834
38.5514984
31.1585579
17.0549660
45.5171280
53.2671204
38.4560242
26.3682404
14.0355177
9.6095114
18.0869942
30.7118187
38.8429489
35.3340378
29.5256805
28.6297493
29.3843594
27.6824207
23.6900959
20.3028603
13.8035803
7.7021222
6.0010471
5.6519051
5.9671135
7.9651279
8.5127211
8.7330675
6.9111528
4.1329274
2.8481293
2.3703661
2.0095620
1.0801344
0.6639451
0.4731433
0.4334403
0.7003655
1.2766967
1.7954707
1.9628214
2.0742466
1.8960733
1.3461852
0.6604361
0.2668962
0.2045309
0.2034809
0.2433851
0.3698682
0.4056890
0.3179076
0.3068989
0.3592475
0.4382404
0.3835891
0.2966410
0.3664620
0.3643060
0.2965992
0.3894852
0.5513543
0.6393787
0.6388445
0.6449739
0.5789821
0.5169878
0.6106032
0.6809452
0.6561717
0.5858504
0.6286036
0.5928888
0.5540850
0.5250081
0.3985991
0.3556516
0.3791537
0.4396610
0.4115860
0.5134602
0.8432669
2.1557724
3.1528897
2.0509162
0.4542605
0.1310194
1.0120655
6.4496994
10.4822359
7.2196145
0.8854671
0.1561604
0.2115229
0.2073112
6.9561930
31.1359177
55.2766380
71.9991379
75.1197205
58.9760437
37.2678146
26.1883717
27.1195049
16.6973743
11.9411755
32.6509438
17.3040962
19.6007385
31.4765415
24.2222710
12.3155947
39.9245224
51.9695282
43.4787827
30.2250633
19.3341141
23.8911572
27.2920094
12.3854218
13.6396122
10.1407394
6.2088184
9.1560907
9.8376846
6.4405861
1.9467177
6.4171600
9.1005154
8.7576542
6.5803804
2.7475617
0.8406603
0.2312057
0.1428997
0.1792509
0.8517709
1.4360878
1.3114836
1.3540504
1.4008573
1.1946064
0.8542151
0.8207370
0.6922623
0.5169851
0.4218655
0.3807933
0.3958933
0.4229804
0.2579878
0.1546724
0.2330883
0.1820964
0.2117164
0.2648707
0.3219087
0.4450681
0.4266966
0.3338533
0.2476882
0.2886595
0.3175890
0.2703705
0.2778445
0.2339169
0.2469766
0.3982091
0.4193073
0.4002183
0.4233745
0.3437498
0.2761093
0.3629902
0.2887065
0.2889553
0.2629693
0.2370371
0.3499768
0.4118699
0.4347857
0.4466018
0.5863377
1.9679548
3.7146008
3.5015872
1.7929919
0.3914682
0.2045586
0.1692424
3.2167988
17.0920639
29.3859253
27.1473713
13.0655851
7.9231834
12.9376678
17.4370384
14.2952042
10.9214401
11.2376661
11.9950218
9.7490530
5.6212692
2.3467841
3.8658481
8.2416906
11.9786987
11.9027061
9.0938911
5.6231709
5.8904057
7.5639052
12.5491085
18.1870728
16.4603939
19.2855148
31.4685841
42.1440582
37.4545479
22.2793846
11.7035408
3.2795849
0.5088937
0.1145158
1.4567229
19.3227997
47.6061249
61.8190079
52.5811844
34.5344009
30.5982780
34.7139359
44.9850998
63.3506317
76.5058289
75.5645218
64.5103912
57.8496475
71.8144913
58.9339790
36.3496819
11.8678112
16.0717888
20.6562729
15.3169003
19.4940929
33.6044731
36.6361008
34.4408264
26.6958275
14.5341530
13.7130146
31.3778286
40.5638428
45.0123863
42.7849884
35.6999664
29.5588036
20.4690418
18.2928905
41.0441437
40.6296234
29.3265686
25.9748783
25.6779938
37.8751717
41.9965630
23.4383202
11.9909992
4.1668644
6.6524158
18.3745480
16.3633823
11.5229368
9.1420469
6.8987179
3.8521206
2.5777550
4.4402571
8.3726969
10.0571270
9.9881010
9.8609409
8.6016445
6.8691268
5.6951227
5.5560436
6.0914383
6.6511483
6.3197937
4.4172802
2.8178892
2.4626319
2.1756260
2.0661211
1.7005942
1.8336346
1.5090797
0.8321212
0.2842906
0.1376912
0.1161963
0.2470264
0.4064529
0.6952280
0.8839555
0.7533592
0.4733366
0.4207295
0.4176702
0.3450483
0.2602534
0.2928849
0.3639014
0.4991463
0.6451306
0.5204309
0.2732944
1.5374355
6.2796960
14.6723242
23.4071541
25.9130611
17.5846806
10.7141581
6.9416790
9.2471390
20.6915741
35.4870872
52.5453644
66.7726212
74.4808350
63.2262154
60.8261337
58.4163704
61.6934509
69.8082504
63.1964684
35.6589317
8.0005322
1.7517693
1.2455616
0.5020108
1.3510705
2.6651406
2.9783945
2.5240722
1.8031182
2.4139676
6.0738120
12.8924522
18.4734020
18.8653183
19.0670223
18.4116631
15.1538744
14.9597473
26.0601616
31.7563210
23.5171700
25.3328381
46.2004547
71.7267075
73.7820969
55.2174530
32.2758331
16.3807526
12.2742195
8.8175640
9.9762535
11.5654535
8.9242115
2.6949332
0.3093353
0.6303484
3.9841449
7.7906570
5.5234647
1.0460838
0.2376796
0.0463634
0.0383523
0.1021604
0.1895546
0.2360574
0.2022960
0.2093255
0.2286206
0.2274796
0.2696178
0.3073224
0.3333805
0.3704740
0.4981882
0.6435322
0.6247356
0.3580675
0.1977846
0.1967301
0.2640526
0.3609032
0.4360904
0.4330750
0.3656978
0.3304878
0.3049951
0.2716701
0.3201851
0.2593250
0.3182899
0.3970613
0.5220838
4.3013134
14.9915390
25.6006660
27.5575104
21.9042301
17.0002403
15.9975176
14.3841877
11.3460226
10.7155018
11.5101652
15.4852753
20.9766655
15.8710604
9.0550871
6.9735756
10.0829449
13.8742905
18.9940739
38.0688591
57.7546692
56.6841736
30.7920971
10.9242582
3.5366352
1.3182790
0.5837599
0.8696779
15.7212696
50.6839333
92.1979294
121.0033798
106.1079254
64.2351837
36.2243309
23.6593475
11.4486179
4.7281089
2.3137238
0.5605788
0.4050003
1.6455754
5.5956416
9.2529917
10.2683954
10.8671541
11.1023293
12.1025763
14.3731756
17.7669964
20.5306835
21.2567978
22.1105423
22.7714901
25.3212643
27.0669098
27.3955364
23.5436115
22.0482235
26.0531750
37.0284119
33.1585808
19.3727341
9.5987148
29.1367359
20.5583649
9.6309624
27.3375130
22.8018684
12.2181273
12.5940418
17.3432503
17.0509300
19.5718002
17.6128407
14.0347118
14.9323559
19.2713070
18.4122753
10.5901308
3.6106904
8.8333769
8.3233204
3.6748693
7.2375383
13.2030621
19.3628349
29.8505077
37.6297264
31.0185204
17.5011272
9.4764147
8.6121759
9.2327785
4.8348122
2.9835157
7.0035324
7.1653547
7.7945261
7.5605531
4.2471805
4.7344871
9.5632277
10.7318649
14.5414848
16.2764359
15.1993408
14.3751812
11.4363012
7.4329624
3.4257164
1.7152640
1.9982017
2.3494587
1.4210340
0.5317079
0.2171078
0.0497527
0.0563826
0.1520069
0.3438335
0.3273117
0.2642039
0.2876048
0.3569830
0.3773048
0.2820495
0.2448135
0.2313538
0.3026857
0.3484305
0.3674316
0.3636629
0.3425333
0.3276624
0.2665790
0.2566763
0.2411911
0.2068793
0.2475277
0.3069270
0.4939240
2.8011575
8.1379890
18.4030819
32.5085793
42.1873016
38.2721939
22.9284363
13.0213060
11.4979048
12.3380022
14.3742037
20.1563721
21.2724991
22.1138725
20.9792747
16.5244732
11.8606625
10.3121729
12.1864405
11.6164074
9.2587986
15.8351727
17.2600269
10.8335075
4.9720120
4.9212375
7.4960876
8.9822979
6.6989679
6.8160124
6.9767532
8.6127777
16.3057556
22.1195011
17.9361820
9.0164328
4.6675925
3.0600057
4.8938432
9.7810736
7.8335624
4.4146838
8.4865541
13.1917553
14.6109657
18.5965176
18.4356060
12.5419159
10.7087193
14.1100349
12.9026241
10.7741728
13.6171637
13.6618700
9.2808323
5.3450632
9.4375992
13.3757172
10.4252768
7.2113595
8.9034052
10.8805771
8.4170017
3.5129502
1.1015513
0.8315996
2.7322435
4.4568520
2.7465177
0.5432440
0.1982317
0.1008088
0.1038582
0.2650892
0.3514673
0.2488318
0.1980875
0.2624653
0.4228849
0.4100159
0.2889920
0.2504110
0.2292585
0.2624025
0.2926789
0.2918943
0.4257507
0.4855959
0.3228980
0.2194176
0.2181521
0.3063694
0.4028179
0.3359074
0.2902189
0.2676669
0.2084086
0.2729923
0.2997844
0.3402839
0.3479114
0.2800343
0.2075000
0.1850132
0.2509916
0.3327575
0.2099763
0.1747951
0.2705162
0.3782416
0.3472165
0.3292516
0.2747222
0.2294156
0.3234928
0.7296171
2.7708447
5.4896283
6.3746166
5.1535859
4.1040072
4.4274197
6.2649693
9.4276094
11.2585411
14.1568947
17.4268246
23.0867558
26.6481838
27.1447010
23.1559830
19.6093464
24.7631855
32.5822144
28.8800220
21.3814163
29.2395916
21.1872559
8.9346495
13.9707699
13.5860453
9.4468098
14.9099541
30.2815075
28.0281963
16.3558121
9.5736265
12.9856529
13.3893251
16.5707283
31.1833687
42.8111115
39.9305649
32.5604248
21.9266968
7.4932051
7.5007606
14.8200951
14.6010847
16.8561630
20.3330078
23.6244621
25.7375145
19.9230099
14.5966511
16.5460377
25.6629295
29.6186218
23.8597622
11.5955915
5.1238437
13.4734325
27.9991131
36.6273270
27.7977619
16.6543636
10.4628353
8.2589178
10.6475868
21.9851322
32.4996872
29.6356583
23.2686214
13.5938988
14.3496628
23.2492733
15.7799921
11.5104942
13.0802574
17.8573074
24.6883335
28.9617939
24.8004837
16.4995346
13.3836250
20.0168037
15.2349014
7.9241047
9.0449791
10.1231985
5.6542382
1.9691367
2.1100798
2.5416977
1.2706161
0.1163123
0.3595150
4.4297905
13.4769773
18.5547714
19.8213692
17.5385246
13.7086945
9.1722975
4.4901385
2.4693820
5.2327261
13.3181572
17.5354748
14.2740602
9.7083282
6.5451565
3.7249889
3.6217532
6.2297692
6.8112969
8.1927729
7.2889943
3.7926090
1.5219092
0.5402766
1.9085107
9.4041615
19.0577965
25.7720718
25.9110641
19.1195259
9.5410738
5.1742926
8.0171080
14.0802584
17.1716805
17.6727257
17.4308167
15.5694714
12.6456480
7.5323863
9.3332710
4.0262609
10.3340235
11.5370836
18.5639458
15.4699488
10.2993927
10.3992386
19.4748211
26.2490139
22.2444553
13.5179005
2.0295262
11.3882475
9.6506720
3.6809289
17.9637527
13.3998537
11.5204830
14.4778051
17.5551167
15.5146341
9.9897728
5.2431240
7.5725842
9.8538666
9.2656345
7.8586984
6.6068649
5.0333142
4.3586202
4.4174676
3.8121819
3.1966267
2.7663121
2.5302153
2.8232298
3.5247793
4.0236197
3.0894682
1.4140857
0.4961432
0.2948418
0.4107461
0.5396051
0.3721399
0.2268630
0.2679029
0.3016703
0.2647207
0.2167713
0.2231570
0.2816991
0.3430741
0.3748521
0.3588308
0.3426327
0.3534271
0.4644642
0.5426738
0.4909495
0.4375584
0.3529736
0.3619004
0.3668259
0.4090375
0.4550759
0.3559419
0.2959923
0.3176969
0.4691350
0.3359246
0.2974940
0.2529520
0.3075274
0.2938398
0.4220044
0.4370030
0.2894450
0.2017373
0.1895418
0.4465059
6.2549734
20.1870461
35.0951843
42.8621292
39.9985504
29.7896633
19.3044586
15.6669941
19.5056629
28.4554634
34.0779495
32.0685806
27.9109821
22.3745174
18.2493038
17.1836834
18.0297375
20.4437180
15.1330662
10.0584879
9.5242205
8.3082047
7.4877024
7.6455011
8.4027815
14.0906315
24.0199928
26.5388527
24.9609909
22.9596653
18.8437233
15.0406456
10.2135029
5.2301111
1.5792828
0.6089332
0.3601609
3.7614412
11.2185936
11.2812901
4.0784888
0.7273808
0.2990616
0.1726070
0.2007705
0.3270248
0.3359236
0.2384460
0.3101310
0.3608720
0.3360823
0.2510760
0.1822872
0.2227845
0.2680123
0.3890296
0.4936921
0.4422630
0.2635188
0.2136596
0.3608858
0.3363793
0.2127458
0.2295959
0.3053231
0.3320525
0.3288748
0.2334085
0.2276007
0.2519704
0.2350569
0.2775168
0.3845946
0.4201870
0.2715193
0.2046183
0.2044990
0.2109112
0.2530193
0.4022651
0.5494711
0.5737730
0.3368544
0.2484426
0.2798872
0.3384765
0.3079490
0.2334872
0.2165203
0.2051526
0.2914009
0.3350534
0.3762105
0.3945125
0.3359271
0.2476673
0.2810511
0.2935600
0.2483297
0.2657111
0.2709084
0.4267446
0.3322172
0.2297280
0.2881913
0.3782094
0.4437471
0.2854124
0.2073480
0.2593636
0.2668543
0.2469151
0.1881551
0.2504432
0.5878206
0.8439676
0.9778509
2.0722654
5.7201242
11.0641413
15.0101547
14.9124794
11.7606277
7.5706367
4.7643442
2.9149113
2.1853101
2.6204123
2.8636658
3.8280892
7.0927949
9.5871706
7.8064752
4.0302429
4.4745102
4.6852756
7.3603783
15.2751989
19.7362728
20.2861004
28.5300102
36.4534950
34.3932533
30.9669189
45.6181297
63.0946083
61.2109299
37.8790398
19.6119175
10.3690834
6.1490669
5.6795120
12.3078384
24.0538349
19.3928585
9.9707327
3.9137433
1.5371014
3.6996150
3.3868713
2.7213731
2.8713057
4.2014318
3.9321697
2.2329051
1.9862428
2.4449263
2.1770439
3.3482716
5.3857675
8.4442797
13.0036077
17.8932495
18.2998199
14.6982975
11.3430243
8.2605934
6.0004086
5.7933311
4.7460079
3.4033487
9.3227329
14.6321611
15.6913347
11.6543579
10.8766890
10.0881042
10.4168482
9.3811026
5.6525655
2.9115155
2.7393506
3.0389106
3.9377661
4.0855885
3.7181664
2.7864864
1.1416899
0.2293660
0.1185307
0.3258282
1.5694528
2.3319592
2.0606894
2.1614559
2.9352152
3.7367535
3.8970673
3.8440106
4.2160501
4.3918972
2.9703846
1.2339082
0.5195199
0.3503296
0.3631417
0.4380890
0.4294485
0.4237390
0.3096305
1.2936664
9.6212521
28.9929943
49.1062431
57.1636810
46.4537010
28.2838669
13.8092909
8.2568216
9.9534912
10.9274912
13.1758032
14.9619846
11.9583874
11.6344490
11.9177704
9.9072704
9.7301464
9.1172543
12.1486673
9.1345615
8.7625208
7.9088335
7.1083670
7.1300821
6.0352135
4.2932549
2.8485932
1.5174503
0.9376811
0.8560740
0.8687949
0.9347339
0.8759313
1.1703513
1.6357534
1.6038759
0.9936846
0.8674543
1.2553351
1.7134904
1.9394023
1.5995768
0.8803923
0.3828568
0.2429584
0.2081704
0.2236419
0.2840157
0.2895092
0.1165340
0.0235130
0.0005727
0.0000000
0.0000000
0.0000000
0.0000000
0.0000000
0.0000000
0.0000000
0.0000000
0.0000000
0.0000000
0.0000000
0.0000000
0.0000000
0.0000000
0.0000000
0.0000000
0.0000000
0.0000000
0.0000000
0.0000000
0.0000000
0.0000000
0.0000000
0.0000000
0.0000000
0.0000000
0.0000000
0.0000000
0.0000000
0.0000000
0.0000000
0.0000000
0.0000000
0.0000000
0.0000000
0.0000000
0.0000000
0.0000000
0.0000000
0.0000000
0.0000000
0.0000000
0.0000000
0.0000000
0.0000000
0.0000000
0.0000000
0.0000000
0.0000000
0.0000000
0.0000000
0.0000000
0.0000000
0.0000000
0.0000000
0.0000000
0.0000000
0.0000000
0.0000000
0.0000000
0.0000000
0.0000000
0.0000000
0.0000000
0.0000000
0.0000000
0.0000000
0.0000000
0.0000000
0.0000000
0.0000000
0.0000000
0.0000000
0.0000000
0.0000000
0.0000000
0.0000000
0.0000000
0.0000000
0.0000000
0.0000000
0.0000000
0.0000000
0.0000000
0.0000000
0.0000000
0.0000000
0.0000000
0.0000000
0.0000000
0.0000000
0.0000000
0.0000000
0.0000000
0.0000000
0.0000000
0.0000000
0.0000000
0.0000000
0.0000000
0.0000000
0.0000000
0.0000000
0.0000000
0.0000000
0.0000000
0.0000000
0.0000000
0.0000000
0.0000000
0.0000000
0.0000000
0.0000000
0.0000000
0.0000000
0.0000000
0.0000000
0.0000000
0.0000000
0.0000000
0.0000000
0.0000000
0.0000000
0.0000000
0.0000000
0.0000000
0.0000000
0.0000000
0.0000000
0.0000000
0.0000000
0.0000000
0.0000000
0.0000000
0.0000000
0.0000000
0.0000000
0.0000000
0.0000000
0.0000000
0.0000000
0.0000000
0.0000000
0.0000000
0.0000000
0.0000000
0.0000000
0.0000000
0.0000000
0.0000000
0.0000000
0.0000000
0.0000000
0.0000000
0.0000000
0.0000000
0.0000000
0.0000000
0.0000000
0.0000000
0.0000000
0.0000000
0.0000000
0.0000000
0.0000000
0.0000000
0.0000000
0.0000000
0.0000000
0.0000000
0.0000000
0.0000000
0.0000000
0.0000000
0.0000000
0.0000000
0.0000000
0.0000000
0.0000000
0.0000000
0.0000000
0.0000000
0.0000000
0.0000000
0.0000000
0.0000000
0.0000000
0.0000000
0.0000000
0.0000000
0.0000000
0.0000000
0.0000000
0.0000000
0.0000000
0.0000000
0.0000000
0.0000000
0.0000000
0.0000000
0.0000000
0.0000000
0.0000000
0.0000000
0.0000000
0.0000000
0.0000000
0.0000000
0.0000000
0.0000000
0.0000000
0.0000000
0.0000000
0.0000000
0.0000000
0.0000000
0.0000000
0.0000000
0.0000000
0.0000000
0.0000000
0.0000000
0.0000000
0.0000000
0.0000000
0.0000000
0.0000000
0.0000000
0.0000000
0.0000000
0.0000000
0.0000000
0.0000000
0.0000000
0.0000000
0.0000000
0.0000000
0.0000000
0.0000000
0.0000000
0.0000000
0.0000000
0.0000000
0.0000000
0.0000000
0.0000000
0.0000000
0.0000000
0.0000000
0.0000000
0.0000000
0.0000000
0.0000000
0.0000000
0.0000000
0.0000000
0.0000000
0.0000000
0.0000000
0.0000000
0.0000000
0.0000000
0.0000000
0.0000000
0.0000000
0.0000000
0.0000000
0.0000000
0.0000000
0.0000000
0.0000000
0.0000000
0.0000000
0.0000000
0.0000000
0.0000000
0.0000000
0.0000000
0.0000000
0.0000000
0.0000000
0.0000000
0.0000000
0.0000000
0.0000000
0.0000000
0.0000000
0.0000000
0.0000000
0.0000000
0.0000000
0.0000000
0.0000000
0.0000000
0.0000000
0.0000000
0.0000000
0.0000000
0.0000000
0.0000000
0.0000000
0.0000000
0.0000000
0.0000000
0.0000000
0.0000000
0.0000000
0.0000000
0.0000000
0.0000000
0.0000000
0.0000000
0.0000000
0.0000000
0.0000000
0.0000000
0.0000000
0.0000000
0.0000000
0.0000000
0.0000000
0.0000000
0.0000000
0.0000000
0.0000000
0.0000000
0.0000000
0.0000000
0.0000000
0.0000000
0.0000000
0.0000000
0.0000000
0.0000000
0.0000000
0.0000000
0.0000000
0.0000000
0.0000000
0.0000000
0.0000000
0.0000000
0.0000000
0.0000000
0.0000000
0.0000000
0.0000000
0.0000000
0.0000000
0.0000000
0.0000000
0.0000000
0.0000000
0.0000000
0.0000000
0.0000000
0.0000000
0.0000000
0.0000000
0.0000000
0.0000000
0.0000000
0.0000000
0.0000000
0.0000000
0.0000000
0.0000000
0.0000000
0.0443904
0.2707607
0.6433160
0.9645678
1.0524825
0.8244658
0.4243060
0.2163885
0.1951374
0.3102870
0.5105269
0.4476867
0.4799747
0.4037569
0.2556935
0.1933912
0.2658971
0.3445627
0.3690423
0.4275261
0.4305738
0.2667955
0.2311440
0.2189386
0.2301763
1.0816555
5.5860276
25.1703396
62.2138901
88.7883148
81.2922897
47.0360451
27.3977871
31.2826157
45.3435707
37.2149277
19.1514053
21.2346954
25.1028824
21.1221371
23.0422344
13.7407761
7.2481112
3.2673883
1.5456346
2.6850069
12.1962862
23.4661484
45.7034111
82.7882843
114.6843643
116.6471024
90.5772934
68.6645279
70.7225189
86.8649139
85.3801346
53.2892227
22.7468891
12.5816574
29.1833515
51.7793274
56.3381538
46.3940086
37.6384277
27.8260632
22.3939304
19.5120392
17.2842712
14.1750555
9.2085714
2.4158118
1.0978577
7.3036151
16.0541649
15.0299435
5.1322441
1.4188765
0.4360988
0.1407924
0.1457116
0.1295139
0.1545942
0.2064993
0.3266602
0.3666543
0.3592371
0.3765283
0.5015492
0.6124252
0.7353409
0.6139782
0.3991781
0.3079144
0.3090624
0.4174612
0.4043547
0.3860764
0.3136604
0.2322404
0.1975415
0.3500977
4.2557044
19.3075294
39.2297440
45.8511772
34.9274979
18.1269703
10.0802650
4.9198031
1.3382604
1.3807484
2.2471972
2.5640063
2.2091761
2.2641375
1.4281727
0.2322261
0.1976001
0.1481974
0.1662565
0.1933857
4.4546332
20.1720314
40.0423584
63.0634537
85.4771652
81.3312607
59.4070129
35.5420494
33.9161224
25.7449398
17.4938068
12.3477459
27.0862274
44.5041389
46.2211113
45.7134399
46.8225746
49.8502922
55.3214607
62.6430588
58.6898003
41.0079269
18.5887184
41.7151909
20.2818699
37.2177277
49.0489578
36.0225906
25.8532410
6.3234005
3.3138614
3.5689909
5.0326066
7.2664418
16.8409748
34.6937790
53.6530914
69.6096573
81.1281204
78.4641800
60.9654732
42.5545006
25.5823593
24.0075626
45.5223961
29.9802227
21.7637920
57.5706940
48.3701553
30.1360779
11.5451736
39.9178238
42.5078659
24.1601543
8.2050953
5.9055901
7.4051518
9.1335421
6.6423316
6.9252415
7.5154524
5.2705693
2.8161788
1.1537343
0.2340564
0.1777156
0.1560055
0.4304594
0.9755057
1.1501336
0.8393146
0.6399013
0.5318418
0.5324758
0.6503682
0.8043601
0.7141371
0.5660056
0.4700904
0.4861475
0.5113908
0.5385377
0.4345092
0.3260312
0.3244694
0.4300032
0.4785172
0.4012257
0.2761425
0.2680543
0.3689916
0.3873240
1.0805151
2.7807775
4.2816143
6.6663423
20.4331970
51.5010338
95.2225723
129.0410156
120.3221741
98.2653351
87.1695709
85.5839233
96.5795517
84.8503723
73.4408188
41.4216194
11.1388826
4.1015496
15.7193260
31.5662537
27.7137699
11.7333403
7.7790871
16.7183762
19.5146713
25.9185333
36.6885605
39.4683533
30.3021526
19.0555859
14.9895172
25.3264313
46.4904938
58.7358971
49.2470741
31.1367702
21.8295631
21.0051918
15.6854305
10.4175224
10.5637131
13.7649899
13.5797920
11.8835287
8.3364668
6.5743594
7.8867826
17.5307980
21.7607231
16.9224701
21.6903687
40.5448761
76.4122772
101.2822495
83.6809311
48.3331375
26.5421677
28.1270065
24.9329700
22.5220013
16.9012890
9.0559359
10.7820835
21.5942574
49.6805801
66.8769455
59.1734505
35.8374939
19.3870926
10.4285154
6.2856956
3.2664294
1.0720563
6.2067804
12.0621204
8.1470213
0.4547313
0.2638456
2.4490280
8.6995649
9.6493988
4.8437166
3.8018398
3.1630378
5.0686216
7.2559581
8.0953693
11.9656105
21.8275051
42.3963089
66.4014130
75.3291168
65.0908813
47.0130806
35.6996613
39.0591888
71.1646118
108.5848770
99.4313812
73.7240448
65.5881577
72.8820114
110.4742126
114.8855438
50.5199814
10.6477709
6.6464214
7.0865068
4.4526644
6.4479189
53.7474861
101.2297668
108.5956573
79.5415726
65.3247833
68.1893311
47.4960136
11.6884298
8.6992664
16.3699646
20.2444344
16.0928211
8.1512136
3.6842365
8.9229965
14.5845881
15.3498631
13.6293192
9.1433897
4.6705856
3.5268474
12.1167850
36.0364227
65.8907242
97.3438644
106.0589981
73.9717712
41.3399353
25.7654228
17.4870911
17.4766064
35.5049324
58.2001419
66.4273300
48.1187973
35.0785522
26.2800980
46.0282059
61.1281586
62.3312073
57.5363350
45.2831459
27.5343246
7.9678898
17.4317188
27.7669411
29.8155785
34.8462410
42.7373047
41.2620163
38.1083870
38.3535957
34.9098396
25.3647137
14.5110407
6.8881388
5.0973682
4.8234801
16.3727055
36.5477715
42.5665665
30.4085693
23.8655243
23.7004795
23.0872707
13.4944715
5.4625278
2.7462363
2.2066255
7.5064607
30.1138954
44.7342834
38.4812965
20.1934052
9.8803883
7.3156919
6.6947508
7.0940442
8.0424080
8.4708424
7.5458269
7.7421150
16.7881088
42.5089912
67.2474136
67.0197601
43.8847313
16.0881405
3.9293303
1.1784427
0.0933075
0.6078292
17.7110767
53.1840668
70.2359009
63.9365005
49.8717575
38.3806953
30.0557461
31.2118244
48.2565536
65.1276398
79.4690704
86.5913773
73.5122604
71.0189819
75.5147171
66.8232803
44.9130516
20.2407837
60.0496521
77.3245544
81.0517120
87.4286270
90.8639450
93.0603027
95.5729752
105.4128876
110.1282425
92.3859482
73.0260696
79.3598328
104.0232620
115.2286606
99.7564087
96.7554855
106.1660995
127.4401398
153.1671448
157.4767456
149.1985779
129.4819489
97.1880188
56.6466560
25.9591064
7.7886887
3.1274695
5.7750397
8.0370522
5.6419101
2.8806479
1.6840683
0.9021286
0.5766002
0.2088382
0.0729209
0.2556290
1.0086869
1.3972728
1.3502703
1.5402057
1.4249084
1.1892093
1.0495381
1.0577765
1.1888818
1.2504045
1.1620889
1.0014811
0.8120378
0.7988575
0.7302608
0.6235259
0.6661304
0.6396688
0.6579506
0.5976598
0.4493125
0.4732918
0.5902669
0.5615894
0.4501708
0.3404471
0.2406567
0.2137920
0.2711672
0.3157890
0.2366462
0.2968166
0.8328702
6.2591796
23.7196350
52.5451393
77.4748917
85.6727982
77.0484467
45.1614761
22.1454144
7.5333710
3.2164083
0.8773605
0.5219471
2.1589906
8.4276657
13.4709454
21.7914925
38.0656090
51.3236351
56.4393768
55.2117081
44.5761757
30.3336105
23.1827145
26.2470856
30.7283535
27.9749336
24.1311989
22.0431061
20.5283775
30.1286182
31.8796234
24.0244465
14.0531607
11.2654448
6.4626899
1.4110591
0.5915681
3.4904337
12.6708012
18.3124256
13.8976727
6.1513090
2.1405163
0.7880571
0.6848451
0.5436910
0.5310282
0.1920871
0.1983544
0.2470355
0.2895094
0.2007959
0.3366603
0.5964712
0.6722001
0.4330591
0.2363369
0.2389618
0.2133908
0.2060539
0.2792781
0.2940170
0.3177574
0.3646756
0.3837316
0.4766421
0.4343422
0.3291278
0.2496573
0.3225450
0.3817350
0.3126730
0.2689421
0.3191842
0.3024276
0.3172260
0.3018983
0.2340691
0.2460374
0.4226612
0.5363982
0.3948382
0.3005801
0.2872779
0.3412273
0.3550873
0.3134334
0.4282910
0.5359473
0.6933310
0.8965508
0.7738275
0.4487673
0.6304389
1.0598454
1.4252893
1.0847173
0.4322430
0.2325370
0.1674956
0.2023545
0.2829396
0.4061564
0.4114550
0.4061981
2.5840642
29.3440380
100.0605850
170.4131927
195.8498535
160.6795502
96.9139481
36.5942307
9.6628170
4.5373335
3.4237888
21.8812580
60.4104500
63.0618210
57.6435776
60.3189049
69.3389740
60.0686073
26.5977211
7.6475849
14.1481209
43.3602638
77.9121857
83.6822281
86.2758560
88.7109451
75.2319412
60.1871262
58.2374229
59.5411148
69.6516190
85.5708542
86.0507507
41.3474731
43.6603088
38.0300293
62.4778481
83.4260635
62.8076210
45.3245392
61.3237877
39.2313499
14.7527065
4.2222919
18.7889824
93.8724823
164.5983734
139.6601868
79.7058411
62.5389099
49.6052895
38.4470367
37.8512878
33.7537918
28.6230106
41.3509102
75.1179581
101.7273254
100.0274353
64.3697968
47.0122375
62.3450623
89.8113937
131.4633942
98.5627747
74.0798187
70.1091232
86.0620117
30.0921402
25.1241055
57.6469879
98.9527435
164.0036011
184.2034302
116.5585251
26.8177910
12.7839832
5.9971075
3.6976988
65.0071793
181.5158386
307.2093506
310.0151367
157.6933899
63.4852982
49.0117302
19.8000698
7.4230118
2.7883925
7.7426243
13.9898148
31.4431763
74.5379410
120.4325714
134.1945801
119.9115219
92.5192490
68.0037537
67.2537460
71.0387573
92.0029755
123.0262604
172.4382324
221.8226318
241.3078766
185.9963531
87.7127533
25.5214081
9.0682135
5.8539200
3.8120599
3.3133333
10.8108864
57.1951904
150.9839020
238.8602295
240.8148956
163.5135956
80.4979477
25.4192352
6.7828741
2.7697277
4.5385470
25.0997086
94.7417603
168.0168457
224.9956207
321.3338013
410.7826233
320.9302063
165.2630310
113.9351196
86.6789551
59.3312187
28.5545425
56.6962852
60.1451378
67.1672211
124.2751617
180.4320679
193.4391327
143.6950073
89.6559219
50.8343277
89.3165283
282.4270630
518.1593628
487.3166504
302.5969543
206.6593323
167.6433411
231.1268005
121.1871490
21.7890530
6.5418520
6.7839780
4.5790505
2.0315320
2.4974916
31.7115498
135.4418182
265.1351624
322.5158386
270.5603027
197.4067078
138.8674469
107.4847794
83.8262558
168.9992218
384.7248230
366.0223389
229.7012787
72.3818130
31.1381569
58.0412025
159.2057190
234.3473511
207.5156860
158.3367615
137.3952637
183.7748260
223.9270935
201.8329315
206.8132324
256.2636414
371.7842712
544.4725342
653.4022827
551.9735718
295.2464600
129.4117126
42.2895088
19.4805470
12.2489643
14.3104858
89.8409042
250.3359070
340.5579529
283.3742676
140.2406464
81.8919830
81.8493881
176.4770203
328.4847717
150.3719177
48.9458656
52.4077988
150.3566437
279.4822998
222.6374359
115.4738541
77.8837280
162.1019592
217.6777039
172.2953949
68.7956390
23.6887360
8.1219664
9.1315928
25.6431465
46.0665283
18.7986622
5.4232931
6.4617739
15.6815453
26.1396465
35.8022003
37.1279869
23.8623085
8.7078466
2.5639553
7.8032742
65.5264511
158.3777313
201.5115204
146.5159760
56.8704987
9.8051558
3.9790201
10.5841303
30.2487240
46.2581215
27.7227554
4.4543581
0.3033894
0.0722830
8.4944649
54.2115974
124.6101990
189.5963745
213.6189423
186.4065399
129.1832428
98.4011765
84.9550171
99.0991364
188.9422607
219.3604584
231.1730042
247.5111084
238.4160156
109.7553940
5.1803474
1.1095922
0.0150532
0.2996351
2.9691885
5.8133373
6.7050242
28.9336681
117.5841980
226.4572296
251.9184875
181.9402161
114.2240906
93.2358398
100.5268860
67.3562317
16.5996189
5.3845692
5.6571970
36.9035263
166.4916077
297.4501038
371.4453735
348.3842163
259.8308105
190.7991486
141.9244537
77.9802704
38.8188744
7.8677635
0.7217363
0.7207753
5.5439706
21.4663906
29.6358318
23.9175224
18.6200314
17.4256382
20.3173180
16.9084225
8.6840792
2.2060900
6.9934301
31.8376350
65.2306824
71.2190247
64.6500778
51.6401863
42.7257767
35.6362648
49.1103706
85.7133484
110.7190628
97.6862717
84.5760345
83.3797150
77.2667084
59.6256866
62.2382317
73.3032837
63.3304749
44.8747559
43.1832657
33.2758179
33.9628944
39.7476349
31.1122475
32.5124359
19.2977390
10.4938507
8.3770256
4.5283318
3.7673972
1.2350475
0.4594023
0.1854749
0.1716492
0.3430524
0.7118796
1.2190310
1.2299212
1.1765511
1.2401938
1.3006393
1.6109645
1.8135568
1.8515259
1.8544858
1.8155107
1.2749788
0.6435668
2.0534627
8.5390635
21.5758343
36.1914253
43.0567169
40.9330597
37.2728195
28.4871006
23.9542065
37.7548141
78.8131714
115.2016220
119.0057373
108.8862152
82.7713013
60.8887215
49.9448891
34.8113556
17.7870293
34.1571045
36.1722031
43.2151871
30.8098145
9.0720167
2.4448929
8.0500498
45.0525932
93.2101288
111.0724945
101.0412827
73.6570587
37.7218552
8.1902037
2.9037097
1.0432991
2.1640594
30.2649956
57.9607849
53.6919785
33.0949707
10.6246490
10.6721210
7.6896434
1.8297398
1.6387370
1.1894107
0.9989473
1.0591931
1.5445735
18.2513275
48.5867844
70.0995026
67.6966171
48.0445557
32.1852264
29.7093925
50.0889549
59.8714218
58.3708267
43.0832863
30.8631973
42.5354309
65.0671463
87.9047928
69.7632828
36.4103317
20.3393707
25.9196339
41.4861183
40.6743279
17.5026512
6.1439290
9.7994242
25.2374744
68.6651306
96.0811768
98.9557724
89.3389359
67.9946365
46.5088043
29.2957039
26.7270393
27.7631435
29.8569183
35.7790718
47.1723557
49.5816307
43.9011345
32.2322273
31.1717396
28.9562073
25.8382149
21.7389126
14.2420692
8.2064590
3.4810572
0.5445341
0.1526943
0.2895623
3.7315123
12.8883896
20.7954216
24.0702229
25.2204838
25.5249214
19.0145683
10.7066317
17.9994354
43.6716766
72.5633545
75.4991837
50.4730415
35.2623978
25.4680138
33.3894501
66.5798950
83.4990158
88.0860291
97.6915512
117.3580093
127.2379379
105.5337830
69.5226974
50.8576469
43.3705978
37.9181099
36.2655334
39.9244118
33.4520302
20.3223267
11.1798277
5.8917875
4.7025180
1.6053191
0.3712347
0.6238357
0.9760990
1.3746897
1.6541095
1.7483109
1.4751158
1.1200815
0.9856464
1.0458409
1.1534264
1.3402532
1.1607997
0.6087154
0.3044341
0.3919635
1.7825086
9.9120293
30.9960461
53.1414223
56.4244194
47.9999123
43.6158218
41.7186165
27.3814278
10.2890282
4.3710456
2.4390914
1.3405862
0.7252572
0.2833835
0.3503549
0.4051702
12.8417683
51.5482864
98.9865570
124.9871902
113.9394684
85.9701843
42.2833061
28.1146774
21.0546436
11.0831318
10.4140882
21.2525043
22.8229523
16.8720760
9.4607096
16.8434391
51.9619331
93.8708954
111.7969589
92.7205048
76.1487122
80.1161346
96.9465790
114.4089584
97.7326584
52.2956009
11.3155193
52.2956009
61.7228432
68.6563110
73.3065948
61.8329773
43.9100304
21.6265526
33.3881874
25.7548981
11.3415842
34.4211693
52.5064087
55.4856148
54.9123192
45.3060226
25.6240807
7.9987617
2.5983737
0.5937285
0.2551011
0.3467960
0.2515463
0.2095515
0.2943133
0.2669911
0.2274974
0.2321000
0.3168501
0.5268968
0.5233694
0.3288848
0.2645744
0.3643027
0.4600011
0.3652595
0.3663152
0.3952274
0.4643182
0.6355004
0.6833257
0.6020469
0.4596146
0.4147535
0.3557957
0.3181099
0.3292684
0.3755907
0.6031867
0.6249555
0.5965441
0.6094360
0.4411606
0.2338605
8.6839218
38.5957413
77.6537170
103.0455627
104.9460754
100.9301300
64.9260559
39.6672897
34.9893036
45.4262161
47.6550446
26.8060703
12.6566505
10.2444124
8.3650723
6.3369341
5.8219571
17.2530613
36.0533867
58.2252884
77.9234467
86.3877258
89.1884079
83.3838577
69.2177658
56.0573425
46.4819450
30.0019054
10.3050938
27.9248772
32.4127274
42.7058792
51.2946663
46.2130432
39.2968140
35.3492889
27.9260979
12.2968302
11.3001595
13.8360100
17.0037479
31.9192047
33.7255096
15.8267794
3.1353526
1.3546369
0.2333780
0.2156576
0.5174686
1.5889157
2.8393660
3.1374738
2.7527213
2.3261938
2.3255038
2.3635530
2.3771009
2.3911719
2.1809139
1.8494544
1.5718055
1.4465489
1.4403789
1.6680367
1.2190301
0.6602792
0.7500824
4.3229527
16.4519939
44.0691414
89.7413330
133.7803040
154.7588806
137.0083923
92.5823898
48.0517197
24.0057354
14.5133362
5.7304773
6.5039315
17.0083332
50.2905083
82.4224854
81.8354340
56.7990227
30.8354149
14.8694172
14.3622017
18.6140213
45.3626060
61.5113831
63.6699028
58.4529915
46.3805809
21.3423996
34.3289223
48.6135292
52.5649605
58.8777542
55.4617348
72.5457764
51.6492119
20.5302944
29.2384472
42.4088554
40.7795067
40.1539040
49.8028870
53.9320183
50.1954613
37.8544922
33.3860054
19.8967819
2.4896071
0.2929707
0.3495800
0.5419637
0.5734403
0.5841345
0.5672528
0.4651785
0.5494056
0.6394798
0.6403356
0.5064676
0.3686223
0.3645573
0.4799148
2.1171405
4.8844790
6.3336034
6.7512522
7.8518252
11.7989683
21.3204193
36.3713875
48.8500671
56.3901367
62.8902740
76.5103455
100.9658127
134.4700775
177.8389587
202.0250549
163.7861176
75.9201050
20.3998299
10.1741533
9.2954016
10.5786600
11.3922501
40.5370178
84.6088943
96.6545563
74.1388397
51.3421440
38.5076141
28.6486263
11.2408581
3.1188309
13.9750843
64.6855698
100.2557678
92.4130859
70.9780579
52.0708313
36.1018219
26.8411827
54.1313629
141.3345184
229.1895752
229.8608704
151.5783539
106.7356873
84.0977859
63.9313126
42.6071053
48.2360611
95.1387787
120.3697662
99.0252609
87.4798584
91.8336029
84.9011536
65.2571411
29.9463806
34.7331429
40.9358521
47.4992981
81.4554977
69.9833603
58.5104370
52.3211746
64.3148880
81.2498779
76.2722778
45.6420059
20.9368382
26.1345806
57.1809464
68.9059830
59.4906158
47.3467751
36.6145439
27.7393532
17.1093464
9.5495615
5.8786173
10.3178596
23.2579288
36.3032608
35.4576416
21.2261066
13.4292059
9.1923838
4.4134464
0.7625902
0.6981538
1.6520855
1.4209191
1.3067845
14.0599527
41.9093742
55.3198967
41.4916267
16.5629311
8.4811573
7.4078317
6.9233041
5.7399592
4.3959751
4.8298817
3.9939489
4.7596588
4.5034723
3.3903766
2.6974077
3.8606546
13.6118727
30.6863842
40.9399223
37.7717171
27.2507401
22.0621796
17.8305397
12.6301174
10.4515715
27.1678009
40.6586952
52.1918259
58.6857452
55.5260925
48.7946281
44.4606056
37.1006165
34.0091209
31.1428566
24.9513779
18.0508919
8.7785110
7.1486197
6.4309120
6.4306264
5.0827723
22.3280468
50.2140198
59.7485847
43.9440536
12.2480202
5.7011619
2.3632796
2.5793662
4.1522121
4.3395047
4.1425004
4.4151196
4.3680887
4.0583076
6.9619436
17.2549973
28.1511002
27.6032104
19.3397369
14.1226397
14.8916893
12.7016792
10.3164072
7.6386614
6.0377936
7.6417723
16.5972290
18.9402046
18.6752872
17.4372978
14.1774902
9.4526625
5.9099312
17.1808739
18.0981083
23.3196678
39.6351204
56.2785645
50.8747787
26.8080750
13.6955347
7.2521505
2.1421838
5.3466020
9.5923319
7.3095694
4.3101664
9.3744459
11.9640827
7.9367766
3.9421380
1.2088875
1.1284982
2.1661556
2.8034761
3.3515339
4.0538745
4.5306358
3.8787713
2.6144462
1.5653760
1.2491810
1.3380255
1.4590340
1.3123786
1.1439449
1.2956564
1.1906968
0.9496874
0.9699466
1.0125647
0.9816529
1.1833471
1.9330621
3.4381573
4.1737833
3.1708510
1.4862165
0.7409079
0.6800032
0.7865015
0.8813581
0.8752351
0.9277226
1.0544987
1.5975956
2.2420576
2.7687402
2.7193589
2.2976830
1.6952496
1.5822312
1.5011818
1.2035459
0.6199384
0.3105921
0.0663565
0.0036711
0.0000000
0.0000000
0.0000000
0.0000000
0.0000000
0.0000000
0.0000000
0.0000000
0.0000000
0.0000000
0.0000000
0.0000000
0.0000000
0.0000000
0.0000000
0.0000000
0.0000000
0.0000000
0.0000000
0.0000000
0.0000000
0.0000000
0.0000000
0.0000000
0.0000000
0.0000000
0.0000000
0.0000000
0.0000000
0.0000000
0.0000000
0.0000000
0.0000000
0.0000000
0.0000000
0.0000000
0.0000000
0.0000000
0.0000000
0.0000000
0.0000000
0.0000000
0.0000000
0.0000000
0.0000000
0.0000000
0.0000000
0.0000000
0.0000000
0.0000000
0.0000000
0.0000000
0.0000000
0.0000000
0.0000000
0.0000000
0.0000000
0.0000000
0.0000000
0.0000000
0.0000000
0.0000000
0.0000000
0.0000000
0.0000000
0.0000000
0.0000000
0.0000000
0.0000000
0.0000000
0.0000000
0.0000000
0.0000000
0.0000000
0.0000000
0.0000000
0.0000000
0.0000000
0.0000000
0.0000000
0.0000000
0.0000000
0.0000000
0.0000000
0.0000000
0.0000000
0.0000000
0.0000000
0.0000000
0.0000000
0.0000000
0.0000000
0.0000000
0.0000000
0.0000000
0.0000000
0.0000000
0.0000000
0.0000000
0.0000000
