0.0000000
0.0000000
0.0000000
0.0000000
0.0000000
0.0000000
0.0000000
0.0000000
0.0000000
0.0000000
0.0000000
0.0000000
0.0000000
0.0000000
0.0000000
0.0000000
0.0000000
0.0000000
0.0000000
0.0000000
0.0000000
0.0000000
0.0000000
0.0000000
0.0000000
0.0000000
0.0000000
0.0000000
0.0000000
0.0000000
0.0000000
0.0000000
0.0000000
0.0000000
0.0000000
0.0000000
0.0000000
0.0000000
0.0000000
0.0000000
0.0000000
0.0000000
0.0000000
0.0000000
0.0000000
0.0000000
0.0000000
0.0000000
0.0000000
0.0000000
0.0000000
0.0000000
0.0000000
0.0000000
0.0000000
0.0000000
0.0000000
0.0000000
0.0000000
0.0000000
0.0000000
0.0000000
0.0000000
0.0000000
0.0000000
0.0000000
0.0000000
0.0000000
0.0000000
0.0000000
0.0000000
0.0000000
0.0000000
0.0000000
0.0000000
0.0000000
0.0000000
0.0000000
0.0000000
0.0000000
0.0000000
0.0000000
0.0000000
0.0000000
0.0000000
0.0000000
0.0000000
0.0000000
0.0000000
0.0000000
0.0000000
0.0000000
0.0000000
0.0000000
0.0000000
0.0000000
0.0000000
0.0000000
0.0000000
0.0000000
0.0000000
0.0000000
0.0000000
0.0000000
0.0000000
0.0000000
0.0000000
0.0000000
0.0000000
0.0000000
0.0000000
0.0000000
0.0000000
0.0000000
0.0000000
0.0000000
0.0000000
0.0000000
0.0000000
0.0000000
0.0000000
0.0000000
0.0000000
0.0000000
0.0000000
0.0000000
0.0000000
0.0000000
0.0000000
0.0000000
0.0000000
0.0000000
0.0000000
0.0000000
0.0000000
0.0000000
0.0000000
0.0000000
0.0000000
0.0000000
0.0000000
0.0000000
0.0000000
0.0374718
0.3009004
0.7165809
0.9076492
0.7601271
0.5803365
0.5803227
0.5695461
0.5298101
0.5635780
0.7234933
0.7005560
0.8259120
2.9693880
7.9449615
13.7681427
18.0634174
19.9417934
20.2482376
19.1429024
19.6092033
21.5189362
21.2616692
18.7988033
19.2470169
25.8181591
28.6099796
27.7458954
25.5133114
24.5253773
30.2768555
33.2973022
34.0950775
31.5875053
30.9119148
30.4863243
26.1487656
27.2833939
28.6731911
31.0464439
28.4937859
25.7936878
24.3276005
25.1404839
25.7035065
27.1950035
27.5545139
28.4085522
31.7563438
35.5453987
33.2014542
32.5049973
28.3246765
23.0939255
22.3904667
20.7297344
19.3683510
16.4463253
13.7645321
10.2162552
9.3776369
9.8846312
10.5043869
11.3375425
10.5846958
11.3466206
10.2706823
8.6759977
7.5938897
8.2597084
9.0789881
7.9815888
8.3008394
8.7985239
10.2740173
9.5129051
8.0650244
8.0543728
6.9068832
6.3431768
5.5129452
5.5637569
4.8214645
4.1721396
4.2091846
3.8897429
3.5875053
3.0193038
2.6328275
2.8720589
3.7633841
5.1535349
5.1825991
4.3791604
3.6650453
3.0431314
2.9496076
2.9642682
2.6819403
2.5614483
2.6781402
2.7589040
2.2789254
1.8836720
1.6040075
1.2288343
0.9633570
0.9528654
1.1194021
1.9471141
5.4866676
11.2128811
14.1767397
11.5725794
7.3399239
4.2572985
3.3566117
10.0932550
24.1297359
44.6979103
58.0852127
59.4497452
55.1165619
42.5458412
40.3968620
29.4952946
15.8671818
13.2253380
48.0102921
108.1367188
95.0139236
56.8518372
26.8622284
16.6283245
9.9504290
27.1556797
43.7801933
55.0165825
41.5638008
17.2447128
31.0788555
67.8070068
82.8705063
66.0478745
40.9783592
37.0301628
51.3471642
53.7693138
40.2029114
39.0921440
66.3561096
74.9416885
57.2272987
22.9859390
4.3798094
2.4710088
14.9738789
63.2902184
90.4169846
75.0193176
55.3747482
23.0158310
7.1802859
3.0910783
12.6336708
36.5643272
34.5836029
18.0472355
12.3666668
11.4892302
21.2698288
21.9294147
11.1228571
12.7391844
32.7883949
64.2229385
58.9980736
48.8036613
56.5160637
90.5603256
112.8468781
95.4354706
61.7495575
35.9153442
19.3713779
8.6403170
3.0210361
2.1824152
1.7568828
1.1700978
0.8345609
0.5427800
0.3179483
0.1953001
0.3013726
0.4244919
0.6934690
1.2489122
2.0672154
3.0506759
3.4142892
3.0736802
2.9130361
3.3835566
3.6279936
3.4989471
3.1448131
3.1143947
3.6715436
4.3475347
4.5889025
4.8799663
4.9558344
4.4601884
4.0566759
4.1938820
4.0820508
4.4517236
4.2673469
3.3981948
3.4153476
3.1905048
3.1907039
3.0358646
2.7890244
3.3675494
3.2392223
2.6426957
2.0617070
1.8424789
1.8198926
1.8469354
1.8119432
1.3927073
1.0813134
1.0205396
0.7674401
0.5917798
0.4755649
0.3927515
0.4555912
2.4850519
7.9787779
14.6963501
21.0387859
24.9778576
26.5210648
25.2689590
21.6478119
19.4041977
21.3115578
21.8029633
20.0981693
17.4496078
16.0525208
13.5862694
13.8574219
16.7796688
18.0359573
15.6609707
13.4688606
14.6236858
16.9755592
17.7981567
19.2081070
20.8024063
18.6981888
18.0687866
18.1711731
18.4860134
17.6992626
14.3166847
12.2195492
10.1772308
9.5254717
8.3436928
8.9858236
11.8149471
13.8021946
13.1953897
9.7861691
5.7237992
3.4433355
2.4216681
4.5299082
11.2904396
16.6039238
17.5040035
14.1026058
8.2695923
4.1466503
2.7218029
1.9095844
2.6398728
7.7159777
16.4234848
18.1609421
12.9470768
6.0973015
3.5238528
2.3926518
1.5073476
1.0767477
2.9719276
5.2655983
4.1746860
1.8956817
0.7623556
0.5060155
0.8999393
3.1027820
3.5875030
1.5163019
0.4333201
0.3538214
0.2555689
0.2747877
0.3713028
0.4975566
0.9412801
2.0090041
3.4127398
3.7551670
3.3038101
3.1154170
3.1606417
3.1334014
3.1782727
3.3248377
3.5926950
3.8327732
3.8876109
3.9126935
3.6945491
3.7713830
4.2371278
4.3244519
4.3209481
4.2176361
3.6564054
3.4445634
3.3493123
3.8796911
3.9825315
3.3102820
2.8095508
2.9984083
3.5633609
5.0115309
5.3390222
4.0440006
3.1988587
3.4419992
3.7331007
4.3003521
4.2313900
4.0479174
3.9910595
4.3408022
4.5066543
4.2156315
2.9745545
1.6420915
0.9453344
0.7259643
0.8467001
1.3519844
1.8413868
1.8273740
1.3104346
0.9006398
0.6066040
0.7141441
1.8402692
5.6359806
8.9564199
10.8811398
11.6363487
10.9052134
8.2765560
5.8870749
4.4133506
4.6880379
5.2081594
5.3484302
5.2643280
5.7107973
5.9508476
5.5448513
5.1235976
4.5445151
4.0600333
4.2365608
3.6569276
2.9809937
2.6996357
2.7400744
3.0834391
2.7880955
2.4209509
2.4304247
2.6094432
2.8283575
2.4214110
2.2467680
2.0457282
1.6678746
1.3479266
1.5398011
7.7778149
22.6015358
34.1410446
32.3457184
18.6404324
7.7350116
12.3014870
29.2596817
40.3238068
37.9404221
37.4876213
51.8984756
68.9257965
80.3758774
112.2990646
154.4907990
178.5028229
161.9476929
114.9397736
54.5940132
66.5000076
100.1211243
55.7033882
19.8290348
6.0496464
0.8376275
0.5590042
0.4049422
9.0369978
67.0333939
145.7938995
170.7213593
119.9127808
79.5705566
86.9822998
120.0205002
138.3438263
106.1204758
90.3932571
70.4681396
40.1507416
57.7888756
58.3254852
34.3242912
23.7697830
22.6659927
23.9350128
24.4465961
23.5006084
26.0348167
23.5744267
27.0882778
36.4204407
48.5096855
50.0905571
45.4245567
43.0950012
50.3075409
91.9552231
139.2125854
133.5057831
107.7963791
73.9381485
41.2406769
8.0149994
7.8672614
5.7164831
2.8579242
1.2978861
0.5614529
0.2192042
0.1793919
2.9620175
9.9602146
15.6293373
20.4655437
25.3631859
27.2232361
25.3288460
19.6364708
13.8363104
9.8589773
7.6872692
6.4626923
3.8161421
2.1954377
0.7487527
0.4257345
0.1997536
0.7197655
4.0699797
10.3258629
13.3496838
12.2935162
8.0508738
4.4739542
3.2764101
3.4906278
4.3121390
4.8588142
4.8850632
4.3676147
3.9979570
3.7763019
2.9262826
2.2172575
1.9290837
1.2313888
0.5515690
0.4254248
1.9702897
7.0471969
10.5050049
11.2701025
10.6100569
9.2383022
8.0188055
6.7840514
5.3315701
4.4561944
5.6564455
6.9623528
6.7873020
6.1363430
5.3367667
3.6128252
2.0886445
1.2933923
0.7315027
0.3207994
0.2243459
0.3834353
2.3356705
5.4657278
6.2268744
5.0126538
3.4114139
2.6835699
2.7102256
2.6771953
1.9428816
1.1854351
0.8547658
0.5224531
0.4720440
0.3007625
0.9919335
4.8039064
8.7952671
10.6770821
10.9141197
10.7612114
10.2761354
9.4837303
7.8134184
6.8841639
5.9069939
4.1733537
3.4738994
4.3678370
4.1330137
1.7365404
0.3564168
8.8222666
46.2747536
79.6993484
87.7358856
77.8822403
64.2090225
40.1567497
20.7525558
2.8283620
24.3725052
121.8399353
233.3248138
239.5482330
168.8103180
96.5316849
41.0965080
9.7366943
7.1857896
31.6107311
67.2413712
100.7191010
118.4332123
131.2250519
141.4016266
150.6270752
170.0395050
186.6597443
202.7347870
166.5042114
113.1386719
61.7965317
34.4842796
138.1924896
189.1302643
186.1645508
150.4279327
113.4726334
88.2304688
52.2746201
29.2319374
17.0365219
15.1640511
43.2342834
54.3004036
40.5458412
27.6118774
18.3440933
13.0607510
11.9823570
11.2376938
10.7651100
8.7987204
7.9097724
6.8660502
7.0746722
6.9690900
5.9333057
5.6330991
6.0811977
5.7472363
5.2536201
4.9854856
4.2800436
3.5381091
1.8948183
1.4715762
1.0041049
0.4158708
0.2306347
0.6660922
4.1706619
7.8772950
9.0437899
8.3847599
7.2357612
6.4341311
6.1538162
6.0397472
5.8873014
6.0533543
5.7871494
4.8834953
4.1754460
3.9052329
4.4735699
4.7159042
4.6287880
4.8063016
5.1288061
4.5600033
3.5103369
2.7290144
1.9669139
1.8439069
1.3561659
1.1460278
0.9089561
0.6142460
0.2885032
1.2410913
6.8884125
16.7614918
25.6207352
30.5513134
30.1131287
24.6164780
18.3143692
13.7991619
9.2446442
8.7928782
9.5339842
9.8878317
10.2910309
8.7805433
7.7299280
6.6753178
7.5288849
7.3968391
7.6767688
8.3485060
8.5505447
8.5315056
6.9843111
6.5537453
6.0730681
6.0865784
5.7032142
4.8165512
4.1250753
3.7165883
3.3920770
3.2357767
2.8124800
2.4642453
1.9256047
1.4189217
0.6165123
0.2474760
0.2350540
2.2765870
7.4137640
10.9500160
12.0142794
11.3181915
9.7618713
8.1780586
6.9154000
6.2787504
6.7275248
6.7120705
6.5751057
6.7930140
6.7736688
6.6876884
6.4357719
6.6657495
6.9215584
6.9150848
6.5862651
7.0496078
7.7687473
7.4686017
7.5383739
6.6803389
4.4062381
2.1702366
3.2260919
30.7135067
89.4420624
128.3894806
118.8922424
79.8499908
56.2301483
47.1604156
56.8971596
134.8648529
227.1200104
223.9754944
127.8729553
33.1075668
41.1132698
32.7178421
15.4769936
40.4161682
164.1381226
231.4573975
148.4742889
44.4876709
60.5639458
81.0817490
104.6822739
88.8055267
69.9483719
89.1416092
142.8620453
153.4812927
135.0778198
176.1960144
240.9324341
254.5927277
260.2923279
258.1864319
264.7092896
243.1258240
200.7961273
151.5404663
98.1163788
47.4522362
82.0832214
47.7228813
31.7934837
54.6017990
98.2017517
102.6928787
79.8527222
79.8099823
128.6231079
165.1367188
134.8574219
78.9094849
29.0290051
4.0567541
7.1504183
36.0111427
79.5516663
97.4871674
75.4370880
45.0477791
31.2914658
26.2180176
24.4174290
26.6584625
26.7923851
23.9436398
20.5336266
17.8988991
16.6013107
14.2220821
14.0898638
14.0854940
14.9673939
13.3354254
12.6899080
10.9612188
6.8500309
3.4582891
0.9392564
0.5179867
0.7151695
5.0201168
13.5405464
18.0476837
20.4114723
22.1805058
21.8389740
18.6241493
16.5853996
15.2479734
14.7210159
13.8591642
13.2649364
11.8887081
11.1950064
9.7750092
8.7923288
10.0506802
11.1737900
10.1785851
8.9847660
6.1679144
3.7704341
1.7296177
0.8266528
4.2715106
24.6601715
52.9985428
71.1657944
82.5160141
91.2628860
94.4223709
85.3968735
68.9976501
55.1639786
55.9504776
54.7205887
60.4835968
66.0301590
66.1292191
65.7460175
62.9230270
51.9724121
40.1035767
38.2275467
33.7373314
23.8622780
19.4752979
23.3711243
36.3673325
34.6581535
12.2788982
1.0044408
0.1828322
0.4684110
3.3477306
5.9112191
3.9914432
5.7894859
31.2880573
80.2900696
105.5664673
93.1472244
117.7439194
177.0117035
197.9656830
159.7137299
140.2923279
136.7919617
184.3385925
176.1951752
89.4845123
35.7951965
27.7981186
38.8239899
140.0184174
251.5519104
245.2209015
169.2474060
141.1939697
99.3705444
83.8003235
92.3412323
113.9509735
110.2461853
94.9723816
130.7547150
179.0117950
198.1680603
151.8074341
81.5680084
24.7574253
24.4406815
108.8045959
260.7976074
308.8484802
357.8059387
356.5014038
271.3471069
162.7406921
77.5753479
135.7449799
198.3298645
181.1951599
185.5430908
135.3078766
77.6424026
43.4916840
12.0951490
11.2528515
11.4602966
9.6484108
6.4410672
22.9984093
51.0640335
50.2582359
23.0129318
9.7512341
5.8029385
3.7313440
1.0621334
0.7209961
0.2177183
0.7750254
5.1221485
12.0650778
15.4667683
16.4484215
15.3933792
13.1182966
10.5600052
8.9705944
8.6991787
7.9217720
5.9466920
5.7170305
4.7799692
3.4425325
2.8585978
2.0140848
1.2511718
0.5689175
0.4112626
0.2627469
0.2725904
0.2315812
0.3894782
0.5366696
0.6791275
0.8001176
0.8350939
0.8995477
0.8033742
0.7160059
0.8116010
1.3120226
2.2507730
25.0134468
148.0652618
319.4783630
393.1295471
317.5929871
167.2205811
59.4745331
37.9205475
105.5883026
186.1151733
135.8941956
51.6293602
35.1267395
33.0310173
34.8171806
61.9553642
92.3418579
81.8616028
47.9640579
9.8204069
33.0237045
19.0793667
12.5610456
18.1905327
21.9270248
44.2683029
86.2248001
98.0719604
71.8888474
39.8649864
21.1783638
16.6465473
16.6911030
11.1511145
8.8363304
30.5625515
53.0035248
44.4772758
16.0019989
8.3544540
5.6102891
2.9514823
1.0159839
0.3126354
0.2306562
0.0670817
0.0818257
0.2864310
0.5062426
0.4387841
0.5013834
0.6877546
0.8160561
0.8792024
1.0204568
1.1173568
1.0595450
1.1153564
1.1759108
1.0954235
1.2704285
1.1238497
0.9177399
0.8296348
0.8331459
0.8162905
0.8896639
0.8498760
0.7335550
0.6929229
0.6199477
0.3740538
0.3170678
0.3304301
0.3334269
0.3401500
0.4261408
0.4342430
0.4180830
0.5954906
0.9704786
1.3749753
1.7134509
1.8520007
1.5479892
1.1225269
1.0630015
1.1277201
1.1322253
0.9037408
0.4681157
0.3250122
0.3761555
0.6677472
0.8431744
0.6010975
0.3444805
0.2083543
0.2570060
0.4466429
0.4452502
0.4348875
0.3432866
0.4214927
1.5336957
7.8687577
36.9548569
82.1793671
116.6542130
119.4759674
91.2180099
67.8479385
79.8213730
82.4784088
53.3132248
49.7267532
53.9812317
29.2353554
13.2035351
15.2518291
34.5544777
72.4939194
93.3830109
64.1464386
27.0532074
15.5814047
11.9969215
14.0273390
43.0665665
116.8001480
156.8180237
144.4631348
99.4501801
40.4047318
9.6261911
6.4451447
11.5708866
27.2235966
58.4000893
73.3941040
57.7312050
43.6497154
36.3774605
23.3404922
8.2413111
19.1075363
24.1768475
17.0670891
11.6806870
13.5298624
32.1565895
68.4338303
102.3751755
120.3373260
119.9148712
112.7111740
87.9072495
63.9690895
52.6069794
41.1853638
30.3549137
23.3853703
21.4357166
19.9510326
20.2204475
18.5099640
12.3009548
6.6636000
3.5050170
3.2745755
2.8152342
1.5004575
1.0111787
0.9755687
0.6626062
0.6363531
0.6811494
0.6184412
0.6486298
0.6204965
0.5498941
0.5220345
0.5369738
0.5332546
0.3847267
0.3135347
0.4936703
1.4336138
3.1360872
4.9014812
5.8652434
5.9405251
5.8222327
6.2221637
6.1296353
5.5201311
4.8151598
4.3656244
3.4970889
3.1200278
2.5098596
2.2789671
2.3571720
2.4205773
2.4485667
2.4959526
2.0154774
1.4877174
0.8178707
0.3766128
0.3350485
0.8417638
4.8895860
12.5176659
20.9176655
28.3430977
30.9258442
29.2293892
24.9750023
23.3746128
24.0290337
22.8770256
24.6691666
22.7240906
19.3455505
15.8623371
13.8641624
13.8460712
12.1360664
10.6455326
10.2700005
8.3540859
9.2428017
10.1372309
10.8194904
10.9078970
9.6947937
9.2112236
9.5524817
10.1715317
13.7166862
20.6441631
30.2434330
39.1996307
48.2869606
68.1566696
103.1107483
156.1608429
198.8468323
196.1074829
149.3306274
95.4792252
78.4275665
128.5358429
175.2475281
215.6742096
215.1332245
147.5299835
42.8300858
17.7105637
7.2467632
4.1363678
25.8136635
111.8643570
156.5200500
101.5419464
29.8966084
11.7646322
29.5787430
56.6823425
99.8676453
125.2996674
125.1804504
72.8663177
20.4051857
47.0638885
188.9747925
334.3895264
327.5175476
202.0298462
119.0863190
63.7166862
27.8421516
19.9756699
39.2410049
122.4804611
308.4426575
442.3261108
438.3791504
336.0643921
225.2596436
143.0526428
107.7092438
109.3566666
154.8568115
166.4890137
138.0643768
95.0888977
73.9722900
74.3992462
64.5055923
41.1882553
20.9454670
17.6598091
17.7675285
12.6450853
8.2889538
9.8389730
7.1071873
1.1450469
0.3297260
0.5868177
2.9946718
9.7225418
12.2749043
12.9460983
12.9825335
12.9313202
12.0117092
11.1646309
11.1014738
12.1611109
11.2179108
6.8865638
14.2109041
74.0759964
167.2033386
193.0105438
127.6940308
53.1406288
12.6098928
2.1670527
14.4195623
47.2574615
110.6804504
175.1316528
213.3183136
240.8589478
234.4472046
196.3651733
132.0831451
47.5682373
9.4331417
25.5736122
62.2420616
95.7160797
95.9537048
64.7832260
27.5859890
18.3992310
79.0901413
184.5681763
237.4602051
221.4042511
166.9644318
115.5212860
70.3694763
39.8357544
22.2579994
24.0816460
22.7315292
84.1523972
142.9801941
198.6226349
229.7951508
185.3919067
137.5570831
103.4320374
81.4169388
64.6343613
57.0738487
54.3083267
62.7813988
104.3517380
156.3905792
170.6672668
133.9046173
91.3668747
57.7843208
27.2968464
19.4524422
53.5556450
41.5958443
19.1241074
10.4608698
3.8311601
3.5999825
5.3932948
5.6110477
3.6755426
2.0774269
1.0518987
0.5775403
0.1859120
0.1469420
0.1813652
0.2646998
0.1564027
0.0320887
0.0050116
0.0007580
0.0000000
0.0000000
0.0000000
0.0000000
0.0000000
0.0000000
0.0000000
0.0000000
0.0000000
0.0000000
0.0000000
0.0000000
0.0000000
0.0000000
0.0000000
0.0000000
0.0000000
0.0000000
0.0000000
0.0000000
0.0000000
0.0000000
0.0000000
0.0000000
0.0000000
0.0000000
0.0000000
0.0000000
0.0000000
0.0000000
0.0000000
0.0000000
0.0000000
0.0000000
0.0000000
0.0000000
0.0000000
0.0000000
0.0000000
0.0000000
0.0000000
0.0000000
0.0000000
0.0000000
0.0000000
0.0000000
0.0000000
0.0000000
0.0000000
0.0000000
0.0000000
0.0000000
0.0000000
0.0000000
0.0000000
0.0000000
0.0000000
0.0000000
0.0000000
0.0000000
0.0000000
0.0000000
0.0000000
0.0000000
0.0000000
0.0000000
0.0000000
0.0000000
0.0000000
0.0000000
0.0000000
0.0000000
0.0000000
0.0000000
0.0000000
0.0000000
0.0000000
0.0000000
0.0000000
0.0000000
0.0000000
0.0000000
0.0000000
0.0000000
0.0000000
0.0000000
0.0000000
0.0000000
0.0000000
0.0000000
0.0000000
0.0000000
0.0000000
0.0000000
0.0000000
0.0000000
0.0000000
0.0000000
0.0000000
0.0000000
0.0000000
0.0000000
0.0000000
0.0000000
0.0000000
0.0000000
0.0000000
0.0000000
0.0000000
0.0000000
0.0000000
0.0000000
0.0000000
0.0000000
0.0000000
0.0000000
0.0000000
0.0000000
0.0000000
0.0000000
0.0000000
0.0000000
0.0000000
0.0000000
0.0000000
0.0000000
0.0000000
0.0000000
0.0000000
0.0000000
0.0000000
0.0000000
0.0000000
0.0000000
0.0000000
0.0000000
0.0000000
0.0000000
0.0000000
0.0000000
0.0000000
0.0000000
0.0000000
0.0000000
0.0000000
0.0000000
0.0000000
0.0000000
0.0000000
0.0000000
0.0000000
0.0000000
0.0000000
0.0000000
0.0000000
0.0000000
0.0000000
0.0000000
0.0000000
0.0000000
0.0000000
0.0000000
0.0000000
0.0000000
0.0000000
0.0000000
0.0000000
0.0000000
0.0000000
0.0000000
0.0000000
0.0000000
0.0000000
0.0000000
0.0000000
0.0000000
0.0000000
0.0000000
0.0000000
0.0000000
0.0000000
0.0000000
0.0000000
0.0000000
0.0000000
0.0000000
0.0000000
0.0000000
0.0000000
0.0000000
0.0000000
0.0000000
0.0000000
0.0000000
0.0000000
0.0000000
0.0000000
0.0000000
0.0000000
0.0000000
0.0000000
0.0000000
0.0000000
0.0000417
0.1059110
0.4428697
0.8219508
0.9089630
0.6344116
0.3604994
0.5499459
2.2857890
6.0713692
10.5556202
14.3854790
17.4897766
18.5984192
15.7743320
11.7711220
8.5511446
5.8867521
5.1185622
5.4740520
5.9581051
6.7341499
6.3215079
4.6856060
3.5362911
3.5889657
3.4965672
3.0905762
3.0498543
2.9912207
2.6443694
2.4221802
1.7978323
1.2702608
1.0292248
0.7175307
0.7005088
0.7768126
1.0042074
1.2842989
1.5725642
1.6324382
1.3741469
1.0225474
0.8210917
0.9742702
0.8404605
0.6498227
0.5531046
0.4296522
0.3154986
0.3380387
0.5045252
0.6357459
0.4924557
0.3572131
0.3747616
0.8428943
1.9886776
3.1777506
3.6950293
3.6327748
3.2303205
2.8538191
3.1448398
3.1727257
3.2439942
3.5095153
3.9981530
4.1873407
4.1324797
3.9354219
3.5888329
3.0228066
2.5370755
2.4940152
2.1345704
2.0638652
1.9536860
1.9142392
1.9811561
1.9565668
1.7391691
1.4713820
1.5751582
2.0443795
5.1945877
8.8250160
7.8549852
2.6611285
1.1510060
1.1896522
1.3591974
1.5430994
1.4237119
1.4798108
1.8305612
1.9335380
1.5906122
1.3686510
1.2807418
1.3423630
1.2205836
1.2991642
1.4491756
1.5592461
1.8702986
1.8278003
1.5332011
1.3411397
1.0379312
0.7919882
0.9453204
1.4119610
1.7051533
1.5732421
1.4437462
1.3797573
1.5117199
1.5015553
1.4528232
1.5208253
1.3913144
0.9187405
0.3982166
0.3315658
1.9383612
9.4136419
24.9971905
49.1805115
68.9067993
68.9618988
55.2811203
31.6553936
12.2609119
5.7824473
43.5678482
126.7106323
157.2486267
125.2575531
105.2818069
136.7296143
158.4316711
165.2246094
144.5222168
119.6128006
98.4209824
66.7705841
44.8830338
79.9141617
126.3153381
117.9633179
91.4309387
63.4967041
42.8049927
20.0918407
17.4238358
59.9462891
82.2707062
70.0905685
47.5902672
38.9621658
34.9142075
31.9255924
28.5651741
25.8404427
19.6092606
16.6024017
17.4649620
17.7192688
23.0068607
33.9744720
52.6821632
76.5690842
89.1388702
81.0322571
69.8441620
55.2271309
34.3485985
14.7528315
4.0560937
34.5994110
96.8168793
120.7477493
85.5553894
59.1888351
85.3284149
115.3884277
125.6686630
123.5217361
101.3387451
74.2747879
40.5475311
46.0021057
65.1743317
49.6683350
28.9774609
18.4723740
31.2935371
32.4191437
23.7818336
6.6104784
5.0038266
26.2560883
84.4182358
133.0164490
155.0605774
146.2362213
119.2557831
78.0571136
34.2054329
18.0332699
20.1960754
22.1668377
20.1718102
10.8920860
6.1862583
2.5688252
8.7528915
91.2408295
225.9409332
305.5038147
320.9939270
353.6732178
359.1911011
294.7549438
200.3027344
100.4293137
69.1765060
155.6391907
168.0859985
110.1695023
67.1319656
54.2034340
48.4571457
34.4750710
12.9678326
1.5749941
2.9201236
19.5269394
48.7036438
59.2111053
51.0418892
37.4742622
26.9818001
19.6073437
15.8879213
14.7072458
12.7193794
10.7854652
7.9141531
6.1278915
4.4533539
3.0750203
2.8953791
2.9845262
2.6095357
1.4676776
0.8335166
0.4478153
0.2992079
0.2891222
0.8091272
2.8423381
4.7988758
5.9799595
6.7737136
6.2821798
4.5194278
3.8347039
3.6171641
3.3796115
2.8410420
2.8311121
2.4340627
2.0596316
2.1097865
2.2000341
2.2247028
2.1831267
2.3069718
2.2270784
2.0956240
2.1323261
2.0003972
1.7287438
1.5700088
1.4468048
1.2534300
1.1111112
1.1291811
1.2763877
1.4197978
1.5028795
1.2078166
0.9209135
1.0662258
1.5977551
2.2241962
1.9897807
1.3269274
1.2681462
1.1217504
0.9535395
0.7535871
0.8246589
0.9189416
0.8897467
0.7486503
0.4580160
0.3519979
0.3944161
0.5128390
1.4232526
5.3348589
11.1306572
16.2834702
18.6986732
19.5456562
21.0814896
22.5992889
22.5469303
21.3444805
21.5562382
21.9785690
20.4876251
16.8142128
14.7405167
13.1985416
12.1031647
12.6221142
14.2970028
15.2818851
13.8228836
12.1525555
11.9291458
12.6557751
12.7204933
11.6240635
10.1326666
10.0567789
10.3323746
7.9156952
6.2343946
6.6608095
8.0732508
8.0396566
7.2882795
7.0515709
6.2440042
6.1105733
5.8008080
4.9000621
5.0454745
5.8295879
6.2817836
5.6265931
4.5690012
3.8639789
3.2691746
2.9216897
2.4453220
2.6769974
3.1382115
3.0882931
3.0275855
2.7157784
2.3457210
2.1570027
2.1565845
2.0988536
2.4152479
1.9987752
1.1567643
0.5645836
0.3883273
0.1719323
0.1641200
0.4189476
12.2230520
53.3519325
109.3924255
140.5975342
122.3407745
97.9770966
122.8535309
179.2608185
162.8126678
83.9572220
45.1007614
35.8176575
23.7518673
19.0091438
36.5196953
113.8846283
197.1503601
193.8653259
120.3609390
33.5876122
33.6350555
13.9924593
5.4839087
44.3936691
118.1767426
177.7974548
195.7432709
162.9309082
105.9433136
100.4508896
139.9847717
191.9080505
217.8416290
189.5067139
140.5297089
98.2273331
67.9145584
33.8218498
49.9249954
43.1700859
24.1259899
31.2619076
30.1927013
25.1437397
21.1481514
16.4286480
10.6714020
7.7969031
4.3132019
1.9696169
1.0429161
0.4650996
0.2326473
0.1757683
0.4409453
2.0790746
4.3663354
4.9509749
4.8287158
5.3590040
6.5460949
7.2799525
7.6066055
7.3406687
6.5924349
6.0345497
5.9008083
6.4032078
6.6027994
6.6801639
6.3832397
6.2299533
5.4587870
4.3596373
4.0867147
5.8111234
8.3628387
9.0616932
7.3322525
5.4596596
4.6301517
5.1270108
5.4382124
5.1285148
4.6760406
3.7127631
2.7279544
2.4374197
2.8357234
3.0678048
3.0466237
2.9990799
3.1990411
3.4220891
3.0055084
2.5654473
2.2720270
1.9019952
2.1121275
2.3033009
2.1740592
1.9198611
2.2606981
2.1829305
1.9280059
1.8461643
1.7874842
2.1543856
2.9068799
3.1369994
2.7131932
2.0893459
1.8502736
1.8482683
1.8992445
1.9662316
1.8853470
2.0671573
2.4510703
2.4688277
1.7717705
1.0452406
0.6642135
0.4626859
0.4382608
0.5300082
2.3771172
6.0577512
9.6835480
11.4974403
11.5308428
11.3174095
11.1038456
9.8965187
8.4290428
8.4397478
9.0832148
8.6519833
7.8975515
7.5809793
6.8874865
6.8587523
5.7716808
4.2399693
2.1925178
1.9913412
1.8948534
1.8703920
1.9041940
1.7996380
1.5948958
1.5171207
1.2820506
1.1597764
1.0794356
0.7924952
0.6532428
0.4596339
0.3883180
0.3220117
0.3261422
0.3905049
0.3439981
0.5057243
0.7191683
0.7731826
0.5435600
0.5777916
1.1575596
20.4937992
77.1098099
142.9644470
163.0661774
110.6697845
53.7765884
36.8858948
34.2790184
30.2811279
43.4941940
129.3598022
238.5961914
272.0755615
201.0825806
94.4438171
43.9615440
27.5695972
15.0699940
72.4095154
150.1931763
168.0151825
121.9580688
96.8584747
146.9015808
202.4688263
215.9206085
221.0472717
195.6893616
167.3981781
125.7606430
103.8637848
130.7060242
99.1662292
34.5014687
4.1315403
4.9544220
22.0574703
74.6023254
112.3562241
91.8254623
52.4609451
40.7203293
28.5789051
32.9570427
105.9273453
191.4543304
202.3760986
165.2361755
113.8404617
61.1416588
21.0121250
6.1133094
0.8838553
3.7278776
22.0781937
69.3343430
124.4617081
169.8590240
175.9277496
133.0697632
73.7046280
23.9731808
30.8509884
68.5460205
78.5373917
50.8126984
27.5344296
18.6227379
26.4371109
26.5813351
37.3968811
55.7506790
69.3269501
57.6082382
52.9773979
74.6005402
112.1944656
146.4223633
130.5802612
71.8092194
20.1137466
8.7518482
4.6602173
11.9031830
25.3267498
23.9634018
19.1877937
17.3113499
20.3123627
28.8561401
30.1032352
26.0905991
39.6057701
60.3748856
65.9082260
42.9025116
13.8442831
10.4234285
4.1884131
0.3027510
0.4904352
41.3021431
168.0428162
295.7519531
300.3391724
190.7367249
75.4195480
54.1798515
29.4185982
9.3121490
3.8624103
1.3069819
1.4831359
41.4423065
120.7013321
220.3240356
317.2237244
369.1952209
327.4901428
260.3723145
211.2347260
174.3542480
132.4055023
106.1376266
57.3568001
157.2045288
186.2478638
131.6070557
103.3378067
132.7924500
183.5174561
159.3089142
106.4122314
70.9378052
41.6476479
20.2591381
15.0633774
21.6721802
22.1556396
16.6891918
12.5036116
8.1402340
5.0169468
3.0057352
2.0445118
0.8913800
0.3059347
0.4278534
2.3828664
6.6855178
8.5356007
8.9728451
8.6982183
8.5707054
8.8640747
8.8410387
8.2085171
7.9062443
7.4577255
7.4624152
7.9376173
8.3118973
8.2920799
8.7493935
7.8225069
7.1673708
6.7878571
5.6190586
4.8215442
5.2843647
4.8652234
4.0381227
4.4389906
4.9719138
4.6907001
3.8632321
2.9953170
2.7253187
2.6557822
2.4146004
2.2325320
1.6928670
0.9208011
0.6037341
0.3425759
0.3607693
3.5345237
13.5958157
24.9222507
35.3728333
38.3430862
30.3032837
22.7386913
23.6944923
25.3804531
26.2696686
28.2010193
28.8744221
28.0459690
26.3719044
24.7570229
28.0512047
27.1828957
25.0987225
24.1529484
21.1463852
18.4590645
18.0397930
18.4371643
19.5577698
17.3036079
16.5317307
18.9062881
19.8815079
18.4831848
16.6631050
14.4790554
12.9852133
11.7004528
10.7540302
11.6537409
13.0173960
14.0922489
13.7201786
13.0931797
12.4968147
11.2844410
10.1152306
9.6019506
8.4289360
7.5717773
6.1620464
4.7336082
2.7643065
1.6443644
0.8712729
0.4863082
2.5794094
9.4727879
13.1969995
11.4735165
8.6811552
7.0556998
5.7478614
4.9128437
4.3224177
4.8847871
6.2202144
7.7915897
7.1428909
6.7312918
6.3405533
5.3059587
5.0041652
4.1927786
4.7014976
5.4643788
6.8636460
7.8163834
7.5501628
7.6014929
8.9026899
9.2049580
8.4478092
8.5738134
8.9210749
8.6081228
7.8025069
7.3441591
8.1674681
8.5430946
6.8343182
4.8227310
3.1446669
1.8863331
6.5742383
44.7289505
115.5648041
165.4668732
150.9278259
90.9721146
50.8809967
42.5042992
31.1484623
38.3845863
122.7287903
256.8119202
333.9242554
306.0301514
227.9454651
161.4630127
177.5512543
300.8638306
203.7336731
80.5276184
52.5403442
77.5919724
108.0395203
116.9852066
108.1808319
120.8136215
120.8142471
79.4410934
43.1699600
41.7643356
44.9204407
42.2399139
42.5149994
46.5070267
48.0171967
68.5578461
126.0695801
174.4582672
177.4251251
144.4347839
99.3562164
57.8303680
36.0437279
27.5788231
24.0046253
78.8185196
167.7699890
194.9179382
176.5400696
164.3173370
147.1387634
129.3091736
106.7435455
65.3215714
25.6724777
32.9586983
40.1826897
37.3487167
25.7298050
12.9495134
31.0074654
90.1338348
125.3482590
111.8284912
63.5535431
43.2367706
19.3817329
23.0071640
34.1498489
50.2749863
99.1704178
142.4932861
152.8076019
137.1954651
110.2586746
92.2141342
53.9394188
41.1871262
62.5004730
50.4271164
38.5300140
66.1547089
111.4039612
134.6612549
110.3197708
86.0237885
55.6198158
31.9716015
24.8751564
20.1570873
19.2234230
29.3552246
75.6903992
122.6522827
122.7675781
76.2631073
37.9155083
28.8046551
36.8294296
51.0800552
43.4191246
19.8678074
18.9420776
20.5457954
18.9532585
19.1325607
19.8116913
21.8511620
20.4434624
10.1293182
3.7720790
27.2411194
104.6672897
219.3268890
312.8370361
313.3420105
237.3689728
167.9860077
156.5055542
159.6259308
129.4086761
91.8972702
57.3795166
36.7437019
21.4477711
11.7424917
21.0325756
73.1026611
91.9982147
81.0264969
58.7054634
25.7279644
9.3569736
13.5043411
22.2121601
24.8595428
21.6667233
14.9499321
13.5763779
15.4072990
20.6393394
26.8767586
32.5483360
34.0831795
29.5180969
25.6066780
31.6297665
40.7789078
35.7418556
27.6518097
28.5136070
43.7139473
79.6381531
133.8007202
191.9916687
220.0988617
201.3310699
167.6408386
119.5034790
77.8993454
41.8436928
9.0216398
15.2699747
78.8124619
164.3977814
182.3490295
138.7253418
88.9151382
70.0483856
74.4803925
56.9324265
56.4174118
67.8735657
76.1023178
75.8831787
81.9981003
109.4426422
143.3582458
146.2630615
109.2935486
75.5717850
47.2480774
31.3990688
18.2334099
18.3165398
21.1077728
12.0428448
8.0486469
7.0410795
6.7783103
5.4811182
3.9856799
2.3821213
2.0964496
2.3181310
2.8683655
3.9736681
4.5102539
4.3554630
3.3421965
2.6853395
2.4423108
2.6949010
3.5030141
15.6922712
45.5281372
72.6908417
78.0988159
67.9789658
50.7397652
39.6578865
35.8399429
27.9879990
27.2608547
32.8811760
40.5108681
55.8754349
70.0597916
74.4448318
64.7851257
41.0355721
44.8908615
80.3969193
131.5256042
176.6728973
173.9077911
109.5198975
53.8640060
25.7790947
22.3259544
22.2549038
27.0594330
70.7751617
147.0045319
217.5126343
226.7140503
165.8317566
62.4373894
5.2915907
0.4242180
2.6770387
53.7599640
152.4492188
157.9687195
103.5314560
63.3376579
35.3171387
8.7012281
37.5606537
38.7254105
32.6712914
22.3676395
11.3172798
18.0772209
25.6453495
26.6768665
45.1213531
108.5008545
186.5415802
235.3730469
235.4438629
192.5173035
140.6645355
109.2276611
141.3542328
152.4955597
123.1470795
94.3624268
83.9530945
101.8583450
110.5211258
112.7909851
159.7428741
209.6753235
216.3579407
189.6671753
158.0259705
117.7703552
74.3942413
44.3490486
26.6743507
50.5866966
225.7344208
484.6073914
538.9553833
376.9221802
223.6386414
142.4583588
222.4790649
199.8343353
109.1233521
45.0889473
30.2771854
36.0350876
37.5337334
22.8664360
6.9675131
0.6608459
0.1774612
0.8162382
2.8839815
18.0737915
45.1500931
89.2226257
157.5997467
205.3917236
177.5437012
107.3437119
58.5876732
30.5939922
20.7794113
69.5238953
201.9213562
247.8442078
161.6569672
100.8180084
86.4758835
70.5257874
35.1231537
11.3139486
4.3742008
10.1133118
32.2316933
74.8929749
88.3557968
76.6452713
63.5800743
62.0727768
68.8211212
74.6849136
83.6416626
88.9347763
81.4212189
52.5355835
24.8226433
8.5238686
4.3633184
31.4196548
102.4399948
152.6038513
132.2990265
67.8170700
34.5289078
26.7370644
22.0197716
41.7974663
156.5790863
278.3802795
270.5423889
175.8753357
112.1611252
64.8295441
48.6421432
25.1902981
7.8552070
2.2227952
4.6742692
27.0919590
61.0204926
63.1370049
49.2135429
39.9307594
29.3148537
14.4430237
6.2446809
2.0664124
4.7119560
13.9628630
35.5291176
61.3181648
79.6533661
88.1920166
83.4954529
62.8219376
47.3329735
78.8691635
131.8241577
135.9382935
71.3190460
28.6193066
15.4366560
9.3949890
22.3325500
66.5444641
104.8284607
84.1608429
45.1192818
43.8520660
74.1274567
105.4202576
131.8759308
120.7628326
79.8490524
30.1049290
8.5608454
31.4173222
20.2531128
7.7685056
2.2440007
0.4294680
0.4862097
3.1067932
8.9348488
12.5303068
12.5741882
11.1836967
10.1921949
9.9756756
8.9494143
7.3577795
7.0964746
6.8663836
6.8262553
8.2726192
11.1160069
12.9948664
13.4731894
12.5072384
13.4898949
14.9564257
15.9365416
16.7127190
15.5324554
15.1527700
16.7324257
18.4790497
13.3878117
5.8029094
2.5181837
1.5699724
5.2409596
32.6564026
70.1944046
88.5226440
87.9301453
80.9928055
69.7012405
56.6086044
44.3562126
33.9780693
35.1430969
42.3761559
40.7169495
35.6627808
26.6304379
23.2539330
22.3663254
17.7196064
18.0113411
15.4893780
14.2480869
14.6370487
14.6335449
14.5506706
13.8154259
15.3646383
18.5398788
19.1659527
15.9151516
12.8439198
9.2273226
8.5243130
8.7510815
10.4394302
11.4647255
10.3885536
8.6838503
7.5521798
7.5096784
6.4679270
4.8715048
4.0482883
4.0171385
4.0158277
3.9768276
3.9422989
3.5340347
3.4412282
3.7231152
3.3463717
2.7636099
1.8605139
1.2141216
1.1005211
1.0664530
0.5719134
0.3584726
0.1741430
0.1397363
0.3317223
0.2911028
0.2814208
0.3059434
0.3881848
0.4456733
0.5047153
0.5398462
0.5964298
0.6424956
1.6711203
4.4785333
6.9409046
6.8385267
4.1215925
1.2715658
0.3601595
0.1232335
0.4285605
2.6400919
4.9684057
3.9034157
1.2111911
0.4548286
0.8439319
1.5906531
1.7404160
1.1501021
0.7098737
0.4795668
0.3345167
0.2371587
0.2445905
0.6287410
1.9405911
2.9582598
3.1946280
7.3806276
17.8501549
24.8407803
16.8745937
2.7056303
4.4970832
25.9769440
52.4579353
39.8792038
11.5623322
3.7714539
2.7543945
3.4995599
4.6151299
6.2684174
7.4880300
8.0259628
8.6522350
7.8581624
6.3193092
5.6051865
4.7813377
5.4640713
6.0174522
5.7730017
5.1183434
5.6063876
7.6882095
9.6652355
8.7516422
5.7558637
3.3425701
2.0511994
1.6466169
1.2874179
1.4187760
24.4714165
79.0333633
110.9122467
89.3567810
43.7851601
32.9708099
33.8855400
75.3849106
106.9941101
97.1294403
93.9444504
113.0330353
90.7332535
49.2482758
28.2544384
22.7911606
35.5373001
80.3600769
128.1237183
110.2549438
61.9473305
48.0930367
149.4025421
309.2180786
398.5550232
297.4096069
180.0512085
100.1783295
74.7912903
43.0887794
19.8135910
55.9092064
222.2742157
375.6196289
326.5892944
217.2454834
138.1804352
76.3775177
33.4717102
32.4823418
46.5001717
45.0914993
28.9253750
21.4721813
27.1581306
41.2905846
40.4922562
16.5563889
5.2492251
17.6971321
69.2026978
100.6836853
63.5615463
28.5739059
14.2628441
10.6440010
10.1430016
9.5897436
8.1241131
6.0424910
4.2965775
4.4758167
3.7352128
2.8366685
3.3114200
3.2678814
2.5942576
2.5613763
2.7994583
3.9728942
5.0875297
4.8073406
3.8674958
3.3291671
3.2534611
2.9836092
2.1809449
1.9360261
2.0728409
2.2231698
2.1232128
1.3638668
0.6928359
0.4335928
0.3037838
0.3040869
0.2920243
0.1351907
0.0071095
0.0001911
0.0000000
0.0000000
0.0000000
0.0000000
0.0000000
0.0000000
0.0000000
0.0000000
0.0000000
0.0000000
0.0000000
0.0000000
0.0000000
0.0000000
0.0000000
0.0000000
0.0000000
0.0000000
0.0000000
0.0000000
0.0000000
0.0000000
0.0000000
0.0000000
0.0000000
0.0000000
0.0000000
0.0000000
0.0000000
0.0000000
0.0000000
0.0000000
0.0000000
0.0000000
0.0000000
0.0000000
0.0000000
0.0000000
0.0000000
0.0000000
0.0000000
0.0000000
0.0000000
0.0000000
0.0000000
0.0000000
0.0000000
0.0000000
0.0000000
0.0000000
0.0000000
0.0000000
0.0000000
0.0000000
0.0000000
0.0000000
0.0000000
0.0000000
0.0000000
0.0000000
0.0000000
0.0000000
0.0000000
0.0000000
0.0000000
0.0000000
0.0000000
0.0000000
0.0000000
0.0000000
0.0000000
0.0000000
0.0000000
0.0000000
0.0000000
0.0000000
0.0000000
0.0000000
0.0000000
0.0000000
0.0000000
0.0000000
0.0000000
0.0000000
0.0000000
0.0000000
0.0000000
0.0000000
0.0000000
0.0000000
0.0000000
0.0000000
0.0000000
0.0000000
0.0000000
0.0000000
0.0000000
0.0000000
0.0000000
0.0000000
0.0000000
0.0000000
0.0000000
0.0000000
0.0000000
0.0000000
0.0000000
0.0000000
0.0000000
0.0000000
0.0000000
0.0000000
0.0000000
0.0000000
0.0000000
0.0000000
0.0000000
0.0000000
0.0000000
0.0000000
0.0000000
0.0000000
0.0000000
0.0000000
0.0000000
0.0000000
0.0000000
0.0000000
0.0000000
0.0000000
0.0000000
0.0000000
0.0000000
0.0000000
0.0000000
0.0000000
0.0000000
0.0000000
0.0000000
0.0000000
0.0000000
0.0000000
0.0000000
0.0000000
0.0000000
0.0000000
0.0000000
0.0000000
0.0000000
0.0000000
0.0000000
0.0000000
0.0000000
0.0000000
0.0000000
0.0000000
0.0000000
0.0000000
0.0000000
0.0000000
0.0000000
0.0000000
0.0000000
0.0000000
0.0000000
0.0000000
0.0000000
0.0000000
0.0000000
0.0000000
0.0000000
0.0000000
0.0000000
0.0000000
0.0000000
0.0000000
0.0000000
0.0000000
0.0000000
0.0000000
0.0000000
0.0000000
0.0000000
0.0000000
0.0000000
0.0000000
0.0000000
0.0000000
0.0000000
0.0000000
0.0000000
0.0000000
0.0000000
0.0000000
0.0000000
0.0000000
0.0000000
0.0000000
0.0000000
0.0000000
0.0000000
0.0000000
0.0000000
0.0000000
0.0000000
0.0000000
0.0000000
0.0000000
0.0000000
0.0000000
0.0000000
0.0000000
0.0144141
0.2271340
0.7262775
1.2197878
1.3689315
1.2834872
1.5119318
2.2231050
3.2133200
4.1947103
5.6320353
7.5661249
9.0726128
9.6598158
8.7688808
7.4981413
6.2349939
5.1825552
4.6857224
4.4067492
4.2039795
3.8368459
2.8159354
1.8289585
1.5322793
1.1653059
0.8869125
0.6889535
0.3873619
0.2634343
0.8578686
4.6108837
9.6359406
13.2479143
15.9934406
18.1051426
18.4201870
17.2683697
15.3715057
12.9892578
11.0455656
10.0015917
8.3448315
5.7467785
6.0199552
6.4063387
5.7189474
5.0880928
5.5096102
4.8272882
4.9544678
4.5034070
3.6577458
3.2791841
3.0747817
3.1276209
3.0504975
2.6384430
2.1591206
1.9206908
1.5578066
1.3270626
1.0896595
1.0087974
0.9717615
0.7918949
0.8787360
0.8172707
0.7081757
0.7110626
0.6942911
0.4775941
0.2228729
0.2176076
0.3058031
0.3446391
0.4207952
0.8085668
1.3441201
1.8906050
3.0277448
4.0894852
3.4459434
2.1776090
1.6578177
1.5180589
1.6132480
1.4811368
1.6189559
1.7786112
1.6016433
1.5254315
1.3811727
1.2978668
1.6201323
1.7805322
1.7601291
1.5405339
1.3962635
1.1303154
0.9405693
1.1401954
1.4064013
1.3446105
1.1459241
1.1721009
1.1064198
1.1341674
1.2290274
1.3415077
1.4841691
1.7555530
1.3965882
1.0389252
1.1901213
1.4702612
1.9410331
2.2206237
1.6873523
0.9407194
1.6929815
4.6276388
23.0390015
79.6248016
145.5560913
165.1963043
126.9702301
60.7726669
28.9453278
16.2922401
2.4421196
12.6408815
49.7418747
86.5139236
102.7371140
94.4828110
96.9963379
95.7340622
76.5699539
60.4280357
30.4660587
16.0299778
17.8671913
16.3983669
38.4456291
78.8853302
95.2135544
82.5985947
74.1676254
73.2276535
51.0440216
32.2277603
43.1064606
87.2167892
157.2148438
192.5933228
153.2479706
152.7583466
164.5915222
160.6237946
129.1072540
94.0016632
63.1546707
37.6323814
14.3951015
1.6586695
3.5240283
19.3402557
39.2442856
42.2460098
39.0396538
33.9962921
26.1166801
18.5266800
15.6335907
16.5205860
14.2879200
12.7437983
12.9842129
12.8331871
12.0900135
9.5102825
5.9372902
4.6733017
4.8294725
14.0179081
22.5409775
16.8657818
3.9387860
1.9687057
1.7569846
2.0657227
1.8629072
1.6116060
1.3881364
1.1474178
0.8669721
0.6387551
0.5752892
0.3247673
0.1762950
0.2219477
0.4225863
1.0998629
1.9676533
2.4841807
2.7910235
2.7677515
2.5841405
2.8223276
3.1179333
3.2188189
3.1803470
2.9465728
2.7866907
2.5226998
2.0472023
2.0634785
1.6412421
1.3900212
1.3670089
1.2460498
1.0470177
0.8321854
0.6360139
0.4817337
0.3430868
0.3725711
0.2753761
0.3275632
2.4002633
8.1782370
18.9501610
33.0245781
40.0569687
34.3301392
20.3078632
14.6915398
13.4045429
48.1092796
149.4576569
236.2718506
240.3661041
185.1149139
148.0569458
119.3998337
77.8781891
26.9343719
20.9422092
37.0611649
53.9940147
75.6481781
64.0216675
33.1268806
10.6564865
12.9241886
31.3767052
62.7860031
67.2650757
55.0302887
44.1715355
36.6535187
39.6208153
51.4584846
64.8338470
64.1249313
50.3018417
39.6410637
35.0643921
36.1475754
38.0823212
41.3174896
45.4074478
45.3976593
38.9635086
33.6673126
26.0607262
16.9320564
12.7486591
9.0580349
7.4196978
6.3467369
5.9805055
6.0187054
5.1699715
4.0828781
3.5925112
3.2959721
3.6962454
3.4362688
2.4204149
2.3156595
2.0689301
1.5896339
1.4263122
1.4634585
1.2343814
1.0728478
1.2858920
1.2574315
0.9677788
0.7749527
0.6901622
0.5892595
0.5221736
0.4692707
0.5311917
0.4426998
0.3679613
0.2853025
0.5147066
1.3022254
2.3871269
3.6128416
4.4920397
4.5722260
3.8847108
2.8204238
2.2980289
2.6072876
2.7902718
3.1137805
3.8804090
3.9746757
2.9565289
2.2650406
2.2190418
2.3071089
2.4304523
2.3155711
2.7604275
3.7077670
4.1316772
3.9305675
2.7325764
1.9040244
1.4154582
0.9335310
0.4806502
0.3175738
0.2401263
0.8231053
5.0589533
11.8182287
17.8837662
23.1926594
27.0845375
26.9985199
23.4389591
18.6384335
14.3213978
11.7099514
11.8597240
11.5563354
11.2114048
11.2563829
11.6063328
11.4904633
11.9143658
11.7904110
9.5404987
7.2184711
6.8714461
7.9910965
9.1541328
8.7573376
7.7891831
6.1740294
4.3867598
4.2421379
3.8381462
4.3828845
4.2329950
5.1200495
8.5120144
13.1412210
11.3130035
4.0687299
0.8422028
0.7517362
4.6245480
39.5254250
113.1511307
182.2453308
198.7048950
186.9615784
162.1624603
112.5407867
42.6000366
4.9096971
1.5005187
21.9957886
61.9586182
82.3620758
78.1495132
85.5145187
110.3908691
145.5516357
163.5748901
159.3473358
122.2915878
73.1056290
34.6129189
12.2915993
8.8441277
31.8095608
87.4122086
110.3275146
73.7045822
33.8684273
10.1693954
6.7599869
3.5776324
3.3208475
3.3035178
2.3152251
0.9822583
0.6341745
0.9986103
1.8241724
1.8460523
0.8041471
0.4687994
0.4794290
0.4308355
0.3277817
0.2948864
0.3400723
0.2885839
0.3444539
0.4316792
0.8350713
1.0873904
1.1499155
1.3090968
1.6209852
2.0748477
2.2581766
2.2986622
2.9567733
3.8735225
4.0130301
3.6595399
3.4940584
3.4415369
3.3135948
3.0294309
2.8042240
2.6997697
2.9526968
3.4944451
3.9920137
4.3493109
4.1245642
3.6730807
3.4189250
3.4493325
3.3628147
2.7931023
2.5768228
2.4374652
2.9352279
3.6904900
3.6190579
3.4822145
3.6355324
3.4285703
2.8675783
2.8760889
2.7226985
1.9914680
1.1180964
0.5992258
0.6067543
2.5360167
13.6733208
47.6383438
99.0755615
124.7903748
103.9498672
66.2356796
31.3279362
17.1845207
8.4937572
38.0610962
137.2135773
159.6331329
108.6126328
47.5680542
47.4094925
74.7983551
109.4321976
60.7192307
15.4853106
6.8795929
2.2964694
16.4506989
46.2420502
73.6345596
71.6154633
60.7451439
63.9523849
83.6447906
106.2582474
121.3301926
108.8734436
96.3846588
72.6152344
52.8766747
35.6014481
24.0782413
44.3351364
90.2981110
140.7275085
137.1171570
111.9459839
79.4927673
40.0899925
21.7658787
13.8663664
9.9024754
9.0945721
8.6542645
11.7642078
13.5311918
11.3386898
7.4623213
5.2126842
4.7882309
5.2169638
4.6804018
4.5949306
5.3773880
5.3287711
4.9700871
3.8179812
3.2798870
3.6346626
3.1930428
2.5959601
2.5815299
2.4949617
1.8013325
1.6901908
1.1617581
1.0081559
0.6060327
0.5491698
0.3921092
0.2977139
1.0574573
2.6717291
4.1498442
5.1451731
5.5304804
5.1141610
4.4194746
3.3425746
3.1272433
3.1282153
3.5072708
3.7159665
3.2339346
2.8860493
2.4506505
1.9925066
1.8177369
2.4393380
2.5824265
1.8212829
0.9778856
0.8811203
0.9578769
0.9791217
0.5235878
0.2250392
0.2652037
1.6073474
6.4745021
12.7796383
18.5554447
22.8443546
24.3233757
22.6672993
18.8594685
15.6147938
12.8692102
12.1142197
12.0630455
12.1939487
9.4531584
6.7745199
5.9822559
4.9629436
6.9431248
8.3287354
7.7849956
6.8572159
5.9447393
4.8762441
4.3451920
4.4281335
3.9103575
2.6890090
2.0377250
1.5666811
1.2153862
1.1063414
2.6261554
4.4461699
2.9620929
1.6479452
2.9539921
5.2634101
6.3776941
5.5244074
4.4436803
4.5224261
4.7578607
4.6940794
4.1004171
3.6306524
3.3859544
2.5687859
2.0498788
2.4952254
3.0672381
3.8328083
3.8470960
3.0632067
2.6090188
2.7634130
2.8426027
3.4035378
4.8015108
6.2453136
6.9469948
5.5141969
3.3441730
1.6561022
1.4947994
18.2056828
75.0951538
136.1938171
167.5259552
151.5782318
95.4654694
36.3300209
16.8032341
48.9194031
109.5791321
190.9215240
229.7397614
201.5671234
133.7895508
47.0559731
7.8118606
2.8628812
22.7238846
134.9800415
184.2977142
127.6565704
50.6854820
28.6213436
19.2254429
9.8058777
25.3691196
123.3124847
220.1358032
217.9430389
126.1427383
49.5063667
19.6356506
44.4143944
67.8120346
49.0895119
24.6106415
13.1359997
16.4422302
29.7734241
81.9362488
146.9073029
155.1596832
129.6930237
97.0027771
55.3407135
31.2744465
43.0393562
64.2602692
98.6457901
135.0566711
142.7063446
111.5750809
60.3776436
35.0125809
22.8044777
16.9276772
13.2021952
16.3041821
69.1225281
169.9856262
269.5375977
304.8963013
274.9818420
236.1121826
205.6865997
157.3097687
108.3949890
72.5924606
57.4720306
30.9007053
4.8176270
1.3458440
11.0404072
39.1274719
61.1461182
59.8552322
46.0704613
29.9701576
19.5737038
13.3585787
11.9205647
10.3969002
9.6384630
7.1956511
6.1530151
5.2586794
5.4339027
4.9359269
4.3433447
3.1997263
2.6804271
2.4268270
1.7068995
1.4173380
0.6267743
0.4025382
0.2575937
0.1740660
0.2041699
0.3220392
0.8394387
1.3796961
1.4844159
1.4146684
1.3385736
1.3269706
1.4336973
1.4703646
1.4942322
1.4109221
1.2040597
1.2183806
1.5233529
1.6498752
1.3427082
1.0688097
1.0145866
1.1054492
1.1583855
1.1319411
0.9066738
0.8211527
0.6882824
0.6548374
0.5965130
0.6108099
0.6470448
0.5549636
0.4995892
0.6612374
0.6691822
0.9432464
1.5730927
2.1673753
2.0764637
2.6469588
4.6957374
6.0267515
4.3310418
1.7069963
1.0322127
0.6453816
0.3477645
0.4834359
0.4118062
0.2965192
0.3189185
0.8947270
3.0196278
9.3292809
39.1726036
99.8102188
157.1059570
174.8532257
150.7272949
103.5496979
61.8230896
50.4000893
60.3077126
71.1444092
98.0014648
144.8039246
160.3935547
105.4473267
31.8672714
9.2043209
9.3159027
24.1058502
62.2542458
67.1907425
63.8851166
65.9272614
52.2829132
33.1365280
44.8911362
144.8174896
181.0446625
141.5868683
134.7004852
111.5539246
85.9576645
61.5542450
74.3943253
72.7835312
25.2978363
35.7896271
126.6810226
224.3456268
188.3174744
92.9533005
50.1029472
57.6921921
54.0918732
43.5360069
42.3751488
44.7411499
44.8378983
44.1251259
41.5902672
40.2221146
37.6989899
32.6970749
31.0069656
32.1631622
28.5820332
21.0289478
21.8088360
25.7543392
28.1561909
24.2208786
17.9351521
15.0543509
12.7301121
11.4503593
10.5198002
9.8727694
8.7239552
8.9873600
9.1362953
7.4147563
6.0278935
5.2001204
4.6498389
4.4480815
3.7110145
2.2098565
1.9088390
2.2822998
1.8590400
1.3700554
1.1915677
1.4987431
1.5473288
1.1474224
0.7882988
0.6117166
0.3218862
0.2654392
0.3205326
0.3334217
1.5685369
4.2195797
7.9525738
12.0821514
13.4407587
10.9582462
7.8749647
6.0276170
5.4829278
5.8937545
6.9193048
6.5219946
5.7153378
5.1787887
4.7354908
3.8728433
3.5094576
3.1193068
2.8244944
2.1811175
2.2535133
2.2003098
2.0152817
1.3278174
0.7714133
0.5295752
0.4660132
4.2001595
17.3702469
32.3715363
43.8548737
52.0972099
56.3253403
54.6750832
48.8398209
42.5422935
41.5817986
47.1795502
50.0259743
50.4124565
44.1898155
32.8237343
20.4261570
23.5525208
57.9239502
123.8483276
202.9753265
284.3240051
322.5616760
277.5693359
155.8240356
61.8187904
25.9991550
83.9609146
351.1989746
511.6763306
410.8230896
251.7810364
177.8575134
124.8466949
49.1446953
17.3974113
2.1161876
2.8328619
32.4672546
112.1677094
178.6737976
190.6413422
166.3776245
170.6855621
178.2826691
172.9226227
117.2886810
60.5592690
51.6495628
68.9096451
144.0304108
174.1616211
221.7998199
261.0440674
189.1975708
62.6362343
16.4950027
8.6303854
8.4413052
19.3712387
114.5576477
274.1084595
392.4201660
416.5784912
363.4937134
266.4279480
163.3668823
71.4943314
31.2891235
22.9928837
37.0354958
68.7675705
55.5215454
37.9989166
53.3914948
71.9668503
79.0109787
65.3959503
54.2428017
43.0828247
26.7273197
26.9324589
12.9192266
19.1616611
68.6629715
119.4338837
128.6540833
113.5978394
119.6915817
162.4023285
205.0385132
224.2191620
223.6301727
251.6883240
251.5480347
170.4026794
96.9428482
57.9382973
23.9751358
23.1303368
26.0562820
17.7441082
13.7070875
6.9125257
4.0842338
2.9136007
1.5522559
0.5516213
0.2674008
0.3340559
1.5165795
4.0605521
5.7678022
7.3933029
8.9536209
9.3678970
9.2694530
9.8850412
10.8548870
9.7383137
7.7509360
7.5535197
7.0784106
6.4776964
5.0747671
4.2414265
3.3346057
3.2732286
2.6225235
1.7819569
1.3019054
0.9225060
0.7609035
0.9553245
1.7818220
2.5220475
2.6283677
2.2150729
2.1048739
2.3681707
1.8054628
1.0596075
0.7427175
0.5817989
0.7759951
0.6389507
0.7676100
1.2135154
1.8679093
2.3082061
2.1895452
2.0834391
2.3984923
3.8242550
7.4607015
8.3903084
4.2298298
1.4160283
0.8339805
0.6383122
1.0742627
1.4098082
0.8431202
0.6257357
0.7343897
0.8926952
0.9063241
0.9578617
0.6974634
0.7135177
1.5726098
2.2532825
2.6127470
2.5672722
2.2106218
1.8965064
1.5791527
1.4196024
1.1958041
0.9354734
1.1294436
1.2900158
1.6547077
1.8035380
1.9519141
1.8100890
1.8212123
1.7323382
1.9036334
1.8231382
1.7630547
1.6950287
1.6219085
1.8355978
1.9777223
1.8500608
1.5138516
1.5010571
1.5492358
1.3345279
1.1497260
0.8607851
0.8268557
0.5919718
0.2970384
1.0164939
3.6715708
6.8506680
8.5132580
8.2173624
7.5081615
6.8410358
5.9427371
4.4628854
3.7620950
2.9370801
2.8290243
2.5109446
2.0293553
1.7140243
1.8552024
1.4798470
1.3513364
1.4107562
1.1730816
0.7807602
0.7170826
0.6956881
0.6048152
0.5287806
0.2982525
0.0847879
0.0113709
0.0003795
0.0000000
0.0000000
0.0000000
0.0000000
0.0000000
0.0000000
0.0000000
0.0000000
0.0000000
0.0000000
0.0000000
0.0000000
0.0000000
0.0000000
0.0000000
0.0000000
0.0000000
0.0000000
0.0000000
0.0000000
0.0000000
0.0000000
0.0000000
0.0000000
0.0000000
0.0000000
0.0000000
0.0000000
0.0000000
0.0000000
0.0000000
0.0000000
0.0000000
0.0000000
0.0000000
0.0000000
0.0000000
0.0000000
0.0000000
0.0000000
0.0000000
0.0000000
0.0000000
0.0000000
0.0000000
0.0000000
0.0000000
0.0000000
0.0000000
0.0000000
0.0000000
0.0000000
0.0000000
0.0000000
0.0000000
0.0000000
0.0000000
0.0000000
0.0000000
0.0000000
0.0000000
0.0000000
0.0000000
0.0000000
0.0000000
0.0000000
0.0000000
0.0000000
0.0000000
0.0000000
0.0000000
0.0000000
0.0000000
0.0000000
0.0000000
0.0000000
0.0000000
0.0000000
0.0000000
0.0000000
0.0000000
0.0000000
0.0000000
0.0000000
0.0000000
0.0000000
0.0000000
0.0000000
0.0000000
0.0000000
0.0000000
0.0000000
0.0000000
0.0000000
0.0000000
0.0000000
0.0000000
0.0000000
0.0000000
0.0000000
0.0000000
0.0000000
0.0000000
0.0000000
0.0000000
0.0000000
0.0000000
0.0000000
0.0000000
0.0000000
0.0000000
0.0000000
0.0000000
0.0000000
0.0000000
0.0000000
0.0000000
0.0000000
0.0000000
0.0000000
0.0000000
0.0000000
0.0000000
0.0000000
0.0000000
0.0000000
0.0000000
0.0000000
0.0000000
0.0000000
0.0000000
0.0000000
0.0000000
0.0000000
0.0000000
0.0000000
0.0000000
0.0000000
0.0000000
0.0000000
0.0000000
0.0000000
0.0000000
0.0000000
0.0000000
0.0000000
0.0000000
0.0000000
0.0000000
0.0000000
0.0000000
0.0000000
0.0000000
0.0000000
0.0000000
0.0000000
0.0000000
0.0000000
0.0000000
0.0000000
0.0000000
0.0000000
0.0000000
0.0000000
0.0000000
0.0000000
0.0000000
0.0000000
0.0000000
0.0000000
0.0000000
0.0000000
0.0000000
0.0000000
0.0000000
0.0000000
0.0000000
0.0000000
0.0000000
0.0000000
0.0000000
0.0000000
0.0000000
0.0000000
0.0000000
0.0000000
0.0000000
0.0000000
0.0000000
0.0000000
0.0000000
0.0000000
0.0000000
0.0000000
0.0000000
0.0000000
0.0000000
0.0000000
0.0000000
0.0000000
0.0000000
0.0000000
0.0000000
0.0000000
0.0000000
0.0000000
0.0000000
0.0000000
0.0000000
0.0000000
0.0000000
0.0000000
0.0000000
0.0000000
0.0000000
0.0000000
0.0000000
0.0000000
0.0000000
0.0000000
0.0000000
0.0000000
0.0000000
0.0000000
0.0000000
0.0000000
0.0000000
0.0000000
0.0000000
0.0000000
0.0000000
0.0000000
0.0000000
0.0000000
0.0000000
0.0000000
0.0000000
0.0000000
0.0000000
0.0000000
0.0000000
0.0000000
0.0000000
0.0000000
0.0000000
0.0109335
0.2490005
0.7368016
1.0679234
0.9771510
0.7278129
0.8111773
1.3570697
2.1984987
3.9436290
6.7546415
9.4179449
10.8119278
10.1765499
8.6236582
6.6893845
5.0142374
3.5668805
2.6149356
2.3064952
2.6242936
2.6989264
2.4587018
1.6402209
1.0984132
0.5559554
0.3972196
0.4514097
2.3199339
8.0669003
13.0562668
16.3493633
18.7771835
18.6742859
15.9487362
13.6096039
11.7898569
9.6294518
8.7096424
7.2803235
6.3753519
4.9010620
4.0395479
3.0206833
2.1746905
1.7356483
1.4982240
1.0602978
1.0303010
0.9831935
1.0653170
1.1276625
0.9237372
0.8664765
0.8225136
0.6235169
0.6538463
0.7190373
0.5789395
0.3429919
0.1683541
0.2262190
0.2583261
0.2814124
0.2930141
0.2839432
0.3291430
0.3852685
0.3451589
0.3340397
0.4140760
0.4843520
0.6576492
1.1647377
1.8575304
2.1067033
2.0693605
2.2554770
2.4354432
2.9783063
4.1132483
4.4378886
3.6268611
2.2679896
1.2653174
1.0960202
0.9865462
1.0245174
1.0380440
0.8171313
0.6378412
0.6262147
0.5094431
0.3383984
0.5920191
1.0697379
1.4595122
2.0858462
2.9835715
3.2759981
2.3484674
1.2141452
0.8148759
0.7748269
0.6476189
0.3377883
0.4053935
0.7636819
0.8316897
0.5313272
0.3098300
0.2858208
0.4402168
0.6421660
0.7877658
0.7925620
0.6066036
0.4171401
0.3089181
0.4699068
0.6301051
0.6805420
0.6793324
0.5621974
0.5903825
0.6523820
2.3415208
7.4578924
10.9994545
8.1052933
2.3612137
0.7656022
0.2991354
0.4578522
0.5582015
0.3313567
0.2174354
0.6296887
20.1097870
88.2605057
203.0932617
308.8667297
335.7689819
258.4693909
148.0929108
65.3155441
29.8151569
16.9993286
30.4807205
66.0267487
112.2708740
113.1990433
94.4597015
75.4602737
54.1065445
28.9108009
26.7003136
42.6365967
22.6964283
8.4515352
3.4874678
4.5073605
4.5408006
2.3987713
0.6392725
0.3790071
0.4651562
0.7414097
1.2326666
1.8444750
1.6428992
0.8462360
0.5084168
0.4478536
0.4205641
0.3561065
0.3354026
0.3767509
0.5616780
0.7035285
0.7419125
0.7588964
0.7551869
0.7017766
0.5486939
0.5141917
0.5716224
0.6927001
8.9983921
100.9776459
305.9482117
478.1001587
473.2576294
320.4164124
163.9181213
100.6142120
69.7597809
66.6290894
71.9990234
120.3132553
150.1611023
116.4543381
85.8519669
50.8001633
34.0561218
26.3842373
61.9058418
143.3739471
192.9056854
235.2061768
247.4155121
219.8879242
169.4929810
141.8883362
154.0361328
71.4474564
77.7356720
192.7804871
288.5655518
235.8454590
120.7203445
51.7854385
26.9787979
16.7210503
12.5717134
40.0894699
96.6321335
98.4308395
60.2340775
37.6302605
33.1678009
83.2487640
177.5557251
225.8296509
181.9085388
112.7048645
66.9746170
29.5452862
13.2002230
36.6587448
86.6921005
102.2614059
57.6905403
41.2174988
37.8045158
32.3469734
83.4573822
160.7814484
201.8848572
213.4024048
151.4073029
66.1594543
15.2717361
13.4349651
11.6465664
11.3344135
13.9338322
25.0660038
53.8175850
81.4322891
86.9357834
91.3630600
92.0752792
99.9459457
75.8582077
47.1188164
25.0953293
10.4113417
2.2895503
1.1537043
6.3795457
10.5486240
7.3106804
1.7883073
0.6654419
0.4916109
0.4223985
0.3565420
0.3167978
0.4238028
0.5563651
0.5427238
0.3946285
0.3292786
0.3754623
0.5334771
0.5482365
0.4257666
0.3618199
0.5238943
0.7097259
0.9866211
0.9424580
0.6596634
0.5025973
0.4469746
1.1442082
4.7043867
7.7998142
5.5484009
1.0252895
2.4662957
13.0817261
29.9078960
37.7001915
35.9412460
30.8577995
30.1491280
30.2668571
28.2920494
23.7441750
17.8015060
11.3519173
5.6169472
2.8697901
1.3745477
2.0410340
11.0764847
32.7958450
45.6624146
40.3510590
26.8469505
17.1411533
14.1513691
11.3222027
11.3523226
12.1648378
10.9679909
8.1436634
4.2852736
1.5554142
1.7032381
13.3890953
35.7718887
50.2303200
53.9412498
55.9531975
57.0089798
57.5033569
54.1886024
58.3726463
77.5937042
80.6276855
62.7344475
40.7934494
19.9841709
11.8046389
51.5657196
187.4798889
273.2552795
224.1550140
207.9385223
275.6972656
369.1365356
303.9603271
257.4436951
297.4938965
404.8161011
434.4231262
346.1040039
219.0526123
226.6795959
46.1158829
6.0449824
2.3932455
1.7122169
1.1849624
9.2570019
68.9525528
150.8828583
195.5738525
188.8017273
125.6108856
61.0358810
28.9941311
15.3748102
23.0405121
148.1410370
258.6675110
216.5209656
127.5258331
59.9936142
76.6914673
94.5357132
70.8633423
55.3669167
67.0250549
115.9377365
164.6524963
147.3210144
134.9201813
167.3740845
194.5202789
156.0365601
51.5832825
32.0773544
29.9921093
24.5952244
19.2637825
35.4175415
127.8284988
295.6501770
419.7999573
351.0462036
151.1138611
28.2018833
14.0344515
53.3147316
229.8821106
314.5131836
271.3869629
226.4998169
177.3654327
107.8667526
31.6378040
7.8953562
3.3757095
3.3011279
5.0434790
84.6097946
308.3270874
562.8116455
659.3494263
519.0430298
283.8786316
150.6190491
51.7536201
57.9258804
62.0441322
25.8976479
25.1280670
41.3907089
79.1849670
106.2290955
106.7104797
80.6977692
66.4621887
47.4994812
48.6084442
41.0622597
35.1051483
30.9943790
18.8939800
15.0715656
18.3793583
46.8893280
110.6515884
174.8102264
186.2258759
151.6825867
97.3413696
89.5513077
99.0829620
68.3924026
28.5385952
32.4061089
43.6418991
45.8643875
62.3218842
114.3428116
171.3727570
255.6295929
344.7348022
328.8713074
208.6867065
76.2916336
18.3590622
45.4890862
334.9768677
593.5191040
582.4267578
485.2137451
479.6372070
363.4445496
203.7016602
180.5306396
219.5590057
294.7750549
240.8775330
186.5585022
209.9702606
217.1952057
126.2470779
59.8128471
33.4923897
7.4752455
10.0491590
15.4077358
25.3596497
37.3329048
39.8638229
28.1913376
14.2631683
6.8718090
3.8203943
1.7052784
0.9313117
2.8555903
18.2519913
36.0647049
43.8490753
45.7606010
40.0658035
30.5258389
23.3872890
21.9635582
25.0317268
21.0337849
14.0250988
10.5861778
4.6176481
1.4031725
1.6955968
10.5075054
41.2395706
65.5689316
69.0540695
62.3634644
53.3383179
39.6955986
31.2809772
23.5472298
20.5748940
17.3050175
19.4902077
20.0129795
16.9672737
16.7880211
16.9606018
16.6060963
15.2706985
12.6512375
11.1532879
10.8989334
10.5274000
9.8756161
7.6792641
5.2924156
2.8474464
0.9249334
0.4373882
1.9394332
11.0268526
23.2637806
27.4482689
27.3900070
24.5068741
21.0777569
17.6380024
16.1662502
15.4444036
11.8434448
11.3531303
11.8868713
12.6623363
12.4159908
12.4341946
11.2694960
8.9105997
4.9150953
2.3473155
1.6123402
2.8950474
17.3207645
46.9218597
68.5050278
75.5799561
71.0033417
64.7345276
58.3872147
43.0168114
30.8494759
28.8973312
56.7747231
146.0575714
248.1215210
256.5028076
215.8729248
156.2796783
152.9755707
77.4632263
29.1317711
10.8512468
4.6170034
5.6724896
38.5030060
113.7741852
135.6314697
83.4258728
21.4628029
4.1946568
1.2793739
0.4396659
0.0628133
0.1986315
0.6955876
0.6018267
0.3929451
0.2374179
0.2497674
0.3495179
0.4898587
0.8436728
1.0557750
0.7734034
0.5237148
0.4964403
0.5285323
0.6093214
0.6431001
0.4829723
0.4392747
0.5814210
1.1621122
1.4822869
1.1784376
0.6041238
0.4543051
0.4000202
0.4063314
0.4303937
0.3964703
0.4404382
0.7140575
0.9264110
0.8435919
0.7909371
1.1048486
1.2527516
1.0568346
0.7740608
0.7142265
0.7203926
0.8452634
0.9038163
0.9215922
1.1264619
1.7624148
1.9926393
1.1624100
0.4729265
0.4736567
0.5425249
0.8611043
1.4133292
1.0299561
0.7216538
0.5654518
0.5491836
0.7412356
2.0664029
4.5699248
10.6736546
20.1597786
25.7633705
22.1868324
15.8618422
12.3320541
11.7807693
9.9159088
7.0610361
4.2353315
3.4730616
3.3128648
2.0673203
0.9477692
0.4965416
0.4274487
0.3628857
0.8080221
3.1388178
6.0508962
7.8142929
8.2999516
7.5050430
5.9726844
4.3883309
3.2695913
2.4023566
2.0418353
1.6566321
1.1076236
0.9991633
1.0454463
0.8676438
0.7161763
0.6319342
0.4913575
0.4668876
0.7177866
1.8792036
8.0714617
30.7010307
65.0778122
84.7440262
72.5841827
48.4931183
37.0961838
58.1891365
68.5369873
32.5835114
6.9797263
13.0295000
42.7343750
81.5582733
97.4715576
63.2726898
21.5475883
49.8668137
136.5975189
227.1579437
263.4408875
244.5500031
207.5546722
147.4793701
105.9857864
71.9457474
31.5377769
19.4889565
21.1635742
14.1891537
9.7032967
33.4013367
93.6218414
131.2551575
128.2982178
96.0426941
83.1179123
77.6456604
51.6203804
32.1906738
22.7562218
23.1435852
14.3187103
2.3011751
10.2318821
53.9313698
116.3210449
108.1041336
64.4632568
38.2390556
15.2105131
12.1642265
16.1572113
7.4862270
6.6949720
17.6726532
17.7587833
9.8355303
2.1030064
2.9741213
22.6106606
79.4480133
116.7656479
91.2897186
44.4969711
19.2661343
12.4514742
14.8936672
18.5158234
49.3224678
102.6643524
119.5356064
115.8886108
117.7716980
116.7557144
74.4162292
23.8959026
3.0366232
1.6459157
11.8307543
43.7078018
62.3491631
51.1725159
37.6613998
36.4953194
30.7729988
24.3081360
23.3929234
23.7047119
21.6682243
31.8915100
61.7986031
78.4888382
59.7267685
31.8355274
32.7946777
50.0130768
61.8167648
37.7653198
19.0082130
14.6604691
6.2216854
1.8612816
5.3251166
9.5853558
12.5413523
8.6219006
3.6592510
2.8385906
2.0928421
1.3610653
0.7493254
0.3914056
0.1958222
0.1547723
0.2525991
0.3222570
0.3909857
0.3897873
0.3740800
0.5730599
0.7990907
1.1584539
1.4763160
1.8285934
1.9792540
1.9994643
2.1384249
2.1680443
2.3792105
2.5756888
2.3506470
2.2408767
2.6671996
3.2528775
3.7070508
3.7318218
3.1640182
2.6334224
2.7614286
3.2193165
3.8150344
4.0949378
3.7195804
3.6383822
4.6409698
5.9610004
6.7760968
6.7359948
6.9967451
6.1829834
4.5043187
2.3448462
1.0441697
1.6750685
12.5701275
42.0532990
69.9118576
85.1889572
80.8477478
61.7838478
42.3916321
27.8192501
24.5584965
21.8192444
21.8685608
22.5419216
17.6594887
12.9476624
11.3397942
10.6103430
7.0270591
4.2789440
3.5365670
2.6436491
0.9145265
0.3757645
0.5738329
3.9647868
9.5403728
11.5426311
11.9265242
11.4032116
10.0305386
8.8026056
8.2304192
7.2511325
5.8197298
4.8719926
3.7193413
4.1987200
4.3878970
5.4059124
6.8295765
6.2233839
4.1729031
2.2574823
0.9515789
0.7404302
3.4388032
23.0768375
55.0540962
79.3056335
87.9141159
75.0761871
48.4801521
27.8304672
20.0374565
24.8223877
25.9185295
23.3898582
21.1912441
21.4416828
19.3364964
19.0676003
21.2542610
24.2317295
25.6273155
26.5582428
27.3753147
22.9516182
19.9020500
16.1960335
14.8845501
19.8158226
24.1862602
28.9170074
30.3865871
29.1738720
23.2092266
8.9876842
2.3047032
3.6988282
24.1663189
57.3465576
86.5277863
113.0061951
128.3232422
117.9796219
74.6836700
33.1592255
17.0424309
54.4664879
82.5284348
86.5317612
105.4678726
131.5641937
179.1985168
202.4233856
136.1061859
64.9839859
23.1657104
9.2940598
8.7208176
9.2736511
6.4356084
2.5489714
1.0362153
0.4886918
0.3772426
0.3292448
0.1911259
0.2295967
0.3274259
0.3538655
0.3230366
0.3624339
0.7082132
1.2943829
2.1089466
2.7641668
3.0900011
3.1121118
3.0422559
2.8289547
2.5080323
2.4528716
2.0925217
2.0243423
2.4600163
3.2818050
3.3629813
2.7117925
2.0406346
1.3915293
1.0339487
1.1285412
1.0966346
1.2154973
1.3988458
1.4792871
1.5877981
1.5874097
1.0699477
0.5899795
0.2108342
0.0263587
0.0020322
0.0000000
0.0000000
0.0000000
0.0000000
0.0000000
0.0000000
0.0000000
0.0000000
0.0000000
0.0000000
0.0000000
0.0000000
0.0000000
0.0000000
0.0000000
0.0000000
0.0000000
0.0000000
0.0000000
0.0000000
0.0000000
0.0000000
0.0000000
0.0000000
0.0000000
0.0000000
0.0000000
0.0000000
0.0000000
0.0000000
0.0000000
0.0000000
0.0000000
0.0000000
0.0000000
0.0000000
0.0000000
0.0000000
0.0000000
0.0000000
0.0000000
0.0000000
0.0000000
0.0000000
0.0000000
0.0000000
0.0000000
0.0000000
0.0000000
0.0000000
0.0000000
0.0000000
0.0000000
0.0000000
0.0000000
0.0000000
0.0000000
0.0000000
0.0000000
0.0000000
0.0000000
0.0000000
0.0000000
0.0000000
0.0000000
0.0000000
0.0000000
0.0000000
0.0000000
0.0000000
0.0000000
0.0000000
0.0000000
0.0000000
0.0000000
0.0000000
0.0000000
0.0000000
0.0000000
0.0000000
0.0000000
0.0000000
0.0000000
0.0000000
0.0000000
0.0000000
0.0000000
0.0000000
0.0000000
0.0000000
0.0000000
0.0000000
0.0000000
0.0000000
0.0000000
0.0000000
0.0000000
0.0000000
0.0000000
0.0000000
0.0000000
0.0000000
0.0000000
0.0000000
0.0000000
0.0000000
0.0000000
0.0000000
0.0000000
0.0000000
0.0000000
0.0000000
0.0000000
0.0000000
0.0000000
0.0000000
0.0000000
0.0000000
0.0000000
0.0000000
0.0000000
0.0000000
0.0000000
0.0000000
0.0000000
0.0000000
0.0000000
0.0000000
0.0000000
0.0000000
0.0000000
0.0000000
0.0000000
0.0000000
0.0000000
0.0000000
0.0000000
0.0000000
0.0000000
0.0000000
0.0000000
0.0000000
0.0000000
0.0000000
0.0000000
0.0000000
0.0000000
0.0000000
0.0000000
0.0000000
0.0000000
0.0000000
0.0000000
0.0000000
0.0000000
0.0000000
0.0000000
0.0000000
0.0000000
0.0000000
0.0000000
0.0000000
0.0000000
0.0000000
0.0000000
0.0000000
0.0000000
0.0000000
0.0000000
0.0000000
0.0000000
0.0000000
0.0000000
0.0000000
0.0000000
0.0000000
0.0000000
0.0000000
0.0000000
0.0000000
0.0000000
0.0000000
0.0000000
0.0000000
0.0000000
0.0000000
0.0000000
0.0000000
0.0000000
0.0000000
0.0000000
0.0000000
0.0000000
0.0000000
0.0000000
0.0000000
0.0000000
0.0000000
0.0000000
0.0000000
0.0000000
0.0000000
0.0000000
0.0000000
0.0000000
0.0000000
0.0000000
0.0000000
0.0000000
0.0000000
0.0000000
0.0000000
0.0000000
0.0000000
0.0000000
0.0000000
0.0000000
0.0000000
0.0000000
0.0000000
0.0000000
0.0000000
0.0000000
0.0000000
0.0000000
0.0000000
0.0000000
0.0000000
0.0000000
0.0000000
0.0000000
0.0000000
0.0000000
0.0000000
0.0000000
0.0000000
0.0000000
0.0000000
0.0000000
0.0000000
0.0000000
0.0000000
0.0000000
0.0000000
0.0000000
0.0000000
0.0000000
0.0000000
0.0000000
0.0000000
0.0000000
0.0000000
0.0000000
0.0000000
0.0000000
0.0000000
0.0000000
0.0000000
0.0000000
0.0000000
0.0000000
0.0000000
0.0000000
0.0000000
0.0000000
0.0000000
0.0000000
0.0000000
0.0000000
0.0000000
0.0000000
0.0000000
0.0000000
0.0000000
0.0000000
0.0000000
0.0000000
0.0000000
0.0000000
0.0000000
0.0000000
0.0000000
0.0000000
0.0000000
0.0000000
0.0000000
0.0000000
0.0000000
0.0000000
0.0000000
0.0000000
0.0000000
0.0000000
0.0000000
0.0000000
0.0000000
0.0000000
0.0000000
0.0000000
0.0000000
0.0000000
0.0000000
0.0000000
0.0000000
0.0000000
0.0000000
0.0000000
0.0000000
0.0000000
0.0000000
0.0000000
0.0000000
0.0000000
0.0000000
0.0000000
0.0000000
0.0000000
0.0000000
0.0000000
0.0000000
0.0000000
0.0000000
0.0000000
0.0000000
0.0000000
0.0000000
0.0000000
0.0000000
0.0000000
0.0000000
0.0000000
0.0000000
0.0000000
0.0000000
0.0000000
0.0000000
0.0000000
0.0000000
0.0000000
0.0000000
0.0000000
0.0000000
0.0000000
0.0000000
0.0000000
0.0000000
0.0000000
0.0000000
0.0000000
0.0000000
0.0000000
0.0000000
0.0000000
0.0000000
0.0000000
0.0000000
0.0000000
0.0000000
0.0000000
0.0000000
0.0000000
0.0000000
0.0000000
0.0000000
0.0000000
0.0548632
0.6560063
1.7881414
2.4515879
2.0740726
1.1261319
0.5991399
0.3372349
0.3589239
0.5235105
1.0185790
4.7668638
21.2841816
58.2236748
99.9431915
111.3938980
90.3486557
69.4622803
44.6618347
27.8229218
14.6040506
36.3407745
113.6395569
183.6094208
165.1671906
107.8603821
50.8501511
33.6446838
46.7506294
51.4293633
25.0719337
8.2508011
12.2256041
10.6265907
10.4249249
17.1796093
23.2628880
45.6356735
74.9474564
105.9187775
124.8559113
100.0245285
65.0056534
31.5518303
21.2204590
34.5130920
31.3548908
32.2494850
36.0093307
44.1606979
61.1363983
93.5153351
147.2220154
191.5399628
193.8682404
162.9773865
113.3037033
44.4335098
26.2876320
18.7276497
8.7753487
4.2693996
11.3220882
41.0872421
68.9959259
55.6845703
26.4934654
15.9080400
13.7826185
14.2337866
11.9718275
16.2377548
41.5168381
72.8237686
95.7548294
123.9329834
132.9346313
126.5279388
107.8073654
98.7260208
81.2810440
60.1092529
51.9235039
48.8099899
43.3742447
46.6361389
44.6960220
32.9830818
24.0498829
17.9250355
14.7733898
13.7406511
12.3967075
9.9688873
7.5557446
5.7631569
5.6078501
4.9501257
3.8813665
2.1943901
1.5961294
1.4962064
1.3032546
1.6821057
1.4004974
0.6989502
0.5586306
0.5209585
0.4746013
0.6169631
0.8269476
1.4756888
1.9867193
2.1559296
2.3074300
2.5227830
2.2044258
1.5219283
1.2581483
1.1850309
0.9539405
0.9495282
1.1852740
1.2116336
1.2148898
1.0084260
0.8400718
0.8069578
0.8025985
0.7876119
0.7813468
0.6728706
0.5796109
0.5445355
0.6098296
0.5636442
0.7215295
0.6551365
0.5931623
3.4669411
13.6430387
36.4257545
61.5849495
64.6739960
40.0575943
9.3805790
6.5019507
17.8939552
57.2956009
102.0151291
115.9363708
90.1562195
45.5854378
32.5885201
28.2243996
25.1532097
23.0359364
66.2882385
110.8166199
131.7145844
137.6457825
117.3171921
86.6198425
72.5183868
85.9365387
38.8636208
25.6482792
72.9406052
147.2836456
126.7875214
52.1141434
22.4290676
16.4434414
10.1916370
33.2710533
69.4981308
73.4424744
100.8074570
155.9379272
188.3767700
192.8120728
184.2434998
148.5583344
56.7391624
13.6177425
54.6658211
135.4582977
162.0445557
123.2668304
89.8717499
102.3126831
109.0432663
130.5949554
147.0488739
130.7467194
70.6725616
24.6833687
20.4887180
10.7242079
16.6054230
40.1737137
82.6370087
138.8023834
186.9602661
164.8198700
78.7247391
21.6194916
16.4330959
21.5510178
24.4803486
80.7150726
145.1782990
159.1532440
170.8665771
191.5169373
235.1661835
324.9707031
343.6224365
195.7088013
54.3027840
36.3449173
76.3152771
165.2422180
200.9470520
166.3681946
120.4105682
65.3398361
54.1771011
36.2189674
15.5708275
11.1955166
27.0660820
20.7208805
10.9047527
7.3907127
3.2080660
0.8442407
1.0170299
8.1113825
20.3046246
29.0066032
32.9034004
30.1896992
22.8083458
16.8043766
13.0956860
11.0764103
10.7887363
11.9444027
11.0806236
9.4091425
6.5031929
3.4770839
1.4346051
0.5178958
1.3793933
10.1019592
28.1868401
39.3819427
44.5042648
42.6386833
31.4889946
22.9653645
20.8506317
21.2536278
18.7363663
14.4691353
12.5960846
11.9548187
11.9092760
9.9585648
8.0603428
7.5135207
7.2211533
6.1129379
3.9888291
2.3233759
1.6445503
0.7285352
0.6968861
0.4608194
0.3612123
0.2173627
0.3704482
0.8856075
2.7381325
4.5321631
5.8840170
7.3199863
9.6026230
13.5033894
17.5237846
18.4001198
15.0408382
11.3611279
8.8742018
8.7695513
9.5231190
9.9295635
8.3850479
6.0094810
3.7864981
1.5275697
2.4821558
52.0972214
188.4227142
322.3728638
376.1788025
310.0982971
206.6600952
140.3697205
102.7538910
63.1137962
22.7591209
6.1724100
19.8068275
75.1834412
130.5365753
127.3346405
86.2160645
50.0602875
27.3663864
16.4418755
10.5975103
6.3948383
2.6412652
1.1564624
0.9119942
1.0059417
1.6862601
1.5981190
1.2023454
0.6626042
0.6070691
0.4093774
0.2143183
0.3180258
0.4036663
0.4485371
0.5156229
0.5874873
0.5930668
0.3836303
0.3287032
0.3862648
0.3509184
0.2718775
0.3919983
0.6431663
0.9026022
1.0567156
1.0025835
0.7631664
0.5956147
0.6113305
0.6391174
0.5099598
0.4960531
0.6990915
0.7055060
0.5820438
0.5257344
0.6258276
0.7246379
0.5578431
0.6757407
0.9235276
2.2756479
7.8468504
13.0469389
10.8452826
5.6014166
3.8946667
3.1902311
2.5505452
3.0662680
2.3734081
1.0309402
0.8332935
1.2756792
1.7491279
9.0170841
29.8932610
40.3328972
23.2776260
1.8109927
0.2609742
0.1219359
0.1696230
0.7284731
0.7224370
0.7914678
0.6556253
0.3851738
0.5749914
0.6685970
0.6436026
0.6744526
1.0020531
1.3608229
0.8560585
0.4007116
0.9226341
2.7764895
4.0781260
4.0716319
3.4764843
1.8454860
0.5118927
0.3143308
0.3202157
0.3547767
0.4993943
0.6617808
0.6993155
0.5197281
0.2214014
0.1642687
0.2463351
0.3137155
0.2641472
0.2687941
0.3180434
0.3616890
0.3113520
0.3923909
0.4174940
0.3843036
0.4175369
0.3266674
0.3372369
0.3379247
0.4159041
0.4228274
0.5771589
0.6635060
0.8026564
0.7365395
0.5855083
0.6038479
0.8849083
1.2601743
1.8474983
2.0767365
1.4460461
0.8833088
0.8493438
1.5865293
2.7014160
2.8011942
1.8827652
2.0720193
2.6603012
1.6678908
0.3189956
0.3144958
0.3704492
0.7424991
1.3384264
1.0500160
0.6679701
0.4526862
0.4002901
0.3734788
0.3747747
0.3967512
0.5309944
0.8548970
0.8692280
0.4714105
0.2639474
0.3593136
0.4443529
0.4878945
0.5030512
0.5415800
0.6158380
0.6085234
0.5214093
0.5233543
0.7568720
1.4628575
1.8668833
1.1708082
0.4584471
0.2273735
0.1262080
0.7318937
3.0106058
11.9983215
34.6312599
55.0307159
48.9897423
17.6144638
2.1356359
4.3311057
19.1085396
43.6689301
74.3840332
125.6002045
187.3691406
237.0290070
246.5314789
211.5815735
155.5550385
90.2782822
34.7048073
14.0412626
16.5322609
42.0223389
81.6638412
79.9726105
51.2672234
35.0299034
18.1577511
8.9375410
5.2499905
4.4638333
2.9704697
1.7974321
1.3319631
1.1208642
0.5909891
0.4114375
0.1840558
0.1773451
0.1857332
0.1862267
0.2098464
0.2759280
0.3050402
0.3644319
0.4555760
0.5832609
0.7375959
0.7175305
0.6403904
0.7294493
0.7462193
0.7700410
0.7933751
0.7931342
0.7908100
1.0937235
1.7368561
2.7578487
4.1398048
5.3941159
5.9219723
5.7390037
4.9618545
3.6927805
2.6551795
1.9258449
1.1194265
0.6131700
0.2862980
0.8399255
6.2867284
15.4543657
21.6129818
23.1464787
22.1007347
19.1915073
16.0453453
14.5256958
14.7711582
13.1466951
10.3156109
8.6469078
8.4550085
9.7909222
10.4493523
9.9228897
7.1663570
6.1167388
5.0826206
5.2864413
4.9540682
3.4116488
2.1971705
1.5399457
1.2101221
0.8990193
0.5195113
0.4379328
0.3437659
0.3034419
0.2167366
0.4559888
1.6004444
3.0669596
3.8368788
3.9642005
3.8373113
3.8676832
3.7284956
3.5516825
3.4663334
3.5298314
3.5876393
3.5781374
2.7016325
2.0324051
1.5833056
1.5678241
1.4962338
1.0723991
0.4152870
0.8158723
4.8434143
11.1566181
19.3488216
33.2125092
43.6952705
38.4535484
18.7502232
10.8028946
18.2107887
48.5373230
107.1470413
131.0132294
92.1736374
34.4236145
13.0402136
4.9201174
18.3150082
88.0544434
100.5421295
55.1237450
11.5284634
10.1569118
21.0249233
18.5084648
8.9416666
32.3528595
89.3692398
143.8626862
155.7422180
122.4456177
78.2312927
41.2126198
23.8734341
23.1908379
42.4764977
42.2276802
16.6310921
15.8056850
8.7568178
26.2159348
66.1743774
78.3727417
63.1651649
40.0958900
36.6363373
27.1321716
7.0744109
1.3682256
3.8453007
16.7807922
33.8961868
41.3037109
33.8469200
22.4554100
14.2031116
11.1384325
10.1414948
10.4244709
10.2280350
6.3832736
4.2760119
2.1189024
1.1229509
0.5313717
1.2902447
7.0905333
16.8992863
21.9156265
25.4414330
28.1239681
30.8287296
29.9391670
25.5219994
20.1771240
17.4390221
17.5247478
15.2904444
14.6672554
12.5147066
10.2446747
6.6532502
4.7225523
4.3376689
3.8797998
2.9663658
2.0378778
1.5952992
1.6375459
1.7778318
1.6280928
0.8598399
0.3188675
0.3062176
0.3786078
0.4171790
0.3253377
0.2059827
0.2468179
0.2993900
0.2820124
0.2965128
0.4764326
0.8406270
0.8522544
0.7406830
0.6843590
0.7922884
0.9195176
0.7763974
0.5941955
0.7303514
0.7880641
0.8237549
0.8868825
0.8666952
1.1565795
1.4383047
1.2269433
0.9650930
1.0648999
1.3885465
1.0892432
0.7280412
0.6271039
0.6036211
0.5969777
0.5254624
0.6565179
0.8021483
0.5860875
0.4764754
0.3984457
0.3700578
0.7272948
1.0385424
0.8574601
0.6117844
0.4966030
0.4210040
0.6591447
0.8843397
0.9095316
0.8036599
0.9888971
1.3394456
1.1400859
0.6482373
0.3549382
0.2752092
0.3396976
0.4214272
0.5490188
0.8967664
1.2412728
1.0768579
0.6373826
0.4352525
0.3273031
0.4199624
0.4780873
0.5126595
0.7108189
1.2138673
2.4323878
4.3464007
11.1365204
29.2550240
46.3606339
43.1807938
22.4855537
6.3178530
10.3963737
47.4468002
93.4098816
103.8147507
88.0155563
54.4560394
37.8031807
15.1811676
12.3135452
45.5871201
93.3499146
70.4820786
15.2404518
15.5295010
21.1443996
26.6362686
16.5583725
9.2161798
36.3890495
79.5371246
104.0323563
87.4446564
58.7080002
39.6787338
23.0950432
12.4485874
13.6679039
29.7478199
40.3304253
39.5099182
33.6517601
15.6588955
4.5808554
2.0308027
9.7930994
46.0044518
50.4590988
43.7575836
55.3660049
95.7969666
126.0524368
111.7659607
79.8706589
58.6010246
38.9041748
28.9934864
14.2499504
7.5495133
21.4767475
37.1150970
31.5428448
24.1400948
30.7909508
40.9218750
59.8286667
78.1636658
92.1977844
107.4483719
120.5120392
101.0601425
64.9875870
30.3209705
12.9730835
17.9621716
9.7917805
5.1676140
3.3133209
2.1022780
0.6227196
0.4650673
2.3989081
9.4365816
14.2066021
13.4713163
11.3889713
9.1584148
7.5434027
6.5040512
5.2962141
4.5786066
4.4740591
4.2076044
3.9838850
3.4719737
2.7385588
1.8948382
0.6433312
0.3968092
0.3647967
1.8878611
8.7249069
16.4224167
23.8522587
28.5266628
27.3363438
21.7460785
18.1500626
17.5244751
19.5158749
20.3510857
19.7358570
17.5412769
14.6799831
13.3006287
13.1969719
12.7022476
12.1728287
12.1878071
11.9991159
11.2888374
9.9128637
6.6740651
4.2598405
2.2921944
0.8916453
0.3159223
0.3950392
2.7339988
9.0928125
12.6080112
13.6354828
12.7092209
11.9168463
10.9969587
11.7914124
11.5388632
12.4168806
12.1095123
11.3166380
10.5874939
8.5703192
6.9601889
5.9253178
4.8971062
4.8792906
5.7116981
5.7896175
5.0958462
3.9678359
2.5644360
1.4830068
0.5837831
0.3348008
0.9062029
4.5430374
8.7400684
16.9304276
40.5413895
65.1549377
66.9499664
50.8653450
43.1150475
49.8262901
58.0006256
62.4019547
57.0194702
72.3881989
107.5358658
157.2440491
243.7145844
361.2979736
381.4092407
263.4549561
154.5452271
99.7102661
121.1826172
181.2302399
197.8477478
241.1803436
229.2985229
84.4803543
9.7234955
0.3571718
0.0112621
5.1623082
123.6179428
313.7404175
418.3947144
361.0513916
243.0921631
159.9370422
101.2968140
55.8562431
31.8834381
26.5495110
31.5200119
34.2270584
26.3571262
17.2897663
17.4725876
16.3116226
14.2304792
12.5344143
11.3312750
10.0964737
8.4791279
8.0467958
7.0538788
5.7296476
5.2111406
4.6252728
3.6219132
2.8860047
2.0850816
1.9071949
1.6345628
0.9890661
0.7134840
0.3333718
0.2082565
0.3947140
0.2680140
0.8672113
2.5183055
3.6825206
4.0144849
4.1993752
4.4368572
4.4689875
3.9121380
3.2056322
2.7116292
2.4457245
2.0089517
1.8199089
1.5248857
1.5472586
1.2831837
1.2385025
1.1992335
0.9652679
1.1281430
1.4987141
1.8347763
1.8612345
1.4499779
1.1637611
0.7829219
0.6124659
0.5535700
0.3437748
0.5851980
12.1989880
44.6815109
94.9249725
183.7218628
290.5680847
361.8631592
406.0485840
427.8985291
394.0023804
332.2037048
252.9893188
151.5372009
151.1330566
433.8208618
609.7387695
518.0521851
410.8731995
321.6561584
282.5166626
253.0398102
201.2421417
213.5926666
270.7583618
288.4283142
224.7515411
121.8810425
45.5327148
18.4739628
11.0293226
94.4411469
603.0759888
1211.4747314
1361.3214111
808.7921143
282.1032410
55.9336929
23.8052101
78.8040771
300.4116821
226.4237213
64.2518082
18.6914024
78.9783783
325.1770630
647.4899902
854.7545166
1093.4683838
1341.0872803
1402.7280273
1119.9746094
670.6252441
366.7834473
284.6482239
441.0177002
300.5467224
76.1062088
35.4685211
60.7318115
227.6421661
878.8815918
1221.1101074
1019.9309692
578.4624023
214.6924438
103.4830170
42.4491158
7.3742280
27.6190929
18.1168232
3.8706312
0.5148290
0.2793526
0.2069064
0.2509588
0.1187508
0.0196057
0.0016877
0.0000000
0.0000000
0.0000000
0.0000000
0.0000000
0.0000000
0.0000000
0.0000000
0.0000000
0.0000000
0.0000000
0.0000000
0.0000000
0.0000000
0.0000000
0.0000000
0.0000000
0.0000000
0.0000000
0.0000000
0.0000000
0.0000000
0.0000000
0.0000000
0.0000000
0.0000000
0.0000000
0.0000000
0.0000000
0.0000000
0.0000000
0.0000000
0.0000000
0.0000000
0.0000000
0.0000000
0.0000000
0.0000000
0.0000000
0.0000000
0.0000000
0.0000000
0.0000000
0.0000000
0.0000000
0.0000000
0.0000000
0.0000000
0.0000000
0.0000000
0.0000000
0.0000000
0.0000000
0.0000000
0.0000000
0.0000000
0.0000000
0.0000000
0.0000000
0.0000000
0.0000000
0.0000000
0.0000000
0.0000000
0.0000000
0.0000000
0.0000000
0.0000000
0.0000000
0.0000000
0.0000000
0.0000000
0.0000000
0.0000000
0.0000000
0.0000000
0.0000000
0.0000000
