0.0000000
0.0000000
0.0000000
0.0000000
0.0000000
0.0000000
0.0000000
0.0000000
0.0000000
0.0000000
0.0000000
0.0000000
0.0000000
0.0000000
0.0000000
0.0000000
0.0000000
0.0000000
0.0000000
0.0000000
0.0000000
0.0000000
0.0000000
0.0000000
0.0000000
0.0000000
0.0000000
0.0000000
0.0000000
0.0000000
0.0000000
0.0000000
0.0000000
0.0000000
0.0000000
0.0000000
0.0000000
0.0129393
0.2315672
0.8829379
1.7312982
7.2762628
30.5666389
82.4871826
154.5668945
221.8121033
286.4459839
303.5809326
242.6343384
132.7424622
65.0909729
61.5421448
113.9851685
131.3557434
112.4229736
80.9919662
97.3525391
115.1832123
88.8800888
59.5117264
37.9618607
26.0184593
34.7191658
55.8549232
48.8627510
32.4640465
41.9066544
26.9403763
17.3769360
15.2080154
15.2523966
13.6624460
13.2814388
9.4554796
2.5527606
1.0985260
36.2688408
128.1369781
184.8531799
153.2525787
98.3757019
82.4085464
70.9807739
42.8875694
32.8086929
23.3580399
8.0414209
3.6713583
2.3143375
12.5288391
50.5428810
78.5779953
73.1390533
51.9255028
35.0920105
38.3103180
75.5654831
83.9323959
68.7232361
73.4696198
102.8776703
92.6759491
71.6975174
53.9811859
36.0914726
20.0554905
8.7979441
4.5666714
3.5633609
3.5797117
2.7830381
0.9822771
6.4139347
30.9522991
74.5045013
128.1929016
160.9081268
149.6431274
123.4403839
110.9304047
98.1293030
86.0361404
76.1535492
66.3345261
51.4445419
46.5660858
53.6924477
68.6174698
75.8219147
70.5858917
55.6750870
74.9920731
79.1098328
54.5574875
26.1530552
9.4530458
5.8310099
24.1591511
54.7233734
64.8396606
51.2226486
55.5595703
90.9816132
103.9265594
70.7776566
36.7073135
18.1625538
3.4211683
12.9185610
11.7411604
2.9279780
4.1990457
10.1684494
24.2110825
42.7997208
105.0358276
246.0883484
413.9527588
522.7228394
479.5067749
322.5364990
166.6956635
61.8439560
39.0464630
87.2765808
104.2723770
79.2409897
31.3500900
22.4503365
36.2425652
80.8362503
133.9965973
130.4508362
74.3818054
34.5061455
15.1961184
15.6908665
28.0970421
32.0915604
20.5932636
5.4918590
3.0899208
66.7719879
216.6013794
297.6797791
228.4273682
105.4007721
25.5612717
7.6534042
7.4346666
28.8581734
46.5620880
37.5111771
46.2996902
100.9352722
150.9131165
123.4093704
48.7748337
13.6345129
5.5307593
2.8778086
13.7765903
80.8122253
121.2408218
101.2373276
63.6757698
45.6618881
40.6455078
29.1852665
17.9482250
14.5774612
22.2708302
15.7897997
9.5830803
4.1640415
3.0256219
2.8672216
24.4342403
70.4198990
86.4609985
66.8236618
49.5527344
47.3680687
63.5546684
81.4981461
81.6754456
57.6427078
34.8965225
27.1070557
48.4742241
38.4110107
20.6277046
12.1915216
17.1483250
21.0123100
25.7254677
32.4447861
35.1458168
28.6140156
21.0550423
16.0211792
9.0149136
2.0811920
0.6587462
0.5619177
5.8008690
43.7462234
98.5508652
120.8498230
107.0746155
81.7918777
67.3742905
45.1789474
37.8833885
57.0793419
52.7298546
39.1532745
18.9735603
6.4026299
1.0855485
1.2202896
14.8108368
37.6534882
43.8597145
38.0094528
37.6292648
35.9229622
30.1766682
18.1410484
5.8605924
2.1272180
0.8140717
0.0797639
0.0528699
0.0030162
0.0003019
0.0000000
0.0000000
0.0000000
0.0000000
0.0000000
0.0000000
0.0000000
0.0000000
0.0000000
0.0000000
0.0000000
0.0000000
0.0000000
0.0000000
0.0000000
0.0000000
0.0000000
0.0000000
0.0000000
0.0000000
0.0000000
0.0000000
0.0000000
0.0000000
0.0000000
0.0000000
0.0000000
0.0000000
0.0000000
0.0000000
0.0000000
0.0000000
0.0000000
0.0000000
0.0000000
0.0000000
0.0000000
0.0000000
0.0000000
0.0000000
0.0000000
0.0000000
0.0000000
0.0000000
0.0000000
0.0000000
0.0000000
0.0000000
0.0000000
0.0000000
0.0000000
0.0000000
0.0000000
0.0000000
0.0000000
0.0000000
0.0000000
0.0000000
0.0000000
0.0000000
0.0000000
0.0000000
0.0000000
0.0000000
0.0000000
0.0000000
0.0000000
0.0000000
0.0000000
0.0000000
0.0000000
0.0000000
0.0000000
0.0000000
0.0000000
0.0000000
0.0000000
0.0000000
0.0000000
0.0000000
0.0000000
0.0000000
0.0000000
0.0000000
0.0000000
0.0000000
0.0000000
0.0000000
0.0000000
0.0000000
0.0000000
0.0000000
0.0000000
0.0000000
0.0000000
0.0000000
0.0000000
0.0000000
0.0000000
0.0000000
0.0000000
0.0000000
0.0000000
0.0000000
0.0000000
0.0000000
0.0000000
0.0000000
0.0000000
0.0000000
0.0000000
0.0000000
0.0000000
0.0000000
0.0000000
0.0000000
0.0000000
0.0000000
0.0000000
0.0000000
0.0000000
0.0000000
0.0000000
0.0000000
0.0000000
0.0000000
0.0000000
0.0000000
0.0000000
0.0000000
0.0000000
0.0000000
0.0000000
0.0000000
0.0074834
0.3589932
1.3990641
2.6249075
3.0769727
3.3265028
52.8295021
194.3828125
342.3805542
366.7251282
238.0368347
131.0290222
72.9445496
36.1126404
26.5563049
22.4371643
37.3732872
75.4842224
89.4957428
59.9101067
30.8974171
12.2060442
3.1544747
1.2060794
0.6247865
0.7105963
1.0502992
2.8164513
19.3622189
47.9051743
64.9104919
55.9214897
31.9214973
30.1998425
60.7541809
136.2374268
197.4660645
204.8343811
175.3145905
120.5091171
76.7333145
46.9500046
48.4827957
49.6959610
26.4878998
8.2656689
0.5168212
0.4171849
0.4163918
0.5477183
0.8007178
5.7676272
46.2957077
110.3703384
148.5630188
131.0986481
83.2644653
59.2907257
42.0134544
48.2448235
75.9595337
93.4365997
98.6508865
100.8371582
106.7472534
110.6180344
122.6841507
124.6052399
95.5183182
58.9467468
39.7300797
30.5127888
58.6019096
101.8112488
138.6641998
142.0930786
128.5046844
98.9261398
77.2179871
51.3027077
21.0187531
19.4311256
23.9145126
37.4721794
46.8185158
35.7881241
95.1414948
215.8231049
288.2043152
233.1170349
143.9789276
88.4721146
36.5403252
11.5677519
31.8894176
83.8319855
108.6422195
96.9952621
73.8741608
58.1317825
69.6224899
84.0607452
83.7636490
71.5439301
55.5494957
40.2189293
26.4952145
21.0981274
41.7088165
53.6891022
45.5970421
40.7383690
56.8444405
58.1842117
25.3395271
10.0427399
8.0333052
33.3549538
83.4359207
98.0088272
96.0042877
110.8710480
144.5497131
132.6452179
96.4107971
47.6260681
18.6478825
11.9567127
3.2815559
2.8176124
8.8917465
33.1270294
55.6090546
53.9148445
37.4823189
24.0517120
21.8903389
23.0657520
16.6680355
15.8358488
42.0279312
72.5401154
73.9221878
44.1010628
13.3821039
5.0560231
3.8810158
5.1230359
6.9753428
5.9004173
4.6866999
5.6275134
6.6304536
5.4168062
3.3272190
1.8816227
1.3671710
1.2932050
0.9502789
0.8479455
0.9422622
1.8367263
3.3079891
3.4347703
1.7166401
0.7458553
0.6552342
0.2628829
0.0381170
0.0047003
0.0000000
0.0000000
0.0000000
0.0000000
0.0000000
0.0000000
0.0000000
0.0000000
0.0000000
0.0000000
0.0000000
0.0000000
0.0000000
0.0000000
0.0000000
0.0000000
0.0000000
0.0000000
0.0000000
0.0000000
0.0000000
0.0000000
0.0000000
0.0000000
0.0000000
0.0000000
0.0000000
0.0000000
0.0000000
0.0000000
0.0000000
0.0000000
0.0000000
0.0000000
0.0000000
0.0000000
0.0000000
0.0000000
0.0000000
0.0000000
0.0000000
0.0000000
0.0000000
0.0000000
0.0000000
0.0000000
0.0000000
0.0000000
0.0000000
0.0000000
0.0000000
0.0000000
0.0000000
0.0000000
0.0000000
0.0000000
0.0000000
0.0000000
0.0000000
0.0000000
0.0000000
0.0000000
0.0000000
0.0000000
0.0000000
0.0000000
0.0000000
0.0000000
0.0000000
0.0000000
0.0000000
0.0000000
0.0000000
0.0000000
0.0000000
0.0000000
0.0000000
0.0000000
0.0000000
0.0000000
0.0000000
0.0000000
0.0000000
0.0000000
0.0000000
0.0000000
0.0000000
0.0000000
0.0000000
0.0000000
0.0000000
0.0000000
0.0000000
0.0000000
0.0000000
0.0000000
0.0000000
0.0000000
0.0000000
0.0000000
0.0000000
0.0000000
0.0000000
0.0000000
0.0000000
0.0000000
0.0000000
0.0000000
0.0000000
0.0000000
0.0000000
0.0000000
0.0000000
0.0000000
0.0000000
0.0000000
0.0000000
0.0000000
0.0000000
0.0000000
0.0000000
0.0000000
0.0000000
0.0000000
0.0000000
0.0000000
0.0000000
0.0000000
0.0000000
0.0000000
0.0000000
0.0000000
0.0000000
0.0000000
0.0000000
0.0000000
0.0000000
0.0000000
0.0000000
0.0000000
0.0000000
0.0000000
0.0000000
0.0000000
0.0000000
0.0000000
0.0000000
0.0000000
0.0000000
0.0000000
0.0000000
0.0000000
0.0000000
0.0000000
0.0000000
0.0000000
0.0000000
0.0000000
0.0000000
0.0000000
0.0896602
0.5903682
1.3339434
1.6933894
1.4909027
35.8712883
186.8362732
394.5652161
471.4894714
352.2898254
261.2911072
224.6127319
164.8354034
112.3007584
85.6728210
83.5771790
89.1798019
119.0059280
120.5303345
83.6503754
95.0447540
149.6378784
176.2040863
104.6952896
18.9515190
0.6700308
0.6929237
0.5465631
0.3027516
0.8084015
39.2804680
161.4077148
308.4618225
399.0463867
372.2565918
281.4255066
207.6715851
165.7245941
136.6248016
95.0626602
41.3861237
18.0719509
33.7172508
86.3724976
128.8514099
126.5998535
107.5723877
74.2540436
48.1538124
60.3993874
39.1443520
29.0125198
15.5164814
17.0878868
77.8407440
157.4099426
148.6070557
67.2153091
20.6834736
9.5083609
6.5001354
54.5755653
205.9088440
254.7517395
189.4676056
139.5744934
106.7603760
121.6422882
121.2233200
57.5326233
34.7373009
13.2714539
3.0306411
0.9869306
13.0479355
77.2427597
142.5406952
142.1259308
101.9919662
86.0931473
74.0345383
58.3254051
28.9511909
3.2502506
3.7856376
20.7902622
42.4123611
71.2696838
95.3735886
116.0668335
112.2496185
92.8254852
83.8600082
68.6081619
52.5441246
45.2352753
46.9928474
48.5141335
62.5940971
71.3816757
65.9446793
59.0177917
40.4207344
41.4392166
65.3680878
81.8208923
106.1327820
127.8689499
123.0760727
92.8168488
71.5380859
41.9173660
33.9474564
55.0576973
30.5399017
19.9665260
17.0375214
9.8360415
14.1989212
19.3576832
17.1697063
22.9603806
54.4737282
112.4787521
131.9039764
110.0343018
92.8839111
87.8760529
80.8809433
44.1424866
43.9027405
53.9644547
47.2120285
27.5957909
10.0063057
2.5681310
1.8981735
3.2938409
11.1822624
41.7683182
73.1082001
77.5195084
88.9219055
108.9987488
104.8912354
64.3162308
45.6137543
37.1811371
23.0678921
21.2346630
24.5685539
33.4563332
53.7078285
60.9350624
65.2210922
82.9361191
90.2534637
67.8413086
28.5901852
17.4072666
1.5440133
0.7028556
2.8200517
39.1325226
119.7814560
144.9055023
121.7618866
164.4268036
249.0674744
283.5682983
285.1789856
260.2555542
170.1650696
46.5055199
3.4540963
0.5998269
0.2081981
0.8615556
17.8459911
59.9341583
74.5208740
60.1023178
52.6122627
59.5387955
65.4752197
74.5047913
96.4642181
111.9669876
107.6362228
85.9405289
56.1005440
30.1315918
47.0313110
68.8928757
96.2902985
166.5157776
229.3115692
238.1883392
210.7568665
179.9814606
151.2936096
136.7063141
125.7845840
110.1618500
71.6823730
56.6890602
84.0919952
96.4842834
106.2716675
86.7159882
59.9271011
54.9132004
60.0804825
72.3557663
58.9227028
47.2918968
32.2548485
31.0030861
26.1848106
17.6033134
7.8113141
8.5891323
19.3613796
17.5412846
8.3367100
3.3341868
12.5321245
7.5272231
11.8938122
22.4435654
22.0728836
20.1143112
15.8093920
11.8493786
12.9866257
16.7678375
7.7263980
1.2478350
18.9972630
74.0459366
124.0860596
135.0149536
122.4482651
107.3663330
113.2900314
189.8473969
207.1569366
162.1321716
114.1895218
133.5155640
91.5869217
40.9764862
29.7097034
30.4448528
34.1095657
53.2310028
97.1985550
171.2746429
195.6190186
185.8009949
153.7214966
88.0254135
43.9526062
30.5331554
49.9704285
39.3338966
25.0529118
13.2637568
24.5559444
80.0300751
114.9361572
66.6983948
16.4639282
10.3681087
8.0663691
7.1358118
3.9404879
2.2061248
1.1656184
0.5605277
0.4921575
0.3698181
0.2221700
0.1044437
0.0059136
0.0000103
0.0000000
0.0000000
0.0000000
0.0000000
0.0000000
0.0000000
0.0000000
0.0000000
0.0000000
0.0000000
0.0000000
0.0000000
0.0000000
0.0000000
0.0000000
0.0000000
0.0000000
0.0000000
0.0000000
0.0000000
0.0000000
0.0000000
0.0000000
0.0000000
0.0000000
0.0000000
0.0000000
0.0000000
0.0000000
0.0000000
0.0000000
0.0000000
0.0000000
0.0000000
0.0000000
0.0000000
0.0000000
0.0000000
0.0000000
0.0000000
0.0000000
0.0000000
0.0000000
0.0000000
0.0000000
0.0000000
0.0000000
0.0000000
0.0000000
0.0000000
0.0000000
0.0000000
0.0000000
0.0000000
0.0000000
0.0000000
0.0000000
0.0000000
0.0000000
0.0000000
0.0000000
0.0000000
0.0000000
0.0000000
0.0000000
0.0000000
0.0000000
0.0000000
0.0000000
0.0000000
0.0000000
0.0000000
0.0000000
0.0000000
0.0000000
0.0000000
0.0000000
0.0000000
0.0000000
0.0000000
0.0000000
0.0000000
0.0000000
0.0000000
0.0000000
0.0000000
0.0000000
0.0000000
0.0000000
0.0000000
0.0000000
0.0000000
0.0000000
0.0000000
0.0000000
0.0000000
0.0000000
0.0000000
0.0000000
0.0000000
0.0000000
0.0000000
0.0000000
0.0000000
0.0000000
0.0000000
0.0000000
0.0000000
0.0000000
0.0000000
0.0000000
0.0000000
0.0000000
0.0000000
0.0000000
0.0000000
0.0000000
0.0000000
0.0000000
0.0000000
0.0000000
0.0000000
0.0000000
0.0000000
0.0000000
0.0000000
0.0000000
0.0000000
0.0000000
0.0000000
0.0000000
0.0000000
0.0000000
0.0000000
0.0000000
0.0000000
0.0000000
0.0000000
0.0000000
0.0000000
0.0000000
0.0000000
0.0000000
0.0000000
0.0000000
0.0000000
0.0000000
0.0000000
0.0000000
0.0000000
0.0000000
0.0000000
0.0000000
0.0000000
0.0000000
0.0000000
0.0000000
0.0000000
0.0000000
0.0000000
0.0000000
0.0000000
0.0000000
0.0000000
0.0000000
0.0000000
0.0000000
0.0000000
0.0000000
0.0000000
0.0000000
0.0000000
0.0000000
0.0000000
0.0000000
0.0000000
0.0000000
0.0000000
0.0000000
0.0000000
0.0000000
0.0000000
0.0000000
0.0000000
0.0000000
0.0000000
0.0000000
0.0000000
0.0000000
0.0000000
0.0000000
0.0000000
0.0000000
0.0000000
0.0000000
0.0000000
0.0000000
0.0000000
0.0000000
0.0000000
0.0000000
0.0000000
0.0000000
0.0000000
0.0000000
0.0000000
0.0000000
0.0000000
0.0000000
0.0000000
0.0000000
0.0000000
0.0000000
0.0000000
0.0000000
0.0000000
0.0000000
0.0000000
0.0000000
0.0000000
0.0000000
0.0000000
0.0000000
0.0000000
0.0000000
0.0000000
0.0000000
0.0000000
0.0000000
0.0000000
0.0000000
0.0642598
0.5868105
1.6348051
2.5224626
6.7220049
82.3310776
258.4160156
383.1923218
338.0010681
194.6152496
125.9256592
64.5960693
46.8237572
57.8596954
43.6943779
85.7027512
221.9689178
393.6505737
520.0753174
516.1064453
429.1147461
305.9397278
155.4628906
45.1644020
14.0963459
14.8849974
10.2111387
4.9883118
30.6831284
92.0829544
136.9061890
138.5528564
114.7693939
83.6084976
86.5544891
164.2092896
268.8788452
255.0095367
139.6501617
65.2626877
34.2725639
16.1382980
22.6776886
74.7872467
149.2329102
163.1834106
127.1312103
96.9670258
77.9705505
89.9354095
86.4042130
48.7264709
26.7423553
20.9137764
17.6788254
5.9434843
2.7661347
25.5195808
67.4166336
81.1275177
71.7585983
78.4487686
89.6026764
109.5557861
151.9421692
169.9716492
133.1473236
90.0038147
58.1187057
46.9222450
22.9360237
17.0002289
30.8843880
32.5006638
20.9090500
20.0456085
33.2183380
65.8694000
83.0777435
65.2869110
32.7528763
16.1417713
15.7447491
8.4733105
11.1103477
52.5635490
96.3428345
105.1951447
64.9885178
23.8834286
7.5748272
3.2912433
1.5362061
3.2639568
17.4233208
39.2381325
47.0639687
44.4380989
52.6498108
81.7496719
100.0375748
85.6223755
66.8899002
44.4332848
39.1749649
43.2095490
22.6469250
4.4261017
1.8161933
0.4514671
5.5715361
29.8115292
61.9067383
66.0980835
43.0206032
52.9333420
103.0601120
131.1515350
138.4471741
158.7616882
153.7023926
111.6879120
82.5994797
78.2606277
94.8774338
92.6009674
61.9529762
31.6407185
10.4611979
4.3034725
14.4120474
81.0899887
134.7152710
122.8439255
93.9781265
64.0924911
43.4580078
23.4872093
14.5788326
7.3581958
11.3389997
26.6251888
26.0669403
20.9378738
18.9267845
17.1420116
16.3669205
17.6652603
16.8726845
10.1284237
2.5278814
0.7206777
0.8915346
1.4037697
0.7431720
6.2168374
26.5008049
46.2569160
52.4674873
53.3148804
68.1149139
86.5331802
94.7911758
91.8346939
69.9923401
47.9656982
33.9336281
19.8018742
30.2132587
52.1172371
39.9818611
12.3532839
4.1023479
13.9885912
32.6495667
36.4644165
31.9592133
30.2554359
19.6197491
4.7642074
11.7576752
47.8457565
83.3401337
90.9919891
82.3926926
77.1239166
68.3917084
49.1460266
32.3659821
29.5777073
31.0030098
36.3711777
47.7295456
48.1196480
46.9834442
31.4328728
9.3354950
3.4736185
9.8434687
24.4604759
39.9083405
44.6795311
49.5103836
71.9299011
103.9117889
122.2922974
115.8159714
80.4570847
43.0213165
15.5226402
8.3394375
6.7200251
10.6886730
19.6744690
20.0711975
12.6405001
9.5053635
11.0462408
10.9425688
9.7051287
8.3373547
5.8324699
4.4510756
5.4062881
5.7019691
5.3575692
4.3188639
3.6963508
3.8486407
3.6832125
1.6663659
0.4837583
0.8085409
2.2126727
4.0654054
4.7208233
3.4082141
1.8351700
0.7245240
0.7685399
1.1213584
1.1243718
0.8337102
0.8734961
1.0769305
1.6285553
2.0581076
1.9913473
1.2550650
1.3311466
1.2569680
1.0254797
1.2299829
1.1817486
1.1648828
1.1223060
0.8687862
0.5749243
0.6272306
0.6558191
0.8379163
0.3415658
0.0666445
0.0030103
0.0018707
0.0000000
0.0000000
0.0000000
0.0000000
0.0000000
0.0000000
0.0000000
0.0000000
0.0000000
0.0000000
0.0000000
0.0000000
0.0000000
0.0000000
0.0000000
0.0000000
0.0000000
0.0000000
0.0000000
0.0000000
0.0000000
0.0000000
0.0000000
0.0000000
0.0000000
0.0000000
0.0000000
0.0000000
0.0000000
0.0000000
0.0000000
0.0000000
0.0000000
0.0000000
0.0000000
0.0000000
0.0000000
0.0000000
0.0000000
0.0000000
0.0000000
0.0000000
0.0000000
0.0000000
0.0000000
0.0000000
0.0000000
0.0000000
0.0000000
0.0000000
0.0000000
0.0000000
0.0000000
0.0000000
0.0000000
0.0000000
0.0000000
0.0000000
0.0000000
0.0000000
0.0000000
0.0000000
0.0000000
0.0000000
0.0000000
0.0000000
0.0000000
0.0000000
0.0000000
0.0000000
0.0000000
0.0000000
0.0000000
0.0000000
0.0000000
0.0000000
0.0000000
0.0000000
0.0000000
0.0000000
0.0000000
0.0000000
0.0000000
0.0000000
0.0000000
0.0000000
0.0000000
0.0000000
0.0000000
0.0000000
0.0000000
0.0000000
0.0000000
0.0000000
0.0000000
0.0000000
0.0000000
0.0000000
0.0000000
0.0000000
0.0000000
0.0000000
0.0000000
0.0000000
0.0000000
0.0000000
0.0000000
0.0000000
0.0000000
0.0000000
0.0000000
0.0000000
0.0000000
0.0000000
0.0000000
0.0000000
0.0000000
0.0000000
0.0000000
0.0000000
0.0000000
0.0000000
0.0000000
0.0000000
0.0000000
0.0000000
0.0000000
0.0000000
0.0000000
0.0000000
0.0000000
0.0000000
0.0000000
0.0000000
0.0000000
0.0000000
0.0000000
0.0000000
0.0000000
0.0000000
0.0000000
0.0000000
0.0000000
0.0000000
0.0000000
0.0000000
0.0000000
0.0000000
0.0075909
0.4326333
1.7422971
16.4069424
190.9645996
576.4622192
903.1430054
1024.6367188
922.7078857
675.0909424
278.7817078
55.8181076
29.4180984
28.5278740
35.5902328
77.0468597
264.4982300
541.8448486
704.9761963
589.6930542
434.5921326
484.2217407
514.1605835
452.6802979
229.2367554
129.1315613
109.0092697
61.9375687
23.7155228
64.9455338
165.0622711
144.6739655
65.9667435
41.1763878
36.4513779
63.9895477
200.5170898
349.7774658
340.4650574
153.2377014
20.7444496
15.7607298
85.0196991
209.0991058
263.0601501
184.9870911
92.4232254
67.8217010
51.7910690
37.4507179
53.5427437
93.1001740
67.2597809
41.7354126
37.6493988
107.0750427
102.8041382
73.8611069
45.4696007
27.5488396
48.3381195
112.4704590
142.8892517
140.7555847
127.1691437
91.1432953
43.6793137
29.9508343
10.0620241
2.3590374
1.5229113
6.5252194
48.1966362
116.0907593
129.5823212
103.8217316
97.3407822
102.1212616
90.0311127
66.4638672
61.1858025
60.5182266
37.5726814
16.0581875
8.5966282
56.9409523
170.9442749
264.5698853
297.9852295
242.6172028
137.7924652
33.4702225
8.0230885
0.9807344
6.5837603
33.4019928
45.9243393
37.1987724
48.9105873
69.5473099
83.1731033
77.6026382
62.5804443
31.9577179
15.9109011
47.2765350
129.9318237
182.9516144
172.9473267
169.4318237
144.9329376
106.6149673
53.2245903
15.4529724
1.6434107
4.1763821
18.7701416
37.2455482
52.6728973
52.2428207
46.0209198
38.7209778
32.1015625
28.5093155
28.8661594
23.4694443
14.7663183
6.6065340
2.1949415
0.7706000
0.5642089
4.0881643
14.9278908
9.5513525
3.9122634
13.3271599
40.5746536
57.9930573
43.9382095
22.0446014
7.4229779
2.1826642
0.4851851
1.0216017
5.6152134
13.0640736
10.0429955
6.0867472
6.4380474
8.2006836
11.7937641
36.2404251
81.7079773
129.5937958
184.5036163
228.4339447
188.4756165
70.6510696
12.1994123
0.7446332
0.3229243
0.2324723
0.3685096
10.6794567
44.2058067
90.7838593
111.6945572
87.8383713
87.0326157
180.0550842
304.9882812
310.4710388
225.7132111
133.7534027
66.8827896
95.1321411
108.3228149
158.2416534
175.0297546
103.7347031
53.0736961
39.3888855
26.2885818
22.7637043
39.1145744
82.7000656
128.3986511
160.5211945
158.3617554
138.3708801
100.9597778
72.8220367
109.0519791
260.3096924
296.8609924
193.8110809
56.7221184
18.4355087
22.2048798
72.7644958
108.1950378
76.2487488
41.6590271
55.1118584
52.2097740
33.5185547
23.7463169
27.8170071
29.3420086
24.2723389
22.9952698
47.9014816
84.4930420
72.4951401
32.5467682
10.5854111
3.3427923
2.3780613
4.3701901
4.7514324
5.8308563
18.5572109
37.7555351
44.5181808
30.5734711
20.8360500
29.7388191
99.9953156
220.8706207
299.2227783
279.5287170
206.5734558
120.6692963
69.4207916
53.5094337
67.4338150
71.1972046
33.0495262
9.4388056
1.8736916
0.4596173
0.3376838
0.3030168
0.4105693
1.3656132
2.7072961
3.3713422
5.7576013
6.7875376
3.0731649
0.6123633
0.6283658
0.5573859
2.2002823
11.3096085
21.7631569
31.8543072
40.7335358
43.3283081
48.7090836
65.4821091
83.2125244
92.5939484
84.6500854
66.6097717
55.4307632
52.4661522
46.6268463
32.5703773
32.3082619
42.0786629
43.4900589
32.4639206
23.6428738
13.3087397
10.5924730
9.2185364
6.3756256
12.2629414
34.1702652
56.3715210
43.3653412
36.5865517
56.0429955
91.0510559
104.1008530
78.9845200
39.5530777
25.0345879
22.4558125
32.4981232
49.4420128
69.7868576
63.2964096
41.5080185
23.3867149
20.9150677
13.8212757
9.3933897
10.0086870
8.1282454
5.5179501
22.7633896
46.8435974
48.8149681
28.9540749
7.8619151
2.4967430
5.1900740
19.8032455
33.6833267
32.7090492
21.6884098
19.0737572
33.9342270
45.4512100
36.5247498
21.5102272
16.4809990
12.3785906
10.0203905
12.5841055
18.5236092
24.5938492
33.9328308
35.0397987
23.9929428
10.5266829
3.6961033
3.7414799
6.0038910
18.2673702
32.1966743
31.4970970
18.4615993
9.0793591
4.5198178
0.9621667
0.1955458
0.1976144
0.0662684
0.0104026
0.0000616
0.0000000
0.0000000
0.0000000
0.0000000
0.0000000
0.0000000
0.0000000
0.0000000
0.0000000
0.0000000
0.0000000
0.0000000
0.0000000
0.0000000
0.0000000
0.0000000
0.0000000
0.0000000
0.0000000
0.0000000
0.0000000
0.0000000
0.0000000
0.0000000
0.0000000
0.0000000
0.0000000
0.0000000
0.0000000
0.0000000
0.0000000
0.0000000
0.0000000
0.0000000
0.0000000
0.0000000
0.0000000
0.0000000
0.0000000
0.0000000
0.0000000
0.0000000
0.0000000
0.0000000
0.0000000
0.0000000
0.0000000
0.0000000
0.0000000
0.0000000
0.0000000
0.0000000
0.0000000
0.0000000
0.0000000
0.0000000
0.0000000
0.0000000
0.0000000
0.0000000
0.0000000
0.0000000
0.0000000
0.0000000
0.0000000
0.0000000
0.0000000
0.0000000
0.0000000
0.0000000
0.0000000
0.0000000
0.0000000
0.0000000
0.0000000
0.0000000
0.0000000
0.0000000
0.0000000
0.0000000
0.0000000
0.0000000
0.0000000
0.0000000
0.0000000
0.0000000
0.0000000
0.0000000
0.0000000
0.0000000
0.0000000
0.0000000
0.0000000
0.0000000
0.0000000
0.0000000
0.0000000
0.0000000
0.0000000
0.0000000
0.0000000
0.0000000
0.0000000
0.0000000
0.0000000
0.0000000
0.0000000
0.0000000
0.0000000
0.0000000
0.0000000
0.0000000
0.0000000
0.0000000
0.0000000
0.0000000
0.0000000
0.0000000
0.0000000
0.0000000
0.0000000
0.0000000
0.0000000
0.0358383
0.5939207
4.2747784
9.3384495
9.6249313
6.0356994
17.3687096
65.9689865
143.8349152
201.8514557
188.4569855
128.7150726
98.7856522
82.8838806
62.5779381
42.7753716
22.4923458
6.2898173
3.3941975
17.0577698
56.4101639
107.8545609
113.8628235
107.6775208
91.4090805
85.0320129
107.2907867
160.6547699
211.7612915
202.8856964
187.6489716
161.5945435
118.0716095
65.2679138
18.9263477
1.8737233
3.1822615
17.9509430
45.1957550
95.8327332
124.7899170
121.2531967
94.7247849
91.3147125
137.6467743
185.2777252
166.5246887
82.1948929
27.7218933
6.7675843
0.8162372
0.5208341
5.3864770
29.4652309
86.6975861
157.0186157
187.0712128
159.7027588
100.8122101
61.0421638
48.8085060
40.6319656
44.3851509
40.2215195
24.1598568
40.9524574
44.4455490
34.8756256
27.9436646
9.4258423
1.1256149
1.4026339
10.5663061
33.8902168
62.1246872
80.6939850
75.9341736
52.7416229
29.5172119
19.7426414
9.0303068
6.9348698
18.2789173
30.1168365
26.5778694
9.3112011
16.6449490
60.6240921
137.1316681
194.7941895
201.2868805
175.5327301
142.6010895
107.2590485
71.3426590
57.6350937
96.4973068
114.5377884
90.1886597
36.1861305
16.3992138
16.3493137
20.9044495
38.7634315
90.4030914
129.6209106
98.7474518
52.2449799
11.7564335
2.2916603
1.3056931
0.4706265
0.2161283
0.3682752
20.5965939
59.3259163
72.2312088
58.3237305
56.4116096
77.4749069
97.2328796
120.9250717
128.3923798
116.1998215
79.7333374
33.3043213
20.6997299
27.0744400
58.0163689
50.6560593
25.1545048
11.9767714
6.5696607
4.6190586
5.9972658
21.8437786
63.5527725
102.1484528
104.5363007
80.7579956
55.8032379
40.5984421
46.3418198
38.2900314
29.0583801
41.1447449
25.5122852
7.1136103
9.5409040
12.2842312
14.1171665
26.1559982
40.9762344
46.0640488
44.2446976
33.1087112
20.5681381
20.4964218
9.1707335
4.3483377
3.1742079
7.5025244
26.3697205
50.8466339
61.6973495
55.6315842
45.1560936
29.5096855
23.5442162
19.1989098
13.2013102
8.0822582
16.5626965
37.7069283
71.0321350
95.4206467
82.6011047
47.3868103
32.7027702
24.7914696
23.6202888
24.4232521
14.0555286
6.1555157
5.4121122
4.9340882
5.4813299
14.8277140
20.9889202
25.8597546
36.3931351
42.9164886
44.0755692
38.0602684
27.6800499
15.1130857
6.7438641
2.7144921
0.7078198
0.3961932
0.3229685
0.6387551
0.7589803
1.0354900
1.1889546
1.8627237
9.8397579
27.8067741
43.2794685
48.4804459
45.7349663
35.6856308
21.5439987
8.6442947
4.0413351
2.8040662
4.4130440
6.5537968
8.5382643
8.3532076
6.1583204
4.3606195
4.0763216
5.5174661
6.3497205
4.5266685
2.0097828
0.8093134
0.4017408
0.2985394
0.1177892
0.0246544
0.0040320
0.0000582
0.0000000
0.0000000
0.0000000
0.0000000
0.0000000
0.0000000
0.0000000
0.0000000
0.0000000
0.0000000
0.0000000
0.0000000
0.0000000
0.0000000
0.0000000
0.0000000
0.0000000
0.0000000
0.0000000
0.0000000
0.0000000
0.0000000
0.0000000
0.0000000
0.0000000
0.0000000
0.0000000
0.0000000
0.0000000
0.0000000
0.0000000
0.0000000
0.0000000
0.0000000
0.0000000
0.0000000
0.0000000
0.0000000
0.0000000
0.0000000
0.0000000
0.0000000
0.0000000
0.0000000
0.0000000
0.0000000
0.0000000
0.0000000
0.0000000
0.0000000
0.0000000
0.0000000
0.0000000
0.0000000
0.0000000
0.0000000
0.0000000
0.0000000
0.0000000
0.0000000
0.0000000
0.0000000
0.0000000
0.0000000
0.0000000
0.0000000
0.0000000
0.0000000
0.0000000
0.0000000
0.0000000
0.0000000
0.0000000
0.0000000
0.0000000
0.0000000
0.0000000
0.0000000
0.0000000
0.0000000
0.0000000
0.0000000
0.0000000
0.0000000
0.0000000
0.0000000
0.0000000
0.0000000
0.0000000
0.0000000
0.0000000
0.0000000
0.0000000
0.0000000
0.0000000
0.0000000
0.0000000
0.0000000
0.0000000
0.0000000
0.0000000
0.0000000
0.0000000
0.0000000
0.0000000
0.0000000
0.0000000
0.0000000
0.0000000
0.0000000
0.0000000
0.0000000
0.0000000
0.0000000
0.0000000
0.0000000
0.0000000
0.0000000
0.0000000
0.0000000
0.0000000
0.0000000
0.0000000
0.0000000
0.0000000
0.0000000
0.0000000
0.0000000
0.0000000
0.0000000
0.0000000
0.0000000
0.0000000
0.0000000
0.0000000
0.0000000
0.0000000
0.0000000
0.0000000
0.0000000
0.0000000
0.0000000
0.0000000
0.0000000
0.0000000
0.0000000
0.0000000
0.0000000
0.0000000
0.0000000
0.0000000
0.0000000
0.0000000
0.0000000
0.0000000
0.0000000
0.0000000
0.0000000
0.0000000
0.0000000
0.0000000
0.0000000
0.0000000
0.0000000
0.0000000
0.0000000
0.0000000
0.0000000
0.0000000
0.0000000
0.0000000
0.0000000
0.0000000
0.0000000
0.0000000
0.0000000
0.0000000
0.0000000
0.0000000
0.0000000
0.0000000
0.0000000
0.0000000
0.0000000
0.0000000
0.0000000
0.0000000
0.0000000
0.0000000
0.0000000
0.0000000
0.0000000
0.0000000
0.0000000
0.0000000
0.0000000
0.0000000
0.0000000
0.0000000
0.0000000
0.0000000
0.0000000
0.0000000
0.0000000
0.0000000
0.0000000
0.0000000
0.0000000
0.0000000
0.0000000
0.0000000
0.0000000
0.0000000
0.0000000
0.0000000
0.0000000
0.0000000
0.0000000
0.0000000
0.0000000
0.0000000
0.0000000
0.0000000
0.0000000
0.0000000
0.0000000
0.0000000
0.0000000
0.0000000
0.0000000
0.0000000
0.0000000
0.0000000
0.0000000
0.0000000
0.0000000
0.0000000
0.0000000
0.0000000
0.0000000
0.0000000
0.0000000
0.0000000
0.0000000
0.0000000
0.0000000
0.0000000
0.0000000
0.0000000
0.0000000
0.0000000
0.0000000
0.0000000
0.0000000
0.0000000
0.0000000
0.0000000
0.0000000
0.0000000
0.0000000
0.0000000
0.0000000
0.0000000
0.0000000
0.0000000
0.0000000
0.0000000
0.0000000
0.0000000
0.0000000
0.0000000
0.0000000
0.0000000
0.0000000
0.0000000
0.0000000
0.0000000
0.0000000
0.0000000
0.0000000
0.0000000
0.0000000
0.0000000
0.0000000
0.0000000
0.0000000
0.0000000
0.0000000
0.0000000
0.0123353
0.2639410
0.7877527
1.2170699
6.2875404
22.0895805
47.3247452
82.9375839
140.3368225
207.7168884
246.6361542
251.2429352
247.9578857
233.0062408
187.5627289
144.2410736
91.9030533
39.4751053
18.0333042
26.1248016
30.1863003
26.2907257
21.3234005
18.4020424
17.3039284
14.3268948
8.0945311
3.7061110
0.6741057
0.7362953
7.6809220
22.2663078
34.2867699
66.3180237
129.0807495
168.9320068
145.5484009
113.6777496
97.8578568
97.4525223
129.8313293
138.6855164
90.6853867
64.5965271
66.2226562
84.1868057
92.2615128
71.4866638
40.5926781
31.8562889
13.0805712
1.9502673
19.6406422
62.4042358
96.4254608
107.0543823
125.4552612
159.4073181
149.5831299
113.8272552
87.3942490
74.8419876
42.9998283
43.7404175
46.1511269
45.3334503
46.9204369
60.7400780
80.8677750
78.9844971
76.7848511
68.4454803
60.2220001
57.7809219
50.8431587
46.7044716
43.5945320
38.6129303
36.0776291
38.0844040
34.9321899
34.9450378
103.9240646
215.8773041
263.5767517
235.7522888
200.8303223
151.6596222
91.5987396
129.6093903
145.0807495
99.1396408
51.1609993
69.7312546
125.6979446
139.2473297
104.7618103
79.9294891
78.0597687
84.2783737
98.2561798
84.7695084
40.3022461
9.6543722
3.3740749
1.5164903
0.5134380
1.7189099
16.5944576
72.0531464
148.2087860
173.7408447
133.0362396
99.6185303
95.9342651
97.1601715
98.5080490
92.5759354
80.7059479
55.6935539
25.9790535
31.4727650
43.5375061
36.3292809
17.3288078
6.2176600
3.4092920
7.5700798
36.1532059
84.8626404
108.9844055
96.6046143
60.4893265
35.3991241
31.6702156
36.4824524
22.9450760
25.2436161
33.0618248
26.6498833
13.4615240
23.8574848
38.0668869
37.8043327
31.2238560
35.1719322
36.3535576
26.0304489
15.7004881
10.4684963
29.7252026
37.4734001
38.4939346
31.3422928
20.0617714
7.4150686
3.4166868
14.1957712
22.6882763
29.8886433
28.8009586
25.4574299
19.6853600
15.1794510
14.1656590
17.4790173
32.1569443
56.9225044
75.8530273
83.9152145
76.7126083
64.3595810
49.8254509
63.1108894
75.0488586
52.6103592
23.2144775
8.2882357
1.7508813
0.9483395
1.3643882
1.9394310
2.7940602
24.0573902
70.4471893
102.6932144
97.2640991
74.8843536
65.1327896
59.5274506
47.0930176
38.7471886
55.9270973
74.6857834
57.6728325
20.9593487
31.1084499
55.4144974
37.7002869
35.3517838
23.4293480
24.4794331
43.8282089
64.2764206
60.7054520
34.1277122
14.9570446
7.9047103
1.7629354
2.3476987
6.3456392
11.1551886
9.9364891
15.6652184
37.1782722
55.6192474
52.6013718
51.1711502
77.6288986
108.8360367
115.2098999
93.4406967
66.5735016
37.5183487
12.8615513
2.7496443
9.1002893
33.0615845
75.2539368
74.3118744
41.4454765
23.5053329
24.1309223
28.6208267
28.8551254
39.0234604
57.2504807
62.8858299
53.2604065
45.5633812
34.0937958
32.1774139
39.9429779
37.5783348
24.2555332
24.4690666
34.3446922
31.7639847
23.1432457
15.4615889
15.2438564
22.0433750
19.6738892
27.3312187
27.1748333
14.5406914
2.8408074
1.3216020
20.5697117
64.7262955
89.1932526
62.5586853
27.2173843
11.0413513
10.2842379
13.2062607
19.3392925
40.7181282
66.8266525
88.6787491
95.3569946
74.5290298
30.6092415
4.8221035
2.7632542
1.6466837
3.2402627
25.5532017
47.3351440
49.8434410
40.1437302
24.5034542
11.4202976
6.6683979
3.7830980
1.4830838
1.7710302
8.6087713
24.7764893
28.5646133
17.8710232
9.8463726
7.2063346
10.4735174
8.0625410
6.8662758
6.6435823
4.0836253
2.6744757
5.1239920
8.8393154
17.5901222
27.5667324
37.2921867
42.4248619
39.0704193
27.3127918
13.4705925
6.2365379
4.5377731
2.1583385
3.7657454
5.8687296
6.3096595
4.8871775
3.4974341
2.7627439
2.1613984
1.9215456
1.2367569
0.5414249
0.2464695
0.0646977
0.0060567
0.0006737
0.0000000
0.0000000
0.0000000
0.0000000
0.0000000
0.0000000
0.0000000
0.0000000
0.0000000
0.0000000
0.0000000
0.0000000
0.0000000
0.0000000
0.0000000
0.0000000
0.0000000
0.0000000
0.0000000
0.0000000
0.0000000
0.0000000
0.0000000
0.0000000
0.0000000
0.0000000
0.0000000
0.0000000
0.0000000
0.0000000
0.0000000
0.0000000
0.0000000
0.0000000
0.0000000
0.0000000
0.0000000
0.0000000
0.0000000
0.0000000
0.0000000
0.0000000
0.0000000
0.0000000
0.0000000
0.0000000
0.0000000
0.0000000
0.0000000
0.0000000
0.0000000
0.0000000
0.0000000
0.0000000
0.0000000
0.0000000
0.0000000
0.0000000
0.0000000
0.0000000
0.0000000
0.0000000
0.0000000
0.0000000
0.0000000
0.0000000
0.0000000
0.0000000
0.0000000
0.0000000
0.0000000
0.0000000
0.0000000
0.0000000
0.0000000
0.0000000
0.0000000
0.0000000
0.0000000
0.0000000
0.0000000
0.0000000
0.0000000
0.0000000
0.0000000
0.0000000
0.0000000
0.0000000
0.0000000
0.0000000
0.0000000
0.0000000
0.0000000
0.0000000
0.0000000
0.0000000
0.0000000
0.0000000
0.0000000
0.0000000
0.0000000
0.0000000
0.0000000
0.0000000
0.0000000
0.0000000
0.0000000
0.0000000
0.0000000
0.0000000
0.0000000
0.0000000
0.0000000
0.0000000
0.0000000
0.0000000
0.0000000
0.0000000
0.0000000
0.0000000
0.0000000
0.0000000
0.0000000
0.0000000
0.0000000
0.0000000
0.0000000
0.0000000
0.0000000
0.0000000
0.0000000
0.0000000
0.0000000
0.0000000
0.0000000
0.0000000
0.0000000
0.0000000
0.0000000
0.0000000
0.0000000
0.0000000
0.0000000
0.0000000
0.0000000
0.0000000
0.0000000
0.0000000
0.0000000
0.0000000
0.0000000
0.0000000
0.0000000
0.0000000
0.0000000
0.0000000
0.0000000
0.0000000
0.0000000
0.0000000
0.0000000
0.0000000
0.0000000
0.0000000
0.0000000
0.0000000
0.0000000
0.0000000
0.0000000
0.0000000
0.0000000
0.0000000
0.0000000
0.0000000
0.0000000
0.0000000
0.0000000
0.0000000
0.0000000
0.0000000
0.0000000
0.0000000
0.0000000
0.0000000
0.0000000
0.0000000
0.0000000
0.0000000
0.0000000
0.0000000
0.0000000
0.0000000
0.0000000
0.0000000
0.0000000
0.0000000
0.0000000
0.0000000
0.0000000
0.0000000
0.0000000
0.0000000
0.0000000
0.0000000
0.0000000
0.0000000
0.0000000
0.0000000
0.0000000
0.0000000
0.0000000
0.0000000
0.0000000
0.0000000
0.0000000
0.0000000
0.0000000
0.0000000
0.0000000
0.0000000
0.0000000
0.0000000
0.0000000
0.0000000
0.0000000
0.0000000
0.0000000
0.0283431
0.4048938
1.1205536
1.6229076
1.6065077
1.4290838
3.0212994
6.7508092
18.9716702
69.1326447
147.3356476
196.2615356
218.9846191
256.8346252
255.5225983
172.6841278
72.1639252
44.2432327
64.8291702
143.9578857
192.5638123
175.8633881
138.5411682
95.8333511
55.2878342
64.8006897
68.4176025
74.6780319
60.6331444
40.8265724
29.5448399
22.1686592
54.7788849
145.7313690
231.5872345
249.8766785
230.1265259
188.1465149
106.4356079
46.8561783
15.4900684
13.5052967
34.7913589
96.8741455
89.6689377
67.0857086
37.3174171
23.8531075
19.3384895
20.6659489
26.5202637
30.7305717
28.4342861
25.8786526
27.2907543
28.8880939
27.0273628
21.0493355
18.6545868
15.5270977
9.5963268
6.2674036
10.7319698
28.0254707
46.5182724
52.2500916
44.5741692
25.5775490
13.5611401
17.9222984
36.5974045
42.9005623
31.7368679
27.3169003
46.0629959
64.6987534
57.1889687
37.0281525
26.4277382
16.4105721
14.1036959
22.6466675
16.9697590
6.2553973
2.2335732
4.4298010
8.7457647
13.2512741
17.8632774
17.3895035
28.9865875
58.3913956
79.8428421
72.6485062
55.1137581
38.8095474
22.1985130
11.4006567
2.0365536
2.3246937
5.8259878
8.0067739
5.3404117
0.7455305
7.9650459
42.5314369
99.8679352
140.6843567
133.7624512
99.0621948
61.6153069
28.7238045
13.4440851
5.3789845
15.0697145
30.9989548
38.4275131
34.9132042
25.4286385
15.5743008
22.6133423
46.0317497
61.5277481
51.4458122
37.1959839
30.0032654
22.2586422
15.2580986
13.2876549
27.6934586
34.3106003
38.8159866
39.6608315
34.0869408
27.9606743
18.2428474
18.1132812
20.3129768
12.3509769
3.2611554
0.6955261
0.3185771
2.7049754
24.9505806
42.4733772
42.6435738
42.1024704
48.2662506
57.7778625
63.4273376
46.7142220
24.4185295
12.3939667
6.7233624
1.0557061
1.7724786
6.2454166
11.1635237
9.2927866
3.4786010
2.1573458
2.7067332
3.7867568
3.3727756
3.5843949
19.8509827
71.2212753
124.9218750
137.7614136
106.3545303
69.5663986
44.4230118
30.3166866
32.0532646
41.8088875
44.3191185
37.3390846
31.8832855
50.1091423
70.4397888
62.1008339
37.0913010
68.0377579
67.7509079
49.3108864
28.8134937
61.9902496
71.8711395
48.2745399
31.1828728
24.6463184
13.9157295
4.4394555
1.0995256
0.6145784
0.5779197
0.4951179
0.3884578
0.4112080
0.4052569
0.5290890
0.6340684
5.1035309
30.4220524
80.3993912
128.1541901
140.5347900
116.4897690
99.6219559
120.6557617
157.2598572
157.5346222
129.0701141
98.6186905
63.8207359
27.2669220
11.2074156
8.3832226
4.2945895
9.9028549
37.9241486
62.9049606
65.4405518
61.9422188
55.4730759
50.7420464
43.1642380
26.0998764
16.0586853
26.0826244
39.9873466
41.3382912
39.0820541
31.3150139
27.2377892
23.8505287
20.6125336
21.6461201
42.4832611
94.8482132
136.1285400
136.2929535
103.8444290
68.8656616
44.1724739
43.0014496
53.8888931
57.5659752
43.4988556
25.6774082
11.0437040
13.2108831
13.4783697
7.9821296
3.2933729
3.3094158
3.9256275
4.4293351
4.5803652
3.0465267
1.8245943
1.5299828
4.6345592
9.1198254
13.0074930
12.1785393
4.0726032
0.8824318
2.4191947
3.9351277
4.6585016
3.5193141
3.1882198
3.6125798
4.5774145
4.7151518
4.7926660
14.7161903
43.0393944
69.7779160
68.2053146
38.5144272
14.1959000
16.4146557
19.3173695
20.1778831
16.4033108
13.9540768
13.7282419
29.1355095
67.8628159
102.1234894
95.1637802
50.0827484
11.5119448
1.9168669
3.4318485
20.3143921
38.7893448
41.7671013
34.0787430
37.1467400
69.2949295
91.2261963
80.8059540
52.8473511
24.9000359
12.3289652
8.6946850
7.5950270
6.7033257
16.9825630
36.4656105
38.3334846
28.3404350
15.1570463
3.4795659
4.2106724
9.8118734
24.3344460
41.7344627
46.2800217
35.2294083
21.0294018
14.8324070
14.6126118
26.6009731
41.8644791
47.2048912
39.4558258
27.0612392
15.8960524
11.3130741
7.9648643
4.3873305
6.0377254
16.3775120
25.2077999
25.5875111
23.0911942
23.6067047
20.3243027
15.0157471
15.1600847
20.9650650
34.1593513
58.2414246
66.7715912
47.2491188
20.1520538
6.0982714
2.1847250
0.7612370
0.4742541
0.4330145
0.4254634
0.1484920
0.0774255
0.0196898
0.0012717
0.0000000
0.0000000
0.0000000
0.0000000
0.0000000
0.0000000
0.0000000
0.0000000
0.0000000
0.0000000
0.0000000
0.0000000
0.0000000
0.0000000
0.0000000
0.0000000
0.0000000
0.0000000
0.0000000
0.0000000
0.0000000
0.0000000
0.0000000
0.0000000
0.0000000
0.0000000
0.0000000
0.0000000
0.0000000
0.0000000
0.0000000
0.0000000
0.0000000
0.0000000
0.0000000
0.0000000
0.0000000
0.0000000
0.0000000
0.0000000
0.0000000
0.0000000
0.0000000
0.0000000
0.0000000
0.0000000
0.0000000
0.0000000
0.0000000
0.0000000
0.0000000
0.0000000
0.0000000
0.0000000
0.0000000
0.0000000
0.0000000
0.0000000
0.0000000
0.0000000
0.0000000
0.0000000
0.0000000
0.0000000
0.0000000
0.0000000
0.0000000
0.0000000
0.0000000
0.0000000
0.0000000
0.0000000
0.0000000
0.0000000
0.0000000
0.0000000
0.0000000
0.0000000
0.0000000
0.0000000
0.0000000
0.0000000
0.0000000
0.0000000
0.0000000
0.0000000
0.0000000
0.0000000
0.0000000
0.0000000
0.0000000
0.0000000
0.0000000
0.0000000
0.0000000
0.0000000
0.0000000
0.0000000
0.0000000
0.0000000
0.0000000
0.0000000
0.0000000
0.0000000
0.0000000
0.0000000
0.0000000
0.0000000
0.0000000
0.0000000
0.0000000
0.0000000
0.0000000
0.0000000
0.0000000
0.0000000
0.0000000
0.0000000
0.0000000
0.0000000
0.0000000
0.0000000
0.0000000
0.0000000
0.0000000
0.0000000
0.0000000
0.0000000
0.0000000
0.0000000
0.0000000
0.0000000
0.0000000
0.0000000
0.0000000
0.0000000
0.0000000
0.0000000
0.0000000
0.0000000
0.0000000
0.0000000
0.0000000
0.0000000
0.0000000
0.0000000
0.0000000
0.0000000
0.0000000
0.0000000
0.0000000
0.0000000
0.0000000
0.0000000
0.0000000
0.0000000
0.0000000
0.0000000
0.0000000
0.0000000
0.0000000
0.0000000
0.0000000
0.0000000
0.0000000
0.0000000
0.0000000
0.0000000
0.0000000
0.0000000
0.0000000
0.0000000
0.0000000
0.0000000
0.0000000
0.0000000
0.0000000
0.0000000
0.0000000
0.0000000
0.0000000
0.0000000
0.0000000
0.0000000
0.0000000
0.0000000
0.0000000
0.0000000
0.0000000
0.0000000
0.0000000
0.0000000
0.0000000
0.0000000
0.0000000
0.0000000
0.0000000
0.0000000
0.0000000
0.0000000
0.0000000
0.0000000
0.0000000
0.0000000
0.0000000
0.0000000
0.0000000
0.0000000
0.0000000
0.0000000
0.0000000
0.0000000
0.0000000
0.0000000
0.0000000
0.0000000
0.0000000
0.0000000
0.0000000
0.0000000
0.0000000
0.0000000
0.0000000
0.0000000
0.0000000
0.0000000
0.0000000
0.0000000
0.0000000
0.0000000
0.0000000
0.0000000
0.0000000
0.0000000
0.0000000
0.0000000
0.0000000
0.0000000
0.0000000
0.0000000
0.0000000
0.0000000
0.0000000
0.0000000
0.0000000
0.0000000
0.0000000
0.0000000
0.0000000
0.0000000
0.0000000
0.0000000
0.0000000
0.0000000
0.0000000
0.0000000
0.0000000
0.0000000
0.0000000
0.0000000
0.0000000
0.0000000
0.0000000
0.0000000
0.0000000
0.0000000
0.0000000
0.0000000
0.0000000
0.0000000
0.0000000
0.0000000
0.0000000
0.0000000
0.0000000
0.0000000
0.0000000
0.0000000
0.0000000
0.0000000
0.0111944
0.3478247
1.2293350
2.2507794
2.9176390
3.1229808
2.9798691
2.6512291
2.3180907
1.9927627
2.1212814
2.3961046
2.4822974
1.7291070
0.7128471
0.5302515
5.0080261
18.6181755
46.3850479
86.1115646
112.0591431
112.0923767
104.3457260
93.4146042
75.8023605
53.2529793
33.8866463
30.7581406
55.1790810
79.8460159
74.0411758
47.9208832
23.6740303
13.8469572
32.4711571
44.6726456
33.3362541
23.0857143
30.0415287
62.7871742
116.0507889
143.6752319
154.8407288
132.1858368
94.1518250
81.5930634
56.4488792
42.8594933
23.9873085
8.5510454
8.4984159
15.2559223
36.7687950
80.6905289
112.0453339
99.2850342
62.4091911
37.0104256
50.6240807
61.6224594
48.9751663
29.8585453
28.4122734
65.0808563
103.2248001
89.2024155
48.6742554
28.0356216
33.0396805
20.4069366
15.4478245
31.6118259
54.7421265
87.6364288
105.7875748
83.0611267
47.4162292
25.5266266
17.4577541
12.6950264
10.2208109
21.5106277
28.4987049
27.0086536
27.4769096
27.6337299
33.0459747
50.8511810
63.6885185
50.8192520
28.3316631
53.0538826
100.7581787
108.2667389
76.6070480
41.7097244
18.9980392
3.9375675
2.5561180
15.3790522
24.5423431
21.5858860
17.6285992
18.2894764
12.7286501
9.5467978
18.8504276
35.0970917
46.8952217
55.4606323
48.1151237
30.5320034
12.5162706
7.0582604
2.4341896
8.3220606
33.5851860
59.6438332
52.0977058
43.4881783
49.4457436
54.8500023
51.1489296
39.5191956
43.5824966
78.6911316
114.5471573
131.2019348
120.4313278
72.4721298
20.0904446
8.0151310
19.3675747
40.0653534
50.2980537
46.4050446
39.5546074
52.6455307
75.5016403
73.6132584
50.7198601
36.4062462
23.3073883
31.3973579
36.5387459
50.3067627
40.2113266
13.9057274
5.6097021
5.5900555
10.9612370
15.9641418
17.5989723
29.5508900
52.0580521
66.2323532
51.1707191
34.2492409
28.2976875
16.2035370
3.9208128
0.5371902
1.7271842
11.0557404
22.8231525
35.3290215
70.6120300
102.7520447
85.9291687
41.4249458
20.8781414
17.9118309
19.7128201
17.9694061
13.7564621
10.5542078
9.5844498
20.6440086
63.5627899
105.3524170
103.4377747
71.6991196
46.2667999
36.5948792
27.0654659
21.8526592
19.0954685
20.9558334
17.9170361
10.4333467
10.8530684
8.0048809
2.3755198
3.4551899
23.6593456
71.6765518
92.9737244
71.0273514
46.1922417
24.9401398
19.0902061
21.1098042
36.6766167
53.1408272
59.5508957
44.0784492
16.0479202
2.8508580
4.0555234
34.8287201
97.4151535
153.7261963
163.9098816
125.9473572
92.5511246
80.5166245
89.0080490
99.4267120
80.6402206
33.6489563
6.3705382
8.2475395
25.9231987
44.0507812
55.0744743
72.3063889
89.4252625
85.5065536
65.5683212
67.8101730
70.1464996
56.4642944
36.4194450
20.8264256
33.5232124
68.6325912
88.8744507
75.7063217
40.5290337
19.1932507
9.3755741
6.1735754
1.2813482
2.5103669
11.0277796
21.2264442
23.5687447
21.5995579
20.1226044
16.6236839
6.3241377
0.7294680
9.1671772
43.3654518
78.8340988
88.4921799
75.9608841
55.9987831
36.6837273
23.0391293
15.5137634
9.8353157
4.7705164
1.7306911
2.4768252
10.1461420
26.2788849
38.7392082
42.2683144
45.6444969
36.5705261
16.5686207
22.5387211
48.7103882
51.3929062
27.3830299
3.5164251
3.6258254
13.5383539
37.2179413
42.1789322
22.9958992
9.7810574
4.7656665
3.8770912
2.4922428
8.7882776
15.6703215
11.8167973
11.7897100
15.9833889
13.0427637
7.8255119
6.7562928
6.5565238
4.6243734
4.7076235
5.3372107
7.1904182
12.2424030
26.7482147
42.1509705
47.0830460
40.0564728
27.2357712
14.8706827
6.1661425
6.3492875
7.5999246
12.7159061
21.2887878
28.2946587
23.9469566
12.5701466
3.7968869
1.1027937
1.5741591
11.7750912
32.0349236
47.2815666
49.5663643
46.2950401
49.1974678
40.8670731
18.8238640
4.6139550
2.9143252
6.8599129
13.2984600
18.6176014
16.8422852
11.4352198
8.2592430
9.4378872
12.8194828
12.8334217
8.8004704
4.3874083
2.2092152
1.8141577
1.4447623
0.8921037
0.4564161
0.3703279
0.3566791
0.1436429
0.0279531
0.0010075
0.0000000
0.0000000
0.0000000
0.0000000
0.0000000
0.0000000
0.0000000
0.0000000
0.0000000
0.0000000
0.0000000
0.0000000
0.0000000
0.0000000
0.0000000
0.0000000
0.0000000
0.0000000
0.0000000
0.0000000
0.0000000
0.0000000
0.0000000
0.0000000
0.0000000
0.0000000
0.0000000
0.0000000
0.0000000
0.0000000
0.0000000
0.0000000
0.0000000
0.0000000
0.0000000
0.0000000
0.0000000
0.0000000
0.0000000
0.0000000
0.0000000
0.0000000
0.0000000
0.0000000
0.0000000
0.0000000
0.0000000
0.0000000
0.0000000
0.0000000
0.0000000
0.0000000
0.0000000
0.0000000
0.0000000
0.0000000
0.0000000
0.0000000
0.0000000
0.0000000
0.0000000
0.0000000
0.0000000
0.0000000
0.0000000
0.0000000
0.0000000
0.0000000
0.0000000
0.0000000
0.0000000
0.0000000
0.0000000
0.0000000
0.0000000
0.0000000
0.0000000
0.0000000
0.0000000
0.0000000
0.0000000
0.0000000
0.0000000
0.0000000
0.0000000
0.0000000
0.0000000
0.0000000
0.0000000
0.0000000
0.0000000
0.0000000
0.0000000
0.0000000
0.0000000
0.0000000
0.0000000
0.0000000
0.0000000
0.0000000
0.0000000
0.0000000
0.0000000
0.0000000
0.0000000
0.0000000
0.0000000
0.0000000
0.0000000
0.0000000
0.0000000
0.0000000
0.0000000
0.0000000
0.0000000
0.0000000
0.0000000
0.0000000
0.0000000
0.0000000
0.0000000
0.0000000
0.0000000
0.0000000
0.0000000
0.0000000
0.0000000
0.0000000
0.0000000
0.0000000
0.0000000
0.0000000
0.0000000
0.0000000
0.0000000
0.0000000
0.0000000
0.0000000
0.0000000
0.0000000
0.0000000
0.0000000
0.0000000
0.0000000
0.0000000
0.0000000
0.0000000
0.0000000
0.0000000
0.0000000
0.0000000
0.0000000
0.0000000
0.0000000
0.0000000
0.0000000
0.0000000
0.0000000
0.0000000
0.0000000
0.0000000
0.0000000
0.0000000
0.0000000
0.0000000
0.0000000
0.0000000
0.0000000
0.0000000
0.0000000
0.0000000
0.0000000
0.0000000
0.0000000
0.0000000
0.0000000
0.0000000
0.0000000
0.0000000
0.0000000
0.0000000
0.0000000
0.0000000
0.0000000
0.0000000
0.0000000
0.0000000
0.0000000
0.0000000
0.0000000
0.0000000
0.0000000
0.0000000
0.0000000
0.0000000
0.0000000
0.0000000
0.0000000
0.0000000
0.0000000
0.0000000
0.0000000
0.0000000
0.0000000
0.0000000
0.0000000
0.0000000
0.0000000
0.0000000
0.0000000
0.0000000
0.0000000
0.0000000
0.0000000
0.0000000
0.0000000
0.0000000
0.0000000
0.0000000
0.0000000
0.0000000
0.0000000
0.0000000
0.0000000
0.0000000
0.0000000
0.0000000
0.0000000
0.0000000
0.0000000
0.0000000
0.0000000
0.0000000
0.0000000
0.0000000
0.0000000
0.0000000
0.0000000
0.0000000
0.0000000
0.0000000
0.0000000
0.0000000
0.0000000
0.0000000
0.0000000
0.0000000
0.0000000
0.0000000
0.0000000
0.0000000
0.0000000
0.0000000
0.0000000
0.0000000
0.0000000
0.0000000
0.0000000
0.0000000
0.0000000
0.0000000
0.0000000
0.0000000
0.0000000
0.0000000
0.0000000
0.0000000
0.0000000
0.0000000
0.0000000
0.0000000
0.0000000
0.0000000
0.0000000
0.0126366
0.4660192
1.6875949
2.9171805
3.2259712
2.7395682
2.7418709
4.0433030
5.9327617
6.1111732
5.1692524
4.8942561
3.9314196
0.9901590
0.3421456
0.7282194
8.1004295
26.0995007
37.0014877
52.6208267
88.1454391
136.3447418
166.5876770
160.8720245
151.0154266
128.7813416
119.9393768
186.9383545
250.0661774
249.0737152
231.1758118
184.4910278
129.1591187
39.2131233
162.8303833
202.4046173
138.9537811
92.9769745
64.2993469
35.4141006
12.2018528
6.8998070
7.9033022
9.7164078
57.0817299
125.8251038
158.1205750
146.8113708
124.4305573
93.3140793
66.7816620
30.7951431
18.2026539
13.9623623
23.3667145
41.0976906
35.9733238
26.0151043
16.2446156
13.9740009
20.7450771
31.7595177
41.9738197
52.0956879
60.6818314
60.9758415
68.4954147
97.4994125
128.2622833
136.5230865
98.0790558
81.1008377
62.3651047
41.8847275
29.4068604
20.1415081
34.6794243
65.6229553
87.8279419
76.1875992
58.3447838
47.0608139
42.9002342
46.3587532
56.2405739
48.4091110
28.9160614
20.0316658
18.1396084
28.4483738
54.2752495
78.0830536
85.8056335
78.8038025
62.6107483
39.8115807
24.0669804
31.1714897
69.3920593
100.1280060
77.2108536
39.0919380
18.0241356
9.9083061
8.5488281
29.3321438
90.3045197
130.9858551
99.1054382
52.2325935
17.9296474
17.4364605
39.7239685
80.8214340
94.0473633
59.5543480
21.6903114
6.2004547
0.4838561
3.1067462
13.4921951
25.6911583
45.0022049
74.0074463
100.6011658
111.3813171
89.3392639
54.7510986
21.0268745
8.3163662
2.1532149
7.3115416
15.6401472
7.7106099
1.5790038
0.6532110
13.7258272
71.6054916
115.7029648
105.3361130
63.6426010
41.5466995
26.7327347
23.4330540
26.0192890
19.5030079
7.0182543
5.3767099
11.0003633
24.4297810
24.2526913
23.3762093
43.3504257
58.2428780
52.6988678
28.3463497
33.1941986
84.3826065
127.6373978
134.7149200
120.5680618
94.8799286
57.3170433
36.2934532
23.5555420
12.1581087
4.5990129
1.9654105
3.7137618
10.5527821
21.4868965
27.3328247
28.8529549
25.1599293
26.2453442
44.6868706
70.3920364
87.5648422
90.1353760
69.5810089
51.4673271
46.9962616
48.3979301
41.1605453
19.5040627
7.7210217
10.2870827
15.8316097
16.6850090
14.2766228
10.4408827
8.1105471
7.3892984
6.7256107
4.9848480
2.8861637
1.6694467
1.0692203
0.7760843
0.3762249
0.1178717
0.1011901
0.0516028
0.0103925
0.0005516
0.0000000
0.0000000
0.0000000
0.0000000
0.0000000
0.0000000
0.0000000
0.0000000
0.0000000
0.0000000
0.0000000
0.0000000
0.0000000
0.0000000
0.0000000
0.0000000
0.0000000
0.0000000
0.0000000
0.0000000
0.0000000
0.0000000
0.0000000
0.0000000
0.0000000
0.0000000
0.0000000
0.0000000
0.0000000
0.0000000
0.0000000
0.0000000
0.0000000
0.0000000
0.0000000
0.0000000
0.0000000
0.0000000
0.0000000
0.0000000
0.0000000
0.0000000
0.0000000
0.0000000
0.0000000
0.0000000
0.0000000
0.0000000
0.0000000
0.0000000
0.0000000
0.0000000
0.0000000
0.0000000
0.0000000
0.0000000
0.0000000
0.0000000
0.0000000
0.0000000
0.0000000
0.0000000
0.0000000
0.0000000
0.0000000
0.0000000
0.0000000
0.0000000
0.0000000
0.0000000
0.0000000
0.0000000
0.0000000
0.0000000
0.0000000
0.0000000
0.0000000
0.0000000
0.0000000
0.0000000
0.0000000
0.0000000
0.0000000
0.0000000
0.0000000
0.0000000
0.0000000
0.0000000
0.0000000
0.0000000
0.0000000
0.0000000
0.0000000
0.0000000
0.0000000
0.0000000
0.0000000
0.0000000
0.0000000
0.0000000
0.0000000
0.0000000
0.0000000
0.0000000
0.0000000
0.0000000
0.0000000
0.0000000
0.0000000
0.0000000
0.0000000
0.0000000
0.0000000
0.0000000
0.0000000
0.0000000
0.0000000
0.0000000
0.0000000
0.0000000
0.0000000
0.0000000
0.0000000
0.0000000
0.0000000
0.0000000
0.0000000
0.0000000
0.0000000
0.0000000
0.0000000
0.0000000
0.0000000
0.0000000
0.0000000
0.0000000
0.0000000
0.0000000
0.0000000
0.0000000
0.0000000
0.0000000
0.0000000
0.0000000
0.0000000
0.0000000
0.0000000
0.0000000
0.0000000
0.0000000
0.0000000
0.0000000
0.0000000
0.0000000
0.0000000
0.0000000
0.0000000
0.0000000
0.0000000
0.0000000
0.0000000
0.0000000
0.0000000
0.0000000
0.0000000
0.0000000
0.0000000
0.0000000
0.0000000
0.0000000
0.0000000
0.0000000
0.0000000
0.0000000
0.0000000
0.0000000
0.0000000
0.0000000
0.0000000
0.0000000
0.0000000
0.0000000
0.0000000
0.0000000
0.0000000
0.0000000
0.0000000
0.0000000
0.0000000
0.0000000
0.0000000
0.0000000
0.0000000
0.0000000
0.0000000
0.0000000
0.0000000
0.0000000
0.0000000
0.0000000
0.0000000
0.0000000
0.0000000
0.0000000
0.0000000
0.0000000
0.0000000
0.0000000
0.0000000
0.0000000
0.0000000
0.0000000
0.0000000
0.0000000
0.0000000
0.0000000
0.0000000
0.0000000
0.0000000
0.0000000
0.0000000
0.0000000
0.0000000
0.0000000
0.0000000
0.0000000
0.0000000
0.0000000
0.0000000
0.0000000
0.0000000
0.0000000
0.0000000
0.0000000
0.0000000
0.0000000
0.0000000
0.0000000
0.0000000
0.0000000
0.0000000
0.0000000
0.0000000
0.0000000
0.0000000
0.0000000
0.0000000
0.0000000
0.0000000
0.0000000
0.0000000
0.0000000
0.0000000
0.0000000
0.0000000
0.0000000
0.0000000
0.0000000
0.0000000
0.0000000
0.0000000
0.0000000
0.0000000
0.0000000
0.0000000
0.0000000
0.0000000
0.0000000
0.0000000
0.0000000
0.0000000
0.0146770
0.4633515
1.7777132
3.4010451
4.5047092
4.9897394
5.3097920
5.9694085
7.7371273
8.8083277
7.5901670
4.7209759
2.1149759
1.0492859
0.6370639
0.5522067
2.5408134
12.6095467
27.4405708
41.9438591
53.4660721
64.8623657
70.3222809
59.4984550
45.3832893
76.4198914
153.3541412
232.9402466
247.7394257
266.3031311
312.6058960
379.4441223
394.7111206
325.4130554
233.0014648
159.5667877
115.8545761
97.8546600
89.7504501
66.4204636
31.6780357
115.4533463
161.3175812
157.8023376
138.8348846
118.2476044
113.7251968
96.2136536
74.0704956
44.2610779
30.8055611
24.7882538
19.6572113
8.8843689
6.7777333
37.7568245
107.7884903
146.0227203
136.5476074
112.1635895
84.3109283
58.3091011
32.6494484
11.9052153
7.3968430
13.5523424
31.4667244
64.8711319
83.9800034
61.8443909
26.8576355
9.2840405
1.6943262
9.3228331
30.2911263
53.4638329
87.0363693
113.8136215
135.3023071
137.1102905
103.2638931
62.3294830
45.7449684
36.0149803
47.8013763
56.2692070
37.1227226
18.5103378
23.1625843
42.0202751
50.3602905
52.6483917
40.5931015
34.3003006
33.0471725
37.7012787
27.6143150
39.7809296
48.2763100
33.6412506
15.0928602
36.3959694
34.2765388
15.5758591
35.2406578
36.9834557
22.6971531
16.8271065
14.0157080
1.4956679
0.3959888
0.8369778
18.1282501
84.7771072
128.0020142
131.5125580
108.7311478
71.5526199
41.1525879
29.2321663
41.1644783
57.4886818
33.4670753
11.1628933
3.9349966
2.7163901
32.3418579
155.9249268
256.5487671
239.7230682
165.2828217
122.2648163
71.7881165
17.2750874
0.3738918
0.1047700
0.1010723
0.3709351
1.3991802
24.9695816
82.7409515
134.0536804
146.4383087
127.3509827
102.4563370
67.1221161
48.6737900
31.8472080
24.0323811
14.5232344
16.5380058
58.5478973
127.5270691
171.1152344
178.7838745
181.1034698
132.6313324
60.3192406
10.4942722
3.0839756
3.0718963
26.1770973
40.2020798
47.9162178
69.6362534
84.5466080
70.3144989
51.6656189
54.2801208
85.8864441
114.1877060
112.2924728
92.6551971
68.2399673
53.2564392
36.6531334
25.4823818
21.9921589
15.9069929
11.8492413
21.2532749
60.0111771
109.7388611
129.9294281
112.0671005
89.4617462
57.0806732
33.8626518
18.3086529
12.6145105
7.2853799
2.5655642
5.2680855
20.2353954
24.4162636
16.0346680
13.7108383
20.4931183
34.2901802
45.8652840
53.3473434
49.5564651
33.9075203
20.4420872
12.7533121
11.3663683
10.7714748
15.4598570
25.4102688
39.8898125
51.4405365
47.5105286
32.1380081
18.2728996
11.0909948
9.6583710
12.4655399
20.8166294
39.2574120
55.4034920
53.8249207
36.8121529
21.7255898
12.7577667
8.0659103
7.6861601
8.2439079
11.6341448
17.9382629
27.4259720
37.8560715
46.4908409
51.4921417
50.2163048
45.8007584
35.0630798
22.0380917
14.9376602
11.9151344
9.0250053
6.3251152
4.9329205
5.9871292
5.4428759
4.4285507
3.6582789
2.7118847
1.6052163
0.9759511
0.5537435
0.3417940
0.1623442
0.0282117
0.0061735
0.0002206
0.0000000
0.0000000
0.0000000
0.0000000
0.0000000
0.0000000
0.0000000
0.0000000
0.0000000
0.0000000
0.0000000
0.0000000
0.0000000
0.0000000
0.0000000
0.0000000
0.0000000
0.0000000
0.0000000
0.0000000
0.0000000
0.0000000
0.0000000
0.0000000
0.0000000
0.0000000
0.0000000
0.0000000
0.0000000
0.0000000
0.0000000
0.0000000
0.0000000
0.0000000
0.0000000
0.0000000
0.0000000
0.0000000
0.0000000
0.0000000
0.0000000
0.0000000
0.0000000
0.0000000
0.0000000
0.0000000
0.0000000
0.0000000
0.0000000
0.0000000
0.0000000
0.0000000
0.0000000
0.0000000
0.0000000
0.0000000
0.0000000
0.0000000
0.0000000
0.0000000
0.0000000
0.0000000
0.0000000
0.0000000
0.0000000
0.0000000
0.0000000
0.0000000
0.0000000
0.0000000
0.0000000
0.0000000
0.0000000
0.0000000
0.0000000
0.0000000
0.0000000
0.0000000
0.0000000
0.0000000
0.0000000
0.0000000
0.0000000
0.0000000
0.0000000
0.0000000
0.0000000
0.0000000
0.0000000
0.0000000
0.0000000
0.0000000
0.0000000
0.0000000
0.0000000
0.0000000
0.0000000
0.0000000
0.0000000
0.0000000
0.0000000
0.0000000
0.0000000
0.0000000
0.0000000
0.0000000
0.0000000
0.0000000
0.0000000
0.0000000
0.0000000
0.0000000
0.0000000
0.0000000
0.0000000
0.0000000
0.0000000
0.0000000
0.0000000
0.0000000
0.0000000
0.0000000
0.0000000
0.0000000
0.0000000
0.0000000
0.0000000
0.0000000
0.0000000
0.0000000
0.0000000
0.0000000
0.0000000
0.0000000
0.0000000
0.0000000
0.0000000
0.0000000
0.0000000
0.0000000
0.0000000
0.0000000
0.0000000
0.0000000
0.0000000
0.0000000
0.0000000
0.0000000
0.0000000
0.0000000
0.0000000
0.0000000
0.0000000
0.0000000
0.0000000
0.0000000
0.0000000
0.0000000
0.0000000
