0.0000000
0.0000000
0.0000000
0.0000000
0.0000000
0.0000000
0.0000000
0.0000000
0.0000000
0.0000000
0.0000000
0.0000000
0.0000000
0.0000000
0.0000000
0.0000000
0.0000000
0.0000000
0.0000000
0.0000000
0.0000000
0.0000000
0.0000000
0.0000000
0.0000000
0.0000000
0.0000000
0.0000000
0.0000000
0.0000000
0.0000000
0.0000000
0.0000000
0.0000000
0.0000000
0.0000000
0.0000000
0.0000000
0.0000000
0.0000000
0.0000000
0.0000000
0.0000000
0.0000000
0.0000000
0.0000000
0.0000000
0.0000000
0.0000000
0.0000000
0.0000000
0.0000000
0.0000000
0.0000000
0.0000000
0.0000000
0.0000000
0.0000000
0.0000000
0.0000000
0.0000000
0.0000000
0.0000000
0.0000000
0.0000000
0.0000000
0.0000000
0.0000000
0.0000000
0.0000000
0.0000000
0.0000000
0.0000000
0.0000000
0.0000000
0.0000000
0.0000000
0.0000000
0.0000000
0.0000000
0.0000000
0.0000000
0.0000000
0.0000000
0.0000000
0.0000000
0.0000000
0.0000000
0.0000000
0.0000000
0.0000000
0.0000000
0.0000000
0.0000000
0.0000000
0.0000000
0.0000000
0.0000000
0.0000000
0.0000000
0.0000000
0.0000000
0.0000000
0.0000000
0.0000000
0.0000000
0.0000000
0.0000000
0.0000000
0.0000000
0.0000000
0.0000000
0.0000000
0.0000000
0.0000000
0.0000000
0.0000000
0.0000000
0.0000000
0.0000000
0.0000000
0.0000000
0.0000000
0.0000000
0.0000000
0.0000000
0.0000000
0.0000000
0.0000000
0.0000000
0.0000000
0.0000000
0.0000000
0.0000000
0.0000000
0.0000000
0.0000000
0.0000000
0.0000000
0.0000000
0.0000000
0.0000000
0.0000000
0.0000000
0.0000000
0.0000000
0.0000000
0.0000000
0.0000000
0.0000000
0.0000000
0.0000000
0.0000000
0.0000000
0.0000000
0.0000000
0.0000000
0.0000000
0.0000000
0.0000000
0.0000000
0.0000000
0.0000000
0.0000000
0.0000000
0.0000000
0.0000000
0.0000000
0.0000000
0.0000000
0.0000000
0.0000000
0.0000000
0.0000000
0.0000000
0.0000000
0.0000000
0.0000000
0.0000000
0.0000000
0.0000000
0.0000000
0.0000000
0.0000000
0.0000000
0.0000000
0.0000000
0.0000000
0.0000000
0.0000000
0.0000000
0.0000000
0.0000000
0.0000000
0.0000000
0.0000000
0.0000000
0.0000000
0.0000000
0.0000000
0.0000000
0.0000000
0.0000000
0.0000000
0.0000000
0.0000000
0.0000000
0.0000000
0.0000000
0.0000000
0.0000000
0.0000000
0.0000000
0.0000000
0.0000000
0.0000000
0.0000000
0.0000000
0.0000000
0.0000000
0.0000000
0.0000000
0.0000000
0.0000000
0.0000000
0.0000000
0.0000000
0.0000000
0.0000000
0.0000000
0.0000000
0.0000000
0.0000000
0.0000000
0.0000000
0.0000000
0.0000000
0.0000000
0.0000000
0.0000000
0.0000000
0.0000000
0.0000000
0.0000000
0.0000000
0.0000000
0.0000000
0.0000000
0.0000000
0.0000000
0.0000000
0.0000000
0.0000000
0.0000000
0.0000000
0.0000000
0.0000000
0.0000000
0.0000000
0.0000000
0.0000000
0.0000000
0.0000000
0.0000000
0.0000000
0.0000000
0.0000000
0.0000000
0.0000000
0.0000000
0.0000000
0.0000000
0.0000000
0.0000000
0.0000000
0.0000000
0.0000000
0.0000000
0.0000000
0.0000000
0.0000000
0.0000000
0.0000000
0.0000000
0.0000000
0.0000000
0.0000000
0.0000000
0.0000000
0.0000000
0.0000000
0.0000000
0.0000000
0.0000000
0.0000000
0.0000000
0.0000000
0.0000000
0.0000000
0.0000000
0.0000000
0.0000000
0.0000000
0.0000000
0.0000000
0.0000000
0.0000000
0.0000000
0.0000000
0.0000000
0.0072535
0.1575667
0.4832862
0.8028799
0.9535045
0.9297314
1.0626831
4.8893323
15.4225187
26.4819412
32.9069595
42.0221443
64.5140076
98.0276260
130.5293427
132.5180054
112.3158035
81.9907761
49.8187943
18.2528210
11.0871887
1.3689802
0.2381988
0.2265659
0.5113424
0.6877120
0.7354971
0.7426054
1.0545988
1.1013830
0.8593048
0.9681317
1.3162333
1.0149329
0.3907492
0.2267242
1.0721403
32.5677719
99.0620728
147.4566193
143.0743103
108.3895111
102.6696091
113.0704117
119.6972580
108.1072311
90.2528534
78.7288132
63.4776230
48.1260338
33.8952789
23.1815147
18.4799957
22.6120567
41.7656174
48.5170135
31.1397858
17.7395210
18.4756813
19.3285255
17.0131035
10.4608669
6.0433311
6.9856710
4.3055062
5.8375721
19.3872356
28.7628860
23.9058723
16.3814297
11.4335518
13.1608219
13.7013855
14.4549198
11.7217770
11.0312614
23.1833305
54.7589912
90.7171707
118.8340302
136.4672546
143.0312042
137.6886902
112.0043411
66.5429764
18.6968765
4.4855809
1.6200929
0.4115435
1.6814623
27.0167198
71.6265869
81.3670807
63.9021568
49.7625046
34.8636169
23.0777798
21.8903790
25.3827190
23.9547100
17.9556351
12.7334805
14.3264561
28.8587132
38.5423126
37.3692856
35.8978119
31.0741291
25.3704453
24.5241833
25.0272923
23.1991272
23.7889137
36.9520378
55.8197136
62.3451653
52.2791405
43.5037537
35.3423615
26.4870262
21.6710014
17.8818054
7.0227404
8.0170040
19.4465084
17.3632278
3.3745189
0.9530067
0.1500786
0.0227353
0.1759121
5.8714657
12.1706104
17.1428947
22.2474194
21.5302200
10.8723221
1.8074028
0.5030846
0.2305791
0.1821391
0.2642288
0.3448275
0.3943724
3.6250906
15.2705593
25.4270363
26.5930271
23.4588127
24.3784218
17.2870464
12.4130831
14.4877920
23.5108013
34.0021286
46.1100006
53.0172119
47.6066971
37.2538338
24.2215366
12.5748787
15.9478683
21.2817383
17.7481098
9.1125422
4.3992181
5.9419322
3.8319731
1.3887482
1.1570233
1.2918787
1.6660562
3.2599325
6.3817115
12.5717335
26.5683155
43.4608040
55.5690117
61.8031158
58.5086517
52.1695862
37.2375488
24.1645355
31.8105278
30.1773968
33.1893082
42.2170906
50.9632149
49.2926407
46.0218887
36.7025757
31.5046749
46.9367065
66.7879791
70.1018677
54.6139450
40.8204727
32.7218399
26.3271008
21.8372364
20.4762478
21.6359711
19.7482052
14.9702759
7.4634781
2.8719935
2.8163831
5.6863604
12.1821575
15.4331379
22.7878075
36.1668015
40.2486191
30.3187790
19.3451595
16.8479595
16.8958931
19.6268463
18.0645866
11.6545134
14.1825886
31.1050453
49.7117424
39.0873451
26.5130463
19.4050579
14.9764929
12.6862850
12.6897306
10.8397131
7.2446542
13.4372416
27.9570160
37.0612793
42.0940437
42.0125275
30.5044327
16.4171429
11.0060940
8.9528141
8.9879732
7.7216239
6.5595717
5.6674366
3.6173844
1.8432593
1.0188655
1.7574911
7.3801370
18.8469868
27.1119652
30.4318581
33.8561668
41.0711250
47.2589111
49.5608482
50.7347221
52.8896370
51.5781784
32.3226700
9.0677910
4.8956013
11.4441833
25.9054794
36.2129059
43.2287903
46.7454224
35.7074432
20.0414543
7.7411871
7.8221555
5.7977157
3.9186578
1.9776521
7.5223522
13.6902256
22.3581429
40.3419456
64.2321854
86.1029739
90.4583511
79.6985703
72.3368378
73.1340408
93.7453232
83.9520035
47.1709404
33.1790276
21.9476910
19.4170113
23.7401600
31.1108971
38.3426018
27.2672596
10.9003248
1.8669744
1.6096421
2.6798272
10.9019489
18.0758324
14.9323664
10.5799885
14.8308516
22.9271526
28.3173256
29.9898872
26.8231735
19.3147736
13.7674246
14.2494650
18.1056881
21.8600883
22.2848053
21.7268887
21.8239346
23.4001522
23.6555405
23.8612976
18.6417885
11.3094912
5.6181245
1.2643882
0.9357105
5.8474946
17.9288864
25.9101715
26.2782860
18.5595665
8.7872667
1.7925131
0.5272463
0.2490114
0.3916953
0.4293348
1.1801971
1.2312407
0.6793161
0.4935699
0.3653013
0.3402454
0.5416973
0.8118695
1.0966597
0.9915795
0.7927365
0.6484207
1.8981700
5.7370458
8.8018980
7.2744155
2.8428969
5.9389887
63.4012070
158.4618530
170.7584686
72.2617874
1.1371797
0.1689360
0.1466690
1.2380704
2.9393179
1.9477882
1.2886213
1.3896623
2.1255980
2.9877844
2.9969542
3.0917563
3.1151056
2.7819324
3.0908439
3.6359932
3.9549005
3.7660997
2.8146942
2.2278304
1.8977802
1.8040440
2.1305189
2.1951380
1.8365051
1.6021221
1.4093764
1.1415544
0.8369280
0.6496925
0.5696083
0.6409216
0.5646850
0.4591531
0.6650375
2.4406445
4.7430420
6.2413287
7.8151541
8.8825207
8.3723526
8.5972900
16.9245548
32.1740761
41.4032173
37.3830605
28.2240162
21.2864761
14.8321190
30.1552143
47.3643379
59.1033058
57.5282021
55.1583405
46.3915215
37.7405853
28.2728634
28.3299770
34.4199104
39.1505890
40.4283104
38.1387863
35.2849617
34.9874344
29.3390236
24.0792980
22.2587109
26.9406338
26.5435638
20.4631042
16.6988602
16.8039360
19.4643936
20.6862717
19.3509731
14.6827574
10.0038996
12.7394571
17.7119904
16.3848495
14.0860014
11.5236864
8.4144793
4.4359441
2.8898053
3.6614437
5.5692463
4.3163548
3.1643841
5.7392707
3.8362389
5.9849620
4.9411077
3.6138358
4.9421606
8.3771610
13.4510365
13.9436388
13.1667776
10.5307455
8.6877527
6.5317388
5.4471617
4.8719382
4.6570077
4.8304925
4.1481686
4.0812917
3.7212141
3.4149361
3.0834785
2.9545331
2.8693378
2.4318266
2.1661713
2.1416588
1.9996212
1.9329193
1.7546015
1.5786402
1.7210882
1.6353362
1.4219944
1.3083640
1.2413049
1.0437469
0.9167074
0.8498462
0.8403071
0.8340536
0.5515604
0.4555655
0.5764278
0.6289438
0.5813608
0.4913034
0.4239327
0.4107568
0.4523560
0.4901698
0.5244982
0.6380176
0.6138469
0.5786729
0.8354599
0.9674021
0.8131121
0.6417892
0.5674057
0.5368325
0.7866948
1.6263837
2.1737950
1.1478745
0.4441364
0.7516241
0.8388203
0.8320275
1.5987728
1.8044612
1.0354538
0.4683800
0.5156561
0.9078009
0.9692457
0.8780625
0.8643161
1.0479010
1.0293058
0.9512843
0.9480237
1.2231543
1.3339930
1.4130702
1.8111141
2.1556766
1.9047334
1.4354116
1.2400981
1.5399354
2.1808693
2.8743908
3.3797190
3.0267944
1.8615183
1.4609519
1.5308065
1.1677247
0.6823081
0.3755953
0.4222473
3.8045423
12.4736195
38.5357628
84.0887146
147.4367828
203.6155701
199.8447418
151.7407379
105.0516052
69.9765091
45.4263840
32.9067688
22.2470932
12.4664764
4.7981224
2.5308511
2.9959974
5.0962119
7.5828114
12.6701260
20.2184963
30.2397404
31.1976585
21.2673416
12.4595137
8.3572140
9.2751417
11.8641176
15.2537556
16.3879795
12.1969080
9.5038538
28.0027237
70.0035553
91.7943802
70.7200775
44.3150826
30.1408653
21.9955330
22.5828438
29.3300991
32.1394653
32.2861290
32.6271362
28.6746025
24.1465225
16.0442009
8.2006550
21.1692047
19.4524975
7.2549067
2.9017210
22.5798283
64.8546753
110.4895096
122.1530838
105.3718796
72.1468048
61.5588493
67.1221085
70.4626617
65.2029037
51.0952148
35.5828209
21.3206654
8.6718197
4.8952947
8.9878359
28.8905582
63.9571190
76.9397812
64.0761719
46.0888672
25.0309830
29.4216881
11.0629396
2.7368813
2.5084596
3.3284547
4.3826652
8.6942749
20.9022045
36.7712440
49.1140213
57.1203918
57.3196487
48.6741333
39.3675766
30.6025124
26.1227207
33.3725548
35.0053978
28.0987949
18.6676941
9.4077044
6.9205112
5.9590211
22.0464630
44.1941872
53.0336227
42.3925858
30.3592567
34.3016510
42.8381042
40.4802551
31.6916103
25.2386398
27.2491798
23.9654140
18.4330521
11.4954967
6.3340397
5.8621330
5.6047268
6.8692970
9.3434792
12.0027161
10.2600718
10.8997536
29.6528625
55.0690422
55.4513931
29.0783215
6.7313566
2.5892301
0.8549450
0.5804166
2.3960185
33.0829048
78.5294037
86.2116394
58.0620003
30.6886349
15.9704790
8.0069122
7.2277427
10.4242525
15.7823000
14.4707365
10.3414583
6.7975082
4.8822298
5.5397086
22.0815582
53.1939812
86.6012039
114.1336288
114.8764725
86.0729294
53.1461678
19.0655193
29.8886433
35.6091843
16.6374607
17.6537247
38.2293892
56.3227997
37.3208580
14.4600277
4.6731949
1.3530812
0.3030100
4.4053154
15.8315010
21.0932178
19.6854305
24.9414387
35.3457794
39.0935516
36.7759857
29.1560020
27.8196335
21.2737236
13.5629730
13.9656200
8.3160629
14.2200041
14.5518417
7.8862047
5.5410790
14.2519779
12.6910028
9.4076233
6.4901047
5.0994577
1.5346887
0.4611759
0.5004358
3.8183179
10.7771664
16.7824993
21.1381264
21.3414059
17.6826286
12.8848057
10.0161896
8.7334242
6.4384632
4.7665420
3.1276813
2.0738897
1.0004271
0.6210366
0.3765863
0.4027517
0.5347833
0.4792678
0.4372626
0.3498012
0.2654608
0.2150543
0.3531426
0.4935635
0.5160022
0.7099860
1.0002420
1.1084899
1.0305831
0.8896404
0.9668698
1.0237640
0.9996175
1.1878786
1.1031325
0.9879867
0.9579998
1.1797985
1.3069140
1.4550233
1.3702743
1.4623291
1.7055331
1.6304318
1.7004906
1.7736474
1.8829385
1.9206619
1.7081608
1.6874703
1.8737413
2.3074751
2.3216095
2.0270190
1.9620475
1.9451809
2.1256156
1.9521530
1.8054001
2.2207546
2.4152250
2.0116036
1.9121970
1.7925351
1.7582251
1.6795579
1.5391330
1.4368489
1.3503976
1.2037203
1.0095377
0.9165187
0.8678620
1.1018357
1.4013674
1.2462102
1.0685532
0.8523449
0.6246340
0.5600823
0.4808860
0.4461752
0.4798457
0.4914230
0.4974097
0.5828698
0.6006179
0.4501289
0.4342076
0.4609863
0.3919410
0.3407958
0.2778220
0.3702565
0.4976417
0.5345215
0.4666374
0.4828634
0.4567379
0.4179244
0.2867697
0.3559557
0.4737166
0.6138787
0.6655280
0.5289382
0.4506377
0.4658369
0.4588611
0.5098772
0.4563409
0.3218424
0.2703298
0.4906098
0.7474095
0.6811600
0.4746000
0.3810918
0.4608141
0.5032283
3.5051863
16.4085045
53.0786705
105.9195786
134.1006317
118.6315918
84.3874969
58.0326843
28.9804630
22.5104713
14.3157959
20.9506226
47.3884926
84.1610031
99.7197876
93.0613174
77.1241760
57.3122063
34.0439034
15.3862019
16.1858635
24.0180569
34.5950508
43.2365227
44.9693336
44.1657906
34.8703308
25.0510521
16.0262737
7.7221007
27.4473324
26.5686131
17.6318359
5.7389402
4.8722501
7.4368434
13.8523064
23.4954853
27.4316730
26.9415245
24.8801250
15.5691071
4.9732561
5.2926302
4.9878826
3.3703659
2.4953187
1.3815812
0.8494204
0.6561779
0.7009972
0.8666206
0.8437399
0.7064155
0.7611491
0.6865872
0.6255510
0.5823557
0.5515154
0.6407539
0.6957792
0.6035713
0.7586297
1.7173353
4.3538280
5.8162417
3.5452957
0.4393842
2.8269229
15.8455467
26.1976433
20.5361290
11.5796757
6.8425097
7.4409552
8.7171116
13.2013016
16.7755966
19.6122761
19.3743267
15.7389555
13.1816835
9.6046209
5.4254112
7.5156045
12.3662977
12.9031076
12.2603617
12.1770267
13.0723801
14.7338076
15.8064880
15.0934935
13.9493294
12.6250706
12.9175425
11.9440088
10.4077101
9.1387596
10.8847046
11.5221291
7.8140097
2.7242117
0.6150606
1.0518821
18.3397179
58.9356995
91.6124878
95.7705917
85.0914307
64.2862701
43.4120674
17.3995819
5.4911790
5.2795444
2.5116687
0.3685484
0.2287010
2.8019171
23.1202126
48.0736160
47.4604645
20.8960495
5.2283397
4.1144843
5.2114830
7.8082457
6.3428926
7.6350317
11.0593376
10.5073423
7.1014929
9.0881405
17.9760895
24.1821823
24.8418789
24.7591000
31.0004139
37.5353622
40.7884560
40.6758957
43.0024338
44.7099380
43.9612579
40.2252121
30.8153076
27.4246330
40.4448204
58.0000305
62.3075943
59.2533340
65.8972626
68.4368744
54.1053429
27.1614857
11.5098352
7.3221316
10.9088230
25.9712639
43.1686211
57.1497040
66.7363129
71.0110168
63.2208214
49.7887688
38.3181381
28.3022938
25.4052200
24.4474792
20.9072628
17.6475544
14.6500387
12.0497208
11.4098549
10.4280405
5.7408967
4.4028358
3.9091308
4.0572486
5.5260487
6.0733891
7.1289115
8.6928806
9.2937450
9.3016071
9.1150026
10.6208849
18.3470554
30.5373516
40.3508492
42.5405235
36.6348419
29.8257313
25.6102238
30.9196434
37.2254181
32.0264587
21.5398998
11.8269854
16.1628838
44.4192200
49.4409256
46.8700066
44.3213882
42.1598206
44.3021927
44.6377411
45.3088264
43.9654236
36.8783607
27.3156853
19.0270901
13.2817879
13.4676714
19.1131134
24.1390686
24.6829052
22.6208477
18.6112347
17.4933681
16.1305466
14.4499931
12.3634348
12.2616215
16.1743126
21.0853920
32.2731819
49.0590744
46.9702263
18.5548649
1.7593727
0.2139005
0.1448845
0.7487098
3.4201121
5.0993385
5.9245172
8.5489206
10.5190516
7.6551733
3.7958646
3.2021990
4.4258132
5.6123400
6.0478244
6.5307641
6.1349525
6.2425561
6.5838223
6.1272478
6.7322502
8.8310680
10.8188601
12.1472731
13.4858189
14.2122040
13.8930130
12.9314747
9.6395464
5.0125499
2.1039937
15.5755281
86.4218292
192.3865814
263.6545105
243.1526947
148.0382843
70.0145645
28.9042740
9.4196100
4.9290719
3.2192986
3.4102485
3.5308781
13.0686493
52.8171806
94.7899017
96.4834671
60.6153793
23.8276424
7.7586565
17.3516216
51.7765694
105.6284866
146.7252808
139.6959076
99.1328735
67.0630646
67.6426315
69.7703781
64.5060806
53.4206314
45.8283081
46.1257439
49.8795700
51.7789726
47.4614334
35.0517159
19.4396896
13.2086248
10.8960762
11.2756119
9.4692116
11.5217514
34.3404007
53.6484108
63.6913414
69.2895660
62.3852921
60.5605125
78.5036087
100.1257401
102.6804428
102.4422684
82.4613495
56.6996536
41.0385017
29.1461544
11.6917114
8.2851963
14.7310524
42.9318008
63.9351768
58.3326607
31.9130211
26.2094917
36.5070915
40.8003426
34.5210533
25.6651783
25.8070793
23.2528820
18.9857311
12.8522692
6.5596929
6.9477820
19.7782631
24.1393604
18.4944038
8.3787937
24.1429329
53.7954330
73.1884079
57.6982269
23.0339127
4.0016317
5.3834939
7.9979692
26.4031200
75.8414764
102.3754120
75.4398346
36.9580154
13.3319120
6.6789188
8.8562946
10.3280239
10.7993431
8.9688902
4.6493917
0.9084740
2.3108659
6.6689305
15.2953377
34.3914108
57.5323372
80.1229782
86.2539444
78.2234955
66.1827087
54.7681389
61.2791977
93.1825333
92.7290039
77.5415878
61.1428833
39.1982307
22.4053764
29.8907070
48.7278214
38.0098457
23.9471779
16.4556332
9.3697958
2.4670305
0.3125144
1.2465121
11.7945385
27.7140026
30.4558239
23.4265461
23.0953636
25.5989113
27.8966675
32.2649727
35.1555099
29.1718216
27.5015697
32.9664345
28.7265644
22.7671413
20.1097164
21.5733566
25.0192051
24.7981567
19.0343590
14.7061319
13.4452019
14.4453506
10.2491570
14.7759113
22.9573078
18.1359253
13.9242649
22.2647057
19.6443443
12.5503569
6.8732862
25.3009586
25.3176594
17.6708946
7.0778971
6.7460346
7.6204343
5.1610146
10.3780088
10.8001108
8.2040882
2.8229966
4.4648619
7.5331874
9.4390335
10.1146507
5.4375520
0.4839571
0.2731607
0.3188546
1.4179691
6.8994222
12.3275070
15.6132755
22.5519218
34.6602631
43.8688889
50.5936089
65.6730576
79.9280396
76.6947937
55.7734032
43.3331833
51.2869225
75.4617157
74.5382767
55.1814499
43.9272614
49.3878250
46.5399017
47.1399879
40.6884804
21.5740948
31.6809254
65.4878311
66.1424179
74.5152130
84.3026428
69.8338699
48.7524567
36.8259735
32.4356079
42.1702499
41.6823082
38.9745636
57.3143272
55.4062576
22.2859077
5.4415841
1.8362478
1.2359891
24.6557617
83.2371674
113.4493179
96.2057114
65.5642395
58.4805336
55.2568741
57.6223335
47.6010780
30.7930641
22.5483475
12.3970404
8.3167019
8.9983826
10.6973448
10.1282883
9.5025654
8.9220390
8.3042088
8.1053162
14.7386713
26.5296574
31.7919540
24.6367340
16.7523575
13.4140444
7.8722281
6.7629538
9.7424669
6.5541000
8.5533924
22.2765713
31.1270809
26.1424408
17.3178425
9.9327278
6.1666412
5.0354204
4.5092964
3.4522526
0.8601549
1.4247144
2.5483603
3.8241451
6.4177055
10.2644367
12.9168949
13.5541954
12.7332363
11.2592125
10.2576485
8.5976810
6.4574928
5.3562098
5.3387604
6.2186003
6.4322357
5.4365487
4.6688991
3.6912649
1.8848056
0.6904653
0.5842571
0.5581924
0.7809163
0.9128231
0.7928948
0.6064603
0.7977591
1.0482515
1.0455348
0.7925690
0.7925050
0.6870549
0.4230293
0.2039599
0.0264449
0.0014989
0.0000066
0.0000000
0.0000000
0.0000000
0.0000000
0.0000000
0.0000000
0.0000000
0.0000000
0.0000000
0.0000000
0.0000000
0.0000000
0.0000000
0.0000000
0.0000000
0.0000000
0.0000000
0.0000000
0.0000000
0.0000000
0.0000000
0.0000000
0.0000000
0.0000000
0.0000000
0.0000000
0.0000000
0.0000000
0.0000000
0.0000000
0.0000000
0.0000000
0.0000000
0.0000000
0.0000000
0.0000000
0.0000000
0.0000000
0.0000000
0.0000000
0.0000000
0.0000000
0.0000000
0.0000000
0.0000000
0.0000000
0.0000000
0.0000000
0.0000000
0.0000000
0.0000000
0.0000000
0.0000000
0.0000000
0.0000000
0.0000000
0.0000000
0.0000000
0.0000000
0.0000000
0.0000000
0.0000000
0.0000000
0.0000000
0.0000000
0.0000000
0.0000000
0.0000000
0.0000000
0.0000000
0.0000000
0.0000000
0.0000000
0.0000000
0.0000000
0.0000000
0.0000000
0.0000000
0.0000000
0.0000000
0.0000000
0.0000000
0.0000000
0.0000000
0.0000000
0.0000000
0.0000000
0.0000000
0.0000000
0.0000000
0.0000000
0.0000000
0.0000000
0.0000000
0.0000000
0.0000000
0.0000000
0.0000000
0.0000000
0.0000000
0.0000000
0.0000000
0.0000000
0.0000000
0.0000000
0.0000000
0.0000000
0.0000000
0.0000000
0.0000000
0.0000000
0.0000000
0.0000000
0.0000000
0.0000000
0.0000000
0.0000000
0.0000000
0.0000000
0.0000000
0.0000000
0.0000000
0.0000000
0.0000000
0.0000000
0.0000000
0.0000000
0.0000000
0.0000000
0.0000000
0.0000000
0.0000000
0.0000000
0.0000000
0.0000000
0.0000000
0.0000000
0.0000000
0.0000000
0.0000000
0.0000000
0.0000000
0.0000000
0.0000000
0.0000000
0.0000000
0.0000000
0.0000000
0.0000000
0.0000000
0.0000000
0.0000000
0.0000000
0.0000000
0.0000000
0.0000000
0.0000000
0.0000000
0.0000000
0.0000000
0.0000000
0.0000000
0.0000000
0.0000000
0.0000000
0.0000000
0.0000000
0.0000000
0.0000000
0.0000000
0.0000000
0.0000000
0.0000000
0.0000000
0.0000000
0.0000000
0.0000000
0.0000000
0.0000000
0.0000000
0.0000000
0.0000000
0.0000000
0.0000000
0.0000000
0.0000000
0.0000000
0.0000000
0.0000000
0.0000000
0.0000000
0.0000000
0.0000000
0.0000000
0.0000000
0.0000000
0.0000000
0.0000000
0.0000000
0.0000000
0.0000000
0.0000000
0.0000000
0.0000000
0.0000000
0.0000000
0.0000000
0.0000000
0.0000000
0.0000000
0.0000000
0.0000000
0.0000000
0.0000000
0.0000000
0.0000000
0.0000000
0.0000000
0.0000000
0.0000000
0.0000000
0.0000000
0.0000000
0.0000000
0.0000000
0.0000000
0.0000000
0.0000000
0.0000000
0.0000000
0.0000000
0.0000000
0.0000000
0.0000000
0.0000000
0.0000000
0.0000000
0.0000000
0.0000000
0.0000000
0.0000000
0.0000000
0.0000000
0.0000000
0.0000000
0.0000000
0.0000000
0.0000000
0.0000000
0.0000000
0.0000000
0.0000000
0.0000000
0.0000000
0.0000000
0.0000000
0.0000000
0.0000000
0.0000000
0.0000000
0.0000000
0.0000000
0.0000000
0.0000000
0.0000000
0.0000000
0.0000000
0.0000000
0.0000000
0.0000000
0.0000000
0.0000000
0.0000000
0.0000000
0.0000000
0.0000000
0.0000000
0.0000000
0.0000000
0.0000000
0.0000000
0.0000000
0.0000000
0.0000000
0.0000000
0.0000000
0.0000000
0.0000000
0.0000000
0.0000000
0.0000000
0.0000000
0.0000000
0.0000000
0.0000000
0.0000000
0.0000000
0.0000000
0.0000000
0.0000000
0.0000000
0.0000000
0.0000000
0.0000000
0.0000000
0.0000000
0.0000000
0.0000000
0.0000000
0.0000000
0.0000000
0.0000000
0.0000000
0.0000000
0.0000000
0.0000000
0.0000000
0.0000000
0.0000000
0.0000000
0.0000000
0.0000000
0.0000000
0.0000000
0.0000000
0.0000000
0.0000000
0.0000000
0.0000000
0.0000000
0.0000000
0.0000000
0.0000000
0.0000000
0.0000000
0.0000000
0.0000000
0.0000000
0.0000000
0.0000000
0.0000000
0.0000000
0.0000000
0.0000000
0.0000000
0.0000000
0.0000000
0.0000000
0.0000000
0.0000000
0.0000000
0.0000000
0.0000000
0.0000000
0.0000000
0.0000000
0.0000000
0.0000000
0.0000000
0.0000000
0.0000000
0.0000000
0.0000000
0.0000000
0.0000000
0.0000000
0.0000000
0.0000000
0.0000000
0.0000000
0.0000000
0.0000000
0.0000000
0.0000000
0.0000000
0.0000000
0.0000000
0.0000000
0.0000000
0.0000000
0.0000000
0.0000000
0.0000000
0.0000000
0.0000000
0.0000000
0.0000000
0.0000000
0.0000000
0.0000000
0.0000000
0.0000000
0.0000000
0.0000000
0.0000000
0.0000000
0.0000000
0.0000000
0.0000000
0.0000000
0.0000000
0.0000000
0.0000000
0.0000000
0.0000000
0.0000000
0.0000000
0.0000000
0.0000000
0.0000000
0.0000000
0.0000000
0.0000000
0.0000000
0.0000000
0.0000000
0.0000000
0.0000000
0.0000000
0.0000000
0.0000000
0.0000000
0.0000000
0.0000000
0.0000000
0.0000000
0.0000000
0.0000000
0.0000000
0.0000000
0.0000000
0.0000000
0.0000000
0.0000000
0.0000000
0.0000000
0.0000000
0.0000000
0.0000000
0.0000000
0.0000000
0.0000000
0.0000000
0.0000000
0.0000000
0.0000000
0.0000000
0.0000000
0.0000000
0.0000000
0.0000000
0.0000000
0.0000000
0.0000000
0.0000000
0.0000000
0.0000000
0.0000000
0.0000000
0.0000000
0.0000000
0.0000000
0.0000000
0.0000000
0.0000000
0.0000000
0.0000000
0.0000000
0.0000000
0.0000000
0.0000000
0.0000000
0.0000000
0.0000000
0.0000000
0.0000000
0.0000000
0.0000000
0.0000000
0.0000000
0.0000000
0.0000000
0.0000000
0.0000000
0.0000000
0.0000000
0.0000000
0.0000000
0.0000000
0.0000000
0.0000000
0.0000000
0.0000000
0.0000000
0.0000000
0.0000000
0.0000000
0.0000000
0.0000000
0.0000000
0.0000000
0.0000000
0.0000000
0.0000000
0.0000000
0.0000000
0.0000000
0.0000000
0.0000000
0.0000000
0.0000000
0.0000000
0.0000000
0.0000000
0.0000000
0.0000000
0.0000000
0.0000000
0.0000000
0.0000000
0.0000000
0.0000000
0.0000000
0.0000000
0.0000000
0.0000000
0.0000000
0.0000000
0.0000000
0.0000000
0.0000000
0.0000000
0.0000000
0.0000000
0.0000000
0.0000000
0.0000000
0.0000000
0.0000000
0.0000000
0.0000000
0.0000000
0.0000000
0.0000000
0.0000000
0.0000000
0.0000000
0.0000000
0.0000000
0.0000000
0.0000000
0.0000000
0.0000000
0.0000000
0.0000000
0.0000000
0.0000000
0.0000000
0.0000000
0.0000000
0.0000000
0.0000000
0.0000000
0.0000000
0.0000000
0.0000000
0.0000000
0.0000000
0.0000000
0.0000000
0.0000000
0.0000000
0.0000000
0.0000000
0.0000000
0.0000000
0.0000000
0.0000000
0.0000000
0.0000000
0.0000000
0.0000000
0.0000000
0.0000000
0.0000000
0.0000000
0.0000000
0.0000000
0.0000000
0.0000000
0.0000000
0.0000000
0.0000000
0.0000000
0.0000000
0.0000000
0.0000000
0.0000000
0.0000000
0.0000000
0.0000000
0.0000000
0.0000000
0.0000000
0.0000000
0.0000000
0.0000000
0.0000000
0.0000000
0.0000000
0.0000000
0.0000000
0.0000000
0.0000000
0.0000000
0.0000000
0.0000000
0.0000000
0.0000000
0.0000000
0.0000000
0.0000000
0.0000000
0.0000000
0.0000000
0.0000000
0.0000000
0.0000000
0.0000000
0.0000000
0.0000000
0.0000000
0.0000000
0.0000000
0.0000000
0.0000000
0.0000000
0.0000000
0.0000000
0.0000000
0.0000000
0.0000000
0.0000000
0.0000000
0.0000000
0.0000000
0.0000000
0.0000000
0.0000000
0.0000000
0.0000000
0.0000000
0.0000000
0.0000000
0.0000000
0.0049919
0.2416417
0.9564642
1.9387070
2.8127069
3.2395017
3.0157790
2.4392219
1.7289073
2.1382358
9.9181566
24.0861645
31.5465622
25.6752605
16.7010536
15.2605762
16.4520473
12.2394381
10.6559067
27.9113693
35.1735420
36.9324226
33.4167404
28.6807117
23.3166809
21.0462589
18.1382160
15.4781809
12.9180622
14.3833447
17.3484898
16.9348793
15.1516056
13.5867004
12.3512983
10.1198292
7.5649376
5.7055941
4.0729632
2.9322882
4.5753961
6.1436133
7.4926982
7.4175215
7.5293646
8.6859264
11.4219904
26.0705719
49.1501160
53.7823753
36.5339394
27.7022839
32.3871117
31.6815510
24.2695026
19.0377979
15.1199055
14.8047266
14.9648962
13.9362774
13.9130764
14.6718283
16.0467243
16.9015160
16.2315540
13.4941063
26.9302635
68.7272034
93.7259750
74.4381561
50.0973549
47.5900764
71.4922638
101.0142670
120.2837982
109.1832047
81.5545273
60.0214500
48.0655441
39.4360619
33.1236420
29.6949959
32.6689644
41.4513206
41.4952011
30.9993057
15.3793497
3.9115829
0.9694240
0.4484643
0.2615226
2.8110015
19.4521618
41.8973236
56.6094971
52.0439148
37.4502258
25.1432934
22.5596447
22.6739235
21.5828419
16.8197613
13.3946762
13.1231308
17.0005093
18.7547741
16.4959431
11.6773262
6.6544733
1.9954549
0.4343877
0.1285378
0.0510097
0.2066430
0.5323225
0.5734658
0.4712968
2.0386322
12.8798676
43.7028694
85.5997467
103.1024780
84.3256149
73.0407486
72.3593597
69.6676407
38.2186050
18.0077553
31.2686825
38.5163040
31.4433632
22.1468983
17.7303638
17.0477333
14.3660574
7.1572242
2.2558761
0.6373324
0.7511635
6.3228927
21.6051979
32.8042145
46.8165283
54.1383514
48.4495239
34.9342690
26.8163643
22.7093124
19.0254974
20.5426064
23.1445332
19.1354733
9.4684420
5.0631676
10.6472502
16.2421780
15.4550943
13.7845774
16.9122772
25.7469254
33.7942085
31.1868076
28.0356655
25.4063110
19.8661251
15.4986324
19.8202209
50.5270309
93.5524139
109.6677551
95.9213943
77.6880569
64.4979401
57.9119606
38.8724937
10.2711935
5.8200498
19.3211021
72.3055878
88.1454544
60.9343414
40.8989677
24.6738129
12.4405022
32.2585182
36.0210686
25.8291283
17.0897923
21.5331383
10.7507114
21.3861446
26.1217957
30.8037357
18.6678753
3.1187327
0.1038188
0.0316031
0.0661209
0.2384479
0.5117723
0.6366781
0.4750937
0.3331675
0.2819977
0.3435648
0.3890995
0.3728415
0.3389847
0.3363314
0.3472132
0.3512929
0.3486214
0.4846699
2.3691325
9.3552666
20.8786583
35.5898323
45.0058746
40.5595245
28.1748791
16.8872929
10.8095379
12.5633192
14.3255119
6.9600186
1.0973716
0.1460152
0.2259981
1.4427061
14.6303215
45.4564133
67.5262985
65.7940521
53.9468079
42.9425507
36.4979057
24.9876556
15.4337788
7.1537724
10.1592436
18.7824173
18.8375969
12.2924767
24.6015968
30.1488934
22.5904465
13.7274427
12.7089005
10.8049002
12.7493649
13.7696018
13.1013241
21.3754807
31.9333363
38.0306129
33.6727943
21.9856205
11.2596865
2.6641910
0.3293148
0.2621333
0.2681748
1.3483667
3.6914279
4.1753569
4.0642872
3.5861907
2.9144971
2.3758986
2.5254714
2.5743937
2.4152715
1.9804323
2.0169950
2.2350981
2.1920593
1.9579532
1.6059468
1.2981808
1.0780150
1.2003607
1.1179349
0.7005581
0.3581926
0.3600080
1.5600299
8.8895254
22.4614067
39.4093666
57.1718903
68.4152298
70.7241592
79.5263672
103.6764297
127.0252762
118.1624603
95.6259613
93.7898331
98.2765121
108.8144836
115.9862442
114.3033905
111.4416199
113.1222229
112.9933624
100.3297272
79.0069580
60.4242249
45.7879181
31.1575127
15.5774727
6.5879359
10.3281183
14.6031895
13.9243164
10.4226551
7.3025270
5.6577783
4.9392185
4.1152830
2.8930318
3.3603685
3.6645191
3.9063852
5.2549057
7.5856485
6.3757677
1.8974123
0.2245142
0.1610864
0.8111330
1.7707969
1.4771962
0.4200874
0.2598994
0.2591111
0.6270816
0.5503072
0.2970694
0.4099368
0.5862668
0.7796943
0.8568571
0.8480859
0.6585588
0.3426813
0.3048790
0.3140746
1.9568883
27.2424316
76.6320190
102.3414383
74.5859299
24.0713196
6.2753611
2.7542953
1.0876561
0.2327921
0.1651602
0.2012701
0.2607776
0.3651057
0.8188534
1.4813435
1.5118862
1.2182240
1.1732625
1.2547079
1.5385925
1.6827159
1.6107296
1.6475909
1.7832247
1.8407545
2.2481449
2.7681770
2.6969047
2.1990976
1.8970343
1.6350216
1.5077367
1.3382450
1.2506533
1.4585112
1.5818851
1.4479398
1.0857846
0.9126987
0.9719209
0.8975008
0.8757823
0.8215194
0.7439670
0.7369267
0.7409502
0.7342063
0.8504437
0.7541417
0.5621018
0.4772642
0.5153348
0.4811530
0.4517674
0.4473783
0.3442740
0.3263375
0.2724822
0.2806482
0.4527877
0.5359345
0.5443651
0.5367044
0.5617063
0.3849741
0.4683754
0.6700848
0.9108563
4.9474154
12.1369581
15.6607161
19.2797680
24.6107426
23.7544689
16.3390255
12.1982727
12.0627747
13.2318611
12.9525080
12.9269791
11.6612892
10.0149984
7.5103493
6.1912651
7.1423135
9.1454859
21.4390469
34.8334732
36.0164986
31.3033657
33.7246437
38.6634178
64.2202072
129.8142853
178.4529266
155.8220215
101.6218796
49.2549934
25.7967911
29.2350426
21.4813290
10.3719997
6.6875019
4.9146552
3.0998559
2.5904794
3.3053527
4.7925653
6.5152850
6.4634295
5.2020812
4.2458692
3.4055614
4.2186818
4.5069757
4.6673455
4.2569432
4.9153924
5.3707809
5.4463196
7.9221239
26.1745243
51.8147316
57.8803329
45.6834183
39.7785759
42.7011185
46.0186768
43.3318939
35.3991928
29.0523243
26.1726780
26.3855762
26.9706440
25.5149097
21.4511757
15.8365002
8.2901068
10.3561668
17.7812557
17.4055271
15.0288076
11.1866846
6.6859174
5.4667869
12.3667393
13.8581419
13.2110844
11.6699791
7.6925716
3.5304894
15.7450991
20.0243111
13.8501596
3.1777124
0.5059573
0.1846494
0.3768479
9.4140148
29.9862823
42.2010956
44.9332161
50.1539230
62.7624245
65.8294678
62.6809158
59.0570412
55.1545982
57.5691338
50.2177658
39.0206871
33.3416061
33.5275497
38.9220276
43.2334862
30.4605312
11.9611444
9.1585083
24.7316151
28.9059601
25.1064281
13.9057636
4.3384142
5.9434528
4.0349255
5.3755646
4.6210871
6.5979328
6.2415223
6.2234030
11.2247181
22.8304081
35.9576836
37.5396805
34.5726700
26.4032936
14.3393068
7.8483500
13.7626963
13.9627781
10.8272038
8.0070038
5.6911330
4.6526661
5.0395880
7.0468516
11.2452765
13.5401936
11.1706209
8.1481152
6.0828428
4.6411991
4.2659001
4.2660179
4.6259813
4.7487869
4.3451385
4.1652699
3.5554779
2.8360937
2.1386631
1.9050851
1.7736332
1.4686284
1.4458737
1.2778878
1.0135331
0.9329376
0.7526026
0.8427244
0.9143859
0.7288949
0.5050654
0.5398436
0.8985076
0.7101853
0.3699740
0.3988178
0.4346527
0.3213413
0.3448194
0.3885156
0.3945745
0.4294190
1.6262252
3.4358091
3.1285338
0.7957419
0.2498667
0.3134783
0.6243826
1.1085722
1.3236825
1.9012880
2.3647709
2.4187245
2.4983685
2.5355692
2.6311731
2.5719864
2.5493937
2.5691376
2.6403077
2.4278870
1.3846813
0.8648701
2.5255766
8.8368940
24.1519585
70.4096680
141.0204315
203.3803406
222.4726410
185.6502380
130.4985199
87.5324326
59.3559113
56.8493538
45.3152847
31.6703644
33.0513077
45.9588890
48.4560089
59.7971802
58.5685043
46.5773926
23.0217552
3.3874693
1.7751716
11.1867542
25.7155514
27.0459538
21.9591503
19.1315136
18.9158688
17.1657639
14.5739374
15.7682152
37.5359116
82.2605820
117.4851151
117.7869034
94.8500443
75.6018906
61.3460541
50.3906860
34.7835121
17.4853668
17.0772152
9.8173313
15.7083807
35.5878677
48.6781731
48.3178596
32.2896996
18.0897827
13.9311934
12.2708921
18.7972374
34.8386230
26.1271896
2.1601491
0.4966574
11.8861656
51.9921265
100.4645615
123.0463486
102.4572830
59.3237686
30.4960766
34.6788101
34.4949150
20.8796253
19.7082348
18.4765282
17.9407349
17.5229435
14.0319443
7.0974798
4.5512023
12.3766975
26.3505135
33.0389862
31.1543198
23.6469440
18.7233334
19.7702217
17.3488407
10.4227562
7.4304132
8.0091162
13.4350243
12.7782135
4.7131300
1.6271349
11.8823681
33.6336899
47.3294373
38.1448517
17.4353065
16.7916565
28.8056812
35.8533478
29.5129375
20.5537663
15.6322489
13.5272026
18.5944920
37.0107651
47.6215782
41.8918724
29.5907288
18.9323730
12.8384581
10.2322626
7.0263953
6.5475464
9.1128025
5.6802239
4.5762606
3.9628091
3.0219412
7.2319975
11.9840260
10.4544907
5.2044282
16.6538773
55.9467888
90.8586044
86.6845398
64.3350830
38.9616737
25.2338085
11.8041039
19.9038639
29.5825462
26.4854622
12.5294695
3.3093336
1.6698236
0.9102566
2.4349504
17.6972885
41.8965034
59.7227364
65.0905914
56.9123764
30.6876507
21.1522255
22.5130901
37.3254433
34.0042648
29.4295959
28.5618973
28.5999584
25.5599270
21.4954395
15.5212107
9.6145811
6.0083299
17.0410252
19.5282173
16.2960358
12.0914860
10.9375296
11.0241337
10.3946438
10.5284195
11.8190136
12.6046286
11.2160511
10.9548035
11.0965538
11.4471321
9.9288483
7.7224636
8.1453800
9.5692825
8.5576916
6.3517818
4.7839241
5.7776794
13.9777946
27.9016762
44.6209488
55.7004471
52.0690536
48.4569397
53.6204834
46.4730988
24.1599617
7.7621384
5.0991693
6.5635366
10.3277225
11.4459467
7.7652478
4.4460068
3.0334365
2.9953151
4.5071774
7.2853060
11.7607183
24.8866673
39.8604736
38.4109726
19.8908615
12.1588411
15.1937447
23.6669178
33.4758759
40.1601830
44.8298454
44.7821846
36.4022141
28.5065613
21.3934593
17.5735779
19.7093868
24.9103737
23.9980869
19.1120567
13.6144257
12.9078999
14.2349529
11.0979357
7.8063722
7.0814734
8.5077810
7.3881960
4.5838480
2.3553858
2.4333127
2.2204804
1.7677317
1.2080976
1.0956380
0.9294909
0.6512914
0.3270997
0.2674087
0.4359963
0.4486481
0.5947261
0.4386291
0.2766920
0.3795133
0.5380832
0.4886541
0.4527547
0.4147444
0.4176438
0.4296073
0.4148526
0.3439381
0.3404050
0.4644062
0.6080269
0.6000317
0.5393449
0.5920163
0.6690149
0.7793785
0.7956767
0.5012006
0.2974412
0.3097836
0.3894483
0.4133708
0.3574133
0.4666137
0.8518089
1.0408454
0.8674885
0.6155077
0.6048741
0.8547142
0.8104421
0.5409136
0.3084512
0.4103490
0.6575262
0.7816693
0.6469677
0.4995589
0.4926153
0.5753530
0.7035031
0.8651102
0.8526014
0.5610275
0.3823082
0.3111653
0.3716622
0.4712879
0.4883057
0.5691824
0.4665381
0.3354785
0.3401970
0.4264002
0.3856778
0.4589650
0.6187595
1.3786086
3.6713214
6.2090492
14.3549900
41.1717262
75.2372131
85.2072372
61.9048386
38.3363571
18.6815586
10.8879843
14.9063396
4.5684829
0.5832825
3.6571293
14.8430347
26.9132671
28.6311302
18.5216961
10.9742479
8.7358179
8.1541729
10.6661243
10.2022810
6.7755356
3.1315694
0.9801539
0.4137325
0.1707415
0.1650390
0.2871049
0.3812576
0.5000790
0.6543494
0.6689974
0.5637032
0.5120472
0.4869040
0.7044498
1.2353818
1.5658517
1.2287636
0.7663815
0.5182394
0.5229331
0.9998932
1.2971635
1.1801407
1.0134709
0.5668432
0.2394888
0.4039845
0.7495154
2.1445656
2.8438382
1.5500677
0.3597558
0.2076402
0.3386596
0.4169616
1.7707447
11.8543530
33.4623070
61.7567825
82.1585693
75.3797073
50.6736565
26.6956215
14.3409615
11.6618452
11.1013393
8.6826248
5.4951668
11.7222719
23.0607224
26.8786678
13.7629385
1.7527916
0.7377661
8.2669945
32.2280273
47.5919762
32.3521233
15.7030983
24.2296104
45.2496605
65.8584671
70.3088303
44.2552948
21.7879810
14.6679945
16.0735912
24.2105083
29.6386013
16.3409443
8.2315731
5.4792523
3.7509284
2.3681846
1.7918695
1.9355317
2.7600887
6.5145068
9.6852102
6.0839911
1.0973337
0.2834383
0.2734204
0.3158057
0.3417559
0.5141851
0.5459850
0.2282960
0.0531669
0.0084869
0.0009595
0.0000000
0.0000000
0.0000000
0.0000000
0.0000000
0.0000000
0.0000000
0.0000000
0.0000000
0.0000000
0.0000000
0.0000000
0.0000000
0.0000000
0.0000000
0.0000000
0.0000000
0.0000000
0.0000000
0.0000000
0.0000000
0.0000000
0.0000000
0.0000000
0.0000000
0.0000000
0.0000000
0.0000000
0.0000000
0.0000000
0.0000000
0.0000000
0.0000000
0.0000000
0.0000000
0.0000000
0.0000000
0.0000000
0.0000000
0.0000000
0.0000000
0.0000000
0.0000000
0.0000000
0.0000000
0.0000000
0.0000000
0.0000000
0.0000000
0.0000000
0.0000000
0.0000000
0.0000000
0.0000000
0.0000000
0.0000000
0.0000000
0.0000000
0.0000000
0.0000000
0.0000000
0.0000000
0.0000000
0.0000000
0.0000000
0.0000000
0.0000000
0.0000000
0.0000000
0.0000000
0.0000000
0.0000000
0.0000000
0.0000000
0.0000000
0.0000000
0.0000000
0.0000000
0.0000000
0.0000000
0.0000000
0.0000000
0.0000000
0.0000000
0.0000000
0.0000000
0.0000000
0.0000000
0.0000000
0.0000000
0.0000000
0.0000000
0.0000000
0.0000000
0.0000000
0.0000000
0.0000000
0.0000000
0.0000000
0.0000000
0.0000000
0.0000000
0.0000000
0.0000000
0.0000000
0.0000000
0.0000000
0.0000000
0.0000000
0.0000000
0.0000000
0.0000000
0.0000000
0.0000000
0.0000000
0.0000000
0.0000000
0.0000000
0.0000000
0.0000000
0.0000000
0.0000000
0.0000000
0.0000000
0.0000000
0.0000000
0.0000000
0.0000000
0.0000000
0.0000000
0.0000000
0.0000000
0.0000000
0.0000000
0.0000000
0.0000000
0.0000000
0.0000000
0.0000000
0.0000000
0.0000000
0.0000000
0.0000000
0.0000000
0.0000000
0.0000000
0.0000000
0.0000000
0.0000000
0.0000000
0.0000000
0.0000000
0.0000000
0.0000000
0.0000000
0.0000000
0.0000000
0.0000000
0.0000000
0.0000000
0.0000000
0.0000000
0.0000000
0.0000000
0.0000000
0.0000000
0.0000000
0.0000000
0.0000000
0.0000000
0.0000000
0.0000000
0.0000000
0.0000000
0.0000000
0.0000000
0.0000000
0.0000000
0.0000000
0.0000000
0.0000000
0.0000000
0.0000000
0.0000000
0.0000000
0.0000000
0.0000000
0.0000000
0.0000000
0.0000000
0.0000000
0.0000000
0.0000000
0.0000000
0.0000000
0.0000000
0.0000000
0.0000000
0.0000000
0.0000000
0.0000000
0.0000000
0.0000000
0.0000000
0.0000000
0.0000000
0.0000000
0.0000000
0.0000000
0.0000000
0.0000000
0.0000000
0.0000000
0.0000000
0.0000000
0.0000000
0.0000000
0.0000000
0.0000000
0.0000000
0.0000000
0.0000000
0.0000000
0.0000000
0.0000000
0.0000000
0.0000000
0.0000000
0.0000000
0.0000000
0.0000000
0.0000000
0.0000000
0.0000000
0.0000000
0.0000000
0.0000000
0.0000000
0.0000000
0.0000000
0.0000000
0.0000000
0.0000000
0.0000000
0.0000000
0.0000000
0.0000000
0.0000000
0.0000000
0.0000000
0.0000000
0.0000000
0.0000000
0.0000000
0.0000000
0.0000000
0.0000000
0.0000000
0.0000000
0.0000000
0.0000000
0.0000000
0.0000000
0.0000000
0.0000000
0.0000000
0.0000000
0.0000000
0.0000000
0.0000000
0.0000000
0.0000000
0.0000000
0.0000000
0.0000000
0.0000000
0.0000000
0.0000000
0.0000000
0.0000000
0.0000000
0.0000000
0.0000000
0.0000000
0.0000000
0.0000000
0.0000000
0.0000000
0.0000000
0.0000000
0.0000000
0.0000000
0.0000000
0.0000000
0.0000000
0.0000000
0.0000000
0.0000000
0.0000000
0.0000000
0.0000000
0.0000000
0.0000000
0.0000000
0.0000000
0.0000000
0.0000000
0.0000000
0.0000000
0.0000000
0.0000000
0.0000000
0.0000000
0.0000000
0.0000000
0.0000000
0.0000000
0.0000000
0.0000000
0.0000000
0.0000000
0.0000000
0.0000000
0.0000000
0.0000000
0.0000000
0.0000000
0.0000000
0.0000000
0.0000000
0.0000000
0.0000000
0.0000000
0.0000000
0.0000000
0.0000000
0.0000000
0.0000000
0.0000000
0.0000000
0.0000000
0.0000000
0.0000000
0.0000000
0.0000000
0.0000000
0.0000000
0.0000000
0.0000000
0.0000000
0.0000000
0.0000000
0.0000000
0.0000000
0.0000000
0.0000000
0.0000000
0.0000000
0.0000000
0.0000000
0.0000000
0.0000000
0.0000000
0.0000000
0.0000000
0.0000000
0.0000000
0.0000000
0.0000000
0.0000000
0.0000000
0.0000000
0.0000000
0.0000000
0.0000000
0.0000000
0.0000000
0.0000000
0.0000000
0.0000000
0.0000000
0.0000000
0.0000000
0.0000000
0.0000000
0.0000000
0.0000000
0.0000000
0.0000000
0.0000000
0.0000000
0.0000000
0.0000000
0.0000000
0.0000000
0.0000000
0.0000000
0.0000000
0.0000000
0.0000000
0.0000000
0.0000000
0.0000000
0.0000000
0.0000000
0.0000000
0.0000000
0.0000000
0.0000000
0.0000000
0.0000000
0.0000000
0.0000000
0.0000000
0.0000000
0.0000000
0.0000000
0.0000000
0.0000000
0.0000000
0.0000000
0.0000000
0.0000000
0.0000000
0.0000000
0.0000000
0.0000000
0.0000000
0.0000000
0.0000000
0.0000000
0.0000000
0.0000000
0.0000000
0.0000000
0.0000000
0.0000000
0.0000000
0.0000000
0.0000000
0.0000000
0.0000000
0.0000000
0.0000000
0.0000000
0.0000000
0.0000000
0.0000000
0.0000000
0.0000000
0.0000000
0.0000000
0.0000000
0.0000000
0.0000000
0.0000000
0.0000000
0.0000000
0.0000000
0.0000000
0.0000000
0.0000000
0.0000000
0.0000000
0.0000000
0.0000000
0.0000000
0.0000000
0.0000000
0.0000000
0.0000000
0.0000000
0.0000000
0.0000000
0.0000000
0.0000000
0.0000000
0.0000000
0.0000000
0.0000000
0.0000000
0.0000000
0.0000000
0.0000000
0.0000000
0.0000000
0.0000000
0.0000000
0.0000000
0.0000000
0.0000000
0.0000000
0.0000000
0.0000000
0.0000000
0.0000000
0.0000000
0.0000000
0.0000000
0.0000000
0.0000000
0.0000000
0.0000000
0.0000000
0.0000000
0.0000000
0.0000000
0.0000000
0.0000000
0.0000000
0.0000000
0.0000000
0.0000000
0.0000000
0.0000000
0.0000000
0.0000000
0.0000000
0.0000000
0.0000000
0.0000000
0.0000000
0.0000000
0.0000000
0.0000000
0.0733678
0.4777471
1.1372463
1.5618905
1.4467845
1.0462720
1.0583771
1.6779854
2.8432565
5.6806617
12.7155437
20.8891563
27.6298389
31.8389645
33.4110184
32.4167290
26.5239182
19.8460445
28.8641644
48.1054840
47.9786797
42.1625175
38.8987579
34.6798286
35.9577370
35.8050613
34.6899567
29.7872295
29.2266140
25.5971088
17.4303665
9.2204800
5.6540570
5.1977549
8.2886724
17.7635784
31.8386021
42.1530342
36.1617661
21.6782894
10.4030771
3.2103519
10.7774239
43.2179642
63.4428482
43.3509827
24.4286480
20.2385521
16.1536160
14.3761730
12.2014637
7.2720375
3.4727743
7.3816237
15.7821836
29.5690937
42.7199249
48.2483826
37.0796623
23.3113365
26.0399971
30.3124676
26.3814907
20.7748489
19.5895462
19.0100765
19.5296326
23.4540024
24.5108986
27.5750580
29.5986233
26.3343563
31.8912029
46.6756325
67.9208221
67.3816452
60.5497131
56.4237251
53.3300743
47.1731148
45.9143219
44.2999382
40.3648987
36.5710068
34.1403427
32.1854744
27.7779579
26.0117512
25.4089603
27.2305222
27.3447533
28.3950787
28.1520786
29.2948952
31.0233593
29.4529705
25.7779121
23.5657310
30.9776688
58.6294022
80.2814865
78.0786438
61.4824333
44.8533821
40.2558212
36.3343582
30.6930275
25.0350533
16.4605122
15.1887360
18.1970196
23.3202763
21.0953636
15.3908329
9.9083414
7.1821895
7.5537395
22.1878700
36.6549377
39.7175713
38.2723618
33.2373848
29.2811737
28.2599354
29.6426392
29.5615482
28.6657009
36.7726593
45.9962540
47.4821014
45.0963821
38.4620285
34.7540245
29.0117512
19.4483719
11.2617426
16.4192829
39.8214302
58.9015999
54.3831749
42.6169319
35.4073372
34.8980141
28.4684181
18.8260460
18.8211460
27.3002510
21.6802902
9.5716677
4.6912956
4.6922169
6.8535252
18.9596272
26.1774673
22.1275291
11.3367844
12.6676292
22.0628662
24.9078445
20.0800114
16.0627041
16.9084530
14.9503679
13.4232054
15.6899910
19.8132744
23.8655510
26.7847519
28.3501015
29.8407459
34.5454712
40.2228279
43.3710747
44.6724548
43.8151932
43.9475479
43.3885117
40.8993835
36.7105789
29.7784081
23.9555855
17.3911591
9.6210461
4.3376713
7.7043223
7.7432866
11.5895872
20.8658600
28.0388851
22.5054188
11.4212646
2.4204526
0.6720698
0.1541962
0.1253049
0.4663019
6.1564412
21.9224491
36.2630768
50.8542938
68.5449677
70.0486908
53.0720139
34.5439873
23.7170849
31.7794476
36.3633842
31.2810974
28.6338959
29.0667896
26.0773773
21.3402748
15.3263626
11.2794619
10.2958584
12.2621622
22.7270565
15.7709551
9.3505411
13.2060022
8.4641647
9.4911661
19.9534836
17.6302052
6.3503246
12.3895845
6.6970196
9.6477089
13.3065195
10.0713167
23.0360088
25.5727768
21.2025909
21.8232994
26.1854343
28.8543549
23.4648552
13.7192450
10.3700800
39.5614319
61.8950653
61.1055679
25.5690308
2.2210641
0.3933553
0.0499541
0.1705835
0.3404244
4.2212629
22.0549889
39.9280319
34.2601891
7.1234674
0.0942211
0.0531281
0.1026884
1.9424329
1.8769301
0.3024442
0.3554818
0.3896131
0.3427189
0.4358363
0.6314049
1.2831988
2.6065764
5.4170089
12.1036625
20.4815159
23.4410591
20.5049095
19.2308140
19.1063938
15.4738531
6.8235378
4.7488489
22.0309010
53.7593994
67.4947128
52.5092697
28.2793121
16.0125065
2.9584990
0.2201104
0.0363107
0.9002342
31.0028172
62.7792320
61.3628616
36.1310806
24.1993446
22.1556664
24.4111958
20.1775894
12.1682673
5.2606339
14.2387476
27.4982567
49.6889267
62.3618317
49.3080368
23.0390034
11.0314617
15.4360733
25.6002998
27.9052544
22.0807915
23.2048149
32.8415909
33.2526627
26.4328766
16.9326534
9.7389355
4.5623884
1.4847169
0.6170861
8.3781624
41.6409874
62.8586121
51.6144791
36.3885117
26.0936317
23.8052044
24.9328709
18.9063187
11.1363382
5.3532863
6.1733980
13.6329575
21.6639843
24.3462830
21.7828541
17.4348526
14.6277332
13.0960188
12.9924364
15.5896206
20.6737099
22.4088306
21.8423748
19.1043835
16.0506573
10.4445381
4.3510981
1.1936483
0.1488035
0.1423160
0.1923698
0.2220736
0.3869114
4.2377410
22.8776188
42.4489212
39.0433998
17.5474091
11.7839346
9.7490406
5.4779449
2.5599425
3.0528994
3.2144008
4.6492753
6.8811021
9.1226435
9.7890148
10.7355194
13.0249987
13.5108995
11.5005350
10.0844574
8.4732676
7.5550151
7.3223515
7.2950687
8.2421856
9.6519833
11.1808567
9.4736595
5.5803738
3.9291000
6.1495814
7.2170310
6.7719321
4.6042700
2.2173564
3.9471185
4.4653788
3.4916308
3.0826924
5.8000774
7.5903649
6.9122677
5.7101555
5.8330703
5.2502775
4.1109810
3.6032741
3.3160400
2.9668739
3.5804148
3.2599964
2.9725988
4.5889797
3.2320962
3.5430350
4.0355468
6.5716081
6.7730665
6.2478924
5.4729266
4.4761295
2.7571373
2.1401405
4.3804369
4.6903820
3.9975085
3.6244650
2.6654410
3.4724426
4.7159700
4.2022867
2.9828572
3.4435534
4.9261627
2.8506322
1.2674969
0.7180724
0.3298948
0.3515975
0.4920703
0.7301584
1.0383304
1.5132308
1.8805301
1.9232546
1.7263095
1.5281174
1.6121998
1.7931426
1.8436251
2.1065791
2.0810399
1.8822290
1.7535549
1.4093009
1.1054543
1.1695198
1.1749566
1.1431676
1.0156039
1.1500517
1.0842407
1.0855349
1.1575871
0.9228288
0.9588103
0.9606894
1.0589124
1.0330243
1.0096917
0.7837768
0.7241848
0.6524099
0.6557279
0.7305742
0.6913651
0.8055467
0.8870897
0.6645307
0.4419364
0.3585065
0.3375644
0.5041210
0.8328388
1.9676366
5.0689292
10.6291332
14.1561089
12.7832727
10.9680147
12.1345129
13.4586172
12.1030121
11.8982773
19.0185795
29.0944939
31.6775723
27.5778961
23.9467602
24.2732334
20.6553421
15.1336889
10.0015707
5.9377451
8.4384613
6.3683772
9.1247206
13.3188009
13.2170630
11.6766186
9.3088531
10.4231310
18.5074615
21.6782284
19.1611290
19.5521183
23.8778343
27.4570885
28.3604946
28.4612179
26.4374485
21.3111973
19.3606644
24.6840820
31.2219887
32.3869858
30.1749249
25.6085987
20.6098671
15.4621267
11.7609720
11.8733368
15.4877548
18.5521336
19.1541424
17.2227268
13.0453501
8.1921778
4.3172112
4.5782099
8.0218134
10.7546682
12.7489166
16.6929455
17.3367538
12.2719555
7.3832884
6.1463513
4.5706024
8.0694656
9.1727867
11.6196737
14.2308474
14.8131313
14.2302322
15.1631527
13.6119938
11.6396818
10.6816416
7.2846026
4.7305608
4.0336313
2.1730192
5.9175653
7.6016960
8.6109848
9.2566900
8.9505501
8.5263233
8.7962847
9.4669027
8.8166046
7.9378228
8.0796595
6.9444637
4.9669151
4.0790420
5.7936397
7.6985674
9.3740025
10.3184814
9.9750261
8.0163641
6.6208439
4.4328961
3.6401527
4.0055795
4.7331581
5.8542652
6.9723239
7.3759842
8.2408466
10.9693871
14.7458906
21.3500500
36.1390305
52.2721634
58.1064720
45.8045807
19.8054695
3.5302830
0.5940923
0.2306790
0.2479728
0.7563509
1.2310196
0.9644719
0.6566052
0.3327423
0.2014284
0.2840426
0.4880545
0.8784363
0.9957997
1.1742861
1.4841938
1.8309585
1.9256605
1.8992217
2.0109189
1.9915642
1.8285669
1.4856366
1.3623989
1.3063042
1.4034231
1.2245138
1.1196896
1.2897563
1.4385417
1.3024575
1.2073793
1.2839253
1.3624654
1.6464852
1.8699068
1.8392580
1.9427156
1.8683883
1.8265667
1.8878205
1.8209193
1.7235445
1.9856869
1.8494155
1.8708744
1.6925452
1.8545642
2.2920196
2.8067687
3.3587956
3.3841546
3.3865509
3.1380701
2.5291319
2.0998535
2.3019996
2.4746206
2.6565843
2.5518270
2.4817715
2.5338864
2.5469148
2.3299007
2.6126728
2.6022587
2.5906343
2.3206975
2.2730682
2.1850634
1.9977443
1.4726697
0.8560141
0.6160725
0.5032485
8.6391726
34.9013443
70.5320206
114.5718689
148.9201355
141.4152222
106.7104340
85.1429977
69.8857193
44.8507423
25.5124283
23.5140324
15.2936211
9.6283073
8.2080374
7.6459174
15.1936798
36.9432831
56.5411644
50.2727013
26.8284550
11.9397812
20.9697609
52.3006630
71.5355759
61.4823494
52.6176720
57.4906387
67.9780807
67.8256378
55.4035606
44.3848267
35.2627831
28.4799366
24.8857365
22.2610207
19.8617516
15.9462662
10.0790443
11.8157549
11.6125355
3.0590250
0.4617399
7.5129480
23.0376854
26.0892677
14.8186998
7.6838317
7.8880148
8.3918953
6.7333655
4.1641006
2.9152179
1.9958504
1.7451870
1.3045938
0.6776779
0.4482602
1.8526164
3.4155602
2.1824703
0.2389866
0.3767031
14.5244541
54.7075615
93.9738541
108.5723190
86.0200424
44.0237503
16.6353531
4.8159013
0.8599678
0.6982115
4.5260630
39.8565445
58.3722763
57.3474159
64.5850449
68.8033447
56.0498314
55.5696945
41.1916351
58.2209702
53.0101509
25.6173706
7.2164907
11.3412724
11.1873436
10.4789400
40.5260086
64.5990143
68.5430145
54.3101501
22.8431721
5.2376742
0.4936365
0.0609921
0.2922613
12.8165026
65.6166840
121.1182709
124.1999969
82.7572861
54.6912689
43.0750237
26.4938526
18.6541595
32.6149025
33.4170189
37.2421761
39.8292923
33.6151466
21.4851437
11.4228230
22.9263210
24.6467609
16.3721790
11.6606569
12.3108368
10.5320511
8.8123932
8.7056742
9.0750704
7.2096252
10.9918690
12.3936253
7.2357717
4.3420644
5.5247107
3.2942739
1.6287999
3.7815461
13.8263292
27.7358971
34.3822365
30.1191711
21.6934128
15.9847126
10.4557047
6.7569289
4.6110811
3.0149646
2.5570202
1.7267902
1.0582931
0.6222165
0.4890439
0.3680214
0.3101200
0.3456069
0.4669690
0.4002857
0.3406623
0.3255463
0.3700619
0.2498397
0.2818406
0.4620808
0.6739380
0.5902665
0.5113527
0.4700871
0.4379083
0.4627968
0.4634835
0.4481408
0.3501115
0.4403468
0.6654200
0.7477693
0.6079260
0.5628209
0.6129351
0.5918401
0.6099933
0.6396576
0.5741584
0.4390058
0.3218631
0.3424449
0.4444941
0.3870586
0.4148278
0.4296974
0.4621253
0.4258618
0.4257599
0.4283131
0.3337402
0.3720035
0.4354529
0.5562239
0.6088827
0.5673645
0.4511211
1.0829737
10.0293980
34.3942795
59.3990440
63.8991547
49.0658760
33.0727921
20.8668995
11.9722576
5.8549514
12.8527603
17.6469727
21.3391876
24.8282490
24.6639595
23.1866531
24.3273773
25.2627182
24.0845547
17.5068283
8.4880981
5.3124790
7.0547247
6.0966444
12.5356073
13.6324081
10.8553276
7.3527818
10.2138023
19.7483349
24.7801552
22.1083679
16.7443066
15.2968750
14.6659775
15.3964653
14.1441917
12.8778543
13.1554317
16.5687180
14.0189676
14.2297487
24.7005558
37.6696472
49.6509895
53.8014183
48.2517433
44.0103912
37.5521088
26.2589607
14.9263811
6.5285158
6.8399663
7.0110197
7.9496722
6.9679914
5.7266588
4.5498085
2.6335025
1.3763602
0.9174441
0.6303560
0.3467042
0.4070173
0.4906065
0.5642775
0.6240817
0.4850811
0.4517511
0.4290130
0.5224797
0.3813028
0.3613611
0.3177315
0.3677074
0.5295281
0.4791037
0.4212724
0.3748745
0.3817915
0.4207142
0.3138869
0.4477150
0.5065582
0.5511618
0.4166788
0.3357415
0.7072206
1.1554322
1.2885820
0.9953434
0.5079337
0.2550654
0.3633436
0.6604309
0.6488209
0.4661129
0.3963438
0.4845822
0.4667134
0.4851301
0.5276847
0.4084989
0.3256228
0.2868346
0.3706700
0.4138757
0.3811806
0.3598732
0.3610892
0.4876024
0.3623234
0.3938184
0.4049928
0.5338793
0.5260137
0.4735163
0.5414831
0.6251277
0.6747844
0.5591518
0.4287609
0.4322019
0.5124649
0.6123809
0.8658180
1.8078108
3.6930559
4.8281989
5.2404251
9.1608677
18.8679447
28.1978416
31.9745617
31.2728348
28.9840641
25.1685905
21.8418617
21.2280312
23.7178459
27.8621635
31.0953293
24.1397343
11.7835817
2.0528359
3.1056085
20.8541470
48.6164513
44.7796860
15.3415089
5.4976501
3.9247224
13.5846319
23.8146687
20.0258846
13.7477522
10.0487385
15.6810884
18.1909294
14.4269657
10.9966402
9.0315933
8.6482887
7.8694992
4.6217251
1.3244301
0.3477761
0.1082281
0.0794035
0.2498055
1.8800175
14.4753647
36.6013069
47.7183800
37.6701393
23.8095341
22.2471981
28.0020809
29.8508129
32.1087341
32.9657097
31.6215553
31.4824200
27.3703804
26.1273403
20.8132839
14.9881458
12.1701336
9.8696623
8.8540649
9.4706306
9.4464970
9.1407976
9.5940666
10.0366383
8.6864758
7.5301938
7.3563147
7.5776758
9.2105303
10.0180330
7.6591482
3.7612982
5.4751859
7.3527441
5.5368581
4.3347282
10.2696915
10.5704098
8.0896940
6.7230740
6.4470944
5.7336330
4.0424142
2.3367457
2.6376193
3.3921657
4.8067727
6.0077381
6.0528917
5.4113655
4.7565632
4.3090372
5.7851715
9.3427801
12.2202387
13.1219912
14.0052900
13.8873081
13.4424524
12.0923367
9.2395391
6.7140360
6.3152866
8.0548515
9.3590889
9.0753593
7.6916943
5.6036963
3.8525453
2.4214365
0.9841515
0.5801570
0.3499549
0.1775355
0.2602373
0.4833394
0.7873859
1.1971195
1.6696146
1.8074766
1.3836834
1.1063546
1.1734146
1.3324172
1.2271016
1.1603014
1.4154340
1.6836952
2.0737314
2.1232431
1.9046246
1.6399322
1.1767367
0.8115494
0.6254979
0.5395775
1.0685757
1.1224964
1.2413632
10.4750319
42.8826485
84.4495087
106.6445923
91.2696457
77.2983780
79.8714294
84.0515594
64.0238495
33.6226044
39.2641754
32.9728584
20.3710957
13.9818478
20.2626991
28.2232609
50.0105057
67.7092972
57.4854965
36.3274994
30.7921658
28.0005302
21.3745174
19.6701107
15.5138636
6.3278971
0.5355409
0.3204533
0.4991862
7.5117707
27.3970146
43.5285187
43.5069427
35.7472763
28.9706097
20.8190842
15.0534344
12.2589245
11.5067396
16.4644508
30.9029560
40.4420624
35.1040611
24.4890099
17.2421360
7.6114006
9.6032610
13.3752766
16.3886909
18.6056976
16.6367874
12.5068264
10.6038265
10.9109402
13.5145483
24.6842995
42.2568283
50.0863037
39.9104729
24.4928322
18.1454601
15.0303612
13.9949093
12.4019880
8.3723755
10.7738991
10.6273384
7.2151499
5.7932777
5.7484570
7.0956707
8.5607195
5.9505587
4.1995826
8.1080694
9.1942863
8.1706276
5.6769848
3.2176199
8.9427681
12.8676271
12.1534605
11.5302773
11.7886047
6.6388936
0.9576564
0.2690680
12.4181681
56.9499359
92.2260437
83.6171570
37.0847969
16.7576866
13.9912949
12.3847246
6.8167934
2.5458143
19.4132404
38.4316292
41.4325066
28.0786285
4.6710186
2.3559599
1.4002776
6.1890011
17.1130505
25.5728970
35.7789879
56.2838440
73.4084702
69.8579102
43.9685707
19.0135117
13.2578583
9.1882744
16.6447754
39.0188599
33.0731277
13.9168758
8.1524153
11.9944496
11.3607492
16.6666813
20.6248093
21.2111263
28.7913265
36.9893684
38.2458649
33.7912865
34.2108955
32.0642509
30.7587776
26.5091114
14.7053261
4.0757151
0.3582293
0.1778540
1.9222789
9.9210911
17.8358078
18.3131676
20.5195942
28.2724247
33.1306343
35.4821587
34.1566544
32.5975227
20.5772057
9.2662601
15.8268385
33.4386139
40.5173416
29.1486454
23.3439255
19.1589947
12.3058290
3.7342119
0.8051254
0.3743629
3.5572233
17.4127216
23.8066139
13.1938457
3.8042905
0.5611565
2.9702270
21.9091682
52.7736244
76.7324753
95.9256668
94.8688126
70.8047867
37.6915092
21.2071228
21.9117756
21.5257168
17.1085110
12.0158978
8.7616892
5.9196053
4.5158148
6.5351558
4.9419451
2.9893560
3.0694284
4.0547371
4.9668446
5.7140007
5.7383294
6.0504932
6.2386503
5.7026348
3.0025468
1.1915466
5.0623546
28.7550144
59.3497963
67.1365967
52.9283066
41.5278358
35.3239784
32.7776833
29.5164223
27.3564606
22.3806267
15.6310415
15.2697620
15.3584871
16.8586082
14.7693710
7.1295033
2.9285822
3.4086292
9.1443167
32.7955360
63.6412544
69.3891144
50.9207726
36.6940155
26.2668190
33.3358231
46.1796379
51.0881844
48.0348244
41.3541565
35.7553291
33.3181114
33.9358864
30.7070808
25.5228348
25.5300884
26.4998531
22.7377090
14.2699680
7.2583241
5.4017534
4.8744245
4.1626863
4.0477195
12.7950239
34.0420494
45.7009773
36.0936890
14.6152239
11.9949741
18.8405113
16.0198307
12.7630272
19.4650764
22.9497604
19.4773941
16.0152283
14.9626751
10.5738678
3.0318434
0.9919573
3.7094469
17.2092323
34.7107964
41.2876625
43.3871155
35.8176460
23.9609489
18.0247536
17.9389839
16.2689667
18.9138756
19.0398254
11.4053450
8.1848888
6.5358253
9.0491295
14.9992714
18.7152538
24.3543911
25.4433537
27.2412567
32.0094147
33.2653427
29.5544605
30.4541397
24.8805962
13.0800028
8.8383923
9.8635826
16.7495270
3.9383872
2.1526365
3.0267076
1.8485396
1.1477470
0.6752015
0.3482679
0.3182183
0.5810146
1.3287091
2.3915272
2.0728183
0.8352922
0.5016369
0.4531657
0.4588056
0.7204883
9.3794069
46.8359375
107.1144104
149.5727692
143.7577209
90.0165253
29.6252460
10.9763088
2.4380920
2.3062477
10.8122139
24.1153831
30.4450378
37.1502686
50.9637375
58.7132072
49.1747704
29.2124329
10.2162561
3.6380832
0.4620851
0.1037788
0.0578232
0.1844343
0.3232104
0.3372853
0.5080549
0.7616448
1.0482471
0.9586896
0.6172268
0.3787307
0.3207912
0.4365266
0.4561362
0.5112491
0.9728289
8.0213594
32.3334618
62.3109894
70.4938278
49.9289856
22.8178749
8.5931549
3.8258955
0.8097595
0.6954480
5.0894852
13.4981537
16.9497623
13.8577290
10.3582287
17.8627777
31.7945538
38.8087883
35.9802055
29.2111168
18.4245834
8.4749756
1.4751598
0.2783675
0.3366477
8.7527847
25.3919907
28.3222103
21.3798981
16.2295666
15.0920095
15.3328638
15.3125830
12.3176098
5.6140027
1.5419819
1.4857610
1.1039007
0.5197572
0.2162836
0.2306800
0.4423864
0.3713638
0.1059046
0.0110826
0.0003062
0.0000000
0.0000000
0.0000000
0.0000000
0.0000000
0.0000000
0.0000000
0.0000000
0.0000000
0.0000000
0.0000000
0.0000000
0.0000000
0.0000000
0.0000000
0.0000000
0.0000000
0.0000000
0.0000000
0.0000000
0.0000000
0.0000000
0.0000000
0.0000000
0.0000000
0.0000000
0.0000000
0.0000000
0.0000000
0.0000000
0.0000000
0.0000000
0.0000000
0.0000000
0.0000000
0.0000000
0.0000000
0.0000000
0.0000000
0.0000000
0.0000000
0.0000000
0.0000000
0.0000000
0.0000000
0.0000000
0.0000000
0.0000000
0.0000000
0.0000000
0.0000000
0.0000000
0.0000000
0.0000000
0.0000000
0.0000000
0.0000000
0.0000000
0.0000000
0.0000000
0.0000000
0.0000000
0.0000000
0.0000000
0.0000000
0.0000000
0.0000000
0.0000000
0.0000000
0.0000000
0.0000000
0.0000000
0.0000000
0.0000000
0.0000000
0.0000000
0.0000000
0.0000000
0.0000000
0.0000000
0.0000000
0.0000000
0.0000000
0.0000000
0.0000000
0.0000000
0.0000000
0.0000000
0.0000000
0.0000000
0.0000000
0.0000000
0.0000000
0.0000000
0.0000000
0.0000000
0.0000000
0.0000000
0.0000000
0.0000000
0.0000000
0.0000000
0.0000000
0.0000000
0.0000000
0.0000000
0.0000000
0.0000000
0.0000000
0.0000000
0.0000000
0.0000000
0.0000000
0.0000000
0.0000000
0.0000000
0.0000000
0.0000000
0.0000000
0.0000000
0.0000000
0.0000000
0.0000000
0.0000000
0.0000000
0.0000000
0.0000000
0.0000000
0.0000000
0.0000000
0.0000000
0.0000000
0.0000000
0.0000000
0.0000000
0.0000000
0.0000000
0.0000000
0.0000000
0.0000000
0.0000000
0.0000000
0.0000000
0.0000000
0.0000000
0.0000000
0.0000000
0.0000000
0.0000000
0.0000000
0.0000000
0.0000000
0.0000000
0.0000000
0.0000000
0.0000000
0.0000000
0.0000000
0.0000000
0.0000000
0.0000000
0.0000000
0.0000000
0.0000000
0.0000000
0.0000000
0.0000000
0.0000000
0.0000000
0.0000000
0.0000000
0.0000000
0.0000000
0.0000000
0.0000000
0.0000000
0.0000000
0.0000000
0.0000000
0.0000000
0.0000000
0.0000000
0.0000000
0.0000000
0.0000000
0.0000000
0.0000000
0.0000000
0.0000000
0.0000000
0.0000000
0.0000000
0.0000000
0.0000000
0.0000000
0.0000000
0.0000000
0.0000000
0.0000000
0.0000000
0.0000000
0.0000000
0.0000000
0.0000000
0.0000000
0.0000000
0.0000000
0.0000000
0.0000000
0.0000000
0.0000000
0.0000000
0.0000000
0.0000000
0.0000000
0.0000000
0.0000000
0.0000000
0.0000000
0.0000000
0.0000000
0.0000000
0.0000000
0.0000000
0.0000000
0.0000000
0.0000000
0.0000000
0.0000000
0.0000000
0.0000000
0.0000000
0.0000000
0.0000000
0.0000000
0.0000000
0.0000000
0.0000000
0.0000000
0.0000000
0.0000000
0.0000000
0.0000000
0.0000000
0.0000000
0.0000000
0.0000000
0.0000000
0.0000000
0.0000000
0.0000000
0.0000000
0.0000000
0.0000000
0.0000000
0.0000000
0.0000000
0.0000000
0.0000000
0.0000000
0.0000000
0.0000000
0.0000000
0.0000000
0.0000000
0.0000000
0.0000000
0.0000000
0.0000000
0.0000000
0.0000000
0.0000000
0.0000000
0.0000000
0.0000000
0.0000000
0.0000000
0.0000000
0.0000000
0.0000000
0.0000000
0.0000000
0.0000000
0.0000000
0.0000000
0.0000000
0.0000000
0.0000000
0.0000000
0.0000000
0.0000000
0.0000000
0.0000000
0.0000000
0.0000000
0.0000000
0.0000000
0.0000000
0.0000000
0.0000000
0.0000000
0.0000000
0.0000000
0.0000000
0.0000000
0.0000000
0.0000000
0.0000000
0.0000000
0.0000000
0.0000000
0.0000000
0.0000000
0.0000000
0.0000000
0.0000000
0.0000000
0.0000000
0.0000000
0.0000000
0.0000000
0.0000000
0.0000000
0.0000000
0.0000000
0.0000000
0.0000000
0.0000000
0.0000000
0.0000000
0.0000000
0.0000000
0.0000000
0.0000000
0.0000000
0.0000000
0.0000000
0.0000000
0.0000000
0.0000000
0.0000000
0.0000000
0.0000000
0.0000000
0.0000000
0.0000000
0.0000000
0.0000000
0.0000000
0.0000000
0.0000000
0.0000000
0.0000000
0.0000000
0.0000000
0.0000000
0.0000000
0.0000000
0.0000000
0.0000000
0.0000000
0.0000000
0.0000000
0.0000000
0.0000000
0.0000000
0.0000000
0.0000000
0.0000000
0.0000000
0.0000000
0.0000000
0.0000000
0.0000000
0.0000000
0.0000000
0.0000000
0.0000000
0.0000000
0.0000000
0.0000000
0.0000000
0.0000000
0.0000000
0.0000000
0.0000000
0.0000000
0.0000000
0.0000000
0.0000000
0.0000000
0.0000000
0.0574595
0.4542079
1.0677800
1.3103242
0.9903351
0.5692756
0.3721792
0.5548439
1.1792194
1.6801744
1.7495699
5.9239984
16.7589302
25.9905224
38.0215797
54.2045479
62.4525604
64.0344543
64.6070938
65.1967392
70.4685440
72.3829880
72.1178741
64.3864899
54.4589996
41.2383499
27.1024151
17.2813168
65.6490021
81.9069519
92.6005020
100.6082687
103.2736816
98.1381760
84.4042053
65.8217010
58.4170036
56.8523331
54.4163208
46.4403763
41.0589256
37.1000214
34.9737511
31.9101295
30.3176136
28.7148285
23.8509216
15.9573431
7.5408783
11.0145950
11.4787788
4.7576561
0.9859216
0.2556581
0.3003828
0.5061696
0.7292476
1.7404636
1.9968171
1.1482427
0.4682218
1.0446851
5.6648788
19.2147350
48.1091919
79.6911774
82.4078445
52.2762909
21.0244293
9.8798361
11.8849125
10.8907700
8.5606785
4.6315289
1.2085118
2.3927171
7.6853337
10.2991695
13.6852827
20.0722408
31.6964340
50.7108345
72.8789902
89.9583664
97.2078552
100.0875397
99.7799530
99.5868073
93.1582336
82.0330429
69.1544418
56.0561028
50.6311913
46.6602669
43.7290840
42.2533722
38.6411972
37.5730209
45.9490738
51.0805016
37.6112289
22.0572491
14.6310129
11.8908806
13.0781212
10.7952785
7.0594149
2.5492320
0.6335808
0.2994617
0.1255707
2.0653219
17.2638531
27.9273415
27.6621552
22.2664814
18.3588257
16.1198101
14.7219210
12.2047234
5.9342008
1.2430348
0.3383808
0.1644991
0.1066575
0.2280819
0.3277659
0.4169269
0.4625697
0.5785574
0.5576826
0.3346801
2.1334088
13.1588230
29.7194633
37.5830460
33.2208595
24.3360748
19.9496002
16.5095634
20.7749176
34.8104019
42.9957428
35.2755966
35.7830086
53.2739182
64.0861664
48.1024170
35.6596527
25.0291786
25.7747707
43.1353264
51.7946205
56.3180733
67.0003357
76.0969467
73.4279633
59.8623695
43.5351944
40.2273216
48.0436172
54.1417313
45.9278374
40.9168015
35.8372917
36.6521263
35.1198349
28.5191212
23.4479103
20.1339111
16.1033688
14.9151068
17.4118271
23.5174046
28.7343998
25.4732170
19.6064854
15.7649622
21.2116985
21.2078781
13.4333763
8.9961100
9.2335110
10.0904646
6.7393818
2.9069889
1.3747319
0.6986922
0.4441232
0.8475664
19.8939781
76.5653229
133.8800354
147.7784882
129.9132080
110.8540955
92.1849136
62.2929077
32.8217621
13.2402678
2.3777914
2.1708300
6.0166993
1.0647491
1.3932143
30.5313854
103.8971939
155.0848694
141.5607452
89.7950287
73.6790009
72.9169769
86.0529709
104.0445633
100.6468735
74.0871811
43.6987038
19.4509315
13.9706173
21.8049583
25.3721676
25.2717991
23.4768391
25.5250683
27.9725819
24.6142826
15.1309900
10.5636740
8.5390806
4.1275959
1.4386052
0.7532884
0.3532843
0.2443860
0.1763109
0.2527680
1.7037011
17.1287956
46.4268913
63.2623367
51.7128983
32.5261765
20.9373150
14.2414675
9.1154737
7.5743876
9.8146553
8.6420813
15.1870174
14.3572617
14.8873844
19.2729645
17.1457691
12.7461033
10.9790945
11.2035618
10.1777325
9.5758429
10.2537785
13.2127380
16.8043652
18.1549377
16.0900593
13.4182787
14.1463928
14.5732250
9.5481739
1.9825232
0.4588509
0.3142346
0.2829940
0.3763015
0.5508195
0.6685669
0.9656181
1.0445344
0.7387654
0.5978454
6.7215099
36.8663979
86.2646408
122.1897888
119.5930862
99.3771286
74.5173264
53.5509682
34.5000000
30.8517723
83.0936813
111.4893112
111.4185867
103.9216995
104.8377457
107.1364365
103.3988724
96.3254395
94.6626129
93.8182144
75.7141647
38.7995682
11.3424168
2.6826105
1.0810463
0.5890607
1.6149141
12.3883486
29.3250160
29.0154743
13.1272440
4.6868105
5.1953716
4.6447458
4.8862782
4.7534113
3.5363145
2.1027703
1.2670000
0.8029683
0.6219363
0.4765471
0.3411566
0.2216997
0.3205122
0.3033156
0.2560785
0.2560629
0.3071590
0.3563359
0.4760820
0.5575607
0.6172131
0.6349252
0.5403163
0.3912288
0.3137054
0.3303932
0.4170266
0.3265057
0.3892471
0.4304846
0.4950833
0.4888140
0.5258849
0.6060273
0.5087103
0.4478068
0.4221497
0.4656755
0.4838180
0.6283324
0.7816318
0.7651376
0.5664315
0.5042349
0.5326934
0.5927541
0.6083393
0.5843649
0.5975435
0.5127472
0.3983285
0.4614412
0.7372460
0.8953756
0.7839936
0.5727883
0.3946565
0.3011739
0.2720977
0.4743882
0.5760029
0.4540967
0.3964608
0.2860431
0.2738732
0.3668671
0.4971659
0.6074625
0.6688276
0.5131262
0.4054338
0.3424211
0.3007583
0.4624377
0.7123467
1.5464892
2.5295863
4.3717842
8.0185881
14.0801144
17.9679775
15.9643650
10.8176250
8.1495695
8.0714340
9.1664124
9.8527660
9.6600704
9.2567482
17.0329819
38.5562820
52.5540962
43.2986183
28.8864765
26.2280655
36.5766068
50.8367043
66.6402283
89.2757797
90.8308029
79.4096985
73.0686264
70.0918274
57.6445045
35.2337608
17.2949505
33.8779106
31.1456585
20.4918251
13.1921377
6.4071951
1.2933921
2.6198478
12.7331114
41.7479286
92.2928772
113.0695190
87.6499405
65.9444427
40.3052101
20.5868683
19.4067974
42.5944290
48.0107460
29.6255188
21.9907551
23.6810894
18.9844952
12.4832602
9.9769306
8.9776850
4.6076670
7.7933025
8.1299534
2.2477491
0.3971801
0.3601241
0.5097677
0.6451907
2.4749780
14.0963221
32.4608192
41.9801826
33.5161209
19.0677853
18.8404655
24.8307953
27.3185539
35.1503220
43.8228226
41.9594040
28.0005074
24.1733265
51.3612366
73.5312271
74.0145721
68.5326233
64.9525375
67.9470596
71.9128876
75.0157318
70.2125092
60.2037201
51.4968109
43.0375900
31.1842327
19.9525890
16.4295139
21.6938801
20.2844582
17.5151405
14.1764126
9.7499371
7.0504875
5.1055183
6.4468579
10.7836857
12.5065308
10.4205284
6.3557043
1.7742290
6.3717933
8.5189095
5.4859390
2.9499612
1.5679221
1.2505326
0.9567813
0.7042025
0.7409728
0.7896349
0.6458914
0.5887349
0.5014894
0.5358602
0.5299506
0.5281725
0.6095539
0.6089765
0.4636916
0.4714633
0.5115581
0.4005331
0.3359324
0.4820902
0.5277894
0.4116120
0.3589940
0.2739409
0.3268809
0.9451709
1.8535870
2.1920502
7.8905568
25.3016052
42.1048889
42.4840622
28.7939072
17.5710526
9.8962526
3.6417503
0.5919636
0.2250589
0.4694308
1.6596286
0.9304895
0.1722171
0.3477235
0.5969379
0.8759313
0.9975572
0.9650611
0.9788282
1.0332835
1.1900761
1.2885077
1.2984453
1.1709312
1.1209744
1.0507019
1.0633889
1.2280166
1.1102742
1.1891544
1.2474556
1.1495650
1.0077266
1.0784901
1.2838305
1.5226759
1.5700488
1.4139980
1.4701641
1.4061067
1.4614952
1.6284082
1.7880534
1.6416736
1.6259153
1.6764827
1.7878407
1.6155992
1.2859627
1.2288263
0.9425875
0.8246602
0.9163231
1.0196462
1.1393425
1.1542958
1.1521567
1.2290798
1.5470555
1.7958224
1.4913193
1.1130939
0.9341551
0.8167930
0.7885939
0.6745747
0.6292734
2.6073079
17.4708481
43.2933159
69.7403946
92.5519485
87.0831985
51.5787811
30.6731205
32.8059387
46.6644516
49.3986702
46.4809151
42.9943504
30.9985828
39.2335548
70.2097931
80.4702301
83.5347443
96.9992676
115.2815094
120.5440674
107.3613739
82.6924820
64.3352814
56.1597939
50.2560234
37.8094711
24.9502602
22.4055481
29.7097416
37.9977837
39.7834091
38.3626099
38.8424950
36.3173027
32.8939934
27.3202915
25.7296906
24.5854874
27.1820774
33.8571815
32.4182777
27.3047581
27.5453320
22.9673615
17.7297459
15.1686058
15.0794973
14.7969933
14.5390778
14.2608004
14.8217592
13.0154028
10.9788389
9.5789967
8.8386879
5.5411134
1.1384925
0.1040004
0.1086375
0.3707696
0.7974280
0.9624217
0.9568499
0.8996831
0.5812219
0.7507889
15.3670359
48.7913132
68.6831360
54.4383125
23.8043270
9.1491251
3.5699627
13.8056955
56.5329590
91.5733185
80.9237518
48.0226059
27.4779968
25.5584755
33.5227356
34.0219994
28.4710541
29.7360306
33.2921410
27.3296700
15.5268221
7.5309472
4.5281134
5.5064425
14.5462217
21.3853569
21.1423893
9.8220959
0.9121662
0.2670319
0.3018796
0.4282776
3.3552451
34.0279770
94.0041122
139.4801483
140.3458252
103.5535355
69.0591049
41.3840942
27.0661259
39.0678635
54.4324875
58.1696091
51.2500343
47.2858124
43.5153008
33.4765625
26.1789474
14.7360525
10.3300982
9.0268250
9.6748304
9.6484327
9.7928648
10.4707155
10.3095875
4.8356762
5.3222966
7.0238662
5.0366750
3.8145046
5.7477059
8.4649172
9.5470858
9.1207991
6.9709592
5.4549904
7.2013817
6.4671445
7.4936886
9.9806175
13.5115671
14.1872597
15.3555756
24.4453068
36.7363472
31.2434998
11.0489941
0.3095219
0.3047912
0.4323825
0.4674433
0.4252200
0.4185650
3.3928754
18.7654305
55.0513420
90.9871750
98.0387421
92.4056473
93.1445618
79.4059601
45.5703278
18.3436928
16.9630890
15.0293255
13.4271736
12.2960281
12.5506706
12.1412325
11.9881830
23.3880119
54.1493721
81.6775055
88.1417923
84.0517731
85.0231781
85.6266861
80.4643936
65.9163742
41.5156631
21.0631981
14.3761292
20.2428780
20.5902653
13.6681395
12.7837772
16.8322601
13.7602310
7.3089623
9.2534819
10.2198915
4.7706366
14.0606642
47.3820953
94.6715775
128.8141937
111.3624344
69.3914261
31.5254631
14.3318815
17.1093922
12.1942711
6.0477600
4.8293948
9.6069422
9.1004200
14.8549957
33.6489220
45.2769356
41.5206604
33.0565262
34.8856812
39.2795639
36.9712791
47.6207008
82.0373611
99.2755890
79.2651978
48.5736122
28.1183510
12.3452978
23.1560917
40.2988281
45.1527634
35.3638306
19.0159206
8.1951246
9.3218431
11.6358213
10.0427074
11.3426971
11.9660225
3.3295083
6.9969988
20.8555984
30.1482201
23.9753914
13.7445621
15.8379412
18.5824127
11.7840939
2.2408292
1.9176731
3.7296529
4.6883993
4.9967899
5.1002526
15.6906872
48.9206810
75.2895050
62.9043846
35.6208687
20.8605251
20.1592426
26.8258018
37.5870857
45.6990623
43.1031151
34.3728828
26.2181568
22.6918278
19.7419281
12.0872107
4.3615217
5.3850951
3.4768195
14.2924948
31.6794491
57.8795395
87.1695175
94.7377930
90.7547226
90.1122818
77.9509430
66.4000320
57.2862549
56.2360764
62.5927429
62.9814873
51.7600708
35.1882629
19.1789131
25.8336372
31.5712261
26.2871075
33.4479523
35.7052345
20.7750244
13.2188225
14.8442097
15.8459635
5.6863885
0.7941550
0.2624188
1.0328603
3.3030322
5.5902495
5.4827237
5.3279076
5.1364627
5.1137381
5.4546523
5.7930107
5.0834179
5.1075816
5.5019522
4.7558551
4.1160250
4.2234640
4.0145116
4.0359082
3.9634595
3.7755508
3.9830151
3.9277289
3.4925861
2.9318995
2.8667822
2.8228984
2.3516707
1.7320129
1.3944070
1.3117278
1.4770232
1.7111337
1.4250031
2.0209119
3.5535672
3.1794856
0.9607720
0.4772170
0.4463674
0.4386264
0.3091844
0.3371390
0.4595051
0.3754299
0.4241803
0.4905289
0.4709389
0.4433729
0.4164380
0.4161720
0.5440261
0.5712397
0.4217907
0.2751917
0.2631432
0.3691271
0.4452262
0.4386596
0.4956638
0.6045609
0.6798779
0.4552009
0.3434251
0.3568671
0.3873845
0.3913036
0.3496116
0.3778966
0.3964044
0.5495609
0.9987965
1.3961226
1.3501688
0.7589225
0.3741007
0.3308033
0.3094012
3.2781241
14.2921839
27.5298195
32.0782471
25.3085842
22.5262508
29.4139595
51.8808174
83.6001816
112.0569382
133.9936218
156.9029083
165.1472168
166.5443878
146.7645416
102.7938614
58.2626190
24.6522293
11.0384445
16.5209198
26.6903038
40.1326370
42.6395912
20.9394798
5.9503593
30.2975750
77.7798386
108.8824844
99.2387390
75.3874817
45.9964104
29.1366882
22.6054649
21.5042400
19.7072811
20.4685173
58.9250641
101.1213455
116.1515274
91.7569809
50.3621445
26.0948296
18.4690247
12.8183041
11.7310209
15.5488415
17.1687870
13.5244961
9.4391212
6.7425160
3.7841127
2.1401010
2.1274183
4.8879366
10.9150152
15.5025530
13.1732044
3.3270001
0.2525181
0.0649487
0.0670294
0.1285138
0.3660166
0.5178888
0.6067979
0.4905797
0.3031394
0.3683335
0.3985049
0.5712543
0.4413172
0.5116621
25.6186295
89.9479675
143.4864807
131.2961426
63.5204659
28.0397377
26.0668068
23.8855629
16.2368908
9.4416113
1.9931072
0.6444926
0.1071337
0.0308140
0.1466664
0.4046333
0.7406876
1.2962861
7.2025442
57.4008560
144.7254791
188.7420197
139.5999603
62.1865120
35.1947403
26.6089115
45.7732582
58.8723602
55.2096367
58.7966537
72.9484100
87.0455322
87.5150299
70.4550400
42.3858070
9.3083944
2.7813771
7.6125689
29.8159657
59.0170326
62.3318024
50.3485336
42.2167168
42.1474800
35.5417786
27.6165333
18.7339115
12.7050571
20.0772552
25.4933395
32.7335548
40.4288521
39.9536171
37.3195496
34.4168205
28.8995934
23.3869038
25.5739632
24.0395947
18.8262196
12.3579550
7.1337290
16.7550564
25.8660870
24.1803722
13.6442871
5.6961489
1.9524832
1.0509017
0.9980785
1.3823497
2.7678804
15.2971296
53.3417511
90.0135498
89.5565796
52.7243271
31.4525776
19.1794930
15.0221338
17.9282227
13.7554884
12.9747982
20.9919243
43.6085892
56.5067062
44.6185188
31.9943409
21.7581024
19.3209381
10.9351845
13.2365780
19.0300980
17.0100956
8.0528307
10.2647905
28.0404682
36.5613022
24.5806866
5.0877004
11.1146631
46.2285118
89.0765305
100.6518936
81.6307297
60.1179924
46.2827988
36.1511116
46.7270889
39.7738075
28.9633007
22.1320076
23.0778522
31.1481838
49.6130219
81.6438293
92.6202316
89.9159470
76.8983383
68.1691971
60.3840790
53.3722610
46.8899536
41.0411339
35.4512138
29.7079544
27.3165646
28.3409958
27.6360245
19.4145908
10.7372017
18.3269901
23.0485268
26.5406837
25.8211021
21.8078327
19.5726032
19.1606503
18.8127441
16.9757423
12.9184875
11.5597458
11.9427528
10.2267923
9.0273781
9.7534876
9.4949608
7.4432745
6.1599331
5.3217287
4.6648374
3.1999569
1.1959072
0.6129739
0.5342989
0.5706703
0.4292748
0.3650584
0.6797398
1.4196043
1.9941591
2.1365938
2.3054643
2.2016416
1.9708748
1.9066434
2.2227304
2.3516142
2.5536199
2.6644037
2.6153312
2.4894288
2.6138821
2.9026225
2.6945882
2.3461959
1.6877404
1.2377989
1.2927884
1.4007044
1.1879251
0.8897464
0.8134854
0.6961620
0.5730680
0.7661858
0.8733077
0.7467826
0.4856577
0.3492829
0.3658067
0.3876953
0.4420209
0.7058813
0.7802607
0.5389853
0.5474302
0.5888423
0.6196488
0.5975556
0.4887754
0.4555580
0.3485075
0.4246149
0.4308036
0.4593590
0.5899277
0.6188454
1.2238152
2.8822460
5.4382858
7.9976568
12.2930450
20.2962208
30.9278812
40.9882011
46.5571785
45.6786766
40.1884041
24.7899265
25.2867661
33.1454849
31.2205353
32.1793060
30.2304268
27.4519939
27.9758434
31.1398983
31.7376060
29.8086548
29.9514008
32.1159477
31.7538795
28.8684444
28.2550449
27.1399612
26.6762829
27.3049088
26.9480572
26.9064846
26.9111633
27.2337761
23.8649063
21.8946857
19.4024639
15.8700552
14.5723114
14.5702782
14.1401453
11.8499842
10.2798958
9.5535755
8.3099756
7.4914074
6.0380011
4.9262538
4.1993899
4.3367615
4.2474999
2.9087801
1.9044644
1.8179444
1.5904440
1.6647406
1.3985739
1.0195736
0.7351425
0.7665710
0.5957089
0.5927444
0.4899533
0.3878362
0.3001743
0.2883661
0.2832245
0.3304564
0.2894174
0.5133323
0.5802773
0.4144815
0.2746731
0.2351748
0.2494215
0.5246000
0.7491830
0.7858927
0.5207433
0.2520205
0.2841104
0.3256905
0.5237405
0.8305948
0.7954814
0.5180100
0.1945959
0.2367936
0.4367043
0.5346151
0.5729783
0.7224390
0.8956202
0.9661694
0.8821147
0.9962618
1.1287842
1.1955558
1.2084985
1.3939481
1.6512938
2.0918829
2.5813701
2.7213597
2.5465245
2.4678421
2.4404428
2.1814880
2.0145440
1.4677167
0.8284015
0.5649167
2.2645462
19.2067471
50.2169456
95.4215393
132.5442810
111.9478149
51.8392677
22.3867092
18.8207779
16.6066513
9.0728092
16.3175316
22.7751389
21.4490395
30.3169575
27.7223034
41.8075676
72.3426437
101.1402435
122.2081223
136.7634735
149.4071960
149.3889923
107.7032471
39.5041351
13.5918350
47.2266579
91.3914566
98.6713486
74.7072601
55.9780540
37.8820114
15.9610844
13.1923075
14.9425230
9.4735785
5.6828623
29.6800823
75.4151306
91.2258377
80.7253342
69.6244049
66.3205795
79.3387299
68.3213501
52.4624290
34.1190071
20.3347797
14.2749510
9.1489048
4.6385965
7.9569259
18.4626389
31.5365486
64.4419327
129.3512878
182.2248230
173.2364960
117.6303787
70.4657288
40.5617867
21.2229137
14.8134880
9.9908190
5.6867552
5.5291424
5.0203714
4.3974872
5.1518154
5.8952789
4.6463823
3.7374749
17.2773323
54.6077461
82.2180786
76.8070221
57.1517830
39.9607277
25.5579071
17.6846428
25.3641109
22.4891968
13.7414770
3.0066252
1.6049701
0.3958657
1.5866781
13.0636272
40.6441231
77.7642746
103.8489685
119.0301361
123.6960602
126.5592804
105.4619751
82.2565002
76.8144836
74.4495697
75.4379196
65.9722900
56.0204811
52.2021370
43.6691360
33.5657539
19.0832043
7.5375614
4.9090161
5.4221082
6.8848243
11.1360378
9.8142319
7.6052995
8.1711693
8.5102968
4.9728522
2.3733437
11.2390308
35.6601639
55.1544304
56.1728134
44.7385674
29.9921970
20.8879261
16.4992313
18.6408234
20.8264866
21.1698208
20.3600388
39.7071228
71.3930664
75.7801132
49.8443375
28.6494999
14.8452740
12.3319855
12.7103806
10.0932598
9.0102024
10.6443577
19.5665512
30.3138142
33.2443619
23.2928772
7.7907810
3.4651208
0.6159523
0.1322695
0.1675772
0.3253537
0.5220299
0.5823763
8.5528069
31.7621040
53.2317390
61.2934685
65.3845673
77.7916641
84.2330017
88.3294296
89.1388321
81.1726303
49.0143166
25.6367493
9.5020094
0.6016878
0.3098374
0.1702155
0.1993674
0.4399500
0.7932932
0.9360994
0.7424839
0.6177167
1.1533868
3.7683618
8.9808731
13.3816137
13.2923059
10.1347170
8.2451286
7.5558872
6.1250401
5.1274858
3.8490839
2.4734793
1.0574057
0.3158464
0.3996150
6.5739231
28.6278992
54.8687172
64.5600357
55.7141876
55.1386185
71.3236160
111.2395248
178.2025757
194.0174713
160.7764435
116.2398529
175.5430603
145.6081390
64.4491043
30.6948948
34.8527527
34.2737083
22.7979717
18.2354355
33.7608185
65.2004089
83.4228439
75.2401199
55.8613014
43.7260017
38.2975273
44.1512146
68.1083450
74.3008270
68.0392456
59.1155014
46.3229599
34.7967911
26.6455231
19.5063820
12.6599932
5.4916282
1.8322291
2.8506124
4.3681583
4.7282577
4.0182385
2.6538692
2.3556995
2.9572854
3.9148932
4.9380903
7.0439987
9.3200855
10.6423550
10.5325813
18.5873756
46.7077293
77.7775574
84.0978317
65.2215271
46.5434799
34.6970329
16.4144630
9.8900909
5.5670958
1.7239997
2.8238723
20.4861393
53.4010963
72.9141693
66.5202866
52.8818588
35.3615265
26.4440765
35.0508690
45.4530144
33.2846870
18.6413364
14.0008802
8.0513544
10.1713581
4.3960066
1.2208356
7.9695683
23.9443016
29.4385738
30.8935661
44.4159698
63.7264023
82.2352982
103.1916580
104.5785751
89.6641312
65.1298141
78.1746826
77.7300873
50.0732803
30.1297112
16.2555199
8.1861706
9.6915941
17.4428921
25.0503902
31.7741814
33.8921776
25.1830578
12.8504295
7.2781501
12.8807087
31.8074265
56.5031128
44.7204590
19.0613060
11.3387051
7.3054428
10.8031521
9.5584908
6.3412309
5.6367955
13.6984987
35.5833435
50.5350075
44.2193222
32.6482048
26.0194511
20.9451637
18.1492634
11.6963949
7.3659067
9.4462690
9.4446611
5.0002313
4.3859973
4.6845636
2.6362650
5.5744243
5.3485475
5.6960173
5.8938308
4.8194222
3.5168862
2.5946958
2.0255911
2.7518761
6.5290546
17.8050213
37.1356735
54.6142845
56.5597649
43.8201180
36.4063225
29.1209984
15.5788784
9.0566092
31.6587791
44.1325188
34.0690079
21.4991455
19.3857040
14.9298706
13.0100822
11.3949108
10.2389126
9.8852882
14.4673843
24.0736065
32.1190338
42.0334702
66.9389267
93.7907181
109.0119476
110.0159683
92.3202286
48.2635918
10.2928743
0.7639483
0.3543863
3.7737746
38.0257759
86.6133270
95.7859192
78.1614456
53.2755280
33.5397224
19.8396435
14.1255341
28.1136627
68.1316910
71.5778503
53.7950821
44.4561996
47.2407227
43.7982559
32.9597931
27.0546894
26.2550297
27.7050495
45.2698288
73.8716812
82.0789185
51.4553871
22.6720524
11.9263401
7.0419359
8.6636333
28.7247963
49.9819946
43.6406250
20.2296314
7.1392174
5.8731761
3.3993177
2.7263110
7.2548094
13.0202885
27.0522079
39.1892471
40.2374115
32.4721146
24.0947666
19.9200706
18.1841393
10.3266239
3.1093636
6.0623264
22.5650063
50.5653381
74.2843704
81.7938461
80.4447479
84.3595047
92.7818604
87.3118286
74.2314758
68.8888855
64.4256592
57.6625328
46.9665794
27.9568501
18.2523079
10.1695366
9.4921932
26.3222961
101.2484283
172.9330750
179.4502716
125.2741013
73.2036819
40.4903793
26.1490383
17.0160999
13.4775963
27.8633537
25.4873371
22.9778214
25.4446220
21.7970066
38.6152306
70.5212631
67.4309311
44.8844948
23.0967007
11.5324860
7.0174518
4.2715855
4.6388178
3.3433604
3.0885472
9.5171747
15.5625954
12.4851542
5.5503812
8.0037413
27.8090820
50.2037582
57.1303024
51.7973709
41.7551003
34.2475700
36.4201431
29.6481647
16.2288876
11.6861019
7.8851433
7.4925089
9.8047228
36.8089981
57.2296829
52.7283630
39.5786896
23.3053703
11.3388691
7.1064248
2.3765481
1.7889850
33.5994453
89.1954651
105.1175842
82.5860825
70.0586624
79.4825516
76.4138870
49.2196503
24.2096786
24.5620956
38.7498245
72.0324478
75.5830536
57.1763382
33.3198700
17.0328999
13.0263824
13.2117767
26.4069004
44.2798500
48.6662788
32.5306816
13.5971069
6.4814935
0.6845696
0.6329268
0.7594602
1.0413058
0.6259504
0.2430358
0.3625741
0.7736115
1.0177134
0.9204630
0.7975620
0.5526336
0.4174917
0.4792082
0.6290435
2.2583354
5.2952132
8.1859379
10.9961433
12.4972439
10.7592335
8.3189096
9.5231409
17.1850719
19.6623878
17.8814430
17.5725002
22.1921654
31.9142189
49.0417480
65.7730484
67.9421844
56.4271355
46.9766235
37.7655373
33.6440468
38.7445793
35.2413101
40.9811096
40.5140419
27.8281670
17.0898438
22.2618103
27.9186363
31.4544964
23.4974003
14.4684429
10.2178726
6.0760636
7.2669082
10.5787535
11.9031944
12.8031368
17.3002052
24.1649399
33.6890259
37.8274269
32.4232674
17.3502693
7.9660244
5.5849857
7.1829000
55.7351227
89.8949051
101.1025085
87.7326965
66.0038147
59.6389008
39.3370094
15.7108107
17.9586487
28.1863079
39.2222214
10.1597471
7.0082617
6.6249495
7.2990999
4.5080986
2.2258170
13.5144997
46.5736732
72.0272598
60.9646797
31.8189583
11.4821186
6.9049182
1.4775193
12.0664024
33.0972481
40.0350113
28.3113060
16.4450417
18.7102566
30.7665806
37.2382660
29.3470631
18.4710827
11.1884527
5.7278881
5.9359818
16.0956059
19.2623577
13.5992765
13.1182957
20.9470634
44.4463387
63.2996368
64.3297119
73.5077209
80.2191315
63.6657486
28.9596615
11.7942276
10.9368477
15.5559778
13.7798090
8.3021564
3.5293875
1.2107570
0.4129383
0.2119400
0.0749884
0.0074607
0.0005851
0.0000000
0.0000000
0.0000000
0.0000000
0.0000000
0.0000000
0.0000000
0.0000000
0.0000000
0.0000000
0.0000000
0.0000000
0.0000000
0.0000000
0.0000000
0.0000000
0.0000000
0.0000000
0.0000000
0.0000000
0.0000000
0.0000000
0.0000000
0.0000000
0.0000000
0.0000000
0.0000000
0.0000000
0.0000000
0.0000000
0.0000000
0.0000000
0.0000000
0.0000000
0.0000000
0.0000000
0.0000000
0.0000000
0.0000000
0.0000000
0.0000000
0.0000000
0.0000000
0.0000000
0.0000000
0.0000000
0.0000000
0.0000000
0.0000000
0.0000000
0.0000000
0.0000000
0.0000000
0.0000000
0.0000000
0.0000000
0.0000000
0.0000000
0.0000000
0.0000000
0.0000000
0.0000000
0.0000000
0.0000000
0.0000000
0.0000000
0.0000000
0.0000000
0.0000000
0.0000000
0.0000000
0.0000000
0.0000000
0.0000000
0.0000000
0.0000000
0.0000000
0.0000000
0.0000000
0.0000000
0.0000000
0.0000000
0.0000000
0.0000000
0.0000000
0.0000000
0.0000000
0.0000000
0.0000000
0.0000000
0.0000000
0.0000000
0.0000000
0.0000000
0.0000000
0.0000000
0.0000000
0.0000000
0.0000000
0.0000000
0.0000000
0.0000000
0.0000000
0.0000000
0.0000000
0.0000000
0.0000000
0.0000000
0.0000000
0.0000000
0.0000000
0.0000000
0.0000000
0.0000000
0.0000000
0.0000000
0.0000000
0.0000000
0.0000000
0.0000000
0.0000000
0.0000000
0.0000000
0.0000000
0.0000000
0.0000000
0.0000000
0.0000000
0.0000000
0.0000000
0.0000000
0.0000000
0.0000000
0.0000000
0.0000000
0.0000000
0.0000000
0.0000000
0.0000000
0.0000000
0.0000000
0.0000000
0.0000000
0.0000000
0.0000000
0.0000000
0.0000000
0.0000000
0.0000000
0.0000000
0.0000000
0.0000000
0.0000000
0.0000000
0.0000000
0.0000000
0.0000000
0.0000000
0.0000000
0.0000000
0.0000000
0.0000000
0.0000000
0.0000000
0.0000000
0.0000000
0.0000000
0.0000000
0.0000000
0.0000000
0.0000000
0.0000000
0.0000000
0.0000000
