0.0000000
0.0000000
0.0000000
0.0000000
0.0000000
0.0000000
0.0000000
0.0000000
0.0000000
0.0000000
0.0000000
0.0000000
0.0000000
0.0000000
0.0000000
0.0000000
0.0000000
0.0000000
0.0000000
0.0000000
0.0000000
0.0000000
0.0000000
0.0000000
0.0000000
0.0000000
0.0000000
0.0000000
0.0000000
0.0000000
0.0000000
0.0000000
0.0000000
0.0000000
0.0000000
0.0000000
0.0000000
0.0000000
0.0000000
0.0000000
0.0000000
0.0000000
0.0000000
0.0000000
0.0000000
0.0000000
0.0000000
0.0000000
0.0000000
0.0000000
0.0000000
0.0000000
0.0000000
0.0000000
0.0000000
0.0000000
0.0000000
0.0000000
0.0000000
0.0000000
0.0000000
0.0000000
0.0000000
0.0000000
0.0000000
0.0000000
0.0000000
0.0000000
0.0000000
0.0000000
0.0000000
0.0000000
0.0000000
0.0000000
0.0000000
0.0000000
0.0000000
0.0000000
0.0000000
0.0000000
0.0000000
0.0000000
0.0000000
0.0000000
0.0000000
0.0000000
0.0000000
0.0000000
0.0000000
0.0000000
0.0000000
0.0000000
0.0000000
0.0000000
0.0000000
0.0000000
0.0000000
0.0000000
0.0000000
0.0000000
0.0000000
0.0000000
0.0000000
0.0000000
0.0000000
0.0000000
0.0000000
0.0000000
0.0000000
0.0000000
0.0000000
0.0000000
0.0000000
0.0000000
0.0000000
0.0000000
0.0000000
0.0000000
0.0000000
0.0000000
0.0000000
0.0000000
0.0000000
0.0000000
0.0000000
0.0000000
0.0000000
0.0000000
0.0000000
0.0000000
0.0000000
0.0000000
0.0000000
0.0000000
0.0000000
0.0000000
0.0000000
0.0000000
0.0000000
0.0000000
0.0000000
0.0000000
0.0000000
0.0000000
0.0000000
0.0000000
0.0000000
0.0000000
0.0853591
0.6127945
1.3514445
1.5959888
1.2203686
0.7436948
0.5671372
0.6097101
0.6389475
0.4953789
0.6566467
0.8409665
1.0698057
1.1499556
1.0870229
1.1335045
1.0623980
0.8771506
0.9674051
1.0403278
0.9151525
4.9136658
33.1979218
109.8638840
195.9909363
222.2385101
179.6679077
134.5774994
109.0588531
110.7824020
137.0112915
141.3135986
114.3817444
110.0247421
167.9830780
144.2158813
54.5132065
10.2698126
14.3100901
51.9191856
156.9817810
227.4626160
170.5752869
94.0600510
58.0648727
39.6746521
17.0435600
30.5408325
49.6408882
38.6880035
19.0802746
28.0348797
55.2037926
53.0907974
25.0098534
9.9315033
4.4198031
14.2859974
36.2941284
39.6091843
33.0968094
23.0756969
21.6839905
30.5433044
36.7121696
31.0642281
20.3025341
26.6151371
25.7180443
17.6031094
10.5155754
22.4995918
33.3231239
33.3257942
37.5312996
42.4162254
37.8205414
21.7328415
8.7707329
3.9138546
1.3141714
1.3629121
1.3368404
0.9759669
1.1642942
1.2018976
0.8601753
4.7920127
37.0568924
94.2810440
129.0074768
120.2630768
96.1503754
69.9599991
51.4291229
35.0750504
18.8675022
15.3940182
34.6275520
22.1189938
9.2894859
1.0376793
2.5952296
25.4176521
86.9295959
155.2608643
196.9298859
174.4789581
107.2944336
78.7761917
69.9113235
62.4434814
54.9973755
40.3342667
16.1800900
9.0100965
12.9619637
6.3101306
6.4786940
1.4476542
0.5873613
0.2572086
1.0045936
5.9444947
10.0104179
8.0410805
2.3738310
1.3291013
1.6208576
2.1316004
2.1532240
2.1802962
2.3285744
2.4125926
2.2284081
2.3698328
2.8331211
3.2438810
2.9481087
1.9382086
0.8469217
2.3581929
14.2262583
40.4055099
67.2454071
76.8513947
69.9821854
54.8608437
32.3107719
29.3568687
12.0073166
2.1366477
0.8725535
0.8074179
12.2453690
74.2042084
145.6058350
165.0532532
137.6533966
127.0420990
135.0884399
119.9105682
71.9106827
45.6154213
36.0540543
38.5132980
25.7137203
10.0972052
7.4695005
8.2593517
27.6516609
139.5165710
278.6407471
320.8208618
223.2218933
92.7152176
49.0946884
45.2580109
31.5689049
18.3581562
1.4592372
0.2595487
0.1749928
1.7903583
7.7519588
8.7836275
7.6064939
6.3993616
5.5827279
6.0061159
6.8325825
7.5050683
10.5926609
13.0481949
9.4592276
5.0530825
5.3971329
6.8371782
5.6967950
3.7678821
3.6015062
15.5856209
59.1486511
142.6899872
235.5482178
263.7280884
199.5463867
127.2925720
83.3827286
85.0884933
57.6706657
41.6990547
103.2164612
222.1886597
287.3043213
260.7888489
210.8731232
198.5707550
193.0833740
168.4258423
116.1662064
108.4367905
117.5752869
82.4587250
36.4881096
16.4756279
21.1012840
103.2353516
196.9890747
158.3266449
99.2435989
62.9686737
30.4762745
9.5250101
56.6605873
181.4316559
290.1664734
250.8025208
111.2837753
31.3901901
9.3418140
8.0343580
63.2771530
218.9537201
223.9588318
116.0717621
56.5360718
40.3831177
38.8153343
33.7419434
28.7445221
41.3940964
59.3316231
42.8713722
9.9461517
0.8631530
8.9257450
32.7972984
69.4075928
101.7056503
115.6597137
105.8447266
91.2568741
86.5391083
139.4107666
196.4571381
208.2867889
219.1617126
257.1544189
315.3852539
322.2286987
254.3320618
225.5325775
234.1777649
255.8749084
256.1672363
229.6797791
212.8621216
291.5901489
431.7305298
425.6290283
246.2028809
100.0937958
57.2723961
46.0286903
91.5832901
137.5084229
169.1022949
155.7535706
122.7379913
67.1674500
63.1259460
30.5604801
17.9772835
33.6694603
115.6444321
196.9409027
182.1436462
121.6480560
99.7193527
128.2884216
110.8225403
52.9329071
23.2419014
11.1403065
8.0774469
8.7038956
14.7797890
36.1971397
53.6874008
75.5699768
168.0344696
285.7952881
279.2066650
211.5452423
187.2710724
203.5252228
193.4126129
151.8877106
89.9756165
15.1031837
3.3862629
12.4966297
38.6479416
55.1745033
47.4405403
36.5283966
57.7424965
170.8507080
321.6430969
415.1491394
392.7514343
266.6778870
167.4676361
123.5881729
197.5033417
277.2362061
196.5194855
117.3634338
46.0768852
86.6043320
201.4301453
166.2213593
132.8725281
86.9702988
33.4157715
19.4944973
33.6289330
52.3752136
54.0298500
30.3383827
23.3459187
24.1040459
30.0959110
34.9874573
35.8834686
32.8353271
24.3189850
15.5236359
12.4830198
10.0805588
5.8739300
1.2818052
0.7108049
0.4794535
0.3455267
0.4098340
7.8793621
40.1614418
85.2875366
110.4118195
100.7686386
84.4110718
70.4205246
62.8824272
49.9726448
36.6001320
28.7649460
30.3242226
19.2902889
3.9682243
1.5396655
28.4460163
123.0534744
251.0371857
317.3038025
247.8087158
112.2949600
42.4925690
10.9228106
4.6198268
10.8300228
101.8401718
162.2043762
123.5014648
61.0746231
30.9104424
10.4611492
5.5389004
10.6629324
22.0010719
26.5159702
31.7286339
44.9591064
55.9437790
51.5165749
48.7173729
80.4021149
112.3105164
117.1038589
132.5385132
147.1699829
124.1380081
73.6720963
50.3620682
31.0051880
38.3448715
28.1769028
24.3743725
22.0438290
17.0065289
24.2328339
35.6793900
35.9179382
29.0414162
30.7943344
41.0518951
46.5639839
45.1697006
39.1332893
30.4532070
20.8475857
15.2006350
13.2485266
11.5427608
5.1797733
0.9771910
0.3311907
0.5017665
1.5684419
56.3963165
223.0104065
448.1531677
592.3648682
539.2748413
354.7672119
183.4075623
98.5991745
42.1756630
86.9563751
269.3476868
235.1766510
149.9949188
68.6414871
21.1620598
4.4741940
8.6090651
11.1087475
9.7503405
6.8386817
5.2563667
5.1028633
5.2933264
5.3374872
4.9483995
3.9703948
2.7862015
1.3445232
0.6188528
0.4339947
0.5211153
0.4360389
0.4071091
0.4822606
0.6223619
0.6844364
0.8503644
1.0329328
1.4336491
1.4560535
1.2536230
1.1005623
0.9837022
1.1312989
1.2495221
1.4780128
1.8191943
1.9533832
1.5599368
1.4271438
1.4458842
1.5622218
1.2454112
0.9706085
0.7226462
0.9201018
1.1342295
1.0804113
0.9936261
1.0687236
1.0442450
1.2166946
1.3370483
1.3294287
1.0081527
0.7848592
0.6560986
0.6366123
0.6501559
0.5808610
0.6974232
0.8310615
0.7636877
0.7386298
0.8983219
1.1945100
1.1314358
0.9317011
0.9713296
0.9770969
4.3862481
22.8199005
80.3147125
185.8878479
292.4441223
322.2852478
282.6890869
206.0704346
89.4606934
56.2155228
123.3485641
187.5873108
190.0771790
163.7371368
159.4785614
100.0966797
31.7103615
14.7088003
21.7077198
64.2327423
79.2707596
43.3017159
30.8320580
62.0389786
74.5446625
69.0988770
85.9604187
130.9159393
153.5623169
116.3016357
60.0484238
28.6885319
16.0964279
10.7109375
3.0309124
0.9895723
1.7071550
3.4895530
2.3078096
0.3994676
0.4783695
0.5607811
1.4133143
15.4395027
44.3148079
71.7595520
83.8287201
77.4472046
66.4086151
55.7521210
42.2413254
39.8426285
68.2121735
122.2599411
186.4562225
312.5184021
422.7093201
414.3890686
284.0821228
173.7341309
121.2165222
156.0715942
257.0903931
361.2872314
377.4284668
390.1361694
418.2629089
420.9585266
307.7656555
109.7409058
14.8463316
0.4936843
0.4556054
14.7317762
95.6746063
176.2537689
240.5317383
253.6273651
181.7337799
112.9072189
66.5348129
35.5444031
51.6280251
30.2425117
14.0990925
21.0167389
51.6448784
55.8442535
41.4499969
34.5044708
45.3877716
45.7178040
45.1956711
65.4650345
115.8602905
164.5918732
182.5936432
140.4153900
79.9108963
38.5381813
61.0633011
77.8590012
79.0574341
74.1128311
71.2981110
68.4126892
69.5802460
74.2552872
73.2962418
48.6152153
13.1863327
5.4550743
3.1884513
1.1898384
0.5725843
0.4940334
0.5416290
0.4117299
0.3714342
0.4341376
0.3915645
0.3923578
0.3232212
0.4199155
0.6024378
0.6714312
0.6408660
0.7970674
1.3146312
2.9797451
6.3667326
10.4519567
13.2447929
14.1796322
16.9922218
23.3696175
24.8091526
14.7344875
4.1525664
1.4253639
0.6777654
0.7989054
13.8527470
56.9382935
89.8690948
92.3225784
76.6510391
68.9848404
53.0006752
40.8723907
19.1147823
10.5975132
42.0580750
120.1102448
160.3595428
157.4700775
129.5608673
111.2701111
177.7337494
280.5223999
294.5104675
226.6219635
189.6347961
195.0254211
175.0892029
97.4834900
31.0618935
20.8114243
71.9141464
64.2830276
28.9378147
13.7531147
15.4392929
19.0561256
11.9166355
10.4904995
11.8336039
11.9077044
12.5653524
19.0240765
20.5164356
11.0813007
6.3427882
4.6804013
11.3703728
17.0025120
12.9999847
6.7044501
2.9908631
4.2368188
6.6816826
8.0616617
9.1172953
10.0139275
9.2484455
6.7248735
4.3478465
3.2279584
2.2148280
1.3931670
2.6308408
6.0182977
6.8548460
2.0547185
0.5289982
0.6103746
0.5035191
0.4293638
0.4620293
0.7953240
1.3587037
3.6750069
7.7464457
13.2333755
18.4641628
22.2048912
28.8058777
37.0377121
38.2744217
32.4277954
25.3210640
18.3897991
11.8081150
10.7201462
13.2759113
14.3203535
12.2492018
9.4053030
6.4044495
5.0712023
4.7810173
4.1786599
3.3339331
2.4199369
1.6461841
1.0181525
0.5047373
0.4073814
0.4902503
0.4325307
0.3601630
0.3154953
0.0408002
0.0042488
0.0000351
0.0000000
0.0000000
0.0000000
0.0000000
0.0000000
0.0000000
0.0000000
0.0000000
0.0000000
0.0000000
0.0000000
0.0000000
0.0000000
0.0000000
0.0000000
0.0000000
0.0000000
0.0000000
0.0000000
0.0000000
0.0000000
0.0000000
0.0000000
0.0000000
0.0000000
0.0000000
0.0000000
0.0000000
0.0000000
0.0000000
0.0000000
0.0000000
0.0000000
0.0000000
0.0000000
0.0000000
0.0000000
0.0000000
0.0000000
0.0000000
0.0000000
0.0000000
0.0000000
0.0000000
0.0000000
0.0000000
0.0000000
0.0000000
0.0000000
0.0000000
0.0000000
0.0000000
0.0000000
0.0000000
0.0000000
0.0000000
0.0000000
0.0000000
0.0000000
0.0000000
0.0000000
0.0000000
0.0000000
0.0000000
0.0000000
0.0000000
0.0000000
0.0000000
0.0000000
0.0000000
0.0000000
0.0000000
0.0000000
0.0000000
0.0000000
0.0000000
0.0000000
0.0000000
0.0000000
0.0000000
0.0000000
0.0000000
0.0000000
0.0000000
0.0000000
0.0000000
0.0000000
0.0000000
0.0000000
0.0000000
0.0000000
0.0000000
0.0000000
0.0000000
0.0000000
0.0000000
0.0000000
0.0000000
0.0000000
0.0000000
0.0000000
0.0000000
0.0000000
0.0000000
0.0000000
0.0000000
0.0000000
0.0000000
0.0000000
0.0000000
0.0000000
0.0000000
0.0000000
0.0000000
0.0000000
0.0000000
0.0000000
0.0000000
0.0000000
0.0000000
0.0000000
0.0000000
0.0000000
0.0000000
0.0000000
0.0000000
0.0000000
0.0000000
0.0000000
0.0000000
0.0000000
0.0000000
0.0000000
0.0000000
0.0000000
0.0000000
0.0000000
0.0000000
0.0000000
0.0000000
0.0000000
0.0000000
0.0000000
0.0000000
0.0000000
0.0000000
0.0000000
0.0000000
0.0000000
0.0000000
0.0000000
0.0000000
0.0000000
0.0000000
0.0000000
0.0000000
0.0000000
0.0000000
0.0000000
0.0000000
0.0000000
0.0000000
0.0190095
0.2701632
0.8490370
1.2970955
1.3414004
1.2022909
0.9892190
0.7500256
0.6119706
0.5663887
0.5275109
0.4359645
0.4772182
0.6173890
0.6011365
0.4933684
0.5549316
0.7911474
0.9037399
1.0055164
1.2450409
1.3064873
0.9995519
0.7686546
0.6403747
2.3582659
20.2123852
74.8928223
151.4230652
197.8864136
171.7268829
123.9126511
66.4957962
57.4106979
83.1843338
44.2817421
26.5554981
80.0275574
107.5483475
79.7024155
64.1877823
65.6776047
67.2821732
68.1550903
76.5901566
100.4295578
113.0506592
95.6541901
60.8832855
33.5409470
25.1759319
8.0708332
1.3957407
0.3137829
0.3805285
1.6864033
25.8552055
77.6685181
137.0615692
212.9170227
266.6237183
296.2386780
289.7651062
230.6309052
244.4706879
277.3199158
266.2945557
207.1394501
186.3055573
168.1392059
142.8840027
154.3633728
185.7515411
159.0660248
68.3584442
13.5209846
5.4810095
2.4287152
13.8545771
35.1587753
56.3873367
69.7129517
94.8624039
161.7169647
250.7845612
266.8405762
203.6730804
136.4273224
119.6170120
108.6225815
78.5696716
54.2094994
44.2123032
47.6183395
54.1767616
47.5118065
69.1619110
127.4965134
160.7164764
112.0980835
40.0917664
4.2615275
0.6920645
2.3218994
44.8732414
159.6161652
197.4417725
148.7041168
73.8141632
19.2044277
4.8263102
0.1908347
0.2740365
0.9856671
28.9105587
94.8383484
151.7857056
170.4367371
173.8536682
251.3921814
350.5079041
389.9561157
304.9936218
205.3251648
149.9383698
85.5127640
156.7677002
196.4028320
162.3287659
113.2544785
52.3026276
10.4327097
8.2319641
43.0357208
83.3054733
93.9582825
72.8817062
57.8202248
78.5188065
128.2655945
189.2430420
192.0362091
129.8729858
82.9942017
56.6563110
37.1392937
17.7337341
66.7501144
66.4027863
41.7684402
27.6815891
32.9147263
18.2848358
4.3448620
0.8746566
0.4209692
0.6964749
2.1245909
3.6858706
3.3460374
3.0165143
2.7375245
2.7892179
2.8918641
2.2421622
1.9961201
1.8639669
1.6754675
1.6999898
1.7089397
1.5760493
1.2397211
0.9822795
0.7533137
0.7234218
1.0706017
1.4680213
1.4967231
1.1187433
0.6804814
3.2545400
16.5119438
42.7697563
73.4511871
99.4663391
103.6720505
75.0598297
42.8377762
25.1945496
14.0654869
13.7819700
46.3957520
110.1980438
160.1721039
205.8131104
214.5273895
152.9519806
92.3639221
87.5739670
70.2098160
38.8288269
24.6322403
16.6234989
7.0927896
11.9818726
66.7798004
162.2031860
225.4321289
198.4113159
114.0896301
64.6644058
43.8108025
18.3560104
2.1855850
0.1940741
5.3332129
41.4041672
95.6695099
148.5406036
181.3148651
170.9130859
129.1227417
87.0347366
75.7219925
66.4083176
62.5046997
97.3598480
124.2317047
89.1641388
43.0858459
47.4879761
46.6709175
52.3805313
103.2032776
191.3440704
210.1382599
113.6729279
35.1629791
18.9086475
9.9091759
19.3356342
23.7627716
22.2489700
27.6920261
121.0373764
318.5749817
430.9433594
374.6372681
290.1790161
294.6433411
371.4583130
377.4423218
278.4560547
141.5415497
76.7452240
48.7906418
37.3711929
50.2021713
64.9150620
63.4388962
36.9385605
9.3838158
7.2029762
21.3536835
39.5859566
20.7580147
6.7512889
0.7653822
0.1307532
0.2007314
0.3993635
0.5448251
1.0655124
15.2017374
71.2341156
167.9147797
315.8775940
629.1243896
946.6222534
912.0081787
597.5137329
467.7495422
376.8825684
188.5352783
43.3234253
5.2604103
0.0646156
0.3080187
10.5074625
79.2998962
157.2742920
207.5748749
212.2757568
157.0172729
98.8346481
93.1874542
96.3413620
76.8311310
37.8807335
63.3550835
78.4099731
44.9065971
14.2612104
9.8626699
3.1679256
0.2519509
0.1884484
0.3865077
1.4751180
2.6165879
3.1081719
2.9753616
2.6104755
2.2111218
1.4569669
1.9321227
7.5014381
18.6729145
30.4771690
39.2495575
51.2612724
75.0640869
103.1090622
111.4832611
104.0732727
95.5050354
95.7221680
84.1013336
101.4802933
112.2810516
70.1298599
26.2758522
5.4169931
0.7270025
0.3160662
1.0096259
1.2580649
3.1509724
6.1067224
6.8622932
3.8147235
1.5641409
0.9596666
0.7828320
1.0484947
1.7940612
8.6954937
39.4923134
105.0375214
168.6413422
188.4002838
182.1407623
184.4996033
195.0342102
276.2251587
446.3618774
538.7568970
410.5935669
289.0939331
243.1867676
288.2645569
632.3338013
606.0906372
447.1040649
212.2010345
211.2638245
207.8424988
127.3067703
113.1146851
103.0725632
86.2885895
75.0123596
91.6321335
152.6597595
124.6932526
78.4845810
58.8579597
90.2062378
124.9919739
109.2602310
84.7771835
64.1719131
139.7070770
279.0123596
401.3174438
466.6980591
487.8093262
366.3457947
224.9136658
133.2141113
125.5949173
194.1624756
159.6082611
62.9800339
21.4264889
93.5169678
345.1542969
532.4124146
506.8443298
480.2754211
376.0294800
213.8193817
64.4662399
311.1105347
306.5190735
294.5391235
307.9985046
230.6564026
114.1879349
33.2456284
16.8731251
35.8690643
88.3891678
134.7312775
150.5226288
102.2236633
27.5543022
3.2223239
0.3722265
0.1778234
0.3533669
0.4490331
19.7496376
107.4015045
242.5164185
334.7265625
340.7747192
333.8438110
370.8669739
343.9085693
281.4833069
282.7873535
282.8750305
228.8308105
152.5430298
81.8971024
63.8553162
159.6699219
193.2102051
175.4406738
147.5562744
103.9086533
47.4289551
92.7184601
116.5847626
81.0744781
84.5864334
162.4876556
123.3836441
38.9214058
12.6976585
6.0232935
2.0872366
18.0156841
84.1034698
132.5095215
102.8827286
37.1767769
20.1453514
36.5908089
87.4636383
111.2305450
83.0091629
49.7783890
42.7320404
36.1290932
21.4404469
14.6045198
13.5425501
8.0703869
23.0215073
66.3932724
98.6178589
95.8457947
75.9152527
65.0226898
57.6607704
36.1458588
14.9154673
5.0448647
1.1377225
0.6248867
0.4325209
0.3375613
0.5710554
1.4499924
1.5512028
0.8894109
4.5476809
53.9144745
162.5990906
268.6383667
292.0914001
230.5525513
193.4025421
153.4915619
145.5847473
94.4332886
93.5958939
120.9191818
94.2726059
96.6099167
70.3194351
28.1604652
29.9124260
69.1813278
98.3697968
76.1302795
69.3158112
66.4374542
62.1460953
57.6675987
40.9689407
27.8763924
74.3177490
142.1486969
173.9187927
125.0722504
66.4118881
32.0977287
19.5450592
15.0653782
10.3804731
7.6567483
4.9480171
2.1008611
0.9596493
1.5608046
2.3747368
2.2868304
9.5832233
43.3743324
85.5586548
103.3874512
92.3319092
71.9439087
60.5792885
64.6205902
86.0530396
151.7525635
218.6166534
196.3054352
91.5171890
16.3021832
1.0152149
1.2986573
26.0615025
99.5329742
109.4794235
87.4243317
89.7787781
113.9499588
136.1435852
171.5029297
220.6774139
217.1041870
147.5697327
67.7000656
26.3726559
12.7363548
7.1209407
9.9676933
11.6233082
7.5097070
1.3142142
16.7868919
67.3822174
120.6950836
125.8140869
88.4735413
65.1847610
38.6176529
30.5296783
19.9076977
4.1371465
7.8395896
45.9422073
110.0303802
122.9237976
99.5981979
85.8252792
98.0030594
122.6124573
168.4422302
216.7410126
195.9914246
119.4652405
50.8426666
34.5983124
42.6775398
35.3726082
9.1593895
1.4670051
0.2254512
0.1055667
0.2685615
0.6734307
4.1685524
27.1217289
67.4934464
91.1994476
74.1235123
36.3543091
24.9794865
25.3421021
21.3159065
18.6890163
16.9936810
7.0557699
6.2140617
41.3635521
84.5223541
88.9071655
53.0679016
16.4890480
4.2559018
3.2829361
10.4667616
18.6302223
20.9363441
20.3182068
21.7877197
24.1874199
28.6508617
25.0213089
9.8557396
1.6492252
0.7047350
1.0616508
5.9112167
20.3408852
34.7240829
42.3028831
39.3339348
41.2145576
52.2409401
57.6371956
78.9703674
126.0698013
143.8809052
100.8024750
61.4964333
39.7650642
29.2624035
22.3607578
9.1981726
3.5976934
1.8399105
0.5240455
0.4082019
0.2347258
0.6620669
1.7858632
3.1206474
3.2239373
2.8668201
2.7124341
2.7326345
2.9946454
3.7138875
4.2787123
3.9379802
2.8780730
1.6796050
1.0247309
0.6285616
0.4634564
2.2302699
9.9759798
18.8853016
34.3404655
122.0117645
261.7200012
385.2277222
434.6123657
391.5334473
283.4960938
353.7501526
566.1875000
587.8941650
443.7019043
231.6190796
59.5622139
8.2198400
1.0179522
0.5397692
0.6037431
15.8790131
49.0421486
66.7367630
53.5941124
47.1534576
53.7640266
56.7692032
48.7803001
42.8109131
33.3515129
22.8907776
14.9186687
8.0817833
3.6440928
3.8068058
3.1151245
2.0241075
4.4292564
16.5511398
39.3004456
62.9823837
80.6062927
91.6889496
97.5331497
97.3912964
93.7149658
90.0641556
79.8535614
65.9012070
56.9213638
44.1528740
37.0375290
31.8379822
18.9332237
4.5187244
6.4115734
37.8535118
76.5766830
68.2656784
36.1898804
17.2214870
10.2421341
6.2582793
3.8158002
1.4848154
0.7161545
0.3401833
0.2906790
4.6137352
32.7299194
69.3907166
85.6768951
68.8250275
37.3316498
27.7316723
29.2383347
26.0317078
20.0516548
19.3588943
16.3765259
9.0487938
2.3411477
0.9528286
4.5167384
14.7439461
25.8873482
29.7256851
26.2154198
21.7231064
27.2429447
43.3667488
64.3070984
77.4995880
74.8330688
52.7935562
32.5265961
32.2147446
27.2179604
18.4703140
9.1043320
6.1792545
11.8751144
20.9358997
18.5664005
9.3112526
2.7998118
0.7680337
0.4976112
0.4493839
0.3149039
0.2678978
0.3656124
0.7486917
0.7546392
0.7043639
0.9933556
1.4829218
1.8186455
1.4659009
0.9696932
0.7187204
0.6952916
0.8075976
0.9067469
0.9612899
1.0585500
1.1687516
1.1589071
1.1392587
0.9062839
0.3376575
0.0543331
0.0047188
0.0000000
0.0000000
0.0000000
0.0000000
0.0000000
0.0000000
0.0000000
0.0000000
0.0000000
0.0000000
0.0000000
0.0000000
0.0000000
0.0000000
0.0000000
0.0000000
0.0000000
0.0000000
0.0000000
0.0000000
0.0000000
0.0000000
0.0000000
0.0000000
0.0000000
0.0000000
0.0000000
0.0000000
0.0000000
0.0000000
0.0000000
0.0000000
0.0000000
0.0000000
0.0000000
0.0000000
0.0000000
0.0000000
0.0000000
0.0000000
0.0000000
0.0000000
0.0000000
0.0000000
0.0000000
0.0000000
0.0000000
0.0000000
0.0000000
0.0000000
0.0000000
0.0000000
0.0000000
0.0000000
0.0000000
0.0000000
0.0000000
0.0000000
0.0000000
0.0000000
0.0000000
0.0000000
0.0000000
0.0000000
0.0000000
0.0000000
0.0000000
0.0000000
0.0000000
0.0000000
0.0000000
0.0000000
0.0000000
0.0000000
0.0000000
0.0000000
0.0000000
0.0000000
0.0000000
0.0000000
0.0000000
0.0000000
0.0000000
0.0000000
0.0000000
0.0000000
0.0000000
0.0000000
0.0000000
0.0000000
0.0000000
0.0000000
0.0000000
0.0000000
0.0000000
0.0000000
0.0000000
0.0000000
0.0000000
0.0000000
0.0000000
0.0000000
0.0000000
0.0000000
0.0000000
0.0000000
0.0000000
0.0000000
0.0000000
0.0000000
0.0000000
0.0000000
0.0000000
0.0000000
0.0000000
0.0000000
0.0000000
0.0000000
0.0000000
0.0000000
0.0000000
0.0000000
0.0000000
0.0000000
0.0000000
0.0000000
0.0000000
0.0000000
0.0000000
0.0000000
0.0000000
0.0000000
0.0000000
0.0000000
0.0000000
0.0000000
0.0000000
0.0000000
0.0000000
0.0000000
0.0000000
0.0000000
0.0000000
0.0000000
0.0000000
0.0000000
0.0000000
0.0000000
0.0000000
0.0000000
0.0000000
0.0000000
0.0000000
0.0000000
0.0000000
0.0000000
0.0000000
0.0000000
0.0000000
0.0000000
0.0000000
0.0000000
0.0000000
0.0000000
0.0000000
0.0000000
0.0000000
0.0000000
0.0000000
0.0000000
0.0000000
0.0000000
0.0000000
0.0000000
0.0000000
0.0000000
0.0000000
0.0000000
0.0000000
0.0000000
0.0000000
0.0000000
0.0000000
0.0000000
0.0000000
0.0000000
0.0000000
0.0000000
0.0000000
0.0000000
0.0000000
0.0000000
0.0000000
0.0000000
0.0000000
0.0000000
0.0000000
0.0000000
0.0000000
0.0000000
0.0000000
0.0000000
0.0000000
0.0000000
0.0000000
0.0000000
0.0000000
0.0000000
0.0000000
0.0000000
0.0000000
0.0000000
0.0000000
0.0000000
0.0000000
0.0000000
0.0000000
0.0000000
0.0000000
0.0000000
0.0000000
0.0000000
0.0000000
0.0000000
0.0000000
0.0000000
0.0000000
0.0000000
0.0000000
0.0000000
0.0000000
0.0000000
0.0000000
0.0000000
0.0000000
0.0000000
0.0000000
0.0000000
0.0000000
0.0000000
0.0000000
0.0000000
0.0000000
0.0000000
0.0000000
0.0000000
0.0000000
0.0000000
0.0000000
0.0000000
0.0000000
0.0000000
0.0000000
0.0000000
0.0000000
0.0000000
0.0000000
0.0000000
0.0000000
0.0000000
0.0000000
0.0000000
0.0000000
0.0000000
0.0000000
0.0000000
0.0000000
0.0000000
0.0000000
0.0000000
0.0000000
0.0000000
0.0000000
0.0000000
0.0000000
0.0000000
0.0000000
0.0000000
0.0000000
0.0000000
0.0000000
0.0000000
0.0000000
0.0000000
0.0000000
0.0000000
0.0000000
0.0000000
0.0000000
0.0000000
0.0000000
0.0000000
0.0000000
0.0000000
0.0000000
0.0000000
0.0000000
0.0000000
0.0000000
0.0000000
0.0000000
0.0000000
0.0000000
0.0000000
0.0000000
0.0000000
0.0000000
0.0000000
0.0000000
0.0000000
0.0357096
0.3700953
0.9406669
1.2537431
1.1862553
0.9175788
0.6318334
0.5586733
0.5132445
0.4960824
0.4792644
0.6871755
0.6470076
0.4657415
0.6192348
0.9440321
1.2771127
0.9992490
0.8992479
4.7148824
13.0955801
28.9572544
44.0879250
37.5083885
12.4492598
2.6882281
0.4399073
0.1457070
0.1979143
0.5234800
2.6596835
14.9693909
43.6723289
86.1828842
124.7925415
136.5362854
126.7764282
96.3145294
76.7684097
46.1343613
25.4230289
22.0403919
40.0782356
84.4793701
127.0369263
92.8662796
36.3073769
16.9888344
18.3092823
23.8688450
25.3427277
23.7616463
25.3659534
24.6813221
19.9176598
9.6300097
5.9358072
7.7972178
9.0278902
4.0542922
11.0459251
17.3557892
22.7328377
55.5223579
115.2976761
151.4936371
131.7014160
93.2111664
67.8277893
52.8714905
48.0306473
53.4956703
62.1900291
43.5245361
14.2414875
10.8732767
25.4233379
66.3816757
101.7095718
75.9716415
28.4032764
7.0401559
2.1660824
7.9273257
72.1117020
197.1601868
243.4399414
205.6993866
143.7342682
102.1157532
59.7077522
34.5466423
14.0135136
2.5791495
0.4162138
0.3712595
0.5221336
23.5516911
112.1886749
228.3235779
278.8438721
213.1718750
138.6671295
127.2191010
132.3624115
134.1923981
135.9165649
126.8152008
97.3162384
52.6751633
27.0105896
10.5289612
7.9210596
17.4878616
25.5213528
56.4738655
91.0119095
82.7877579
29.4163666
10.8354483
7.4210367
4.8419905
7.1526446
8.6475067
7.4206915
4.4563489
2.9875326
4.7245603
5.9840059
3.2810600
2.2661734
2.0796692
5.0735865
8.4645252
12.5797348
18.2892628
18.7631435
14.8694210
7.3249688
1.3238519
0.4561646
0.5894735
3.2826993
14.7668610
81.3628769
209.8782349
300.4331970
284.5363159
254.0666504
279.0255737
258.4037170
165.6740723
99.5326920
53.7866096
63.9483986
37.9339790
14.4562807
5.2977047
10.6087475
47.0743179
65.2820435
41.1500168
17.5985107
24.8863354
49.1624985
75.5768967
85.2252197
111.3440170
129.1942596
99.8669739
37.7393837
8.4022903
4.0569835
2.0561786
0.9923923
8.9171190
29.0275955
33.0644875
23.7598572
14.8452873
14.1449509
16.3646355
18.1010857
12.8991146
4.2887640
1.1198690
4.2523174
14.2256966
36.8530121
68.8223114
93.3981094
116.8368378
168.2422638
205.5365143
170.1110687
95.8194733
56.1231804
59.7467461
101.4557648
151.1580811
171.4907379
188.6157532
201.9321594
192.9059448
155.0029755
96.9848938
38.6515503
52.9532623
26.5170631
7.2187238
1.7131625
0.4728910
1.7883132
7.8900948
11.2889996
7.6877198
5.3232107
5.2358375
5.9607396
6.9426718
6.0499907
4.5723987
2.3793693
2.1677053
15.5074348
59.7055817
128.8569794
177.8632507
156.1229553
86.5452194
27.9191437
8.0112600
0.8027869
0.2021029
0.8085814
12.0723324
50.6739235
99.1447067
138.0186157
147.8458099
110.3105850
57.4303932
33.2971153
25.3867340
19.8960400
30.9900970
63.1409569
54.6814232
25.5638714
13.7596016
11.0572510
27.3081627
51.5339813
44.3971634
23.9783039
18.7771168
17.7463856
19.7857628
27.7682247
30.2069664
23.9878540
11.4793367
15.1137285
9.5194693
5.0865302
11.6046972
12.7558012
17.9005795
34.5757027
40.5470924
39.6188087
36.1878777
33.4160156
46.5408134
105.4977875
174.4691010
203.0734253
207.2884216
240.6050568
214.8602905
146.3238373
136.4250793
95.8395920
53.9605942
8.6307783
1.0732898
0.3494850
0.3898020
1.1881340
10.3846502
48.5543594
118.0947418
182.4605560
187.6995850
142.1460266
111.0115051
79.3355560
39.5041161
14.5138788
21.8866367
57.5477066
78.5148697
48.1472588
25.7997971
22.4273186
15.0803957
9.8109541
15.0935249
49.0456200
77.2896881
68.2153549
58.6374779
59.8357582
52.1401596
18.1320210
4.7317500
5.7669172
5.5050139
5.8633871
11.5704174
17.2333622
14.6904936
6.7934036
9.6021166
76.2975006
220.5837097
328.1056519
281.0410767
96.2491226
22.4076614
25.9408913
105.9516907
231.5903625
272.7095947
211.0317688
156.8513947
104.6611938
68.9201050
59.9247284
41.7147446
25.8923817
29.2161140
50.8086205
109.5608521
188.5545349
215.0426483
209.8345642
176.9474640
166.6262054
152.1304474
100.4385452
53.2820930
30.4835892
24.6299820
33.3827209
65.4932175
109.6307068
91.6370621
54.7268982
31.5807514
18.1389275
6.8708143
3.4411495
2.4463937
4.9297824
32.6817017
119.0696793
247.3388977
346.5472107
323.0228577
198.4211121
103.6540680
59.0740509
37.1472244
21.3643456
13.3505888
14.9523563
45.4449768
107.6399765
154.4028931
119.1945114
63.9972343
22.9962559
8.9052448
1.7641290
1.6741650
40.4402809
126.3788452
138.0706177
73.7341843
11.0051498
3.0448692
0.1928343
0.1539288
0.1499542
3.0976388
13.9926252
23.5487156
27.9632359
35.2897987
48.6561966
62.3294678
64.0451508
73.1797256
129.3725281
212.2964172
262.2406616
274.8760986
220.8339539
189.8585815
156.8376465
143.0883331
159.1119690
158.0088654
165.1566162
161.7238159
137.3020172
122.8210373
126.6452560
116.8729172
162.2461548
225.5293732
253.7326965
192.9684906
106.9011841
44.7636719
11.3439178
10.1640778
34.8746681
56.8804398
50.9329605
34.2719612
54.6263313
118.4549332
170.1769257
150.2209015
66.0712280
21.9098740
10.5655880
3.5118628
2.6442356
21.8680649
50.5110588
47.1262131
30.7768784
58.1256714
110.1949997
113.7027435
66.4889297
62.8649292
83.3483887
91.5809250
56.8148575
41.0728035
99.7763519
150.8850861
138.3772736
102.7449570
72.4404831
40.4630318
23.6518135
10.3926935
3.4403195
0.5063264
0.3633375
0.6372864
0.9576727
1.3271388
2.6230848
3.1526012
1.6685710
0.5708467
0.4493832
0.4055835
0.5851892
0.7254028
0.8541371
0.7424495
0.6082882
0.7649699
1.8507562
4.1412649
4.8092928
2.9594598
1.0255328
0.4348609
0.3804479
6.0484004
22.6556664
30.6150856
18.7195168
1.6371318
0.2718062
0.1457386
0.2134711
8.2418871
38.5360107
75.8225555
107.3334503
116.9890747
98.2634277
56.6906281
21.9971428
6.1574664
2.2201877
11.6825209
41.4033394
70.8311615
79.6978836
89.8367767
111.8949509
136.3555908
130.4702148
133.7272949
153.2098541
202.3914642
245.7516479
247.1395721
225.4806976
204.6451721
171.6267700
178.8266144
180.4471588
61.4121590
15.7986927
13.2141008
47.1988487
116.1760712
135.7735596
75.0189285
28.1642494
12.6911907
6.7262754
7.1541090
8.6233912
4.8392434
4.9090605
11.0601835
28.1225853
49.2908974
57.2994003
60.2527466
80.3658218
123.2464600
171.3752441
170.6854553
87.0165558
11.2831964
1.2786522
8.3036175
158.9531860
416.9550171
466.9045715
333.1550598
214.0011139
174.3414001
130.0366211
102.1526337
70.7238770
37.0822258
15.0892525
43.1193542
78.1567001
52.3444672
26.6319351
62.9877396
144.2203369
187.7668610
119.8736191
77.3938217
76.8275375
67.0032654
45.3422279
19.5503998
7.7635074
13.1103678
30.5482979
55.2171783
70.9996414
76.8696823
125.4574966
236.1047668
315.0011902
445.7863770
637.3351440
684.2758789
446.1856689
200.6250916
133.8058777
184.4533997
243.7782898
247.0345764
178.4943237
138.1263733
175.6225281
279.7413940
220.5301666
60.7727585
6.8299999
1.6520680
4.9242015
27.7612019
37.2087059
31.5442677
27.6627998
24.8125210
23.8945961
23.7137318
20.6165638
17.8282928
47.7042732
160.6932526
317.8742981
375.8196716
279.8344421
175.8373718
89.1978226
70.6729431
25.7631092
15.0223923
70.4322815
217.7259216
292.9442139
233.3200989
124.9840698
73.9292908
40.5034866
15.1171532
11.0355349
4.2413654
1.2674272
0.9214615
6.2657251
39.3279152
83.8437653
106.3185425
99.3988266
81.2553482
94.3711853
177.2184143
342.9084473
506.4473877
550.9457397
567.3352051
504.8587341
385.4840393
299.8639526
201.9560852
145.5745850
147.5601807
143.5025787
148.9621124
171.0438843
100.6861649
19.0977955
13.4681826
13.7578440
16.6993351
34.9291382
132.2601471
297.2913818
403.6017761
385.3393555
286.6900635
177.2616425
128.2648468
98.8626556
42.2641068
4.0537524
5.9985771
37.6734734
123.3793182
195.5051575
154.8408661
64.0159988
22.8654499
10.3907042
7.6339226
5.4252720
4.3803453
36.0535431
206.7597656
493.2106323
698.7970581
671.3284302
542.5762329
397.9264526
292.2857056
237.7087555
225.3840027
189.4809723
85.4320526
25.1644306
11.0490265
9.8598270
2.2754893
1.9066736
0.2589958
0.6290890
2.5976062
6.3387489
6.5183086
6.6832466
6.4257126
5.7428174
5.5089855
4.4588151
2.8777747
1.3309147
0.8768759
1.0407017
6.0128155
20.4509144
39.5557709
51.5808907
56.8240891
69.4884109
151.9860535
296.7286377
386.5152283
356.1226196
224.8384705
107.2958984
105.2076645
65.7705917
4.8589768
6.8984237
48.2605743
178.4350433
324.1179199
298.5867310
130.8433838
22.5626564
7.3614411
3.5305152
3.2973254
111.3596268
339.6694336
445.2204895
345.0383911
165.0485687
52.2654610
15.1785250
14.5113697
2.1817198
29.2870979
200.2943878
359.6876831
334.0098877
208.3864288
86.6722794
27.4357128
6.3722744
19.5928841
37.1635971
35.7009888
32.9563866
51.1479454
101.3287811
178.9779510
192.4050140
125.8262405
73.1924896
81.1607895
61.1237450
43.1392136
40.1469803
38.2393837
33.0538101
39.6951904
52.6344566
76.3779068
152.8226166
304.2999573
464.3473816
528.0349121
471.5883179
357.0919800
240.7084045
109.2089157
31.7903767
1.3962712
0.3820072
2.9728236
80.4266281
227.4351196
275.4393616
184.6081238
56.1979675
12.6863499
7.2083163
14.2990627
29.1755924
41.5129280
35.8878441
28.1621208
22.9269714
12.2291861
16.1029472
58.4468307
113.1099243
115.2962341
88.7229004
56.0164680
32.0559311
22.1783333
24.1235561
35.8461876
41.6607742
34.5898438
24.5930901
19.0885010
21.2877655
40.6892853
41.8396568
26.4712734
19.7945557
15.3722563
12.0799284
14.7682972
23.2852821
14.7614555
6.4357514
5.1047621
3.0219262
2.0307860
5.5410099
11.3252563
21.2794514
31.0055027
45.3216133
61.3537941
64.5114594
59.1804276
53.7325592
46.6202812
40.0274773
36.1643143
29.7602863
9.5904722
1.8231717
2.4076450
24.5022717
130.2770386
248.0173492
272.0095215
190.4584656
128.9010925
79.4388199
32.6440277
12.9431114
5.8225484
4.3795147
5.4366241
5.7636514
3.7176633
1.2329457
0.4011752
0.4211239
0.3176770
0.6176940
0.8346921
0.6781327
0.4619901
0.4484271
0.4488726
0.5783829
0.6565568
0.7677658
0.7529657
2.2036912
6.5112958
10.6624031
10.4391670
7.8143287
4.9999094
3.4108875
1.0181804
0.6165584
0.6055458
0.7665999
4.7868490
12.4588432
15.8295326
25.2929535
78.7277145
161.1453705
191.4531250
130.5610657
76.0388641
61.2364883
60.5308609
46.5575790
27.5785255
15.7682209
6.1366034
3.5821569
1.8232648
2.5026031
10.2919483
13.2806358
9.4456558
7.3442841
21.7381973
105.0563202
273.5902100
466.9778137
559.4718628
494.4556274
379.2765808
298.0295410
124.3564148
15.4147825
3.0676155
14.3433256
45.1144447
61.7788353
30.8276024
4.5532193
16.2848358
118.3963013
321.6862793
413.6859131
268.1051025
51.0278893
20.1600990
43.0877876
70.6446457
78.0888824
62.5919724
40.6542778
23.4439774
8.5038471
5.2576027
16.9936047
78.9547119
155.1430206
187.7563782
178.2374725
131.4425812
117.8387070
160.3170471
173.0385284
158.8205109
134.5924225
104.6697769
94.1058121
51.5238037
21.7442532
7.3417544
8.8145466
11.4314003
11.0122595
7.7569256
7.7713957
13.1766243
19.4688282
22.5803089
20.5370960
18.1472836
15.2577600
10.3372641
9.2472057
24.1298637
54.2341881
80.4348907
79.3030548
41.5931625
15.6650038
25.0488586
41.2900887
24.3197327
2.5023613
0.7450554
0.8778196
5.3047295
14.6887674
24.0175285
37.7452545
53.2257271
57.6606216
58.1932411
82.1273193
134.1096802
214.7972412
291.7620850
322.3883972
277.3922119
209.0855713
157.2402344
99.7504501
56.9650040
220.7468414
311.6384888
390.2189636
387.3330383
336.6188354
322.9543762
346.2043457
362.8860779
498.8698120
660.7528687
560.1920166
126.3019104
9.2589111
0.8002488
0.4224747
4.6704121
14.9707956
19.1665688
22.0711079
22.9174347
23.4330482
24.0120239
22.7985611
22.2912426
20.2819042
15.1596050
33.1434326
131.7331238
254.9484863
274.2602539
166.8625183
55.9616241
19.0357399
20.5759087
47.1997375
73.3627930
89.2988815
85.8908386
58.6194382
35.2312088
27.5947342
32.7244797
43.5675964
44.3505630
48.6271935
79.9387283
175.6260681
328.3134155
471.9529419
456.7236633
278.3642883
150.9166870
78.3162994
24.3650627
4.1528101
23.4727631
114.5558167
208.6918793
175.1400452
90.6828537
66.4615402
86.0268250
91.8394165
57.8423576
41.6313400
88.1337585
152.1479340
121.3152313
54.8749046
30.8495388
29.2613354
49.8292503
107.4364395
110.9894791
88.3466263
58.6121864
52.1748886
38.1737518
72.0927048
41.4570160
43.4300385
117.2280731
284.3463440
392.8127136
333.8604126
248.9733276
204.8260803
129.9340363
59.9682579
46.7014313
28.2544231
17.0841236
12.0063181
10.6910887
27.1930695
124.0716248
289.9532776
487.8721008
583.1395264
461.0755920
268.8445740
232.8500671
146.4308929
30.6304703
12.4443541
63.8097801
128.7807770
126.5894089
68.5305176
35.4773293
34.3851624
67.5530319
136.0617828
187.1539459
168.9143066
104.2177811
34.3388290
7.8901048
37.4068680
135.1132507
156.6895294
124.3176270
119.6941681
109.8648453
62.9469566
21.9874439
16.5371246
7.0031185
2.6711581
5.4675541
16.1691017
26.5709057
23.6020527
14.5373859
10.5163059
9.5034962
15.3066645
21.7843189
15.8453045
3.7318349
1.8482964
35.7214851
170.4867096
362.8344727
525.0893555
567.2467651
449.5876465
239.2617645
88.2668381
18.3184490
1.8110265
0.2418028
0.7224994
16.4869385
79.0598373
124.5221405
174.1237183
236.6407318
244.4800415
167.6762695
99.3061066
47.2624626
23.1197376
15.3349323
32.6410217
148.1674805
349.3634644
353.0747681
185.7428131
46.1626091
6.6719728
7.1929398
58.7608452
217.2028503
378.7469482
386.9543457
217.4419403
110.8811340
71.1512756
26.4657688
8.1841431
16.9584770
36.7663574
40.5734711
27.4986420
12.7011414
11.4758091
6.2338796
2.2485192
2.3111663
2.0481462
1.0981300
0.3893594
6.1537328
78.6384430
280.2484741
546.3340454
687.4979248
551.0068970
269.6127625
102.9244461
18.6620178
25.5026817
79.4211121
151.6534576
180.5715637
166.6414948
105.6604233
50.0437660
92.7188721
223.2532806
307.4247131
201.9876556
67.7904968
21.3338680
7.6820292
6.5518184
15.9213066
33.6323929
48.6780396
47.6523476
28.7175903
8.6426773
1.1969891
2.4225922
20.3142834
57.3558121
55.5004425
33.3931885
12.9360485
5.1997738
2.3837292
0.3485832
0.2512120
0.3893113
0.3846902
0.4096007
0.3975222
0.6387659
0.7412194
1.0241003
1.9268049
2.4260097
16.0823898
107.7247620
309.0837402
470.9504700
413.8470154
186.2248840
41.9691467
27.8829231
16.0613861
23.1451569
58.3551788
61.5894203
62.5423584
64.5801010
38.5755005
12.0474091
11.3927116
48.4731674
99.5282211
113.2921600
72.8647385
28.7922001
16.6917782
15.5772676
22.6889801
38.8156090
171.1672516
513.6532593
904.3563232
985.8793945
543.4642944
139.2663879
17.7341824
6.6492538
2.9315321
1.0402577
0.5883780
8.3827076
65.1662064
125.7413864
127.5460663
72.3147507
20.1444359
9.0382109
3.6458509
2.1569903
1.2258459
1.3029878
2.0633655
0.9768475
0.2578827
0.3872957
0.7300661
0.6409202
0.4601993
0.5125078
0.4107911
0.3958602
0.6981726
0.6450661
0.4905484
0.1722016
0.0345166
0.0024458
0.0000927
0.0000000
0.0000000
0.0000000
0.0000000
0.0000000
0.0000000
0.0000000
0.0000000
0.0000000
0.0000000
0.0000000
0.0000000
0.0000000
0.0000000
0.0000000
0.0000000
0.0000000
0.0000000
0.0000000
0.0000000
0.0000000
0.0000000
0.0000000
0.0000000
0.0000000
0.0000000
0.0000000
0.0000000
0.0000000
0.0000000
0.0000000
0.0000000
0.0000000
0.0000000
0.0000000
0.0000000
0.0000000
0.0000000
0.0000000
0.0000000
0.0000000
0.0000000
0.0000000
0.0000000
0.0000000
0.0000000
0.0000000
0.0000000
0.0000000
0.0000000
0.0000000
0.0000000
0.0000000
0.0000000
0.0000000
0.0000000
0.0000000
0.0000000
0.0000000
0.0000000
0.0000000
0.0000000
0.0000000
0.0000000
0.0000000
0.0000000
0.0000000
0.0000000
0.0000000
0.0000000
0.0000000
0.0000000
0.0000000
0.0000000
0.0000000
0.0000000
0.0000000
0.0000000
0.0000000
0.0000000
0.0000000
0.0000000
0.0000000
0.0000000
0.0000000
0.0000000
0.0000000
0.0000000
0.0000000
0.0000000
0.0000000
0.0000000
0.0000000
0.0000000
0.0000000
0.0000000
0.0000000
0.0000000
0.0000000
0.0000000
0.0000000
0.0000000
0.0000000
0.0000000
0.0000000
0.0000000
0.0000000
0.0000000
0.0000000
0.0000000
0.0000000
0.0000000
0.0000000
0.0000000
0.0000000
0.0000000
0.0000000
0.0000000
0.0000000
0.0000000
0.0000000
0.0000000
0.0000000
0.0000000
0.0000000
0.0000000
0.0000000
0.0000000
0.0000000
0.0000000
0.0000000
0.0000000
0.0000000
0.0000000
0.0000000
0.0000000
0.0000000
0.0000000
0.0000000
0.0000000
0.0000000
0.0000000
0.0000000
0.0000000
0.0000000
0.0000000
0.0000000
0.0000000
0.0000000
0.0000000
0.0000000
0.0000000
0.0000000
0.0000000
0.0000000
0.0000000
0.0000000
0.0000000
0.0000000
0.0000000
0.0000000
0.0000000
0.0000000
0.0000000
0.0000000
0.0000000
0.0000000
0.0000000
0.0000000
0.0000000
0.0000000
0.0000000
0.0000000
0.0000000
0.0000000
0.0000000
0.0000000
0.0000000
0.0000000
0.0000000
0.0000000
0.0000000
0.0000000
0.0000000
0.0000000
0.0000000
0.0000000
0.0000000
0.0000000
0.0000000
0.0000000
0.0000000
0.0000000
0.0000000
0.0000000
0.0000000
0.0000000
0.0000000
0.0702572
0.6531500
1.5491624
1.8536153
1.3177804
0.6548261
0.5014493
0.7145226
0.8881350
0.7922885
0.8904340
1.1438283
1.3311067
0.9159471
0.6453049
0.7054220
1.3803680
2.0231445
3.6641152
22.2404861
94.4398270
187.5221558
213.8935089
158.5729980
93.5746002
86.5894012
93.6369019
81.6001129
79.6315765
38.6469040
12.0981588
11.9658709
13.4030485
3.7014422
1.9526955
5.2574968
24.9236088
109.4292908
209.0645599
224.9996033
131.6222382
62.2016220
43.6174812
49.9458008
53.7834625
39.5978241
26.3733959
13.0789194
6.0884647
1.2298695
0.3972020
0.9394109
0.9175923
0.6585215
16.3779526
81.8836136
177.3116455
254.6365051
264.1855469
232.9115295
173.1023407
176.7893219
182.9094543
153.4032898
116.4850006
90.4737320
52.5211029
16.5611420
2.5861800
0.7483681
1.4514356
6.7172952
15.6703587
20.7045631
29.4383125
79.9660416
157.5479736
212.0500793
216.6481018
175.9963074
123.4511871
65.8358078
25.7542324
9.6397915
7.6604648
8.5388231
80.7650299
266.4289856
448.3924561
489.4491577
388.4083252
280.4937744
278.7630615
268.9518738
213.9349976
152.5787201
96.4693909
54.9145813
65.2317200
98.0138397
105.0619354
88.1193924
71.3018646
101.7901382
119.3361969
123.9411163
118.3599396
76.5042648
30.0393486
14.0320711
6.7616310
1.3681635
1.6770864
43.2295761
198.9471436
388.1871033
503.4161987
451.1165161
267.9692383
99.0785065
31.0607815
21.1100025
40.1766586
65.7672119
82.1465378
133.0756073
162.7141418
127.3470917
77.8455505
43.9996834
20.7652645
8.6813679
5.0325842
3.6510568
1.5998000
0.4410079
0.5435080
0.6960607
0.6644731
0.4226309
0.3493658
0.4123500
0.4374603
0.5453994
1.3072960
2.3876281
2.5940104
1.2840769
0.5210821
0.5608708
0.7052723
0.8568860
0.7682269
0.6714016
0.6759526
0.7324128
0.6391995
0.5958894
0.6365432
0.6680993
0.6247993
0.6500275
0.5723003
0.5721297
0.6506183
0.6263930
0.6870393
0.6726086
0.5739100
0.4968337
0.5121992
0.6440992
0.8622599
1.0685581
0.8925350
1.8649085
11.5297165
74.8688202
182.9899750
248.9544525
220.8174133
106.7168579
36.3723488
21.7828102
11.8540926
2.4950557
0.4266315
0.5142661
6.4379115
54.9690170
156.3136292
273.2651062
328.7757874
294.2778320
215.8565369
187.1078033
246.7169495
223.4288635
140.1134796
207.1936951
485.7372131
691.8320312
522.6755371
201.8088226
56.9174652
12.0819941
8.4601402
28.9304733
317.8408203
437.8960571
302.8652954
90.4925537
29.0745449
10.1218328
1.7068629
0.6592216
43.5481758
171.6961212
266.5706482
287.4841614
292.0051880
388.2278137
519.2608032
548.5619507
413.2639465
301.5397644
231.8965149
220.5876617
225.7124176
305.6939087
391.1068726
402.7559814
336.5145264
230.1208344
125.0931931
54.0066872
25.6357079
28.5005379
32.9731522
27.9876080
18.4422646
6.5264025
1.1603119
1.1743870
2.7141962
3.8864334
3.3096042
2.2709081
1.4660983
1.4719931
2.2787857
16.7862930
41.3952065
51.2478180
42.9985199
28.2443352
53.3392677
140.1771088
214.3594971
193.2033386
99.8974915
57.0464287
39.5074959
24.9584084
15.2408857
13.4257412
105.5614700
200.3053894
280.3602295
428.4678955
563.5299072
549.9131470
370.2926025
174.4129028
76.2785416
25.9070988
24.1764584
24.0787430
38.0546989
185.4467163
341.5237732
335.1094666
208.3211823
155.5797424
121.6766357
94.0925903
137.5749969
184.3522034
202.8173523
182.5570374
96.8492050
21.0460606
0.9783033
0.7067757
1.9348257
5.9353027
7.2199526
5.9646382
24.5990715
80.1385803
142.6992035
178.8213043
187.3675995
174.9483795
128.3452148
73.8780060
45.3229141
69.2397766
50.7587509
42.9267044
150.9102020
339.6269531
356.1510925
238.3541107
130.0425568
56.9821548
15.6820278
4.6269751
0.4447387
0.3493903
0.4743439
3.1784897
16.6650848
52.1796188
121.6632690
239.0234985
438.4383850
712.3923950
858.0353394
679.7710571
416.1362915
186.7796478
301.6425781
457.4940796
582.2453003
616.5392456
506.4738159
310.7110291
310.3874207
427.6148682
609.4748535
730.8193359
722.0369873
614.5996094
502.4787598
383.7408752
310.3203735
309.9875183
274.7387390
237.7679901
249.8359680
301.3180542
408.2352295
419.7589111
290.8088989
88.7498779
19.5974026
10.6763544
42.1970596
148.1381226
252.5770569
240.6409149
178.0333710
57.5907669
15.0029192
102.6907349
306.8655396
526.4746704
395.8787842
196.8852386
82.7525330
36.8467064
22.5469589
108.2472153
270.4723206
325.7324524
204.7681274
87.6419373
97.3778687
168.2032013
196.5436554
152.9527435
138.0471039
193.3558350
179.2821960
124.3756332
115.0782242
120.1566772
102.2198563
52.5657501
24.3868675
7.4283347
25.0393410
169.3898926
431.3994141
704.8508911
787.7279053
549.6296387
292.8372803
289.1891479
563.3911133
718.3579712
620.4891357
505.5977173
416.9702454
440.9041443
480.3339233
443.1147766
326.5913086
278.1017761
234.2637329
196.7761993
231.2378082
348.2846680
449.9951782
425.9506531
300.2366028
185.3472900
102.3781357
46.9243126
19.2678642
11.8496075
5.8565011
1.1194283
0.7444431
0.8412669
0.7674319
0.5972450
0.4516989
0.4215762
0.8217821
1.1359167
3.7219594
71.7875824
230.8418579
389.8876953
456.0806274
389.5876160
269.5029602
177.1596985
209.8781586
200.8781586
144.7425537
122.6163483
120.0102234
119.9178772
111.4117508
86.2288284
78.4639740
124.2576523
131.8297729
80.6088181
36.7414246
71.2263184
274.4091187
449.8756104
463.4695129
385.5272522
356.3095703
264.4709473
178.6353912
87.8427582
69.2449341
78.7317963
63.7279015
124.0242386
240.1406250
232.9098816
127.5641785
31.7007885
9.1316814
2.2531283
2.4306908
45.4584160
148.3534241
187.2702484
145.0061646
88.9929047
56.3208961
31.2801609
11.3968229
2.9364963
10.3013620
78.9709473
181.5250244
188.5765228
140.1916656
118.5451431
117.7187729
94.5521317
94.1594467
120.6177216
140.1631927
146.7345276
149.4011993
129.7830811
110.0737305
93.7888336
80.7072372
35.2711983
27.7773514
95.5984573
199.6474457
202.6322174
111.2855988
66.1498489
69.1161423
89.1178818
97.1576233
59.4512405
24.7024879
10.3975735
4.6850195
30.9587574
114.9759979
194.7543640
212.7517700
206.8040924
188.5606842
156.9894409
141.7414246
114.4733429
84.6142654
48.4792480
135.1623077
198.7604523
238.1647034
244.1264801
259.8478394
262.5825195
298.6384583
499.5050354
685.2790527
739.4492798
614.5368042
354.3105469
174.1251068
65.3393478
23.2447815
18.9403667
2.5840514
1.0689802
0.3957767
0.5291883
0.6417876
0.4683467
0.4021277
0.8905239
0.9636266
0.8861402
0.8022658
1.0695482
1.2070600
1.3781358
1.5279516
1.5910133
1.3955855
1.4046425
2.1661856
2.9706798
3.0954280
9.7613297
34.1660004
72.6263962
92.7531967
83.0198746
80.5762711
95.6209106
88.6287079
56.4355812
59.1893425
63.1915855
55.3080788
42.3612442
35.0696106
51.3381195
33.0239754
29.8145390
89.2648849
147.2835541
111.1937485
65.4937134
34.3978462
19.4932880
52.6872101
136.5997162
212.4516907
198.6420135
148.9869385
117.9882812
164.9657898
197.6970673
156.4686737
110.6147232
229.8888245
301.7019653
276.5830078
253.4243927
223.8995056
179.3581848
136.0928040
66.5594482
216.8915558
432.6063843
558.3060303
648.2042236
636.9811401
510.3160095
312.6561890
142.6504211
46.1876602
169.9303894
394.1143799
433.7052612
328.8740845
159.5302277
44.7670250
9.5471058
28.5049572
90.1034775
189.3976135
198.8452454
126.2591095
70.6003571
83.4660873
114.7778397
130.8582764
93.9403992
51.4708138
15.3978367
3.6656821
7.2780700
101.1250992
265.8801270
325.9185486
284.6676025
175.8931427
178.6962128
134.3348999
89.6452484
45.7471924
197.2754822
265.6957092
253.6179962
212.5836334
158.5578918
131.9084625
126.6624985
164.6643524
145.6612549
143.6876678
211.9492493
252.0267334
253.4861298
278.9743042
245.5560760
193.4480438
201.6950378
198.0914917
142.0646973
148.3864746
303.0704346
300.3610840
271.8281250
266.2714539
281.0285950
339.0218506
386.5662842
386.3921204
326.4518127
253.7510986
186.0833893
120.8046341
45.0134125
62.2731819
179.3068085
197.4104004
195.2469635
200.0435181
214.3125153
199.3374329
158.8922882
143.8321838
177.3144531
223.2059784
249.7396851
244.6160126
204.1937866
120.9443893
150.2869720
174.3546295
124.5871353
135.8614349
228.1515656
142.0625305
55.5490303
17.6414604
6.5247164
8.9051113
42.9465637
89.0627670
108.7389984
143.5975037
175.9827881
161.2868042
94.0939255
38.1526871
20.5839081
13.3401623
7.5683889
1.6375463
1.4891877
3.2420442
4.9586639
4.8818746
12.9553823
76.4695511
174.8823547
205.7494354
141.4707031
67.1671448
42.8992729
28.0305023
6.0624280
11.4096155
57.7628212
135.4184570
208.2173767
216.1167603
144.6386261
61.2764435
42.2921486
59.5463562
61.0386658
49.3605385
38.4154549
25.1080265
11.7395926
4.4564862
1.5233381
0.5927228
0.6606526
0.5396193
19.5134315
80.8126450
138.3757782
141.3536835
113.6160660
131.4727478
181.1645966
200.5616150
145.5016327
49.2445869
15.4279747
39.5393639
91.6947937
120.8133774
96.3292999
25.7403450
6.0420394
1.3312632
0.0850526
0.2137050
0.7984418
1.8557256
2.8415976
3.6454041
4.3482561
4.9481459
5.3968267
4.7846327
3.6499281
3.5552282
3.8274610
3.6206214
3.0547531
2.2807407
1.6136359
1.5708735
2.1880324
1.7703370
10.7463627
48.9405479
102.5012665
133.5057983
120.0677490
84.9613571
76.8557434
87.9203720
61.0490227
31.8244343
20.9387321
38.5331459
41.4618530
46.5462151
120.2350998
243.6320496
296.6084900
227.1656036
117.2779694
70.6417007
35.1291161
39.8750153
42.3822289
73.8263550
77.0662537
56.9385071
79.3641434
110.3833313
112.8301086
79.2942123
45.1511803
24.0189419
16.8722382
13.5548105
8.8269176
4.0998960
1.1123964
1.4311206
3.3580003
5.4748211
3.4411516
1.5940400
1.3691727
1.1336309
1.0765681
0.9785721
0.7006538
0.5849098
0.4742380
0.7345093
0.7166007
0.6134069
0.6499128
0.6436271
0.5521888
0.4472118
0.3721393
0.7465048
2.8645225
7.1731930
16.9126549
79.3911285
220.1282501
399.6693115
559.8945312
598.2547607
434.8954163
218.1553650
56.9459229
6.1624646
8.8124819
40.1749077
142.1996307
128.9546814
52.1806908
24.9355125
12.2138128
5.9698644
5.9468284
6.8682852
6.6052094
6.8027010
8.0689354
31.8375797
157.4199677
333.6722717
405.7761536
338.7236938
186.3629150
85.6740417
25.2247486
18.5978584
27.3309193
40.5524902
54.5932922
78.2549286
104.6652374
112.1771393
89.3245850
59.8570023
35.3954086
13.8014240
5.6289344
2.2461913
0.7343906
1.1072341
1.2841372
1.0795555
0.7979456
0.8208508
0.8739125
0.8552856
0.5800433
0.5666688
0.7040243
0.6986551
0.6673102
0.5711198
0.4448560
0.4701797
0.5709532
0.6339954
0.5963240
0.6666728
0.8310401
0.7566859
0.4439089
0.2184815
0.0484618
0.0096459
0.0001047
0.0000000
0.0000000
0.0000000
0.0000000
0.0000000
0.0000000
0.0000000
0.0000000
0.0000000
0.0000000
0.0000000
0.0000000
0.0000000
0.0000000
0.0000000
0.0000000
0.0000000
0.0000000
0.0000000
0.0000000
0.0000000
0.0000000
0.0000000
0.0000000
0.0000000
0.0000000
0.0000000
0.0000000
0.0000000
0.0000000
0.0000000
0.0000000
0.0000000
0.0000000
0.0000000
0.0000000
0.0000000
0.0000000
0.0000000
0.0000000
0.0000000
0.0000000
0.0000000
0.0000000
0.0000000
0.0000000
0.0000000
0.0000000
0.0000000
0.0000000
0.0000000
0.0000000
0.0000000
0.0000000
0.0000000
0.0000000
0.0000000
0.0000000
0.0000000
0.0000000
0.0000000
0.0000000
0.0000000
0.0000000
0.0000000
0.0000000
0.0000000
0.0000000
0.0000000
0.0000000
0.0000000
0.0000000
0.0000000
0.0000000
0.0000000
0.0000000
0.0000000
0.0000000
0.0000000
0.0000000
0.0000000
0.0000000
0.0000000
0.0000000
0.0000000
0.0000000
0.0000000
0.0000000
0.0000000
0.0000000
0.0000000
0.0000000
0.0000000
0.0000000
0.0000000
0.0000000
0.0000000
0.0000000
0.0000000
0.0000000
0.0000000
0.0000000
0.0000000
0.0000000
0.0000000
0.0000000
0.0000000
0.0000000
0.0000000
0.0000000
0.0000000
0.0000000
0.0000000
0.0000000
0.0000000
0.0000000
0.0000000
0.0000000
0.0000000
0.0000000
0.0000000
0.0000000
0.0000000
0.0000000
0.0000000
0.0000000
0.0000000
0.0000000
0.0000000
0.0000000
0.0000000
0.0000000
0.0000000
0.0000000
0.0000000
0.0000000
0.0000000
0.0000000
0.0000000
0.0000000
0.0000000
0.0000000
0.0000000
0.0000000
0.0000000
0.0000000
0.0000000
0.0000000
0.0000000
0.0000000
0.0000000
0.0000000
0.0000000
0.0000000
0.0000000
0.0000000
0.0000000
0.0000000
0.0000000
0.0000000
0.0000000
0.0000000
0.0000000
0.0000000
0.0000000
0.0000000
0.0000000
0.0000000
0.0000000
0.0000000
0.0000000
0.0000000
0.0000000
0.0000000
0.0000000
0.0000000
0.0000000
0.0000000
0.0000000
0.0000000
0.0000000
0.0000000
0.0000000
0.0000000
0.0000000
0.0000000
0.0000000
0.0000000
0.0000000
0.0000000
0.0000000
0.0000000
0.0000000
0.0000000
0.0000000
0.0000000
0.0000000
0.0000000
0.0000000
0.0000000
0.0000000
0.0000000
0.0000000
0.0000000
0.0000000
0.0000000
0.0000000
0.0000000
0.0000000
0.0000000
0.0000000
0.0000000
0.0000000
0.0000000
0.0000000
0.0000000
0.0321757
0.3326066
0.9286289
1.3602527
1.2803273
0.8434115
0.5129644
0.5137855
0.5870609
0.6875598
1.1745119
1.7453521
1.9587812
1.6986159
1.1771904
0.8228131
0.6688246
0.5125629
1.7935432
7.1530380
15.8752518
30.9763737
56.4674149
85.2765884
93.0498734
72.2472534
25.3579597
4.8099647
1.5471354
24.9398918
71.5650024
135.0679626
264.4011841
451.3944397
553.3145752
475.3354492
327.9440002
198.4762421
119.1681976
65.9696884
40.5407562
25.2257290
14.8438320
4.9611464
0.8794053
0.2486910
0.9844423
16.6975060
43.1499786
54.7858353
50.3885002
40.9436073
39.8489647
41.2673569
28.7609558
9.6411114
1.7418339
4.3799891
38.4833107
93.9051666
155.6625671
253.8020325
373.6832581
424.0037842
389.5011902
316.9944763
253.3498383
201.6333466
149.0389099
86.0578079
39.1016350
12.0601158
16.6752129
119.7800598
251.7188873
250.5979767
165.5138855
127.3133545
111.1530304
80.7461624
43.1390038
60.8442230
109.7154312
142.9975281
118.5798264
88.1766510
66.4468765
24.9844475
3.6679058
1.9367396
25.0312653
103.6175690
172.9200134
277.5758667
434.2547607
514.5059814
434.7571716
359.6480408
289.3920898
215.8345184
172.5567017
139.8503876
98.4777222
44.4984322
12.5651979
4.2382383
19.5354271
98.4782410
168.0784607
165.8258057
82.1392517
13.2115002
2.8510032
15.9658527
76.1680527
193.7882690
323.1011658
392.2695007
367.9614258
263.6354370
174.2378235
71.7619095
18.1014175
4.3385186
0.9436957
24.6487808
103.0020981
126.3038025
133.4642334
201.7870026
247.0654602
219.8230133
151.6371002
79.1939011
49.5065575
157.5017700
286.2113037
323.1244812
294.2159119
126.5344925
28.0187206
28.3758526
53.8184700
75.6510773
82.4303360
59.5189247
34.1567268
9.7018366
9.3439627
32.7557640
49.1347237
32.2626152
8.7636309
2.6791794
1.2464173
0.5416020
0.5542876
2.5702455
21.1404305
47.7163391
47.2130089
18.9303379
7.0336933
24.0733814
48.2409706
62.0518036
71.7821198
73.6034012
59.5028801
37.4736443
36.5950203
79.5900116
154.6297455
266.0173340
421.7953186
659.4882812
875.2286987
946.4899902
787.9826660
514.4126587
240.2492676
196.2180176
247.9163055
202.3845215
166.2686157
111.9874802
86.0606842
90.3465042
115.6446838
133.5662079
150.7249603
138.2620697
115.4714661
86.5671692
61.6644287
40.4132156
22.8217850
8.9205561
2.2617452
0.4243166
0.2695648
0.4423189
0.4454066
0.5023146
0.6051563
2.9175184
17.2947826
47.9484596
77.7253265
79.3123550
45.3535423
10.2308569
8.2505856
69.1558380
204.3631287
299.8202209
300.1463318
185.9543304
69.6989746
28.4552803
16.4722633
7.7660103
10.9753284
23.7679329
100.5200958
200.2686768
297.9878235
422.8006897
570.3231812
720.2562866
921.7691040
917.3888550
581.5913086
100.5239258
6.7619624
0.4157015
0.7452953
21.1178818
234.8308411
357.4370422
327.8319092
224.6151581
156.0416718
170.0823212
197.6785583
178.2155609
177.2928314
215.0088501
166.5788879
55.8880920
14.9731388
10.2197113
31.3541946
154.1560211
279.4617615
273.3347168
195.9098053
159.4418182
101.2234955
33.2252159
12.0887671
18.5886421
68.7066345
92.8315125
43.1235580
6.6540890
0.4362409
0.1286963
7.6139235
114.3412018
308.4971313
479.2492371
561.9715576
603.0496826
648.6185303
582.8007202
386.5252075
425.4723511
401.6648865
224.9892120
28.3165169
2.3142872
2.0356908
2.1412981
22.7209110
116.0839996
213.5672913
262.6634521
269.6525269
234.8224792
182.0783997
124.0514526
120.6235199
113.6080704
97.7007217
105.1503372
91.3775177
69.2539368
54.1651993
23.5241718
4.0694690
22.7019768
74.8327408
129.7843170
92.4186859
42.3726044
11.7931604
4.6687388
1.6898444
6.4193230
40.6654434
103.1947937
129.5644531
107.6020813
63.5379715
43.1441307
39.8470612
51.2663574
41.1699562
23.9488106
33.9814224
23.8920212
11.0554180
10.0117579
24.0391865
44.2342224
41.6463394
22.0440083
4.3961153
3.3043151
8.1948414
14.0294094
15.4481010
14.0278358
12.8833008
13.9494610
14.8582621
14.6208725
13.0015907
9.3321524
4.9460974
6.0162287
26.9852047
86.2031403
136.6309814
118.2933578
45.4985085
17.0637970
23.0675182
102.6354980
257.8996582
350.4445496
280.5234680
101.4438400
31.7016964
21.6401062
18.2131443
61.6539230
274.3432922
499.0151672
590.8225708
421.1067810
109.5489807
27.0672035
2.1627202
5.1036472
14.5464439
31.7256069
34.2854996
34.1156082
39.3502693
33.6062889
33.2071495
111.7992630
289.9741821
455.4173279
449.8043823
299.6830139
223.0798798
290.1004639
298.8610229
126.9340363
10.1371403
0.7720227
5.9142003
42.9870605
109.2640686
129.0627899
136.6812286
116.2128830
71.5718460
49.1968269
55.8204575
92.7937164
157.7580414
169.8892670
95.0033417
24.4159451
11.3060284
31.1854439
103.4072266
210.2487640
271.5823669
283.4672546
236.5957794
127.1844101
42.9865189
5.2706966
3.8242414
14.3421917
35.1665154
58.0367432
64.2692108
67.9670486
69.6835175
58.9730682
31.1798916
15.1689100
48.4701729
121.8950729
168.4503021
151.0775757
169.6118774
209.8285980
246.5130005
277.1145325
283.7572327
312.5473328
282.3570862
218.4416656
241.9635315
269.3374634
238.2322235
206.5326843
184.1609039
100.3501587
10.0792179
5.0447030
28.6210423
157.8885651
366.3107605
380.9498291
231.7122498
51.7398758
17.6211147
16.8743038
8.5613413
9.5658054
70.0319748
203.8524475
307.7447510
276.8571167
160.8191071
79.3422470
133.6531677
279.1351013
318.0068359
269.2650757
274.2443848
207.2457886
66.1355743
15.2947006
14.3880615
36.2378883
205.2669983
289.1990662
203.5300598
119.4853973
62.6182442
27.4745827
23.7233543
75.7172241
200.2086792
182.2112885
82.2781982
40.6040459
16.3096428
8.9051123
20.1100979
112.0479889
198.2232819
178.6252594
107.3616104
66.5033646
60.1517029
52.1574974
27.6106071
7.7784114
1.7384571
0.2486532
4.5632534
40.0464706
97.7986298
140.2402954
141.1121216
118.0461121
93.3744125
98.3061829
136.8699188
154.2064209
155.6788330
150.7941589
117.0715790
47.6938934
19.1607780
7.5093002
4.6693296
53.4867439
225.1671448
360.2621765
357.2736816
205.4743042
49.7045593
10.2819281
7.1879697
37.4948845
85.3567734
76.8462219
94.1920776
136.5897980
143.7823486
157.6235352
161.7159576
126.4797516
83.2665024
42.8948441
62.6464691
82.9009247
100.5198212
84.2321167
28.7547264
2.5902500
0.2801183
3.2770710
49.2002029
140.5542908
199.8467712
236.3299713
290.5618591
348.0501099
334.5100708
237.5973969
151.3485870
60.5269089
13.5412683
3.6715200
1.3647639
0.9857519
17.4512444
74.3305054
128.5098114
143.8431091
147.5812988
159.2347412
181.3137970
173.1009674
131.5716705
85.2309494
38.4374771
9.2091322
3.1742187
2.3027396
3.4677246
12.9522715
57.4163399
154.6908875
237.3091125
222.9890137
168.5425110
126.3897476
113.5736237
76.1817932
42.5050507
64.9991150
78.7712479
66.4078293
48.3860779
37.5301437
33.4879379
54.6691704
92.8890839
162.3174896
241.5663452
283.7000122
288.8840332
254.7598114
205.5246887
179.3810425
173.9194031
156.7024078
64.6506119
10.8711357
0.9635515
0.4276473
1.6048071
11.0431824
19.2744141
21.5549335
25.2625332
30.5492287
30.9524879
22.9237118
12.8227501
5.7650318
2.9400110
10.2844801
44.2938805
89.6806641
94.2008972
44.7479286
5.7662601
8.4290819
86.2860718
269.4686279
411.4165344
398.6420288
254.5326691
145.8642120
73.9781265
30.3126602
14.0317039
15.3675604
15.5629482
9.7719574
3.3567550
5.6102304
39.8574638
91.1006775
96.3735733
49.6459160
56.9843979
141.1009521
240.4373627
312.5232849
316.0237122
269.8540039
171.1301880
92.5524750
92.2276688
116.9080353
144.2003937
162.1322327
165.9787292
150.3309174
102.6999969
100.1089172
145.3277740
165.1448975
138.7434998
68.8590012
42.2804527
42.3478813
59.9113541
62.9266510
29.2317543
10.5368032
5.9791536
1.3793349
1.2540973
3.2233646
8.2471876
11.7973385
11.9781590
11.1947956
11.0694914
11.8970470
12.6917925
12.6578484
12.2117405
11.4025650
7.8158560
5.5428090
4.5783939
4.3743601
3.1737151
1.6216221
0.7392963
9.4052114
63.1467476
151.1539307
227.7859497
253.2621155
222.4440765
190.1255951
133.9588623
76.1953583
25.1356068
21.5717163
98.9453888
280.6708374
384.1705322
275.3043823
113.9548569
25.4593487
5.2172656
17.2953396
54.4477005
117.5556412
176.3510132
203.0031281
186.4498138
146.6312561
137.3136292
160.5839233
114.0158234
40.2471848
5.8137579
23.9556541
158.0207367
289.5823364
256.3955383
143.6377869
107.4743500
94.5366516
66.0750122
38.2721138
7.1851649
11.7893400
173.1473389
581.5205688
827.0125732
728.4337769
491.0216064
429.1256714
261.4858704
44.1195679
2.4686809
4.0890222
28.5641594
108.0339508
191.5108032
220.6116333
228.5884094
185.0260010
152.0203400
178.3702393
181.1725922
99.7535477
78.4894257
103.1818314
189.4696960
219.0270081
166.0916290
130.5186310
91.0525513
66.7181854
77.7045898
75.0671616
43.8570023
12.0012426
3.1888080
4.6416330
39.8167953
145.8716431
259.3843079
286.5703125
223.2115173
77.4794617
36.0118065
24.5319748
31.2087193
17.7557144
7.2357950
3.2669129
45.8049240
170.5205383
282.8630371
305.0346375
274.9971619
320.9880981
499.9125061
767.4272461
843.8954468
579.0554199
288.0583801
84.1366806
108.2563324
224.5065308
172.5376282
68.1653061
25.1036606
27.5117722
62.7388649
122.1290665
136.7696686
111.1016464
118.4373550
147.7768402
133.6098022
73.6761932
33.3260651
21.5483856
4.8583775
1.1970620
0.7235565
1.0925301
1.6054653
3.1936309
6.5490832
7.3823500
5.9500957
3.8432524
2.7494202
2.5290647
2.8655462
2.6107922
2.4649417
2.3585110
2.1950703
2.0034356
1.5066750
1.1808580
1.1979208
1.3890655
1.7384061
1.8391079
3.6162131
10.2912054
18.2197304
22.6318340
32.6193314
49.5944595
54.5743904
40.1412048
23.9439316
30.0754528
118.4449158
334.1830444
594.8895874
685.8985596
501.0623779
369.7903137
596.6037598
949.0175171
995.9793091
812.1760254
602.8897705
443.6940918
197.9933777
908.9683838
1027.6613770
632.1071777
349.4185181
213.2386932
188.3213501
130.1567688
68.9532394
23.7781677
18.1245499
18.5793915
7.5286446
14.0471134
31.3057404
31.4905853
11.4999924
2.2179768
0.5733855
0.7259580
0.7077233
1.3422730
3.4384665
3.0748067
0.6053731
0.2934584
0.3709110
0.6184644
0.5731041
0.6406175
0.6879601
0.6679833
0.7740343
0.7319347
0.6622918
0.6715565
0.4234715
0.3734022
0.4630555
0.6685526
0.6288297
0.4301232
0.5070481
0.4506032
0.4422992
0.5770148
0.5905315
0.5159056
0.4425846
0.4964608
0.4821974
0.4210910
0.6018831
0.7439036
0.5660526
0.5683280
0.5477071
0.4948714
0.4878078
0.6255754
0.4888020
0.4725895
0.4646628
0.4233530
0.5833651
0.5631891
0.6849990
0.7538658
0.7819602
0.7066290
1.3294339
5.0893674
13.3556232
20.8564548
21.2446079
17.8265896
19.1323719
25.7769375
33.7189789
52.0686874
99.2220078
180.2757263
274.4036865
366.1894226
394.5784607
328.7381897
188.5228882
134.5007935
140.9337463
205.5957947
234.6554260
230.6220551
169.7487030
84.6965027
110.0875931
247.7247009
308.1225586
289.4303284
197.8528442
91.0547028
37.3153801
13.8252525
4.9080606
4.2991123
6.2217288
1.6634314
0.6504732
0.5521413
0.4081821
0.4914504
0.7114196
0.9590726
1.2089773
1.2983794
1.2141402
1.0505643
0.7336031
0.5632285
0.5514925
0.6813882
0.8940895
1.0246953
0.7312328
0.3377898
0.1610982
0.0141345
0.0005301
0.0000000
0.0000000
0.0000000
0.0000000
0.0000000
0.0000000
0.0000000
0.0000000
0.0000000
0.0000000
0.0000000
0.0000000
0.0000000
0.0000000
0.0000000
0.0000000
0.0000000
0.0000000
0.0000000
0.0000000
0.0000000
0.0000000
0.0000000
0.0000000
0.0000000
0.0000000
0.0000000
0.0000000
0.0000000
0.0000000
0.0000000
0.0000000
0.0000000
0.0000000
0.0000000
0.0000000
0.0000000
0.0000000
0.0000000
0.0000000
0.0000000
0.0000000
0.0000000
0.0000000
0.0000000
0.0000000
0.0000000
0.0000000
0.0000000
0.0000000
0.0000000
0.0000000
0.0000000
0.0000000
0.0000000
0.0000000
0.0000000
0.0000000
0.0000000
0.0000000
0.0000000
0.0000000
0.0000000
0.0000000
0.0000000
0.0000000
0.0000000
0.0000000
0.0000000
0.0000000
0.0000000
0.0000000
0.0000000
0.0000000
0.0000000
0.0000000
0.0000000
0.0000000
0.0000000
0.0000000
0.0000000
0.0000000
0.0000000
0.0000000
0.0000000
0.0000000
0.0000000
0.0000000
0.0000000
0.0000000
0.0000000
0.0000000
0.0000000
0.0000000
0.0000000
0.0000000
0.0000000
0.0000000
0.0000000
0.0000000
0.0000000
0.0000000
0.0000000
0.0000000
0.0000000
0.0000000
0.0000000
0.0000000
0.0000000
0.0000000
0.0000000
0.0000000
0.0000000
0.0000000
0.0000000
0.0000000
0.0000000
0.0000000
0.0000000
0.0000000
0.0000000
0.0000000
0.0000000
0.0000000
0.0000000
0.0000000
0.0000000
0.0000000
0.0000000
0.0000000
0.0000000
0.0000000
0.0000000
0.0000000
0.0000000
0.0000000
0.0000000
0.0000000
0.0000000
0.0000000
0.0000000
0.0000000
0.0000000
0.0000000
0.0000000
0.0000000
0.0000000
0.0000000
0.0000000
0.0000000
0.0000000
0.0000000
0.0000000
0.0000000
0.0000000
0.0000000
0.0000000
0.0000000
0.0000000
0.0000000
0.0000000
0.0000000
0.0000000
0.0000000
0.0000000
0.0000000
0.0000000
0.0000000
0.0000000
0.0000000
0.0000000
0.0000000
0.0000000
0.0000000
0.0000000
0.0000000
0.0000000
0.0000000
0.0000000
0.0000000
0.0000000
0.0000000
0.0000000
0.0000000
0.0000000
0.0000000
0.0000000
0.0000000
0.0000000
0.0000000
0.0000000
0.0000000
0.0000000
0.0000000
0.0000000
0.0000000
0.0000000
0.0000000
0.0000000
0.0000000
0.0000000
0.0000000
0.0000000
0.0000000
0.0000000
0.0000000
0.0000000
0.0000000
0.0000000
0.0000000
0.0000000
0.0000000
0.0000000
0.0000000
0.0000000
0.0000000
0.0000000
0.0000000
0.0000000
0.0000000
0.0000000
0.0000000
0.0000000
0.0000000
0.0000000
0.0076815
0.2207022
0.7805148
1.5396774
2.0193505
1.8108571
0.9991257
0.5653287
0.2782705
0.3462760
0.4699498
0.4619786
0.6600904
0.5325763
0.3942475
2.3090568
9.4393740
21.7793941
30.9971905
26.0956917
9.8323526
11.0960474
27.6859703
42.2869530
35.2780533
15.7821331
8.9202194
6.9400306
5.4809651
3.5894413
1.4546839
0.2580756
2.7657723
34.6441307
85.9148636
108.3355484
100.2907867
85.3004684
72.2706604
101.1953201
246.6874695
423.1440125
466.7730408
415.4667969
282.6111450
157.0229340
102.7752533
100.1264954
122.0276566
111.3794022
15.6418943
15.1776590
35.3520851
54.0311775
65.3942413
46.4905014
15.9287281
3.5450883
11.6479845
32.1596756
50.2259979
54.0028992
57.1401672
67.3625412
84.4737244
100.5178528
89.1376190
56.4483643
22.8563385
17.8671398
10.1441307
3.2429557
6.5643754
35.4089050
92.7901764
160.0307617
262.7778931
411.7912292
435.6798096
278.6032715
140.8553162
104.3562851
167.0352325
273.3366699
253.8442078
52.7106133
5.2410936
9.8357229
33.0299339
46.0695496
28.4118347
7.1261239
16.6121769
52.8298073
88.2303848
102.8935471
98.7131119
87.4446106
92.3338089
110.6791840
105.4047394
58.6206779
14.9192095
34.0230179
53.2819290
38.7743149
19.0507927
14.1379251
13.3655891
15.8989124
13.9945030
8.4439678
6.1148248
6.6641774
10.9913034
12.5018711
8.5324593
5.5089984
6.3876653
4.5486956
1.5573950
2.4766109
10.6642227
16.0971565
21.0425148
23.8188152
29.7718220
52.6740189
93.1936493
155.5064392
231.2416229
304.9726257
340.4358826
303.7968445
309.9017639
430.2894897
572.6386108
636.5568237
584.4944458
470.6593628
414.9960327
366.9509277
257.9967651
149.9932404
90.7855453
35.1487122
15.5632095
11.3961124
15.5906706
27.6770935
56.5437660
71.2086716
56.1827888
37.1334038
28.3525982
22.1315575
10.5638046
2.6007264
0.5664027
0.6318097
0.4425662
1.1719804
7.0377173
8.7784882
7.9525423
7.3969202
6.5843067
10.2257490
14.5595703
13.8487148
9.6795063
8.2202816
4.7635603
1.4052720
0.9127138
1.9543550
6.8635530
10.6879349
10.5301828
7.6780787
3.8885195
4.3006644
4.3062577
7.7170506
16.2301617
18.8183746
22.5732250
34.7843323
62.0934296
99.6782074
140.4642029
177.6565247
213.0130768
203.6881256
174.8073883
172.1068268
232.5286713
373.2054138
543.8052979
620.1221313
494.9112244
263.2181396
213.1848755
209.8879089
213.8276825
197.3435364
158.3888702
107.7981644
77.7942276
58.7903786
44.6943436
28.0558319
21.9475994
33.5151138
51.2180710
52.7044449
37.3500671
21.3291588
15.0769978
14.2653379
14.9620762
9.6317301
3.2162468
4.2490697
9.4073362
7.8900414
1.1696746
0.5450484
0.4138837
0.3282745
0.3208738
0.5223985
0.9701090
1.4914125
1.9110122
1.6160785
1.3740087
1.2781366
1.3232794
1.2154425
1.2412128
1.1580079
1.0530328
1.1871743
1.4638757
1.4132664
1.3508470
1.2914146
1.3569436
1.0359545
0.8942032
1.0014571
1.1212952
1.2208750
1.1042304
0.9980027
0.8755991
0.6988808
0.8119162
0.8035580
0.6757520
0.8367184
1.0651608
0.9547596
0.6557172
0.6012518
0.7695749
1.0265093
0.5849501
0.4389880
3.5918255
10.8048077
17.3526764
21.7455769
23.3656158
23.6061134
24.0099411
24.2081413
17.4297581
6.7071762
1.6582930
0.4096896
0.3233899
0.4701239
0.7881854
0.8341256
0.5978615
0.4192691
0.4238806
1.0671484
2.5387311
3.3545904
2.6539187
3.0868731
14.2103691
30.8514919
37.2579041
41.1885529
61.8123093
83.7467422
96.3638229
85.6826172
67.7392197
41.2563286
18.4836731
20.3397236
17.3581161
9.0433607
0.9799974
0.3127639
2.8235106
64.3253021
195.1473999
293.0948792
300.7112122
311.1923828
461.8251343
599.8831177
491.6248779
274.1871338
70.6298828
17.0298862
15.0016661
16.6710281
14.4568748
29.6739311
46.9339409
54.8632431
56.1975403
60.4803619
59.0751038
49.7158318
41.7733917
43.8852768
61.5162201
66.5559235
45.7911530
20.5847702
27.2760067
57.5523529
120.4742508
183.1846008
186.9476013
103.1512375
33.9044418
20.6958675
22.7735252
37.9070129
82.3186264
102.4619064
72.6657639
26.1581078
13.2184830
4.7715888
2.2761030
5.3714247
47.9968300
109.9010086
120.0978928
79.1672592
28.9546700
25.2568130
21.8853531
16.4071465
18.5550423
80.6334991
148.2485657
142.1197510
75.2711105
29.3683434
19.0213318
16.8730354
4.8327465
7.6286645
13.1544456
68.4076462
155.8536682
203.2388458
191.0464783
156.2810364
141.2214203
130.9560089
151.1096497
168.3643799
130.3859863
83.4709396
100.2236404
159.6907043
274.7096863
449.0077820
420.0765991
253.7284088
160.6854858
107.7914734
87.8030014
79.9237518
84.1105347
35.5525818
7.6556520
20.9088345
57.7181892
89.1451340
91.4342651
69.7270432
44.9340401
18.4320698
3.2862194
1.8062885
10.9993496
63.0118408
96.1488342
84.1228180
59.1987038
44.9486847
24.8227253
9.0772896
20.7223415
58.7424202
116.4906998
138.5787048
132.7406769
102.9057846
73.3228073
53.7817802
101.2819901
88.8402786
35.4786949
4.1088662
1.5820907
15.2462978
99.0281296
168.3457031
159.6621399
93.3352280
46.0806198
17.6962261
40.2201614
44.8149719
55.2839432
120.6003494
96.5896454
45.4977226
24.8487644
8.6749058
13.6084061
62.6184235
130.9694519
180.3104401
186.9864349
127.2256317
33.1386871
1.2441438
5.8280497
42.2558746
123.2681122
133.5109406
72.4999695
24.0788383
15.9176989
13.2419510
16.9651337
20.2364407
21.8487434
37.5143433
53.0525894
63.0142632
67.6186905
58.3379669
39.5913391
31.3579769
40.2480927
60.9899559
104.8784103
178.4069061
225.1529388
227.7286530
157.0941315
57.7524605
11.4399767
9.3472691
22.0027332
30.0554123
43.1527481
59.0304642
51.8483124
18.9433250
2.4541373
5.6334472
31.6779861
79.3887329
65.9165344
8.5419579
1.1575592
0.3096387
0.0946579
0.3480638
0.5996917
0.6984934
0.8792599
4.9670391
39.2913628
112.4635086
216.2204742
316.2761536
379.4295044
393.7114868
398.3795776
330.5691528
197.3373566
97.8191452
29.1912346
3.9905252
2.0622251
14.0728197
47.5024223
56.3619766
28.7077866
5.9072971
1.2430463
5.9700842
28.1798420
56.9213257
69.3169250
98.6578217
159.9837036
192.0057373
147.5672302
93.3888168
60.5708885
88.3136292
105.4657898
83.6326599
69.0404968
92.1406021
80.9583206
41.4566994
30.7276535
35.0276527
31.0060711
29.2252083
26.9906807
24.3092728
19.4171200
25.6090946
46.1333847
56.6500664
50.6250648
37.2102699
24.3406849
28.0007763
18.8371849
10.1013184
12.7744484
17.6083965
25.9881935
33.1287346
30.2235317
37.1569252
89.0023193
156.8483582
185.6059265
226.5116425
292.3076782
277.2241516
132.9466705
47.6585922
49.8030052
105.8908310
142.5827332
149.8667908
139.2504272
84.6497650
21.4401932
1.5597284
1.0075017
3.4440343
7.3757834
3.5584292
0.5873438
3.9216342
15.4845524
27.7798729
25.6749344
18.2573967
12.4125376
6.4777308
2.3045702
0.9016321
0.4934765
0.4230357
0.3977757
0.8212580
2.0204067
2.4329391
2.3368573
2.4674499
2.6901884
3.5737631
4.3580904
3.8551326
2.5242388
2.0013006
1.5233735
1.1202186
0.9377060
0.9135410
0.8478467
0.9311179
1.0514683
1.3593892
1.1819034
0.7352901
0.5624973
7.4131012
38.4153366
77.3910980
87.8765259
60.8644371
25.8445930
6.9404006
6.3318286
4.5020494
7.6625447
20.2089558
33.9660530
31.5281334
23.8070335
30.9756699
71.8004990
126.4588242
140.8287048
116.9477081
80.6030197
91.0959625
112.3880768
149.3729095
196.0716400
240.8257446
319.2894897
400.6946106
439.9679260
464.6824951
428.7998657
269.1939697
76.0149612
14.1778021
8.2651854
23.3631630
71.3186874
94.6688461
69.6255798
62.8355331
69.3026581
55.9343681
25.4319038
11.9757204
12.9348764
13.5468769
8.2563057
2.2789807
1.5157306
10.7812452
34.7585411
55.9700737
68.1198730
88.4650421
106.9861908
106.9571152
74.4220276
47.0819931
39.4199638
58.5113220
72.8328476
56.8121681
29.2694244
19.4208984
21.0406990
26.8566208
18.0482960
7.6694489
4.4029799
8.1651459
14.8107681
17.3723183
14.5499802
9.3631525
4.9910975
2.4949665
0.9250479
0.8239062
2.0355380
3.4665463
3.8460915
3.0505340
2.3752401
1.8798765
1.7212837
2.0864749
2.1010721
1.8490140
1.6023083
1.7056299
1.7511560
1.5159571
1.4141165
1.3669176
1.3504359
1.3288589
1.5107832
1.6436832
1.6228089
1.3881689
1.3811228
1.5822711
1.4625112
0.8266910
6.0166245
50.0347557
108.4345169
114.2715073
56.1891098
9.9735880
4.5412931
2.7606866
24.7018032
92.2380219
155.6731873
191.6464233
209.1152496
236.9478607
360.1248169
457.1789246
368.5240479
163.1035767
44.5632133
42.8487549
60.5996475
54.2402420
54.2215805
71.6635513
85.2393494
141.1091766
177.9041290
202.2654419
227.9978027
223.0170135
181.3988647
133.2214355
77.1063461
49.7403488
45.5496483
26.8082275
23.1629524
21.7318382
25.7886734
20.2292061
19.2232113
33.9311371
66.1970444
158.1101379
236.7281952
207.4447327
108.6406708
70.2888641
59.9210129
77.9297638
129.6752777
165.8146057
134.2835846
147.7565002
174.2806854
152.2032471
93.7630539
47.9990273
26.5433540
18.2744427
27.6161861
57.6729431
47.8328934
28.5107269
27.2131233
32.9553185
26.6821823
18.6473446
12.0202055
33.8137932
51.1498375
59.2301826
65.7245026
91.2790222
149.9689331
238.8923950
330.9418945
381.2790527
405.7290649
392.2389526
374.6831360
393.9354858
430.1788635
416.1138916
329.9842529
234.2476349
207.5885925
219.5874176
185.5202942
116.6068497
75.6899414
71.1364746
65.6123123
43.2822037
33.2995567
22.2822094
21.8318672
30.5502491
35.5095291
44.6211014
34.1470375
31.4101372
35.7364464
38.5946922
46.6156273
48.7580299
29.7463989
12.9435282
4.6217918
6.8371940
22.5991631
40.7300110
50.1672287
53.8941154
67.3644333
88.9942856
98.0675430
91.5028763
67.3957520
44.4117355
36.0427933
41.7587090
40.9566574
30.8032761
28.6758938
25.5016289
27.3752441
25.0266323
21.0799198
28.0776157
41.6629372
42.7142105
35.6886902
24.8626881
19.1383572
13.9990540
16.0203743
16.6675110
12.3307734
5.8193874
1.8427665
0.9086348
0.7352332
1.7090971
5.3503337
11.6309977
18.7418194
22.3529243
19.4979458
13.4092627
7.4413099
4.5392585
1.7932645
0.4988591
0.3705991
0.3016641
0.9236062
1.9837306
1.9389403
1.8482698
1.6324391
1.4610374
1.4964190
1.5070142
1.3722055
1.4965203
1.8983071
1.9323825
1.5959146
1.4376121
1.5173213
1.3681021
1.2236942
1.1250470
0.6296371
0.1957688
0.0263146
0.0011424
0.0000070
0.0000000
0.0000000
0.0000000
0.0000000
0.0000000
0.0000000
0.0000000
0.0000000
0.0000000
0.0000000
0.0000000
0.0000000
0.0000000
0.0000000
0.0000000
0.0000000
0.0000000
0.0000000
0.0000000
0.0173341
0.3216057
0.9284416
1.2959168
1.1581553
0.7988733
0.5560324
0.4979516
0.5158230
0.5015760
0.5931906
0.5269005
0.5636666
0.8190593
0.8161760
0.7288445
0.8666129
17.0914993
61.3493767
93.0302277
75.4817123
28.0756054
12.1848936
5.0128241
0.5442594
0.1357071
12.4874048
45.4190712
69.2178955
60.0801620
38.8052788
52.8929520
121.0775375
215.5448761
293.5829773
331.4745483
347.6807556
315.3268738
214.9146271
145.5352936
127.9973755
125.5572662
121.1295090
192.4903564
253.3018799
217.1997681
147.0876770
68.1024475
88.5311356
126.2303162
113.0617905
107.8459091
55.1719246
9.4748993
10.5851288
30.4110813
52.0318947
65.7380981
53.5527344
31.4673100
9.0110626
24.5409946
32.1885223
22.9970779
28.7954388
39.4674873
27.1442966
22.4726734
24.0851402
18.9855251
12.9579554
11.4354839
8.8347397
6.1034875
3.5768373
2.0500338
1.9193271
1.6315432
1.4150177
1.3250808
1.1923063
1.2000927
0.8314741
0.6724166
0.6586092
0.7054688
1.0617678
1.5187980
1.2501349
0.6462680
0.3324448
0.3642434
0.5406539
0.5019608
0.4307982
0.4508155
0.5098366
0.5819240
0.8982635
0.8637584
0.5463085
0.5849249
0.8656333
1.0898956
0.7462158
0.6337445
0.7212855
0.9384549
0.9907880
1.1927134
1.4093468
1.3027369
0.9173223
0.6242426
0.3507304
0.3124279
0.5398695
2.7968426
34.8719635
104.0659180
156.0945740
136.6539001
66.7708359
26.0944901
23.5791969
17.8764553
12.4208164
7.4893680
8.7030811
19.3361645
45.7583733
72.4516144
108.1831741
159.6495667
227.6473236
256.5713501
255.4118500
253.9285278
238.0785065
157.8914642
92.5488052
103.8292923
152.3017273
172.7239685
122.6536789
56.7330933
20.6380386
7.4916148
5.9114842
44.5727768
124.5864716
122.2871323
51.8429451
27.2084522
27.1656532
39.6493721
65.7205048
63.4127884
30.3636684
7.6288800
6.5299940
15.5978270
30.7122345
25.6872730
14.7018538
8.2380295
6.5396214
8.6696758
12.1432390
14.7826319
12.4282522
8.4512405
7.0125837
5.2260795
3.1935492
11.3833179
34.2526779
58.6415100
75.3963776
95.5728455
156.2395935
240.2993469
314.1116638
344.7163391
323.3013611
226.7268524
116.9996567
45.2468262
44.3366013
69.6167755
90.6256256
68.8735352
38.7300491
14.0580730
6.0020423
8.8647957
29.9256496
69.8235321
98.9515076
69.2331085
20.0718269
0.7247220
0.3206109
3.7629175
24.1697865
55.3238754
76.8975677
104.2918701
137.6900482
146.5591431
127.0006638
96.5518494
90.7708588
87.3210068
73.9687119
40.9350281
20.7809391
62.1805840
78.8446960
87.3504944
84.9215317
71.3907928
64.3274765
64.6207886
60.5447006
45.6250648
32.4843445
16.7742805
12.6822443
9.4455318
8.3927879
16.5688305
32.0725632
44.9513397
39.5270844
23.0326653
8.4978132
5.8798332
4.2952852
2.4161925
1.8574162
2.9279790
3.1519923
2.4028676
0.8533305
0.2913308
0.4084722
0.5504930
0.5097120
0.4975380
0.4445178
0.5319008
0.6278544
0.7505881
2.1428623
5.0696955
5.6336327
2.1208994
0.3195728
0.1857619
0.1091163
0.2721407
0.4586404
0.5063236
0.6251969
0.7327057
0.6122108
0.5253565
0.5060095
0.6284999
1.6553895
3.5761652
4.6512880
3.5896311
1.5511172
0.5006702
0.3635646
0.2442452
1.6804827
6.3742409
8.1026678
5.1156206
1.7166667
1.1921037
0.7014461
0.2287591
0.6571813
2.1521444
2.3380194
0.7063774
0.3235762
0.3179822
0.4245943
5.9614668
27.4875660
53.0169678
62.1197701
54.5196838
50.7187729
47.8345299
30.1753006
13.8157263
11.7858229
10.7308979
15.6169758
18.7693367
15.5547342
5.7208929
0.8872395
0.3460431
7.3374095
100.6153030
348.1930542
601.9046631
628.7954712
406.0653076
273.9455566
248.1353607
326.6282349
366.3277283
305.0650940
238.2183838
212.7527161
163.1718750
88.1234818
37.3101387
27.5575695
29.1704521
30.0666962
15.4874916
12.6525974
8.3876352
2.0128284
0.5314872
0.7058765
19.8663177
67.6112213
95.9591751
93.3827515
76.1282349
51.9059563
18.5967712
6.6157684
4.5033197
13.8105011
31.0787563
33.9133263
17.5383759
3.6672781
5.1713324
25.6626816
59.9159813
80.6901245
73.3905029
52.8647079
69.1438446
135.6202393
195.5770874
184.5564270
131.1608276
105.8082199
104.3381348
128.4955139
142.4216156
133.4514313
127.3021545
132.7796936
182.5052643
217.7482605
171.0785065
110.1875458
104.4994965
81.5066223
28.0766315
13.8612614
14.8016481
8.9507484
2.0902588
0.5102371
0.3220194
3.7116709
19.2030926
30.9655819
36.0018425
35.4494286
26.1597576
13.0532513
5.2688093
3.0357130
1.6779591
0.6967157
0.2769498
0.2756093
0.3560988
0.4478729
0.5290366
0.6709866
0.8016304
0.8037673
0.6818581
0.9534975
1.3446896
1.3354113
1.2602656
1.4164209
1.7697483
1.7122720
1.3408570
1.2347202
1.5960717
2.8854513
5.5448866
20.8230476
53.9067230
78.6907730
71.8697052
39.1905823
24.5790806
55.2247314
106.4895630
137.9005432
111.7522430
34.2669601
8.3380871
2.7110772
18.6695442
95.8182449
193.3325348
211.3311920
154.3060303
69.0009155
56.3166428
50.3496628
64.3912811
77.4748611
99.6294022
136.5230408
109.5222397
58.0327301
30.9955845
52.9505119
241.6949463
445.0393066
364.8006592
85.3951492
15.4977598
20.2786331
67.6615448
175.1970825
267.2727661
222.1661072
112.1530685
34.8601685
14.5529490
14.0600653
17.6180191
20.4160900
26.4778214
38.1188850
112.1362076
213.2912750
238.3431854
164.3146057
75.1594772
29.6787281
24.8374157
82.2423935
132.1982117
109.6417694
83.0056839
71.5360031
59.7012825
42.6872864
60.6669388
134.4214478
144.1094513
122.9167175
78.4691162
51.1939316
20.2117081
1.9812669
0.9899392
1.9178846
5.7708859
10.2663059
10.7981977
10.1503763
9.3115644
8.2110767
5.5476780
3.5344579
2.6628058
2.0211623
1.0163952
0.7590541
2.2019641
6.7558417
13.7452860
26.2973423
71.0317078
181.5104675
321.7899780
398.8763123
362.3917236
250.2215424
204.2024994
198.9369965
134.1973572
57.1327858
16.1239014
5.0475841
0.4843152
0.3733791
0.7477038
24.2242813
141.5737610
274.1292114
294.6081238
207.3595123
127.2364807
124.9385529
114.4995499
154.9428711
283.5287170
433.8222351
477.4270020
485.3173218
435.6957397
284.8836670
147.5593719
64.6452637
38.7376289
100.6842194
224.6758575
276.9659424
220.8489838
137.8175049
114.8989868
157.4088898
273.8218689
365.0728760
355.6138916
329.6675415
285.3312073
175.4225616
99.4916840
82.9419861
83.0581818
82.0083237
188.1738739
241.5184326
214.1826630
200.8330994
193.8234558
229.2062378
307.9769592
294.3038330
135.1002045
36.7553711
23.1027641
14.0964050
55.0121269
138.6738892
172.2756958
159.0769196
126.5831451
96.6632996
67.4392395
39.2023582
26.2305431
29.3728313
40.7430878
36.2602043
14.5503321
3.5164008
1.0125104
0.3567553
0.4321818
0.7190378
0.7461782
1.4594216
2.0781353
1.9398104
1.4632859
1.1180198
1.1934937
1.2399999
1.2992581
1.3909740
1.0343174
0.7091765
0.5254692
0.7375683
0.7576185
2.2275383
8.1333485
16.3365860
25.4684734
37.2543335
46.5742569
47.2544403
44.8462334
44.6395073
39.2417068
24.1944866
6.6636395
1.8523182
24.9633236
200.5886841
416.8208008
461.9462891
356.0967712
264.5295410
163.5238495
84.3633499
19.2912579
13.1064415
59.0647736
150.4010162
193.4007263
170.5168915
115.8663940
67.8702240
51.4872017
31.1919804
22.9767876
18.7514114
16.7751923
51.1367569
142.7717133
237.4720612
363.8296509
428.9698181
349.9897461
241.8720093
155.9591370
110.8560257
104.6306763
79.3862381
33.9350815
5.5411954
3.9114487
17.9744358
44.9593124
69.1805344
72.4111328
44.2968750
13.3306007
1.6574092
0.6603090
9.5343533
33.6199799
63.0720177
76.7764282
82.2210159
109.7383881
142.7515106
152.8222198
141.4058685
194.3240356
283.2532043
322.5582886
252.4221954
183.6279907
124.9570389
55.3877640
22.3366909
47.5301056
48.2079315
53.3353958
45.5365829
45.8405914
101.0680771
118.4294510
90.4821930
41.7362061
40.7079697
44.0979347
45.0562859
84.2869720
74.5071182
30.3785439
7.2847476
5.0024838
4.1555481
2.4198253
1.4729466
1.4767616
1.8320242
1.5867721
1.2101653
1.1222539
1.1702439
1.3984257
1.3923504
1.5518973
1.5219774
1.2538851
0.8054128
0.5561967
0.7173194
0.7752382
0.6158531
0.3648023
0.1321690
0.0204085
0.0011277
0.0000000
0.0000000
0.0000000
0.0000000
0.0000000
0.0000000
0.0000000
0.0000000
0.0000000
0.0000000
0.0000000
0.0000000
0.0000000
0.0000000
0.0000000
0.0000000
0.0000000
0.0000000
0.0000000
0.0000000
0.0000000
0.0000000
0.0000000
0.0000000
0.0000000
0.0000000
0.0000000
0.0000000
0.0000000
0.0000000
0.0000000
0.0000000
0.0000000
0.0000000
0.0000000
0.0000000
0.0000000
0.0000000
0.0000000
0.0000000
0.0000000
0.0000000
0.0000000
0.0000000
0.0000000
0.0000000
0.0000000
0.0000000
0.0000000
0.0000000
0.0000000
0.0000000
0.0000000
0.0000000
0.0000000
0.0000000
0.0000000
0.0000000
0.0000000
0.0000000
0.0000000
0.0000000
0.0000000
0.0000000
0.0000000
0.0000000
0.0000000
0.0000000
0.0000000
0.0000000
0.0000000
0.0000000
0.0000000
0.0000000
0.0000000
0.0000000
0.0000000
0.0000000
0.0000000
0.0000000
0.0000000
0.0000000
0.0000000
0.0000000
0.0000000
0.0000000
0.0000000
0.0000000
0.0000000
0.0000000
0.0000000
0.0000000
0.0000000
0.0000000
0.0000000
0.0000000
0.0000000
0.0000000
0.0000000
0.0000000
0.0000000
0.0000000
0.0000000
0.0000000
0.0000000
0.0000000
0.0000000
0.0000000
0.0000000
0.0000000
0.0000000
0.0000000
0.0000000
0.0000000
0.0000000
0.0000000
0.0000000
0.0000000
0.0000000
0.0000000
0.0000000
0.0000000
0.0000000
0.0000000
0.0000000
0.0000000
0.0000000
0.0000000
0.0000000
0.0000000
0.0000000
0.0000000
0.0000000
0.0000000
0.0000000
0.0000000
0.0000000
0.0000000
0.0000000
