0.0000000
0.0000000
0.5052637
0.4475847
0.4321184
0.6262525
0.9952881
1.3412237
1.6096554
2.2364244
3.4063621
4.2041912
4.1469355
3.4807551
3.1047349
2.7638683
2.8084617
3.0750263
3.2652643
3.0809851
2.3137102
1.1039666
0.5165248
0.2787589
0.3277153
0.6672213
0.9784512
1.5092659
2.3470566
4.2518463
7.7050838
10.8309898
13.4547186
40.4829941
94.2814941
117.9549713
76.7395325
13.8110199
6.4889245
4.6505494
2.7288072
1.5773255
0.7547382
1.2175080
1.8402977
0.8068651
0.2423465
0.6597371
12.1794415
71.3808365
189.7424927
302.3284302
336.3737488
295.1088257
233.9684143
147.5912170
55.9688721
47.8117981
33.6855469
13.4063234
7.5388246
11.5642376
11.8726244
8.9259043
6.9208994
7.9807653
8.6940498
7.4390326
9.6887531
31.3836842
75.0222473
123.2789459
148.1993256
120.6921768
66.6677933
19.4720116
4.0562887
0.5102016
0.5524978
1.8867503
10.3232365
39.0946503
62.2671814
63.1728287
89.1359253
184.3561707
283.4671936
295.1451721
200.7047424
106.6885605
44.8697205
13.6895590
18.2871780
29.3062115
57.0190430
133.1901398
192.7253723
157.0109558
96.6149139
56.3634796
52.9071350
41.3234329
24.7399006
14.0035801
11.6699848
12.5941677
11.0237656
8.3825064
9.3396120
13.0324163
36.8453445
84.8490448
134.3104706
141.4420624
91.6667480
42.9843826
18.9260387
28.8843670
69.2705688
79.9628601
84.6683731
72.3201065
39.4701881
29.1271534
32.4119492
52.4891701
73.1472855
83.1401901
70.6856995
32.4608078
5.2926235
1.4840462
1.8064364
5.8033428
11.8887501
15.1357479
12.6920233
20.3506451
53.3840752
105.3745651
178.7763214
253.2121582
241.9573364
148.4683228
40.7856750
14.5691986
7.4282002
4.8467174
5.3451805
1.9009192
2.7873275
62.6246719
236.4710846
422.1324768
463.1224060
310.0869446
163.5565796
78.4795609
61.4688568
61.1228409
36.1759720
6.3845682
4.5275855
6.2339230
7.2982349
23.6323166
101.8841324
176.3912964
158.8981171
67.4831390
34.5024490
39.3990288
31.9004059
14.2895088
12.3665810
7.4372292
33.3508759
73.2772675
83.8975906
63.2193527
37.9023476
29.8298302
9.4626045
1.1152976
1.9106055
15.0357056
52.0938110
109.4110794
170.9135284
199.4107208
165.7313995
111.4960327
50.3691711
22.9865513
24.0902176
10.3849068
3.7383747
2.6575234
8.5308247
61.7562218
118.6156616
115.7915344
67.0152740
23.9503117
17.0015144
9.7460861
15.4517307
55.2883186
96.9462433
74.5527496
21.9130688
4.5084991
2.8690393
16.0289917
35.1596451
41.5417213
26.9388199
14.0981007
13.0041656
10.9124928
7.8576088
5.1896877
5.8691239
5.5603151
6.3968525
9.5290174
12.6305170
11.8774309
9.9178572
14.3784246
32.2286377
60.4082527
84.1813126
93.2939682
100.5823364
110.9267502
120.3482819
130.4130707
122.3188782
86.6253510
47.0940514
20.8208447
17.1966019
32.3026123
68.6489563
105.7927704
105.4215546
76.7462311
39.1548767
11.7813692
2.4573736
2.4087381
2.6354842
3.4921298
20.0104485
76.4813309
158.8163147
200.7228394
162.1696014
126.9634094
101.8234329
88.3216476
52.3959885
17.7115326
23.4051991
54.6337357
80.7846985
70.7870560
46.4755402
29.7171707
42.5997849
82.9020309
69.7458038
42.0444412
32.7474747
43.9542885
82.5231781
100.5655289
58.8844452
40.8921967
45.7171402
48.5152931
35.3030472
19.7335014
10.2107744
2.1304619
7.1380057
36.8409615
97.9467621
161.6945953
177.1422729
120.6404343
50.3908501
24.4993668
19.3157368
8.6465502
10.8694181
16.9606133
19.1239548
21.1805000
57.9314079
129.6329041
176.9197083
149.1203918
77.9853745
23.1189919
4.3700304
8.3529024
15.9085484
15.1597881
18.4523029
40.9865303
59.7904549
60.0447807
34.6884575
16.4241886
5.9681754
1.4557252
1.8927598
5.3861504
14.3318300
36.8324890
69.7731705
91.3854904
100.5535431
98.6536865
96.3227997
80.3003387
49.3606186
19.0906067
9.0171900
9.1728430
9.5432148
20.9727707
79.7126236
139.2927399
154.1591034
112.0514221
58.5094604
25.4113235
12.9917717
10.6270094
4.9423089
5.3947363
18.0754147
56.8951836
96.9586334
120.9637756
120.4639282
98.6712875
99.9901276
153.2338104
170.4425659
157.9394684
108.3492737
78.4097824
84.1514359
72.5054016
29.4456310
9.7592793
1.7667794
2.0807736
3.0353696
9.5901098
18.1767788
17.8815899
12.9631443
10.4851398
9.9317312
10.7135201
14.7797127
20.3464165
23.5970039
17.1411438
7.1929808
24.7086468
100.4653778
173.8803101
138.9661560
31.9449844
4.3325992
1.2419990
5.0901222
14.6747103
32.6798248
30.6102791
17.7784424
29.9959507
85.2537689
131.2478333
91.7163315
25.9128571
7.3118539
6.0290580
5.5916829
5.0579858
5.4708853
6.6362047
7.6759448
24.3494396
68.1252975
127.4478302
160.2887421
168.9405670
170.7498474
155.6414185
101.3195648
63.8989601
34.2427139
8.3417196
8.7653093
7.7353268
7.5572901
6.8531499
3.7040694
1.9427553
14.5192585
50.8212624
78.6267776
68.5180969
44.2510223
16.2709312
14.9471312
7.0879912
2.4535956
9.6960526
15.1205549
8.8981409
0.4736212
0.4696549
2.8343937
5.8007932
5.3773937
2.2051699
1.3685321
17.5853195
67.9821320
112.6381683
126.1989136
102.9296875
56.6795425
19.8060360
5.6460705
3.0719497
2.2355187
6.0367537
9.3027430
7.3580227
5.4059358
6.2887011
34.8171234
97.8805084
139.8006592
131.1053162
107.4907684
104.4048996
104.8384094
79.7108231
41.8325348
23.7066326
11.4787359
21.0387897
58.9347420
71.7831955
34.0912285
10.5782261
1.9608361
1.7272068
4.6357980
7.8483076
26.7275219
68.9123230
108.9383240
106.6139374
71.6315308
24.8834114
26.2926559
19.6564903
14.5813017
15.2767067
10.2212963
2.7623813
3.0889459
2.8722801
4.4469633
6.6829829
5.9867859
2.5417447
0.5823284
0.7412674
4.0561528
10.5923195
12.1722317
9.3725739
6.4302368
5.3206792
4.7267141
4.6816573
4.0421643
4.1184225
4.7134023
5.6884789
6.2536349
7.9045687
7.8674045
5.8775420
14.3303375
58.5966988
137.2783966
210.5834045
214.0964661
134.3071747
29.1093426
4.7700891
0.7243423
1.6614673
6.4909520
12.0133591
17.1936455
23.4191132
36.6787567
87.7259674
187.5527344
260.0892334
213.6993103
94.4174576
32.0124626
11.8831491
4.3215451
0.7240118
0.1097587
0.2920642
0.7605500
5.1553407
18.5857716
33.7641945
36.5043869
20.6208992
5.3261738
6.7910347
16.0427494
24.6762409
24.7227211
16.5035362
10.5218477
6.3385592
15.4683504
41.0735893
70.0608444
106.5212326
186.3479919
289.3372803
312.7542725
232.2451477
126.2763672
151.8797760
144.2511749
124.4117279
95.3246002
73.6936951
87.1130981
135.5839386
135.6082611
76.8409653
26.6123562
3.3741837
2.3276331
2.0252318
7.4532642
12.7245550
10.8693609
6.5962081
4.5638685
4.1644287
4.4118500
9.6336823
24.1169434
46.1985092
66.3156357
72.4613876
73.5313187
77.4112701
79.2118225
64.5324402
48.0959282
31.0321827
24.5757618
28.6195984
36.2729683
41.1942902
47.0659103
49.3579788
36.5439873
22.7749634
19.7004433
37.9493027
84.3032608
101.5358810
75.9918289
30.7031059
7.1890564
1.4487754
3.3617806
13.9955521
25.6854286
23.4091606
15.9846182
14.0355158
15.5487700
15.3593836
10.7434330
7.6263413
6.0553904
5.0862427
5.5553322
6.2674179
4.7284412
8.0462408
53.1579399
184.1903534
374.5250549
476.9514465
394.4692688
251.2903900
140.3595734
106.9806824
83.4545670
126.7324295
116.7745590
55.9351196
28.6648121
26.3577595
51.2035027
33.9170570
32.0080566
50.2973633
27.1222839
37.9208984
30.6698380
12.2560358
12.3602114
18.3003597
21.6840744
21.3185043
17.5913830
21.1700935
51.3449364
104.1256714
153.2095490
153.5633240
133.1643066
81.6962128
61.2540703
49.6970978
48.4427414
85.2954636
91.7319336
59.9349098
22.0153370
11.6938820
19.2517052
49.3234558
63.4534836
51.7396889
49.4791107
51.3909531
34.8062248
9.4267893
3.3766680
1.6473453
1.9161085
10.8919268
29.3026276
38.4741974
35.6581383
32.9078484
46.4714470
86.8258286
137.9955444
145.9388580
120.1551437
100.5836945
90.6128616
113.8062363
101.1964340
71.8409882
30.8787785
2.9648683
0.7021858
2.3980780
14.0122433
51.7695656
64.5110703
54.6358490
34.2082596
19.0215054
9.6797915
4.5571594
1.5776484
17.4059811
63.6400299
87.1988678
64.4336166
58.6530304
104.8350449
145.1221619
116.9465256
62.9222183
52.7080994
57.2576141
96.5802078
151.2606659
166.4364471
131.0897980
92.8473892
86.8955612
124.3947449
72.9336395
24.4473953
10.9582510
2.7377796
1.1470933
0.1189655
0.1531374
0.6998487
7.5866127
27.7480907
62.6834564
100.5688553
126.6036911
130.4861145
117.9814453
103.1444473
83.3700104
101.6664658
81.8817368
52.8092651
25.2961655
48.6671448
51.0620651
54.2662888
62.9063568
34.3026543
24.6064873
23.1484241
15.5625744
12.4745293
11.6288176
7.0267296
4.2429633
3.1136770
7.3791699
25.0012321
44.7455330
46.9763145
29.2021866
11.8984432
7.1526103
2.0110502
4.2655187
19.4118996
39.9216728
64.9853058
87.1199341
84.7752380
55.5059891
29.2140026
24.6578751
17.4468918
4.5131807
1.4782705
0.9475984
3.1214600
10.5871859
18.4023018
23.3971748
22.4306984
17.0265484
14.0247869
12.8875380
12.3588867
10.5440741
8.3532677
7.3476825
7.2307062
8.5676203
10.5084667
11.7291212
7.4771943
4.4553690
19.0018635
72.5457535
123.0581665
117.9790878
70.2005615
33.3754044
17.9415684
12.9205542
17.7091866
18.7670574
11.8896227
6.3883410
5.1197538
6.2226448
6.7492561
7.7720022
12.0439482
25.6620884
45.9605598
72.4758911
91.1736603
95.4257050
81.3077316
66.9653854
61.3602600
67.8138351
70.6998367
64.1463318
64.2066193
40.2732544
42.6758995
40.4855347
42.1901932
69.4906311
65.0695724
16.6063137
0.6734818
11.9312000
93.3240128
178.9579010
159.9933777
66.1713791
18.3565407
14.1085796
17.2713165
43.0230827
58.9706726
45.4524879
29.3587055
17.4879608
13.0261354
29.6004620
57.1355553
72.3521500
61.1829758
42.9768333
21.5488834
18.6597252
19.8908157
15.9823303
9.5543556
10.0135965
9.4921150
6.9729404
4.2897425
3.0952532
3.9468715
5.0652370
5.1970220
4.6342659
4.1991768
3.0495343
8.8421936
66.5697327
193.8132782
281.4545898
222.7695007
101.4438477
83.3338547
100.0948029
98.9612274
70.0684967
33.3111610
40.9995766
29.2927685
41.5374985
55.4892693
45.0129852
34.7169495
25.9182072
11.8110504
6.1027985
9.4725761
12.4850712
15.0402479
44.3463631
108.5705948
135.8301697
110.5284729
59.9947586
23.6959877
16.4661446
13.1938038
29.6252995
32.0235596
11.4063921
13.9686117
15.0041199
22.6961498
55.7451057
91.2070160
76.0045700
43.2428703
40.0187378
49.3279114
47.8123322
25.7048988
13.6015244
7.2480073
2.0828180
0.9770218
0.3027688
0.1902008
0.3230180
0.4670459
0.4768819
0.4400710
0.4298033
0.3583664
0.4233636
4.7489762
47.5631676
181.8659058
359.0050964
417.9054565
307.5801086
139.4172821
135.9078979
147.1449890
106.1920319
64.0674820
42.8666611
38.5171928
46.0507774
43.8766479
45.3251457
38.3474922
32.5710678
30.7919216
39.6320038
61.7092133
72.5755692
55.7625580
28.6163387
52.3329697
55.6644211
28.9731617
17.0546741
9.7389555
8.0278893
7.3813195
8.0580587
12.6848440
39.3907013
71.2301712
70.2972412
47.9619446
28.2452698
22.2712059
18.0752716
16.8380432
16.0462856
10.9882736
5.3371558
3.4393201
0.4611062
0.6084244
2.9527674
6.3267603
8.8834286
11.2159319
13.0767708
13.1448822
12.0901585
11.7381420
13.7983961
16.2184238
16.0549259
14.7974968
14.0413952
13.5890818
13.1415596
22.7840004
65.7292938
144.1184235
246.6695862
314.3008423
297.5521240
206.3303680
135.8593903
94.0839310
54.7784653
33.5723343
10.9595480
20.4486122
59.1681938
45.5105782
35.4854927
39.9120979
44.5715218
48.4567795
45.7490654
31.0234184
23.6010036
18.8981647
20.4217377
11.5863695
9.1845684
8.1155539
17.9006023
68.8792648
140.6541290
172.4257812
147.3213043
86.8543091
51.5499496
48.4321823
78.7451248
48.9127464
14.2460947
4.1896901
1.2909701
4.1107912
18.4128666
31.2721233
32.0476646
23.0093727
13.6018238
7.5578709
3.0135276
1.2032241
0.4634314
0.2982615
0.2428506
5.7361102
46.2667809
116.9118271
157.9144592
157.5691986
139.2500610
136.4288635
97.6780930
53.4135551
33.4252434
22.2062206
11.6316833
6.2894306
4.6911669
8.6810198
10.9683914
12.5449858
8.6791449
6.3334651
1.7169302
0.4610926
0.2976613
0.3624408
0.3219640
0.2277589
0.1919945
0.2011060
0.2119735
0.2101736
0.3652974
0.4984155
0.4647878
0.3136516
0.3016230
0.4146878
0.4949052
0.5950092
0.4147905
0.3881372
0.3335174
0.3758156
0.4059942
0.4298944
0.4962857
0.5337811
0.5974674
0.5816138
0.5464492
0.5316739
0.5766903
0.3355872
0.0683638
0.0066782
0.0019472
0.0000000
0.0000000
0.0000000
0.0000000
0.0000000
0.0000000
0.0000000
0.0000000
0.0000000
0.0000000
0.0000000
0.0000000
0.0000000
0.0000000
0.0000000
0.0000000
0.0000000
0.0000000
0.0000000
0.0000000
0.0000000
0.0000000
0.0000000
0.0000000
0.0000000
0.0000000
0.0000000
0.0000000
0.0000000
0.0000000
0.0000000
0.0000000
0.0000000
0.0000000
0.0000000
0.0000000
0.0000000
0.0000000
0.0000000
0.0000000
0.0000000
0.0000000
0.0000000
0.0000000
0.0000000
0.0000000
0.0000000
0.0000000
0.0000000
0.0000000
0.0000000
0.0000000
0.0000000
0.0000000
0.0000000
0.0000000
0.0000000
0.0000000
0.0000000
0.0000000
0.0000000
0.0000000
0.0000000
0.0000000
0.0000000
0.0000000
0.0000000
0.0000000
0.0000000
0.0000000
0.0000000
0.0000000
0.0000000
0.0000000
0.0000000
0.0000000
0.0000000
0.0000000
0.0000000
0.0000000
0.0000000
0.0000000
0.0000000
0.0000000
0.0000000
0.0000000
0.0000000
0.0000000
0.0000000
0.0000000
0.0000000
0.0000000
0.0000000
0.0000000
0.0000000
0.0000000
0.0000000
0.0000000
0.0000000
0.0000000
0.0000000
0.0000000
0.0000000
0.0000000
0.0000000
0.0000000
0.0000000
0.0000000
0.0000000
0.0000000
0.0000000
0.0000000
0.0000000
0.0000000
0.0000000
0.0000000
0.0000000
0.0000000
0.0000000
0.0000000
0.0000000
0.0000000
0.0000000
0.0000000
0.0000000
0.0000000
0.0000000
0.0000000
0.0000000
0.0000000
0.0000000
0.0000000
0.0000000
0.0000000
0.0000000
0.0000000
0.0000000
0.0000000
0.0000000
0.0000000
0.0000000
0.0000000
0.0000000
0.0322366
0.7510390
2.6551161
4.7272468
5.5349793
4.7088671
3.3790069
2.6088839
2.4547827
2.3922613
1.8526251
1.1636047
0.8569431
0.6853137
0.4315981
0.5775623
5.2018676
15.6386576
23.1669331
28.8310814
62.8274727
111.7500763
126.1851120
92.2601471
61.3522491
43.5684509
48.8571625
39.4863510
20.1969051
14.2445297
10.7237415
5.2599421
1.4089732
0.4976395
0.3635731
0.5101627
0.9025419
1.1851519
1.1751710
1.3387486
1.4689175
7.1576090
48.5257263
129.0212555
198.5995026
196.3435059
127.0692596
55.8192368
22.2946854
22.9497776
44.1846161
68.4133835
61.3109818
39.5876427
16.5738811
7.4505820
3.1875536
5.6888580
44.0570564
86.7385864
97.0979385
86.5311737
77.0715790
70.6514587
66.0566025
76.3876953
27.8749275
6.1171608
2.3179119
0.1864105
0.1728195
0.1338125
0.1699276
0.2954961
0.3408473
0.8845498
13.9627113
47.7794876
83.2559280
97.0646362
90.2488556
84.6200180
74.9015045
62.0402527
58.8359146
53.0260468
71.0533218
67.7554703
46.2297630
16.4145203
1.7203448
0.7642497
4.2247419
12.6872931
18.1201439
27.6989555
43.4326401
52.1293602
50.6140213
46.0308151
48.7855110
37.1918030
21.3874226
18.9608994
27.1771889
43.8931389
50.6486855
38.8570290
24.1266403
24.3680267
45.7123947
70.9417877
81.7853851
69.7664642
48.4817886
33.5895233
15.2860365
60.7280426
71.7021255
42.8561134
18.6247406
4.6733708
1.1467141
1.4701322
5.9956059
11.0769320
12.2384481
10.9735470
8.3895864
6.6374083
7.2367320
6.8852091
4.1027837
1.7408224
6.3816290
25.9566898
44.9356461
39.9575043
19.2396965
12.9888248
12.3799095
12.4332676
11.7691813
15.4659357
19.5419483
24.5784206
57.2284775
114.8534241
146.7272339
125.1134186
84.2347565
57.8901138
51.2371712
31.3920460
13.2137833
4.2189231
11.3992414
22.4102592
24.5541058
15.6682482
7.1161361
6.4407959
10.9390984
16.9011688
16.8319359
9.4003706
4.9078970
2.4997489
1.3096082
1.0301195
8.0653362
57.7496872
150.7170563
238.4241638
260.7693176
211.8032990
129.2154999
86.8171005
49.5605812
45.0056610
40.3214378
25.9909973
67.2090836
79.0558319
66.0078125
59.9530602
46.8753014
28.3099747
9.8329182
6.6162486
8.0783424
18.0204659
51.7296982
71.5295563
56.7702904
36.4073334
27.7073784
19.3956032
13.8562717
14.2068338
7.3116856
4.9500661
6.8543625
13.3406982
8.7628059
7.2266521
10.3593693
12.6750069
7.1499238
4.7743530
5.8791723
15.7154570
13.4142704
4.1947765
2.1201868
8.3968391
20.8811607
29.6687222
26.2136879
17.3421574
10.0728340
9.8539782
10.0171099
22.2098980
105.0526352
261.8025208
369.9085388
294.3386536
90.7922974
7.7262135
4.0975904
20.1413860
110.9003906
231.3092346
241.9216461
191.4963837
146.2865906
154.9688873
146.1634064
131.2125702
91.4629288
48.2775497
16.2568779
55.3747635
92.7796936
130.0953827
106.2089081
83.1747055
63.1849098
88.1552124
82.6476288
40.2535973
32.4674263
29.7271919
15.8703356
1.8035226
0.6376212
4.2523475
11.9091225
13.7355556
7.0299439
1.9117248
1.8030787
5.6871228
11.0935392
13.3759947
11.8542290
10.2496815
9.7332315
10.5504084
9.9620962
7.8999028
4.1185441
1.8013558
12.3541021
63.3925667
138.9201050
176.7828674
151.2902832
104.4235611
71.6594391
34.4698563
10.7507267
7.3443575
6.4056339
6.7057824
9.2670412
12.8400717
13.1957407
14.1448288
28.8117905
93.0817490
157.2718506
149.7865906
77.8829727
35.9399490
38.9667435
67.3869858
71.7932587
47.0050354
16.9681301
23.6302032
39.1862717
25.3236904
21.0516129
31.8286800
47.9302292
44.9208679
44.7054749
37.8336678
19.7791252
35.1327896
23.8203926
7.7555466
1.8275858
4.0930004
51.0173683
134.8803711
147.5581970
93.4961319
41.6033630
14.3925543
2.1913743
12.7801886
45.6396217
68.0368500
66.5357819
47.0851974
31.7605438
24.6613998
23.4959221
23.3878193
17.8175526
8.5701027
12.2777128
14.6375656
12.5285997
12.7206631
12.6355295
11.6991434
13.6369209
12.8388233
6.3211317
0.9609714
0.1169628
0.0103991
0.0218982
0.1733577
0.3797533
0.4375625
1.3782113
9.2333403
23.3146057
33.1044617
30.6452408
19.2220764
10.0559959
8.9550247
14.1042204
25.5010014
42.5359268
57.1036911
56.0162239
44.1363831
27.4287987
48.7649765
43.6658096
32.6505470
25.0070152
16.0476723
22.0517120
29.0557137
35.6753807
44.4893417
73.9791031
132.7176819
164.2687073
164.0865326
175.7221832
169.3015594
206.8255768
121.7065964
57.5388069
90.2122116
165.4528809
145.7866516
46.8216057
8.0952435
2.2056506
1.8506929
5.2288122
9.0746822
11.5309391
12.3960590
13.4782991
14.7399664
15.0790949
12.6095629
17.1016712
70.6778870
168.4463196
208.2672882
144.7347870
55.8274994
15.9965372
12.2168264
9.0232849
4.5069509
1.3703626
3.1447699
12.9126415
29.5422421
45.9302177
50.0153084
50.7424583
42.7140350
38.0341415
25.0724735
11.4955969
12.1032009
19.8012753
26.1285858
26.1905212
22.9249039
22.0287037
24.6227608
29.3683128
44.5418205
100.0419540
197.5659485
264.4630432
335.1285095
423.2687378
398.5563660
250.0617828
88.6610565
22.0330887
15.9027691
10.7765903
6.0732188
5.2351656
8.5464649
8.9274902
4.4635334
3.2256978
3.6286366
3.8834934
14.9887562
37.7089119
65.8888855
107.1172180
135.5421295
123.0182495
83.5890579
63.9140053
57.0982704
95.4626083
92.6301575
41.0129585
8.0260429
0.8841233
7.9741626
36.1231079
80.2232208
75.5057678
54.7674789
28.8043766
20.2876587
12.7293949
11.4154387
40.5971336
78.4110565
68.4420395
26.2105904
5.7291245
1.4892815
0.5823164
8.8738098
31.7882977
56.7875710
64.4639664
71.1576309
76.3975601
55.6046104
25.0560818
12.5625124
11.7141113
36.4475708
83.9237366
98.2532578
59.2113152
17.5750217
3.2281823
36.6405792
147.8608246
202.8023376
133.0559998
55.5263863
26.8784962
31.5114746
50.6037560
51.7820663
30.1280136
23.4175072
19.8400974
22.4618340
33.2485085
43.7459946
60.7644730
87.4690475
131.0080414
149.4678650
108.7552338
30.5755062
13.7506552
8.4042873
4.0840230
6.7304449
8.1698570
9.5426159
45.6937828
105.1901321
128.3519440
97.5293045
57.7629089
28.3507519
10.8067732
7.8374863
16.2023220
31.2671680
20.8893909
3.5618458
2.7256303
2.6974440
1.8331578
0.9275740
0.3932248
0.2190730
0.8179131
8.9592447
23.1841202
32.4542274
32.4775391
27.6342602
24.7682495
36.9141922
62.3569031
85.5610886
91.6102066
91.5411301
87.0216446
87.4991226
88.2534561
51.4486618
79.1026306
87.8049393
67.2754974
27.3193359
15.2237968
7.5728073
6.8492284
10.8842363
12.6280346
17.1019478
25.8428116
32.4314003
33.1306419
27.9365425
16.3107891
5.8014460
2.1404083
0.3250853
1.4197421
15.6595192
43.5482979
51.8483047
39.6757812
20.9362850
11.7425184
5.3568630
2.3052168
1.5267484
1.3830410
4.2222843
9.9643183
11.0092392
13.9887867
17.3433037
43.8946037
112.9042053
178.0637665
192.0342865
167.7083282
157.7131805
171.9287567
187.5363159
146.7443542
105.8380585
83.1041641
181.1610718
214.7854004
124.6603165
42.6422272
17.7530556
17.3692493
22.1223412
15.1406050
4.6238103
2.7694621
4.3438015
7.5808063
10.4455299
12.2431545
15.7018509
20.6339149
37.0249367
69.2841415
101.2768631
124.2807617
129.4217529
110.7283783
74.5113525
30.7349968
15.9950705
1.7392555
0.0741564
0.1872915
1.3567612
5.2750158
10.8888588
15.3632240
27.9861526
58.0363960
77.9245987
56.7861977
17.1253681
4.1310143
2.3207755
2.4054265
2.0492342
0.4153216
0.2339848
0.2184176
0.2473715
1.6207430
20.7389793
71.6658173
132.2615662
158.3654022
134.0509186
123.4677811
127.5129318
153.1316223
184.6468353
168.7092285
86.1065826
18.5472450
15.7088804
13.8112288
11.0973072
13.8526516
23.9098587
47.6614723
68.3595734
64.2148666
40.9947510
18.6379642
6.1238461
1.0806322
0.6675757
0.6524333
0.8058586
1.3503728
4.1910424
31.5925751
101.7361298
181.0102997
197.0274658
137.0028229
93.0318146
70.1703949
44.6540146
42.6066208
59.6097260
25.5368156
35.7697144
56.7577705
31.4155350
17.6567192
15.2472124
11.0053806
11.0419483
10.0162268
9.5542450
12.1951332
5.6377134
4.1932263
8.7729816
13.6005869
14.5853872
14.2867365
14.0346241
13.1023598
12.4520111
11.2693405
8.9892712
7.5770741
6.3029070
4.2903423
2.3968084
1.4631801
3.7426054
19.6824245
41.8276443
58.4558220
67.0602570
71.3051147
69.8659515
51.4455605
32.0239792
29.8057537
16.6367683
10.3906803
23.8087444
53.4907341
74.5375748
88.8937759
110.7900085
130.1936798
129.6364899
101.5621338
66.3463669
32.1807137
18.0947456
8.7240934
17.0839958
61.4290886
105.6224289
95.8084641
72.2954407
75.6580276
112.4840775
145.4838867
91.4797592
28.5922985
4.1017098
1.3733416
1.6663712
4.5788803
7.9103394
9.2869091
9.3228426
8.5884390
6.2751036
3.1754713
1.3345959
0.6737183
0.4882650
0.5061541
4.6329618
19.8351860
38.9988022
52.3299141
50.9823647
35.4664650
13.8427420
9.6285667
12.0335560
19.0835781
10.7419357
1.2793103
8.0918789
33.2358017
56.5687332
78.4474030
122.1689377
169.9748535
151.3496552
75.3223953
21.2249908
5.5070682
2.2983720
1.2622682
0.8904964
0.9069515
2.2015007
3.2112715
3.6044800
2.8241186
1.6558605
0.9473264
0.6450294
0.5830969
0.5522577
0.4627261
0.2792175
0.2479888
0.2351318
0.2014821
0.6018094
17.4078941
56.1756134
89.4318237
94.7253876
92.0470963
129.9740906
193.3927765
226.5646362
215.2097168
179.4061279
138.1930695
110.5971603
32.8904495
1.2873933
1.5952638
13.1103382
36.0568504
81.1357422
103.1575546
101.5449753
77.1310959
46.6107330
45.8611870
53.1963959
35.9150429
13.0330362
13.3198204
14.1005287
2.0232241
0.2168666
0.7516180
2.6558464
6.8812008
7.6820207
6.8654137
4.3272662
2.9295983
10.8686829
55.5603600
124.7247314
151.2451630
103.9844513
35.3457108
11.8450918
4.3222504
2.8782449
5.1098900
10.7941074
16.5914364
17.8449993
21.2084999
47.5762711
87.8255005
101.4209366
65.5564880
20.2217102
3.0449507
3.1951556
17.0172844
32.5740585
29.3367004
18.4294052
13.2169094
13.0463600
11.7209473
8.3263588
5.8465748
8.7969484
38.2275772
108.1148071
166.6984406
191.5285950
205.2617035
160.9294281
99.4545059
48.9217720
33.7382622
13.8861656
7.4639668
7.2923832
10.4690180
15.3477259
18.9451256
17.7700634
28.8253021
61.4558449
85.3195343
77.2029953
55.7548141
33.4298782
17.0966339
14.7595711
34.2314911
46.2830925
53.5301628
31.3624287
7.5796337
1.5006931
30.8167610
117.0034561
183.8723145
144.4687653
55.0056953
26.7218742
15.0389090
9.4102802
16.5808964
16.9751511
10.1872721
3.9265823
1.3997908
0.6706292
0.4724475
0.6366761
2.2495060
16.3268356
71.2940903
162.3002014
224.9180603
201.5704803
131.3161011
68.6592178
43.4208374
48.1671906
41.0065269
17.6473961
15.6549301
31.8365555
111.4211502
155.7077332
115.3341370
43.6725502
16.4209995
7.7925758
4.2831316
4.7418027
5.7740545
6.2969742
23.5743046
56.8604698
74.3371124
64.5922394
54.4755669
63.1673050
55.7641602
24.6023102
4.8281717
4.9637222
7.3077922
6.6363721
8.0432663
17.9276905
16.2504120
8.1179676
3.5318446
0.2898411
3.0516126
37.9030418
89.6587677
105.7516098
81.7370758
47.7734795
24.0628510
16.9817734
49.1529007
47.9082680
30.0447254
11.6115074
2.5683622
2.2276402
14.4774199
25.0520172
24.1093845
17.8509674
10.3095131
10.4192085
9.5381699
8.3348637
8.7199669
7.3836641
6.2702742
6.0473456
3.9028730
2.0462904
1.5124462
1.0837979
0.5526224
0.3808193
0.3028457
0.1637021
0.1043132
0.1770640
0.2076327
0.3449102
0.5091690
0.6631106
0.5664543
0.3245469
0.1978380
0.2231393
0.2131726
0.3100039
0.4295816
0.5177528
0.3428690
0.2139434
0.2372489
0.2611612
0.2046223
0.0927878
0.0324640
0.0020190
0.0000175
0.0000000
0.0000000
0.0000000
0.0000000
0.0000000
0.0000000
0.0000000
0.0000000
0.0000000
0.0000000
0.0000000
0.0000000
0.0000000
0.0000000
0.0000000
0.0000000
0.0000000
0.0000000
0.0000000
0.0000000
0.0000000
0.0000000
0.0000000
0.0000000
0.0000000
0.0000000
0.0000000
0.0000000
0.0000000
0.0000000
0.0000000
0.0000000
0.0000000
0.0000000
0.0000000
0.0000000
0.0000000
0.0000000
0.0000000
0.0000000
0.0000000
0.0000000
0.0000000
0.0000000
0.0000000
0.0000000
0.0000000
0.0000000
0.0000000
0.0000000
0.0000000
0.0000000
0.0000000
0.0000000
0.0000000
0.0000000
0.0000000
0.0000000
0.0000000
0.0000000
0.0000000
0.0000000
0.0000000
0.0000000
0.0000000
0.0000000
0.0000000
0.0000000
0.0000000
0.0000000
0.0000000
0.0000000
0.0000000
0.0000000
0.0000000
0.0000000
0.0000000
0.0000000
0.0000000
0.0000000
0.0000000
0.0000000
0.0000000
0.0000000
0.0000000
0.0000000
0.0000000
0.0000000
0.0000000
0.0000000
0.0000000
0.0000000
0.0000000
0.0000000
0.0000000
0.0000000
0.0000000
0.0000000
0.0000000
0.0000000
0.0000000
0.0000000
0.0000000
0.0000000
0.0000000
0.0000000
0.0000000
0.0000000
0.0000000
0.0000000
0.0000000
0.0000000
0.0000000
0.0000000
0.0000000
0.0000000
0.0000000
0.0000000
0.0000000
0.0000000
0.0000000
0.0000000
0.0000000
0.0000000
0.0000000
0.0000000
0.0000000
0.0000000
0.0000000
0.0000000
0.0000000
0.0000000
0.0000000
0.0000000
0.0000000
0.0000000
0.0000000
0.0000000
0.0000000
0.0000000
0.0000000
0.0000000
0.0000000
0.0000000
0.0000000
0.0000000
0.0000000
0.0000000
0.0000000
0.0000000
0.0000000
0.0000000
0.0000000
0.0000000
0.0000000
0.0000000
0.0000000
0.0000000
0.0000000
0.0000000
0.0000000
0.0000000
0.0000000
0.0000000
0.0000000
0.0000000
0.0000000
0.0000000
0.0000000
0.0000000
0.0000000
0.0000000
0.0000000
0.0000000
0.0000000
0.0000000
0.0000000
0.0000000
0.0000000
0.0000000
0.0000000
0.0000000
0.0000000
0.0000000
0.0000000
0.0000000
0.0000000
0.0000000
0.0000000
0.0000000
0.0000000
0.0000000
0.0000000
0.0000000
0.0000000
0.0000000
0.0000000
0.0000000
0.0000000
0.0000000
0.0000000
0.0000000
0.0000000
0.0000000
0.0000000
0.0000000
0.0000000
0.0000000
0.0000000
0.0000000
0.0000000
0.0000000
0.0000000
0.0000000
0.0000000
0.0000000
0.0000000
0.0000000
0.0000000
0.0000000
0.0000000
0.0000000
0.0000000
0.0000000
0.0000000
0.0000000
0.0000000
0.0000000
0.0000000
0.0000000
0.0000000
0.0000000
0.0000000
0.0000000
0.0000000
0.0000000
0.0000000
0.0000000
0.0000000
0.0000000
0.0000000
0.0000000
0.0000000
0.0000000
0.0000000
0.0000000
0.0000000
0.0000000
0.0000000
0.0000000
0.0000000
0.0000000
0.0000000
0.0000000
0.0000000
0.0000000
0.0000000
0.0000000
0.0000000
0.0000000
0.0000000
0.0000000
0.0000000
0.0000000
0.0000000
0.0000000
0.0000000
0.0000000
0.0000000
0.0000000
0.0000000
0.0111517
0.1339080
0.3876854
0.6070461
0.6532968
0.5265676
0.3490530
0.2592779
0.2976130
0.2940718
0.1970941
0.1648249
0.2341742
0.4029021
0.8614966
1.3132510
1.3346643
1.4498582
2.1317015
2.7589388
3.6186967
4.4616728
4.3172460
3.3601124
3.0352452
3.2646868
3.2714086
2.7938414
1.6979020
1.7649844
1.6665206
1.2175229
0.5076600
0.2627151
0.3913959
1.2613647
1.8512132
1.6554725
3.2886667
7.4646397
26.6023026
64.2992325
85.7127075
66.1103592
19.5191135
11.8082600
8.1622753
5.6264429
3.1361716
1.1823601
0.5136160
0.7822000
0.7321771
18.5047131
98.1850891
217.0948792
300.1959839
300.4848328
242.8291626
188.4709473
95.8856201
57.1310349
31.4728870
7.6860867
5.0870576
5.1259503
9.2464170
19.7399559
22.0253315
9.2923918
2.1762249
9.0594368
36.3886452
66.5784607
68.7927094
44.7215271
20.6356411
15.0314903
12.9808397
13.4364252
40.2181358
63.1818695
58.8285408
48.7273560
63.7088623
68.0538635
61.6099548
61.9200516
61.0934525
54.5964851
30.8828716
19.2177505
5.5823364
1.8886753
25.0705338
97.2421722
136.0286560
95.9157257
32.3238716
6.3750105
1.3609514
27.8567753
129.9421539
157.6586304
93.5138321
53.3393898
23.8395309
15.1527395
11.0272465
8.2036772
13.8609886
16.3363762
15.1134720
15.1703005
11.3149481
8.3200464
5.5970426
4.0249457
5.6101565
7.8954773
10.3624792
22.1186237
66.9169998
140.7022095
170.8370056
109.5744095
22.8115959
2.4545462
3.4352376
9.5395851
17.9928474
18.2728996
5.2055202
6.0280166
53.3964157
123.7460327
137.2494202
94.0957336
54.3380852
32.6857986
15.9264412
3.7277782
6.0609694
19.6230888
43.6998177
53.2406654
47.5887566
31.6507854
17.4011192
6.9607430
1.5164146
0.8185158
4.5880046
46.1325073
133.8269958
211.4517212
201.6086884
108.3718262
36.2060776
5.3306727
1.0167404
0.7720933
1.2561853
2.3704350
13.1294594
36.8148155
60.5725479
58.6604691
30.9534149
16.0662498
12.1792793
10.7664003
9.0357285
7.0902982
5.4172935
4.5678477
5.1082006
4.8223534
1.6809714
0.1881785
0.0089886
0.0651972
2.0706246
25.6590233
68.8729248
99.7236404
89.5007782
64.3359222
33.4612846
23.6307907
8.3073168
2.7340341
14.5453758
34.1813202
35.3463669
16.7688942
6.2922087
8.4819946
18.1609249
25.2597351
22.6982708
18.4060612
13.9593744
11.2672806
11.9603786
13.0047131
11.7880325
9.5585594
7.8388338
6.4348259
8.2552605
28.1175785
121.3544159
257.0870056
312.2050476
251.8621368
131.5956573
83.5413361
46.4148560
21.4995251
6.5746379
14.7399893
40.6373749
64.2804489
60.7716560
43.7259178
35.0848618
19.7288494
15.0740471
13.9106998
9.4939070
10.4945345
9.1865091
6.0030851
2.9656961
0.8213890
0.3254992
3.6126924
24.8059273
56.6414642
76.6295929
83.1260452
82.8772125
69.9283600
60.4187965
72.2627487
129.6263885
172.7788849
133.0984802
51.6480827
5.1011019
1.0324535
4.6476736
13.6929407
14.2050085
1.5922457
0.2168293
0.0562020
0.0717639
0.1097033
0.1324968
0.2814721
0.3453148
0.3353918
0.2226893
0.1895000
0.2578292
1.3437515
16.5457172
57.5202065
119.7500610
166.5968933
150.0586243
76.3418732
29.1245480
17.5963993
8.5119219
14.9716167
18.7730961
40.8054695
61.9324455
72.2313232
65.9794006
47.3430328
34.8819313
36.9740639
35.1117096
28.3284836
23.6650505
18.0255642
12.2928429
14.1891212
17.8846645
18.6759453
16.7583618
12.9156809
5.5309272
1.6369771
1.0485080
2.9127314
7.6859603
12.3369484
11.5965271
9.3609438
8.2162752
7.9959764
7.8494544
7.0268455
5.1102839
3.7337675
3.0179574
1.4605026
0.6999151
0.6732716
6.6953444
25.8662949
42.8140945
48.4411888
41.3684425
33.1015892
21.2827797
11.5339327
3.2971482
0.3197822
0.1274368
0.1261689
0.1868326
1.3308351
13.4721889
36.4545135
62.2636642
82.5916977
83.4119492
65.2162704
41.1130295
21.8758583
7.3194222
7.4912472
20.4687347
59.5808678
87.2162628
71.2839661
56.8645477
62.2486954
62.7472916
51.8281593
29.3902321
19.7166233
15.2175350
9.6766634
9.6304884
13.2720461
12.8008499
9.6411085
7.6860862
17.1114616
51.6354179
113.4619980
169.1745911
169.7862396
124.3116531
70.6515198
64.1136627
22.0450726
6.7534075
1.7337061
1.5499496
4.5924983
40.6476593
77.4405289
96.9192429
92.9806519
55.4118881
20.4028130
13.6603756
9.4205952
2.6263177
0.2180913
0.3470414
8.7938404
35.9381447
80.2137756
144.7578583
193.8337402
168.7572784
79.7935867
20.6897926
2.2444801
0.7416461
0.4654748
0.2028646
11.0318422
40.3191605
57.7953949
50.9866867
36.9523964
41.0406609
44.6015472
41.7386856
36.7004852
34.1172295
13.9903202
8.2548532
5.4190350
7.8205795
8.8260593
23.2585640
83.8894196
169.1185455
224.9237823
222.7667999
194.5154114
161.8630524
113.9670715
92.3532639
35.9123268
26.5417500
42.4226990
25.1004028
35.5954857
22.1997814
9.9165812
17.0090904
18.8169136
7.6624212
7.2873535
8.2370338
5.2001228
1.6645384
1.6954867
4.5169230
7.5961828
9.2255726
7.8272743
5.3935161
3.4397395
2.6848168
4.3245397
8.0562372
9.9245014
6.7288055
2.1505764
0.5549027
0.4199402
0.7902073
0.8505570
0.2680414
7.7424455
77.2051849
241.3967438
391.5028687
383.1253052
229.2980957
179.3025208
209.1487122
194.4870911
110.0998611
12.2660303
3.1839802
3.5432165
6.0790806
10.2765484
10.8821850
10.0351725
9.0757828
8.7242393
9.8488312
10.6465874
10.2252703
8.5228252
19.9721928
60.6276817
95.1726685
95.5165482
79.0857697
79.6399841
112.6843796
114.6234818
78.6076355
45.1318970
21.4155693
34.1015320
78.8849182
141.3443451
181.7448425
193.5293579
152.8862610
81.6595306
40.9192009
29.2582817
32.6998825
44.1145744
76.7136688
132.0394287
126.5220184
96.9874115
82.3321609
71.4659653
62.6054001
53.8454361
42.3599510
35.7815285
27.5200863
21.1779175
25.5290565
27.9238110
16.2188797
2.7583292
1.0453360
3.9154756
11.7904835
12.6924953
9.1879482
7.5870237
8.4825869
12.0855780
11.9840641
7.0661077
11.3058882
73.5372086
201.5182953
274.4343262
208.3631134
64.6504898
12.6486444
6.1692886
8.9288368
25.2479649
53.8037033
77.5262909
72.2311554
46.9253120
18.8069916
23.2701569
36.3724632
29.7859917
25.3629131
21.8309650
44.5915718
102.0610275
150.7876740
175.0463409
154.6764984
107.5911255
75.7093658
59.6976547
27.5448284
12.0337381
11.6421824
32.2744827
58.1778450
47.1654320
20.4215336
14.5710430
43.1879120
85.7628632
118.5618591
122.7104797
96.0847473
54.9409714
32.9226990
20.6840191
9.3831320
2.1303003
1.1639245
14.5272408
60.8867378
99.6286163
100.8301315
75.4229965
47.3699493
41.1165123
21.5250645
4.8749247
0.5424963
1.3303664
2.7225144
2.3737476
2.5158393
4.3099737
5.7480202
5.4188466
5.3138523
16.6941490
76.7055588
179.5601044
248.8945618
227.6747131
156.5003662
106.7156601
79.9412613
64.6318741
116.6541519
85.5829620
67.8835449
60.9865074
49.6580315
25.0148907
11.7047997
6.8269634
11.4202852
28.5514088
55.1150970
95.8835297
133.8816986
132.8075409
101.4590454
93.9493637
145.7177582
128.5528107
53.2246475
18.4790401
12.3135157
7.9000864
6.1107655
6.9406619
3.5901816
2.1728327
1.1987708
0.7484520
1.2735263
10.6707649
36.4334526
55.9461784
50.5510674
27.0551262
6.2486596
0.8982762
2.6340353
20.7227268
64.2541122
96.6229095
95.3300858
60.8115044
24.8450012
7.1887083
1.3206184
1.6566912
2.0611901
1.1310892
0.5222544
13.1330185
51.9149780
82.6568298
71.1813889
29.4733620
17.3063908
13.3355093
13.6398134
24.2581444
18.3428535
11.6648998
18.9323730
46.7725945
115.8163452
170.0847626
157.9940796
98.0361862
43.3466949
13.7036362
15.3649778
15.1251373
11.9357729
9.0417051
7.0457392
4.5910287
5.5368586
15.8809986
36.2381325
53.5446320
55.2298317
49.1940079
46.3107567
53.4513435
74.1602859
86.4841690
68.9941025
39.3828697
18.6590576
10.3419600
8.3316879
23.1422634
49.9749489
58.3702240
36.1529388
7.9046741
2.3842204
0.5409158
1.4597169
6.0951242
20.3382301
30.0715485
46.9172134
68.2116623
72.7257233
50.2186966
25.2443409
3.1011481
5.5937090
15.5445795
33.5747337
84.0404968
138.7658081
148.1244659
108.9449997
62.7155113
52.9096603
30.5800514
8.8679314
6.2971716
11.1146698
6.2725172
0.3635704
0.1616563
0.1536352
0.3080863
0.6554036
1.5445398
2.0765300
1.6192824
0.6748713
0.2608492
21.4274330
95.9477310
177.0219421
189.3299561
126.0138474
94.7596970
89.5127411
63.0214005
50.4762383
50.2469673
53.7848358
54.8363113
45.8791084
32.0074615
17.4669991
20.3979340
26.3005371
11.6233749
8.1439075
7.9283810
10.9523792
55.1866302
149.9437408
203.0373077
165.8798065
107.9395294
77.2622604
76.5476761
31.2440491
11.6507492
12.4507351
8.3368826
4.7061257
4.8384323
14.2749119
25.4066048
29.8661289
26.0315266
21.3121414
19.6495991
19.8413506
17.9337540
9.7039480
8.6775942
39.6014175
108.2888870
143.1427612
104.6892853
48.5817490
17.3965473
8.3170719
9.5532360
51.5648689
136.9327850
153.9455719
102.4729538
50.1801109
21.2313404
28.8845196
15.6425257
10.6374960
39.9574966
103.6708145
127.6366043
150.2003326
173.3515930
157.7225952
91.3228912
27.6477737
10.3066244
14.7867231
69.6208954
140.5000305
149.1891022
121.5448761
70.9322357
25.7490635
19.1331768
31.5112801
100.5101700
184.5043793
215.4277039
175.2989807
78.9777298
26.4890785
23.8216648
46.5562935
64.1503677
58.3050919
25.3694210
9.7027760
3.7511647
1.4501247
3.2493935
28.6079922
53.7953415
53.6197281
29.6826782
8.4833336
2.0465379
10.9762440
28.1687851
29.7283783
17.8460083
10.9405432
10.9695683
10.7792234
6.3169708
4.7122183
14.0965595
39.2422867
70.4592667
86.3913727
76.7519608
66.6938324
53.3118553
47.9688454
44.9646454
80.4766312
144.6872864
148.2201080
111.2331772
72.2067871
100.7509689
153.8618011
142.9939880
74.0598907
33.9616852
20.4747639
17.3023129
32.5261383
71.0146408
79.3969421
45.0099106
11.4867039
3.0932078
8.6714964
41.8537178
91.1930695
133.0076294
146.6419678
121.8935547
53.5271492
6.5682006
2.0408206
15.4665680
25.8902760
26.0018845
49.6200256
91.2734299
111.1694489
77.7369766
23.9754734
12.0395374
8.3789911
3.7663252
3.6562324
27.2096272
66.2082596
89.8844986
75.4772186
43.3716888
27.0254955
24.7292366
23.8040924
22.8917084
9.0534763
17.3101196
29.6597366
23.3460922
17.0287151
9.5256968
4.3631601
1.2175238
2.1069429
6.7114940
13.3473864
17.8056431
14.9605703
12.7301073
12.7359056
14.9639750
26.0366440
74.6744766
171.8027191
295.3431396
380.0483398
358.8896179
254.4871216
91.4336548
77.2656860
57.4772835
38.3834190
28.4741650
15.6013060
36.6601677
126.0318604
169.5411987
161.7770386
91.4436264
34.3162575
5.8240042
1.4116914
1.0738536
10.2137165
64.0564575
103.4929352
94.3193741
91.3717041
147.3845825
210.4074402
186.4108734
122.0194778
41.8876190
23.6906414
3.7851205
10.0998497
21.5748940
27.2742081
24.1981678
14.9317675
10.4855709
10.3623171
15.2232332
19.8156815
18.0226936
12.7617111
5.2520604
0.9068406
1.7526350
16.0334663
46.2163277
57.5842171
50.7831841
45.5147858
55.1108475
52.7378502
38.6390686
34.9508972
34.2354851
26.7968369
13.2465715
7.0072637
1.1709780
0.3801761
1.2263665
12.3943710
34.7487526
39.8569832
28.9345722
13.9026022
5.1154809
1.7731946
1.8330839
11.2330637
34.9341812
50.9114761
46.9273033
28.4093742
12.9000511
4.2133160
1.4818364
0.4782103
0.4620740
5.3413405
14.0110931
11.7851830
6.3473625
4.3677588
5.0395589
5.3851261
6.6745558
9.2845058
13.0849104
16.8376999
19.6050587
23.9458542
36.8228989
56.4189110
74.6704483
100.9945602
124.2491837
104.3855133
54.0189552
17.3381100
25.1981659
21.1446762
12.2424603
18.2150707
9.9306860
4.0538597
7.4054337
9.1474028
8.7367525
6.5087643
1.6294100
0.4049576
0.9024850
4.8775458
9.4850969
10.1952076
9.3952599
9.1553669
9.8191853
11.0315962
11.4597301
11.4611568
11.9833412
11.8357944
8.9183636
5.4777417
1.7811249
4.0575309
17.4337940
51.1326294
81.9006882
87.1066055
86.6026077
78.5660324
77.7106018
79.2153625
83.5568695
71.2243271
16.1784306
1.8483399
0.8621420
1.1078513
5.1888738
46.0994911
83.1630630
72.1948395
26.4107132
7.7655845
5.0487037
10.5006094
18.0696621
14.7709055
10.1053705
7.3628292
12.7670231
6.4649429
0.6900541
0.2208298
0.1707103
0.2186230
0.3713401
0.4742359
0.7274282
3.6408274
31.4594727
75.9271774
95.6033783
86.0618057
89.6064224
138.2778778
195.2999725
252.9419403
249.6669769
160.5767212
71.5828552
34.6060333
23.1200066
17.4271278
15.7373695
13.2049751
9.2068634
19.2968578
56.6948814
90.6123123
86.6491318
39.0939331
15.6832848
22.9435902
27.2349491
24.2715130
21.8199787
21.2278404
12.8494358
2.9770122
0.9638543
0.3680671
0.2720852
0.4494623
1.4537969
4.9723058
8.7696571
9.4117212
6.9322476
3.9834657
2.7903571
2.4913356
2.4435463
2.0270672
1.3669599
1.9255532
24.5170555
80.2485733
112.3982239
82.6569977
18.9492645
2.2083561
1.0052152
4.3458042
8.7347584
5.6458435
0.9222832
0.1600910
0.0434561
0.1808838
1.9821237
26.6342030
82.3480072
141.1496277
180.5267029
192.7331390
175.5059509
118.8336563
53.0573158
43.5550117
93.1822052
113.5789185
103.6593704
53.9757843
12.8714552
6.8897629
42.2228622
136.8785706
197.5576477
150.2973022
81.9336929
40.2670631
21.9320526
106.2996368
128.9539032
109.5083466
71.9066467
22.8611946
14.9635487
20.9429779
35.7426758
66.1180344
119.6487350
178.2193451
183.8569031
116.1241913
46.3403702
18.9761066
29.8568268
52.6595955
52.9769287
24.1977520
12.3239460
21.8330307
53.9027481
86.4524612
106.2285614
103.2203751
69.2892838
22.7745056
4.4085321
1.9334843
6.0770464
12.0671196
14.0100298
10.1621180
7.7685218
7.3567157
9.1369314
12.1221142
12.1479168
16.8453865
37.2993317
71.0595856
101.6174316
110.5157623
88.3005371
65.1227798
79.6432190
170.8301392
197.9833984
174.7116547
90.5357666
47.1987000
71.3975906
104.4372330
108.4857941
78.0660477
36.4784813
15.2623777
11.2720461
7.6686502
3.1672633
0.5362527
0.3250364
0.1942070
0.2368641
0.3024079
3.1425390
22.6299324
49.5814743
64.1216049
100.3021622
196.6013184
284.8249512
288.9325867
271.4624634
238.7236023
171.9170685
62.0496979
7.3386092
3.1379521
4.9201126
21.5478115
48.6470795
48.5758133
30.0486240
36.5187836
46.1529198
34.1867294
6.1930122
1.4003702
0.7708563
0.4252627
0.1895369
0.1763761
0.5092009
1.1883800
1.1734139
1.5148597
31.1284466
161.6141357
393.6648865
571.3718872
568.9138794
418.8856812
249.3493805
92.1582031
40.8005905
120.5099030
201.7139282
168.7088013
65.1790237
11.4347887
4.7429185
9.9463406
28.4025345
63.6666107
91.1856308
103.4483414
90.4334259
67.8884506
32.6602211
17.6891212
17.8106766
17.0006714
12.1201124
3.3164968
0.5927387
0.3970178
2.0205450
4.9097514
3.2468343
0.1439821
0.0440406
0.1398430
0.2128580
0.1801015
0.1488644
0.1828395
0.2976492
0.2837495
0.2518326
0.2867220
0.3316907
0.3572836
0.2856857
0.1991727
0.2129231
0.3816596
0.4801359
0.3867338
0.2453935
0.2510942
0.2369429
0.2751745
0.1958865
0.1112838
0.0357575
0.0063551
0.0001562
0.0000072
0.0000000
0.0000000
0.0000000
0.0000000
0.0000000
0.0000000
0.0000000
0.0000000
0.0000000
0.0000000
0.0000000
0.0000000
0.0000000
0.0000000
0.0000000
0.0000000
0.0000000
0.0000000
0.0000000
0.0000000
0.0000000
0.0000000
0.0000000
0.0000000
0.0000000
0.0000000
0.0000000
0.0000000
0.0000000
0.0000000
0.0000000
0.0000000
0.0000000
0.0000000
0.0000000
0.0000000
0.0000000
0.0000000
0.0000000
0.0000000
0.0000000
0.0000000
0.0000000
0.0000000
0.0000000
0.0000000
0.0000000
0.0000000
0.0000000
0.0000000
0.0000000
0.0000000
0.0000000
0.0000000
0.0000000
0.0000000
0.0000000
0.0000000
0.0000000
0.0000000
0.0000000
0.0000000
0.0000000
0.0000000
0.0000000
0.0000000
0.0000000
0.0000000
0.0000000
0.0000000
0.0000000
0.0000000
0.0000000
0.0000000
0.0000000
0.0000000
0.0000000
0.0000000
0.0000000
0.0000000
0.0000000
0.0000000
0.0000000
0.0000000
0.0000000
0.0000000
0.0000000
0.0000000
0.0000000
0.0000000
0.0000000
0.0000000
0.0000000
0.0000000
0.0000000
0.0000000
0.0000000
0.0000000
0.0000000
0.0000000
0.0000000
0.0000000
0.0000000
0.0000000
0.0000000
0.0000000
0.0000000
0.0000000
0.0000000
0.0000000
0.0000000
0.0000000
0.0000000
0.0000000
0.0000000
0.0000000
0.0000000
0.0000000
0.0000000
0.0000000
0.0000000
0.0000000
0.0000000
0.0000000
0.0000000
0.0000000
0.0000000
0.0000000
0.0000000
0.0000000
0.0000000
0.0000000
0.0000000
0.0000000
0.0000000
0.0000000
0.0000000
0.0000000
0.0000000
0.0000000
0.0000000
0.0000000
0.0000000
0.0000000
0.0000000
0.0000000
0.0000000
0.0000000
0.0000000
0.0000000
0.0000000
0.0000000
0.0000000
0.0000000
0.0000000
0.0000000
0.0000000
0.0000000
0.0000000
0.0000000
0.0000000
0.0000000
0.0000000
0.0000000
0.0000000
0.0000000
0.0000000
0.0000000
0.0000000
0.0000000
0.0000000
0.0000000
0.0000000
0.0000000
0.0000000
0.0000000
0.0000000
0.0000000
0.0000000
0.0000000
0.0000000
0.0000000
0.0000000
0.0000000
0.0000000
0.0000000
0.0000000
0.0000000
0.0000000
0.0000000
0.0000000
0.0000000
0.0000000
0.0000000
0.0000000
0.0000000
0.0000000
0.0000000
0.0000000
0.0000000
0.0000000
0.0000000
0.0000000
0.0000000
0.0000000
0.0000000
0.0000000
0.0000000
0.0000000
0.0000000
0.0000000
0.0000000
0.0000000
0.0000000
0.0000000
0.0000000
0.0000000
0.0000000
0.0000000
0.0000000
0.0000000
0.0000000
0.0000000
0.0000000
0.0000000
0.0000000
0.0000000
0.0000000
0.0604230
0.4123203
0.9306023
1.1842521
1.2633666
2.4045343
4.4696245
4.7085524
2.0082860
0.2604566
0.1457360
0.5526927
0.7596455
0.6720891
0.5089613
0.3122560
0.2175442
0.2321382
0.2880284
0.2971555
0.3206970
0.3584358
0.3096901
0.2296444
0.3565614
0.5545329
2.7562821
7.8049278
19.4289818
58.4956741
103.2895050
102.1235275
51.3369598
7.5787125
6.7455449
1.1542814
6.8629470
78.4447174
205.5255127
357.2132874
482.7781372
447.8821411
210.1041870
48.6165009
13.8389511
15.9246197
13.6238451
9.8793592
8.1018257
7.3863416
15.6681137
25.6933174
22.9831810
21.2765427
55.8075600
131.2682037
194.4225922
175.0886078
117.4545593
77.2331238
53.4486465
53.5682755
26.5416241
6.1500006
2.2712684
4.8829994
21.7054558
37.7899780
46.7210846
29.3465309
8.7282133
6.3591590
45.9529572
119.4206848
162.2073822
164.2526093
124.0931320
56.4845886
33.0542374
26.0743561
23.5491047
7.7059236
1.0397637
0.1162414
0.0347229
0.1505125
0.5477400
0.6874148
5.0883718
30.6660595
74.2082367
122.1382446
167.9340057
189.1358185
161.9193726
163.7208557
164.6226501
123.7149353
84.1853485
30.1035538
14.9773445
6.3505583
5.1914339
22.2927685
60.0507469
59.8107300
39.1916351
23.6083508
15.8476648
13.3870640
4.0505095
13.2201023
72.2254639
165.3569489
193.3744202
127.9738312
75.3875046
27.9550400
53.9361343
60.3792763
46.9323273
24.7499943
22.3701305
33.6825523
22.9988327
11.4756355
6.5082388
1.1850138
7.5831900
17.8258438
24.3062687
28.3008842
37.2686272
47.6169853
47.1152840
33.5100098
21.5333977
10.6305504
8.9838305
15.7713776
12.6524277
3.2682147
0.2846578
0.3029438
1.2680767
4.7191019
6.1315765
5.5501180
3.4302676
1.5469739
0.7663416
0.4568298
0.4640626
3.8117921
12.4135437
20.7161846
22.5538177
21.1082973
24.9851284
42.2070351
61.8734512
66.9373245
55.2932625
51.4906006
61.7637711
76.7725449
94.9546585
98.8329086
83.6595383
68.7941055
58.4691048
75.8769760
54.8703003
26.4712353
34.4503670
27.4183540
12.4328146
5.5606422
3.1959682
2.9724483
1.9355048
0.6499882
1.6012299
16.4697170
38.9506950
42.3020439
31.8789558
22.9472828
16.0215073
9.8641977
6.2948136
3.9796829
6.7541752
41.3739319
91.7781067
122.9413223
117.2887650
98.8882599
83.8331299
57.3835297
27.2471523
8.9060678
2.6711061
4.8333735
25.4098816
59.7649460
90.0438385
86.1106949
69.6908264
39.8971176
12.1890841
10.9891405
12.3553095
24.3430519
116.3121109
193.2848663
216.1518250
169.7129211
93.5333099
63.5876122
72.8347321
79.4785538
118.5702591
103.7329788
53.5264854
31.7901134
17.1237488
32.0584183
33.8681717
20.9477730
13.9143991
22.2362175
29.3258438
37.5773468
33.1867523
26.2733574
24.6855488
28.0303383
36.4015503
30.8070049
21.4084034
19.4781075
21.1937943
43.3900681
54.4747467
48.3446770
30.2985287
19.4870529
17.6117287
11.9272490
8.0715237
8.5483112
7.2355165
41.6818275
77.6877136
87.8038788
96.1363678
107.7712555
154.4504395
165.6464386
142.4329224
131.2808990
174.3225098
140.7451172
77.2467041
87.9880524
85.1455994
59.2583542
78.3363037
85.2531891
160.8500671
172.7298431
123.8779907
83.0540848
55.3177299
92.7012024
59.4660110
27.3896217
9.5093765
5.2445073
3.1932466
3.7225649
2.7512026
4.3821697
10.8689041
17.4426060
16.8921432
12.9101791
10.7759609
10.9179897
12.5672054
15.1574593
15.9243832
13.3569412
7.7976179
12.9029150
63.9874191
152.7693481
188.4274292
134.7660370
56.6157913
18.9906025
4.5345740
6.8998399
8.8736858
13.4731703
17.2381020
24.4052544
41.0698166
56.5455551
61.4583664
50.7377777
29.8800468
16.6947002
10.3645630
5.2043777
1.2840271
0.2313531
0.2307879
0.3859577
16.4099407
72.0025482
132.5715942
143.3451538
89.9407349
42.0997505
32.3934021
34.1199341
125.6975021
171.4093933
132.7374573
69.9486160
28.2620659
22.8820362
12.7641926
4.3411431
4.1576939
40.4602470
90.9197540
78.6878357
47.6115723
24.0232048
12.9568501
3.1613123
0.3548853
0.4193930
15.3883066
55.0808411
79.5711060
76.0111694
59.4067268
52.7365379
31.7252579
29.6025486
40.6790352
74.2523422
113.0399017
106.6276550
103.7270508
89.4275208
90.5889664
133.5208740
134.8615112
68.6242218
16.6047821
8.7777452
4.1221247
0.2500921
0.1623743
0.2381548
0.3180941
0.4807574
1.3706326
2.7672920
5.7562752
10.5649967
12.7959690
10.5414619
13.5888567
56.7735138
139.4624023
192.1777802
172.0139008
126.4215317
80.1804428
47.2862778
51.9906197
43.5806580
47.6093559
33.1576233
11.3053036
14.2318754
22.4866066
26.6627655
24.6047096
16.0956593
13.5249500
45.8216896
117.3869781
161.1683655
147.2302246
94.1850662
78.0285645
92.4963684
82.3672714
59.9614868
32.5555649
64.9029465
42.6011543
26.5074120
21.0717850
20.6921539
17.7853432
16.4986687
12.1804714
10.1112614
14.4258738
46.5461578
150.1775970
324.8996887
464.0960388
462.3140869
345.4882507
179.1479492
45.4423447
4.0079069
0.2988861
2.1471686
17.2985249
74.9423370
124.8121719
136.6387787
118.4349442
83.1911774
49.6747818
22.6598110
26.3235130
35.9781990
38.9532356
17.9106274
8.2072773
17.9096642
47.6149864
76.7911682
82.8970184
74.4451981
58.1749229
37.7635918
26.5229034
35.2377625
66.1265488
107.3517838
105.5793076
80.6800919
63.8014259
66.7313309
55.1711884
38.3009682
14.4759169
21.4460983
47.9212189
70.1033936
65.3688354
32.7688141
20.6100121
19.3976803
18.9123516
25.8381939
32.7535744
26.5505638
16.3204460
11.3336010
21.5901546
33.6528778
37.1636810
36.3200798
37.9679298
36.2132034
35.3795891
46.9898567
64.3793945
58.0431480
54.0151672
45.3596802
37.8388786
54.5278473
27.6118431
6.4974847
1.8326019
6.6740823
13.6970577
17.8276215
14.8765907
10.6491690
7.2358971
6.8470688
6.2129641
5.5791607
5.0653639
3.4451938
1.9231197
0.9620206
0.3387465
1.0074444
16.9063282
52.4629059
77.8881607
73.2498932
44.4579430
17.6790562
14.3366623
12.7074490
56.1563454
113.3580933
113.1356354
79.6103516
52.2659492
34.9490280
49.7351151
32.3973503
38.2099037
45.7715378
31.7739296
24.7754326
23.7078629
17.5424156
14.5462799
15.1975136
17.5745964
21.5585613
23.3801804
20.7032776
15.8003845
11.6468678
13.0086346
12.8758144
9.0985336
7.6831102
8.9358501
14.2684221
33.3703194
65.9841995
100.0774841
104.2825241
82.3555222
61.7441940
64.3953934
129.1373596
121.5831451
102.9869995
101.8981552
105.4440231
90.2171478
87.3535080
146.6340179
136.2741241
85.9980392
30.9268532
8.9695129
14.3954077
21.9107018
68.8052979
81.8197937
68.2395477
43.4104195
23.1821327
28.1749783
45.2212830
43.8195152
17.3507385
3.1026812
8.0288372
37.3309517
60.8503723
46.1852112
34.7686157
47.7763062
60.6086311
66.8763580
69.5165100
74.9722519
75.2330704
71.5569153
85.2407379
136.7409973
152.3578186
112.0395737
63.8916283
48.5242500
51.3026428
66.7269821
64.7679367
56.5951920
58.3956108
82.3853912
68.1517029
28.9311066
13.2931938
32.0049858
54.9138680
63.4928284
47.4155807
34.1887360
29.9000797
16.7781849
12.1895180
55.1339836
138.5495911
136.9958191
89.6495972
33.2017288
25.3961430
9.1730919
8.0393515
8.7649240
9.6844702
9.6850948
7.9093847
7.9116468
7.7731309
6.3198147
6.7329955
6.2362299
3.0490432
0.3851622
0.1485994
0.1311328
0.3234586
8.5602617
25.5861969
41.6309547
60.0028839
78.8936386
81.1874847
62.4167175
47.1919479
42.8486862
55.7465668
64.5944824
57.7979851
60.7810593
81.5571518
72.3972855
46.9556465
29.3921871
14.9131308
31.1247959
48.9604492
68.0412369
64.2067566
32.8587990
17.6736889
16.8603992
15.8117046
17.7193298
14.0561314
2.2370181
3.6695814
12.1832037
21.5334625
23.9599876
20.8788719
15.2502155
12.7004776
11.6872454
10.6605301
9.3635178
7.2943954
5.0795746
2.8139346
1.2189867
0.9251547
0.9938738
25.2079334
92.8200912
151.5809021
160.1243134
115.4170761
67.4885483
31.8425255
34.2012825
20.7517719
11.3122520
9.4124117
12.6823845
49.6400108
88.6849747
109.1945419
138.9552460
169.5539856
176.8108826
140.1370239
130.3634644
101.0749817
105.0497971
146.4619751
180.3481903
155.1218414
107.6171494
51.3313904
34.0309296
83.2989197
65.4769516
49.5854645
30.7632256
18.6827106
16.0661507
16.0405273
12.2460155
10.2546749
22.5522823
64.8114166
114.9097748
126.7201767
87.3294601
40.5111961
12.8228340
18.7263660
21.0007820
22.0322475
20.8431664
18.2012939
13.9737091
11.5635948
12.0106907
9.7273674
11.6981831
37.5696335
94.8270950
143.5925293
130.7366486
86.1156082
47.0686684
62.7289429
78.7827377
42.7310143
35.1565704
27.6104259
21.3403492
16.8132782
15.6938324
55.0210152
126.6050110
180.0080872
211.2631989
176.3428040
107.7278748
36.2426186
26.5650024
15.5725737
4.2737651
4.2876391
16.1559105
71.4496536
123.2989578
102.0995102
44.7211876
34.5342979
40.0822983
39.3142776
32.4105072
13.2890902
7.4137053
10.6537962
19.5763836
22.8297691
17.3505058
13.1055174
11.9047747
22.4932861
46.3398285
63.8043594
76.1489563
91.9199066
92.6363831
61.8051605
22.8543110
10.0902977
2.1741621
2.3062282
8.0774727
13.9057312
5.5517445
3.0162239
21.1963425
58.6539192
71.8688660
56.9940071
46.7141266
38.6168594
30.5435486
24.1639309
20.7453384
16.2878685
49.0771141
95.6850204
82.7336502
35.5467491
14.3723612
13.2613716
7.8128080
4.6713953
4.8815565
20.4696617
69.5845413
118.9281616
148.6322021
183.7638397
184.5866547
159.8320618
102.9951248
43.8545151
55.8544006
70.0541077
77.4140472
73.6101303
44.3008690
34.9285049
59.0327644
52.4165573
39.9623604
22.7099018
19.1512127
36.8661919
29.4270687
8.6045322
3.1812782
9.0309477
19.8142071
24.1604691
21.0730858
17.7862415
15.2262173
14.0039892
12.0975418
12.2677994
11.8796225
9.9700747
7.5014076
3.9961522
1.5121465
0.1588892
4.2361417
53.9869995
115.0723419
122.4363556
75.2262878
47.2252655
50.5640793
45.2779198
19.4298706
10.4242544
9.5315971
10.7999344
39.4906197
78.6664963
116.3071518
188.8330994
240.4255371
219.3309479
168.8152161
143.9550476
196.1248627
174.2071228
126.8075333
126.4121628
76.6692276
25.0069351
16.8278446
39.5478363
109.3853302
177.8102417
141.5710754
60.8448792
22.2632656
10.4098835
5.5427189
5.7468472
27.6031818
90.7120514
124.1616211
101.1345291
42.1212921
12.8159370
17.4252644
44.0463142
114.8414078
167.0813599
139.9957428
78.0321579
22.8131676
23.1657677
55.6362991
85.3927612
60.4355774
32.3339005
21.9357452
8.5723505
7.6132650
11.5366249
14.0783234
18.4697952
23.4379845
25.9901314
20.6068535
12.2225790
6.0644264
1.4841021
0.1393676
0.1004718
0.1280985
0.2691331
0.3317243
2.4169822
26.7349243
105.9756699
217.9848328
298.8041382
304.4877625
290.4362183
320.8072815
380.1894531
400.2512512
332.5068054
269.7226868
232.8030548
229.5934906
187.8004456
125.0323105
88.3211441
42.9538498
52.2650604
87.7856369
109.1107559
120.4597549
107.0914612
90.7483139
65.2731552
41.0825119
30.1529961
21.8542843
13.1959677
20.5888653
54.7663918
131.9675598
244.5064087
302.7122192
240.0220642
135.2378540
74.7523575
32.8273354
17.0793381
10.5869789
15.2784767
63.9707108
97.2138290
83.5978546
65.7915039
44.6419563
16.5640583
2.2686138
1.5829756
2.0664806
16.6864624
54.8308792
89.5597687
111.5774765
115.0265045
96.9087524
70.0245590
33.9030762
20.5345440
3.0717847
0.1623440
0.2066134
0.3760539
0.3577322
0.4529932
0.4211953
0.3814262
0.4984496
2.8605721
13.8444672
27.2807198
29.1174660
17.4345226
7.9392424
38.3103561
135.5112305
231.8573608
215.4035339
119.1864090
98.8207550
116.3638535
125.1647186
129.1225891
188.9095612
295.7864990
295.6471863
213.8164215
122.4205399
53.8173256
28.5484428
22.7555866
22.4515038
26.7812462
18.1670609
3.3178868
2.1958766
2.8074725
3.0491934
2.5346119
1.8156353
1.8253558
2.2091069
2.2523067
1.4248192
0.8145288
0.7321123
0.7406940
0.6240313
0.4619232
0.3358120
0.3139965
0.6197491
1.8075569
3.0221303
3.7075210
4.9219737
6.4572034
6.8159323
5.7962580
4.8313732
4.1268101
3.9620776
4.1207123
4.5836673
4.7329693
4.0670748
2.6567626
2.2427964
2.8448541
4.2419071
5.9779263
7.7139640
10.0060320
12.9657593
13.0527239
10.6734781
24.1039104
116.7972870
276.2770996
347.9120178
244.4763641
61.4983253
17.6082668
9.4493990
11.2057028
19.9759216
49.9870605
99.0308609
139.4995728
155.7050476
141.9499512
102.7240219
43.7420616
50.3379936
54.5632668
25.5007973
10.5640535
6.5528202
9.2904730
14.8922215
15.3207159
15.4607487
17.5491161
17.8053646
18.1458435
29.8233395
85.6804276
215.9848938
359.1058655
376.9165955
270.5628052
164.2345123
100.8765793
66.5813370
56.3203239
67.1178589
153.7470245
213.2302551
160.6605988
85.1656342
16.6141529
3.3909223
3.7941124
17.5017776
28.6183681
17.8533535
7.3364930
5.6771336
9.2973747
42.3295135
98.8962326
135.1304016
121.2767181
87.1671677
69.2292480
60.2187233
61.0652428
47.7226639
29.5984535
17.3799896
59.1914978
101.5789566
85.9988556
28.6371326
6.4253693
3.3899789
9.5101366
36.5990906
63.8672943
60.2485352
44.0004730
32.6739006
23.1672974
23.0506077
18.5282383
16.0547867
15.7573566
14.4399281
26.3788776
66.4098511
129.1125488
208.2966309
233.3717041
168.1087036
59.9755211
12.6640348
2.8197401
2.5495625
2.2538748
2.1126471
3.9845223
10.1412754
20.6096706
37.1781578
54.7335587
61.1189308
67.3153000
77.3917007
92.2588501
112.4363480
138.0401001
171.7348480
184.4174652
264.7992859
354.4930420
339.5741272
178.3287048
123.9822617
75.1622772
101.4012299
94.8549881
56.4272156
33.8966217
27.2986412
23.0729027
31.1375866
52.6402969
79.4797745
72.3308487
37.3460617
6.3133354
1.8331213
3.6830497
42.9399338
100.5483932
94.9059525
68.9262009
46.1432571
31.7874222
17.2909050
10.2352810
34.9752388
102.0807571
136.5960236
91.8958588
54.4968681
46.4985886
28.1326637
12.7161512
12.0745831
36.5487823
55.8185692
45.0252151
23.9698639
20.1542282
8.3300705
3.3069015
15.1837025
37.5281639
58.0429420
46.7904739
31.6354122
19.3093338
12.0194607
18.6130695
25.7219543
18.2736015
12.3376980
8.9603004
7.2167749
6.0567074
7.0125785
13.0246649
26.0686607
40.5065956
46.6850967
37.2594376
29.6634769
36.0591812
66.8369980
102.0839844
91.2046661
85.0762711
104.0085831
151.5818939
200.8402100
198.1360931
152.6241150
82.4262848
30.1523113
8.9144926
7.8883300
30.3590851
62.7599678
57.6207733
28.9997025
20.0040741
10.6602049
2.3496075
2.6656718
16.3535690
39.7961273
35.2654991
16.0656471
8.4602852
9.3904190
19.8904667
44.6417847
81.0422668
111.4626770
112.7943039
69.0251083
26.2246361
4.8621302
0.8574086
5.2214308
15.1727896
20.8716507
28.4253788
29.3068314
24.7541752
18.6638393
14.6983795
11.3653650
11.7381477
16.0803452
40.0337524
82.3347015
127.8882675
162.2310486
182.2673340
185.4237823
151.4581299
105.9480362
64.5478363
46.9542847
41.0228958
34.8090897
23.4276638
22.1946850
31.0806847
30.7744484
56.9991150
107.0612869
134.1803284
122.3871078
89.5306625
77.8896179
87.7973328
93.1583099
75.0527649
42.4769516
12.8995628
9.5871372
8.1485729
7.9510708
7.5219603
7.4205370
5.4176335
3.3599072
4.0204835
5.6941204
6.1904244
3.1943016
1.1918275
0.5462054
0.2484551
0.1724903
0.3575323
1.4109563
2.1371956
2.2916663
2.2618413
2.5541730
2.7033427
2.2616692
1.6837883
1.4224273
1.5656956
1.7497699
1.4931099
0.6900580
0.1950842
0.0177088
0.0005882
0.0000000
0.0000000
0.0000000
0.0000000
0.0000000
0.0000000
0.0000000
0.0000000
0.0000000
0.0000000
0.0000000
0.0000000
0.0000000
0.0000000
0.0000000
0.0000000
0.0000000
0.0000000
0.0000000
0.0000000
0.0000000
0.0000000
0.0000000
0.0000000
0.0000000
0.0000000
0.0000000
0.0000000
0.0000000
0.0000000
0.0000000
0.0000000
0.0000000
0.0000000
0.0000000
0.0000000
0.0000000
0.0000000
0.0000000
0.0000000
0.0000000
0.0000000
0.0000000
0.0000000
0.0000000
0.0000000
0.0000000
0.0000000
0.0000000
0.0000000
0.0000000
0.0000000
0.0000000
0.0000000
0.0000000
0.0000000
0.0000000
0.0000000
0.0000000
0.0000000
0.0000000
0.0000000
0.0000000
0.0000000
0.0000000
0.0000000
0.0000000
0.0000000
0.0000000
0.0000000
0.0000000
0.0000000
0.0000000
0.0000000
0.0000000
0.0000000
0.0000000
0.0000000
0.0000000
0.0000000
0.0000000
0.0000000
0.0000000
0.0000000
0.0000000
0.0000000
0.0000000
0.0000000
0.0000000
0.0000000
0.0000000
0.0000000
0.0000000
0.0000000
0.0000000
0.0000000
0.0000000
0.0000000
0.0000000
0.0000000
0.0000000
0.0000000
0.0000000
0.0000000
0.0000000
0.0000000
0.0000000
0.0000000
0.0000000
0.0000000
0.0000000
0.0000000
0.0000000
0.0000000
0.0000000
0.0000000
0.0000000
0.0000000
0.0000000
0.0000000
0.0000000
0.0000000
0.0000000
0.0000000
0.0000000
0.0000000
0.0000000
0.0000000
0.0000000
0.0000000
0.0000000
0.0000000
0.0000000
0.0000000
0.0000000
0.0000000
0.0000000
0.0000000
0.0000000
0.0000000
0.0000000
0.0000000
0.0000000
0.0000000
0.0000000
0.0000000
0.0000000
0.0000000
0.0000000
0.0000000
0.0000000
0.0000000
0.0000000
0.0000000
0.0000000
0.0000000
0.0000000
0.0000000
0.0000000
0.0000000
0.0000000
0.0000000
0.0000000
0.0000000
0.0000000
0.0000000
0.0000000
0.0000000
0.0000000
0.0000000
0.0000000
0.0000000
0.0000000
0.0000000
0.0000000
0.0000000
0.0000000
0.0000000
0.0000000
0.0000000
0.0000000
0.0000000
0.0000000
0.0000000
0.0000000
0.0000000
0.0000000
0.0000000
0.0000000
0.0000000
0.0000000
0.0000000
0.0000000
0.0000000
0.0000000
0.0000000
0.0000000
0.0000000
0.0000000
0.0000000
0.0000000
0.0000000
0.0000000
0.0000000
0.0000000
0.0000000
0.0000000
0.0000000
0.0000000
0.0000000
0.0000000
0.0000000
0.0000000
0.0000000
0.0000000
0.0000000
0.0000000
0.0000000
0.0000000
0.0000000
0.0000000
0.0000000
0.0000000
0.0000000
0.0000000
0.0000000
0.0000000
0.0000000
0.0000000
0.0000000
0.0000000
0.0000000
0.0000000
0.0000000
0.0276031
0.2544699
0.6237510
0.7934022
0.6473237
0.4073562
0.3147051
0.2442209
0.1955682
0.1675172
0.2462104
0.3607044
0.4655876
0.3978926
0.3834878
0.5107245
0.6592717
1.1065297
1.8428276
2.6919906
3.5196564
4.3770819
4.8404894
4.8878207
5.3025703
6.0753913
6.4534268
6.1950908
6.2977848
6.1872959
4.8118005
3.4780364
2.2370052
1.5968841
1.3339647
1.4926469
6.4744449
39.8402328
120.3650742
196.3693695
189.3275757
103.6581192
33.5529976
15.0616436
21.1589947
58.4883270
67.6087646
29.2437725
11.0017738
12.6594315
15.1246729
13.8361626
10.1045933
8.6877384
9.2156448
15.0705023
59.2756462
172.3455658
277.9090271
258.2819824
156.1293488
83.4337158
55.2406845
33.3241920
15.3144836
10.0021915
26.6653214
42.1575737
38.6499977
36.6421967
38.3230743
24.8766041
27.1044579
81.7297821
151.3760986
158.0963440
132.1928558
84.4066925
77.9115295
68.9052277
63.6471405
93.6025085
118.6670151
78.4050293
43.0753708
15.6828070
7.7647657
3.2453818
0.9871916
0.9422655
1.0748270
3.2311165
5.3674102
5.3213940
4.2007303
3.9433751
8.1049433
36.6643066
93.2253876
135.2502594
117.9290771
61.6064529
21.5605698
6.7949882
1.2579743
0.3115100
12.9343252
39.2258644
45.0660591
49.2098045
86.3119659
121.9213715
129.3109589
100.2337875
75.1101990
70.4724503
146.6517792
239.8245850
195.8357391
115.2032928
85.2223053
48.1186562
11.9028263
10.8212881
20.0607262
103.1739426
162.3560791
126.5918579
66.6681595
48.0449486
49.1229782
47.4877052
54.8303757
67.5921021
50.9662552
24.0331554
3.3815682
5.0713820
4.0921674
3.8511209
5.3686404
14.0670643
16.9773502
22.9501705
43.1692696
83.1343918
134.1638184
157.2508240
135.4281311
87.0217590
63.2970963
74.9615326
160.0333405
204.9767761
215.6478424
199.6510162
134.4927063
70.6563339
29.4200077
6.7329464
2.0090587
0.0339071
0.8274976
12.7289581
43.2597580
76.2133331
97.4771805
97.0799255
109.9809113
150.8119202
157.6371307
125.5415726
104.7084122
123.3573837
121.4215851
101.8957520
79.0279236
63.1331329
57.6695290
106.6214066
172.5961761
133.0558472
61.0758820
19.7104187
13.0962105
7.6669731
6.0626349
5.0001059
4.3631687
5.1601977
6.1443710
7.2861371
7.1707592
6.1335678
4.0637312
2.5038052
3.1457582
6.8985195
10.6014938
12.2961674
11.9519758
10.1380434
6.9804769
4.1655512
3.4394011
2.6039369
2.4782169
8.6582270
32.0399590
97.8618240
182.1863403
214.1777496
165.3409271
98.4880829
51.5734711
19.8069668
7.1638870
3.3579674
4.6908569
46.9726028
119.1343384
144.2092590
117.7283173
112.9793549
104.8674774
88.2012939
111.6022339
170.6995392
186.6184540
180.5613403
145.1338196
95.1083908
78.8332214
72.5515823
157.1110535
215.6648560
197.6113129
147.8262329
115.3480606
97.0173645
106.2780151
67.3365936
5.7796865
0.3853225
1.7343488
8.4191771
18.9704189
25.8495083
14.2311935
12.6663542
48.6196022
92.6463165
86.6028671
37.8349342
9.8622332
1.6985269
9.0294762
32.8622475
42.9937210
31.0577908
18.9866791
15.2016830
13.9425154
10.1032276
6.8802767
5.5012884
6.6726255
9.9026289
20.2143822
34.7428627
38.0242310
37.6499481
63.8278618
145.5568390
278.2024536
422.0564270
460.6278381
341.2257385
174.9658356
106.0134888
89.5251083
45.0553513
32.7641678
45.9998131
79.5926056
103.1635818
92.4522858
65.0085602
39.7936783
25.5359936
34.5909042
67.2798157
98.0023270
93.5374832
64.4293365
37.6811066
27.1120949
48.3698654
21.5799999
8.8603706
10.8493824
33.7755661
76.6078720
86.2418976
66.7055511
32.4957428
19.8013821
7.8643236
4.9711018
18.0057240
137.4216461
270.9154663
284.4089661
167.2246094
51.3973618
35.6111832
41.4667282
30.0702305
21.3674679
25.5735664
33.8026199
27.3814163
18.5693703
26.1047668
54.2666664
80.9848328
106.3245544
130.8111877
123.9664078
140.7417297
155.8315125
125.8157806
62.9377708
7.3766518
9.2497101
12.8819752
6.3313694
5.3528519
31.9967842
96.9275818
133.2875824
115.2735901
76.4465332
37.3142662
37.0034866
38.4310074
48.4949608
91.2766190
158.6357574
160.8843842
134.4879913
112.9264221
150.9885406
142.9938049
109.8063431
80.9439774
60.7064247
48.8848877
37.0977478
43.5514221
65.8187027
42.0195236
18.7718372
6.0420852
4.6101184
10.2923279
27.5490341
59.6632996
74.8566132
58.7421112
31.4122887
14.8984489
17.9183369
23.9882412
27.2733250
22.1890678
23.9310703
33.0762405
29.1115971
20.1148148
10.3134823
7.0548220
7.3563418
8.5819988
10.6135874
12.4785919
12.0272617
8.5494785
3.1180577
0.4090965
1.8551393
37.3172302
104.6764297
132.1607513
113.8267975
79.3092499
56.0947495
18.8506908
1.4551051
0.0550269
0.1589656
0.2533175
0.3174485
0.4222884
0.4889612
0.6993426
0.8047796
6.4593673
34.3228302
61.3789215
49.7141533
6.5558052
0.1926133
0.0182760
15.1935587
157.2919464
347.4139709
405.9558105
305.7165527
237.4065399
193.9611359
133.5411835
63.4616394
29.4194508
19.0165234
41.9623718
70.4638367
48.4033318
10.6733360
7.1633453
23.7496605
52.4043007
69.4681931
46.4073715
32.6985588
25.4068336
17.3013477
19.1861477
24.9616528
50.7750893
68.0888062
57.9375992
34.0498276
18.0242519
31.7108231
83.2004700
120.7714996
77.8617325
14.5280218
5.1416798
1.3812692
1.7157210
2.9268477
7.2315025
20.3796139
35.7305908
45.8321915
58.5079231
81.8323059
118.9564285
127.5222931
100.4552994
73.9923096
61.1487961
59.8708038
83.0075912
94.6887741
98.7724152
94.6942215
113.1134644
98.8311844
54.9999237
20.3280296
15.7679529
12.9749441
6.2283745
7.7971745
7.5661602
2.4968543
0.5578503
0.3906463
1.6781820
6.3820238
8.8542929
9.0104733
8.8490906
9.1285686
9.5397205
10.0592451
10.0620089
9.3493872
10.0913820
13.8721199
21.1600304
24.3768749
13.7953339
5.2108316
23.5020676
83.0292892
142.5260620
125.9443817
59.3802910
25.4695377
18.5608006
11.6381130
14.0061121
23.8398170
22.6597958
19.3937454
27.2771111
79.6812668
158.1216125
183.1765594
124.1321564
66.7351990
25.1329384
36.7605553
35.9568634
27.9219093
22.1019497
18.2197971
7.4139175
7.1417685
24.3507862
67.4096680
111.7532349
159.5979004
205.7650757
223.2864990
175.9224854
110.8602753
54.6685753
39.0963936
41.7321892
25.2449455
13.6482258
12.1362934
18.3760567
69.1350021
113.1059418
96.3566437
43.1504898
19.2015915
15.3660755
16.2505512
17.8481522
14.6413078
7.0409307
3.3804417
10.3058405
46.0010452
100.9017105
138.8556671
134.0081787
98.2619781
62.4231415
30.0097752
7.4690647
0.7731897
7.2685499
52.7852325
129.3455200
157.6552734
128.6713104
71.7801208
27.0732975
8.0512123
0.7346715
7.0045476
40.2191048
61.6502991
57.2556801
52.1807175
47.3757591
35.2042274
15.0114365
7.5134993
21.5464954
38.4897766
42.2413177
31.8508282
18.3731117
13.4423037
17.3625870
38.1440239
101.9085312
190.5684814
260.5855103
292.8587036
308.0776978
297.5707092
231.8344727
138.5767059
44.8317146
35.2163239
42.4219208
30.9229946
14.7077894
10.1124640
31.8590393
68.2380981
85.4244995
50.6457977
20.7527294
9.8957424
16.6456757
33.0656509
49.6288300
50.7425575
37.8032036
31.4575748
31.5282421
26.1800365
21.8703918
16.2089863
25.8267670
80.4851227
162.8551636
211.3365326
168.1833954
84.9306717
29.1312637
19.8744793
24.6604328
38.3577423
36.2684288
24.0209179
13.5670929
6.5528350
3.4705191
2.3916812
10.9137020
49.9936333
104.8203964
143.4214783
167.5806274
199.4978790
227.2605286
259.2176819
314.3431702
286.6358948
212.6514740
148.3673859
72.0223312
95.9256668
208.0998535
254.4328918
203.3427582
120.7456512
75.3149185
90.4687042
150.6852417
88.6372528
35.5512390
22.5181580
41.2398224
67.5162430
94.1316223
95.7351532
58.0587425
18.3947029
10.3936176
10.5227528
7.7604675
5.8522792
36.0118294
110.9465408
158.8790283
162.8347015
132.9086304
97.4613266
76.7256241
76.4103470
121.4234543
134.5758209
90.0211487
56.3617516
33.8034744
21.4682827
41.2167015
147.4511414
165.4849243
93.7385712
25.4959812
4.1107392
5.2508750
20.9602470
32.8714752
36.8897858
45.2386322
50.0623055
42.0544891
25.1637211
13.0246353
9.3480463
15.8080673
26.6215439
32.4926300
29.2345581
19.8869057
10.9416037
6.3007441
4.6289821
8.9036388
54.8234901
150.3683319
232.6449738
251.1851959
220.5703430
142.5419464
103.8600235
80.9674759
82.8514099
128.2902374
192.9749908
186.7569580
171.2361908
157.1970062
101.6665649
42.2360649
8.5545254
1.5600402
1.7117684
8.7769032
26.7813854
38.8168221
38.1258621
28.2593021
16.7651157
10.7093506
10.3469334
9.4945908
8.1731577
4.9732289
25.3340549
158.1945343
368.5418396
475.4990234
359.9401855
134.8221283
39.9143486
54.9390602
169.6438293
290.3343811
244.3655701
170.3820953
79.5310364
41.2169991
17.6638432
3.1003232
4.4762731
38.2713394
106.1712494
166.8334961
213.0635376
228.7033539
197.7069702
152.6324310
97.2949295
68.6197433
44.9918175
28.5232639
64.6296158
167.6537170
231.8501587
214.9643250
217.4942627
194.8726349
139.9089355
72.7808380
48.2932396
17.7102852
2.0596218
0.5572345
2.8095515
7.2734857
8.5208912
7.2939806
5.5084610
4.4046884
3.6224735
2.5640192
1.7995394
1.3922948
0.7262701
0.1682650
0.0748013
0.1313501
0.2710251
5.7446003
75.3412247
277.4406433
521.2750854
576.4758911
400.5050964
161.3973236
63.7536774
19.0143242
0.4625984
14.8025112
122.6627808
404.4364014
626.5601807
622.9028931
397.1108704
150.5296021
57.8410416
44.1053886
32.0430641
16.6071014
6.4009743
0.3292353
0.1333667
0.2382457
2.1753752
4.7881145
3.8719466
6.6381121
8.6544609
7.0215144
3.7817194
2.1068377
1.3525856
1.2981776
1.5495051
1.7051018
7.2998800
36.2733612
103.4437637
205.4645081
304.6862183
314.5746765
197.7216797
60.1032486
14.5853662
32.7450142
81.2372589
112.9703979
68.5726547
19.4361095
4.2017202
0.1854973
0.0437570
0.0868424
9.6689882
74.1713257
194.9733276
289.2935181
276.1806946
175.5959015
95.6780930
37.2921677
16.3509464
19.2494259
9.0282688
12.5700541
32.0918083
62.0897026
75.1358032
60.8315849
54.4931793
55.9117508
32.5819778
11.4774609
5.2244315
19.8399925
86.6614685
154.1122131
241.9715424
320.2733154
295.2306824
181.1447906
94.3712387
37.5643616
27.6609097
45.2422256
90.3226013
99.2360611
48.1751518
6.6662188
4.1305127
1.3837805
8.3847303
24.5117435
36.8830833
55.7750359
79.0964279
106.7253036
116.4340820
83.4329071
34.0582924
29.4908352
82.7535324
167.8471680
167.7444763
89.8727112
32.0380630
12.0983276
13.4981880
34.7720070
35.2091370
22.6293488
14.5588856
8.6659765
5.0898161
4.2033715
7.0483093
13.7713861
27.1913929
39.5146523
50.0015221
63.4444351
115.4864502
210.3642426
295.8818665
320.9175415
291.4577332
201.4477081
118.4350967
121.8597565
304.0987549
332.6361084
285.1558228
214.5882721
144.3520203
141.6545258
161.8319397
179.7881470
193.2617188
172.3146362
102.6741486
37.6432610
31.2253838
37.0058594
86.6438980
146.7197876
118.6704102
62.9248962
21.9339752
11.1692333
2.4131093
0.8501123
1.0142758
8.4950304
53.0355721
105.8452148
124.3864746
103.2958527
77.3413620
66.8403168
99.0617447
103.3737411
63.0390205
22.1580601
8.9461117
6.5122843
28.9545956
82.9602356
110.8732758
76.6498337
34.0071564
32.5126762
57.9505692
75.5525894
53.0296783
8.3674107
0.5647379
0.0849305
0.0567234
0.1889924
0.4628511
0.4033678
9.0978165
78.9480057
268.9838867
480.0458069
532.9865723
456.7483521
353.3238220
267.2777405
106.5867004
24.4836445
19.5722103
19.4281921
56.6540604
110.9306564
97.9871216
91.2692871
70.1762466
49.7747459
31.7889690
15.3096218
6.0741529
38.3610115
137.0985260
199.6877441
165.5808105
101.0453262
47.0079422
25.6045952
14.4487228
13.0018921
18.8185997
31.1896305
68.0444412
122.2458344
160.1882935
168.8429108
132.8824158
62.7747993
11.7082520
9.6019144
26.7779884
76.6472855
106.1031342
84.0729523
56.0385323
31.0077953
38.7960663
44.0353699
29.5543823
21.1649590
12.9886055
10.0646315
15.9532967
31.6838150
66.3176193
136.8143921
229.4967651
305.0659790
340.5196228
380.6944275
379.9455872
303.5709534
202.5989380
117.6166992
52.2950897
36.7101784
107.6206818
157.7607574
120.8610687
73.0119553
55.1857147
28.9874401
12.0019064
12.6760359
48.9942055
112.6670227
144.0087280
123.7437210
104.3834152
80.7189789
50.0631561
28.0277328
37.9425163
21.2608032
9.9728136
8.8814621
7.4177966
12.4354620
9.0161190
4.4186859
3.5918388
1.3786021
1.2444283
1.1466542
1.2079834
0.7166034
0.3617058
0.3539632
0.6292553
0.6307791
0.4161034
0.4763103
0.4153681
0.3974199
0.4097942
0.3180726
0.2094667
0.1746268
0.1985811
0.2459750
0.2977329
0.5169405
0.5728530
0.4640601
0.2700433
0.2587405
0.2684654
0.2192251
0.0759036
0.0021165
0.0000292
0.0000000
0.0000000
0.0000000
0.0000000
0.0000000
0.0000000
0.0000000
0.0000000
0.0000000
0.0000000
0.0000000
0.0000000
0.0000000
0.0000000
0.0000000
0.0000000
0.0000000
0.0000000
0.0000000
0.0000000
0.0000000
0.0000000
0.0000000
0.0000000
0.0000000
0.0000000
0.0000000
0.0000000
0.0000000
0.0000000
0.0000000
0.0000000
0.0000000
0.0000000
0.0000000
0.0000000
0.0000000
0.0000000
