0.0000000
0.0000000
66.5093384
48.9785843
36.6091995
37.2775650
41.5240250
38.5633621
26.3229694
19.4432793
20.8427200
20.2463169
20.7277317
19.9932823
19.7435894
18.1229591
11.9628754
11.3223877
10.8816910
10.4387856
8.2968988
6.1516924
4.9110746
3.7343590
1.8955032
0.7227949
0.2471647
0.1620347
0.5485193
3.2091665
5.3072987
5.3834434
5.0818748
5.5840859
6.3290248
6.7151499
7.1853695
8.2928514
8.1084051
5.6361313
3.7410343
3.1610272
3.3547385
3.6628027
4.2065816
3.6582668
2.4099374
1.6752222
1.4756358
1.6817468
1.5553592
1.7347475
2.0805790
2.2331824
2.2717588
2.0884237
1.6263356
1.2284867
0.8432596
0.8820367
1.0686122
1.1741527
1.2583303
1.3688319
1.1425776
1.1047343
1.0029432
0.9287294
0.7619042
0.6759694
0.9489990
2.4518285
7.4583893
16.8182163
28.4447670
40.0361710
49.6313858
55.3360901
53.9152756
47.7443085
42.1697235
40.9847679
36.6145020
34.0580063
34.1339989
35.3072968
33.1572647
29.2915611
25.5516014
24.0429344
21.7489738
22.8558369
19.5599384
15.6243591
15.7464714
16.5154381
17.0394974
14.3837471
11.7962933
8.2857895
7.8322830
9.4618292
10.4213696
9.4365501
7.3593264
5.5000038
4.9757681
3.9580491
3.1608703
2.8775086
3.2037985
4.2444258
4.7042203
4.6112404
3.5912266
3.1866183
2.7870772
1.8709931
1.2858670
0.7768240
0.5732336
0.5383753
0.6047822
0.6534792
0.7419566
0.9268308
1.1474134
0.9511700
1.2164528
2.4399521
3.5180318
3.5015664
3.2853646
3.9746952
5.4132833
6.8240862
6.7554379
5.6298690
4.2533875
2.9963169
3.1899216
3.7075577
4.2278738
5.6387668
6.9487820
6.6611872
6.0081549
5.4795551
4.4192867
3.5477960
2.3663447
1.8876503
1.8771490
2.1026161
3.0434570
3.8004503
4.4966145
4.5908976
4.6347885
5.3060675
5.4271159
4.0817842
2.8957939
2.3534803
2.3188939
3.2617433
3.7997992
3.5827041
3.7474825
3.8030875
3.1205139
2.3803680
1.8027231
1.7252797
1.4311424
1.5692213
2.3480303
2.6196895
1.7330140
1.0056068
1.0386335
1.3002677
1.6568015
1.7565730
1.8561256
1.8052490
2.5354843
4.1456289
6.1166663
7.0744505
7.0872545
6.9438667
5.3500748
3.8028228
2.9938760
2.5962083
1.9407395
1.3903298
1.1099110
0.9418976
0.9324459
1.1935749
1.5804064
2.5886707
5.6260028
11.7268572
19.1291542
24.1622448
25.8703785
26.5050697
29.0014153
31.7220211
33.2008057
35.2387123
37.7249298
37.7977829
35.3978043
35.0730095
33.4817123
32.6270943
29.4999619
31.1549568
33.5124016
30.5339718
30.0806408
29.5315781
32.3033981
35.9991455
32.1777496
30.5791588
26.7506905
27.1872025
28.0481071
28.5299377
27.6600151
24.5501328
24.2164459
24.2664871
24.0480614
22.3196487
19.9339561
18.2195358
18.2951546
16.6951542
15.7882710
15.0182600
14.6304960
12.9396172
13.5393009
13.1506481
12.6354189
12.5906296
13.3028688
11.7269154
11.6086664
11.0111427
9.2445116
8.6184177
8.6650352
8.8973761
8.1014376
7.0250263
6.1627598
5.3216262
5.8392076
5.5110302
6.6850181
6.6312685
6.0185394
4.8391829
4.1509700
3.5032783
3.2581067
3.5254490
4.0199184
3.5881948
3.3096399
3.4543943
3.6598258
3.7881651
3.9943662
3.9335229
3.4295492
2.6254637
1.8203266
1.6465186
1.5375651
1.6293056
1.5833824
1.2569968
0.9950112
0.7613274
0.5142972
0.5727184
0.6542809
0.5868350
0.4321451
0.6039512
1.4986711
2.6198902
3.7751379
4.6251249
4.3938503
3.5957322
3.3071933
2.9881549
2.6967678
3.0157692
4.2545738
5.8411665
6.0979500
5.5906439
5.2986917
5.2310910
4.7100854
4.5957518
4.7493277
5.3072386
5.4903698
6.1090517
6.3568144
6.6792054
6.5234499
5.6002483
4.7300978
4.7044258
4.8111591
4.3657603
4.4839077
4.9952168
5.9004707
6.4463820
5.7637548
4.0698867
3.2712495
3.2638309
3.4755483
3.5454314
3.3097651
3.4094200
3.4079723
3.3661647
2.8047452
2.6630368
2.9440007
2.8474913
2.5696766
2.4276996
2.3760281
2.5954921
2.4531362
2.6236422
3.0034122
3.5233452
3.7654669
3.4392593
2.8263092
1.7343798
0.8541294
0.5685583
0.3546875
0.4021578
1.3046739
5.2067327
14.0734653
37.9253578
66.7101898
69.6151733
41.9332809
19.4263992
14.5668116
16.5066032
29.2629662
103.7355270
243.6919861
358.1772461
371.2944031
290.5370178
215.8983917
139.6345520
100.1905289
56.4479637
24.9870319
9.7295074
24.0935974
80.3395920
133.8402557
141.1403351
108.0997391
71.3752670
53.8299637
38.4089317
22.2530060
13.3093243
17.5027771
67.2727585
123.0686798
133.1817474
151.9673462
167.5285034
141.5055695
108.9721909
64.3169632
135.3906097
220.3567963
236.1123657
216.3795166
160.9875488
91.9302216
48.1561737
60.6596451
64.3928452
72.3636627
85.7250748
83.6389694
70.6128387
56.9706879
44.8081932
37.5127792
34.8525314
27.3588314
25.2581673
23.1795006
21.0943947
18.6013012
14.8241673
13.0697803
14.3688745
15.8106709
14.6801147
12.0799313
12.1423340
12.2044601
10.8948545
9.4220209
7.7722402
7.0330195
7.9067845
8.5026417
7.2177048
5.5291529
4.2198086
3.4598250
3.7909002
4.1294670
3.6458285
2.9842048
2.8053153
2.8604882
2.9499114
2.3692064
1.5802108
1.2790008
1.1116750
0.9063267
0.7005248
0.4280224
0.3013836
0.3534372
0.4978625
0.4707758
0.3462154
0.6003443
0.8648882
1.1637963
1.2832940
1.5656062
2.1637187
2.3250175
1.8966370
1.8314493
2.4236021
3.0664401
2.8375797
2.3924553
2.4638073
2.6977208
2.5448995
2.4764545
2.3366854
2.5831902
3.0649755
3.5941756
4.3609281
4.9320917
4.7804461
4.1240835
3.7061322
3.8370032
4.1156826
4.9914017
4.7820473
4.1125889
4.1058025
3.8614430
4.0444608
4.1367688
4.4172001
4.4478006
4.5470147
4.2086396
2.9463718
1.7471443
1.2564737
0.8329340
0.6046121
1.1561247
14.5290194
49.2327347
101.4472046
169.9250183
227.1466522
230.8447876
175.3444977
130.5997009
93.5534286
90.4891510
149.0861053
143.3104095
117.1628571
85.7606049
90.5485077
110.1864624
97.7759018
67.4795074
107.2892685
128.9004974
112.6741257
90.9535141
84.3426819
101.7770233
130.9007416
125.5639725
76.0921173
34.1328850
50.7448196
42.1028481
48.8904457
57.0317993
33.7550278
13.4891825
44.0162964
40.7909546
28.9435539
29.4256401
33.1134682
32.8482590
32.9538803
34.4055252
40.9854088
47.5981674
50.4844513
59.9982796
69.9491730
74.7532501
68.0557938
56.9885788
44.5759048
54.1385994
69.1926193
64.2921829
53.6132507
50.3938560
48.6724014
40.3891602
35.6370506
34.1770821
31.1021385
24.6430893
19.7570744
15.8280630
16.2562866
12.2980099
13.6420135
18.5751934
24.1089706
27.4628544
22.6655960
16.9991188
18.2353745
19.5964012
18.6382809
16.4892998
15.2511425
17.9216537
15.8962059
14.0969353
11.4390697
8.4621267
7.7609921
8.1281624
9.4653702
9.3422928
8.6459007
10.0182114
10.3188248
10.6267900
8.9106712
6.7663441
4.6458235
3.4336114
2.8224626
2.4438162
2.0592747
1.6036245
0.6385860
0.4220036
0.3394273
0.9192209
3.8463900
7.1442266
8.3379374
6.9756637
6.2802687
6.8285847
7.4280624
6.8181772
6.5663824
7.2409763
6.8043580
5.9635663
6.2757368
6.5279469
6.8086863
6.7148509
6.5819931
6.6490612
7.4815068
8.5199261
7.9658351
5.9271669
5.3901281
4.8669162
5.6390042
6.1240463
5.6410222
5.6028318
5.8291264
5.7248726
5.0616350
4.5046577
3.9822650
3.6472764
4.0614233
3.8730583
3.2481320
3.4724674
3.3441267
3.5017564
3.4629178
3.5264771
3.4404294
2.9422283
2.5553732
2.4311798
2.3488398
1.8483797
1.4081175
1.5225030
1.7830384
1.5669678
1.4777160
1.5412316
1.5921648
1.5407829
1.1831437
1.1026002
0.9962547
0.9406866
0.8094131
0.4884613
0.6397419
0.9918304
0.8865927
0.6932689
0.6347718
0.5807281
0.5849131
0.7072741
0.9831687
0.7241468
0.3847284
0.2811732
0.3838460
0.5871733
0.5257752
0.3864525
0.4224577
0.5089743
0.6377836
0.5822240
0.4728634
0.4324853
0.3338699
0.3128326
0.5776705
0.7765759
0.5889009
0.3484051
0.3589834
0.5397991
0.7242751
1.8627893
7.6617141
22.3230057
44.8933029
71.6024857
102.0710831
124.7939529
129.1196136
123.0592194
126.0676651
124.4423599
112.9636002
113.5531387
109.8425827
103.5045090
100.2499542
105.7829132
105.7989960
102.4099503
94.8956604
87.2120285
81.0065460
68.3419189
56.0419426
49.3763618
41.5798683
36.5713692
30.6088066
22.6439095
15.2822180
7.7499728
4.0708137
2.0681677
0.9443872
0.3738364
0.6789398
5.2769589
13.3875637
15.7448368
17.1652641
19.3937016
21.3631516
21.9444275
20.7650890
18.9145164
14.3452187
10.7643442
11.2593060
11.3862057
10.3265848
9.5303946
8.9601440
8.6600599
8.2958536
6.1813555
5.1042566
5.1418142
4.8360572
2.8353624
1.2329448
0.8408148
10.7667446
49.9734764
102.0239868
217.5196991
423.8515320
529.6196899
410.0361938
224.2960968
171.1678162
142.0820923
184.7892914
186.0811462
129.5908051
93.6515579
70.4915009
40.7194290
31.0777168
106.0883102
240.4871368
301.4801941
278.6336365
187.5231323
146.1563568
147.8244476
136.3903351
153.4705505
213.2246704
230.2688141
176.4453888
128.0089874
104.8331451
154.1839294
189.3379364
205.0126953
199.2835693
177.2755432
155.8349304
147.7174683
175.2255402
171.3320312
164.5676727
133.3944550
172.1404114
218.7873535
186.2125702
95.5315704
25.3226604
10.2975388
5.5023460
2.4526393
20.5175285
123.6086197
231.2916565
268.5479736
217.8379211
131.4477997
54.7022629
13.2749910
1.9690387
2.5107467
12.8257027
95.3265381
221.3886414
298.2810059
315.5908203
277.7910461
175.4218140
52.8312454
8.6026173
0.4362779
2.7192843
14.0919275
61.5363426
140.0132446
193.8760376
195.7087708
135.7160187
51.5633316
34.0972443
47.9967880
36.9623375
17.7398605
10.9835796
46.9630508
123.9861755
200.2045441
204.4481964
173.4504242
117.7479324
64.4508514
35.5019722
22.1917591
33.0850372
74.5656891
123.6515503
146.9356537
140.2130280
108.3696518
54.0389862
41.6870346
80.5335693
70.4486389
47.9545364
55.6934586
112.6476059
160.8856812
150.4839630
127.3565750
146.4225769
196.6872559
229.8465881
206.3902893
162.5733948
93.2661667
36.6232834
14.6891527
28.4959335
159.6039124
381.5685425
452.1482849
403.4887085
302.1317749
199.8725586
123.8842621
65.3900833
31.0297585
16.4582806
39.7255402
115.1797180
121.4511719
87.1293945
58.4219971
35.2432594
49.1947479
50.1786385
30.2160511
25.5257835
54.5082016
131.2492981
133.8661194
118.8334885
116.8153992
115.2007523
113.5155792
110.6009903
98.9719391
61.7336197
19.4560642
2.5040045
0.8302504
8.0756445
25.6180420
47.0503159
63.1044998
76.3483200
112.1621857
188.8169861
246.5001221
242.8107452
183.7486267
154.9972076
123.5007782
84.1798782
86.1686859
89.6356583
60.6402435
61.1760864
47.4564934
35.7228165
31.5989132
34.4213028
33.9183807
26.3020611
12.1185484
1.9172586
0.3122550
0.0625791
0.0982389
0.2914503
0.6171763
0.8510203
0.7649796
0.3569107
0.2832044
0.3831423
0.4083685
0.4322252
0.4170775
0.5190994
0.9227325
1.1052159
0.7270067
3.2662404
35.8272858
110.9573288
213.1600647
294.4286499
286.2257690
207.5619202
156.6893311
131.4527283
161.6685028
178.8311462
149.0142212
109.3253555
101.9391403
109.5975113
92.0925751
94.8839417
120.7260361
153.4633484
153.7275696
158.2675629
157.0206604
128.3859863
88.6159897
50.2634354
28.7442951
14.8270874
5.4198761
2.7034330
2.3318439
2.7178512
1.7964971
0.6642270
0.3661528
0.5578291
0.7213364
1.1809154
1.9365586
1.6814790
0.8952554
0.6941075
1.1227342
1.7234228
1.8117633
1.0231800
0.6297702
0.4947257
1.0727586
2.1606355
2.3396471
1.4460871
1.0021234
1.0188665
1.2289364
1.9647259
1.6404567
0.7660699
0.5960907
0.6743135
0.9710017
0.9218193
0.6603580
0.5318009
0.8221406
1.8691355
3.6083832
4.7955484
5.3490934
5.1533666
3.1815538
0.8820937
0.4321072
0.3567529
0.4432359
0.6090502
0.5235307
0.3575910
0.4122146
5.7316666
28.9473076
68.7204285
89.6230240
58.9825020
4.7111254
0.3047862
0.1157406
0.0484267
1.4984938
5.8590717
2.6644068
1.4394523
4.0331655
38.3002510
123.8163910
192.9484253
172.5809937
76.0784607
13.8390884
1.4509478
0.4377210
31.3999233
160.1045837
256.1932678
272.4522705
265.5243835
224.8020935
153.8907166
92.4147034
74.9106445
88.3088608
104.2434158
93.3935318
67.8823471
58.0496368
113.2161102
211.6072845
291.7224426
318.4969788
291.0024414
207.7110443
135.9584351
58.3223076
94.1377716
158.9541168
149.5576935
157.0039062
164.8371887
165.9704437
134.0903473
79.9015274
59.1983871
60.6413383
47.2202682
17.0236454
7.9340763
0.7493563
3.8573055
21.4131660
47.1015663
59.2719536
51.9590759
32.2710953
37.6752586
70.0043259
79.1864395
45.6096573
23.4200630
40.0297585
93.1603546
157.6229706
180.1992035
148.3184509
103.8544083
89.4505997
70.2490845
103.6137466
114.9365768
68.3724365
70.0647812
123.8928833
139.1976013
133.2598724
127.1073685
123.0489044
97.5447922
47.2454033
14.6663198
45.9690552
30.9694328
74.2001114
130.9696045
119.1237640
80.1044846
33.8586044
38.1898651
27.1181831
4.9922767
1.5002623
0.4851922
13.2253771
95.9287872
179.0530853
199.6928711
163.4576111
135.7584686
125.8402252
118.1540833
99.9079514
72.3838959
39.7574234
22.7085514
4.8321609
0.4591936
3.5325713
17.2868137
37.9154053
46.5990753
39.1871300
29.6770630
32.9701042
43.7348557
51.8412323
55.0795631
59.3739853
64.3389969
63.9483299
61.2085609
67.9902115
75.5587616
76.1328278
88.0975952
120.6849670
139.7393646
132.1631165
100.8375854
72.4252090
41.0833549
17.1621361
68.1480408
47.2315407
11.4536476
12.6063128
11.6859217
10.3870573
8.8524733
4.7364545
2.2317314
1.3590513
1.2223139
0.6038866
0.3749301
0.3542799
0.5356102
0.7642051
1.4425132
2.3302879
3.2176332
3.5776384
3.6684337
3.4638343
3.0716372
3.1052213
4.4824309
6.2581620
6.2982817
6.3392887
7.0996881
6.3505039
5.3443651
6.2384348
6.5731235
4.6214828
3.6414630
4.6536551
5.8409133
5.2981725
4.9886518
5.1089406
4.5680199
3.9561491
3.8964460
3.5334275
4.1159387
5.0580945
5.7247801
5.8545847
5.5758257
5.2814288
5.1647191
4.4913249
3.4537725
3.2857254
2.8834527
2.6269515
2.4082654
2.0843117
2.0332680
2.0975990
2.3378212
2.3726211
2.1255996
2.3047450
2.3324175
2.3533442
1.9196998
1.5513676
1.3784372
1.1535112
0.9712706
0.8683537
0.9981937
0.7429264
0.4853454
0.4041888
0.5124762
1.1236396
2.4356143
3.5223966
3.0956192
1.7292911
0.4291764
0.4343669
0.5642220
0.6388471
0.5589544
0.5979175
0.5809879
0.5438837
0.8645592
0.8908312
1.0295572
1.2287669
1.0975950
0.9527091
1.5445123
3.4902153
6.0207472
7.4585671
11.3904219
20.1802349
24.3250484
20.8945980
25.9940872
36.6460876
42.0188942
38.7492752
28.0583687
22.1455822
21.1964779
22.9665966
22.9111481
24.1736469
26.9110451
28.3460484
27.5093937
30.6281796
34.3872681
36.8115654
38.4398041
39.5411949
37.4556656
34.1264572
34.3947716
35.6126976
32.0388908
28.3822479
27.0204468
23.8302612
23.4740791
25.6969223
29.8796387
33.2179222
31.6471615
27.0554352
22.0909977
22.4981613
25.2575531
21.4755306
14.0261307
7.2189240
2.5316417
0.7464712
0.3128172
0.1513161
0.1218272
0.5321772
1.6217430
2.2547240
2.9411397
3.1018913
1.7633786
0.7327427
0.6168823
0.6410304
0.6530617
0.6326060
0.7273620
0.9511437
0.9156832
0.6247119
0.3577258
0.3314344
0.3262968
0.4952838
3.5497169
14.1821861
24.6331825
49.7897835
97.9506149
117.5090866
90.3067551
64.6934128
70.2131500
70.6663055
65.8185730
63.1664619
62.4837189
64.1912842
61.1326027
60.9817085
61.6136169
59.8803329
53.5220680
52.5980225
46.0789948
49.0485611
51.9820862
44.3979874
39.1513863
45.3696136
76.7711105
123.4435883
138.7311554
117.9711227
107.6423492
130.4536438
152.3775940
110.0224304
76.4408188
57.2353821
62.5599976
97.3743744
101.7678757
87.5764923
90.6591339
100.8379211
107.3573074
95.1388550
78.7604446
56.0415268
74.7655869
87.8891830
67.4215698
45.6000443
35.9046669
28.7457008
16.3116150
20.1890221
40.0810318
72.0122910
119.2781754
146.6028748
141.1209717
98.4694443
42.9985275
23.5982838
14.9925108
16.8231297
27.3629570
45.3383865
59.2938843
56.9108276
49.9617767
52.8831902
50.3396721
45.1924667
39.3161201
35.8707199
31.2309608
32.4912910
62.7043495
109.7635117
146.0047913
155.2879639
144.0850983
122.6602783
96.4493179
92.6541901
103.8737411
99.7599640
78.4260101
79.0345764
81.5639343
62.0162277
32.3239670
24.8206711
50.8568649
99.3914948
117.8154907
116.9238434
105.0037994
83.5198669
55.2770767
33.5640182
35.5461464
45.5269623
38.0590744
28.6435318
32.4371796
38.2044487
36.1405716
23.0542641
15.7389317
12.1415558
14.9538212
17.3040237
14.4428968
10.2141819
10.7844934
12.6192665
10.0973749
7.2981591
5.1865535
4.9170809
4.7972455
4.8871989
4.1479368
2.7356715
2.0125990
1.8612372
0.9515100
0.3986474
0.2645686
0.6867808
2.5949407
4.8436832
5.8641253
5.7946596
5.1771889
4.8868608
4.7103143
5.0410695
5.3880234
6.1543326
7.2779751
7.2283301
6.8433371
6.9636374
6.5100756
5.5662632
4.7275939
4.8025651
4.3753061
3.8217797
2.7510674
2.2170472
14.7411337
45.0868683
98.5309906
154.3146667
161.6382599
127.8929977
116.7338715
114.0582733
82.6500549
57.2209549
53.4924316
36.7487068
16.0812340
4.7340288
18.3302879
85.9138641
193.5272064
269.9890747
245.4886322
159.0506287
102.8176880
67.8127823
94.0640869
124.0245438
91.7470551
34.4901276
4.3639903
9.7862482
48.6173515
121.3998489
196.1428680
242.0355225
291.6893616
297.3323669
232.9181519
181.4272156
174.3571930
170.0317841
177.1904144
187.4726105
192.6215820
176.8047943
142.2625275
90.5346680
95.8905792
172.4144897
233.8083496
254.0250549
256.4379883
260.7382507
233.9164124
177.0245361
124.0075684
141.4293518
224.8071899
194.6053925
122.7648163
53.5391541
10.4342375
0.3966740
0.0702843
2.6356623
49.1243134
126.1613312
180.3107758
208.9123535
200.8243103
156.0375824
70.5814209
65.9974899
65.9885635
61.1262665
64.2681808
46.9954643
14.1546316
11.9413729
101.3051758
241.2684479
332.5539246
316.7208252
238.2630310
163.7798157
92.2154160
135.1491394
235.8660431
187.1493378
173.1556091
167.7050629
134.0012512
83.1235657
44.9680901
15.1921082
3.6788027
0.3448673
2.5754640
14.7139597
46.4599686
101.1941452
162.8113861
230.3617706
277.9595337
280.0427856
242.8239746
200.2078857
168.8798370
146.8723297
116.9743271
82.3971786
67.2462997
91.7475510
91.0332184
65.3483734
49.6819153
31.4637089
5.7169838
1.2893734
0.7274868
14.0424728
78.7626038
126.0524063
135.5962067
134.8806763
135.5270996
120.6984482
93.7999268
70.7843933
52.5769958
39.8993950
11.6867561
0.7636488
0.6225521
8.0796709
29.1457825
46.4042511
48.8646660
51.5260620
64.8578949
85.3312759
116.9327774
138.7318115
133.2759857
106.2039642
85.1190720
75.6229248
74.4376602
56.4663734
31.3406811
26.2541065
48.2620621
69.3392792
80.8607941
84.6646805
67.5193329
43.0057602
21.0206833
35.3303909
59.9238129
53.9005432
25.8173981
25.0823803
41.4439392
24.6950054
56.5660400
71.5194092
78.8260956
70.9027863
36.0727654
8.5273304
21.2171993
24.6103554
13.8562269
5.7179580
1.7486370
0.5012870
0.2539309
0.6537145
4.5373130
8.9278078
10.6681042
11.9745522
11.5509071
10.6590729
9.8798285
9.0177174
8.7230310
8.2819033
8.7063789
8.1995487
7.8382745
6.7270179
5.3612537
6.3307867
6.9283686
7.0460520
6.1929111
4.3293695
3.9075131
4.2498374
3.8376915
3.2375088
2.6463423
1.9845735
1.2082603
0.9095083
1.0352886
3.9137826
22.8795033
47.8254738
95.8973236
181.7162476
234.4743347
180.8250580
84.3314819
28.2921009
16.5990276
16.3851471
49.3143311
117.8815689
155.4113159
151.2456818
122.0433197
81.8638916
56.4145317
70.2115860
107.1934433
69.7985077
27.5484295
11.2180023
3.6869166
1.3918989
4.5805464
26.9329185
84.4323425
148.4651947
177.4984131
177.6896820
188.9625702
217.1996765
236.4461212
218.0855865
169.2893677
125.0817108
106.8796387
95.2454529
80.0705719
52.0411377
31.5531769
33.4694710
43.6617928
53.5181046
41.8428612
17.7165051
9.2585545
14.6189651
49.0301399
127.8915863
193.7279968
214.7221985
181.7282410
140.9842377
98.7560577
43.4901314
38.5686646
29.4444561
4.2891502
0.5141777
0.2243926
0.1060981
0.3394476
0.6272637
3.0380700
11.6462421
31.5974865
69.3987122
110.3531570
129.2075195
120.0113983
97.1280212
70.6398926
51.5223808
46.4463882
58.8379326
62.0824547
48.6552734
22.7587738
50.8133698
63.5343933
42.9954453
17.6800938
5.4223218
23.2013474
70.9389267
87.4468384
46.5633430
10.2135868
2.3739445
5.7584114
41.7752190
134.5798187
207.8987122
197.3659973
152.8996429
112.9158401
76.2212677
83.0569153
90.2475433
76.8090973
51.0490227
26.6821270
23.7030888
19.1817989
29.8835869
92.9713745
156.9920502
120.3701859
58.4308853
20.6508942
3.4624000
0.5938138
9.3364058
33.4536133
40.7983437
32.4953918
38.8672600
44.2549820
52.9609184
51.6127319
37.9467850
25.3811989
34.7644005
90.7125626
163.6331024
168.4050903
146.9428101
110.6918182
77.2562790
22.3651962
21.5135765
25.4099522
26.7703972
16.1856918
6.0832767
20.4109306
61.5146637
89.6718750
74.8486786
42.5827980
23.6814804
14.2938337
11.1272774
7.7001209
11.6951265
26.0463638
28.8714638
25.8214855
18.4294815
14.0229712
10.9981918
8.1216803
8.6328554
13.6908674
17.0815983
18.0029526
18.1179657
19.7911377
20.2261009
19.3128948
16.0714664
14.5830135
11.5465117
9.0349264
7.8051653
7.2679129
7.3798704
6.6944666
5.4100752
4.2818851
3.6723771
3.3150940
3.0501027
2.8773506
2.6952207
2.5214887
2.2234468
2.6318746
3.1090524
3.6824138
3.3922782
2.7325015
2.4780502
1.9021841
1.6994567
1.3730317
1.1445212
0.9830310
0.9196053
0.6008759
0.4043193
0.7150779
1.4261030
4.0290761
9.2090454
20.7717972
50.1093216
93.0791473
124.5894012
120.0475693
86.6407852
54.1823616
31.8217583
20.1597176
4.3377900
2.9865932
3.1585276
1.9513626
12.8928490
65.7244720
124.4560623
161.3516541
215.9350586
296.2989197
299.1728821
202.8632355
80.8582230
32.5780602
36.3414955
14.3693485
16.8466969
10.3443403
1.1135354
0.1638669
0.0804863
0.1359664
0.3476751
2.3080304
12.2416887
31.2228851
49.8753319
57.2252159
53.7135391
44.8528862
36.3161392
30.4548340
21.1500320
13.7007351
9.4350796
10.9109535
15.7320108
28.0441933
38.2868385
38.4567680
32.8109016
19.6832123
26.7153492
26.4017391
17.1707134
4.9730229
10.2484055
13.8421192
6.0153141
1.3456665
4.5141106
30.1327839
110.1722870
193.3284607
219.6185760
192.4214630
157.0679779
127.2478790
153.7658539
120.7478027
68.6477356
37.1225319
40.0763016
31.7135124
14.2904348
3.4104328
4.8742170
7.4762459
9.9289455
12.5032902
14.4651070
18.5823822
21.3907280
52.0029602
122.4841385
212.6485596
248.0613708
157.7711487
45.1573715
4.7697248
2.7748158
0.2644961
1.6009371
7.0445919
15.8673649
35.2765617
53.8894806
54.8859863
43.9176521
36.1320229
26.9938431
26.1515560
24.4257278
32.5711441
31.1039295
21.9500732
27.9696503
32.1740570
32.0837135
31.8553829
35.3974991
33.6772537
26.9778900
34.2187653
54.4716759
65.6519089
64.0808411
61.9003143
64.2552567
65.1489258
59.3423309
47.3723488
38.6012192
34.2930336
38.9227715
49.0646133
60.1397209
55.8855438
51.2989578
69.6077728
116.1585159
136.1226654
87.2210007
37.0925369
9.2268181
8.5028658
8.4894629
11.5106287
14.3625708
14.7613668
19.6393585
30.9796658
39.3428650
40.5959625
44.5512962
50.8636093
58.9615440
59.4130669
47.4383659
30.3334103
19.6494007
9.3012600
5.6906791
8.7326403
14.4638557
22.2870445
23.9611340
15.7609978
7.2775965
3.5584774
2.9012346
3.7571130
4.9485669
9.1489897
13.5372944
8.8770475
7.4995251
15.6491833
27.1186714
26.9911480
15.5571785
5.1975574
0.6132074
0.0819609
0.1689642
0.4010982
0.6430315
0.9039577
0.8315945
0.7765894
0.7520678
2.1062317
4.9931021
5.6364746
4.5720711
16.9964199
33.0792923
28.6691093
21.8082771
33.3768921
51.4124298
46.8725433
18.2600250
3.4269922
1.2755326
0.1543944
0.4740404
0.3497333
0.4697856
1.0658391
2.4064248
2.6117287
1.6610498
1.1306026
1.3295463
1.9027445
2.2702630
3.2337327
6.3002009
8.4031525
16.0773621
26.0734806
20.5474129
2.4015951
0.7705835
0.9639319
1.1603127
1.3682388
1.5321820
1.3923581
1.1841210
0.9194749
14.1346159
57.7896614
112.1210175
135.9626465
108.0532455
59.2776451
18.8891163
19.4604836
28.9358730
63.4869385
162.1556396
224.3551178
175.3378601
86.9547653
26.4399815
19.6469498
12.6510010
9.8442392
9.3016796
36.0274200
97.3213806
139.9117737
147.2115021
130.4636536
112.9472580
93.5364761
73.2102814
45.4112434
19.9208298
21.5637569
23.1771584
20.8764153
14.2683706
15.5181656
15.0952501
7.1995368
1.0290613
4.3893223
16.1191826
24.4025784
14.3715410
1.0221509
0.2397693
1.9967537
6.0037522
9.2103720
17.0521412
22.0568485
16.4234829
9.1227112
6.4857922
3.6632304
2.3654759
7.8544178
12.5390882
13.6150436
16.2090111
26.2364616
41.7056351
54.7910614
62.2968178
57.2354164
48.5603676
40.8907890
35.8857002
29.8793392
25.4163704
16.3929806
11.3918324
7.7360220
6.2621241
3.8443651
4.5344496
8.3384457
14.8890572
9.9877539
1.0488545
0.1654899
0.1122447
0.3524706
0.3247565
0.5113484
0.9872044
1.3504254
1.7077880
2.3203242
3.2550454
4.1928515
5.0082779
5.4798417
5.0561609
4.3712449
4.1662316
3.3711839
3.2122703
3.5780978
4.5622282
5.3704777
4.7623634
3.6277294
3.4959025
3.6626883
3.4497380
3.1793454
3.5269210
3.7372637
3.8023226
3.7443049
3.3952782
3.4662662
3.8394525
3.9877758
4.2001200
4.4030428
4.4125752
4.4220552
4.5206313
4.2154279
3.3388872
2.4164925
1.9687833
1.7826424
2.3542082
2.9727829
2.9910610
2.1752141
1.5009015
1.3667172
1.0095551
0.8887641
1.0948238
1.2188213
1.1628211
0.8466198
0.6672273
0.5704165
0.4993359
0.3766448
0.3430155
0.3373203
0.5309508
1.0107864
2.2132511
4.2136288
6.1936078
8.0118847
9.2745895
10.0271864
10.2197886
8.7948723
6.6889448
5.1288066
5.2865767
4.9769421
3.9266315
3.6872082
4.0483465
3.4177449
2.7131486
2.1803043
1.9209874
2.1018250
2.1969361
2.1686070
2.0884204
2.0274110
1.9990213
2.2648163
2.4668925
2.0326016
1.2269741
1.0706450
0.9542185
1.1155866
1.0722549
0.8470423
0.6721102
0.5355158
0.2845972
0.0550450
0.0074620
0.0001768
0.0000000
0.0000000
0.0000000
0.0000000
0.0000000
0.0000000
0.0000000
0.0000000
0.0000000
0.0000000
0.0000000
0.0000000
0.0000000
0.0000000
0.0000000
0.0000000
0.0000000
0.0000000
0.0000000
0.0000000
0.0000000
0.0000000
0.0000000
0.0000000
0.0000000
0.0000000
0.0000000
0.0000000
0.0000000
0.0000000
0.0000000
0.0000000
0.0000000
0.0000000
0.0000000
0.0000000
0.0000000
0.0000000
0.0000000
0.0000000
0.0000000
0.0000000
0.0000000
0.0000000
0.0000000
0.0000000
0.0000000
0.0000000
0.0000000
0.0000000
0.0000000
0.0000000
0.0000000
0.0000000
0.0000000
0.0000000
0.0000000
0.0000000
0.0000000
0.0000000
0.0000000
0.0000000
0.0000000
0.0000000
0.0000000
0.0000000
0.0000000
0.0000000
0.0000000
0.0000000
0.0000000
0.0000000
0.0000000
0.0000000
0.0000000
0.0000000
0.0000000
0.0000000
0.0000000
0.0000000
0.0000000
0.0000000
0.0000000
0.0000000
0.0000000
0.0000000
0.0000000
0.0000000
0.0000000
0.0000000
0.0000000
0.0000000
0.0000000
0.0000000
0.0000000
0.0000000
0.0000000
0.0000000
0.0000000
0.0000000
0.0000000
0.0000000
0.0000000
0.0000000
0.0000000
0.0000000
0.0000000
0.0000000
0.0000000
0.0000000
0.0000000
0.0000000
0.0000000
0.0000000
0.0000000
0.0000000
0.0000000
0.0000000
0.0000000
0.0000000
0.0000000
0.0000000
0.0000000
0.0000000
0.0000000
0.0000000
0.0000000
0.0000000
0.0000000
0.0000000
0.0000000
0.0000000
0.0000000
0.0000000
0.0000000
0.0000000
0.0000000
0.0000000
0.0000000
0.0000000
0.0000000
0.0000000
0.0000000
0.0000000
0.0000000
0.1063584
0.6823973
1.6513743
2.2889533
2.2688680
2.4403033
3.9456103
5.9482346
7.2218094
7.3956699
6.6382556
5.8349614
5.8413248
5.7187090
4.8526845
4.1321769
4.0757608
4.9756846
6.1122761
6.6588273
6.6336708
5.9183049
5.3810024
5.8709588
6.3160434
6.7563224
6.8296232
7.1142254
7.6549783
6.7375021
6.4746890
6.4870648
6.0923119
4.8616724
3.9719245
2.7251842
2.2033458
1.3704602
1.5581465
7.9133606
13.9374514
22.2267170
77.8711319
199.4402771
295.3272400
269.8269043
164.9463348
117.3551788
96.8818665
93.0782166
129.9801941
92.6430511
33.2997360
94.2541046
151.0113525
150.7611084
140.4863892
108.9907303
54.9882584
28.9803219
100.7618942
127.5687103
144.6620941
163.4018097
152.7677612
151.6246185
182.0211639
196.3076019
142.6396332
67.3542252
94.9874802
88.0465851
209.9787903
214.4045105
149.9225311
97.4709244
43.8907852
72.4862976
104.1708069
91.2403259
44.9017258
28.1373177
13.6803484
16.3676758
25.7928810
32.3995743
37.4490929
43.5319290
49.1603127
52.3857994
51.7567329
47.2477951
38.5675507
35.1236572
28.8100071
21.9060249
17.0200329
13.2386837
12.7715893
15.8944330
16.7990608
15.5765886
16.7652702
17.8129997
19.9648666
33.7464180
51.7615547
60.7167473
58.1827354
46.7082214
44.3248978
37.8592911
26.8149128
31.5878487
50.1210594
59.4355621
79.0425262
144.4763947
244.3393860
340.2024231
323.8287964
224.2663727
101.2712555
55.8892441
34.4093666
27.8235722
28.0651455
27.8108921
32.6520195
55.5228539
51.7987328
65.1963043
123.0982819
242.3730621
359.5983582
400.6800537
451.9411316
435.6570435
346.8061829
261.1045532
226.5296783
193.6614990
168.0764618
133.1515808
97.0976028
51.7920990
12.8986006
0.9641922
9.9965916
48.5954971
83.3676758
82.9090652
70.6675797
72.3732376
86.6182709
96.7981567
127.4674759
187.9917755
237.1576385
226.7341309
189.0937500
166.4143524
150.8010406
160.0994110
184.7300720
177.5712738
124.0224380
95.1855621
179.1779938
274.4888306
297.9067078
247.0078430
145.3071289
65.0667725
23.9284992
4.8694863
1.7357918
0.2975877
0.3500136
0.4489147
0.4894587
0.4656666
0.4480273
0.3504514
0.3919907
0.6698216
0.7081545
0.5755622
0.4841560
0.4532595
0.6492853
0.8176851
0.8118129
0.6098646
0.5281345
0.5020595
0.5453553
1.0108883
1.9435993
2.1309817
1.2313676
1.2620897
1.6511115
1.1769645
0.5592116
0.2874484
0.4141774
0.5392135
0.4581951
0.3402971
0.4300482
0.5585865
0.6306738
0.5368315
0.7025568
1.0122102
1.9745543
2.7564721
2.0012922
1.3810642
2.7251081
3.7864907
2.4185357
0.9343514
0.5942626
1.2968971
21.4448261
70.9883575
104.9793777
86.9554291
45.9492531
32.0638924
31.4061623
31.9180660
29.4930840
33.2395248
33.6659355
32.2870255
25.2961807
19.6725559
18.5902195
17.7015152
12.6740112
10.3214102
7.5041628
5.3018303
5.8378162
6.0738249
4.7310581
2.2566142
1.0037167
0.5560545
0.3874023
0.5984757
4.4931316
11.4557686
16.1318398
19.1574154
19.5229607
15.4528408
9.5459833
6.6367960
5.6394787
6.2285800
9.2534571
10.6921206
10.1041946
9.9625597
8.7525110
9.5950298
11.4745007
11.2221727
10.4625168
8.9656525
7.5468407
6.0831995
5.9057264
5.3367538
4.1131859
2.4456923
2.9020154
20.9979477
76.9854965
188.4321899
284.4634399
243.6996765
112.2866364
33.5000496
28.4352398
23.0962353
19.3371181
62.6953659
180.8615875
262.1770630
247.0399628
187.6398621
158.4514313
117.6275330
65.0679092
41.5198784
63.4574966
86.4697876
37.4600830
17.5628433
18.4597950
23.1496029
40.7206154
101.6183395
147.1189728
149.7586670
121.0324326
69.7889862
79.4430313
126.3799515
148.9349670
145.8921204
112.1379166
67.7120361
50.5055008
52.7602882
44.8169250
22.7589989
21.9005013
83.0532913
195.1694031
245.7545776
257.2993469
300.9332275
346.8734741
362.8822021
358.7306824
365.6290588
390.2555542
385.6601257
327.8485718
274.6546936
257.0804443
260.9916382
278.1372375
282.1803894
264.0917053
213.6541748
154.3556519
85.3736649
45.0700607
77.2774582
57.8126106
48.6654243
54.1619148
47.8382416
33.8335876
20.7395973
15.4813919
15.8914909
21.5363274
30.2658634
33.1915970
33.5152130
29.3514481
25.5475025
21.9426308
17.9027939
17.3885822
18.7345276
17.4883423
18.4427109
17.5319748
14.7079859
12.5003462
12.3823814
21.7047462
42.3455009
67.4444504
88.9318390
84.7437973
66.9535904
43.1594124
27.7170372
28.8684521
44.1594658
38.5771408
11.4090519
13.1469498
51.2538452
108.1374817
115.6701965
105.5672989
93.1667633
77.2124863
46.8528900
22.8693848
21.4496727
41.4299393
67.4387207
27.8720913
18.9837990
11.8943768
11.4054718
9.0748711
11.6410408
33.8872299
84.0449524
135.7547150
149.6490173
121.1148071
83.7880936
51.3894348
47.7563286
44.5409851
31.6845703
21.6895256
14.6491966
6.3011594
2.3313584
3.0677085
22.8468628
58.4100151
88.6562881
100.4121628
115.4433441
122.5568619
114.6713943
105.8244324
102.9714966
81.3640976
32.8152275
22.3874950
17.1388111
8.3334074
13.2724686
56.7470894
125.2724838
154.3561401
114.1765289
52.1616974
37.8985252
63.4395905
109.0172424
174.4225464
251.9490814
284.7373657
231.9958954
161.5580597
133.8821869
138.9375153
157.5906219
165.1912384
168.7533569
167.4463959
148.7883148
104.8759918
25.7948761
55.7277374
70.7540588
135.0001221
211.1280365
176.0631104
117.1742630
68.3782806
52.2283936
43.5112572
28.0996952
15.4975214
3.3266206
1.6465642
0.3578606
0.5175277
3.5868373
8.5378132
9.6264668
9.7991276
10.1372681
10.0446911
9.7124453
9.7814016
11.0194969
10.7669306
10.0092459
9.6818132
9.5936699
9.2925129
8.9394016
8.7300053
8.5486107
10.0789576
10.5690651
10.1299124
9.4121685
9.0544682
9.2244129
8.5580454
8.9435129
9.3900967
9.7556219
10.4963036
10.5592089
11.0052490
10.8100500
10.0031376
9.3721809
9.5874538
8.7983198
6.9633989
6.7039390
4.8984766
3.2986026
2.7176356
2.3416967
1.2637607
7.2552352
23.5892620
52.6155319
107.2108459
209.2352448
312.4682617
311.3990173
214.7230225
138.0941620
96.2350082
51.5160522
116.5588074
152.5665894
139.0389099
118.4241028
64.6294403
52.7929535
84.1669693
34.6823959
87.9122391
97.4584198
86.4309616
105.1074295
123.2758408
119.8280563
103.9211884
83.7335815
66.4094696
63.3533936
59.7391891
54.4117432
53.2908096
45.9865570
25.9266415
43.9983711
38.5773506
21.7552757
70.5116272
153.4577789
227.1419983
205.1907806
134.7373810
114.6606216
178.2683105
214.6018066
152.2986755
55.5825462
11.5429668
4.5895605
34.5005493
71.4882812
113.5835495
152.1491547
164.6427917
141.4868469
111.4078293
115.3648300
102.1514893
55.8568001
33.3897285
40.4391785
62.6777115
68.8011551
68.7406235
62.3400269
45.3917580
38.8846817
42.8421516
45.1604767
48.0290260
56.9152641
55.0819244
39.4204025
27.6597023
20.8023529
30.3133392
90.4992905
181.5327301
230.9541931
215.0846100
136.6300964
59.3845329
16.6690712
33.6172638
34.3957710
61.5630112
143.8984375
235.8287201
279.6455994
264.8446655
212.6478577
160.7306213
93.6205597
51.6647453
42.6638336
37.7105179
53.4554520
97.0514679
135.2787476
168.5772095
178.3612366
162.6978302
122.8339539
68.3886795
44.9469337
41.2714958
34.8519821
31.1821499
69.4248199
117.3010406
123.5095062
113.9577332
98.7404099
55.5189400
40.0532341
34.9626999
30.5838089
42.5961533
58.0457230
87.7413177
122.7597809
161.8765259
193.9123383
209.4828186
214.9288177
225.8134460
224.1026459
214.5674744
197.1930237
178.9134216
146.4064789
123.7081604
92.1648560
46.8853188
29.3186817
62.4665108
90.1612854
101.3945312
100.9768753
88.3789215
69.6401825
47.9412346
22.7295952
8.7616482
27.7461224
140.5015869
324.9895630
453.6457520
467.5919800
389.4866028
344.4548340
340.2672729
326.3264160
295.3583679
251.3025970
241.2281799
228.4267426
198.5049744
143.0602570
94.0823059
87.6662445
110.1115036
115.1942139
138.8092957
151.6705627
125.6033173
111.2620773
171.5225830
239.2857666
210.7574463
151.3870239
88.5157394
22.5960159
68.3423920
151.6235962
133.4442749
84.4355087
24.9680710
17.4949894
33.7950745
42.4856186
43.3324203
44.4001846
43.0904427
35.7022514
25.7247658
21.4443588
23.8126183
32.7744522
68.0828171
118.8754349
145.0449371
142.3049011
146.2405853
141.0808411
108.3304825
72.0345459
30.4293442
15.7066860
28.9846916
36.0217171
26.2378197
10.2476501
16.5172443
31.3639927
36.4678726
33.5006790
36.0195465
60.1262207
108.5501556
170.8463440
191.2209015
167.6636353
135.8263855
125.5349884
123.0603333
114.5426331
108.1600571
101.6356812
93.8680878
90.1913757
75.2793961
60.4164734
60.8608780
71.4031754
64.3099442
38.6298599
34.5441895
37.0603638
23.3861217
14.5960703
11.3432417
9.1610899
11.0735617
10.0823946
6.6793571
2.6580698
5.2105017
7.1139479
5.2223310
2.7811701
3.2243741
5.6250429
6.6371374
4.7786894
2.0492120
0.7392706
0.5792419
1.5235047
6.1161084
23.3094635
46.8013191
49.1483002
22.8397980
5.8030396
4.2616701
2.0036058
1.1064717
1.8883197
3.0788078
4.4945288
6.5918775
9.3296709
11.0868855
10.8099241
8.9051580
6.9689207
6.0551648
6.4404173
6.8166652
6.2005343
5.7160034
5.0707750
3.9913385
2.4820442
1.2806489
0.6370447
5.3117485
40.8089523
93.3832779
117.6624603
90.2285309
32.5370026
5.9911113
6.1113057
37.5435753
80.9544525
116.7402420
146.7970428
151.7576904
84.8426056
34.2319145
20.7842484
24.6322136
15.4937925
14.6025476
23.5631638
14.7223587
2.7924705
7.8995233
20.8943729
37.8655853
57.3790665
70.2210693
74.7532043
67.4564590
49.2522202
43.1432724
58.1131592
84.8396301
104.1379318
107.4305573
85.0725784
56.6610756
40.5218811
85.1555023
112.1792908
85.4793777
56.1388702
36.3207817
27.3364811
49.9854164
49.5776672
43.5941772
33.4728088
28.2579136
21.4534092
16.0928516
12.7434788
10.2061529
7.8927097
4.9169526
4.1046200
4.0408549
3.9553256
2.6287644
2.0552278
1.8319473
1.6429298
1.5799153
1.3283865
0.7484531
0.7607424
1.1656576
2.3395758
14.7541342
43.2421494
71.9191132
76.9811859
50.4373131
20.7037773
5.7663097
3.1455927
7.4397326
12.9939032
33.5288353
66.5174026
66.2892990
34.7007751
14.2749567
9.7495584
8.8680220
14.7320004
24.6005898
41.1362228
52.4785500
47.6296387
37.4243126
32.3261528
34.6935692
46.8480568
57.6503792
54.4194832
48.4655495
66.9764709
118.2047424
194.6153564
263.3038330
235.8619995
136.5790405
80.5244141
39.7376595
32.9427605
53.9976883
77.1671448
58.1828156
24.9796104
9.2993364
19.2481041
23.1992416
63.1549606
128.0152130
146.4411316
139.1383820
138.1795502
157.1812134
183.1196747
222.1186371
244.1683960
210.9017792
147.5969849
77.4990921
95.9334412
234.5519104
266.4751587
272.9850159
286.3647461
279.1161194
237.6855011
171.6457672
110.6356888
61.9954681
32.4956436
19.1331215
12.5694122
14.9249115
64.1113968
139.4674072
173.1928101
162.6301727
151.2241821
128.1091614
97.7252197
60.5638962
40.1283379
18.9875870
14.8503237
48.5068359
93.9951706
109.0783539
76.7243729
39.7976303
30.1841621
50.0892372
67.4493256
74.9929733
64.6135025
34.6788139
9.6839209
1.7857511
5.7616968
81.4681854
206.0288696
268.3488159
260.4733887
220.2769165
194.1735840
188.0690155
186.8685608
150.9297791
92.2870178
45.4220352
51.4310226
107.6769333
95.0428772
35.4746056
7.2600288
2.3596001
0.2165833
0.2669104
0.1773297
0.7535230
2.6740630
2.8765075
1.0564661
0.3132934
0.3390216
0.3591761
0.4275250
0.6092913
17.8137875
133.2242737
342.7298889
503.8484497
527.6088867
440.4739075
337.6265869
268.3603516
196.0951233
191.9209290
202.1090393
145.4490967
100.8247910
102.7030258
104.5537872
82.9533157
67.0154419
54.6289330
52.6400108
51.2744484
46.9322433
36.6187477
30.7029037
24.2982903
19.2015400
13.3973389
10.3527641
9.3728971
7.3359942
8.6615086
22.8747730
39.5652657
45.6330528
39.7312813
41.9233055
77.8391266
145.6750336
199.5895538
187.2776947
147.6966858
105.7286453
70.3983002
62.0637627
85.8443909
102.2131653
78.8620758
65.3732758
54.4684601
44.0532761
56.7927132
42.1861534
8.3267136
0.4833224
2.0651131
12.4434214
32.4695740
49.4719925
71.3398285
109.6577225
133.8020477
110.9714737
79.4276276
67.6971664
68.1147766
53.7435341
66.5046158
75.0173416
66.0480804
26.0529594
8.4595699
9.2944489
2.4129379
0.9644947
3.3468597
12.0789747
17.7045059
17.9278107
17.2388020
18.2480888
17.6953735
17.7017307
17.3317814
16.4456520
15.0958405
15.7232103
16.9965534
18.0521526
16.9715500
14.5979452
14.1651745
12.5404615
11.3032503
8.6176224
4.7480102
2.3750889
1.0132604
2.1054578
8.7984314
22.7448235
35.4086723
52.0779228
87.8473587
144.0633392
204.0126190
228.9452362
189.8705750
157.6053162
119.3332367
93.6097717
76.4727173
50.4225197
36.5541534
33.6170311
29.4104824
18.3915558
10.6116238
27.5893593
90.4831772
180.9530487
260.3590088
294.9624023
247.6285400
127.4273911
57.5255318
35.5747223
69.5538864
124.8130951
122.6809845
82.1412277
66.2699966
45.3127518
46.9226303
51.0191040
20.9542847
2.5821347
2.7802322
43.8386765
132.6105194
222.7921295
301.9085999
314.1967773
255.0646362
199.0247803
124.5949554
60.6694679
42.1532860
44.7007217
33.1166916
17.7499866
11.7529507
16.0925140
43.9677620
93.6813354
116.7954559
90.5395126
50.1128082
33.9202271
42.6031647
36.0546227
23.6592522
17.3534164
40.2818031
45.5548820
44.3944626
42.2932358
55.5914688
106.9505081
162.0604706
203.9384155
227.4692535
217.1640472
193.4369354
161.5116119
112.1238632
63.2597733
21.5111389
16.1429596
14.5613127
9.3474751
4.1224222
3.7684150
10.7495794
26.6159744
71.1600342
122.8875580
148.6458282
150.7740784
160.4441986
163.2909088
155.2451477
130.7116394
88.6599197
55.1570358
70.4034271
60.9565353
85.7910309
55.8185234
46.5705566
62.9851303
50.6796570
82.2008820
130.7180786
93.1556549
28.6959991
9.4494667
2.7018216
0.5273339
0.4752221
3.3546798
11.5251122
16.0184498
16.8169613
16.5297527
15.7614059
15.7477751
14.8599463
13.6715164
13.2673779
13.7566929
13.2866402
11.5573273
10.6557341
10.8529091
10.4832096
10.6760712
10.6378822
9.3512192
7.7006979
8.1500769
7.1307144
6.2387338
5.6795683
5.3199034
6.1518540
7.3589468
7.3526702
4.8929267
2.2046733
0.9622546
1.1558658
9.9875603
40.8478851
75.6887512
92.5410690
87.6183624
75.5909424
63.9160576
65.1307449
75.1037445
83.9437714
78.8819962
67.7045593
47.7633858
55.1393776
68.6949768
46.8297081
45.2166939
55.2354431
80.4100189
68.3750839
46.7694969
13.9028187
0.6901293
3.7845030
32.4584579
107.9837952
152.9982452
193.1221771
269.3762512
299.4729614
227.3404694
135.6621399
80.2558441
86.1885681
87.2783661
35.3583794
48.8089447
146.5690002
264.1968384
254.2632294
212.5789490
161.5976868
130.4297485
105.4726181
77.9668045
96.9136658
137.6641541
83.8722763
41.8284111
86.0250168
149.1760101
102.9175186
21.8204155
2.5792346
6.5813985
15.0421267
37.5876770
86.6166687
111.6576233
96.7638474
57.9811859
37.7477188
37.8186455
51.2440376
82.6255188
103.2895813
98.4122009
114.4156647
180.6371307
238.0533447
228.4898376
164.5345154
92.6931000
44.7065086
46.6010590
36.4094200
18.1310444
29.6203842
54.6263351
58.2243118
50.6161156
41.9084129
34.2522278
35.1440430
44.4762878
73.9921112
145.5405731
222.8169861
266.5801697
273.7198486
286.5853882
288.0161438
279.0521851
263.1457825
248.0355225
203.5234528
108.2502213
31.7383747
3.4339597
0.5143110
0.9340509
12.2806778
66.4692841
147.9726562
235.3518524
298.1979370
295.9048767
234.0648499
175.2686615
152.8838501
143.8603668
162.3024292
184.4765015
164.2021942
114.2715378
63.9973907
42.6962433
116.0925369
176.2868805
108.4305344
18.5809956
3.8300869
0.6348405
0.2642982
0.3286957
0.7180988
1.6411176
1.4291816
0.9287462
0.7352446
1.0100906
1.8890809
2.0050881
1.1582699
1.0971277
3.8120506
26.1539307
107.4147873
228.9541626
311.1904907
301.1066589
248.0644379
206.9206848
170.6447754
139.3438110
117.4331131
171.6153870
132.2175446
96.5834885
96.9318237
104.4934464
94.1160355
90.7812500
92.9410782
97.5312119
95.7816772
82.2257919
64.6430435
50.4677696
37.0590172
31.6224060
39.5581017
55.5863800
92.3759079
115.8383102
126.1994171
130.0343018
108.6978149
70.2822647
65.2293777
53.2839470
46.7622833
48.1091843
71.2638397
209.8222046
379.9862671
423.1602478
291.2086792
153.0051270
56.5470161
8.1967058
24.6415920
67.5865326
99.4105835
130.0233307
182.8309326
219.7168274
193.3698120
117.3248444
51.0868263
79.7229233
146.5008850
131.5455322
124.6030197
106.5605774
86.6414795
51.7160378
20.4992943
25.6647797
23.6128101
22.7732372
34.4777718
52.8284264
48.1465225
29.6277103
13.2799768
7.0117354
11.2859488
27.5272312
40.8911285
45.6944389
46.2733955
45.1419945
34.2161484
22.4206123
18.8951206
40.4715614
79.4713440
88.1607208
64.8814392
35.6543655
20.5950737
16.1621246
16.3767033
20.2154999
22.9765625
19.7993698
18.2581787
15.7460136
12.7196150
15.6981678
23.9611664
40.9875832
62.0126495
61.7273293
38.8555641
18.5996094
10.2382793
11.6912022
15.0782089
30.1886253
36.9615707
42.0970612
58.4770851
70.0613708
68.3978424
51.4262886
45.8692703
75.9781189
87.0152817
56.0878181
34.1337357
17.3470173
9.5554924
24.7704182
49.2154922
50.0917206
34.3788948
31.3415165
36.4747925
52.9584503
55.9718819
49.1866341
43.8726273
43.0653915
47.9703293
44.6914673
29.6123390
20.6850147
49.9698410
82.1694717
92.8203964
101.0794525
114.7582169
101.7753601
64.3979263
30.5012321
16.1218700
11.2755699
6.8302102
7.0314951
12.7072477
11.9497204
8.6711416
18.1619110
35.9157181
51.4726715
60.3982925
48.7821693
36.2496643
23.9853382
12.5355597
7.1561646
1.4826398
0.2227145
1.3657844
8.9652643
16.7786407
13.6980591
13.5894136
55.8057938
118.6203995
147.6854553
132.4323578
97.5648193
68.0427322
50.6942787
40.2067375
21.1438713
18.7254810
14.1662235
1.5288234
0.8648512
8.0010414
21.6171207
25.2921810
24.3414612
41.6282196
69.0873184
85.9484940
91.1108322
93.8504181
96.2824402
94.3407135
78.2493286
46.8532677
20.5799446
43.9165878
33.2192841
14.3455162
25.9465103
20.1427517
4.7983360
2.5214660
1.3018447
0.6000461
0.4577726
1.0725269
5.3683596
10.1441097
13.2648153
15.6877441
16.7898827
17.0378647
15.8340540
14.3842735
14.9677086
14.2789707
12.5194511
11.2608538
11.9904404
11.8862581
13.1103649
14.4893560
14.1536503
13.8435545
13.3711491
12.4959583
11.2453785
9.1319771
9.6372166
9.4164429
8.9667072
8.5381889
8.5755415
8.1546860
7.0492644
6.0917087
4.8616872
3.1102631
1.6429586
0.9124240
0.5712304
1.4977164
14.1861038
37.1368370
56.8117294
70.4121475
75.9847794
74.3392334
68.6707077
57.9372482
46.9713593
40.0648308
42.9748611
48.2551498
46.8373833
40.6222458
35.5918808
32.5018539
28.9257927
28.6438637
28.7972374
23.4122467
18.9532471
17.1399288
16.7155647
14.5792742
15.8870792
16.2707710
13.2618847
9.7765188
8.3559647
7.6365786
9.4279785
9.3939867
9.0312309
9.4216614
9.9418468
10.2048349
11.3144255
11.9537506
10.7027779
12.2319813
33.4839249
68.9557266
82.3453064
58.4861450
30.6365700
34.0040512
54.9421349
74.0289459
67.8897324
44.9437141
17.9187679
9.8919077
21.7249374
76.1560516
124.8456726
102.1808853
37.1799850
26.1642838
31.4008064
23.1700497
20.6034946
33.7623672
38.5643806
37.5660667
33.3448372
23.9769955
16.7199898
42.7984467
79.1278229
95.8963776
90.9547272
64.5449524
49.4454765
47.3933182
50.3032761
82.9629974
133.2085419
135.4106750
72.8700638
15.5743017
25.5665302
22.3045826
32.8588181
53.7666969
73.8018188
68.3654480
51.4336205
34.4040756
21.3520145
14.4138031
25.7630367
48.2703056
55.0700264
33.4543304
22.6913185
20.8137493
33.9842453
25.1987495
19.9169312
26.3870792
23.7244091
13.7511711
8.6873531
29.2986450
52.2428207
61.6433334
47.6125412
40.7206535
24.4806080
20.1309166
36.8513794
32.0559731
24.7256470
12.5679283
18.8150578
52.7386017
107.9889374
117.8722382
81.0966721
33.3770409
24.6359844
60.8830147
79.4375839
72.1864014
54.9323082
48.4862480
54.0968781
77.8276520
103.0565338
104.5126801
82.6830139
50.6139145
24.2131653
16.2071609
12.4157772
10.8794184
28.2324924
50.9540749
52.6194992
32.8534622
25.8646545
19.1864567
21.7663479
24.8844223
29.4668083
52.7672997
89.5653000
119.1109238
128.2114868
91.4580154
56.2210274
46.4834900
46.5680046
10.0713596
1.8489609
0.1698265
0.1533630
0.3494788
1.1468787
3.1986957
4.5330067
2.7255244
0.5090381
0.3282963
0.4314673
0.5848253
3.8685136
9.9821281
10.9409409
4.2379384
0.3442906
0.3539790
0.4159365
0.5722988
0.9264131
1.1386080
0.9328772
0.7302400
0.7558110
0.9501971
1.3103119
1.3881874
1.2362460
0.7010714
0.4890050
0.5860938
1.0962030
1.3232193
1.1117983
1.6051145
3.5192177
4.8055396
2.9367454
0.9539711
0.6660597
0.5349316
0.5942171
0.6526234
0.4795559
0.4016129
0.3818799
0.4916188
0.5884107
1.8997669
8.3250885
16.9723186
19.3763714
12.5188837
3.0962288
0.6435753
0.3027503
0.1223930
0.3353663
1.5666883
1.0203581
0.4215539
0.3607338
0.4508518
0.6328636
0.9213938
0.9534761
1.7926768
105.6638794
428.4871216
747.2017212
749.1208496
410.9608459
109.9846344
54.4903336
44.6177444
52.8446465
115.5832138
232.7504425
265.5794067
226.1231689
164.7164612
210.8598633
178.2973328
87.0620499
35.2911911
26.5101261
16.2886543
6.1960654
8.4509697
19.5683060
16.7730961
8.2180328
5.1401219
3.4813082
2.2410567
1.3884134
1.2801338
0.8428363
0.3356702
0.4185948
0.4109876
0.2304246
0.0806547
0.0237479
0.0002294
0.0000000
0.0000000
0.0000000
0.0000000
0.0000000
0.0000000
0.0000000
0.0000000
0.0000000
0.0000000
0.0000000
0.0000000
0.0000000
0.0000000
0.0000000
0.0000000
0.0000000
0.0000000
0.0000000
0.0000000
0.0000000
0.0000000
0.0000000
0.0000000
0.0000000
0.0000000
0.0000000
0.0000000
0.0000000
0.0000000
0.0000000
0.0000000
0.0000000
0.0000000
0.0000000
0.0000000
0.0000000
0.0000000
0.0000000
0.0000000
0.0000000
0.0000000
0.0000000
0.0000000
0.0000000
0.0000000
0.0000000
0.0000000
0.0000000
0.0000000
0.0000000
0.0000000
0.0000000
0.0000000
0.0000000
0.0000000
0.0000000
0.0000000
0.0000000
0.0000000
0.0000000
0.0000000
0.0000000
0.0000000
0.0000000
0.0000000
0.0000000
0.0000000
0.0000000
0.0000000
0.0000000
0.0000000
0.0000000
0.0000000
0.0000000
0.0000000
0.0000000
0.0000000
0.0000000
0.0000000
0.0000000
0.0000000
0.0000000
0.0000000
0.0000000
0.0000000
0.0000000
0.0000000
0.0000000
0.0000000
0.0000000
0.0000000
0.0000000
0.0000000
0.0000000
0.0000000
0.0000000
0.0000000
0.0000000
0.0000000
0.0000000
0.0000000
0.0000000
0.0000000
0.0000000
0.0000000
0.0000000
0.0000000
0.0000000
0.0000000
0.0000000
0.0000000
0.0000000
0.0000000
0.0000000
0.0000000
0.0000000
0.0000000
0.0000000
0.0000000
0.0000000
0.0000000
0.0000000
0.0000000
0.0000000
0.0000000
0.0000000
0.0000000
0.0000000
0.0000000
0.0000000
0.0000000
0.0000000
0.0000000
0.0000000
0.0000000
0.0000000
0.0000000
0.0000000
0.0000000
0.0000000
0.0000000
0.0000000
0.0000000
0.0000000
0.0000000
0.0000000
0.0000000
0.0000000
0.0000000
0.0000000
0.0000000
0.0000000
0.0000000
0.0000000
0.0000000
0.0000000
0.0000000
0.0000000
0.0000000
0.0000000
0.0000000
0.0000000
0.0000000
0.0000000
0.0000000
0.0000000
0.0000000
0.0000000
0.0000000
0.0000000
0.0000000
0.0000000
0.0000000
0.0000000
0.0000000
0.0000000
0.0000000
0.0000000
0.0000000
0.0000000
0.0000000
0.0000000
0.0000000
0.0000000
0.0000000
0.0000000
0.0000000
0.0000000
0.0000000
0.0000000
0.0000000
0.0000000
0.0000000
0.0000000
0.0000000
0.0000000
0.0000000
0.0000000
0.0000000
0.0000000
0.0000000
0.0000000
0.0000000
0.0000000
0.0000000
0.0000000
0.0000000
0.0000000
0.0000000
0.0000000
0.0000000
0.0000000
0.0000000
0.0000000
0.0000000
0.0000000
0.0000000
0.0000000
0.0000000
0.0000000
0.0000000
0.0000000
0.0000000
0.0000000
0.0000000
0.0000000
0.0000000
0.0000000
0.0000000
0.0000000
0.0000000
0.0000000
0.0000000
0.0000000
0.0000000
0.0000000
0.0000000
0.0000000
0.0000000
0.0000000
0.0000000
0.0000000
0.0000000
0.0000000
0.0000000
0.0000000
0.0000000
0.0000000
0.0000000
0.0000000
0.0000000
0.0000000
0.0000000
0.0000000
0.0000000
0.0000000
0.0000000
0.0000000
0.0000000
0.0000000
0.0000000
0.0000000
0.0000000
0.0000000
0.0000000
0.0000000
0.0000000
0.0000000
0.0000000
0.0000000
0.0000000
0.0000000
0.0000000
0.0000000
0.0000000
0.0000000
0.0000000
0.0000000
0.0000000
0.0000000
0.0000000
0.0000000
0.0000000
0.0000000
0.0000000
0.0000000
0.0000000
0.0000000
0.0000000
0.0000000
0.0000000
0.0000000
0.0000000
0.0000000
0.0000000
0.0000000
0.0000000
0.0000000
0.0000000
0.0000000
0.0000000
0.0000000
0.0000000
0.0000000
0.0000000
0.0000000
0.0000000
0.0000000
0.0000000
0.0000000
0.0000000
0.0000000
0.0000000
0.0000000
0.0000000
0.0000000
0.0000000
0.0000000
0.0000000
0.0000000
0.0000000
0.0000000
0.0000000
0.0000000
0.0000000
0.0000000
0.0000000
0.0000000
0.0000000
0.0000000
0.0000000
0.0000000
0.0000000
0.0000000
0.0000000
0.0000000
0.0000000
0.0000000
0.0000000
0.0000000
0.0000000
0.0000000
0.0000000
0.0000000
0.0000000
0.0000000
0.0000000
0.0000000
0.0000000
0.0000000
0.0000000
0.0000000
0.0000000
0.0000000
0.0000000
0.0000000
0.0000000
0.0000000
0.0000000
0.0000000
0.0000000
0.0000000
0.0000000
0.0000000
0.0000000
0.0000000
0.0000000
0.0000000
0.0000000
0.0000000
0.0000000
0.0000000
0.0000000
0.0000000
0.0000000
0.0000000
0.0000000
0.0000000
0.0000000
0.0000000
0.0000000
0.0000000
0.0000000
0.0000000
0.0000000
0.0000000
0.0000000
0.0000000
0.0000000
0.0000000
0.0000000
0.0000000
0.0000000
0.0000000
0.0000000
0.0000000
0.0000000
0.0000000
0.0000000
0.0000000
0.0000000
0.0000000
0.0000000
0.0000000
0.0000000
0.0000000
0.0000000
0.0000000
0.0000000
0.0000000
0.0000000
0.0000000
0.0000000
0.0000000
0.0000000
0.0000000
0.0000000
0.0000000
0.0000000
0.0000000
0.0000000
0.0000000
0.0000000
0.0000000
0.0000000
0.0000000
0.0000000
0.0000000
0.0000000
0.0000000
0.0000000
0.0000000
0.0000000
0.0000000
0.0000000
0.0000000
0.0000000
0.0000000
0.0000000
0.0000000
0.0000000
0.0000000
0.0000000
0.0000000
0.0000000
0.0000000
0.0000000
0.0000000
0.0000000
0.0000000
0.0000000
0.0000000
0.0000000
0.0000000
0.0000000
0.0000000
0.0000000
0.0000000
0.0000000
0.0000000
0.0000000
0.0000000
0.0000000
0.0000000
0.0000000
0.0000000
0.0000000
0.0000000
0.0000000
0.0000000
0.0000000
0.0000000
0.0000000
0.0000000
0.0000000
0.0000000
0.0000000
0.0000000
0.0000000
0.0621525
0.4719723
1.1623324
1.5605731
1.4737732
1.2619448
1.2987245
1.3417817
1.6547451
2.2558401
2.4238071
2.4965301
2.6477084
3.0819280
3.3873560
3.4239812
3.4307382
3.6775093
4.6026740
4.5643039
3.9644167
3.8610866
3.9322114
4.5761747
4.8735600
5.0091233
5.4406505
5.5777869
5.4046602
5.4896603
5.3396440
5.3715816
4.6709552
4.6978788
5.0389562
4.8191090
4.5947437
5.2488918
6.7360549
8.0559149
7.7517214
6.9102468
5.7718253
5.3883457
6.3959436
6.6465759
7.3139353
6.8012819
6.6718922
6.6527858
5.9449959
4.9383826
4.2723045
3.7769263
2.2735405
1.2361081
1.0781076
1.7077973
3.5228448
3.7625751
7.3823991
18.8933582
34.4045067
49.4550400
52.3178329
37.8079643
23.5989532
19.5176277
21.3416138
53.6715813
149.6323700
259.0396729
304.5628052
256.8963928
174.8641968
153.2149200
167.9812317
170.8036346
162.0898895
156.9310150
147.2192230
185.7994995
270.6892700
345.1007385
348.6664124
375.6976318
453.1834106
466.0651550
322.2364502
155.0824127
22.7521877
107.0011673
103.7049713
38.9427452
40.5159149
27.3444710
11.9408369
12.2447453
19.5687695
35.8808174
33.8224106
24.7636871
18.7354660
11.8551292
8.9174252
38.6397133
105.2769623
170.6878815
204.6847839
224.8663025
242.6262512
242.7956543
239.0547943
231.5733948
197.2965851
162.7030487
157.5614014
184.0199890
162.4423676
126.4446259
126.1612778
184.1869049
216.8102417
226.6328583
285.4317322
417.9135132
442.9412842
379.8447876
314.9826355
259.0372620
211.6940918
148.9888000
95.6027069
74.4721527
59.6948967
56.1001205
53.3096771
49.5980644
46.7436218
45.9783707
38.6749611
30.5183296
30.9317570
33.5684891
30.6536903
23.8335609
12.9145384
6.7486691
10.1371136
14.4360666
15.9531736
16.0314465
18.7700348
18.5973797
8.4190426
2.7588031
1.2730249
1.1554997
1.2153946
2.9210289
5.4740205
8.4116068
9.8276300
7.0481558
4.2129893
2.1702390
0.4214906
0.2843590
0.6975455
1.5704753
1.5575428
0.6213794
0.3870608
0.4185384
0.4384686
0.5707948
0.8635827
1.0112245
0.9501601
0.9639610
0.8452178
0.5968626
0.5599519
1.1364880
3.4726918
10.4500523
21.0007381
29.6509018
35.6070404
49.8167877
79.5215225
108.6939163
114.0030060
118.4020309
136.3730164
177.1003113
223.5628815
254.2991638
272.9881592
281.9393311
254.7407379
182.1332397
103.3494873
33.9114761
25.0917759
38.3684387
94.1346130
138.2245483
129.7024689
80.3644714
41.7805595
25.3080940
24.7893181
29.7983532
35.2182541
35.3662796
31.9895992
25.6023350
20.8517590
20.3087082
20.5469646
24.0277958
24.9181805
24.5405273
22.3836060
21.7477703
21.4913750
21.3977451
21.6765137
20.5349846
18.8032150
20.4380131
21.0993767
17.5374603
15.0733252
16.9661751
17.0808563
14.5402451
11.0766277
9.5871677
9.3932829
9.2142391
7.4101124
6.5686731
6.3769360
6.5886259
6.4432373
6.4262142
6.5886116
6.3949404
5.4745502
4.6900220
4.1754384
4.4724207
3.5978680
3.3772178
3.2500415
3.0483365
3.0113921
2.9370010
2.8040466
2.1651082
1.8687162
2.0333445
1.6517854
1.4987783
1.5564873
1.7171776
1.4956411
0.9892795
0.6543182
0.6967447
0.6280854
0.5960135
0.6666092
0.7358867
0.8079744
0.7050893
0.6733517
0.9904084
1.7220972
2.4865227
2.3731270
2.1193159
2.5471864
3.6773481
4.5358195
4.5985579
4.5008316
5.1832438
5.7562780
6.3058639
6.5216775
6.7697268
6.5593543
6.0238600
5.5334482
5.3159723
5.7596450
5.4359016
5.5152473
6.2878122
6.7961569
6.7517467
7.0469494
7.1595101
6.1951408
5.4739399
6.1689034
6.4828773
6.7558331
6.8224850
7.4170151
8.0085144
7.4423656
7.0631037
6.6478090
6.6191788
5.7965274
5.3225250
4.5495286
4.4751062
5.0442462
5.9857869
6.0724659
5.7757616
5.3845091
4.8483000
4.4376330
3.8057451
2.7734113
2.5644829
2.9013977
2.5709839
2.0330973
1.4610087
1.2998457
1.2404858
1.6243464
4.9088216
15.1696005
30.2853661
42.5408401
49.9442825
55.5365906
60.0828629
60.4327621
54.7218323
50.8984299
51.3139420
49.8271751
50.0564651
51.2754021
52.0557442
45.7647095
38.0641708
38.3731422
35.9809456
36.2536736
41.9732742
48.4919357
44.8001022
39.7354088
40.4703064
46.9264908
54.1213036
50.4049797
43.8181763
43.6784859
43.5614166
42.8422470
41.3083992
38.5661049
41.2346497
40.6025429
38.0179596
37.6045532
39.8712807
37.6736794
32.2330475
28.0268745
31.5637074
36.9729614
35.3390121
29.9918289
27.7157173
31.3445320
30.5755787
27.2376099
26.2740536
23.3963337
21.2753754
19.5972996
19.4189339
20.0062504
19.2731743
18.6988525
16.0085182
18.6281586
21.1381264
18.7426262
17.1525536
19.0921535
20.6871071
19.7605724
18.0170479
18.2870522
19.4960861
18.1800842
18.9053020
18.0002346
15.4963722
13.6777182
15.4311123
16.8679848
16.9730682
15.2196178
14.6771011
12.5835323
11.8626738
12.8803654
12.3973665
10.7020235
9.3523064
9.3758898
9.1626682
9.7843733
9.3341894
8.0555401
6.2401104
3.9884636
2.7578869
1.3965362
0.4987581
0.5517975
2.6926155
9.3608932
12.6460848
12.2363853
11.6564941
11.4928370
9.9933882
9.0045872
9.5385399
10.9616394
12.9617310
16.5524330
16.8745136
14.4632063
12.7406912
11.4996700
11.5936956
11.9076853
11.9341202
14.0305662
15.3255882
13.6141405
11.3092098
5.4274788
1.2321591
0.7998539
11.2731533
98.0043488
236.4953461
328.8003235
317.8046875
226.0602112
95.2219543
20.3231716
6.9005365
9.2715139
37.0981979
88.3057709
150.8087463
168.5087433
130.5602112
54.2959709
21.3033314
24.2077541
46.7583504
120.5079575
121.2513885
83.5454559
36.8044052
37.8089523
32.5688744
22.1104450
6.3583164
9.9022274
36.0123596
74.7699738
110.8660202
141.2570953
170.7585144
167.7765656
133.1710815
100.6178284
89.6354065
115.6522141
157.2690277
166.3996887
119.9767151
66.0560226
41.8256721
56.2846985
114.9630127
160.0985870
181.9122925
193.7476654
195.0930176
186.9126740
165.0747070
124.4600601
172.4378662
201.2463074
96.2361450
41.6976967
26.5832214
17.0010605
10.5726595
27.2483215
68.3992157
107.9883423
146.5045166
189.5967560
222.6961517
241.8302155
248.1275635
239.2590485
204.4944763
147.9974823
113.0693970
96.7173233
97.9358368
91.4133606
79.2017136
54.7682266
39.8846283
57.8892746
70.5526352
81.8348160
87.2948303
75.6328354
38.2566032
53.0867958
91.9946060
116.2748871
206.5021057
229.4581757
171.1780701
109.1899338
88.1670532
105.9890976
126.6661224
174.2415771
220.6928558
202.6623230
143.0385437
92.3729706
47.6464043
14.9145699
9.1385565
7.7178459
8.3715382
16.9026184
24.0383911
25.8157787
27.8061295
55.1676941
95.0967102
107.6892242
91.1559753
68.5643234
60.2112007
54.3594933
49.8358345
39.7125130
20.7680359
52.5090675
61.8268890
69.3272476
149.6946869
270.1009521
302.2336731
283.8668213
283.8222656
253.4092407
206.0786133
172.0135956
144.2902374
129.5104828
136.0665741
194.2888641
266.4277649
275.3893738
214.9850159
140.3282928
109.7295990
160.1311493
198.3599701
199.0380554
145.5841675
67.0886230
22.8309498
8.4536133
0.3528319
0.9762688
14.1567259
56.9929581
90.8457565
88.5470963
77.9176636
76.9023666
80.0432129
72.6676865
56.4739037
10.6223412
35.7372742
27.5678577
29.7674274
82.3941116
79.1105042
74.8423691
60.2540550
36.1407356
27.8034916
37.3301086
45.4039764
31.3452454
12.7885876
13.9217644
42.9568214
95.6700287
123.8765335
135.5505676
150.2496490
160.3325348
172.1304932
181.3039856
169.3689423
123.4905701
66.0709839
24.5100975
6.7156806
1.8563852
0.8175732
16.5136585
63.4716568
99.0500031
138.3526611
141.2028503
90.4272842
24.8945942
6.2716012
4.0331030
14.6938782
25.0325050
23.4270287
25.6920490
42.5461578
60.3756332
67.1876144
77.0835876
97.6184082
104.9224396
89.0280457
59.3162117
46.1848793
122.0860825
172.1614685
140.2989349
79.0291138
34.8857918
29.5099373
47.9454231
92.7508011
144.5757141
142.6021271
107.2485352
63.0117569
36.2074242
21.0613766
13.0914726
5.9501505
23.4560509
43.0430603
46.8025513
50.1776085
51.3885040
58.9379234
90.0233612
116.4028473
113.1850815
105.8280334
96.5948792
79.4482040
59.2963333
38.2626228
24.5065765
13.7275906
7.3104792
24.3605003
39.7924690
33.1236420
20.7833843
23.4104385
41.9598999
54.2207985
49.2760773
32.2953262
22.7287712
21.2994843
18.4050903
23.9272690
45.0197830
66.3943710
68.1575623
57.3673325
42.5512161
17.0272236
3.3779995
1.2309800
0.6474529
0.6719548
3.2904193
10.9446945
13.3253832
7.9574037
3.6948671
2.6428699
1.9615226
1.5093390
0.7828993
0.1912020
0.3078226
0.3441030
0.5812165
1.0525353
1.8529916
2.0063763
1.1083128
0.3651139
0.3276553
0.4523818
0.4491397
0.5920442
0.7619167
0.7283573
0.4630308
0.4019553
0.5766165
2.1640060
4.6856947
4.4605403
1.8635731
0.9156027
1.2997791
1.3894683
1.3348277
0.6215520
0.3384843
0.3415672
0.5984333
1.6685904
2.2291515
1.5484622
1.2903370
4.9621992
8.1196451
6.1783586
3.7293916
4.5006475
6.2724290
5.7988663
8.1028376
18.8935280
29.5998726
26.5425987
12.5886240
5.9592953
9.1327829
16.9585094
23.1089783
37.6129684
52.2944832
57.5039482
61.3740234
55.9289703
50.7687836
56.5966225
68.6912918
71.6397095
52.9789581
41.7155380
48.4132004
77.2342148
90.7871628
59.5556526
29.6533031
22.0507317
25.0332298
21.3660526
19.2684822
31.4863777
39.8746529
39.2385063
26.0007133
12.4515667
38.7674484
39.3861465
26.5065575
15.5690632
22.9965553
20.8236465
14.0860920
7.0518365
3.9140456
2.0648525
0.9115587
0.4957252
0.3182629
0.2344719
0.3955913
0.4235938
0.4583688
0.6291244
0.6632271
0.7134668
0.6158304
0.6485784
0.6153043
0.5493019
0.5481136
0.6902758
0.7541593
0.6858698
0.4732985
0.5404438
0.9940468
1.2591443
0.8281492
0.4172602
0.3627208
0.6387637
0.8547167
0.7430044
0.7569743
0.9637772
0.8333024
0.4910817
0.3511099
0.4593812
0.7171059
1.2564892
1.8646284
1.7720503
1.3988841
1.0006933
0.8631112
1.6355349
2.2572374
1.5634832
0.5913991
0.8006564
0.8825591
1.1194434
1.5590101
1.8943396
3.0883996
4.4296675
4.2715769
2.9212890
1.4208381
0.7638839
0.3845824
0.3137149
0.4145314
0.4759997
0.6279907
0.6278356
0.3865153
0.3944710
0.3744355
0.8041439
4.8080297
35.8687515
92.3511887
129.2525330
113.5431061
66.9129333
47.2660522
40.0640373
41.5273476
42.3528442
40.5038643
37.1365128
30.2627220
25.9003124
30.2188110
25.5804806
16.3540649
11.8972139
7.8285203
4.9404516
4.3289905
2.8565485
1.2396823
0.7026353
0.3686191
0.5217706
1.8645133
6.5358334
9.6931515
11.0293999
10.8398199
10.3430138
10.1429100
9.5873575
9.0760241
7.4494090
6.9395494
8.0532074
8.5942202
8.9897366
9.4578476
10.3535509
10.8323364
12.0604992
13.6303873
12.3651304
9.8688688
7.2824903
5.5336208
3.3237593
1.9718223
1.4848431
4.0513988
21.0180798
57.0843658
101.9700546
136.6825256
162.0555115
182.9331207
209.3522949
203.3253784
146.9382324
45.0529518
95.7008514
151.7324219
123.9178772
70.8229599
52.2847061
52.9541702
62.6622925
83.7486420
126.0767441
146.5729523
142.6684113
114.5111847
53.8832130
7.9124413
3.8391070
46.3892136
133.7461090
163.3387299
121.5653458
76.2799301
56.7715569
36.9821854
21.2272434
18.1596527
45.0508308
131.8840027
235.1348572
279.0264893
258.0604858
210.0287476
121.6469650
31.4797096
3.9341125
0.4306929
3.2998834
56.1339531
145.5187378
131.7007294
52.2353516
10.5246477
5.2316175
6.9024363
40.2515106
163.2233582
274.6486816
333.1096802
354.3291321
304.0837708
174.9531097
73.7085724
38.0333176
16.6793880
9.7750902
23.0218410
48.2560081
76.1431351
74.0831375
46.4525566
23.6751213
9.8631248
14.1566114
52.2239723
90.6916733
123.3579483
122.8228836
107.7546234
64.8836136
36.4395943
24.9541035
18.3843861
11.6028242
6.9796095
24.4587593
53.9227753
66.2976761
78.0506287
101.9676208
110.9604874
88.5939102
56.6940918
37.7144623
49.9433136
67.7600784
51.8223190
32.7939529
25.2066631
43.8864746
121.6122513
201.5906830
239.2345428
208.3646393
158.9078979
111.2759094
63.0855560
26.3625069
11.6687880
24.7100048
42.6049347
57.0457344
46.3317566
29.1689167
30.1666660
40.7009239
43.1409149
41.4521980
31.3092937
12.3126593
12.7411003
23.5771217
32.2549286
32.5971489
62.3479576
109.9960480
114.8447495
68.7188110
28.6511612
19.0484734
14.9234867
10.6688881
7.0545640
63.1964531
179.0009460
264.3510437
293.3475952
266.9187927
196.5555115
86.4205551
24.9920101
24.0013046
37.8395119
49.7852135
41.9046783
43.4497910
35.2878113
23.4171791
10.0677948
24.4564056
29.8032913
25.7404823
15.9756460
10.8288374
12.8712378
10.1838036
6.2607269
2.2282293
1.2091899
0.8045262
0.3146275
0.2988214
1.1905380
4.6983080
8.3415213
10.7977371
12.2901783
11.9130764
10.0060902
7.7299871
5.8839664
4.9515595
4.5077715
3.8895662
2.5918260
1.9621295
1.5396285
0.9075116
1.9076864
11.2660322
40.8426857
91.7509918
160.9887543
197.2389679
153.1687622
73.6251831
46.2516251
26.7179565
38.7562065
29.9616833
7.7038469
3.2350907
20.8470917
53.5091400
56.2799797
31.4003086
28.7951775
29.4908581
28.0555496
25.8793106
43.9260216
86.0761719
119.4160614
115.8872452
89.4466095
43.9616852
24.3815212
25.4475861
19.5441589
8.8301249
11.1696501
19.6715355
54.9718895
81.9708862
85.0019989
62.0981789
20.5397434
5.7613025
24.7634659
87.2394562
123.9592133
103.4414749
66.7768250
43.6010933
28.5981083
15.5033693
19.3515549
36.5897026
43.6513786
29.2569923
10.3558578
14.6900082
16.9572144
17.3149452
18.8629169
39.7996254
80.6484070
111.2491150
118.3618393
94.1559753
61.9191856
34.4843674
17.9728317
12.7876425
6.7116938
4.2934356
10.6399059
24.3790894
35.0672874
34.1692352
28.8702965
22.3480301
26.7507915
35.5641098
49.0973511
77.2557831
118.1094131
143.2827148
129.8141327
81.9497681
42.8823357
30.1146393
35.4583321
21.5795498
5.6116028
3.3100636
1.7575586
0.8702838
0.6096860
0.3765894
0.5225291
1.7768604
7.9761591
13.8210917
15.1173553
16.3197269
20.7491589
30.7285957
43.4418106
55.7847748
53.9261818
39.4340134
26.2867622
13.6849031
16.0104771
24.2494030
22.9000206
18.6807613
17.8640862
20.1559372
20.2032013
15.8319855
10.8205881
8.9345379
13.4329548
21.7117100
27.0261135
25.5114422
21.8394012
15.7079020
9.2595072
4.9281788
3.6060669
1.6786511
0.7367264
0.4445895
0.9465401
7.4027162
19.2579498
21.5000992
11.6126633
1.2442567
2.4467063
6.4002271
5.9628887
2.7298391
2.5247889
4.1136470
5.3640761
5.4425344
5.5901365
5.7483959
6.2842331
6.6813793
6.8727188
6.1778603
6.3006268
5.5461087
4.3867297
3.6242702
3.3922620
3.0459297
2.5690372
1.6845880
0.9875348
0.6852599
0.6043573
3.5210021
10.6215639
24.3677406
61.6082115
123.4571457
181.2400360
220.1309052
219.6998901
187.0180817
160.9594727
134.6315308
103.4478226
60.1703300
25.7762985
13.4119110
42.1032753
115.1010895
189.5691376
226.9663544
222.5916748
195.1928711
155.0439148
123.0384674
76.0132904
28.9172344
11.8621216
19.9641228
81.0134277
146.4355011
122.1335831
60.2163239
16.4452705
4.3311782
0.7163619
7.1613121
44.3800926
78.4634094
93.0274429
104.8011093
96.3748932
68.6624832
105.7926788
172.1632538
204.9353333
183.9380798
145.8443909
87.0338287
49.3061829
7.1592703
3.7207127
4.2845726
7.7842765
22.1993599
61.6816902
96.4382629
119.5395508
130.9883118
115.5123825
78.7452164
37.6242027
17.2681351
22.7473164
62.0651932
130.2311401
167.9194794
148.4809265
102.7780151
50.0631905
22.0184364
24.3455448
24.9927826
27.6114082
35.8371124
44.1918030
56.0320663
77.2609406
101.3264694
131.2284851
132.8990784
95.5498505
45.3913612
25.8726177
30.2584286
63.8069534
90.9738617
45.4172211
21.6537971
22.6775303
20.1390343
24.5598888
39.0002594
66.1942291
66.5393600
46.5602226
28.4340782
31.5090961
32.3153343
25.5064030
22.4675598
53.2569160
55.0764542
37.0116272
27.9910984
34.5846481
30.7903423
25.7998924
25.3899765
46.9244728
68.2422409
65.6047440
43.1008453
22.2699699
12.4227915
16.3867092
33.5842400
50.4856110
45.2111053
29.7188168
23.1952686
42.8340378
82.0867004
74.8973312
64.8835449
71.7095337
90.9248734
87.1930084
70.4444580
46.8031960
29.3879681
39.3111458
35.0571709
42.0036812
38.8624687
51.3480568
103.6163177
101.6793365
66.6025467
28.4878063
8.4701958
48.1574783
47.2105255
32.2113647
21.7308788
14.1292858
28.8339367
43.4481239
44.2430115
36.9375839
29.3556843
23.5883427
14.9321833
13.7381096
10.0191498
6.9838061
6.7272511
8.0783262
6.9038911
2.7306762
1.3955759
15.6292582
71.2430878
125.0074158
130.8559875
104.9996948
83.2117233
81.9845734
118.7274017
154.4866638
111.2046127
50.9179688
23.0008965
13.1069679
5.3476124
1.9307513
1.3999949
2.3283882
4.4478588
14.1194801
22.5407715
24.2855415
27.1353607
36.2102661
42.6644630
29.6183167
12.7300062
2.2861946
2.9808445
4.4564824
4.4246306
8.6528082
44.4900513
94.6199722
115.8425827
103.0378952
75.4321060
41.0366516
26.3882942
18.8096027
14.3653126
14.5555906
28.5086651
43.4247437
47.1639633
30.9178619
12.7216167
12.1458912
11.5865631
15.1113167
22.3719597
22.5789871
29.5646534
48.9460945
67.9871292
81.0989532
82.5027618
73.7668686
72.8406219
64.3659897
61.0646210
53.2987785
34.8074760
9.4803553
1.5708927
0.2829188
5.0238285
36.9986916
99.5971451
130.9907684
133.7109222
109.6644363
74.0820007
45.1874886
29.3166065
19.6530781
14.4246368
11.5842562
5.3568125
1.3570557
15.0264444
49.8462029
77.2053223
61.8165245
36.9389343
21.8548698
14.8128529
8.1852713
4.5641570
8.2744427
9.8370047
11.7974396
22.5318394
39.3937874
48.8256111
47.9946976
35.4324112
17.5574474
13.8131151
26.0420208
44.1817703
46.0017395
24.8407784
16.0466518
17.9852619
36.2617455
90.6554413
130.9287720
139.3137360
120.9937363
124.4329453
127.6400986
128.6197205
94.2925873
66.8797073
37.9561844
15.1014624
14.5733194
5.8470864
4.4531593
17.6985474
46.3973312
40.3578873
18.5460739
4.4052777
2.7063580
5.8234544
9.7005520
14.1809568
27.8365746
38.1145668
42.7416840
34.2172012
22.0095444
12.8828726
8.9548092
13.7135782
12.5156412
3.4241693
1.9091201
13.0061779
42.6076050
72.6282425
74.8820267
74.0186615
74.1612167
58.3151016
37.3767967
22.0373306
12.2444143
3.8645694
1.5029792
11.0170574
32.6613998
45.8069153
35.9570770
18.5159912
11.2329102
11.2992086
14.2280045
19.0735226
23.9889297
25.7144375
22.1023979
17.5727749
15.2272911
11.3131800
11.0989342
10.8836918
7.1852140
5.9580026
4.7095747
2.9487481
1.3512108
0.4697067
0.2136543
0.3030964
2.8314924
10.0838022
13.8205500
13.5607471
12.9769449
13.2485018
13.9488335
14.7158432
14.3615141
12.1797152
10.4656553
10.5516300
9.5500355
8.7144051
8.5605555
9.8378048
9.8964682
11.1657848
13.0591917
15.1122055
16.2369537
14.1588707
10.9720993
9.4783754
8.7906408
9.3751898
9.0065384
9.7270136
11.4655752
10.3816242
8.4735432
7.0771923
6.3913183
6.6586070
7.1389332
6.2382498
4.4534831
3.0005388
2.3738337
1.7416945
1.1421547
0.8117742
0.5479676
0.4808674
0.6916530
1.5442857
6.8882875
15.4861908
26.1135445
38.0381203
47.7436905
51.7303505
48.6979065
42.5821228
39.8894577
41.1482544
42.4566040
41.9222794
41.6498260
41.9213104
41.2516937
37.7631645
31.3314018
31.8095589
37.8245697
38.2089157
37.7992477
34.4253311
33.1565399
25.7670708
19.7287769
20.1885357
20.1058578
23.2734089
20.3450279
17.7749901
19.2095604
19.3338242
17.6429253
16.2706413
15.9217520
14.7071323
14.0247307
10.1428146
7.3103228
5.7008047
5.7989240
6.4347439
5.9148159
4.4170971
4.0542388
4.0988688
3.1910110
1.7397505
0.9672092
0.4803776
0.2465549
0.3094212
1.9194386
6.3368473
11.2669621
15.9657450
17.7135830
15.7548771
13.8422632
13.6004858
11.5177917
9.3235722
8.2074051
9.0034809
8.3808222
7.3081017
7.3172240
7.3988333
6.6302357
7.4778819
9.0525188
9.1989317
10.0335875
12.0227833
15.1821404
17.6326065
17.8842239
15.5811567
11.4694328
9.1822472
7.9876928
6.7457280
5.9595180
4.6622958
3.5372190
3.3252325
3.1400459
3.3894961
2.9187958
2.3217070
2.5394592
1.9354860
1.0631779
0.5555160
0.5670087
0.4417786
0.3725543
0.2355248
0.1872453
0.3887960
0.5186380
1.8594837
5.3367791
11.4801359
18.6848965
22.4626522
22.0626183
21.1352501
23.5907383
26.4522724
25.5919971
22.4384270
21.9828739
22.4656830
21.2914429
22.3812332
26.8787651
27.6979618
27.4888630
28.5381222
25.9643478
22.4142570
22.4080315
27.4107819
31.9023247
31.5721874
26.8198624
27.3430843
27.2509079
29.1454849
28.9281578
26.7848511
22.3794651
18.7534695
18.6620998
21.9949074
23.7983246
18.3870544
13.5654955
11.7135687
11.6889801
12.9867611
14.5979176
13.8755941
12.9236851
13.1964016
11.8833075
10.4530954
8.0611572
6.8646097
5.7982674
3.0180604
1.3118315
0.7113277
1.0165279
2.0141664
2.4514029
2.1966243
2.2195039
2.6083927
1.9843864
1.1904740
1.5550025
2.1464386
2.3764193
2.2966032
2.1795173
1.8433597
1.4492172
1.3401101
1.6360333
1.5390024
1.3566381
1.1477869
1.8912461
3.8674662
4.7802057
4.0907521
2.5141857
1.4388738
0.8194720
0.7547541
0.5946524
0.5559760
0.6469533
0.9454812
0.9995949
0.6628193
0.6102865
1.5956585
3.9260881
5.2017393
4.6476040
3.9047985
3.2923522
2.7071707
2.4380345
2.3016057
1.7784919
1.5626400
1.8440351
1.9031752
1.8478829
4.4376330
9.4301262
9.1349106
2.9238670
0.9609612
1.2845461
1.6560134
2.0790198
2.2395811
2.4856579
2.6037984
2.2302723
1.5356390
1.0315666
0.8177583
0.8104143
0.5993232
0.1887805
0.0067539
0.0004797
0.0000000
0.0000000
0.0000000
0.0000000
0.0000000
0.0000000
0.0000000
0.0000000
0.0000000
0.0000000
0.0000000
0.0000000
0.0000000
0.0000000
0.0000000
0.0000000
0.0000000
0.0000000
0.0000000
0.0000000
0.0000000
0.0000000
0.0000000
0.0000000
0.0000000
0.0000000
0.0000000
0.0000000
0.0000000
0.0000000
0.0000000
0.0000000
0.0000000
0.0000000
0.0000000
0.0000000
0.0000000
0.0000000
0.0000000
0.0000000
0.0000000
0.0000000
0.0000000
0.0000000
0.0000000
0.0000000
0.0000000
0.0000000
0.0000000
0.0000000
0.0000000
0.0000000
0.0000000
0.0000000
0.0000000
0.0000000
0.0000000
0.0000000
0.0000000
0.0000000
0.0000000
0.0000000
0.0000000
0.0000000
0.0000000
0.0000000
0.0000000
0.0000000
0.0000000
0.0000000
0.0000000
0.0000000
0.0000000
0.0000000
0.0000000
0.0000000
0.0000000
0.0000000
0.0000000
0.0000000
0.0000000
0.0000000
0.0000000
0.0000000
0.0000000
0.0000000
0.0000000
0.0000000
0.0000000
0.0000000
0.0000000
0.0000000
0.0000000
0.0000000
0.0000000
0.0000000
0.0000000
0.0000000
0.0000000
0.0000000
0.0000000
0.0000000
0.0000000
0.0000000
0.0000000
0.0000000
0.0000000
0.0000000
0.0000000
0.0000000
0.0000000
0.0000000
0.0000000
0.0000000
0.0000000
0.0000000
0.0000000
0.0000000
0.0000000
0.0000000
0.0000000
0.0000000
0.0000000
0.0000000
0.0000000
0.0000000
0.0000000
0.0000000
0.0000000
0.0000000
0.0000000
0.0000000
0.0000000
0.0000000
0.0000000
0.0000000
0.0000000
0.0000000
0.0000000
0.0000000
0.0000000
0.0000000
0.0000000
0.0000000
0.0000000
0.0000000
0.0000000
0.0000000
0.0000000
0.0000000
0.0000000
0.0000000
0.0000000
0.0000000
0.0000000
0.0000000
0.0000000
0.0000000
0.0000000
0.0000000
0.0000000
0.0000000
0.0000000
0.0000000
0.0000000
0.0000000
0.0000000
0.0000000
0.0000000
0.0000000
0.0000000
0.0000000
0.0000000
0.0000000
0.0000000
0.0000000
0.0000000
0.0000000
0.0000000
0.0000000
0.0000000
0.0000000
0.0000000
0.0000000
0.0000000
0.0000000
0.0000000
0.0000000
0.0000000
0.0000000
0.0000000
0.0000000
0.0000000
0.0000000
0.0000000
0.0000000
0.0000000
0.0000000
0.0000000
0.0000000
0.0000000
0.0000000
0.0753277
0.5999610
1.4941577
2.1606500
2.4056444
2.6223650
2.9723823
3.1605871
3.3217764
3.5366693
3.3737156
3.3700058
3.4342551
3.4075186
3.2544417
2.7499804
2.1620317
1.0816412
0.4718019
0.3031477
0.2532693
0.5529090
15.2289228
68.7012558
182.7752686
287.9315491
287.8566895
235.0061798
243.2529144
318.2629089
325.6631775
251.5141144
173.2683563
118.7162247
45.1228867
36.9363708
66.5458679
26.0561848
8.6885233
2.8838694
1.2141062
0.8223726
0.5818032
0.5772061
0.5310621
0.7458927
0.5823028
0.4726298
0.4185361
0.4096164
0.4870819
0.5457820
0.3418168
0.3462926
0.3191660
0.4005694
0.4759292
0.5130211
0.5785054
0.6665474
0.5368338
0.3748204
0.3670469
0.3909773
0.4772403
0.4617929
0.4408299
0.4004533
0.3301093
0.3537666
0.3846507
0.5080694
0.5999377
0.5479772
0.5075835
0.5254806
0.6125956
0.5616789
0.6357965
0.8738315
0.9139584
0.8826224
0.7815236
0.6161098
0.5134034
0.5893698
0.7328252
0.9183190
0.8468927
0.6220466
0.4438242
0.4057356
0.3573155
0.3888804
0.3906495
0.4279236
0.4186979
0.5025909
0.8220948
11.8491812
60.9868546
142.9905701
212.3171844
245.8849030
265.9112244
283.4998779
267.0367737
188.8278656
115.7689056
51.8001099
46.8478508
138.8202667
141.6988068
108.5952454
57.9919662
12.3035774
72.2775497
76.8170166
35.2609367
17.4373112
75.3660736
151.0855865
225.7584686
248.4265900
182.2791138
83.4721146
55.4830475
114.4158707
95.1562424
46.9786797
95.4962234
142.3930817
115.7235336
72.6709976
27.8354416
20.7187500
15.8719292
11.2559052
8.2985859
8.0899601
14.2999115
14.6284161
6.6680875
0.8852211
1.0998887
0.6404897
1.2945685
0.5421600
0.1725433
0.2050354
0.4272542
0.4558188
0.3456083
0.4333696
0.4751825
0.6391352
0.5706729
0.3987902
2.8106759
13.1792393
25.5757484
26.9634380
18.4012814
15.9997969
36.5599785
96.6463394
154.7980804
200.6267700
242.3075409
262.4188538
247.0750275
215.8899078
186.3650970
178.6320190
166.3692780
133.6418304
115.2797012
97.1581421
237.8668365
282.2843323
230.9094543
164.7929382
102.2605896
48.5509758
13.5123367
1.8041259
11.2264633
48.0541840
119.6541367
121.1361084
88.6589127
58.5400085
24.5474510
23.9737015
10.6635618
3.3326426
2.2944787
13.9679327
27.9538460
58.5291061
132.1119080
210.9564362
266.0252686
305.7739258
314.6993103
260.1544800
165.1111908
104.6831055
85.9666061
58.7224121
23.5426960
19.8072109
10.0610657
6.2086639
12.3854446
43.4336624
74.6961288
94.6167908
92.1503372
68.7418518
59.8959961
65.6752472
71.9197311
82.4620132
83.3796539
76.0523300
63.5028801
46.2197113
23.1113472
36.9242706
91.0219879
138.2974091
201.8137207
265.9881287
295.8890381
280.7600708
238.3414459
180.9994354
148.0888367
103.4476929
86.1545792
53.4976692
118.2534637
160.9927063
164.2988129
200.0238800
211.9396515
164.7369843
108.9371719
36.9426422
87.3565216
65.1857147
88.1285477
86.5571060
42.0861092
11.9198275
12.2977695
13.4838877
14.5444584
19.0675011
27.1063557
31.8201675
30.1919193
28.0749130
28.1491528
32.3035431
33.9887962
30.4615822
25.3461819
24.6004028
26.7629738
27.8200264
24.7906284
23.4690609
20.6106873
20.6740971
23.3390312
22.7691746
21.2239513
19.6034660
16.8119316
15.6180639
16.4103813
15.6335621
14.7039375
13.8566284
11.9444027
13.1348715
12.6902914
10.9040699
10.6204824
9.2573986
8.7224808
8.6427803
8.4472084
7.9330606
6.9542699
6.8907828
7.0543842
6.5135012
5.8032970
4.7797050
4.9722385
4.6699901
4.2321053
3.9151599
3.8094118
3.5064855
2.7326167
2.1753933
1.8082031
1.5764692
0.8795661
0.6435311
0.5500236
0.3360131
0.3667339
1.1372504
2.7849009
3.7850518
3.6332841
2.6194413
2.3709903
2.9622879
4.1635866
4.8961377
4.6546130
4.9008131
5.5113091
5.9557009
5.5373411
5.5944109
6.2061791
6.3191457
5.9035606
4.9764442
5.3157387
5.5825939
5.4448862
4.4845867
3.9340429
4.2105503
3.7194247
3.7337098
3.6907403
3.5734811
3.0716608
2.6966770
3.2281318
3.4190679
3.1942968
2.7317731
2.2829075
1.7522237
1.4115667
1.5060852
1.6720690
1.8053977
1.7086797
1.6733073
1.4486556
1.4838951
1.1724317
0.9405861
0.5779004
0.3383145
0.5109488
0.3819768
0.7013475
4.6179333
11.9752216
17.5508080
30.9395256
80.1280975
137.6044617
153.2155609
145.2067871
142.4586945
127.2581635
114.1793976
104.3820724
86.7696686
47.8069229
78.7492447
155.2105713
144.4368591
86.5418243
60.3265228
55.0078354
73.8291016
88.4675446
97.3294601
103.0165253
95.3467941
69.0726471
68.9319000
114.9559174
150.9313812
148.1006470
135.5073090
104.5284271
91.9576874
66.5875168
51.7262650
55.8370247
64.7261887
62.6771469
50.9730606
46.0958557
72.8069916
129.1182709
196.4524689
230.6475525
219.3919220
185.4857788
163.9140015
153.9408875
110.4811172
47.3769417
18.1352119
31.2032356
54.8806572
61.4114609
43.1180496
47.4671593
67.6250763
80.1612625
81.1737289
68.0767365
75.8623276
80.7628784
69.2729034
49.5147095
36.3085976
48.6368179
42.4071846
20.0950775
4.3971448
3.3771808
34.2523460
100.6040039
117.2996902
96.9633102
64.0885696
46.5343323
56.7617340
62.8956642
59.8596878
50.9457169
33.2546997
13.8031902
11.4960270
36.1174164
75.7640152
72.8814087
46.7666016
21.4143848
16.6079731
26.6622162
65.9059830
73.4733200
54.5998535
48.2165604
52.4204712
29.7933502
15.1118851
12.3318605
8.6962624
10.5029001
57.2090302
147.6161346
212.3101807
208.3264618
172.2609558
152.2774506
176.5364075
138.0387726
59.8199577
29.2314281
6.2854013
5.0493679
7.3697343
15.6344728
17.0439301
20.3251247
32.4747849
50.9236298
80.6779251
90.7605057
73.9194260
59.2533531
42.3474884
29.1615295
12.6552954
16.6082687
57.3999290
104.3033600
117.6626205
91.4705811
48.3244705
21.2477207
22.8503838
44.7035065
45.8708611
30.5991898
28.8048401
27.5359592
26.9905663
26.6426582
21.8104630
12.6269493
17.7769928
26.6249905
39.7814941
46.3505249
50.5349808
56.3812027
58.6190987
53.4627647
50.0167885
59.7003403
73.7215271
85.0283203
94.9000168
111.7435989
169.3360596
247.3785095
260.5332031
179.3826599
94.7074127
65.8239746
64.4809799
21.8337326
47.5116043
84.1860733
100.3848572
116.7174301
66.9336014
25.3905029
37.7589493
63.5709076
67.7262192
30.0381451
13.2606783
10.6738415
11.7313890
16.6871605
13.4739380
4.0602951
1.4661703
0.4569657
0.2987642
0.3259983
0.3543970
2.7450199
19.6248188
58.4659271
116.9597168
176.3133850
213.9857483
225.2801819
207.9920807
165.0433807
121.4790802
90.0060806
80.4313049
143.9702301
144.7535095
78.9383545
64.9005280
68.5296402
56.3595772
95.2923584
125.7163086
143.7162476
138.3524017
118.1396027
98.0068665
83.4443283
66.9958267
46.8077545
32.7147217
25.1783161
22.3715172
20.8578911
16.3763790
8.4706001
2.4037418
1.6489146
2.5551171
4.4589205
11.8845205
25.2508850
38.5070992
37.7738533
35.6171646
60.3892365
102.7545700
122.2420197
117.3100662
94.7612610
53.5720673
37.2634659
31.8426685
48.4554253
82.1138992
49.9869308
35.6779556
47.9058762
59.7772522
31.6596088
14.9308777
15.0152531
18.6703682
53.5461044
85.5633698
109.1059799
109.2244034
125.2763214
129.8847351
101.1749725
62.6107483
34.9752045
44.0620346
9.1235514
5.7854533
10.4179535
43.6075096
77.3101654
67.9902191
44.6838226
27.6017303
20.5882072
35.4339256
38.1276855
22.7817669
13.0527430
27.5928726
70.3779755
87.7168274
63.1671028
42.5472107
45.1186638
79.1420364
136.6591797
167.7094116
158.4021606
129.6410370
94.8754578
46.3196373
40.4296761
79.6641998
56.8226814
36.3298912
22.1238270
70.1416626
63.0076981
42.9793701
33.6703377
23.6022797
17.4989414
23.6164017
21.0441837
14.6163406
9.1693239
3.4331002
8.4427719
27.5312195
60.5695648
70.1068573
54.1859474
19.2484913
5.8937254
1.3401725
0.3738085
0.4062139
1.0381435
4.3582263
7.4479470
5.9620008
1.8620833
0.1381786
0.6230753
15.2927847
57.7001839
97.5455246
92.2312927
43.6706429
6.3230567
2.8142188
6.1813116
42.1244583
90.6855316
132.7453766
190.0442810
243.8955841
249.1967621
197.9919434
138.6390228
124.3357620
123.7912445
149.0299072
148.5008240
114.4565048
74.9977951
36.7638359
13.4865761
9.5668688
40.1078110
128.5671082
166.7745972
130.2153168
91.5487137
48.9365463
15.6344118
1.2503539
0.5221515
1.3874241
4.9014997
9.4480247
29.3717041
80.1960449
134.7957764
162.6301270
143.7878876
87.7791367
39.5175552
16.4558945
40.2414398
26.7499771
17.9736195
14.4828863
8.8808556
1.0775111
4.7266588
4.2973180
2.4431584
17.8177891
47.1343002
53.3296814
46.6334076
41.9386902
42.9866447
40.5814896
33.5996590
28.4574471
22.9101791
15.9759521
9.0352955
21.3442364
49.2427559
68.2107086
76.2628860
68.7056961
54.2428894
45.0865402
47.0342293
67.8937836
110.1679611
143.2989044
118.8511429
64.5718918
40.7949944
51.6973114
57.7470703
56.4981384
40.9882202
26.6384029
34.0729790
16.5521526
15.2928925
24.9398575
12.7859173
6.2154989
6.3026690
6.7385659
13.0539618
19.7679329
13.1116648
3.6716127
0.8209767
0.4719283
0.1495467
0.2859585
0.5264279
0.6153893
0.5249001
4.8604503
21.9231529
49.2538757
81.9542313
106.3755646
106.7362213
93.5139008
75.7001419
68.1116486
71.8033600
79.2698212
85.6822052
84.4382629
74.1350021
64.4808197
62.0337868
158.7830353
212.2872772
165.1269684
111.1626434
85.9943771
76.8014679
62.8106270
51.2881813
37.1873360
23.4906387
14.5758877
13.6169262
16.1355495
12.5544786
6.2735801
3.3767073
2.0428872
0.2365623
0.2429121
0.2924956
0.4884508
1.0256308
0.9157766
0.6448640
0.5248873
0.4944407
0.5595502
0.5548556
0.4294617
0.4885319
0.4357716
0.4915224
0.4832178
0.6434573
0.7375841
0.8530911
0.8569305
0.7014773
0.7829826
1.0027982
0.5795656
0.3139878
0.3220209
0.4770154
0.6033769
0.5496171
0.5689136
0.8536658
1.2858241
1.3772557
1.1711260
1.1456473
1.7280177
1.8825750
1.0664440
0.5248873
0.2794564
0.4923078
1.5839667
1.9299001
1.1250868
0.7187104
0.5085363
0.5445220
1.3159809
2.0981102
3.2466812
6.2463808
7.5777063
4.6254025
8.5198669
23.6590786
31.2798901
17.2350025
2.9526684
1.6346371
2.8160136
7.5164866
12.8681545
12.9149151
10.7260561
9.8002300
9.7422619
10.7287931
13.1621170
15.3068476
14.6667976
14.3043184
13.4987850
13.9452419
15.5093918
14.9973507
10.7393799
7.1533422
5.9467416
5.6863570
5.2470598
4.2267709
2.5098374
1.4660578
0.7512899
0.4352315
3.8136859
18.8265533
37.4624557
53.2170258
63.1746597
66.8103943
69.5932312
64.4995422
57.5412521
52.1615639
51.1289444
53.1583138
43.3957405
37.6291428
32.6837196
32.6374893
34.1800461
34.5392303
33.3322678
35.8158760
35.4879990
28.7847805
23.3887100
22.0329590
19.6946068
19.5857964
16.9017200
14.8589058
15.2693253
15.4233570
19.5825348
17.5852451
13.8258057
13.1428528
12.1021051
10.6071835
10.5360088
10.0595980
10.2802763
7.9930897
3.9802618
3.2589045
3.1644645
4.0439200
6.1802278
8.5007744
9.7945309
8.3130484
7.4612303
9.7101994
14.0033188
15.8807526
11.6225519
7.8351307
10.0842657
13.9243412
14.2103462
13.5549393
23.0434875
41.7787704
49.4828033
42.7138596
36.3087196
37.7084770
32.7167587
25.7423077
21.0676651
22.2803688
50.2192955
119.3777618
198.2350616
242.7270203
235.1944275
193.5143127
126.6897964
110.8391037
83.8251419
55.3111267
19.2138100
6.3207960
8.0295153
86.5624771
202.6096954
253.4430237
285.3450928
296.7511292
245.8628845
208.8496399
200.7043610
186.2668457
148.2581177
104.6004715
79.5162277
54.0345497
80.9980087
172.1868896
213.1892700
191.4690704
156.5422363
126.7136536
104.3307877
92.5197983
106.5767899
128.7206421
124.3002090
99.9562378
68.3402557
40.6296501
18.6033993
10.7561293
2.7594824
0.3616948
3.1828575
12.2534685
19.7895947
17.5742130
13.8097591
12.2439156
11.7293510
11.6828194
12.1808443
11.3558674
10.6618423
10.7697430
10.7609110
8.8623734
7.2508249
7.0359287
6.6704140
6.0558562
5.2240810
5.7071486
5.3814430
4.6524463
3.9051418
3.2282295
2.7934971
2.5102310
1.8152150
1.2121255
1.8452550
7.5424299
13.7850409
15.2463770
23.8744774
49.6320801
76.6422577
83.1425858
61.1600342
29.1016026
9.8039598
1.7180511
0.1472448
0.3702148
0.5559717
0.5000314
0.5931360
0.9547999
1.2149590
1.0428867
1.8976030
3.1997535
6.1317210
31.6457348
82.2168427
132.6736450
173.3331299
225.2305145
257.0971069
233.7891235
210.0309753
156.0318756
77.1288834
145.2462616
204.7679596
162.0685577
120.7285995
89.7616272
78.2398453
90.5415192
89.2301025
57.8723984
51.5706673
84.4258728
127.9902573
136.7027283
100.9773712
57.6524658
35.6439362
25.9983101
17.6978703
21.4294891
65.7036896
112.2494202
142.4078522
153.8937531
117.4829559
64.1850204
39.0535164
42.8104401
68.1422195
83.0803146
60.5149536
53.0608482
52.6574478
42.3039398
50.5500450
97.7042923
126.8698959
100.6973724
48.8694954
14.0723457
6.2215300
2.1315243
0.3106582
0.2472517
0.3696023
0.5438316
0.4716757
0.6674092
0.7742070
0.7242542
0.7252035
0.6729584
0.6368648
0.4786049
0.4005394
0.4450630
0.5445676
1.2249835
2.0351391
1.7876546
0.9306345
0.6660175
1.1560998
4.9975581
8.4102077
6.0481777
1.0680439
0.2948907
0.1774235
0.2884271
14.1409664
43.2612534
69.0288849
87.7944336
96.2223816
88.8349686
63.2363014
31.5656471
32.0198936
48.6586533
92.2317657
93.8300323
73.9176559
63.5855484
33.2309494
9.6945801
27.4715309
104.4833298
195.5799255
175.2935333
105.6841354
67.6087952
61.6683273
84.1286316
73.4469147
48.3640175
99.3720779
125.1373215
114.1004944
106.9055252
94.7963333
82.5542068
66.7799835
32.1491699
24.3535004
50.0665932
26.0130730
10.6216354
4.7831030
3.6064830
2.9563079
1.5985591
0.4634843
0.1752511
0.0423456
0.0016432
0.0000000
0.0000000
0.0000000
0.0000000
0.0000000
0.0000000
0.0000000
0.0000000
0.0000000
0.0000000
0.0000000
0.0000000
0.0000000
0.0000000
0.0000000
0.0000000
0.0000000
0.0000000
0.0000000
0.0000000
0.0000000
0.0000000
0.0000000
0.0000000
0.0000000
0.0000000
0.0000000
0.0000000
0.0000000
0.0000000
0.0000000
0.0000000
0.0000000
0.0000000
0.0000000
0.0000000
0.0000000
0.0000000
0.0000000
0.0000000
0.0000000
0.0000000
0.0000000
0.0000000
0.0000000
0.0000000
0.0000000
0.0000000
0.0000000
0.0000000
0.0000000
0.0000000
0.0000000
0.0000000
0.0000000
0.0000000
0.0000000
0.0000000
0.0000000
0.0000000
0.0000000
0.0000000
0.0000000
0.0000000
0.0000000
0.0000000
0.0000000
0.0000000
0.0000000
0.0000000
0.0000000
0.0000000
0.0000000
0.0000000
0.0000000
0.0000000
0.0000000
0.0000000
0.0000000
0.0000000
0.0000000
0.0000000
0.0000000
0.0000000
0.0000000
0.0000000
0.0000000
0.0000000
0.0000000
0.0000000
0.0000000
0.0000000
0.0000000
0.0000000
0.0000000
0.0000000
0.0000000
0.0000000
0.0000000
0.0000000
0.0000000
0.0000000
0.0000000
0.0000000
0.0000000
0.0000000
0.0000000
0.0000000
0.0000000
0.0000000
0.0000000
0.0000000
0.0000000
0.0000000
0.0000000
0.0000000
