0.0000000
0.0000000
3.4083066
3.0114386
2.6991189
3.0444319
3.4492033
3.3511894
2.9928527
2.0549431
1.5448244
1.0782114
0.8177170
0.9049926
1.3189572
2.6013870
2.8812759
2.1530952
1.2295521
1.1598738
1.1297295
0.9910884
0.8135394
0.6816685
0.5780306
1.0361259
1.4972972
1.6455463
1.7733392
1.8938838
1.8252714
1.6850849
1.5140691
1.3517004
1.2384731
1.2626565
1.4644203
1.4968624
1.4317429
1.4957399
1.5761807
1.4405901
1.3590467
1.6632969
2.2407913
2.3364193
1.9005044
1.0962632
0.9205959
1.5226312
4.1686606
7.6934724
8.3346748
6.8541784
5.6316667
4.8214779
4.1348610
3.4481921
2.5726311
1.5864075
2.4209623
5.1619663
6.3812943
5.6821342
3.2159295
1.4296094
1.0134475
1.0381840
1.5997446
3.1738176
4.7909079
4.1284266
2.0301294
1.1880784
0.8230594
0.6501995
0.6793062
0.5710194
0.4216491
0.3025331
0.2476016
0.3471726
1.1410522
1.9542636
2.2152145
2.4367285
3.0024180
3.5281968
3.6090755
3.3761477
3.1773314
3.2184558
3.7858098
4.0191875
3.7738225
3.5256720
3.1971135
3.2791057
2.4640093
1.7790502
0.8515639
0.5249251
0.4350051
0.5614033
4.1843667
10.0557470
12.8072586
12.5956078
11.2572651
10.6893015
9.9399261
8.5801659
6.9320226
6.5734162
6.2836175
5.7463984
5.6556673
6.1734319
5.2508116
4.5788560
5.0977035
6.4000072
7.1221962
5.1442170
3.7101955
2.5833764
1.9939648
2.0542812
2.1571245
1.7241478
1.3871565
1.2106084
1.8523705
2.9065421
3.3533509
2.1389472
0.8450456
0.3492328
0.2434249
0.6928933
3.9170876
7.8092833
8.7772732
7.5352621
5.5277200
4.1792331
3.1738806
2.6424398
2.5441282
2.3482499
1.4655771
1.4147922
1.7952819
1.9567680
2.0032191
1.9844389
1.9253191
1.9074836
1.5103445
1.1482893
1.1639022
1.1150067
1.1281236
1.1137778
1.1810766
0.9566536
0.6039075
0.4022274
0.3422069
0.2081235
0.1811607
0.4583876
2.3133650
6.2450862
11.1791582
15.7867222
17.9474964
16.4027977
14.4427652
12.9365749
10.6621685
9.0272436
7.2644758
6.4443288
6.4304624
6.8705130
7.7766495
7.0248718
5.3199940
5.0604620
4.2269778
4.0434370
4.4338303
4.6046009
3.7417686
2.5640137
2.3320739
3.3181024
4.7467794
5.7888522
5.3090858
4.3582354
4.7986121
5.8842192
6.8012438
8.2450142
11.9217167
16.7643433
22.7297287
28.3693123
29.8944778
26.4614677
20.3604584
11.3805609
9.6231060
10.3161077
19.5637932
28.1712189
29.3090839
33.7908249
55.1952095
80.0508957
85.6828003
71.5691605
52.0892754
33.4176331
34.0133820
50.4799042
51.1022224
42.6079063
30.5647583
12.0220890
6.9124184
10.1613989
26.1071720
44.0203476
44.6211700
29.2816067
12.9002972
6.0052309
4.5000033
3.4606800
3.3538318
2.8236861
2.4418569
1.5735202
0.7925157
0.5040335
0.4231743
0.4217419
0.4334654
0.3864319
0.2818965
0.3844907
0.8000827
1.2673045
1.6941509
2.0854714
2.3715138
2.6656690
3.0495298
3.2628772
3.4795835
3.5173457
3.1416006
3.0655835
3.3509917
3.5949388
3.1876717
2.9772973
3.4236040
3.3148105
2.8974016
2.8359942
3.1555834
3.6906474
3.8394659
3.4078107
2.8364644
2.5797467
2.4270525
2.3673830
2.2245343
2.1421356
1.9159045
1.5744596
1.6248655
1.7751807
1.4911909
1.3428638
1.0693526
0.9129256
0.8235092
1.0684600
1.1752801
0.8999446
0.7795242
0.8769284
1.0675043
1.1582069
0.9055063
0.5754892
0.3870403
0.3528490
0.2699195
0.3647926
1.1769867
5.5422034
13.7101755
23.5480614
32.4990311
35.4790497
30.2529640
23.6144714
21.7259178
21.1585121
20.1469688
16.4064293
13.5612965
13.4815063
15.7125225
17.5886803
17.4818611
17.0660515
16.0004559
16.7519093
17.2368336
17.0034065
14.7966347
12.9201603
13.5473757
13.0302906
11.3405285
10.4074745
9.3304758
10.8874397
10.5939884
11.4171896
16.7836742
24.1932030
29.2774220
29.6536255
28.1562386
24.9677734
24.5768204
22.6639175
13.6369762
2.5426917
2.0523686
15.5909309
44.5977478
52.3425674
46.5219193
49.4850922
66.5631790
101.8855515
144.5459900
158.8711090
134.1717834
83.3814316
40.7842751
11.5605068
2.0611267
5.0686455
25.6025391
57.4459496
51.5883484
27.8882160
19.5395222
16.6212482
16.8420258
16.1654491
10.2033319
19.5809956
40.9211807
44.7056541
24.7949142
4.9155130
4.1247816
0.6348016
3.4545648
32.3350067
76.6041031
95.5195618
80.9837494
65.6971359
46.3082085
30.3632832
20.8456383
20.0187016
18.7660503
16.7971878
28.2447605
46.8967209
48.1953125
23.6801186
15.3115044
26.4026642
25.3845291
7.5759873
5.3163633
5.7338805
6.3686094
5.3879027
3.7926121
2.7518075
2.2264018
1.3819078
0.8248857
0.4051096
0.4068260
0.4139817
0.6957642
0.8928694
2.7085047
5.2128291
4.6358318
0.8573000
0.1810662
0.2227587
0.4372427
0.5382599
0.4576548
0.3992980
0.4791831
0.5348366
0.5950128
0.5844260
0.4591851
0.3659839
0.4931811
0.5692309
0.4828834
0.4674549
0.6750905
0.8130695
0.8227752
0.7858223
0.9460037
1.1450183
1.4162166
1.4895077
1.6366717
1.9455125
2.2116175
2.3781407
2.4672203
2.3322222
1.7758901
1.1673158
1.0122713
1.3633933
1.5547283
1.6044556
1.2433891
1.0541420
1.0272793
1.0480009
1.1720612
0.8600204
0.6039830
2.5306511
16.2462559
46.4622231
76.1795959
80.7358322
63.0714989
38.6826553
34.9818802
32.9500923
26.3682861
27.3065128
48.8240547
61.1006050
51.4619751
31.3039036
16.5596294
6.8435273
2.6123767
29.7193584
72.7080765
83.3634109
78.6047592
67.4155807
52.4684486
50.1757011
54.7981987
64.1667557
57.6381683
34.3290634
14.7802467
6.4742489
39.3604355
122.1438980
195.2054901
203.9735107
168.0833588
141.3376923
103.4654083
54.8202209
28.3567715
17.6886482
12.8167801
23.5593128
64.9767914
126.3782196
165.3694916
147.7010040
94.9149628
41.7533112
30.0031681
34.9811134
44.5417671
32.3903236
25.4015293
11.4245853
4.7762275
16.2013130
29.9555969
38.7783775
48.1982422
64.0760040
87.7969055
97.7756805
83.1673126
64.5502319
77.2016754
141.5289307
191.7675323
191.8603058
178.0758667
168.4120331
187.3136292
227.1824799
256.3726501
202.8996735
154.8852997
119.6664505
106.8145447
90.0944824
60.5820465
36.1278534
25.2377567
14.2907457
9.7076530
5.2512403
2.5540657
1.0055819
0.5434860
0.5323413
0.1576402
0.1298608
0.2230384
0.3703464
0.6064548
0.7674574
0.9320795
0.9350834
0.9863472
1.0988926
1.2024251
1.1755185
0.9560660
0.7127461
0.5676147
0.3154349
0.3758914
0.7653340
1.1502972
0.9805387
0.4760004
5.3427835
24.3967438
47.2149124
55.4194717
48.1798744
42.6564636
36.4983063
20.0375500
12.0864668
11.4613104
50.6785583
100.1256332
105.1829605
58.4033432
26.2582130
15.2918262
7.3121901
7.0847201
18.3036919
73.7404327
148.9937897
160.2061768
104.5350418
52.2450256
29.9085026
14.6863174
37.7483063
113.9415817
125.0863037
49.3701096
5.8116312
6.0377250
22.2674522
45.9380035
57.2724037
30.0021305
6.5620384
1.5722499
7.7797613
86.8554916
220.8920898
308.0310974
298.4826965
233.9695435
156.1676483
95.3780594
41.7991638
54.3868599
39.8105164
17.6397114
39.6439857
57.3338165
44.8215942
29.3131943
38.0630722
93.5952148
149.5859833
161.5836334
139.2433777
143.6434326
175.5579681
195.5889893
173.1914062
128.7306061
76.1152496
76.7375412
71.9192581
26.7153835
35.5991592
122.1061707
263.3524170
290.3809814
176.2196045
92.2992859
36.3310928
16.1260643
1.8985106
0.1415334
0.0646847
0.1318789
0.1922833
0.2275394
0.3213755
2.6933117
11.5485315
22.5773010
26.9599762
23.4726677
20.9258480
28.0545864
47.3268547
57.6728973
46.2485657
28.8564491
13.8493080
6.8852515
18.2374535
23.4280548
22.4236221
19.3457985
13.0155468
5.5760155
1.2378588
0.3451464
0.2302570
0.3307683
0.6364527
1.0769169
12.4822149
39.1016731
58.0477676
51.7238007
33.0055923
22.1673965
16.1195850
12.7103014
13.5189171
15.4100027
19.1356831
25.0713692
31.0791340
42.6092758
40.1616707
42.5763626
48.9219742
52.2076721
128.5317688
287.5156860
372.7384644
312.8657837
235.9033051
213.4223938
173.6449280
78.2259064
29.0411968
11.0949125
22.3712673
39.2042542
28.2547092
30.5249348
43.0443993
37.1901207
29.6652813
28.0214996
42.6965103
82.8269348
100.1820068
123.1685562
133.9131775
105.2642822
80.7825928
76.4599075
85.2025452
72.4020996
39.7076187
35.3182030
58.7868729
42.4072418
34.6698380
31.2943115
19.1001911
5.5401306
6.1785979
36.2718239
76.9896088
86.4806671
59.5191727
31.8375854
15.8991261
8.5073605
4.2735977
1.6320028
1.7099698
10.5753288
41.8031540
65.1526413
71.4582214
73.9021988
77.8755875
70.6406937
59.7693138
56.2558594
60.4877892
53.3828354
30.6836452
7.4123793
0.9688179
4.6273460
21.9823494
45.6451340
55.2900276
48.1066399
35.8291702
23.8041096
17.9070110
16.1796951
15.2273846
13.4168682
11.4614544
7.5710225
3.6513550
1.4427719
1.0089538
1.9525031
6.6115689
13.5837364
15.3950891
14.7855930
13.4927197
12.8061819
11.5967007
9.8018913
8.4028683
7.5964899
8.5711098
10.0814066
10.2483273
8.6336384
5.2898226
3.2613063
1.6482905
0.8095015
1.1803124
10.2374802
34.3257370
56.8469467
69.5148315
71.3713684
63.3217773
49.6818085
38.2025375
29.4322929
27.1490288
20.4647522
18.6202202
17.5086937
14.6123810
13.7045679
9.4857664
6.2832279
3.8744497
2.5147879
2.0751030
1.2169793
0.4378824
0.3359327
3.0119462
10.7346745
13.4462376
11.4643040
8.5713720
6.4714146
5.1877418
4.7186899
5.4662094
6.4879789
7.2551966
6.9348202
6.2904153
5.8100214
5.4107714
5.1339097
4.9396267
4.7714171
4.6070509
5.0992346
6.0966778
5.8592353
5.1810622
5.0539417
4.8558588
3.1709018
1.4967638
1.0801926
0.6644492
0.5596236
2.1916337
17.0109444
44.6449509
60.9966431
53.2910843
40.6808510
33.6921082
34.5499039
22.8856163
9.0921431
5.9779215
14.3424702
48.6587219
89.3824997
114.4027328
120.8433151
109.5289154
94.3878860
66.0415649
31.1646271
6.9762106
1.9404454
12.4026461
36.2322845
78.0782013
126.2904358
144.3614044
129.5332642
100.2147064
68.7116165
43.4972343
32.2896385
22.8549767
23.7289658
43.8678513
100.9119492
103.2556992
66.9418716
30.5729294
6.6303687
19.2356281
87.1972275
179.2725220
162.5626526
89.3194580
33.6503448
8.1660347
1.7782588
1.2049267
4.0413527
20.0443535
40.5663490
42.5848198
33.6587639
24.5252018
19.5528126
18.1943455
15.9862394
14.9586306
14.7038784
16.6327877
18.3687534
18.7770367
18.8521881
19.4806309
20.8470936
20.8383598
17.2954254
14.2962551
7.5503149
1.3190604
3.3015304
22.0513821
47.5533066
44.8923340
20.6028156
7.4788609
6.2022982
15.4259195
40.7212601
59.9193878
58.9213257
45.4198837
30.6349983
22.9763889
19.4513855
16.7700806
15.8722706
29.6938267
32.2863884
16.3779907
5.6074576
1.4751337
11.0567474
26.5857067
28.2573795
19.7352676
23.7707481
37.1274223
54.6711311
80.9847488
102.6951828
94.3387985
69.5269699
40.2500076
23.9666882
12.7354860
6.2862864
9.7562923
18.8646622
24.8457603
23.7625256
17.7959633
14.1761532
15.5590820
17.6852169
18.6358948
18.4382782
18.2637749
17.5950050
13.9310627
9.6545267
6.1992474
4.0313802
2.1139343
1.4925398
1.1261854
0.9603004
0.6406800
0.6198003
0.5235531
0.5458678
0.5809839
0.8771701
0.9644448
0.7776227
0.4766989
0.2936611
0.3255464
0.3321494
0.3867746
0.4115458
0.3399681
0.3421254
0.4015478
0.6539074
0.8029491
0.8126098
0.7678717
0.7426257
0.6783181
0.6816937
0.6850902
0.6442891
0.7620838
0.7084998
0.6753662
0.5416830
0.4600855
0.4093764
0.4565815
0.5040382
0.5281325
0.4713749
0.3240810
0.2817362
0.2791504
0.2400555
0.2984984
0.4290226
0.4449556
0.4386932
0.3973832
0.3017536
0.3491114
0.3867885
0.4073126
0.3567213
0.3282348
0.4136776
0.5760126
0.6505461
1.3768027
3.1057954
6.1230187
8.8667479
8.0488262
5.1375079
12.4919138
32.2074661
45.7303619
37.7239304
18.1214085
5.9722872
2.3925276
2.0070379
3.5670993
9.6868000
16.7538338
20.0861912
19.7344818
20.4801331
21.0657063
18.0315475
13.6902113
11.8873653
14.9323587
14.3547602
11.1209364
6.9911313
9.8478584
12.0527992
12.6586151
11.7715063
8.4766254
4.3374186
0.8633054
0.5226635
4.0795488
17.0942154
27.0860806
21.4672184
8.3584528
6.4399967
10.5905428
20.8309116
37.1755257
47.3003960
42.2260551
38.3224869
33.6169319
28.0622406
18.9815235
10.5926418
5.1023278
1.4933705
4.3374481
12.4463444
22.9205780
30.9070873
33.8519592
30.9428329
23.4688721
17.2686138
13.6937675
10.0079861
7.5248785
6.3155398
4.6545391
4.2899566
3.2246902
2.4423018
1.7761410
1.0696704
1.0512086
1.1922319
1.0954659
1.2293065
1.2474624
1.1940528
0.7441530
0.4173076
0.2555792
0.1622680
0.0457864
0.0030705
0.0000240
0.0000000
0.0000000
0.0000000
0.0000000
0.0000000
0.0000000
0.0000000
0.0000000
0.0000000
0.0000000
0.0000000
0.0000000
0.0000000
0.0000000
0.0000000
0.0000000
0.0000000
0.0000000
0.0000000
0.0000000
0.0000000
0.0000000
0.0000000
0.0000000
0.0000000
0.0000000
0.0000000
0.0000000
0.0000000
0.0000000
0.0000000
0.0000000
0.0000000
0.0000000
0.0000000
0.0000000
0.0000000
0.0000000
0.0000000
0.0000000
0.0000000
0.0000000
0.0000000
0.0000000
0.0000000
0.0000000
0.0000000
0.0000000
0.0000000
0.0000000
0.0000000
0.0000000
0.0000000
0.0000000
0.0000000
0.0000000
0.0000000
0.0000000
0.0000000
0.0000000
0.0000000
0.0000000
0.0000000
0.0000000
0.0000000
0.0000000
0.0000000
0.0000000
0.0000000
0.0000000
0.0000000
0.0000000
0.0000000
0.0000000
0.0000000
0.0000000
0.0000000
0.0000000
0.0000000
0.0000000
0.0000000
0.0000000
0.0000000
0.0000000
0.0000000
0.0000000
0.0000000
0.0000000
0.0000000
0.0000000
0.0000000
0.0000000
0.0000000
0.0000000
0.0000000
0.0000000
0.0000000
0.0000000
0.0000000
0.0000000
0.0000000
0.0000000
0.0000000
0.0000000
0.0000000
0.0000000
0.0000000
0.0000000
0.0000000
0.0000000
0.0000000
0.0000000
0.0000000
0.0000000
0.0000000
0.0000000
0.0000000
0.0000000
0.0000000
0.0000000
0.0000000
0.0000000
0.0000000
0.0000000
0.0000000
0.0000000
0.0000000
0.0000000
0.0000000
0.0000000
0.0000000
0.0000000
0.0000000
0.0000000
0.0000000
0.0000000
0.0000000
0.0000000
0.0000000
0.0000000
0.0000000
0.0000000
0.0000000
0.0000000
0.0000000
0.0000000
0.0000000
0.0000000
0.0000000
0.0000000
0.0000000
0.0000000
0.0000000
0.0000000
0.0000000
0.0000000
0.0000000
0.0000000
0.0000000
0.0000000
0.0000000
0.0000000
0.0000000
0.0000000
0.0000000
0.0000000
0.0000000
0.0000000
0.0000000
0.0000000
0.0000000
0.0000000
0.0000000
0.0000000
0.0000000
0.0000000
0.0000000
0.0000000
0.0000000
0.0000000
0.0000000
0.0000000
0.0000000
0.0000000
0.0000000
0.0000000
0.0000000
0.0000000
0.0000000
0.0000000
0.0000000
0.0000000
0.0000000
0.0000000
0.0000000
0.0000000
0.0000000
0.0000000
0.0000000
0.0000000
0.0000000
0.0000000
0.0000000
0.0000000
0.0000000
0.0000000
0.0000000
0.0000000
0.0000000
0.0000000
0.0000000
0.0000000
0.0000000
0.0000000
0.0000000
0.0000000
0.0000000
0.0000000
0.0000000
0.0000000
0.0000000
0.0000000
0.0000000
0.0000000
0.0000000
0.0000000
0.0000000
0.0000000
0.0000000
0.0000000
0.0000000
0.0000000
0.0031501
0.1697736
0.7016495
1.3642585
1.7724562
1.7986889
1.6309454
1.5983940
2.0178568
2.7509458
3.3336039
3.7055259
3.7870679
3.9150138
4.0386143
4.1536016
3.9951575
3.9456601
3.7105827
3.4310391
3.5912452
3.7058127
4.0085421
3.5437219
2.8482511
2.9017491
3.1651571
3.0575061
3.0701213
2.9556463
1.7990859
1.1242207
0.7512602
0.3618776
0.1989712
0.2113383
0.3151433
0.3953805
0.4233996
0.4036722
0.4035622
0.5496439
0.6099021
0.5089168
0.4241585
0.3364630
0.2485414
0.2020189
0.2183726
0.2071509
0.3233503
0.4503697
0.4221374
0.4553075
0.6868901
0.9712701
1.1117083
0.8069166
0.4783952
0.9309925
3.2804165
9.0278997
30.3401871
69.3714447
92.9069748
81.1459961
57.9577675
60.4089203
89.7480927
105.1834106
87.4156189
49.7157516
28.7701283
45.8723526
98.2492676
138.9694519
148.3930511
147.8234253
128.2360229
95.4997406
52.5423508
49.7721786
44.2149200
23.2970505
23.1905746
19.2150459
18.6859207
25.7951317
38.3398666
81.0273895
130.8617096
151.0534058
153.2445221
144.6078644
123.6334152
107.0390625
93.3225937
72.2855606
40.2963066
15.0670719
4.1904578
1.1236113
0.3023244
0.3040777
0.3691645
0.3808001
0.2197257
0.2265420
0.2800076
0.3387246
0.6272874
0.9934825
1.1210542
1.0623854
1.0251875
1.0990340
1.4792583
2.3986001
2.4883823
1.6999650
1.2083780
0.8652683
0.5470420
0.7861377
11.0511875
43.0699387
102.4276886
180.1083069
214.0054474
170.9745483
123.0809479
91.1170883
67.5927200
46.0472832
46.8241119
66.8959274
87.6930771
78.3824463
37.2793427
22.4271049
27.7214031
74.9789200
175.9021454
228.4947510
233.1997223
189.4094238
148.1009827
105.4618225
146.3458099
135.5085907
103.2732620
82.7268448
73.2327957
57.2838440
36.2562141
28.6121826
26.9295998
27.3650017
32.6125717
80.3195496
142.4802704
169.5003510
162.1663055
143.4661102
100.4686050
50.1117554
9.4476070
27.9113922
21.7276211
23.7789154
19.9032192
18.3237553
19.1379833
22.3521729
26.1558990
20.9528332
9.0963106
2.3186910
0.8152943
0.3002443
4.9785781
42.9466476
109.5459518
147.7238617
129.1210327
80.4610062
39.9888458
14.7195120
1.7074561
0.2317467
2.0815568
38.5098877
128.9026489
166.9066925
136.2283783
60.3326645
12.5962400
10.0736599
32.3543510
100.0268021
138.8692780
91.9826508
40.7700462
19.6050797
14.0554686
11.0379915
32.9699593
75.0420837
85.0851746
50.5062447
16.3997345
7.8620148
5.7330790
5.3030834
25.8867073
80.0583572
96.3100281
71.8969116
45.2128143
26.3910465
13.2049713
6.9898129
20.1308098
66.7099762
90.3364334
96.2652359
88.6475220
84.6824646
65.4598389
57.0286713
61.3187065
30.6116142
13.8028965
10.2749090
7.3348022
7.4287801
4.8264456
15.8155804
26.5493202
29.8435307
27.2878151
20.4454536
17.2056847
12.9981613
8.0283451
2.9697225
0.3415631
0.9529495
14.8283482
45.8693962
58.9038696
47.3483887
33.7195511
28.2918091
26.8605576
20.7224865
11.6942177
30.8109627
40.4414139
36.8106537
28.3773270
13.1317081
13.0611801
11.3382711
6.6950388
4.1985369
3.5306773
3.0269461
2.3279309
1.5727795
1.4110131
0.9850932
0.6497074
0.5071391
0.3686658
0.2002487
0.1916544
0.9221555
2.5666227
3.9317431
4.7226782
4.7337971
4.8718433
5.6382484
6.9177837
6.9694557
5.2594585
3.4697542
2.8850381
3.2067993
2.9796371
2.6266093
2.3115501
2.0693207
1.5692946
1.1742491
0.8813673
0.4717698
0.9377812
6.7454548
18.3113270
28.8362350
35.6140976
36.9569550
33.6336441
29.0326233
23.7338276
18.7010918
16.6620178
16.4202690
17.9817448
21.4577351
21.1378288
17.2849617
16.0806141
16.0291348
14.7467823
14.9856377
15.8772011
18.0819321
20.5079327
19.4698410
17.1834888
15.5862045
15.9076157
18.6902390
19.8124008
20.6381836
18.5597687
14.7087536
10.8539705
9.2001028
7.6520071
6.8942218
7.3960524
6.4080529
6.3874412
5.8448453
4.3111458
2.8868661
3.5613306
5.2685843
5.5425768
6.1186266
9.2216215
18.0146046
28.3295708
29.4555817
18.2165489
5.1163487
0.9112616
0.5438672
12.9688320
48.4949989
62.5306549
40.0553513
8.0805111
20.8016167
84.8220062
172.3804169
188.2824554
122.2929382
54.7161827
24.0532608
11.5384121
16.1565113
23.1407337
12.9995184
13.5156403
26.3031139
22.3826199
20.2657585
23.7559052
24.0703087
17.2805367
12.8837652
20.7864399
47.0762138
107.2004700
175.1954346
199.3208923
177.6562500
155.5966339
140.1473236
133.7213593
39.5421028
7.0150981
13.2423067
82.1501160
154.4092560
153.0567017
125.2836075
96.8489075
77.0343704
45.5921593
21.5866833
4.3387852
2.2649670
2.6970279
1.7078669
0.8365542
0.5871863
0.3643794
0.1967463
0.2713045
0.6551968
1.5928637
2.2978485
2.6928203
3.2455425
4.2574205
4.9730558
4.8144145
4.5246463
4.9976501
5.6318040
6.0104218
5.9044390
6.1744709
6.1388931
6.2274313
5.2997451
4.7464690
4.6170592
4.2642193
4.0786457
3.8943329
4.5722055
4.3699474
4.0545864
3.5865932
3.0922740
2.3121281
1.5679603
1.6830033
2.1198545
1.8842233
11.6373930
38.4995422
63.3290634
75.7041321
77.7124634
71.8015060
42.0751152
13.7356606
9.4179831
36.2765083
96.8081360
154.1631165
139.1160126
98.3074188
77.1266785
69.4171829
54.9599571
20.4456921
7.1075611
12.3470278
64.3146133
140.5298920
124.6083527
79.6124344
41.7996292
44.1453247
28.4972687
17.7551174
18.7088547
11.3424177
11.9858761
9.4740725
3.9913652
8.0963831
19.2530746
20.4253960
11.5254517
2.9830055
1.0065773
1.1703435
0.9103207
0.5761166
0.2734635
0.2973008
0.3957247
0.7860094
1.2611953
1.7202599
1.5958086
1.2520666
1.0999168
1.0931507
1.1620339
1.1040031
0.9399104
1.0519140
1.0850769
1.0967381
1.1414012
1.3199821
1.2911677
1.3738725
1.5279082
1.5653213
1.5123061
1.4882308
1.6162765
1.1239012
0.5599062
0.4045737
0.5900790
10.4980946
53.4926796
124.6745758
176.8376923
188.3497772
178.3744507
147.1433411
96.5192947
60.7119484
51.0065002
52.4336891
34.7284431
44.8179474
93.1759033
95.5507431
95.0255737
74.8551483
101.1178589
153.4583588
218.8413086
246.7699585
211.4232178
207.7077942
230.7012329
229.3650665
213.9491119
177.0144653
164.4656525
145.8619995
100.9746552
62.0108261
34.3224487
15.7851982
21.5091877
26.9484062
16.7926846
8.9166698
5.3305960
2.0444150
1.3940462
0.5336571
0.2093298
0.7607663
2.9774346
3.9075613
3.7388625
3.3112514
2.7246966
2.3231435
2.2631745
2.3997123
3.0213993
2.8402240
2.3009489
2.1327062
2.0708649
2.0329821
1.9766469
1.5819888
1.1638280
0.9934610
0.9684300
1.0981135
1.1526473
0.9535641
0.9943447
0.8093600
0.4820243
0.4349264
1.8429072
7.2170601
16.5674706
26.4953079
34.0379944
37.0976143
33.3372879
26.2548943
20.7289162
18.9234314
20.2411995
19.8090668
17.6328659
13.6395435
12.0072212
10.5061827
8.3244753
8.4224987
11.8299923
12.8611288
12.3043299
10.5269928
9.3629704
8.1857700
7.1067486
5.7592945
3.6769922
1.8289524
0.5181965
0.9357432
6.9968710
14.2620783
15.4135590
14.0257206
12.5073633
11.2818937
10.1313648
9.8051710
10.1158628
10.8908033
10.1665506
8.3607712
6.2304330
4.1253462
2.0823240
0.9756571
0.6199518
4.7768598
20.0484676
31.9279842
34.4888725
30.1994743
22.0605774
14.1546459
11.2346077
12.3305616
14.1110191
15.9348269
11.8639879
6.3842883
4.0156937
2.9070854
1.7048893
0.5498260
0.6097592
4.7500243
13.2985773
17.6995811
17.4624424
16.0154705
15.0750294
14.9927034
14.1955242
12.1995859
8.1648645
3.3398206
1.5813956
2.7959709
47.6639175
175.4521484
302.3454895
316.3601990
190.0222778
93.4812851
72.4028702
84.0684967
81.1944885
35.8031120
8.7299614
31.8786201
122.7739868
221.5106201
242.7521362
162.8672333
93.3547287
53.0560684
54.5874710
70.7712784
78.4721909
79.3877411
69.7428131
43.1060791
20.4112396
11.8574886
28.9181404
99.4684753
215.6187134
300.0917969
286.1837463
229.5296173
196.3444977
169.2624512
178.2598267
209.7585144
152.0450897
65.8641586
40.0952644
35.5293808
22.6022167
18.8700085
26.2395954
49.4382858
106.6311951
174.1392517
207.9579163
214.1202393
240.7239075
285.3090210
274.7949829
195.8127441
97.3313980
23.4301605
39.1780472
59.4822311
61.9027596
57.6619682
51.4531326
39.8329964
32.7503967
42.1198082
104.4117203
196.4390717
240.2262878
197.6204529
126.7177811
84.0993118
78.8520355
96.3777161
68.1872482
25.6236496
6.0839062
36.9843369
159.0114441
225.4388275
174.6782227
84.5034637
32.2853851
11.0185204
2.0089626
6.2875099
38.7194252
85.9724350
107.6002197
98.6602631
80.2631378
69.1107941
44.4329872
35.7167625
39.5040283
61.0945816
82.5718918
105.4749603
119.0775986
100.7540207
61.6446800
36.4295425
52.5954475
74.2665787
118.6618347
145.0520477
132.9865570
140.0533905
143.6212158
129.4481506
102.6806183
74.9360886
56.0630722
53.5907364
11.6283531
1.4000527
0.0712796
0.1421385
0.1948718
0.3919037
0.3875272
0.5053016
4.4384184
16.4993114
42.6307983
75.4306717
88.8451462
70.5764771
36.7213898
22.6442375
25.1634045
43.1933289
60.6512222
84.6426620
115.3892365
123.1333847
101.3422546
62.2561150
56.9128799
93.5324707
189.9811401
289.5721130
296.6937256
229.2617035
175.5169220
122.6841049
79.8043671
80.8843384
103.3927383
75.9977570
34.1392593
17.4018326
17.7140579
61.1444626
164.3244019
288.0002136
353.9148560
317.5741577
238.6462860
152.3443146
120.9474564
110.6507797
149.7046661
146.4432983
115.3576431
139.0172424
106.8239899
78.3859177
105.7065659
91.6563110
61.4027290
45.2701645
30.3085690
21.2706337
22.5153961
14.7850285
6.2308884
1.4408202
0.5968459
1.2996361
8.9731026
17.0790443
18.3803730
17.4457474
16.9918938
16.9953995
15.8001833
15.1840439
15.5019646
15.9649620
15.1468582
14.1687469
11.2376890
7.1220970
2.7410729
1.2664384
1.6476098
14.2809982
46.9836922
70.9401932
78.0848999
72.3106308
60.7977066
53.2292709
50.0459061
47.0988541
43.4256592
36.6131592
41.3051071
56.5503120
81.3403625
97.4603271
126.4998779
194.2283173
264.3911438
306.4410706
302.2325439
282.0559692
210.5426178
91.9481659
44.9465256
42.4354057
67.5201340
189.4897614
332.1256104
349.2369080
242.5007782
105.3691330
53.2871323
60.4779625
73.2889557
68.7103271
41.9538460
46.9316826
39.8529510
36.0412560
42.2429810
55.8110275
74.1124115
86.1002808
99.6029968
110.7912750
123.2141037
126.2086105
92.6381073
57.9895592
31.7986603
23.3585434
73.2546844
171.8959503
168.9496918
114.7662277
79.5935516
52.9565430
37.9054337
36.4292450
51.3730507
69.6650543
106.0902100
136.8616486
129.3010101
93.7431793
72.4798279
61.0013351
47.1817780
28.1280346
15.2262974
6.7336884
1.8720487
0.8593249
2.8605554
13.3933830
21.1043892
19.0871735
17.1521015
15.8267536
14.9880085
13.4612541
13.4120140
12.3246765
10.9537048
9.8905611
10.0749893
10.1475010
10.9566460
13.4313889
14.5754004
14.5906315
14.4287205
12.0871201
7.7642283
3.5713761
2.0039885
5.9243155
24.1182861
45.5088730
47.8193970
37.1664085
24.1115532
17.0497131
13.6588488
11.7525454
15.1117249
17.7126598
13.6247578
9.3668718
7.6424069
7.4174795
6.6377144
4.1604967
2.4565101
1.6454433
1.6096133
1.3832023
0.5215466
0.3595721
1.3158300
7.4302588
17.6704121
24.5414104
28.1622353
31.3086548
34.3395119
32.7660446
28.1055565
24.5257854
25.5352287
26.2865791
22.5178432
13.8471727
8.0029602
5.2060761
2.9626386
0.7509180
0.4510943
0.3243321
2.4602845
9.2796268
16.2960739
20.7872410
22.6648102
20.6836739
15.6987762
11.4846125
8.7550421
8.7474937
13.0340185
15.5229816
14.8239851
11.1584969
7.0619607
4.3752151
3.1192751
1.8446612
0.8562471
0.4048108
1.1301425
5.7593141
13.5453463
18.3508549
18.7787590
14.3607750
9.5935497
7.2822676
7.7123480
9.3202896
10.1389694
8.7723541
6.0149870
2.5907466
1.8201438
18.0356350
74.1787872
137.8476562
153.8163910
110.8101044
67.0554504
51.2854424
62.6272583
51.5627327
43.3425064
83.6600571
100.5577469
110.8587036
108.4734039
75.7881393
37.1426430
13.8435898
14.0786810
12.6995945
15.3891048
29.2427483
26.3740959
23.7046738
35.5166283
46.8511086
52.1502609
55.5326347
74.8168030
98.3996887
109.8711472
95.1627045
63.2828255
42.2849045
26.0643425
19.5692139
30.8575287
96.5433807
147.1714172
120.8392181
70.4701080
44.8223877
22.8683414
31.0984974
59.7831879
63.3009148
45.9814377
13.8490620
2.0223725
17.6450195
66.8797607
97.3463135
85.6467056
59.5565643
42.6994247
34.3405342
23.5495148
13.9833717
5.0603080
2.5718906
5.9985943
45.5477142
103.1140900
123.1124725
90.0243912
58.9795876
47.1995087
72.7512741
148.7589111
156.8554077
153.9145966
143.9754486
178.7431793
160.1954651
108.2969742
82.2728500
73.3593979
76.3481979
63.6894760
39.6428871
24.5252972
23.2334576
24.0639858
22.5044594
31.9985275
76.7466507
128.9432526
149.6173706
125.0417862
99.7843704
70.9626236
34.8334579
63.7544632
73.6849899
38.3524551
14.8051538
9.8967190
5.4476690
6.7645922
50.7145119
142.6720428
211.6922302
242.9981537
248.2618256
237.6001892
209.6507111
177.9582367
174.2654419
173.3935852
154.8630524
131.2449646
148.8941650
125.9034500
72.9907837
31.3340073
54.3112907
399.5396118
867.5143433
1018.6306763
897.1000977
762.3084717
749.2390137
816.2027588
895.6256104
865.8133545
748.9493408
579.6551514
368.3949585
281.3516235
152.3184052
240.1845703
413.7686462
490.2428589
380.0205383
335.0646057
231.8039703
265.6481018
175.1467590
112.8647995
116.4813309
275.5504456
463.6112671
643.6145630
739.0273438
575.0458984
375.6244202
143.1208344
63.7784462
52.5383835
200.9897156
531.5419922
600.1793213
472.6878662
423.0482483
372.6081848
276.3549500
152.0730438
242.5248413
453.0713806
365.6258545
243.3157959
132.7853241
100.7205887
166.9127350
61.6158028
20.2150536
8.8116007
3.1722038
1.4976878
0.5737019
0.4270214
0.4835752
0.4756896
0.6616352
0.4598728
0.0866749
0.0142657
0.0005542
0.0000000
0.0000000
0.0000000
0.0000000
0.0000000
0.0000000
0.0000000
0.0000000
0.0000000
0.0000000
0.0000000
0.0000000
0.0000000
0.0000000
0.0000000
0.0000000
0.0000000
0.0000000
0.0000000
0.0000000
0.0000000
0.0000000
0.0000000
0.0000000
0.0000000
0.0000000
0.0000000
0.0000000
0.0000000
0.0000000
0.0000000
0.0000000
0.0000000
0.0000000
0.0000000
0.0000000
0.0000000
0.0000000
0.0000000
0.0000000
0.0000000
0.0000000
0.0000000
0.0000000
0.0000000
0.0000000
0.0000000
0.0000000
0.0000000
0.0000000
0.0000000
0.0000000
0.0000000
0.0000000
0.0000000
0.0000000
0.0000000
0.0000000
0.0000000
0.0000000
0.0000000
0.0000000
0.0000000
0.0000000
0.0000000
0.0000000
0.0000000
0.0000000
0.0000000
0.0000000
0.0000000
0.0000000
0.0000000
0.0000000
0.0000000
0.0000000
0.0000000
0.0000000
0.0000000
0.0000000
0.0000000
0.0000000
0.0000000
0.0000000
0.0000000
0.0000000
0.0000000
0.0000000
0.0000000
0.0000000
0.0000000
0.0000000
0.0000000
0.0000000
0.0000000
0.0000000
0.0000000
0.0000000
0.0000000
0.0000000
0.0000000
0.0000000
0.0000000
0.0000000
0.0000000
0.0000000
0.0000000
0.0000000
0.0000000
0.0000000
0.0000000
0.0000000
0.0000000
0.0000000
0.0000000
0.0000000
0.0000000
0.0000000
0.0000000
0.0000000
0.0000000
0.0000000
0.0000000
0.0000000
0.0000000
0.0000000
0.0000000
0.0000000
0.0000000
0.0000000
0.0000000
0.0000000
0.0000000
0.0000000
0.0000000
0.0000000
0.0000000
0.0000000
0.0000000
0.0000000
0.0000000
0.0000000
0.0000000
0.0000000
0.0000000
0.0000000
0.0000000
0.0000000
0.0000000
0.0000000
0.0000000
0.0000000
0.0000000
0.0000000
0.0000000
0.0000000
0.0000000
0.0000000
0.0000000
0.0000000
0.0000000
0.0000000
0.0000000
0.0000000
0.0000000
0.0000000
0.0000000
0.0000000
0.0000000
0.0000000
0.0000000
0.0000000
0.0000000
0.0000000
0.0000000
0.0000000
0.0000000
0.0000000
0.0000000
0.0000000
0.0000000
0.0000000
0.0000000
0.0000000
0.0000000
0.0000000
0.0000000
0.0000000
0.0000000
0.0000000
0.0000000
0.0000000
0.0000000
0.0000000
0.0000000
0.0000000
0.0000000
0.0000000
0.0000000
0.0000000
0.0000000
0.0000000
0.0000000
0.0000000
0.0000000
0.0000000
0.0000000
0.0000000
0.0000000
0.0000000
0.0000000
0.0000000
0.0000000
0.0000000
0.0000000
0.0000000
0.0000000
0.0000000
0.0000000
0.0000000
0.0000000
0.0000000
0.0000000
0.0000000
0.0000000
0.0000000
0.0000000
0.0000000
0.0000000
0.0000000
0.0000000
0.0000000
0.0000000
0.0000000
0.0000000
0.0000000
0.0000000
0.0000000
0.0000000
0.0000000
0.0000000
0.0000000
0.0000000
0.0000000
0.0000000
0.0000000
0.0000000
0.0000000
0.0000000
0.0000000
0.0000000
0.0000000
0.0000000
0.0000000
0.0000000
0.0000000
0.0000000
0.0000000
0.0000000
0.0000000
0.0000000
0.0000000
0.0000000
0.0000000
0.0000000
0.0000000
0.0000000
0.0000000
0.0000000
0.0000000
0.0000000
0.0000000
0.0000000
0.0000000
0.0076254
0.3414606
1.2646635
2.3337662
2.8500478
2.7823341
2.6452165
2.6158423
2.5649204
2.8467174
3.2905705
3.4338095
2.9411998
2.3575623
1.8214666
1.6708345
1.8584613
1.7996564
1.7941760
1.9073292
1.8062527
1.5259938
0.9554051
0.5468304
0.4737684
0.4911658
0.2972217
0.3324475
2.0806885
6.2308035
10.4585247
14.0091763
17.0854721
18.2213306
17.2895050
15.4102936
14.9180994
13.5848427
10.8390007
8.5298443
7.2136974
7.6419735
8.7973423
9.3873634
8.7659674
7.8125048
7.2238898
6.2937260
4.3834577
2.9595165
2.6278720
2.2893417
2.1650233
1.7923236
1.5594922
1.1356902
0.5843079
0.3524058
0.3745794
0.4998452
0.3343694
0.1732079
0.1555899
0.2863204
0.4817539
0.7170823
0.8600746
0.9397359
1.0735524
1.1158785
0.9538404
0.7573697
0.6398218
0.5566262
0.5717908
0.7150143
0.9909295
0.8477782
0.6591513
0.5952649
0.7112482
0.6539679
0.4528801
0.4062514
0.4688688
0.5157220
0.6699797
0.9027527
0.8096333
0.5862599
0.5320057
0.4103211
0.3947103
0.4046052
0.4651007
0.5572416
0.6909655
0.5656341
0.4114702
0.3612418
0.4056707
0.5845841
0.7254434
0.7930484
0.9827600
1.2721288
1.4544203
1.6819580
1.4732904
1.0010543
0.6763677
0.5721812
0.4085990
0.3138750
0.2761562
0.2466832
0.2660176
0.2672947
0.2988259
0.3641652
0.4138335
0.3317941
0.2784212
0.2867227
0.3700528
0.5146383
0.5942477
0.7289686
0.7367539
0.6114072
0.5003057
0.5851837
0.6438518
0.5972041
0.4500350
0.3849953
0.3181493
0.5196844
0.8562489
1.1851633
1.2426428
1.1575224
1.0638788
1.0231549
0.7553923
1.8699515
17.3529816
64.3235016
115.0128403
124.1949539
82.2221069
32.8031693
9.6190090
3.9665449
4.5284934
48.0290108
181.5871582
265.3043518
241.0302887
147.4405823
73.2221451
38.6684189
24.8717117
20.9042721
16.3871765
10.6959696
14.2992554
49.9048805
106.7077103
132.2303772
145.7890625
164.1709900
164.1954346
143.4785919
110.0593872
72.3325195
65.2191467
49.0058365
48.5175781
82.9960480
114.7739563
79.0328369
25.9127674
24.4748592
39.9977722
72.7317810
100.3585205
92.2549667
88.7076569
85.3933563
84.3248138
80.3222504
55.5919647
30.5716782
31.0555458
29.1618938
30.7433815
29.0174961
23.3093834
16.6122475
12.9676027
13.2432289
15.1343393
12.9969988
10.5547123
5.5721025
1.4889820
0.3972751
0.1932027
0.1609109
0.8134813
1.8263178
1.6843076
1.4647548
1.4276986
1.7006513
1.7746687
1.6872392
1.6177158
1.7027709
1.5704331
1.0944149
0.4305946
0.2331385
0.7014613
3.3346841
7.6670198
10.2612724
10.8223820
9.4956036
6.9234018
5.0801287
4.2442765
3.9106665
3.3214898
2.8370271
2.9324329
4.5753875
4.7977023
2.9784336
1.7753329
2.0971363
2.6107745
2.6609063
2.4616313
2.7096260
2.8144178
2.7975407
2.5312903
2.4300246
2.2598219
1.9659890
1.8973547
2.1340559
1.9836764
1.5096945
0.9677961
0.6973924
0.6884902
0.8338388
1.0967493
1.2654471
1.1362491
1.0291927
0.8344355
0.5289938
0.3829378
0.3071117
0.4482755
1.3734130
3.4842498
4.3022137
2.5728245
0.8066416
0.6452231
4.9024019
29.8791924
83.5968475
148.0783386
201.3830872
214.2437286
173.2898712
97.0771179
31.4716606
20.7240467
46.6895561
102.9272766
104.6427155
37.2470512
7.8540416
2.8198283
19.5804882
45.5519028
90.0034943
132.2476044
158.4470520
196.4831238
227.1881866
205.7633209
140.2622070
59.9867477
31.3722000
45.0450478
76.4153214
123.4394150
101.1861877
65.2196045
35.3624458
24.2683659
31.4462566
22.9654751
11.2434311
6.7291965
5.7020521
17.7210159
85.5803986
178.8072968
252.8856964
267.4714050
202.5893250
115.4011383
53.5383987
26.7316380
29.7264748
18.0932903
7.7139087
26.9007301
66.2857056
97.1599274
86.8080597
51.1001587
25.9480305
11.4705114
4.3234930
44.7374344
142.6443787
210.0227051
190.2825928
119.5847473
52.6161461
38.4666748
40.5036354
42.1589661
40.7155113
34.8902359
27.3292484
71.9167252
157.8566437
187.5142517
132.4244995
68.1318512
40.5309296
28.5348110
23.9594975
25.9064331
18.6152000
13.7010984
12.2411175
22.7356014
92.6398163
202.8545380
256.0278625
227.7205505
158.0040741
96.1667175
54.3029823
22.0616074
19.7046928
22.4537239
11.6953278
3.8756871
5.7589431
11.8319435
29.0281181
41.1268234
39.4323158
29.8301277
20.9319839
14.3940468
9.7549114
7.6953011
6.1959352
5.2273579
3.8804200
2.2480044
1.3818839
0.6751802
0.3083826
0.1704202
0.2555960
0.3552029
0.7330989
1.4148686
1.9706016
3.1754341
5.6937890
7.1915469
5.3198233
2.2526391
1.7946808
1.8254449
1.5380921
1.3019493
1.3510852
1.6781727
1.5627077
1.2036787
1.1438215
1.0397202
0.8459522
1.0161382
1.2053443
1.4213072
1.5313867
1.3964825
1.2831984
1.1918854
1.1593947
1.0235162
1.0863309
1.0841116
0.9063530
0.8875827
0.8773984
1.0751505
1.1502090
1.1114508
0.9825094
0.7615024
0.9114096
1.3275961
1.5715528
1.6211580
1.4835793
1.2464328
0.9569534
0.8013982
0.5840456
0.4926293
0.6212657
0.8064258
0.5677936
4.7057037
31.2047768
72.9063950
93.5234528
75.1481323
28.1629868
6.7804704
14.4823017
47.6422348
76.4074173
115.6439133
166.9013672
239.4544220
265.5648193
203.6586914
132.6770782
83.7525024
50.2507324
32.2990341
18.1225433
8.5834665
42.5040779
182.5573883
315.6770020
298.6761169
134.5272522
27.5737839
6.9578543
7.9946079
38.1175079
99.3662796
135.2018433
139.6258850
122.5747299
96.4194183
70.8337784
54.6055527
93.0197372
191.3820953
303.7415771
394.2875671
428.2984619
299.2466125
152.3548889
75.1471863
58.6940536
46.4284439
37.6138420
60.5387383
163.2573547
278.4690247
338.6846008
287.4924927
221.9187164
141.6493988
88.7922287
60.9290085
44.4892197
23.9521980
14.7828121
58.2898712
112.6655273
110.2251892
78.7999573
55.3674698
36.8904037
39.0354500
44.2052765
24.3625870
9.3866930
43.9132042
108.7382202
150.1359863
187.5264893
273.9007874
332.2551575
299.7987976
152.0539551
23.4570541
6.6772208
22.0006638
107.2360382
167.0470276
197.1471558
213.7607727
213.6584930
178.2067566
117.1260452
55.3946991
26.7449341
9.3421774
20.5321541
27.5821857
18.5484772
7.7414994
6.1354194
2.7042637
1.0826368
0.4807183
0.0972436
0.0782971
0.3814889
1.6906164
2.6332753
2.3171387
1.9401345
2.1185577
2.5056622
2.5839300
2.5751047
2.5206044
2.8044653
3.1322379
3.0035346
2.4299772
2.2036543
1.1658609
0.4718332
0.3251937
0.8742549
19.5721817
81.0700684
162.0664978
209.4406281
216.9237823
211.6172028
225.6130219
251.5870972
242.4778290
208.6663666
155.7626190
123.5832367
106.2832108
13.1020861
7.3249383
51.0004082
112.0009003
144.6917114
149.9482574
158.8269043
187.5480957
228.2289276
200.0465546
154.0621643
146.6824036
196.3073578
273.1531677
251.2150574
228.0370331
128.3346863
87.4453201
73.9532394
52.4712029
46.4607582
79.5575790
152.6977234
178.3371429
121.1306992
68.6352768
30.7980213
17.9033318
15.5269260
36.6371651
51.0201111
48.2260132
36.6629257
20.8960075
12.8273344
22.9898987
72.5164795
135.4754791
159.7006378
136.6914673
85.7417526
52.9129295
32.0220337
20.4524097
11.5546207
8.7029839
5.9466896
23.3758678
119.1572113
248.3810577
308.0463257
254.9552002
154.0415497
80.1743546
33.9531403
16.5605507
10.9444618
17.9527550
20.4851170
12.4882250
34.0463524
78.3589249
117.3828430
140.7194977
145.5944824
124.0895844
84.5501785
38.1497955
20.1042538
8.3182936
1.3918309
3.0862515
19.4690914
52.9761810
52.2207603
20.5428009
1.5443724
0.6242446
13.9997520
63.6250076
100.7510910
102.7165375
98.4714508
125.1076660
166.1160278
168.2489471
125.8289032
57.8047638
59.9045258
48.6435089
31.8867455
32.7635193
43.2124710
50.7838936
60.4297142
87.4777298
91.2651825
61.2848778
36.1426582
37.2963409
39.7384796
68.7977600
111.4516144
116.2234573
73.5079575
61.6699028
105.5788345
144.9147186
197.1896057
222.2169495
209.3083496
144.5848236
90.1420135
50.4509125
29.9699936
104.8361511
118.2019043
75.5566254
39.6653824
9.5821743
3.6875832
3.2452817
18.8439140
46.2665634
57.3907013
43.3245926
23.6613846
12.8545027
8.6744862
5.9918532
3.4095585
1.7461412
0.7227898
0.3231908
0.1935362
1.1828318
6.1081152
9.4222641
10.6495876
11.0881824
11.2507381
10.4355793
8.6436682
6.7547355
4.5831194
4.2397141
4.3935361
4.8526912
5.2933512
3.8863511
2.7261400
2.2203116
2.0103443
1.4397916
0.7499470
0.3434666
0.2829135
0.2497118
0.2957821
1.5294995
6.0184460
11.4423971
15.0633297
15.9302607
15.6749115
15.4567499
13.8338833
12.5378752
12.1757946
11.5978050
10.1834908
8.1126280
7.4677763
5.7331781
5.5276031
5.6498585
6.2439899
7.8101912
7.0137720
5.9767418
5.0226974
4.5637612
5.1423893
5.7325845
4.7927279
3.6504767
2.6043684
2.0762527
1.6173948
1.3048489
0.9466702
0.8133259
0.6552136
0.3491362
0.2180384
0.3486628
1.0010828
2.6300342
4.0250282
4.6360917
4.8263087
4.7467675
4.4196129
3.9497051
3.2768953
2.4342716
2.1309555
2.2732084
2.5551715
2.2274971
1.7362046
1.5248456
1.5187845
1.2894394
1.1515360
1.0102757
0.9450020
0.9553663
0.7976647
0.6859821
0.6442711
0.6025364
0.6602978
0.8488759
0.7753672
0.5652611
0.3940714
0.8841658
4.9344912
19.2873802
39.5829811
50.5982819
47.8718185
34.1988602
23.3530483
21.2254066
21.6590919
21.0073547
40.0455437
55.0472603
57.3184204
73.5656052
135.2708282
192.7220001
204.7464447
191.4056854
170.4868011
127.1694183
71.2858200
130.9975586
161.0145111
95.3040466
36.8530922
20.2693253
1.2141238
1.8412212
17.8701134
55.1484756
76.5624847
69.2613297
47.5784607
32.1040573
24.3993111
19.8513451
15.6076441
13.9158697
9.9289503
7.9467287
5.5414648
4.7319803
6.0800195
7.6146183
8.5640316
7.6771684
4.4924746
2.0912144
1.0600991
0.8843611
0.7225059
0.7790806
0.5735303
0.5810914
0.3913384
0.3214350
0.4279214
0.4468730
0.4516044
0.3700737
0.2757929
0.3080851
0.3642070
0.4023520
0.4338656
0.3593375
0.4685090
0.5152032
0.4564439
0.4434013
0.4491737
0.4063578
0.5118175
0.5429206
0.7550334
0.7007158
0.4980623
0.5051840
0.4827013
0.4625080
0.5797957
0.6270602
0.6678840
0.7664892
0.8931055
1.0421325
1.0160277
0.8156630
0.6341615
0.5454105
0.4398400
0.2698259
0.2871819
1.0663989
3.8470030
8.9732552
20.1645775
33.7347260
36.8046494
28.5589714
23.5696487
26.6288280
30.3234596
44.6383781
56.5578423
65.4505539
95.1725998
141.5131226
181.9199371
199.6466522
217.9164124
196.3409576
134.8955688
77.4089355
82.4160995
72.1930389
41.1265182
10.9377260
4.2330489
2.7306492
14.6377316
29.6496677
37.6912537
37.5582314
32.4379539
21.9108067
9.9327936
7.9722390
22.8880634
47.0209160
60.6178284
59.2150879
56.7738419
61.8243675
75.7232208
95.6120529
100.1569824
100.5703125
87.6876907
90.5517883
69.4649124
40.7627296
29.1351070
18.3731232
8.1599579
3.7632458
12.4713726
19.1471386
25.1558952
22.5356789
11.7636995
6.4238577
4.3927531
2.4845459
1.2674636
0.8981429
0.6948385
0.4178780
0.2250419
0.2287759
0.2891916
0.2240475
0.2241451
0.2580371
0.3950771
0.4359077
0.3258896
0.2513749
0.2352701
0.3569363
0.5466186
0.5191252
0.3483616
0.3252185
0.3528624
0.3859073
0.3473298
0.3161782
0.3317463
0.4396630
0.5787919
0.6138154
0.5263048
0.4106356
0.3119418
0.4398707
0.6818179
0.9147272
0.8577415
0.6712756
0.5401806
0.4464260
0.3793469
0.2133472
0.2191935
0.3364120
0.4296144
0.4066002
0.3710130
0.4849591
0.4732241
0.4823364
0.5188180
0.8686699
1.7400080
2.9689748
4.1024275
4.3824630
4.0279155
3.8488145
4.4823527
5.8780365
6.3178935
5.4530792
3.6815810
2.3205419
1.7667086
1.8505499
1.2616427
0.8736011
0.6172976
0.4507770
1.4351465
3.5535014
3.0122526
1.6465435
4.4600406
10.3077936
12.1337166
7.1419668
1.7380619
0.5784602
0.6370560
2.2127976
3.8948593
2.4791849
1.0279012
0.7087116
0.5085945
0.5486144
0.7065523
0.7209120
0.4061621
0.3247249
0.6603878
1.2380923
1.2931671
0.9193262
0.8208326
0.8641591
0.9866630
0.8609912
6.0350966
23.2083130
41.2023888
47.6975441
45.4077339
35.7577820
25.8150635
18.5492306
16.9518700
51.0429306
93.7513885
114.6573792
162.2315216
261.7536926
384.1146851
427.5797119
409.5805359
287.4920959
156.8577271
104.6646194
41.5762138
127.6702728
198.7771759
119.3296661
41.1155319
13.0363302
2.1311150
0.1846331
0.0870598
0.0951038
0.4384190
0.3903447
0.4507734
0.4776646
0.4597309
0.4166577
0.4539656
0.5845847
0.8962026
1.1547680
1.0294476
0.7648278
0.7266361
0.7361028
0.6612901
0.4346276
0.5006400
1.3911455
2.4136980
1.9517825
0.6664202
0.2956318
0.1177844
0.2100031
0.3078870
0.2674321
0.2461822
0.2643883
0.3727669
0.5163825
0.4954211
0.3035628
0.2465840
0.3214743
0.4843959
0.4525537
0.2948749
0.2325195
0.3002238
0.4588384
0.6209292
1.0848367
1.9299977
1.6675888
0.3776451
0.1378337
0.1963617
0.3760276
0.3729680
0.4100598
0.4495119
0.3528448
0.2583251
0.2650129
0.3394092
0.5108351
0.8345330
0.7495515
0.4428757
0.3938089
0.4151233
0.3050576
0.2202292
0.1859674
0.3112797
0.3920378
0.2695501
0.2661504
0.3011121
0.3781179
0.4676465
0.4015981
0.3332961
0.3278020
0.3506847
0.3769918
0.4163041
0.3499209
0.2982819
0.4593846
0.6543458
0.6034863
0.3242070
0.2315778
0.2385801
0.2886490
0.3567316
1.9154446
7.3538852
21.7072067
50.9593048
71.5994797
56.8817863
31.0969543
32.8768692
55.2521515
61.0825653
44.4070435
23.7427673
16.5367661
23.0358200
39.8744659
45.2733879
38.5002060
30.0430641
45.1170235
93.3666077
136.8423462
113.8684464
63.1607361
32.3538780
10.6844568
3.9013209
2.6000719
2.1753612
9.7945042
34.8767929
53.0515785
45.9377251
24.3418579
14.9322100
5.6714773
2.9991567
5.7323966
5.8488016
7.2679205
5.0060992
2.2850869
1.5040518
4.3677607
29.7610226
74.4411087
105.6342316
107.6045456
86.8143463
65.6607361
49.7068520
54.2363815
64.2649002
27.0278988
13.6883612
8.5946541
20.9436646
69.8015671
109.8504486
65.4866791
15.6292992
4.3240628
2.3465505
2.0023329
4.5163713
6.5950098
6.8285584
5.8573055
4.6480093
3.5103984
2.5210314
1.7286232
0.9067780
0.3527844
0.1482405
0.1898639
0.3881157
0.4207031
0.2613896
0.1638919
0.0799854
0.0106593
0.0007701
0.0000000
0.0000000
0.0000000
0.0000000
0.0000000
0.0000000
0.0000000
0.0000000
0.0000000
0.0000000
0.0000000
0.0000000
0.0000000
0.0000000
0.0000000
0.0000000
0.0000000
0.0000000
0.0000000
0.0000000
0.0000000
0.0000000
0.0000000
0.0000000
0.0000000
0.0000000
0.0000000
0.0000000
0.0000000
0.0000000
0.0000000
0.0000000
0.0000000
0.0000000
0.0000000
0.0000000
0.0000000
0.0000000
0.0000000
0.0000000
0.0000000
0.0000000
0.0000000
0.0000000
0.0000000
0.0000000
0.0000000
0.0000000
0.0000000
0.0000000
0.0000000
0.0000000
0.0000000
0.0000000
0.0000000
0.0000000
0.0000000
0.0000000
0.0000000
0.0000000
0.0000000
0.0000000
0.0000000
0.0000000
0.0000000
0.0000000
0.0000000
0.0000000
0.0000000
0.0000000
0.0000000
0.0000000
0.0000000
0.0000000
0.0000000
0.0000000
0.0000000
0.0000000
0.0000000
0.0000000
0.0000000
0.0000000
0.0000000
0.0000000
0.0000000
0.0000000
0.0000000
0.0000000
0.0000000
0.0000000
0.0000000
0.0000000
0.0000000
0.0000000
0.0000000
0.0000000
0.0000000
0.0000000
0.0000000
0.0000000
0.0000000
0.0000000
0.0000000
0.0000000
0.0000000
0.0000000
0.0000000
0.0000000
0.0000000
0.0000000
0.0000000
0.0000000
0.0000000
0.0000000
0.0000000
0.0000000
0.0000000
0.0000000
0.0000000
0.0000000
0.0000000
0.0000000
0.0000000
0.0000000
0.0000000
0.0000000
0.0000000
0.0000000
0.0000000
0.0000000
0.0000000
0.0000000
0.0000000
0.0000000
0.0000000
0.0000000
0.0000000
0.0000000
0.0000000
0.0000000
0.0000000
0.0000000
0.0000000
0.0000000
0.0000000
0.0000000
0.0000000
0.0000000
0.0000000
0.0000000
0.0000000
0.0000000
0.0000000
0.0000000
0.0000000
0.0000000
0.0000000
0.0000000
0.0000000
0.0000000
0.0000000
0.0000000
0.0000000
0.0000000
0.0000000
0.0000000
0.0000000
0.0000000
0.0000000
0.0000000
0.0000000
0.0000000
0.0000000
0.0000000
0.0000000
0.0000000
0.0000000
0.0000000
0.0000000
0.0000000
0.0000000
0.0000000
0.0000000
0.0000000
0.0000000
0.0000000
0.0000000
0.0000000
0.0000000
0.0000000
0.0000000
0.0000000
0.0000000
0.0000000
0.0000000
0.0000000
0.0000000
0.0000000
0.0000000
0.0000000
0.0000000
0.0000000
0.0000000
0.0000000
0.0000000
0.0000000
0.0000000
0.0000000
0.0000000
0.0000000
0.0000000
0.0000000
0.0000000
0.0000000
0.0000000
0.0000000
0.0000000
0.0000000
0.0000000
0.0000000
0.0000000
0.0000000
0.0000000
0.0000000
0.0000000
0.0000000
0.0000000
0.0000000
0.0000000
0.0000000
0.0000000
0.0000000
0.0000000
0.0000000
0.0000000
0.0000000
0.0000000
0.0000000
0.0000000
0.0000000
0.0000000
0.0000000
0.0000000
0.0000000
0.0000000
0.0000000
0.0000000
0.0000000
0.0000000
0.0000000
0.0000000
0.0000000
0.0000000
0.0000000
0.0000000
0.0000000
0.0000000
0.0000000
0.0000000
0.0000000
0.0000000
0.0000000
0.0000000
0.0000000
0.0000000
0.0000000
0.0000000
0.0000000
0.0000000
0.0000000
0.0000000
0.0000000
0.0000000
0.0000000
0.0000000
0.0000000
0.0000000
0.0000000
0.0000000
0.0000000
0.0000000
0.0000000
0.0000000
0.0000000
0.0000000
0.0000000
0.0000000
0.0000000
0.0000000
0.0000000
0.0000000
0.0000000
0.0000000
0.0000000
0.0000000
0.0000000
0.0000000
0.0000000
0.0000000
0.0000000
0.0000000
0.0000000
0.0000000
0.0000000
0.0000000
0.0000000
0.0000000
0.0000000
0.0000000
0.0000000
0.0000000
0.0000000
0.0000000
0.0000000
0.0000000
0.0000000
0.0000000
0.0000000
0.0000000
0.0000000
0.0000000
0.0000000
0.0000000
0.0000000
0.0000000
0.0000000
0.0000000
0.0000000
0.0000000
0.0000000
0.0000000
0.0000000
0.0000000
0.0000000
0.0000000
0.0000000
0.0000000
0.0000000
0.0000000
0.0000000
0.0000000
0.0000000
0.0000000
0.0000000
0.0000000
0.0000000
0.0000000
0.0000000
0.0000000
0.0000000
0.0000000
0.0000000
0.0000000
0.0000000
0.0000000
0.0000000
0.0000000
0.0000000
0.0000000
0.0000000
0.0000000
0.0000000
0.0000000
0.0000000
0.0000000
0.0000000
0.0000000
0.0000000
0.0000000
0.0000000
0.0000000
0.0000000
0.0000000
0.0000000
0.0000000
0.0000000
0.0000000
0.0000000
0.0000000
0.0000000
0.0000000
0.0000000
0.0000000
0.0000000
0.0000000
0.0000000
0.0000000
0.0000000
0.0000000
0.0000000
0.0000000
0.0000000
0.0000000
0.0000000
0.0000000
0.0000000
0.0000000
0.0000000
0.0000000
0.0000000
0.0000000
0.0000000
0.0000000
0.0000000
0.0000000
0.0000000
0.0000000
0.0000000
0.0000000
0.0000000
0.0000000
0.0000000
0.0000000
0.0000000
0.0000000
0.0000000
0.0000000
0.0000000
0.0000000
0.0000000
0.0000000
0.0000000
0.0000000
0.0000000
0.0000000
0.0000000
0.0000000
0.0000000
0.0000000
0.0000000
0.0000000
0.0000000
0.0000000
0.0000000
0.0000000
0.0000000
0.0000000
0.0000000
0.0000000
0.0000000
0.0000000
0.0000000
0.0000000
0.0000000
0.0000000
0.0000000
0.0000000
0.0000000
0.0000000
0.0000000
0.0000000
0.0000000
0.0000000
0.0000000
0.0000000
0.0000000
0.0019844
0.1502617
0.5569878
0.9273373
0.9567775
0.7186535
0.5897783
0.5967901
0.6359866
0.6681184
0.7421634
1.7545468
3.8388786
6.1984744
8.1405611
10.2004013
15.2431068
23.8558807
32.0156212
34.3977356
28.8498745
17.1899033
8.9933195
4.9689355
2.5909805
0.9531433
4.3087883
22.9277611
50.8250542
57.2488327
42.2528458
19.6486893
7.3661962
3.3085282
1.7139610
1.4242051
2.7724948
5.1644263
5.3710270
2.7650840
1.0908178
0.4907561
0.4159767
2.5513468
7.6531048
10.6141396
11.6807442
14.5810061
18.6355801
22.1112118
22.0151291
16.8562298
10.4930038
5.4579568
3.2000055
2.5482557
1.5018100
19.9692822
101.3171082
194.3623047
244.7248688
257.1625977
287.6160583
329.5299683
309.8457336
298.7496338
218.8013000
149.6887970
77.8999939
70.9134674
146.4649811
77.9085083
32.1924629
35.3455696
21.2380295
19.7657204
23.5968952
18.1924534
9.9879580
3.9257932
1.8227720
2.7893541
4.7742019
6.7866354
6.5283957
4.8415504
3.6903894
2.5089312
2.1731048
1.8874551
2.0776370
2.2171912
2.4164319
2.5401125
2.5317888
2.2164021
2.0081635
2.3418832
2.5481763
2.4939032
2.0339859
1.1928389
3.5323386
59.8812752
185.0045776
309.3421936
414.8588867
502.4595032
589.5922241
622.6042480
567.0203247
370.6883545
221.6622314
139.8115540
110.2681122
329.5684814
274.1814880
187.9124451
93.2357559
28.2508183
27.6869774
25.8006229
14.7396030
7.6229563
2.7448785
23.9430504
171.5791931
424.8254395
666.1282349
758.4568481
623.6778564
466.0633545
301.3922119
198.8079529
174.0231628
331.2197266
497.7654419
373.9270630
167.3711090
16.7194843
14.1832829
35.1457443
80.5056458
175.3115692
341.6927490
577.7531128
691.6505127
527.2695923
350.7409058
198.0655060
254.0987854
177.9623871
40.8160629
17.9514503
10.4056664
20.3851662
86.2755432
194.3945618
239.4546509
223.4459839
181.4815826
131.8879395
75.3822708
77.3967438
118.2148743
79.6845016
40.9198990
7.1395769
7.3189058
8.8746986
3.0421805
0.7426859
0.2658712
0.7735798
3.8536327
10.2921638
13.9089546
14.8229160
13.7173901
12.7512655
12.8577385
15.9644852
20.4755325
24.2613106
22.6540375
14.5848637
4.1911497
1.0926098
2.6735990
19.4455872
112.2208481
226.6363831
281.9302063
288.9385376
273.4605103
261.8845215
194.6588287
124.0937729
124.3246307
242.8152008
256.2424622
227.3098755
164.3514862
84.0298309
66.0399628
74.7788315
27.8335037
10.5172653
5.8280721
3.5925777
5.5354176
6.1437230
7.9625807
8.3144398
6.2083302
1.8164839
0.6609530
0.5402303
12.4612236
38.3552170
64.4707489
82.8219757
81.1194534
60.2251205
37.9907150
22.0168266
13.8468552
6.6694989
3.4068441
3.3540618
14.9974546
157.0571747
373.6907959
473.9276428
382.6503601
222.9584656
154.5055542
190.2444305
176.1589203
105.4517899
91.8710327
265.4856567
459.1186218
392.3733521
147.7173920
30.2811165
13.2369089
9.3181391
63.0723457
320.0345764
512.3674316
449.4403076
234.2399902
69.7901001
27.7485390
12.5417500
28.6116333
166.1109314
353.5464783
390.5368652
341.0239258
347.6952209
421.7449951
414.0093384
248.8735809
104.1361389
30.6045837
63.0831223
248.5281372
386.2239075
332.3589478
230.9872742
144.0483246
108.1629181
53.6087952
34.4532700
16.9906425
54.2660255
192.8897552
315.8615417
337.8752136
313.4723206
305.3395081
280.5644226
167.8899994
43.7069397
32.5347786
103.6071625
536.4215088
653.8561401
507.0078735
422.7841187
545.5694580
720.0493164
504.5602417
318.6495667
320.7650757
347.3798828
377.9580383
326.2939758
293.1888123
325.3136597
334.3974915
308.2289429
233.0897522
211.5629272
201.7133942
229.0679474
334.2013550
486.1450806
542.9652100
425.3415222
335.5906982
283.5230713
329.3562012
326.7897034
179.5392914
47.3743019
12.0526848
26.7829323
64.7053986
160.8189240
268.3536072
338.4386902
350.2011719
308.0474243
236.1763153
152.3506622
117.5366974
144.2149048
182.3298492
138.2489929
94.2820129
57.5919876
48.3723106
51.4550552
78.0162582
218.1079712
313.4421997
294.4247742
234.6114044
188.9456177
222.3950195
259.3461304
223.6546173
135.7029114
72.0895004
36.3826637
30.3196259
129.2338257
369.5755310
509.7088623
493.8361206
378.6510925
221.6980591
111.9415970
43.8057442
41.2187119
73.4311218
202.8163910
449.1290283
630.4442749
533.4066162
277.8159790
89.4911270
43.8898277
40.9744301
88.8497849
330.4483337
442.6062012
406.1740417
350.6763916
251.8296967
92.5880356
49.3319054
81.4761810
96.5946732
71.8331757
44.0274467
57.9419937
136.7545166
269.1419678
327.5374451
313.3704529
228.1025085
152.5695648
70.5454330
139.2730560
274.3628540
287.2637329
236.6723480
183.8625031
125.5526733
77.3147583
26.0606518
21.3515968
26.7661839
31.7885303
34.7403908
30.6404858
19.1294498
6.5902576
2.2595994
2.1455963
10.0506468
25.2641354
36.9668045
40.1407204
44.2621040
53.5831947
58.7216759
55.5207520
45.6577797
38.1092911
24.3713818
11.4946680
5.9927998
27.5876484
110.0162506
186.2406158
199.7643738
175.7237549
134.3895569
88.8852768
61.5185471
55.4368172
59.9448242
66.0948105
58.3250656
29.6299877
9.8501043
3.1430583
6.6958408
48.0768738
110.1319427
128.8276672
107.3210449
86.4638901
64.7470627
50.7921410
59.0679474
58.6547661
63.4957733
77.7461853
84.3611298
70.1314011
41.2869949
16.9369011
35.8196945
132.0045013
247.7930450
218.3270111
206.9865112
307.0076904
448.5241089
336.7854919
185.9833679
93.0282364
29.9405670
73.1316452
99.1219101
94.0710220
69.5922394
30.0618458
50.7297707
74.6488800
69.4342651
53.3134804
26.0589199
5.3869863
2.7831686
18.8897209
57.2032242
76.4238815
69.0024567
58.3112717
60.0717964
59.2463493
36.3573761
14.4114809
8.9149618
68.0715256
217.0620270
345.5448608
343.5855713
239.7006836
172.1882477
129.1802368
208.3507843
261.7815552
236.9669189
162.4030304
64.5690308
13.5409975
9.9544973
52.0111961
217.6308136
351.0728760
315.9824219
221.6089478
139.1263428
111.3472366
81.2698288
43.0997505
16.5437469
7.2012243
50.1479721
279.4020996
689.4300537
964.0440674
856.9174194
496.3426208
229.9787598
122.7623062
30.4055958
9.4651613
9.0469742
4.7010670
26.7038193
111.3592377
187.3670044
232.4891968
249.0921936
236.3264465
324.4636841
414.1954041
395.1902771
373.5507202
475.5904846
480.3236389
361.1688232
219.0443268
95.7452774
18.1273537
16.0877991
83.1246948
295.2096863
670.6831665
929.4168091
809.1233521
653.1377563
727.6040039
945.1077881
680.7230835
358.0175781
218.2701263
27.5483494
16.8086281
10.0871201
3.2512512
6.0781102
52.8939590
132.2929382
154.4469604
155.5768127
181.8709106
193.7458954
145.8485718
98.2066650
80.3505173
75.8810883
94.2375107
38.0299225
4.4852743
33.5919037
143.6636200
329.0354004
567.1076660
797.1784668
799.2965088
552.0040283
316.5687866
294.3885803
441.2863464
889.5580444
931.3538818
593.3845825
207.2881927
32.2584839
16.0358276
201.6078796
942.6262817
1254.7272949
833.2293091
353.7987976
78.4568634
28.1955032
63.1721191
163.7915955
211.4634094
149.4545135
62.1302719
74.0838394
304.2780762
738.9478149
1064.5367432
1002.4838257
718.4848022
453.5984497
294.0314941
256.1387024
227.5473175
457.6858521
843.2188721
1134.0483398
1318.0468750
1151.7664795
651.1140137
258.8453979
96.7780457
111.7048798
225.6319122
422.1275635
487.3021240
460.7310181
330.9191895
280.4577026
324.7287292
223.7109833
115.0303116
143.6646881
236.0048065
279.5241394
274.5872803
137.3307953
19.6810436
6.1432848
23.1308403
68.3732910
94.8999710
79.0899124
37.4199638
19.7711411
77.9713440
260.1232910
437.0487061
570.9824219
674.9475708
559.1241455
339.7511597
184.6276245
103.6083908
72.9899750
58.6806564
228.5665283
481.0325317
528.4346924
485.4137268
483.8843079
519.8370361
415.9458618
282.6615601
184.8764954
111.5970383
110.6264191
243.1596985
231.1329346
195.0213318
146.9310760
60.3966980
23.4109230
37.7046318
37.8110580
25.8805084
17.7665024
12.8335543
8.4921074
4.0936327
1.4372957
0.3271169
0.2934635
0.2728889
0.4791046
5.1484408
13.1089430
19.0843773
22.9669514
25.9991207
28.7729454
30.5229607
28.5991936
23.1332397
16.8998375
11.6058779
6.0118756
2.7175293
2.3060415
15.5561218
58.7578278
94.6856384
110.9972382
121.7150726
115.9532623
88.3868561
55.9342499
35.8817062
28.7733040
18.2288570
12.2271633
7.3219810
1.9966214
0.8297358
3.2668071
20.8986645
34.6591225
33.8277588
28.9819336
25.5891800
23.0306740
20.0339146
18.8294487
17.2819843
13.4766903
9.9906578
4.9172282
1.9636999
1.0245005
8.3781013
47.7057419
87.9902954
99.4583588
86.7537994
72.3296127
66.4926453
68.0664749
64.2750473
56.9373589
52.3425598
42.2190781
35.0198097
26.1865139
15.9768190
8.5929794
2.9625340
1.2420700
1.2064433
8.6987724
26.7319393
30.6583099
24.2406311
17.7432156
14.0280418
13.1370478
14.5316944
13.6665306
12.7967854
10.9342422
8.2046833
5.4538403
2.6960435
1.0534788
0.4006020
0.4833006
4.7665343
18.5001831
26.2757187
28.4200687
29.3232651
29.3810024
27.1400223
21.3606739
16.7687111
14.0757418
13.6566029
12.0056648
11.6381721
11.0418215
8.6528492
5.5885286
4.1280208
3.7247565
3.4943404
4.9059620
6.1474810
5.8318443
4.2913561
3.2438214
3.0541124
3.6633484
3.9480326
3.5620878
2.6953037
1.4953425
0.9076284
1.0629096
1.0039338
0.9080198
0.7240496
0.3890055
0.1442116
0.0232174
0.0017881
0.0000364
0.0000000
0.0000000
0.0000000
0.0000000
0.0000000
0.0000000
0.0000000
0.0000000
0.0000000
0.0000000
0.0000000
0.0000000
0.0000000
0.0000000
0.0000000
0.0000000
0.0000000
0.0000000
0.0000000
0.0000000
0.0000000
0.0000000
0.0000000
0.0000000
0.0000000
0.0000000
0.0000000
0.0000000
0.0000000
0.0000000
0.0000000
0.0000000
0.0000000
0.0000000
0.0000000
0.0000000
0.0000000
0.0000000
0.0000000
0.0000000
0.0000000
0.0000000
0.0000000
0.0000000
0.0000000
0.0000000
0.0000000
0.0000000
0.0000000
0.0000000
0.0000000
0.0000000
0.0000000
0.0000000
0.0000000
0.0000000
0.0000000
0.0000000
0.0000000
0.0000000
0.0000000
0.0000000
0.0000000
0.0000000
0.0000000
0.0000000
0.0000000
0.0000000
0.0000000
0.0000000
0.0000000
0.0000000
0.0000000
0.0000000
0.0000000
0.0000000
0.0000000
0.0000000
0.0000000
0.0000000
0.0000000
0.0000000
0.0000000
0.0000000
0.0000000
0.0000000
0.0000000
0.0000000
0.0000000
0.0000000
0.0000000
0.0000000
0.0000000
0.0000000
0.0000000
0.0000000
0.0000000
0.0000000
0.0000000
0.0000000
0.0000000
0.0000000
0.0000000
0.0000000
0.0000000
0.0000000
0.0000000
0.0000000
0.0000000
0.0000000
0.0000000
0.0000000
0.0000000
0.0000000
0.0000000
0.0000000
0.0000000
0.0000000
0.0000000
0.0000000
0.0000000
0.0000000
0.0000000
0.0000000
0.0000000
0.0000000
0.0000000
0.0000000
0.0000000
0.0000000
0.0000000
0.0000000
0.0000000
0.0000000
0.0000000
0.0000000
0.0000000
0.0000000
0.0000000
0.0000000
0.0000000
0.0000000
0.0000000
0.0000000
0.0000000
0.0000000
0.0000000
0.0000000
0.0000000
0.0000000
0.0000000
0.0000000
0.0000000
0.0000000
0.0000000
0.0000000
0.0000000
0.0000000
0.0000000
0.0000000
0.0000000
0.0000000
0.0000000
0.0000000
0.0000000
0.0000000
0.0000000
0.0000000
0.0000000
0.0000000
0.0000000
0.0000000
0.0000000
0.0000000
0.0000000
0.0000000
0.0000000
0.0000000
0.0000000
0.0000358
0.1934814
0.9541111
1.9903530
2.5269334
2.4640985
2.3307333
2.4295957
2.6728456
3.2002282
3.9928443
4.2573290
4.4929037
5.3148375
5.4719558
6.0015664
9.2743282
13.5052319
15.7758198
16.5929298
17.1559105
17.9121895
16.7299957
12.1267471
6.2715540
3.8214483
16.8570271
72.5580444
137.9325562
153.1735382
115.6289062
58.2424774
30.6938534
19.4965515
17.5865612
19.7367458
17.0757198
16.4485512
13.7206411
8.8893194
4.5888925
1.8142977
0.5830023
1.1023467
7.7223144
18.2982292
21.1669426
21.6393509
22.3949413
22.3831501
19.3950539
18.9044342
19.3799953
18.3540287
14.2175503
13.2537746
10.4374304
8.2167406
8.0502987
7.2685447
5.3730574
1.8726921
1.8819673
12.8770466
47.2639236
73.2348480
82.1701431
75.8822174
61.2798729
47.0100174
34.9880981
26.9655991
19.5434742
10.1292629
5.9644694
3.3759556
1.3607818
2.8069310
18.5578728
38.1746292
44.8949432
44.7750931
40.1842995
34.9918747
30.1159992
24.8771057
18.4245720
8.7059212
3.0878148
1.2448971
17.7590141
88.2225800
186.6176453
263.4099121
284.4497375
257.4298401
216.1803284
181.0470428
149.2250366
115.8227844
110.4960403
83.5975571
12.5783520
2.7925570
7.2256131
17.7582779
33.9765778
45.1912842
54.8923073
50.3141098
36.2805252
26.6986847
21.5719147
14.8379021
7.7561522
6.1546392
4.3392496
1.7464635
0.5246145
0.5349951
0.4868394
1.2969500
2.5944819
3.2977850
2.6904979
2.0349123
1.4620113
1.8433884
5.7539315
14.9607773
30.7100487
50.5138092
66.5420914
66.1320724
49.3376427
29.7586155
15.9601154
8.4094152
3.5500851
1.8045462
1.6546395
9.1181126
43.4737015
84.1801758
101.5152130
89.2910004
55.2471085
23.6613255
13.1746387
7.2696519
3.3130369
1.5844247
0.4002459
0.8937191
4.1254249
7.6667733
5.1160760
1.8558884
0.8990899
0.8640355
3.1218657
8.9980116
10.8268709
6.3547993
3.0609367
1.7386918
1.2272378
0.7005966
0.6499296
0.8808495
1.5462741
2.4628096
2.1182485
1.4641817
0.9886241
0.3941365
0.2387993
0.2801454
0.3060406
0.4846197
0.4287780
0.3589229
0.3729953
0.5459443
1.1154218
3.0407445
6.2575145
9.2313013
10.1713524
7.9912686
5.1428843
5.1586909
5.4865651
3.1618545
0.9134839
0.6104418
1.9021158
2.5508587
1.7591610
1.5619044
1.4787034
0.8262305
0.5895677
0.4730559
0.2614577
0.3191453
0.4623566
1.0427841
1.8036872
2.2895033
2.6099806
2.7874539
2.8116198
3.1981077
4.4165497
6.2332354
8.6138172
9.8532515
7.2979822
18.4496689
99.8130264
248.7779694
373.7480164
371.8613586
283.3454285
175.3663330
128.6859283
138.4200745
31.4051075
6.1893430
1.5461522
0.6614676
0.2117502
0.1084704
0.2383914
0.7394223
1.8218173
2.5910702
2.6093473
1.9147625
1.4594702
1.4633263
1.9787837
2.4617362
2.0793374
11.6476288
119.7908478
344.2810974
512.5934448
490.0218811
338.6407471
205.7727509
105.4705811
44.9187851
11.4369621
76.7429352
344.8468933
564.4998779
498.7601013
293.6275940
152.7104340
213.8120117
231.4421997
174.9352112
90.6088562
103.0242920
207.0593414
310.6114502
272.5254822
115.7533264
47.9600449
11.7115059
7.2146883
41.4158630
208.0180969
456.9018860
646.2028809
657.9889526
458.3051758
168.9940948
70.0156403
108.5585022
210.6275635
299.5548096
184.6594543
68.2137985
51.3600845
45.6306419
64.6181183
117.0575790
290.8535461
428.3996277
375.3324585
268.9750977
259.5144043
206.6351318
154.1802673
173.9544373
362.2781982
487.6336365
378.4000549
235.0670166
133.6741028
86.0197372
74.8249512
78.2027969
47.7399826
32.8947830
38.5150871
91.0290833
162.5247040
137.9456787
105.7096405
133.8996429
141.7236633
100.6446228
56.7906914
29.9599991
13.6348867
4.8074665
1.1390426
0.4630352
0.1705687
0.1777843
0.6349497
0.9704794
1.0700382
1.1109331
1.2410415
1.4776949
1.8201276
2.3802629
2.8575630
3.1071031
4.1708565
4.8940744
3.4945688
1.8980083
0.9439303
0.5724763
0.5037280
0.4858942
0.6990451
1.2330805
2.5896387
4.7413244
6.8851581
9.2037058
13.3646173
21.2020092
29.6276722
31.7181396
24.1215763
12.2776051
5.0776911
22.4860249
157.7417755
508.6251526
848.7326660
892.4276123
756.6909180
476.0379028
533.7593384
392.4718323
158.1339264
55.4263000
10.5575457
25.3565693
386.5423584
1214.3642578
2070.7265625
2294.7785645
1727.1015625
956.7025757
414.9837646
102.6270142
63.9105835
1094.6368408
1128.1469727
794.2951050
428.3413696
73.3100433
26.2910995
42.7996979
40.2792664
79.1855850
565.8847656
1174.7786865
1588.7546387
1376.8283691
808.6861572
257.3667908
51.6093750
146.2312012
648.2279053
624.1409302
300.0518494
122.8389893
74.4111176
63.9188461
194.3450317
379.6388855
548.7954712
672.6466064
606.3146362
530.6002197
407.1135254
483.1351318
498.3280334
511.8643494
627.8585205
633.5722046
566.2116699
446.9530029
222.4192047
70.3824005
25.3365097
49.0333176
146.3850403
289.5593262
506.1524658
711.4879761
808.3152466
799.2016602
701.9807739
640.3054810
576.3049316
578.5409546
773.2595215
826.9715576
551.5218506
326.0666504
144.0333405
174.0491486
216.4056091
96.2288818
248.9637146
288.6653137
178.3513489
111.6220779
79.3375473
55.4444427
44.1048775
38.5524559
34.7533875
30.5974579
13.8417835
4.8715906
5.7184739
2.5353684
0.7772052
0.4642362
0.6780866
1.6465570
3.8020453
6.8101935
8.8180389
8.6851988
6.4090486
3.0479059
1.2106168
0.5881791
0.2141848
0.1769222
0.2627580
0.2692803
0.1142095
0.0139968
0.0006776
0.0000279
0.0000000
0.0000000
0.0000000
0.0000000
0.0000000
0.0000000
0.0000000
0.0000000
0.0000000
0.0000000
0.0000000
0.0000000
0.0000000
0.0000000
0.0000000
0.0000000
0.0000000
0.0000000
0.0000000
0.0000000
0.0000000
0.0000000
0.0000000
0.0000000
0.0000000
0.0000000
0.0000000
0.0000000
0.0000000
0.0000000
0.0000000
0.0000000
0.0000000
0.0000000
0.0000000
0.0000000
0.0000000
0.0000000
0.0000000
0.0000000
0.0000000
