0.0000000
0.0000000
0.0000000
0.0000000
0.0000000
0.0000000
0.0000000
0.0000000
0.0000000
0.0000000
0.0000000
0.0000000
0.0000000
0.0000000
0.0000000
0.0000000
0.0000000
0.0000000
0.0000000
0.0000000
0.0000000
0.0000000
0.0000000
0.0000000
0.0000000
0.0000000
0.0000000
0.0000000
0.0000000
0.0000000
0.0000000
0.0000000
0.0000000
0.0000000
0.0000000
0.0000000
0.0000000
0.0000000
0.0000000
0.0000000
0.0000000
0.0000000
0.0000000
0.0000000
0.0000000
0.0000000
0.0000000
0.0000000
0.0000000
0.0000000
0.0000000
0.0000000
0.0000000
0.0000000
0.0000000
0.0000000
0.0000000
0.0000000
0.0000000
0.0000000
0.0000000
0.0000000
0.0000000
0.0000000
0.0000000
0.0000000
0.0000000
0.0000000
0.0000000
0.0000000
0.0000000
0.0000000
0.0000000
0.0000000
0.0000000
0.0000000
0.0000000
0.0000000
0.0000000
0.0000000
0.0000000
0.0000000
0.0000000
0.0000000
0.0000000
0.0000000
0.0000000
0.0000000
0.0000000
0.0000000
0.0000000
0.0000000
0.0000000
0.0000000
0.0000000
0.0000000
0.0000000
0.0000000
0.0000000
0.0348613
0.5843392
1.6522009
2.2639506
1.9009120
1.1465788
0.8965670
0.9472350
1.2402354
1.9975940
2.6182647
2.3641570
1.8844891
1.4965148
1.2720076
0.9109299
0.4952059
0.3836720
0.3106039
0.4836297
0.7085201
0.9630716
0.8517555
0.7535564
0.8801250
0.7884407
0.5877793
1.0134040
1.9992633
4.7978616
9.3563261
12.7818527
15.1140347
19.2237492
25.7498913
32.5378265
36.0146904
35.5003242
29.4811344
23.1691303
15.7981672
11.9809265
10.1442251
6.7339368
5.9075513
5.6329813
3.5402281
2.4208965
5.9085164
19.9002876
71.9680176
163.7892456
216.5103607
174.2863159
101.8680801
89.6475449
113.0002289
126.0055237
125.5911713
126.0375214
113.8777542
60.6174736
39.8437729
23.5436726
26.0592461
70.1753998
177.1143494
235.4486694
189.5979919
92.5376816
37.8057022
19.8276844
8.9237309
18.8787441
55.6441765
105.9132385
129.3958588
134.8809814
156.7252808
155.3411255
128.1686859
70.5298309
99.5040207
190.9150848
252.1856537
238.8065186
149.6142120
62.5398521
29.3448372
87.7762604
252.2070923
373.1181946
306.7841492
171.4585266
56.1805611
12.8499012
29.3355846
83.5923233
76.4282684
25.0863819
17.9931107
11.6420059
15.4032078
25.2926712
42.5413132
77.9534531
144.3408966
196.0097809
180.5465546
144.7614441
90.9407425
64.8783417
32.7219925
12.0437603
6.3833909
4.2369843
3.1389141
3.9754195
28.0954514
100.8491821
177.7037811
183.9899597
118.1327362
62.5721741
42.4285202
60.2567825
89.1126938
95.5120468
84.9662857
66.0194092
60.3575020
59.6961212
55.9967117
49.0843163
40.2068558
38.5508957
43.7681274
48.3128853
47.9113426
54.6355171
73.9802246
68.1348267
81.1175919
182.7334137
373.7331238
509.2673950
432.6522522
275.1108398
163.3183441
93.3760910
52.2839470
113.3518066
95.2573929
53.0541954
25.4597321
50.4061623
22.2505360
2.8063209
6.6344686
10.6059980
13.1267815
21.9387207
28.9000816
22.2015839
12.6080885
24.3832169
30.6812840
23.5463657
62.6405907
182.9831696
286.1140442
342.8346863
353.1866455
307.7453613
196.4385071
72.7851791
21.0669746
23.2385426
39.4538727
56.4312019
66.0986938
73.7333755
55.1728859
32.4821739
23.0049496
39.6721001
33.5797424
17.5363960
7.2886162
4.6757073
22.6205292
55.9394493
68.7672653
72.4927673
121.1880341
166.1471252
141.9637604
71.8632431
45.2477646
39.2142982
60.3508530
82.3654175
83.6977692
83.1392059
69.8316269
42.0952415
11.1319103
3.3337598
8.3365469
62.9934044
184.8295898
264.7596436
209.1044006
90.4246140
43.3990784
104.3208084
205.2223206
159.2453918
77.5268250
46.3247375
24.6716652
9.1353893
7.9850073
10.0897818
18.5636463
24.9752369
74.4174652
225.0321350
342.9731445
295.7052002
178.8487549
115.0850830
105.0248566
36.0553284
5.2092438
3.2221475
18.7569447
70.4173660
108.4332199
69.3989639
36.3962746
26.1446476
20.1850872
19.6395397
12.0025234
6.4978218
5.9158883
9.3965330
15.2995358
19.4866581
20.5170250
20.5679169
17.4542027
32.3174324
126.8464355
234.6221924
253.3895111
183.9046326
170.4209595
254.4254456
316.9531555
219.2559967
94.9209290
13.7099276
12.4220238
9.1960888
4.8299141
1.1678194
16.3125305
57.6339684
86.7658539
86.0822525
82.8753815
88.2376785
89.2471161
89.3986588
80.4072495
53.5341797
42.3370056
24.6785793
17.9957523
15.8496933
18.2775421
42.9296341
70.3660431
74.0243607
68.4852524
54.4223213
36.8114052
19.9537888
19.1215343
59.4723015
77.4977036
46.2012253
34.7106361
35.8205109
39.6648941
44.7173157
48.9790611
35.8997879
26.8438931
23.6291752
18.2547646
37.3321419
85.2145538
130.3803101
163.7992706
163.0513916
131.5038452
94.2759933
75.5299835
70.4819336
47.8071709
34.9060135
31.6404610
30.1444626
56.4468269
123.7933426
179.9135895
162.7802887
116.5096283
104.5837631
90.1877899
59.7445946
24.7232552
52.8232422
69.3122787
42.0343628
38.2477875
27.7986221
25.2502670
46.9735527
115.9781876
165.7351532
144.3852692
94.3413086
58.4224777
41.0842628
28.1231041
19.3978786
14.7837868
17.0950546
16.4318390
13.1446590
9.9139471
9.5476284
18.6257362
57.5010147
116.1378479
139.4287262
98.7076340
48.2446518
31.6505108
27.6300869
43.1920624
47.1006393
45.3357620
39.6331558
29.1540985
23.7350845
28.9528999
41.4548073
29.1411648
8.3591957
3.4705248
2.9176648
4.7239323
10.9113560
18.7453175
21.6136456
20.8463650
41.0106621
116.6451950
266.7572327
463.7074890
607.2072144
584.0983887
379.0616150
182.6152344
124.6665878
180.5953827
259.4869385
227.9495544
119.1990891
52.6603508
17.9262390
23.4538155
33.3094749
26.0769176
13.8426056
11.4248924
21.0113087
58.4163208
128.9364319
178.1989136
161.6454468
95.7436371
37.2587051
25.6193237
16.3907204
11.0534124
15.4957047
59.4354134
98.7709808
104.6582336
68.3083191
36.5518188
21.4080162
22.0686016
31.5421658
21.3482723
10.8216362
9.9714451
25.2326336
41.4502487
49.4713364
59.9775543
50.5687714
28.2747154
14.4359760
6.3345933
2.1045797
4.6310339
44.5715752
125.7451706
191.7293701
249.6573944
358.1442566
420.2766418
296.4993896
112.8876114
105.4176788
132.0825195
88.3943863
17.8669147
19.1391125
47.6213684
195.7465363
304.7623901
342.2519531
306.1525574
230.8496094
151.8014221
115.8248749
105.2111511
104.3678284
31.5933304
2.8285010
9.5884209
29.7098598
52.0467491
51.1488647
40.9845581
35.8812408
36.4864845
35.8549728
37.4066658
28.9946918
17.6306248
12.1209469
57.2854919
159.4285736
223.7763672
169.9230194
73.9467087
19.8243103
3.1345401
3.2669601
15.2615814
30.6105671
33.1152916
32.3449478
36.7062836
38.3368111
29.6608200
18.8614998
12.1010771
9.7142658
30.9793777
115.1659241
295.7747498
479.7910461
479.6202698
294.8463135
128.5097198
54.5898170
6.4419856
28.5419617
24.9186516
22.9497566
48.1489716
32.5306206
8.7860813
5.5594687
18.2009716
75.4983978
160.9895630
162.8008118
74.7069855
15.2323666
3.4945357
5.5954323
21.2035160
27.7573051
18.4903488
18.0512962
55.5952530
132.1447601
195.3024292
212.0165863
184.4334869
134.0235443
76.9093628
40.7992706
18.5966682
11.3441639
27.2402401
58.9002762
60.8132629
27.5182018
21.0779037
19.9614601
14.5468245
32.7503510
182.2163544
376.0429077
384.3713379
176.5512085
23.0340576
4.1465092
0.5183806
0.7372593
56.8052597
234.0126343
350.5865784
321.6704712
199.5124817
120.1366577
50.5560150
13.4572821
5.8875828
33.9233627
101.4244461
138.0682678
111.3991470
77.9789963
56.4021683
42.4788818
42.3932762
44.0658188
34.2775917
28.4606647
19.1783886
15.5448618
17.4648762
17.4495583
14.5723763
13.6522341
12.8023653
14.1078110
11.1362667
8.4823399
5.6982303
2.9647355
1.3241321
0.6487643
0.7469510
2.0023673
3.2687106
2.7524681
1.8928881
1.2188458
0.9746171
0.6952711
0.5819502
10.8694363
81.1869812
198.6864166
262.9171753
215.6816559
108.9965973
46.7764702
9.5253296
3.8192747
28.1377869
134.6917114
250.7177429
273.7074890
226.4610291
155.1201935
88.8316422
43.0609207
23.8260956
17.0282593
14.9682627
14.1093988
22.6873169
32.9294128
24.3202839
21.2837181
27.7583294
39.5305977
43.2901077
59.4692726
98.1436157
148.6675110
207.2200928
281.7868347
343.8140259
326.5591125
237.9643555
127.3908920
49.0129929
27.9510727
17.2073345
11.7228031
36.8297768
48.4818306
40.5568504
38.5079193
45.3298645
79.5102081
68.1949158
45.1171417
22.3776836
24.0949421
45.5263329
45.8233452
31.5372677
30.4394569
52.3083839
91.8100204
94.3068314
62.1735115
47.1038857
31.3785686
13.2164135
19.3622494
25.1618729
10.4671612
1.3638068
0.9428534
0.4249457
0.4170706
0.2415438
1.0132253
3.0408931
4.9654660
5.6548071
4.6154199
2.6442497
1.5390958
1.2672060
1.1761469
1.1870157
1.2833108
1.2923415
6.1239190
70.7606964
193.2968903
264.1176147
225.2477570
127.0032349
45.5683212
15.5616131
2.1826427
2.7783635
16.5512543
72.2608948
156.2215576
204.7579651
181.3478088
123.9016953
59.7221184
32.6045990
28.1404305
26.6926498
25.4012375
26.4257679
24.8885040
26.1803513
32.9872894
37.6555824
46.5656662
69.2251282
86.4289551
83.6954956
64.6856689
55.0111504
42.5728645
24.2531071
18.7793713
18.4700890
29.4161491
40.6405792
36.9661179
25.6005363
39.8745880
44.2544365
46.8737030
52.8321304
50.6372948
31.9751778
19.4762688
18.1774292
10.0317030
1.7958536
0.6332608
1.6703613
4.8731914
7.5735350
11.2105303
55.1918030
137.0951385
174.4931335
124.3333282
59.7805672
26.1036835
16.4632664
11.8669987
19.3034458
14.2644978
10.2478180
14.5479259
21.8677864
26.3157482
22.0836983
15.3430958
19.2794952
35.0034599
42.6640282
61.8553391
121.4456024
207.4683533
247.8949738
201.9429932
118.2692795
76.4749451
51.1838760
95.0029297
148.9078522
148.1114044
100.7415848
114.1920319
148.2269745
99.8259506
100.4443359
95.2430954
68.7252502
73.2707291
68.4772644
45.8992844
51.0863380
63.3372765
50.0360031
31.9760323
27.1692905
29.1269226
19.0654755
6.1225538
47.7537117
156.3381042
234.2282715
192.6896973
85.3425522
22.9948483
5.4639354
1.4191680
0.6708555
1.1357491
2.3615503
1.3697579
2.7383771
4.2991600
3.3783634
0.9995979
0.4149634
0.1711032
0.3631158
0.5558692
0.5664913
0.4514503
0.3854714
0.3511537
0.5290391
0.7162171
0.9195328
1.2864228
3.2758493
54.1276894
206.6024780
379.1859741
460.1987000
439.5042114
386.7224121
339.4380798
278.3461609
227.1458740
196.2865143
157.8364410
110.4261017
69.7061234
47.6461334
56.9240227
81.0513306
61.3845062
26.1341457
13.9562063
9.8913784
9.9385729
10.0673313
11.4377956
50.8008575
147.1177521
228.1848297
224.7038269
174.3128815
115.2536621
67.2314453
33.8051491
9.7206707
9.8605080
10.3880806
4.8572598
3.9259884
7.6878829
2.8844450
1.6419640
1.1551864
2.5155470
5.3459873
7.2273121
8.6463614
9.2894001
8.0771332
6.2498660
7.2591667
8.3587732
7.4266882
6.2524652
6.4521933
7.1188560
7.7554197
7.4154997
7.7673383
8.1575832
9.3095036
11.0060320
12.0019770
10.0612316
8.5088720
5.8485894
2.9527194
1.4826112
0.9509771
1.3974373
2.0686769
1.3599533
5.8706160
39.8262596
111.5330734
172.0960693
177.9096985
133.9020386
71.0948410
30.1243668
35.2330589
22.9129238
49.2335968
154.3443604
266.6484680
346.7916870
309.6983643
151.4837036
32.7565918
18.0061817
46.7984657
133.2501678
146.7661438
75.0184326
30.7201557
15.4446564
34.2922287
176.1042328
291.2511597
220.1838989
115.8172607
51.3148842
36.7187347
14.3549652
24.4449463
44.4054413
67.7336884
86.9785538
102.4100189
126.1108704
150.1112823
126.7272186
55.0279694
52.1876831
126.5549927
184.8743286
155.5321045
87.4206009
52.7630272
130.9064941
206.6847229
179.1210022
136.7189789
129.7634125
115.9595947
100.2186584
96.0174255
23.2502384
3.1895185
3.1467979
3.1932952
4.1317263
4.9184580
4.7963457
3.7140408
1.8009213
0.7637014
0.5318461
0.4640587
0.4357700
0.2894394
0.3462954
0.9109548
2.0149570
2.5256243
1.7981229
0.8508996
0.3901711
0.5124694
0.7217172
0.4826816
0.4863094
0.6831001
0.8856944
1.0792680
1.4651045
1.7136900
1.7990042
1.6212262
0.9809949
0.6108098
0.7578529
2.5614545
4.1426935
2.8397896
0.5282093
0.2875162
0.5372348
0.9217817
0.8656377
0.7243911
0.9208579
0.6454521
0.4115077
0.8274933
1.6830980
1.8887911
1.2247572
16.2534447
70.5319672
159.2695312
242.5669250
259.6164246
180.3374481
58.5945053
25.2434959
19.9542255
39.7859268
84.3036346
59.7545700
33.2654305
50.6713600
159.0463562
333.0680847
389.4305725
316.5873413
310.6606445
303.7114563
226.0591736
107.9811554
37.3239059
10.8362217
6.1647034
6.2719736
6.0993967
7.2667403
8.1697922
6.7901044
5.3237972
4.1932607
3.5696876
2.6462011
1.6066246
1.1029329
0.6883030
0.3722048
0.2836390
0.7435582
1.5099432
1.2749814
0.5240076
8.9734097
99.3676910
304.4613953
523.2458496
586.8579712
418.5869751
186.4273987
55.7136345
28.3344212
88.8321686
289.7050476
342.4044800
228.7489319
155.4929047
137.8899536
59.0599937
47.2848549
50.9633293
118.7716141
169.2397766
113.0537872
70.7301712
42.6571541
48.6854668
43.1305122
14.4882250
5.9194565
1.9846079
1.9426020
5.3730783
24.3534737
34.2683220
36.2269440
33.5597305
22.0716152
10.6731644
2.9649572
0.7354555
0.3410652
0.1740080
0.2710280
0.5186082
0.9208431
0.9180849
0.6399354
0.5280306
0.4245623
0.4027763
0.6520904
0.7349106
0.6438280
0.4474670
0.4077627
0.4757188
0.4557185
0.4807649
21.6387386
156.9667358
393.9390869
526.0075684
393.6542358
118.0311432
23.3220291
19.9485397
53.1270027
136.8344421
246.6329041
305.1673889
260.4372864
133.2540131
74.5724869
55.5445404
53.3348579
50.4288788
96.5401306
96.9442596
44.2922173
7.0280442
5.2458544
15.9968624
47.1805534
134.5188141
189.8893738
154.7940826
82.3513489
59.0070992
87.0061646
95.9762344
99.7691040
122.4194870
160.6289825
133.2475586
60.9562645
18.0527973
11.5643415
2.8677452
9.7844620
37.5924606
74.2956161
169.0065308
315.9375305
411.4652100
347.0252686
193.5231628
60.1223907
26.6868458
7.0740175
16.5451889
74.6569061
174.2627258
257.7304993
384.1123047
499.8520203
451.0355835
258.3931885
136.5516205
113.8547134
98.6797638
62.3148956
37.5448265
28.0428104
24.1149082
27.7001743
41.5049820
35.5374069
16.9819908
5.1949859
1.6391253
1.2118776
0.8605244
0.7992201
0.4258839
0.4221447
0.8477968
15.7888489
80.3644180
184.3136139
287.8857422
307.1217651
199.1236877
82.9875641
26.7582226
14.0301199
9.4270287
51.8693810
185.2288513
398.0974731
659.8070679
752.8336792
580.3469849
359.8971252
211.7562866
128.0137024
134.6449585
112.7001572
53.6020508
27.4040413
33.6231461
44.2625237
50.4858818
64.6392212
63.7493134
33.0653191
12.8822765
4.2194018
1.7249615
11.6170416
33.7244415
52.6058884
65.9966736
75.4298553
81.0366058
79.6097565
74.8201447
74.5787354
80.0049896
86.5053024
80.2349548
77.8388062
58.1249390
28.9723778
8.2852755
4.4147215
39.8910484
295.8244629
505.8839722
492.6641541
360.1738586
275.9158630
206.7841339
105.2182693
68.2522736
61.6264992
58.8324738
40.7672997
47.1718063
111.1742249
124.9067459
95.0157013
80.7397614
77.6091537
62.8588791
49.2060127
46.0014992
27.2796097
43.4951897
108.8245850
167.3207092
140.2367554
88.7021866
55.4994736
32.9012909
69.3359680
42.6800423
8.4952993
3.3347912
5.3241763
18.1295643
23.7434998
16.3116093
7.2522135
2.7196908
2.3023338
1.9192262
2.1387165
54.9207840
197.5718842
327.1061707
332.5794373
236.2991638
157.9449921
132.3522644
185.5086365
210.0681610
164.0890045
100.9181976
124.4621811
104.8078384
50.6443291
39.3338051
34.8132477
36.8594322
157.4805145
410.7544861
568.7849121
554.3463135
412.3081360
292.6690369
199.0151825
302.4964600
459.9487305
323.8115234
60.4026070
5.5121994
7.9547467
8.7950668
9.3209333
9.2746773
9.3959904
24.0023346
112.0603561
255.8938293
370.9934082
413.1318054
348.1360168
202.9454803
83.2975006
34.5259590
49.1063957
47.6139107
34.8395195
14.6090107
17.8732586
59.8876228
98.2196732
110.9206238
84.8601837
67.5776901
163.1833191
434.5658569
671.2628784
646.7697754
408.6827698
290.8776245
152.9570923
292.9694824
408.2177734
476.7296143
545.4223633
483.7626953
327.7334290
122.9071350
49.6245651
17.0396576
7.3413544
5.6951137
29.2562103
112.6792068
188.2834015
246.0238800
295.0845337
247.2267761
107.8419571
32.0255280
20.6616173
25.4436913
49.1659775
96.5204315
130.2667999
120.4354630
97.8962555
104.9338913
142.0483398
181.4033203
216.3838196
267.3980713
378.4212952
609.8456421
937.2832031
1019.3114014
688.2060547
374.3686523
162.6773834
30.0963707
1.9931941
3.5299244
31.5472260
68.1606827
110.0935211
213.6055603
343.6606445
516.0780640
645.5398560
575.8123169
448.2237244
391.1792908
256.7022400
115.7397461
66.6440659
19.0771580
5.3614159
14.3492870
64.0961075
103.9102020
156.3910217
436.8241272
809.2630615
883.8891602
546.9394531
291.1697693
249.3077087
214.7936401
162.8127899
91.0726395
16.5426846
5.8748078
13.4697895
22.2157059
23.6431923
12.3214874
4.9573622
2.4866972
1.5005021
9.4844608
43.3504410
56.5813446
26.2238483
5.5707955
1.7205392
0.5380315
0.0472424
0.2635723
1.4476233
2.3247051
2.5727868
2.5268295
1.8950064
0.9546726
0.8936689
1.5528804
3.2669189
6.0941486
6.3710389
4.1252789
59.1612892
257.5575867
498.2849731
534.6193848
287.7801819
44.6433220
12.1091270
23.4010124
63.8894730
75.5003357
48.4832382
19.4611874
10.1713676
2.7821827
0.8040823
0.8400232
6.8985157
78.6241989
209.9130096
336.9326782
379.2964172
330.9580688
217.7746124
100.2127228
49.6229324
58.8360062
39.4560051
39.9368362
61.8271484
51.7383881
10.8187675
1.7682247
0.7284167
0.6874179
0.4565127
0.2515094
1.5028832
6.4545140
7.1110592
4.0808773
3.1500111
3.6689210
3.5507669
2.7858567
2.6837268
2.7214618
5.3440762
9.8775024
11.1150646
8.2244310
6.8980441
7.2614336
9.9964581
46.5444412
194.9642029
419.7252197
507.1008301
340.4417114
84.5533371
11.6733065
1.8214059
5.0781946
33.7094612
71.2916260
65.7913361
49.3950653
42.9134064
49.7810898
60.7845421
58.5255203
41.3283730
25.8644390
20.6024609
24.3400745
30.7314110
52.3885307
227.4502258
628.9558716
988.4307251
938.1242676
519.8607788
252.7724457
109.0187836
34.7398834
177.8872986
149.4036255
49.1547546
34.2424469
22.0487461
10.3521299
2.2597425
0.7670147
0.4577035
0.6476222
3.9790514
13.4431858
23.1081734
34.3889809
46.9177856
55.2728348
53.5260124
48.4332008
43.6025467
42.3059807
38.7816505
81.9069748
282.3135986
550.6644897
718.2763062
734.9565430
605.0812378
370.5623169
153.7592010
104.7319641
76.1210327
49.1836319
39.0228996
36.5408745
60.8087692
57.6961136
62.6939621
97.1902237
126.0058594
87.7841797
70.6541443
146.6643372
232.6917725
216.6347961
152.9316406
82.0580750
44.5695648
35.7136230
42.6140060
59.2626991
74.6524353
69.1172180
57.9391174
48.3205109
42.7010689
49.5438805
137.2736816
365.9436340
704.4443359
955.2243652
874.8110962
553.5278320
224.2398224
130.8626251
85.5957642
156.6241913
161.7077026
77.4977570
15.0340614
18.5346355
18.3176727
13.7237034
43.4446983
166.7590332
240.8597717
228.8771210
158.1500397
102.4966202
66.8345871
42.8371582
60.0531731
61.0528641
32.0110283
36.7753220
82.6670074
209.6203156
223.5163574
154.6851349
103.7030563
49.5675201
25.7212868
21.7435093
46.8465729
116.6702652
127.4952621
81.6246948
48.8130226
34.1521645
17.1968136
6.9305468
45.9245415
93.5046310
92.3244324
78.3167343
43.2432175
34.4111633
18.3615112
16.1490841
80.1034546
217.0598755
247.1072693
191.5814362
160.1564941
154.5432434
116.1391983
56.9773788
29.2634735
39.8692589
40.8687706
31.9055290
30.4175873
18.9569054
10.4899139
7.8572164
5.6810837
10.7887659
14.2110500
12.2595978
10.4714355
9.1488047
8.3363562
7.8223257
6.9894094
6.9932508
6.0656137
5.3651409
4.9211688
5.1073642
5.6605873
5.4846640
3.7570095
1.6583354
4.0534863
17.8759212
35.8710251
48.5902519
53.8643379
52.3736992
51.6450768
53.3480988
51.7654610
49.4267235
47.0449371
49.3250732
55.5823479
73.8050537
142.1784058
268.5332642
352.1918030
306.5319824
234.5413361
225.6998749
307.1414490
315.5174866
223.2522736
136.0880737
63.4714355
286.8256836
285.5376587
196.0967407
110.7588043
20.8721142
68.8095932
85.7156525
63.0501060
17.5381813
3.3399489
5.5028014
17.8352623
51.2377930
64.6111755
51.1347122
39.2799187
30.6446571
45.2409935
124.9892654
253.2725067
394.4216309
492.3578491
525.3876343
518.2357788
412.7709961
279.7387390
163.6869812
103.9083176
92.5678940
119.3549500
42.7777748
6.9717455
19.7866096
63.3637085
102.6022110
102.5742569
70.5346298
53.8974915
41.9169846
19.8335361
2.5367432
0.6730435
3.6337049
56.7361870
195.2363586
316.5371094
298.3125916
178.4652100
142.0516357
133.9023743
115.0301971
30.2290192
4.9986806
1.3338021
1.2683291
5.1674786
21.2367401
34.6197243
38.6751938
32.4891853
24.2533188
19.5046234
15.4633751
11.7696247
10.8799496
10.4674911
9.9476776
10.0060272
16.8563385
22.3937206
19.8477440
49.2699280
159.3601227
275.2496948
276.2157593
221.9246216
173.7881622
136.8337097
97.4011459
81.4341354
62.1154251
37.2391968
24.4054852
35.5422935
102.0431976
186.8868103
279.1226807
296.1718445
242.4123688
195.0350342
244.1190796
291.8867493
252.4084167
135.3092804
50.0439110
16.1482868
3.8314345
6.6843977
27.4394531
50.6566353
125.6348343
236.3937378
284.8405151
205.5698395
59.2617607
18.3679314
36.4149818
105.2217102
157.6893463
97.0788193
52.4661446
42.1058960
52.9129410
44.9055634
19.5148373
5.8330679
4.8406072
8.0398102
23.1824932
78.2090302
168.5961914
244.1566467
261.3770142
204.4729767
140.2144165
101.5537796
100.8070526
116.7617569
213.9042206
314.2463684
296.7110596
239.8449402
133.0365448
54.1756363
27.1534042
17.6585903
24.7900143
37.8799171
75.4537506
93.5904083
76.3118210
34.9131317
18.3011837
9.6563292
12.7232752
30.1419430
63.7531090
94.5084763
98.2318573
88.3523407
68.3659973
54.1283264
36.5083542
23.0590515
15.4021244
7.3843236
3.4717345
17.6949654
81.6573868
175.6407471
263.6682739
297.0603027
232.7666016
148.4123688
81.5232315
41.6640396
81.8049011
41.9547501
13.7337179
17.1470127
13.4396715
37.2255783
86.0074692
112.8331757
99.9413605
73.0785522
37.0307045
17.4495773
14.9052753
23.6652355
53.2337532
103.4698868
150.8468323
193.7810364
205.3018951
148.7219086
83.3405075
40.4701195
23.8624001
20.8197899
38.3218880
122.1712341
139.2626190
92.3433838
41.2691841
24.3265076
41.9611473
54.8845978
48.5231667
38.0019798
28.0819073
41.2981682
69.8673019
87.9994049
79.0904083
44.4519920
25.2907753
10.0875740
29.5547218
103.5315170
184.0281372
186.7163849
137.4584961
87.3700562
94.2781677
123.1638031
185.0200195
189.1088257
103.4325333
61.5187607
71.7616043
104.8166122
128.2866669
76.4222107
16.9171085
2.1248255
0.7698963
0.8536223
0.9462461
5.5925388
15.0373020
13.0116711
2.4727783
0.3200861
0.2998210
0.6619395
8.2542744
34.9487686
62.2389297
65.9435043
48.8790970
34.9404526
37.3912849
43.0738487
45.1645126
42.3913956
39.0196304
38.4696808
29.4708920
55.5390511
181.1964874
412.3921204
610.2880859
622.8719482
437.1107788
255.6031647
133.0428619
55.5679474
20.1638317
13.7808437
9.7940331
11.1513290
20.8358650
81.0275650
219.2383728
468.8761292
722.4120483
715.5181885
463.0408936
219.9199829
65.6698380
37.0810242
31.2228203
65.8643265
146.0906982
257.6928101
308.4670715
299.8078613
215.1579132
140.9369965
80.7815552
59.1941643
9.9672680
2.5085411
4.7268867
33.0819130
80.7264481
124.0641022
139.0083008
85.1573792
17.5564060
6.3752022
13.4704895
40.9764404
59.4535980
49.0162086
61.4174347
118.3442764
186.0284424
208.4767151
183.9520721
146.5229950
111.1831360
94.3869476
97.3016815
55.5251350
27.9944630
23.2824249
15.7884874
7.8454266
2.6489596
0.3172588
0.2087429
0.2773858
3.8841119
24.6581249
67.2685013
116.2404709
145.7229462
158.0731201
156.1303558
190.7974701
283.4304199
368.2178040
404.8435059
320.9878235
139.7308350
30.2599869
15.3792248
28.6513195
38.8611794
18.7133465
5.0700259
2.2499352
4.6809959
13.8661346
56.4018669
148.7681274
246.8778381
279.7814636
255.6683655
199.5155640
154.9447479
145.4714355
82.9901428
33.1605110
38.8956108
109.5391846
219.8856506
176.1590881
57.1049919
9.1114311
10.7604532
47.4432373
112.6285324
184.9624939
215.3478546
190.0420837
170.0364990
153.3322754
136.9735718
149.2534485
60.0827332
12.7417831
3.8153996
3.6689327
32.9628448
114.6247025
227.9198914
312.3306274
463.7219543
638.4023438
674.1437378
564.5167236
462.5722351
392.9624023
288.0960693
205.9375916
152.0600281
135.8195801
130.1269531
55.7491493
23.2143879
10.7409601
3.9235597
2.5253477
1.0833157
1.3009975
0.9165760
0.6189148
0.7325366
1.0883420
1.1009995
0.7659500
0.7735217
0.7306621
0.4990414
0.4543523
0.4339233
0.4383399
0.4148234
0.6366033
0.6363260
0.4767842
0.4860174
0.5504110
0.6630527
2.6696799
50.1095276
130.6476440
148.6283569
72.5258331
1.0657402
0.1067277
0.0315829
0.0434495
0.3982010
0.6489636
0.4142827
0.5083086
0.6907521
1.0327973
1.0972890
0.7106823
0.3642590
0.2526621
0.2560788
0.3669999
0.4556858
0.5230684
0.7808712
2.1850038
3.5419877
2.5985720
0.6799119
0.6258678
0.7563757
0.7875607
0.6713082
1.0443674
2.0878396
3.0619469
3.1827600
2.9074647
2.6543419
2.7080882
2.2242100
1.5001683
0.9385873
1.6087151
2.6666017
2.4473581
1.0202522
0.4280305
0.4521369
0.4051681
0.4535542
0.3513476
0.4734026
1.4787151
3.3718987
4.4613342
3.6759257
2.4689817
2.0234907
1.8869300
1.6227103
1.4236676
1.1919003
1.0694221
0.9853101
1.2535523
1.4781034
1.4129601
1.0010152
0.2967437
0.0367629
0.0005434
0.0000000
0.0000000
0.0000000
0.0000000
0.0000000
0.0000000
0.0000000
0.0000000
0.0000000
0.0000000
0.0000000
0.0000000
0.0000000
0.0000000
0.0000000
0.0000000
0.0000000
0.0000000
0.0000000
0.0000000
0.0000000
0.0000000
0.0000000
0.0000000
0.0000000
0.0000000
0.0000000
0.0000000
0.0000000
0.0000000
0.0000000
0.0000000
0.0000000
0.0000000
0.0000000
0.0000000
0.0000000
0.0000000
0.0000000
0.0000000
0.0000000
0.0000000
0.0000000
0.0000000
0.0000000
0.0000000
0.0000000
0.0000000
0.0000000
0.0000000
0.0000000
0.0000000
0.0000000
0.0000000
0.0000000
0.0000000
0.0000000
0.0000000
0.0000000
0.0000000
0.0000000
0.0000000
0.0000000
0.0000000
0.0000000
0.0000000
0.0000000
0.0000000
0.0000000
0.0000000
0.0000000
0.0000000
0.0000000
0.0000000
0.0000000
0.0000000
0.0000000
0.0000000
0.0000000
0.0000000
0.0000000
0.0000000
0.0000000
0.0000000
0.0000000
0.0000000
0.0000000
0.0000000
0.0000000
0.0000000
0.0000000
0.0000000
0.0000000
0.0000000
0.0000000
0.0000000
0.0000000
0.0000000
0.0000000
0.0000000
0.0000000
0.0000000
0.0000000
0.0000000
0.0000000
0.0000000
0.0000000
0.0000000
0.0000000
0.0000000
0.0000000
0.0000000
0.0000000
0.0000000
0.0000000
0.0000000
0.0000000
0.0000000
0.0000000
0.0000000
0.0000000
0.0000000
0.0000000
0.0000000
0.0000000
0.0000000
0.0000000
0.0000000
0.0000000
0.0000000
0.0000000
0.0000000
0.0000000
0.0000000
0.0000000
0.0000000
0.0000000
0.0000000
0.0000000
0.0000000
0.0000000
0.0000000
0.0000000
0.0000000
0.0000000
0.0000000
0.0000000
0.0000000
0.0000000
0.0000000
0.0000000
0.0000000
0.0000000
0.0000000
0.0000000
0.0000000
0.0000000
0.0000000
0.0000000
0.0000000
0.0000000
0.0000000
0.0000000
0.0000000
0.0000000
0.0000000
0.0000000
0.0000000
0.0000000
0.0000000
0.0524148
0.4449243
1.0718114
1.3769007
1.1859781
0.7801081
0.4804069
0.3845374
0.4982525
0.5450425
0.4615121
0.6512175
0.7692847
0.6641229
0.4603661
0.5141639
0.6313322
0.8324426
1.5164932
2.9768672
4.4670072
4.9969172
4.6947780
4.0357680
3.1381497
2.0058913
1.4862514
6.5276451
69.6011734
243.9930878
413.6203308
394.9601135
188.0019684
57.6352768
31.5199547
23.0139275
15.0526218
16.5958157
31.9578686
48.7512627
65.3837891
79.0281296
93.9317474
86.1280060
60.2221832
33.8586273
13.9100838
4.2772074
12.0600481
46.6851082
70.8609619
44.4412079
13.4171200
4.2654166
1.2562487
0.4553522
0.5422816
2.7006907
16.2577896
25.2633667
22.4581814
18.2027836
25.7287102
34.3478165
29.0377560
15.4722872
6.3363886
1.3531601
1.0506378
4.5727901
16.8542328
38.3254890
44.7487335
27.8941460
5.2160273
5.4270649
26.5638504
44.0898972
36.1520844
26.3045521
20.8470879
14.8780804
8.0353470
2.6411219
8.6888599
104.2391663
340.1730347
579.5361938
630.1873169
424.8290405
170.2231598
61.8000908
23.9683285
7.3497219
4.1988573
8.5923405
30.6023979
93.4598312
204.6121521
282.1311646
240.8947449
148.4442291
71.0304413
29.5781517
8.5373249
7.9904814
23.3529510
40.6964035
36.2125320
25.2580719
18.6896744
18.1213627
20.4065914
16.3098583
8.6713839
4.0928421
3.9790020
4.2790136
2.0857570
4.3316703
48.9439049
211.4839783
430.6296692
509.1258850
377.5103455
189.9069366
131.8804321
115.1986237
86.6336441
52.9498863
29.4794426
36.4769859
26.4605389
10.8515310
14.7474194
20.3175926
12.0069294
9.7961149
14.6154251
61.3841019
146.7555389
242.8823395
296.7729492
258.9334412
180.4659729
110.5136719
58.4000549
235.7250214
211.3937225
101.3038406
31.4260254
19.0736904
16.4751396
16.2553101
29.8487225
83.6325607
167.7404327
206.7935486
173.4729462
118.8750687
92.8205566
100.3013763
63.6915283
16.3740959
4.6337004
7.0144668
24.7122192
59.4572678
126.0679626
203.3408966
227.2494507
148.6873016
67.3853836
23.3780174
10.1477251
6.4680443
13.0181732
24.6623135
44.0482864
64.9302673
69.4357910
50.8880386
31.5816898
25.2578030
42.5607948
46.3745079
24.7254181
6.2014627
1.0440444
2.8698511
14.8949919
33.3587074
36.0879059
27.2505131
17.2394447
13.4670095
8.0897093
3.8878391
1.9910982
5.3803325
10.3098774
11.1254148
5.0443168
2.1974823
1.2691171
0.9454165
1.5790912
3.9117365
5.4526558
4.2459517
6.2002478
40.1581573
127.1166229
250.8949585
352.2899780
352.5957947
265.1911316
206.0249176
176.1430511
135.1123199
51.9417267
7.6810889
1.2145495
1.2605252
3.0605168
37.3315620
75.8567200
98.0968399
116.9095078
174.9562225
233.8913269
266.6796265
309.2257690
336.6582642
331.7215576
277.3345947
251.3769073
375.5918579
562.2365723
575.0417480
482.8432312
327.9597168
189.0792084
67.4787979
9.8714828
9.5420609
8.6947594
8.5199833
6.0085363
12.4176579
30.6842003
47.9443588
50.0977478
36.8886490
18.5138626
13.5014572
40.6245308
108.4143524
192.5048981
299.9718323
389.7672729
377.1954956
264.4871826
127.3609619
38.7612534
14.5445509
4.9516716
39.4262657
113.8676300
195.3260803
183.8348999
147.0437775
100.3849411
84.5903397
77.1221924
97.4190292
118.3334045
54.6794815
8.6569309
9.3881397
27.2217770
59.4487419
91.7602081
107.1237488
89.2260284
69.4672165
43.4450760
46.5115356
78.3913193
178.9628448
275.9660034
254.4131927
163.8563538
89.9063416
44.4543381
32.0268669
5.3924809
0.8110916
5.5435758
32.0879288
65.6570435
58.9887848
18.9974861
6.2392559
16.5484600
53.0485344
103.6430588
145.4181824
151.0222168
170.8858337
228.4651642
266.1508484
168.8490601
75.5365295
25.3596001
12.3851528
12.8614635
16.1494751
60.7133713
113.8462982
135.0221100
126.8918381
117.4743729
128.2642975
154.9300537
128.7478943
68.7727051
25.1908188
5.4895325
9.7687235
31.1789703
40.8073235
19.3191223
2.4597020
1.4888065
5.3812580
15.7489719
27.4931259
30.8187733
30.9124546
27.3378601
19.9292641
10.7090416
8.0496416
50.3796425
157.1213531
242.0834961
230.9197998
125.4725876
50.0152893
26.8897381
35.4997330
100.6280441
175.9655151
161.2476501
91.8292160
31.5601959
12.7378445
8.5501041
1.9510751
0.3737658
0.1182198
0.8888431
19.5226364
64.6203079
106.4089355
111.9094391
82.0242310
53.3109360
39.7726822
35.1434097
41.6476669
44.1345711
34.8369179
25.1423512
15.3955564
16.3191814
33.7968674
52.7635612
51.2310867
35.6020889
28.0671387
37.9696426
85.2347107
150.5854034
162.5317230
103.0851746
38.7884712
31.4558926
52.5704918
70.1798477
54.9752312
27.5418129
21.8429871
31.7254848
34.0786743
30.1049042
18.7136421
8.6369839
7.8854456
14.5703583
28.3039856
38.1941910
37.1931381
35.9407120
32.3277740
22.6526604
16.6192093
9.0537081
6.4137974
8.5440683
5.6925321
1.1140937
0.4204237
0.2291062
8.6322107
88.4949951
201.6598206
238.0665894
184.7493134
172.6337280
232.0558472
262.7914429
207.0011902
131.4597321
192.5218811
198.0214386
190.2904510
179.1466370
131.7047119
62.7170601
19.4402676
9.8474903
23.0502949
102.3913422
137.9472809
100.7050629
77.4875717
84.1036072
77.2297668
49.9673882
31.4869595
14.3643532
5.1466875
18.6199703
25.9210625
19.1667347
17.2231007
16.9959526
16.6930218
17.6893921
21.2337646
30.8513298
64.1093292
163.9377289
283.4837341
335.6397400
404.5367737
528.5520020
585.7402954
429.4839478
180.9352722
91.9509811
58.8690987
54.8187599
42.6696815
50.7818375
85.6089859
178.4754333
346.6076355
458.2620544
348.0518799
148.6987610
11.1879072
20.6389046
7.8925691
8.9200478
10.4767838
88.6774216
188.2781677
230.1206360
198.8747559
113.2434082
52.6590424
6.4105906
1.8781257
5.3901529
56.0606079
104.0288086
81.7796707
32.8920364
44.1712799
159.4147339
329.5392456
351.3298645
242.5182495
148.8303375
226.0327454
287.2613525
294.7167969
186.3018951
26.5224724
10.2518692
4.7295227
11.1777048
108.5615845
284.9847717
338.8399048
276.1585999
180.3687897
104.1195297
47.8073387
37.3090134
84.9406662
227.8501892
407.2151489
480.0979614
468.0028687
312.8936462
145.7938538
59.7694168
55.1717377
55.1942825
83.4099426
98.1909027
68.5533981
55.5645523
159.4020233
420.4066162
634.2996216
617.5173340
397.8514709
217.2955933
50.7235031
142.7769623
104.0266876
26.2443695
67.6818161
170.1243896
193.3834076
155.8509064
105.4504013
111.2366028
42.6931534
11.2573786
10.9194622
6.8850799
4.9018259
4.8525925
24.7960033
76.9854050
128.5744171
142.1959686
114.3796082
84.4621201
64.3497162
53.2799721
49.9442215
48.2999916
35.8275299
26.8011818
14.2237873
46.3014412
221.7268524
500.1514587
604.8449707
433.6209717
188.4131165
69.4273911
46.7050552
32.6513824
89.5281448
176.3655548
163.5703735
82.0668716
19.3125954
24.1446533
24.5305252
31.9233074
36.6846161
31.2721710
19.0330944
11.7714291
9.1916008
10.2836218
23.4122200
58.4891853
95.6480560
103.5992050
79.9436035
57.8558960
96.9815826
222.2288208
320.2356873
358.8446655
372.6212463
354.0998535
233.4002533
74.7372208
28.2722511
18.6308632
16.9628563
41.0258713
26.7880917
10.6740246
12.7777548
10.5246210
7.7702885
5.0541101
2.4325125
0.7063614
1.9406904
29.4275017
79.6320419
109.7973404
98.5210190
72.6677170
56.1886063
39.2485733
30.8910732
20.2103481
13.1307678
41.2114906
61.9461060
62.8696404
55.5422134
57.5390549
61.1681442
39.7607040
33.5829964
41.6921577
47.6247101
40.2465057
27.4531803
22.6758938
15.6528416
7.3096642
2.1373014
1.9249616
2.0971727
1.7857568
1.6020721
1.8118587
2.4060550
8.0505514
24.4379578
40.3401146
54.2696533
88.7966614
116.2078171
103.9848480
79.8522491
63.6785889
37.2633743
42.5897026
87.0222321
107.9634323
160.7474365
239.9600525
296.0144653
284.4914551
235.7725677
174.2025757
118.6615753
79.2135086
44.6099586
24.1529560
35.3796425
61.1398163
97.0836105
111.2944031
83.9059296
42.8731575
20.7029934
17.3411694
32.5000992
60.1129150
64.4545898
48.7865715
39.9860153
26.8763885
7.0612454
0.2811452
0.2012496
15.3780384
66.0360184
108.0274658
108.2366867
80.1441727
47.1536903
15.4670601
7.1167216
4.3781681
31.2798462
88.0149841
138.4470062
140.0826569
129.2070007
189.1486053
333.0580444
481.6059570
550.1724243
433.8938904
217.2640686
68.5758972
6.9299541
12.9727402
1.6722829
4.9410858
18.5326881
35.8026810
42.0748482
35.7561340
26.3993263
20.7086143
18.4349861
14.6398067
9.9783268
6.7512670
4.5693736
2.2912967
2.7241378
20.1646252
50.9486351
54.1736832
29.0643787
18.3575344
33.8194847
65.2114639
86.7872162
89.4941788
66.1548996
29.6988220
9.9413195
11.8116035
27.1145954
67.5892410
123.5782089
156.4484406
155.4812012
160.6009216
199.0942841
270.3580017
297.9514160
246.9280701
127.3867722
58.0445976
22.2664700
18.1370506
8.0328817
17.5212116
27.0146980
33.4372368
46.3918800
50.4290771
29.0881824
14.1377010
16.6871357
26.1150017
35.6353722
30.9098721
20.6684799
12.5348606
2.4328320
0.4935314
5.5555468
44.2209320
79.7234955
62.6945724
19.1673546
10.6575117
19.2934208
38.9283180
60.5652695
66.4637680
44.3385124
38.2581749
59.6325455
74.7200851
58.6970596
41.9962730
41.8085709
56.9851418
82.9540939
127.1373596
150.0515442
110.4784088
50.5233994
46.3309937
35.3522377
27.1458473
44.9142799
90.2888718
114.0623093
74.0000839
48.1538620
26.7110939
22.4907074
12.0341377
2.1920867
0.7761608
1.2751641
7.8548279
16.3571434
21.3258362
32.7024765
35.8152161
28.2578983
15.9946098
14.8561401
21.0088177
35.1570549
48.7200966
36.7777367
14.3078709
6.2064619
2.3524714
15.3451147
38.8549423
52.0558395
51.4231262
48.4629059
37.9523888
22.8669014
11.2115345
5.7988682
2.4873199
1.9847186
4.0620427
7.9142780
11.0887671
11.1741161
9.6759186
8.8160315
7.7756290
7.2250423
7.1958442
7.2490711
6.5851479
6.3861003
6.2709064
6.0231905
5.4986315
4.3043957
3.6520581
3.1502461
2.4221342
1.4330832
1.0603750
0.9294813
2.6843433
9.3648052
18.8876553
26.1011543
31.0264111
39.6785126
53.2249146
57.7266121
47.3743057
32.8650856
29.1220016
34.2210732
37.1759453
32.9978943
41.3701248
93.0857086
168.6909790
187.7100067
144.5172882
112.6981964
101.4876022
150.8988342
171.4366455
143.3329163
92.5350113
39.3539505
12.6920738
5.6156240
25.4425697
65.2298279
100.4882660
120.4183884
150.4567261
159.7822266
161.7763824
189.3649292
296.2219849
379.2955627
263.4913940
115.6365356
45.1087608
84.4344101
48.3064957
30.6374111
57.5959702
82.7976456
48.7345543
13.6372862
3.2567239
8.0048590
9.9996681
13.4385395
33.9095345
59.6869736
64.2921143
46.7799606
27.5920658
12.6394558
5.8315225
29.3049488
131.3523254
276.1732178
352.2923279
285.2770081
124.3632736
37.7562370
9.9962225
1.5805702
4.9035411
43.4806671
99.3896408
99.5203400
77.6022873
46.6119499
37.1935959
36.4038010
69.9699783
93.1131668
96.3145752
75.6592560
33.1296234
6.4594378
2.0702171
1.4309542
1.0003409
15.8372097
93.1390762
256.0873108
586.3532715
980.7817993
1086.4766846
796.1009521
390.7601318
352.6513672
381.2325134
309.4476929
187.5977173
89.7598877
19.1810398
30.7358627
22.9914722
20.4447536
37.9046631
49.2237320
81.2293015
81.5886230
38.5093422
60.4914246
126.4993057
243.4277649
224.0782471
120.4243851
48.1941986
8.5060177
2.8501940
2.9871542
6.7264013
21.6684151
93.0206299
212.7319641
274.6460571
248.8841705
190.6777802
177.3858490
110.4266968
52.6870728
23.7485600
38.9980545
95.6554565
169.8062439
195.4670868
181.1802979
128.0323029
59.4355354
12.9554529
1.2937058
2.7248621
27.7843590
70.4015350
56.9156647
25.5970955
14.7995214
22.1232986
20.0378323
23.6482887
26.8991108
24.8692608
24.3902817
25.9459839
25.3863926
19.7168179
14.5295839
15.9408283
21.1810684
23.9381905
19.6853695
7.9941397
1.7611725
0.7784280
0.5840784
0.7032832
0.2759713
0.2274171
0.4650985
0.6899454
1.8372065
33.9165688
124.0595398
239.7674561
384.3493958
515.8638306
576.6851196
577.8668213
422.1587219
244.9848633
89.4187469
12.3886480
0.9424946
0.3291754
1.8240478
6.4116793
17.9843578
48.9715729
137.4213867
270.4660645
394.0331421
409.8758545
344.7375183
235.1689301
134.6168213
41.7401924
7.8056459
4.4185166
6.0737734
92.6174469
315.1112976
508.7138672
570.3400879
507.5615234
405.6651611
305.1802368
233.3441162
173.9356079
164.1094360
322.1707458
345.2029419
194.1233673
43.9410706
4.3406930
1.4086195
3.8978577
44.2735825
154.7537537
234.6550903
287.3765869
282.6321411
172.3920898
49.7276764
21.1319923
28.6326008
88.5014343
164.1270905
114.5474014
30.8252068
6.1644373
7.1333508
7.4827747
57.4988556
164.4663391
263.5281982
268.6578369
171.2595367
50.0861206
24.7723694
14.6678400
6.6388321
10.1416216
25.4066086
39.7909927
51.9336319
76.6888199
96.9659805
89.4944382
123.3730850
241.0698090
356.4843140
321.8766785
143.6411438
23.8794403
2.0437098
2.8527946
30.3330555
71.2615814
60.2991676
24.8671703
11.0684786
16.8508472
35.6957550
55.3911171
61.6149673
66.7203598
85.2483826
86.0993805
65.8807449
55.4515686
67.7156906
63.6059113
51.3393707
30.9079151
9.8513813
4.7319641
3.4291124
8.2731781
27.7023048
78.4532776
157.9200134
285.9954834
566.0786133
869.5986328
830.3651733
490.1810303
171.7174530
48.9056740
30.9364014
16.6350784
12.2861929
7.3231540
0.9167199
0.7648796
1.1560276
2.5206137
3.5753257
4.4237838
8.9071045
14.6293554
13.5882950
8.7562466
15.5202160
59.4213791
170.7259521
451.7867126
934.2850342
1245.7573242
1136.4716797
933.5062866
569.2207031
201.3657074
7.2446294
0.2468260
0.2455970
10.9560986
66.9281769
115.0765686
120.3689804
98.2824631
88.2262650
96.5061646
114.8126755
109.8600159
63.8396187
33.7676697
55.8237190
56.3996010
30.6172428
3.2748966
4.9309673
36.8485184
88.4891434
110.3880844
147.4122162
332.9833374
621.3049316
738.0429688
581.7211914
424.0903320
489.8504028
509.2268372
352.5062256
204.3376160
92.3345642
35.2434273
14.8867607
4.4516888
1.7920592
0.5995181
0.1304109
2.4242005
16.7646103
28.1868591
22.9630337
7.4382582
1.1070442
0.2884682
0.1964210
0.2369042
0.1590630
0.2670696
0.6396135
1.0781300
1.3430010
1.6230685
1.8024561
1.6778699
1.2429878
0.7923502
0.7315044
0.7744266
0.9623680
1.0822268
1.2978044
1.6427662
1.6767248
1.0973364
0.4145301
0.3407086
0.7390208
2.1566603
3.0633688
2.8066432
2.4856207
2.0082533
2.1238594
1.9757508
0.9216892
0.2507984
0.0373958
0.0016311
0.0000000
0.0000000
0.0000000
0.0000000
0.0000000
0.0000000
0.0000000
0.0000000
0.0000000
0.0000000
0.0000000
0.0000000
0.0000000
0.0000000
0.0000000
0.0000000
0.0000000
0.0000000
0.0000000
0.0000000
0.0000000
0.0000000
0.0000000
0.0000000
0.0000000
0.0000000
0.0000000
0.0000000
0.0000000
0.0000000
0.0000000
0.0000000
0.0000000
0.0000000
0.0000000
0.0000000
0.0000000
0.0000000
0.0000000
0.0000000
0.0000000
0.0000000
0.0000000
0.0000000
0.0000000
0.0000000
0.0000000
0.0000000
0.0000000
0.0000000
0.0000000
0.0000000
0.0000000
0.0000000
0.0000000
0.0000000
0.0000000
0.0000000
0.0000000
0.0000000
0.0000000
0.0000000
0.0000000
0.0000000
0.0000000
0.0000000
0.0000000
0.0000000
0.0000000
0.0000000
0.0000000
0.0000000
0.0000000
0.0000000
0.0000000
0.0000000
0.0000000
0.0000000
0.0000000
0.0000000
0.0000000
0.0000000
0.0000000
0.0000000
0.0000000
0.0000000
0.0000000
0.0000000
0.0000000
0.0000000
0.0000000
0.0000000
0.0000000
0.0000000
0.0000000
0.0000000
0.0000000
0.0000000
0.0000000
0.0000000
0.0000000
0.0000000
0.0000000
0.0000000
0.0000000
0.0000000
0.0000000
0.0000000
0.0000000
0.0000000
0.0000000
0.0000000
0.0000000
0.0000000
0.0000000
0.0000000
0.0000000
0.0000000
0.0000000
0.0000000
0.0000000
0.0000000
0.0000000
0.0000000
0.0000000
0.0000000
0.0000000
0.0000000
0.0000000
0.0000000
0.0000000
0.0000000
0.0000000
0.0000000
0.0000000
0.0000000
0.0000000
0.0000000
0.0000000
0.0000000
0.0000000
0.0000000
0.0000000
0.0000000
0.0000000
0.0000000
0.0000000
0.0000000
0.0000000
0.0000000
0.0000000
0.0000000
0.0000000
0.0000000
0.0000000
0.0000000
0.0000000
0.0000000
0.0000000
0.0000000
0.0000000
0.0000000
0.0000000
0.0000000
0.0000000
0.0000000
0.0000000
0.0000000
0.0000000
0.0000000
0.0000000
0.0000000
0.0000000
0.0000000
0.0000000
0.0000000
0.0000000
0.0000000
0.0000000
0.0000000
0.0000000
0.0000000
0.0000000
0.0000000
0.0000000
0.0000000
0.0000000
0.0000000
0.0000000
0.0000000
0.0000000
0.0000000
0.0000000
0.0000000
0.0000000
0.0000000
0.0000000
0.0000000
0.0000000
0.0000000
0.0000000
0.0000000
0.0000000
0.0000000
0.0000000
0.0000000
0.0000000
0.0000000
0.0000000
0.0000000
0.0000000
0.0000000
0.0000000
0.0000000
0.0000000
0.0000000
0.0000000
0.0000000
0.0000000
0.0000000
0.0000000
0.0000000
0.0000000
0.0000000
0.0000000
0.0000000
0.0000000
0.0000000
0.0000000
0.0000000
0.0000000
0.0000000
0.0000000
0.0000000
0.0000000
0.0000000
0.0000000
0.0000000
0.0000000
0.0000000
0.0000000
0.0000000
0.0000000
0.0000000
0.0000000
0.0000000
0.0000000
0.0000000
0.0000000
0.0000000
0.0000000
0.0000000
0.0000000
0.0000000
0.0000000
0.0000000
0.0000000
0.0000000
0.0000000
0.0000000
0.0000000
0.0000000
0.0000000
0.0000000
0.0000000
0.0000000
0.0000000
0.0000000
0.0000000
0.0000000
0.0000000
0.0000000
0.0000000
0.0000000
0.0000000
0.0000000
0.0000000
0.0000000
0.0000000
0.0000000
0.0000000
0.0000000
0.0000000
0.0000000
0.0000000
0.0000000
0.0000000
0.0000000
0.0000000
0.0000000
0.0000000
0.0000000
0.0000000
0.0000000
0.0000000
0.0000000
0.0000000
0.0000000
0.0000000
0.0000000
0.0000000
0.0000000
0.0000000
0.0000000
0.0000000
0.0000000
0.0000000
0.0000000
0.0000000
0.0000000
0.0000000
0.0000000
0.0000000
0.0000000
0.0000000
0.0000000
0.0000000
0.0000000
0.0000000
0.0000000
0.0000000
0.0000000
0.0000000
0.0000000
0.0000000
0.0000000
0.0000000
0.0000000
0.0000000
0.0000000
0.0000000
0.0000000
0.0000000
0.0000000
0.0000000
0.0000000
0.0000000
0.0000000
0.0000000
0.0000000
0.0000000
0.0000000
0.0000000
0.0000000
0.0000000
0.0000000
0.0031259
0.2318733
0.8455399
1.5001521
1.6533022
1.1435475
0.6046659
0.4287834
0.4723459
0.3944539
0.4626161
0.4607894
0.4738935
0.4598911
0.4356971
0.4820950
0.5637104
0.5283378
0.4350639
0.3350753
0.3674711
0.3494507
0.3585168
0.4572785
0.5843217
0.5997865
0.7611294
1.1197591
1.3041170
1.2569883
1.3063052
1.5336233
2.6898131
9.6355991
31.5362930
70.8403320
118.3145142
143.6033173
122.9776459
82.3613892
52.2929573
32.8618393
14.8732328
34.9181519
37.9462166
21.6256866
18.2181702
38.3301964
45.1662560
40.9792099
24.0011654
3.5079367
0.4205526
0.2976485
0.5067291
1.1238447
0.9395238
0.4977216
0.2223503
0.3970811
0.6969895
1.0935464
0.9254775
0.5064923
0.3858882
0.3968794
0.3065096
0.3492956
0.4491482
0.6340950
0.5283058
0.3673022
0.3873326
0.4812697
0.5732719
0.5858659
0.4787661
0.4870591
0.5227490
0.5708240
0.4427576
0.4798644
0.6551105
0.5839641
0.3741004
0.3920538
0.5885276
0.7026475
0.6199427
0.5645850
0.5373213
0.4126076
0.3148480
0.3913084
0.4783008
0.6160621
10.1886749
41.8915863
92.4588089
143.1238861
151.1812592
102.3288879
64.2633286
82.4617386
111.5197754
109.3465424
90.1306610
83.1254654
129.0837708
100.7807922
55.2849998
34.8809967
26.2468262
20.8385048
36.9391479
188.7018585
529.5327148
832.2725830
750.0624390
422.9884033
125.0359650
95.1151657
76.0285721
45.4278870
26.8398285
9.1871872
40.1057396
61.3677979
57.0468712
49.8492661
37.5525818
30.3136826
26.5389786
43.1991959
54.3410149
90.4486694
128.8207245
128.9632874
132.8173828
155.9964142
208.9658508
266.3865051
268.6788330
164.5106354
38.7274818
6.2773380
30.4224758
118.4551468
214.1061554
253.5916748
233.2373047
172.8816376
104.8776703
49.6891174
39.5969315
35.2869759
70.7438354
144.5043030
157.9656677
134.0856171
92.5425339
51.2760735
59.1774292
75.2245865
79.0175934
72.8142014
77.8034668
90.6791153
121.6542969
206.6526947
258.6676331
231.8899078
158.7932739
111.8661880
120.6524658
121.7982025
72.4694366
7.3513012
19.2954731
188.2810516
504.8265381
700.6291504
619.3149414
472.6698914
257.1397400
72.3088608
59.0485878
234.1274109
345.8809204
278.5508118
167.1977997
136.7816010
155.1871338
203.7794952
215.7630920
166.9438934
144.1219177
133.8896790
114.5782013
141.0854645
235.5534515
322.0601807
359.4732666
262.2479248
137.9382172
42.0129128
28.9401093
28.3186264
62.4067039
134.2109375
195.3088684
186.6138458
146.7735291
116.4489899
101.8066177
105.2288589
107.9480743
110.4625854
141.9421692
159.4783173
139.8973236
95.0969467
103.5399933
204.2942810
322.6878052
222.0812836
88.9278564
31.5543385
12.4312868
28.1529999
76.3375092
92.4478073
73.3234177
36.7104721
29.6676426
12.2212086
5.7377725
5.4398966
2.7446976
8.3599796
14.9937468
10.1365833
1.9188513
12.5743513
39.7650414
50.6881599
29.4533234
6.5163617
1.2333422
2.2524621
26.9051781
72.2736435
108.3780289
127.6684113
135.8429718
122.0883789
98.3716583
79.6683273
61.8418579
54.2091980
64.3300934
67.5311050
66.3992538
65.4757080
69.3591614
85.6802216
95.1911545
75.1097870
31.5169449
13.7142220
94.9150085
368.4880676
666.6765747
698.5975342
410.6295166
94.7072983
21.4584160
14.9932346
33.1983528
81.0440903
152.6896210
204.4342041
197.6030273
151.8564758
118.8138428
109.1454163
104.5979004
135.3134918
227.8495178
321.2520142
402.4154358
396.5253296
252.8481293
217.9988708
379.7108459
616.2233276
582.0701294
323.5646973
167.3221741
81.7073212
236.0417023
192.1010742
61.1094627
49.2394981
32.7127724
30.7246590
27.5300140
32.3879852
53.8629341
109.4932709
180.8029175
185.2218018
114.8265533
38.2541580
54.3823624
160.4088287
329.2467041
390.1152954
344.6218872
325.3433228
480.3529968
527.1532593
409.4309387
274.4491577
199.7092285
181.0699768
146.1094971
106.7515793
50.5615921
19.6741295
2.9185998
7.0429783
13.6335468
23.0543690
36.6053009
47.1012802
45.6697655
36.6016617
27.8059406
24.4314461
23.2320747
18.5852089
12.9961624
7.2471423
2.6274076
0.8551751
0.6334346
46.5385666
202.6420898
423.2260742
612.7045288
579.7462158
311.4805908
83.5702972
16.7114944
16.6929054
33.4954796
50.5242615
89.2878952
108.9235611
95.1547089
55.3299904
28.9479828
32.7173462
41.2761269
99.1330414
155.9667358
147.6424255
118.1842957
99.0333939
85.3980255
116.5986862
251.6022339
412.7286377
391.9798889
225.0089264
98.9166489
38.4693184
19.1895657
18.6615257
141.9932556
358.2287598
368.3238220
223.9422607
67.6051941
19.8016567
24.4189491
37.4515190
46.0640755
54.2081757
54.3724365
48.7860527
28.3810902
9.6758718
2.2335243
17.8914337
81.9836807
163.9589233
237.7988129
337.5550537
404.0507202
332.3667908
152.9227753
54.3761139
20.2290287
9.5397682
45.4657364
175.0621643
250.2519379
226.3952332
118.2026138
54.4357986
27.6497536
27.8968773
67.3974152
148.6298676
184.5798645
131.8641357
61.3206902
33.7577400
20.7145367
16.2410965
38.5167389
99.4747009
118.6919861
97.7113419
49.7333183
39.0637436
74.1584778
76.2010803
58.8636017
43.6504478
23.1982136
4.7773123
24.4140358
92.2832336
210.7251129
316.1562805
318.5546875
217.9401855
100.0575333
33.6958656
14.2007103
30.7771244
32.9419556
23.5562859
13.1581583
13.0420818
19.1356468
87.9775848
223.0481873
304.2775879
248.2843475
122.9290771
50.0844536
10.9953022
1.4409058
4.3420677
35.3918991
107.3587875
138.8221130
114.0091248
77.2783966
42.1836052
45.0246429
33.7715836
16.8889351
9.9780979
24.8513470
143.4884949
340.8407898
448.8247681
383.6545410
221.8080750
83.9200974
34.4952202
5.6950436
6.1671028
13.3541641
97.7765656
242.5313263
315.7491150
291.9754639
215.5981903
254.8547668
345.3431091
275.0504456
107.3119583
45.4769020
29.8444729
71.8255920
126.8826141
151.5151978
147.5083008
134.3385773
184.3383636
321.4756775
450.6789551
450.0643921
397.5626526
425.5112915
472.4005432
237.2204742
50.1081200
19.5446091
99.6104813
351.1419678
569.0431519
456.1840210
190.3125000
50.3222961
11.7038174
12.8370266
34.0735168
69.9143066
138.9938812
204.5652924
213.0648651
165.3183289
74.9910126
33.6479836
48.9450760
83.3817978
124.1895905
106.6368256
60.9071274
70.7816010
134.4204865
149.6170349
54.0750465
27.3122292
19.1699677
17.8118973
28.5708466
22.8118439
11.1631126
7.1200562
1.9377820
10.2299423
29.2779255
74.0612030
224.3354950
507.4750061
929.5295410
1197.9595947
968.6386719
490.0740356
92.2670746
54.7233276
54.8470764
45.3020134
48.0307770
134.2421265
199.8213654
170.3818970
78.4800568
12.5523653
6.1478167
3.2538266
2.6791849
10.2494574
73.3490219
151.1971283
204.4134521
221.4224701
194.5324860
163.8891296
107.3599014
51.8707657
17.8798656
32.5074692
6.3802872
3.3271949
1.7130698
33.9597092
140.7487183
242.2540741
233.1745148
116.9487305
16.2068844
2.8722219
22.4789715
91.5496597
164.9973755
190.9985962
198.8635559
208.5118408
176.1812897
114.5279846
29.7639198
30.2043190
31.0130672
29.4799366
14.3078527
12.3954153
35.2873306
52.0960083
49.9844475
37.4249191
24.0443802
17.0581474
14.8420391
13.9779253
13.4124403
11.2880287
10.0965748
9.9090462
11.4827633
13.8280563
16.4460087
15.9093828
10.2728710
3.6674247
0.8248046
0.1260999
0.1333538
1.6266363
15.5722656
81.2540970
191.0016479
288.3632507
381.3098450
529.0749512
701.9277954
814.9244995
735.7515869
455.0512085
197.7249603
107.3910828
77.0318069
58.4718628
54.0801315
84.7136688
158.6749115
139.1706543
107.5243225
94.3341904
58.6755219
51.8996429
71.3143997
96.7646332
172.6005402
198.4151459
153.3715057
89.9112854
35.7604065
29.3208332
123.5050430
297.5438843
379.4252625
285.7214661
215.2449646
182.2086334
144.3776245
86.0765305
26.5851879
22.4005413
21.8956757
18.2290554
9.4083261
30.7393436
48.5878563
36.6556473
12.6533489
13.0778446
25.1639690
80.3727036
142.0413361
167.0758057
168.8431091
144.0879211
117.2935715
98.5565643
80.1273041
39.9297943
35.9693565
31.0666466
54.1980057
65.8897858
51.5813713
16.5928688
0.7848991
1.3933802
9.3022346
15.7070179
7.3839698
3.0600140
7.4550982
15.3958254
16.7029152
8.5675211
4.4143677
3.1217613
2.8329597
3.2868688
3.8049674
4.0106721
5.0242143
7.0699143
8.9057446
9.4575634
8.6564808
7.0387797
4.3237610
5.8552089
51.5822525
201.5406799
383.3879700
426.5723267
271.4733276
110.2226639
14.8903656
1.3380038
3.5094736
80.2422638
202.4586334
289.2760620
285.7056580
189.2190857
54.2373466
18.7389832
26.3360310
87.2402878
177.5282593
156.1404419
77.7235336
52.7868271
33.1427231
22.1927910
24.7272034
44.9595604
79.5794678
152.3285980
269.3570557
422.4729614
543.1019897
511.7015686
371.9525146
227.4056702
177.0215607
186.0909271
207.1550293
94.5176849
14.3002462
6.7937689
7.1283174
15.2452993
23.5716839
26.9568386
29.1711445
93.8929367
279.3251648
440.6586304
443.1929016
344.1859436
294.3272095
234.6860809
184.1587524
177.8988495
188.7836456
114.4158707
30.3834286
3.5844600
5.4247618
52.3249931
163.7165222
265.3710327
260.9374695
156.4989014
49.2149620
13.7033176
9.0237532
6.2980800
4.7912912
9.2908010
30.4098129
53.8469658
72.3080750
85.7817001
93.6886444
88.0813370
67.7661591
48.6066818
30.1273708
55.8199692
49.7912636
40.1135750
40.0723534
59.5016251
69.1708527
36.9407616
23.6222858
26.3584366
19.9928398
27.9741402
40.2593803
45.4003525
42.7094650
28.7661705
16.1621151
8.3630075
7.6084223
8.9774714
9.7529535
8.5859241
7.7615099
6.9975872
6.5178194
6.3045611
4.7840867
2.8322101
1.9633234
1.2678871
0.9547200
1.0622543
0.9578431
1.1268272
1.2491546
1.2271996
0.7824982
0.5078548
0.8374059
0.8033206
0.6064811
0.4444644
0.4432142
0.4183386
0.2937339
0.0931603
0.0256262
0.0061253
0.0000007
0.0000000
0.0000000
0.0000000
0.0000000
0.0000000
0.0000000
0.0000000
0.0000000
0.0000000
0.0000000
0.0000000
0.0000000
0.0000000
0.0000000
0.0000000
0.0000000
0.0000000
0.0000000
0.0000000
0.0000000
0.0000000
0.0000000
0.0000000
0.0000000
0.0000000
0.0000000
0.0000000
0.0000000
0.0000000
0.0000000
0.0000000
0.0000000
0.0000000
0.0000000
0.0000000
0.0000000
0.0000000
0.0000000
0.0000000
0.0000000
0.0000000
0.0000000
0.0000000
0.0000000
0.0000000
0.0000000
0.0000000
0.0000000
0.0000000
0.0000000
0.0000000
0.0000000
0.0000000
0.0000000
0.0000000
0.0000000
0.0000000
0.0000000
0.0000000
0.0000000
0.0000000
0.0000000
0.0000000
0.0000000
0.0000000
0.0000000
0.0000000
0.0000000
0.0000000
0.0000000
0.0000000
0.0000000
0.0000000
0.0000000
0.0000000
0.0000000
0.0000000
0.0000000
0.0000000
0.0000000
0.0000000
0.0000000
0.0000000
0.0000000
0.0000000
0.0000000
0.0000000
0.0000000
0.0000000
0.0000000
0.0000000
0.0000000
0.0000000
0.0000000
0.0000000
0.0000000
0.0000000
0.0000000
0.0000000
0.0000000
0.0000000
0.0000000
0.0000000
0.0000000
0.0000000
0.0000000
0.0000000
0.0000000
0.0000000
0.0000000
0.0000000
0.0000000
0.0000000
0.0000000
0.0000000
0.0000000
0.0000000
0.0000000
0.0000000
0.0000000
0.0000000
0.0000000
0.0000000
0.0000000
0.0000000
0.0000000
0.0000000
0.0000000
0.0000000
0.0000000
0.0000000
0.0000000
0.0000000
0.0000000
0.0000000
0.0000000
0.0000000
0.0000000
0.0000000
0.0000000
0.0000000
0.0000000
0.0000000
0.0000000
0.0000000
0.0000000
0.0000000
0.0000000
0.0000000
0.0000000
0.0000000
0.0000000
0.0000000
0.0000000
0.0000000
0.0000000
0.0000000
0.0000000
0.0000000
0.0000000
0.0000000
0.0000000
0.0000000
0.0000000
0.0000000
0.0000000
0.0000000
0.0000000
0.0000000
0.0000000
0.0000000
0.0000000
0.0000000
0.0000000
0.0000000
0.0000000
0.0000000
0.0000000
0.0000000
0.0000000
0.0000000
0.0000000
0.0000000
0.0000000
0.0000000
0.0000000
0.0000000
0.0000000
0.0000000
0.0000000
0.0000000
0.0000000
0.0000000
0.0000000
0.0000000
0.0000000
0.0000000
0.0000000
0.0000000
0.0000000
0.0000000
0.0000000
0.0000000
0.0000000
0.0000000
0.0000000
0.0000000
0.0000000
0.0000000
0.0000000
0.0000000
0.0000000
0.0000000
0.0000000
0.0000000
0.0000000
0.0000000
0.0000000
0.0000000
0.0000000
0.0000000
0.0000000
0.0000000
0.0000000
0.0000000
0.0000000
0.0000000
0.0000000
0.0000000
0.0000000
0.0000000
0.0000000
0.0000000
0.0000000
0.0000000
0.0000000
0.0000000
0.0000000
0.0000000
0.0000000
0.0000000
0.0000000
0.0000000
0.0000000
0.0000000
0.0000000
0.0000000
0.0000000
0.0000000
0.0000000
0.0000000
0.0000000
0.0000000
0.0000000
0.0000000
0.0000000
0.0000000
0.0000000
0.0000000
0.0000000
0.0000000
0.0000000
0.0000000
0.0000000
0.0000000
0.0481190
0.4612282
1.2442074
1.7624985
1.7129431
1.8334885
2.6611507
3.6267486
3.8549199
3.4931030
2.6260755
1.9000303
1.6163348
1.2763770
1.1165454
1.1937340
1.9731467
7.8460875
19.6095848
60.8290291
155.8999634
236.4097900
215.3666687
104.9411240
43.9407082
48.2903709
49.4069176
33.4304848
20.4139137
11.4272032
26.9091549
41.9474335
73.5087204
175.4860840
294.3656616
300.7687378
201.8683624
133.4922791
208.2362213
316.0751953
259.4544373
158.1685028
75.8097229
47.7334061
27.4676380
7.6981430
4.8461661
7.7425084
41.0676193
99.4085464
166.1215973
206.6710052
168.9111633
58.2811737
10.5173159
8.5250797
43.4606667
73.3945847
59.2532959
24.4660835
11.4883909
44.7450447
216.6106415
507.5588074
684.7001343
571.5864868
310.8667603
143.1549377
74.2545013
50.5032578
48.7466125
59.0245514
136.0993042
169.9091187
119.4509506
78.7818756
64.5445404
45.3517876
43.2822456
10.3825512
2.0041552
5.9601569
24.1468124
78.3934097
175.5822754
268.3628235
280.5586243
218.1915894
163.8346252
218.1331940
228.7448425
142.2211304
51.7516212
9.1611137
10.9235544
16.2291317
20.7505302
16.4778786
10.4348888
26.2636089
60.1261101
71.4821777
50.1952438
39.8440132
32.8149185
51.9935875
106.7677231
174.1261139
183.6916656
128.2477570
51.9907837
10.4876404
21.4519615
73.6571655
117.9216232
123.8914719
100.0505219
95.7637787
89.1592560
75.5006409
62.7938766
41.6682091
24.7923889
37.5399323
107.6347961
131.6608124
106.0973358
79.7337112
55.8041840
28.4421158
41.1176376
134.3692169
240.5159912
268.2397766
219.8415833
172.5119171
131.0740967
68.2369232
12.9175625
11.9579391
5.9673157
1.4355268
4.1446843
12.9882202
19.3149967
17.7339497
14.7425432
13.7920084
14.3795328
14.6489048
14.0056171
13.7645884
14.3535957
13.5224714
8.3894405
6.7386723
16.7361336
59.5516434
119.5623016
130.6604919
97.5990906
70.3978577
50.6394043
24.2447701
13.4093533
16.1924515
50.1162109
80.3632965
80.3639603
52.8646889
20.4937019
6.7980103
3.1536484
1.9837551
4.7509780
16.2773991
13.7471132
12.4006939
19.3328876
33.6846085
47.5445023
67.4835663
111.9589996
172.6393738
229.5027161
250.4017181
230.9221497
183.0267639
138.5783844
94.3538513
72.2618027
82.1256332
80.1782303
61.8184395
39.4672394
19.5918732
34.0443687
16.9917240
5.6930265
3.6971674
4.1569886
5.4218817
13.8093777
47.9331970
84.6017914
90.3773880
68.5706863
50.3175201
32.9996262
34.9692459
91.8315277
102.6445618
77.6592026
52.1507263
44.9460297
93.9051132
164.2331390
143.0710754
143.5359650
174.0885468
181.9504852
111.8782883
29.2508316
76.4406281
73.6772079
44.7451744
21.1314564
6.8869238
16.2546902
81.7606354
169.8900452
155.8502808
93.6075363
47.6404037
15.5003414
3.2362554
0.8975624
3.6247890
10.7040710
19.5990295
19.2778492
15.2723446
8.7067661
3.7860239
0.5040815
0.6509820
17.9140873
85.2094116
151.1375122
155.7636261
102.6891022
81.6646042
58.3040504
61.6718712
105.6376266
114.1834259
97.1231995
154.2869568
247.1822205
194.6866455
121.2858429
82.0347748
49.1391830
23.4526443
37.6235008
26.0734863
7.8167229
2.2959118
7.1547894
21.1409187
32.4917526
36.2581215
39.6687050
42.6345940
39.6479721
34.0496521
24.4123344
16.3298798
14.2361879
92.9755020
308.5233459
458.3400879
373.4165039
183.6187897
92.2014465
61.2923164
48.3652153
52.1512833
58.1893234
87.5583801
164.3570404
214.9342346
181.3570709
111.1106110
68.4958191
40.0861893
57.2621307
102.7154999
126.6550751
129.6676025
111.4246445
76.7973938
58.7568588
58.9232368
47.2654076
37.7110329
37.4126053
49.3166809
48.0143433
21.2629528
5.8583574
1.1632062
0.2790865
0.0753112
0.1113878
19.7538948
96.3166046
247.4223633
457.5488586
630.0792847
609.2990723
404.0239258
258.6571350
212.1298065
217.3562927
172.4152222
154.9380798
149.0700226
218.7756805
488.1038208
511.7653809
338.8209229
217.9775848
155.6656799
109.3506241
118.0136566
86.4258270
26.9456863
7.3986888
10.6142330
49.8894730
87.6668015
64.4762878
41.1328316
37.5451698
75.8014832
116.5941925
111.3269653
93.1615067
102.3445587
89.7145691
63.5994415
24.3819256
19.5503368
12.4238930
12.2403374
16.0328484
22.1270027
24.7739067
25.0569153
25.3097992
24.7191353
20.9162064
15.6631832
17.3032436
40.5195465
97.4086990
142.7282104
143.8129883
145.4901428
146.1553040
166.2219086
189.0502014
234.8735809
250.0261841
241.0001221
175.8290710
95.6914215
50.2635651
51.4189682
88.2113190
179.2940826
220.5333862
198.1053314
225.1743164
209.2430878
139.1704559
87.2704315
142.9722595
98.0836487
41.9244003
44.6338234
49.8961067
37.4599876
25.0667114
11.1733837
31.1188431
59.4840469
74.4145660
63.1450195
39.1420746
24.0695724
19.2076511
14.3945589
8.4291210
19.3906155
109.9603577
244.8203735
274.1003723
173.7762604
76.6788025
50.2414284
30.7350883
28.1866932
52.3227425
96.2981567
85.1221085
66.1626511
101.9790649
131.7124939
114.3695221
59.3478699
23.1381454
19.5034752
24.0338497
37.8495560
105.2011261
236.1286011
317.2359314
260.8613281
132.0361938
34.2742996
10.9412985
0.5133194
0.0854248
0.7038261
42.5625763
176.0386810
322.5558472
399.4008789
485.1485291
565.2374268
498.9693909
250.7780914
80.4481430
47.6453056
179.9227142
182.0363312
102.0943298
54.9517479
42.9650536
26.1697063
6.3786263
5.6159945
19.0144348
33.6229248
41.1458855
44.3585663
46.1685944
42.0487061
27.3927460
17.9416637
78.7658539
247.9868317
369.3285522
314.3539429
166.8988647
89.4826813
80.4597626
81.6660843
96.7206726
115.3157272
73.6259384
63.7818298
37.7882309
20.2006187
10.0359859
9.8968306
13.4419861
21.3856087
31.4000511
60.4410782
95.6326523
132.5444031
246.9338989
446.6358032
539.1885986
422.8262634
236.2145538
140.7985687
81.5246582
51.4708633
134.7276001
357.3408508
462.7612610
363.3496094
163.3937531
53.7531853
15.3192444
1.5716445
9.6123781
53.1146545
144.3946686
168.2485657
188.3411560
223.4440613
243.2263336
184.3794861
117.4103851
102.7623138
99.6050797
74.6474533
76.5493164
52.8582954
28.0663433
7.6344271
4.5683861
10.7865648
34.7629547
69.1558075
126.2938690
232.5137939
356.5953369
416.5418396
376.1470337
265.8160400
161.1012726
68.0579987
19.1853523
6.6606841
22.3929253
188.7341309
338.7136536
267.0847473
65.0671005
4.9618726
1.7649097
1.6792896
5.3991189
25.9285507
43.4568558
40.3802681
36.0511665
29.9163609
23.6468086
26.5379715
40.8822556
174.8884430
550.0493774
930.6007690
1055.5959473
847.3900757
585.5388794
401.5334167
291.6795654
135.6197205
65.3655930
245.5364990
453.2405396
524.3009033
377.4693604
221.5541229
68.1422501
8.8481045
4.7393847
22.1100121
50.8551102
76.9518280
125.4010544
190.5713348
267.7648010
443.7705994
623.8903809
601.4302979
361.7125244
204.8345032
113.3271790
258.2214355
154.5905151
72.3777390
60.5387077
58.6991959
36.4424553
7.6050162
6.0220318
6.4660959
3.4095080
0.3905669
8.4529161
56.2320328
95.0086288
68.4975967
12.8016233
0.7904258
0.6712227
6.3008404
23.6032734
38.5855103
37.3467140
29.0619278
20.8761539
11.4068575
3.2345309
0.8300670
0.3174700
0.1839608
0.1798719
0.3786620
0.8134611
9.4356060
45.5879135
129.5093689
259.0330505
366.0993042
428.9943848
436.8153992
281.9676819
85.4525604
65.7841873
49.2559280
36.6663322
25.6656532
12.3423195
3.6151929
1.5915920
13.2429829
89.2612457
169.8216553
168.8454132
106.1988907
31.1641560
8.2367458
1.4375695
0.1759008
0.1227672
0.1102061
0.2674281
0.4786698
1.0580006
1.4378436
1.3710532
1.2190971
1.0748371
3.3809519
14.3699236
27.9985466
30.9522915
24.1507645
45.9103241
145.1468811
262.3714294
277.1076355
163.8611450
55.9470634
17.4590912
5.8164277
1.1134179
0.0643588
0.1664805
8.0655403
33.6335869
47.5079422
56.1903458
71.6369171
77.4751434
67.4778442
49.5071907
44.4000359
33.4148865
14.3547869
6.6350608
14.0516720
24.5255661
36.6377258
36.6461830
35.4922485
38.3975868
41.8741074
40.9847908
41.9449272
43.1353951
64.0737228
113.7380142
181.4760284
208.1750946
175.4829712
125.3828278
107.0928421
111.5748520
136.7324677
155.2658844
185.1687317
190.0706024
191.1148376
189.6914825
198.3995361
234.2939758
295.7994995
367.8993225
429.8623657
424.5508728
341.1123962
228.4783478
131.2929688
81.3674927
59.1453781
128.3355560
181.1382141
132.1685486
99.8128357
96.8264465
97.1250153
87.6091690
68.9794693
60.5052338
106.6258621
234.9103699
384.4207764
427.7065430
364.8491211
275.9110718
211.4322510
185.6557617
163.5324249
133.8731384
138.1589661
134.9103241
89.1376114
25.2048130
16.2034893
33.7681580
92.5440292
114.9552689
51.1658783
7.8680615
1.7567846
4.8619981
18.9750710
28.8714294
24.6165104
24.3519135
30.5405979
31.7452583
27.3072395
20.8221912
19.1422539
19.7054310
20.4408150
20.9141579
17.9442806
14.2924509
8.1793966
15.7788601
58.1084366
108.3486786
104.2445221
63.1262245
45.4249840
31.4588623
26.8960209
34.4065208
35.1577492
48.2067642
66.4744949
76.8413391
84.5541611
74.6698532
43.4299583
17.1379204
16.1753197
16.8400021
14.9592257
31.5076599
117.3336487
256.7254028
311.8462524
231.9322815
113.8027344
109.2900848
127.0048065
95.2773132
82.8818512
79.2079010
10.4023409
1.7655011
3.8083944
10.9059629
8.3131409
4.9009638
10.9415703
22.5115757
29.0093651
27.1594429
25.3813210
25.6778946
24.3999710
21.7520370
18.9705200
17.8615150
20.3607388
20.3905640
14.2245607
11.8825512
57.2533264
175.7740784
256.7127991
202.4456024
91.5250473
53.3029747
33.1420593
23.7853241
59.2550926
80.0703659
49.9344330
40.4935379
60.7467918
62.8710938
47.4044647
24.8397102
15.5185671
17.5579338
17.4413700
12.2278337
6.3009782
5.8109198
9.3561068
27.1987534
62.1207581
89.8584595
93.1650391
89.3858795
134.2698669
198.7823181
201.6777039
145.9181824
92.6868362
105.0873108
109.8850784
85.8101501
39.5272903
28.3638401
53.7429810
38.2757721
24.6000385
20.8844872
66.7367020
176.8246002
288.2196350
314.9927368
246.0405121
162.3279114
86.5344162
67.8649902
46.5283966
18.1522541
3.5356784
5.0897608
27.5439243
50.1334724
31.8331032
6.7836900
1.9962592
0.9408205
0.5839919
4.8324928
10.3971882
9.1864319
6.7203817
4.9306269
4.4765978
3.4767725
2.1235313
1.3100107
0.7170776
0.4186909
4.3953047
36.1240044
95.0650635
140.9694672
145.1241455
104.8862305
73.3009338
52.9956589
40.7668953
33.1995735
36.9566803
53.6740036
53.0894547
39.9365959
19.7079773
9.0785694
2.3718660
2.9071798
26.5548077
38.1824608
53.3425636
72.7637177
101.3721619
157.8016968
223.4411926
276.6127319
247.3198395
189.2555084
160.7583771
197.6903381
212.5076294
80.0506439
30.5269432
18.1972790
31.2019272
48.3653717
56.7124557
48.9104462
60.5815811
86.4317169
69.1176758
40.8684387
17.5156708
5.6808896
7.2194076
23.4714127
47.8393478
52.3190002
59.4893494
86.9844437
114.6677170
128.8731384
138.0777130
124.2870255
75.7762680
47.5776253
31.4644604
26.4437828
16.7657013
49.7247009
137.4008026
200.5124817
200.4633789
167.7339325
157.4186249
133.3922119
80.9954758
28.0250397
16.8646908
3.7696528
36.7738190
157.3012390
277.2048340
256.6248169
130.7837982
29.1232281
4.2413802
1.0825220
27.8198242
150.6486664
278.9514465
309.6313477
231.6601715
153.7320404
130.6094360
172.2169495
94.5295410
40.6814651
45.6128159
75.0711212
185.1882324
300.0099487
299.9135437
227.0552979
152.6278839
88.9602890
26.1985455
3.8429983
0.2688146
0.5857112
5.0583735
9.8642197
3.3867698
0.7295222
21.6252041
107.4851837
191.5216827
181.0155792
93.8693466
53.3549805
93.6631851
176.1799774
222.5046844
187.7846832
141.1615906
103.4927979
90.8628693
66.3565063
41.5173111
41.9884644
62.6764183
100.2690735
117.6125107
66.3206100
36.9618568
78.2997894
152.8690186
184.2209473
155.5895996
105.0954361
65.0444641
68.9042130
66.0271988
56.2052460
162.0700989
407.0600281
592.4976807
467.2524414
196.3090210
79.4022141
51.6119881
42.2524033
32.6748466
33.2982750
129.4790955
186.9629517
168.7328491
126.8110962
100.8294449
77.6001282
65.3412628
75.2101059
84.8382111
73.4132767
49.0321198
59.8715553
72.1341095
69.2387390
103.8964691
246.3595276
407.6800232
440.1953430
316.9658203
160.8242493
76.3474579
53.9501572
60.9293251
70.5298691
107.6125259
122.8853302
85.0613174
36.2606583
23.4569931
11.8029718
4.4654436
0.9618991
3.0802658
23.7640724
81.6481171
169.8993073
266.0682983
351.3969116
338.7794495
194.8131409
79.5382462
47.8763046
106.9857559
168.1861725
201.3218689
177.1113129
125.1568909
83.4971619
147.4020386
109.1896896
90.0978622
208.1342926
185.7734375
79.8637466
28.0143776
17.1055412
10.6116676
33.6806984
67.7822113
77.1128464
62.3549538
51.2901001
38.4703445
23.9654922
14.5099220
10.9545784
16.1545067
40.5139961
65.2108078
91.4595032
104.4185104
86.1507492
43.4246216
20.8755894
17.0468578
19.3330040
30.4003010
31.5952835
29.8770027
27.8647900
31.7310791
33.2340279
25.5699043
14.7299919
8.9977598
7.6823192
10.4339218
14.7524490
24.1174469
115.0065613
342.1108704
541.9491577
533.4464111
475.3951416
474.0966492
581.2151489
431.6591187
282.6988831
149.9052582
64.1245575
36.2910423
26.3379498
18.3727455
12.6239958
12.7014990
31.4169693
51.7821465
62.8745689
71.6447678
75.9446716
59.5490150
41.8418045
38.8408089
81.9925308
124.9370193
225.1279755
351.9630432
458.4385376
538.5144043
495.3228149
303.6163635
123.7441025
89.1138458
123.5552063
170.8423920
138.2832336
82.6378021
136.8854980
152.4698792
110.2244263
94.8574142
59.2087479
40.5050812
35.8560829
40.6392975
39.7126579
19.0331268
4.7076364
0.5540081
0.6627045
6.6682405
17.6211205
19.7471123
14.7946043
7.4633017
2.5790563
0.9025508
0.3836160
0.2997214
0.3420597
0.5209354
0.7734343
0.7974176
3.7381601
14.0560856
22.0779877
18.1682930
15.1440144
16.4796181
14.2080507
5.2072759
1.8661705
1.0581014
0.9074768
1.0818174
2.6647401
3.0247843
6.3451996
15.1365967
18.1083908
8.3865061
1.3732960
0.4213763
1.1112038
2.4125445
2.8393466
2.1380384
1.6255647
1.0962356
0.7881249
0.6918128
0.9381998
1.7544056
2.6237860
3.1477857
3.3952882
3.5978975
4.5553989
5.2584972
4.9704676
4.5841351
4.7623682
4.1953464
3.3518465
3.4235618
3.1278863
3.0425072
2.9983206
2.8785791
2.7902157
2.6160078
3.3588989
4.6689057
5.5903134
5.5162873
4.2165775
2.8034234
1.6969948
1.1554263
1.5200540
1.7561297
1.9911408
2.3580627
2.6216903
2.4750540
1.7910807
1.2206852
1.0262883
0.9645365
0.9525343
0.9242268
1.0971131
1.2077281
1.1446911
0.7323886
0.4113345
0.1581841
0.0105071
0.0001313
0.0000000
0.0000000
0.0000000
0.0000000
0.0000000
0.0000000
0.0000000
0.0000000
0.0000000
0.0000000
0.0000000
0.0000000
0.0000000
0.0000000
0.0000000
0.0000000
0.0000000
0.0000000
0.0000000
0.0000000
0.0000000
0.0000000
0.0000000
0.0000000
0.0000000
0.0000000
0.0000000
0.0000000
0.0000000
0.0000000
0.0000000
0.0000000
0.0000000
0.0000000
0.0000000
0.0000000
0.0000000
0.0000000
0.0000000
0.0000000
0.0000000
0.0000000
0.0000000
0.0000000
0.0000000
0.0000000
0.0000000
0.0000000
0.0000000
0.0000000
0.0000000
0.0000000
0.0000000
0.0000000
0.0000000
0.0000000
0.0000000
0.0000000
0.0000000
0.0000000
0.0000000
0.0000000
0.0000000
0.0000000
0.0000000
0.0000000
0.0000000
0.0000000
0.0000000
0.0000000
0.0000000
0.0000000
0.0000000
0.0000000
0.0000000
0.0000000
0.0000000
0.0000000
0.0000000
0.0000000
0.0000000
0.0000000
0.0000000
0.0000000
0.0000000
0.0000000
0.0000000
0.0000000
0.0000000
0.0000000
0.0000000
0.0000000
0.0000000
0.0000000
0.0000000
0.0000000
0.0000000
0.0000000
0.0000000
0.0000000
0.0000000
0.0000000
0.0000000
0.0000000
0.0000000
0.0000000
0.0000000
0.0000000
0.0000000
0.0000000
0.0000000
0.0000000
0.0000000
0.0000000
0.0000000
0.0000000
0.0000000
0.0000000
0.0000000
0.0000000
0.0000000
0.0000000
0.0000000
0.0000000
0.0000000
0.0000000
0.0000000
0.0000000
0.0000000
0.0000000
0.0000000
0.0000000
0.0000000
0.0000000
0.0000000
0.0000000
0.0000000
0.0000000
0.0000000
0.0000000
0.0000000
0.0000000
0.0000000
0.0000000
0.0000000
0.0000000
0.0000000
0.0000000
0.0000000
0.0000000
0.0000000
0.0000000
0.0000000
0.0000000
0.0000000
0.0000000
0.0000000
0.0000000
0.0000000
0.0000000
0.0000000
0.0000000
0.0000000
0.0000000
0.0000000
0.0000000
0.0000000
0.0000000
0.0000000
0.0000000
0.0000000
0.0000000
0.0000000
0.0000000
0.0000000
0.0000000
0.0000000
0.0000000
0.0000000
0.0000000
0.0000000
0.0000000
0.0000000
0.0000000
0.0000000
0.0000000
0.0000000
0.0000000
0.0000000
0.0000000
0.0000000
0.0000000
0.0000000
0.0000000
0.0000000
0.0000000
0.0000000
0.0000000
0.0000000
0.0000000
0.0000000
0.0000000
0.2179300
1.3428630
3.0343308
3.9501674
3.6382337
2.7347991
2.1963310
2.0428953
2.1025305
2.0095143
1.8821083
2.0295780
2.0166352
1.9432869
1.9064879
1.7441651
1.8279562
2.0948639
2.1710539
1.9241978
1.7648606
1.6259687
1.5450628
1.4868861
1.5582459
1.6570724
1.8392316
1.9044061
2.2294707
2.0096390
1.3318946
0.8182746
0.9514101
1.4362259
1.7176776
3.0623035
6.6581578
13.9984808
41.9674606
106.0731430
174.3186340
194.4143524
159.7988434
86.9243622
46.8455391
20.9582615
9.1207447
15.1232100
104.0500183
249.9683990
378.7068787
480.2267456
565.6780396
645.2921753
559.6206665
285.1840515
81.2835999
25.3396549
20.4224281
28.7075634
40.3427277
41.2024918
41.1469116
37.1706619
19.7732964
5.3424711
1.3164021
3.2177594
14.9461365
29.4191208
42.1167259
59.0707703
65.5788040
49.9754333
33.1877823
26.7208157
40.6433449
80.4023819
129.4453583
169.8289948
171.2740936
148.0677643
144.6402283
139.2799072
103.6614532
53.7171783
72.5928955
150.1894379
206.0565796
219.6729279
233.2062988
267.7660828
288.1754150
250.5461121
150.8599243
57.1289711
1.3737354
0.6686174
0.6185158
0.7242268
0.8826444
1.1284294
34.8080521
175.9655609
340.4837341
357.8564758
207.8806915
89.1660614
54.2851524
86.1812134
113.9818649
107.3569946
82.9236832
81.2939301
97.8289948
57.6025391
30.1139946
33.9043999
37.8626442
36.3848114
29.4840527
19.5035000
11.1710997
39.3301010
144.0045776
360.9418335
574.4997559
571.7576294
375.8343811
188.5519562
93.6278534
73.2742767
213.3503723
320.4539185
267.0071411
177.9734192
119.9017792
78.6558914
56.2547073
56.7815437
58.9997063
55.1146774
55.5590096
144.5738678
236.5356903
229.8112793
178.7071381
112.0712585
58.9074783
34.3043442
32.8450089
21.5866699
10.8893404
8.9626179
8.2065258
9.6507740
7.0481105
3.6828952
1.5681422
0.6415668
0.5157397
1.9347851
38.9833527
128.6263580
195.8133087
186.7213440
144.9474487
120.9083862
203.6858521
317.3864441
325.6435242
194.2841034
124.2044220
215.1445618
287.4221802
310.1392822
373.4542236
423.9825134
393.3732300
375.6696472
327.4645081
180.4525757
37.0082359
31.8037643
45.7736320
43.6191521
27.8974228
11.8786440
3.9200852
1.6615660
1.4141417
1.2479019
0.9890650
0.8151150
0.5145532
0.2915261
1.0173883
4.2353306
8.5084562
10.9472313
11.8202124
13.0506210
15.0056705
17.2938347
18.8327656
17.5111332
16.1968803
14.6516037
13.4303293
11.2782650
8.1256685
7.1607404
6.7202497
6.4647470
5.6115026
3.7608423
1.6179656
1.7450753
11.1794319
46.9347763
113.9414673
181.7734680
226.5974121
204.9534149
126.7864532
72.3572083
51.7850418
34.6268234
15.8486004
5.4986153
1.6851304
0.3008948
0.1748070
0.3697869
1.9718636
57.8168449
233.5038910
397.9458618
393.2475586
242.9125366
117.6221390
49.3315811
16.2526512
6.2794132
2.3942413
0.8184780
0.6745033
0.9572315
0.8207043
1.0459784
3.9781632
9.4798641
13.7649565
24.3245029
41.9020615
59.3641701
74.2107239
72.1783600
47.4714165
50.4186211
160.6454315
387.1137085
663.1142578
798.2841797
635.4020996
359.3610229
166.2103271
97.3388062
41.5619507
23.0615158
8.0661860
1.8606526
0.2325446
3.1656580
15.4177446
33.7183037
50.1953888
81.3600922
133.5419922
184.8799896
184.0437622
145.0028229
123.2942963
125.6180801
101.8965149
52.7880592
10.6647310
6.8291574
12.6926346
58.6230927
164.7326660
208.4120789
154.3091583
140.8948822
191.3952942
227.1054840
176.0971985
123.3188858
91.9890747
30.3966541
12.2860308
1.8731142
0.8827906
6.9288969
23.2455845
27.1472511
22.0904655
14.6004667
10.5469446
37.1887665
206.3992615
510.3353882
704.7968140
614.2984009
353.1973267
151.7273712
62.6532402
31.2537041
11.2309122
18.0032387
98.5893860
278.5704346
397.2546692
445.3612671
463.2467957
368.3335571
189.2397003
63.9838982
34.9876747
23.2474461
20.7019730
64.7210388
205.7922211
242.1764221
143.6640625
37.7863426
31.2328758
26.8177242
72.6553116
249.4229584
283.0236206
173.7160797
58.8716621
29.1800823
41.2511444
87.0891800
225.6286469
338.5876160
315.5294189
200.5453491
109.3213272
52.3438416
39.2767906
40.5132103
169.4677887
451.7583008
521.0798340
299.7149353
119.1993637
60.9156990
57.1202621
72.1082611
284.3330078
434.4245605
341.4432678
233.8528137
213.9983215
253.8079224
192.5487518
141.4593658
90.1125488
151.0334473
202.9904327
188.7307739
164.5530548
117.0340424
43.5379410
7.1559935
6.3101916
25.0267410
142.3672791
326.1598511
449.2506714
530.5842285
500.6583862
304.2954712
105.9560547
52.1187134
37.4368782
31.5860920
100.5032501
332.8435669
602.0700073
680.7037354
573.4610596
417.6130066
276.7774658
147.3770752
101.5946426
232.6950836
210.1842041
168.8973236
191.4739075
191.1954346
171.9293060
154.3539276
93.3797073
13.8469009
1.2288733
4.2220554
7.6107168
5.0219336
1.5142417
0.3698598
0.4192612
48.5794144
243.7839203
481.1152039
561.5776978
441.2265015
264.2608948
134.1425018
48.5630798
5.8007760
1.4839194
133.7490845
663.7617798
1050.8740234
906.3214722
483.0863037
108.1776199
42.5420456
3.6780539
1.8723232
20.7218437
128.1948242
310.7871399
446.7530823
409.6441040
242.3318939
112.7631989
46.7343330
20.4706993
17.6114006
92.1844025
181.0771179
200.5250397
224.3118744
270.1846619
321.3501282
341.8585815
272.2134399
174.3216705
100.3149796
119.4536057
182.7489929
156.7049713
106.6800385
116.7541199
218.7924347
320.4548340
232.1669617
103.0143204
25.2691936
9.9761982
18.8763428
113.5380554
222.4119110
183.4157867
53.0061455
13.9670410
83.8937531
205.9145813
255.2077942
153.0835724
97.4406052
67.6004410
43.8470535
19.0275841
11.1696262
12.9689875
35.6657486
65.2524872
52.0055618
11.6192513
0.6104121
12.1619654
116.8155670
277.8635254
337.5167542
310.6550903
271.2437439
222.8984833
160.0992889
116.7946320
43.5403252
18.3392448
15.0857124
13.7419033
15.6287479
40.7733650
111.9977417
149.4089966
144.2736359
108.0964508
74.4933929
77.2193069
76.2147598
72.0704498
65.3851929
51.4997177
34.7355003
35.3967171
129.6018524
299.4764709
366.0957947
316.7117920
181.1505280
72.7093964
22.4069214
60.6207771
66.8062820
54.4816628
54.7380180
107.0928345
147.9536133
116.9570541
97.4339218
100.3087616
89.5691376
76.2856903
49.6885910
29.0129948
38.7980843
119.4639359
225.4523773
212.5222626
138.7569122
71.5416718
30.7625961
33.8819809
47.9282990
50.7833977
39.7369881
35.4336891
37.0423622
49.5051804
110.5069885
224.7142487
319.0627441
318.0501404
216.1219177
81.7951660
19.5766144
0.3708729
0.0904410
4.2975450
49.7056427
151.6955566
187.3054047
171.3669434
162.5214844
169.4107666
135.2675476
82.6941528
31.7465782
120.3123550
97.2221832
48.9307213
24.7603779
23.5198212
24.9931412
18.9781475
7.2746477
14.1581230
34.3751984
53.3640213
59.9544449
64.1766434
65.7263794
58.3761787
50.2260742
40.6669617
34.9608536
27.4079990
24.6434994
62.2621498
203.8733063
411.6571045
519.6665039
373.5062256
133.3212128
74.9266357
80.0260010
132.9629364
155.1056824
134.9727631
105.1677551
47.2890205
33.3819656
61.5898285
95.8796082
76.9504471
67.4965515
40.6830139
51.2425194
95.4788742
97.7708054
77.9289551
81.6791687
81.6853867
58.1352615
50.9768295
47.8706703
43.2658539
28.8437691
10.6375761
3.6726012
0.8186530
0.7763340
51.1533051
221.3945312
382.1469116
384.7868652
273.5233765
151.6527863
135.5621338
96.2039871
69.1420288
118.1179886
173.1552277
173.4099426
137.4341888
145.0854797
139.8392029
137.2416534
111.7903824
72.1221771
84.8791504
132.4425812
113.2430344
35.0717850
1.8723723
2.9448957
12.0222330
28.6015530
32.0667839
28.4518051
25.3156738
24.6100273
24.0163460
17.0566730
26.8542519
107.3022690
245.0157471
304.1626282
188.0744171
46.2805939
31.6045113
91.4948273
188.1000366
205.2522736
181.1295624
159.8671417
158.3021088
152.6171722
124.5967560
44.6852951
16.9072189
3.7263806
1.1790725
0.1403640
1.9548460
72.8849945
226.2390442
355.5437317
363.9459839
249.1617737
196.1588287
227.2444763
177.2018127
47.6459541
4.0736065
6.4728742
46.8180122
127.8706360
193.6561584
246.3288727
272.0654602
249.1139832
202.8125763
144.3901367
90.0882416
55.0881157
97.3906174
114.4788055
132.8130646
200.3587799
179.8262177
36.8272400
5.1766014
4.6928849
17.6405830
29.6281490
11.7974281
3.2939320
5.5229688
15.7228184
28.5915470
30.8263149
28.4733810
24.1144829
19.5617428
16.2852516
16.6671848
17.6688061
18.7535419
16.9472294
9.3988075
5.9656105
51.4152107
219.3673096
389.2271118
385.0271912
216.1882629
90.5305176
66.6864319
66.5066147
79.7398529
39.9333305
11.0228767
25.0887928
70.0654526
99.8101120
76.3799286
51.7650375
27.5723896
17.5592728
44.4996414
98.6171570
100.5555420
50.3929405
14.1244688
4.0645990
4.5766549
24.8827953
51.2797546
58.7228889
48.5322723
43.7453842
44.2640228
38.1298599
44.3425522
92.1989746
154.4076080
166.0977478
120.8497009
95.3322983
76.9274445
112.6415253
109.2807770
93.3794327
102.5966797
135.4579010
141.9855652
122.3436203
77.5671997
27.3977985
11.5373230
55.2327538
137.9829254
186.5128479
171.1396942
101.8211746
52.6275597
27.5434837
29.0284405
35.7356720
23.4359436
21.3484821
41.3444824
84.6643066
147.2836609
172.2338715
131.7549438
101.7112503
110.1242065
129.2155762
127.9062500
113.3915710
91.6946182
41.1948280
8.8729162
1.7524410
0.2458227
0.3455103
0.4322397
0.6878856
2.9008870
56.8705597
200.5840912
376.0960388
463.7563782
374.1944580
197.0096283
77.1323395
23.9193192
31.4883442
2.2050419
1.7243758
36.3174133
138.1609802
185.3719482
142.2398376
86.9138641
50.8947296
82.9746628
174.5322113
411.3999939
591.9364624
534.0415039
294.5625916
121.3247299
34.6790924
15.3037758
28.6053772
247.3877258
516.9515991
506.5213623
253.0111847
58.8714867
25.8519306
17.6455231
4.0285683
18.2751427
99.9709015
286.6027832
426.0367432
394.9962158
267.8542175
168.8387451
80.7214661
47.4511909
37.1438560
16.9839268
8.9039001
4.7274084
2.7087719
3.0211380
5.3661218
6.7739415
7.9614305
13.4921293
21.3450375
39.4182129
151.5588837
347.8090820
479.8480530
504.6141663
449.0093994
405.5045776
261.8052368
210.6094208
221.3079681
270.6943665
254.5385742
273.6147766
286.1675720
185.2425995
100.1698685
44.7481613
50.5062294
63.6851845
39.8311539
36.7500191
29.0641747
39.4380569
45.5317459
114.3218994
261.2519531
362.0538330
276.5672302
94.2992477
28.7265873
24.4290771
76.0331421
280.2392883
369.4080505
297.0891724
206.5342712
172.4802094
153.9112701
122.1830826
81.0150757
41.8953629
61.5406570
29.2408199
14.8146048
6.1422949
13.2723331
92.4561768
260.4176025
488.3481750
548.1734619
380.5570068
263.7330017
360.9410706
578.5180664
619.9290161
355.2570190
90.4654694
29.6077557
11.5066423
59.2563133
241.0272980
350.8659363
331.4000549
264.4147034
170.1470490
81.5916367
33.6694412
73.6274185
260.3347473
451.8062134
433.6672668
284.0793152
180.2577515
127.8533936
104.9941788
233.1521301
420.4518738
325.2490845
189.8298035
143.8232880
172.0324402
264.9682922
269.0997314
130.8693237
27.9701538
25.8686981
21.8575935
25.1875725
23.0084190
13.2710819
13.5670977
30.6620140
49.8503571
54.9600372
48.8241043
39.6229630
30.3475685
20.8473892
15.7736607
10.4289408
12.1420221
48.4202576
122.8358688
153.4401855
99.3444138
37.1993904
16.5205078
15.6366119
41.9767914
62.6172600
62.6665344
48.0308380
34.1566620
28.7815475
90.1616058
227.9259338
348.5266418
384.4626465
303.3660889
157.5769043
77.3171310
50.3999252
39.1101685
46.2861023
26.3825340
9.7633181
18.3026352
110.3062286
241.1674500
309.3084412
283.1970825
213.2629242
98.4041824
43.2970657
57.8418503
91.6778030
86.2386703
90.5053558
95.1051636
129.3622894
227.4879303
347.3720703
366.8654785
273.7178955
103.9437637
40.7734337
8.5879927
52.9969406
245.0567932
428.5049133
360.6726990
146.7657318
42.6008720
40.9675865
38.4980507
26.9087334
38.0952988
212.9934082
447.5591736
574.6896973
486.8094177
239.2980194
64.6825180
7.0405803
1.8186326
0.2302441
16.0316925
31.5808334
49.7699585
121.5625000
221.8414917
258.9451904
207.8095856
122.2550354
46.3427315
16.7875214
21.8773422
28.2682285
21.4942818
5.8208003
15.3867874
64.1467285
121.2915039
128.5229492
117.3250122
177.9886932
267.0049744
350.2974854
344.7696533
256.7737427
140.1175385
85.7890625
82.9785995
115.2597046
158.9121704
117.9999466
51.5310555
16.5122223
0.8651038
16.0949898
149.4700317
336.4568481
318.0339966
147.1023560
52.5840302
17.2491570
2.3411555
0.5283408
0.1895762
26.7398682
155.9776459
270.6204224
306.3244324
243.7857056
142.4265900
54.9794998
12.7534161
23.8061867
136.4068451
354.2719727
537.4515381
554.7938843
397.2552185
198.5952606
121.7947540
43.4583855
15.0599022
1.3878398
0.0555311
0.1795603
0.6043407
1.2495793
1.9175851
3.1202302
3.9696002
4.2778521
4.8117476
5.7060084
45.0662460
252.0156403
531.1440430
599.5139771
448.1240845
356.3816528
353.5013428
275.6465759
198.1296234
163.0977325
158.0795898
162.1813812
195.2980499
279.3245239
403.0386963
470.4041138
456.9583740
421.4851074
480.9211121
316.8164673
100.7778473
21.4490929
15.1807613
2.3308337
0.6386181
5.6635618
15.3012238
12.4414845
7.5397601
20.6933765
49.8550835
70.3459473
65.4678955
45.2518311
29.4666748
21.5457783
15.4522572
6.9570169
2.1570971
33.0482216
170.6056824
303.8856812
306.3960571
179.0966034
52.4804115
64.5458908
142.2166748
193.5327911
185.9158325
100.9776611
43.2667122
23.9034729
10.0589523
8.7624760
43.0965462
100.0014496
93.3532104
78.9696045
70.5979156
66.9237518
69.0536499
93.4886475
120.1693649
86.7621231
30.0366573
4.7268548
2.0009990
3.5953104
4.7817698
1.1001517
0.4490831
0.4239292
0.7907784
5.8481007
24.8802814
63.5325470
87.0767899
61.8908043
15.2414246
13.3763990
69.1799011
268.3056335
482.3417358
521.0921021
355.3884888
166.2926331
69.1780243
29.6854305
11.3854790
6.5217524
3.9877632
3.3435283
2.4962084
8.7646999
16.9329205
20.4254417
20.2537117
26.0933666
34.4625664
28.8159752
8.8579178
1.4899833
0.3119210
0.2125110
0.0795624
0.2406718
2.2038817
14.6202507
44.6641693
85.4983978
153.7704620
254.6302032
325.4173279
357.9461975
407.7056274
536.7087402
592.3721924
532.4385376
393.6899719
267.4226379
130.3918762
48.3232574
32.6128883
72.9222260
226.8866730
231.8096313
96.6910248
9.0356531
0.8512429
0.2416545
0.4057496
6.1947474
18.1657867
13.4105759
4.6654425
1.2343951
0.5616270
0.2041364
0.2136467
0.1841780
0.4022812
0.7949534
1.2852722
2.2015638
3.9111633
5.7541251
5.6534691
4.3325872
3.6258974
3.9655738
4.5472393
4.2592049
3.4227300
1.9786295
1.2405933
0.8752503
0.7633610
0.8198391
0.5880446
0.6605457
0.7663009
0.5764246
0.3776617
0.3307772
0.5326000
0.6770775
0.5046899
0.3613611
0.5364500
0.7305055
0.9530360
0.8539720
0.6812257
0.4463921
0.1763423
0.0277047
0.0030758
0.0000000
0.0000000
0.0000000
0.0000000
0.0000000
0.0000000
0.0000000
0.0000000
0.0000000
0.0000000
0.0000000
0.0000000
0.0000000
0.0000000
0.0000000
0.0000000
0.0000000
0.0000000
0.0000000
0.0000000
0.0000000
0.0000000
0.0000000
0.0000000
0.0000000
0.0000000
0.0000000
0.0000000
0.0000000
0.0000000
0.0000000
0.0000000
0.0000000
0.0000000
0.0000000
0.0000000
0.0000000
0.0000000
0.0000000
0.0000000
0.0000000
0.0000000
0.0000000
0.0000000
0.0000000
0.0000000
0.0000000
0.0000000
0.0000000
0.0000000
0.0000000
0.0000000
0.0000000
0.0000000
0.0000000
0.0000000
0.0000000
0.0000000
0.0000000
0.0000000
0.0000000
0.0000000
0.0000000
0.0000000
0.0000000
0.0000000
0.0000000
0.0000000
0.0000000
0.0000000
0.0000000
0.0000000
0.0000000
0.0000000
0.0000000
0.0000000
0.0000000
0.0000000
0.0000000
0.0000000
0.0000000
