0.0175399 0.0126449
0.0046529 0.0045466
0.0018691 0.0018589
0.0010982 0.0010926
0.0008472 0.0008627
0.0007919 0.0008135
0.0008192 0.0008339
0.0008845 0.0008793
0.0009804 0.0009387
0.0011039 0.0010012
0.0012479 0.0010463
0.0014252 0.0010727
0.0016543 0.0011094
0.0018335 0.0011465
0.0018109 0.0011332
0.0016473 0.0010660
0.0014788 0.0009874
0.0013556 0.0009325
0.0012857 0.0009121
0.0012724 0.0009304
0.0013162 0.0009861
0.0014063 0.0010671
0.0015115 0.0011433
0.0016033 0.0011948
0.0016653 0.0012182
0.0016872 0.0012096
0.0016716 0.0011718
0.0016295 0.0011155
0.0015751 0.0010544
0.0015226 0.0010005
0.0014813 0.0009604
0.0014535 0.0009348
0.0014354 0.0009198
0.0014199 0.0009099
0.0014019 0.0009012
0.0013799 0.0008929
0.0013570 0.0008869
0.0013391 0.0008860
0.0013305 0.0008915
0.0013316 0.0009026
0.0013403 0.0009175
0.0013524 0.0009326
0.0013635 0.0009442
0.0013716 0.0009503
0.0013760 0.0009497
0.0013753 0.0009405
0.0013840 0.0009314
0.0014081 0.0009270
0.0014491 0.0009296
0.0015059 0.0009410
0.0015742 0.0009609
0.0016437 0.0009857
0.0017006 0.0010082
0.0017368 0.0010231
0.0017529 0.0010306
0.0017492 0.0010306
0.0017247 0.0010208
0.0016826 0.0010002
0.0016299 0.0009702
0.0015743 0.0009340
0.0015217 0.0008950
0.0014760 0.0008566
0.0014395 0.0008210
0.0014135 0.0007898
0.0013982 0.0007636
0.0013931 0.0007423
0.0013978 0.0007261
0.0014118 0.0007149
0.0014349 0.0007088
0.0014665 0.0007076
0.0015036 0.0007093
0.0015414 0.0007113
0.0015748 0.0007107
0.0016007 0.0007059
0.0016189 0.0006973
0.0016320 0.0006870
0.0016397 0.0006753
0.0016442 0.0006628
0.0016578 0.0006552
0.0016833 0.0006533
0.0017209 0.0006575
0.0017688 0.0006676
0.0018228 0.0006825
0.0018767 0.0007000
0.0019253 0.0007178
0.0019676 0.0007353
0.0020034 0.0007521
0.0020288 0.0007658
0.0020383 0.0007721
0.0020299 0.0007682
0.0020070 0.0007546
0.0019766 0.0007345
0.0019459 0.0007121
0.0019206 0.0006909
0.0019038 0.0006729
0.0018964 0.0006584
0.0018970 0.0006465
0.0019030 0.0006360
0.0019113 0.0006258
0.0019203 0.0006163
0.0019308 0.0006088
0.0019449 0.0006052
0.0019637 0.0006064
0.0019857 0.0006109
0.0020069 0.0006153
0.0020236 0.0006165
0.0020350 0.0006138
0.0020437 0.0006089
0.0020481 0.0006020
0.0020530 0.0005950
0.0020674 0.0005919
0.0020913 0.0005935
0.0021213 0.0005999
0.0021515 0.0006102
0.0021762 0.0006226
0.0021937 0.0006368
0.0022087 0.0006541
0.0022279 0.0006766
0.0022556 0.0007047
0.0022923 0.0007360
0.0023363 0.0007649
0.0023854 0.0007848
0.0024374 0.0007903
0.0024910 0.0007790
0.0025477 0.0007532
0.0026155 0.0007212
0.0027050 0.0006934
0.0028188 0.0006763
0.0029424 0.0006708
0.0030448 0.0006743
0.0030891 0.0006844
0.0030525 0.0007013
0.0029379 0.0007267
0.0027616 0.0007604
0.0025382 0.0007968
0.0022907 0.0008264
0.0020541 0.0008383
0.0018259 0.0008221
0.0015667 0.0007770
0.0012827 0.0007134
0.0010217 0.0006288
0.0008083 0.0005264
0.0006759 0.0004526
0.0006637 0.0004551
0.0008142 0.0005721
0.0012547 0.0009023
0.0023853 0.0017528
0.0053391 0.0039861
0.0149540 0.0108958
0.0437940 0.0284202
0.0734045 0.0489626
0.0747825 0.0500894
0.0351142 0.0231623
0.0150788 0.0107465
0.0094204 0.0071076
0.0065896 0.0050654
0.0049405 0.0038227
0.0038460 0.0029786
0.0030483 0.0023617
0.0023374 0.0018101
0.0019550 0.0015216
0.0019291 0.0015678
0.0021679 0.0019325
0.0025428 0.0025244
0.0038377 0.0040393
0.0071413 0.0079538
0.0139199 0.0173793
0.0252878 0.0357267
0.0548507 0.0803150
0.0793072 0.1093096
0.0454825 0.0623621
0.0170747 0.0232847
0.0099999 0.0129059
0.0064135 0.0077104
0.0042725 0.0049391
0.0030000 0.0032044
0.0025936 0.0023830
0.0029228 0.0023020
0.0041635 0.0029749
0.0069159 0.0046769
0.0087394 0.0058280
0.0099718 0.0065198
0.0105801 0.0069774
0.0092195 0.0061899
0.0108633 0.0068235
0.0100138 0.0063600
0.0073267 0.0050298
0.0062446 0.0042069
0.0068799 0.0042334
0.0095357 0.0053304
0.0152575 0.0078805
0.0213883 0.0110334
0.0252027 0.0147185
0.0282248 0.0188722
0.0257383 0.0200464
0.0216722 0.0183201
0.0168672 0.0151118
0.0124157 0.0116411
0.0094315 0.0088805
0.0070234 0.0062028
0.0056470 0.0043811
0.0047169 0.0030997
0.0041324 0.0023589
0.0041328 0.0021175
0.0044804 0.0021071
0.0054510 0.0023779
0.0071649 0.0029582
0.0088027 0.0036558
0.0099176 0.0042005
0.0100925 0.0042730
0.0085767 0.0035460
0.0060747 0.0023578
0.0046744 0.0016934
0.0038879 0.0013049
0.0034209 0.0010726
0.0031764 0.0009408
0.0031353 0.0008785
0.0032823 0.0008708
0.0035961 0.0009078
0.0040923 0.0009912
0.0047435 0.0011140
0.0054550 0.0012580
0.0061235 0.0013838
0.0064152 0.0014196
0.0062869 0.0013756
0.0059403 0.0013036
0.0055462 0.0012339
0.0052155 0.0011826
0.0049073 0.0011392
0.0046888 0.0011209
0.0046559 0.0011495
0.0047989 0.0012205
0.0050787 0.0013258
0.0055040 0.0014732
0.0060158 0.0016417
0.0065497 0.0018021
0.0070603 0.0019307
0.0075221 0.0020135
0.0078499 0.0020276
0.0079838 0.0019754
0.0080491 0.0019007
0.0080248 0.0017914
0.0077641 0.0016279
0.0071728 0.0014118
0.0063375 0.0011787
0.0053064 0.0009445
0.0043619 0.0007579
0.0035021 0.0006107
0.0027550 0.0005028
0.0021882 0.0004340
0.0017980 0.0003975
0.0015519 0.0003857
0.0014366 0.0003990
0.0014694 0.0004533
0.0016883 0.0005728
0.0022498 0.0008244
0.0034288 0.0013120
0.0057814 0.0022157
0.0108364 0.0040891
0.0226551 0.0086224
0.0546522 0.0210605
0.1278377 0.0492168
0.1265804 0.0487235
0.0662636 0.0256839
0.0326892 0.0133947
0.0228310 0.0096391
0.0175137 0.0075125
0.0141308 0.0062444
0.0114647 0.0054336
0.0088598 0.0045990
0.0073610 0.0040795
0.0078378 0.0042633
0.0095874 0.0050467
0.0122624 0.0062751
0.0190023 0.0092341
0.0373454 0.0169147
0.0881029 0.0364228
0.0930659 0.0340991
0.0461582 0.0174242
0.0201283 0.0078588
0.0124333 0.0047615
0.0079770 0.0030570
0.0055742 0.0020054
0.0044045 0.0014156
0.0043883 0.0012501
0.0060475 0.0014688
0.0119043 0.0023937
0.0148013 0.0030578
0.0162215 0.0035305
0.0182837 0.0048018
0.0198278 0.0056752
0.0106225 0.0033727
0.0078039 0.0025914
0.0062896 0.0021568
0.0056120 0.0019298
0.0060664 0.0020810
0.0084326 0.0029254
0.0150797 0.0052437
0.0335821 0.0117814
0.0661181 0.0229167
0.0705871 0.0244195
0.0474112 0.0207039
0.0361503 0.0193978
0.0267678 0.0166394
0.0201814 0.0145616
0.0158433 0.0126567
0.0135377 0.0114689
0.0119853 0.0101452
0.0113521 0.0088037
0.0113176 0.0076925
0.0115532 0.0069044
0.0115694 0.0061508
0.0106995 0.0049710
0.0103638 0.0041818
0.0100325 0.0036488
0.0089447 0.0030321
0.0072299 0.0023825
0.0055034 0.0017973
0.0043771 0.0014156
0.0038271 0.0012104
0.0036185 0.0011118
0.0035824 0.0010741
0.0037004 0.0010949
0.0040484 0.0012013
0.0046113 0.0014037
0.0052439 0.0016109
0.0055813 0.0016673
0.0056242 0.0015976
0.0056035 0.0015161
0.0055095 0.0014433
0.0053934 0.0014097
0.0054184 0.0014519
0.0056293 0.0015700
0.0060174 0.0017593
0.0064862 0.0019816
0.0068781 0.0021675
0.0070477 0.0022475
0.0070870 0.0022494
0.0071244 0.0022205
0.0071289 0.0021564
0.0071427 0.0020724
0.0071850 0.0019735
0.0072848 0.0018658
0.0074637 0.0017673
0.0077463 0.0016978
0.0080544 0.0016335
0.0082888 0.0015560
0.0083672 0.0014692
0.0082386 0.0013658
0.0078032 0.0012345
0.0071159 0.0010889
0.0064170 0.0009629
0.0058956 0.0008765
0.0056600 0.0008435
0.0057103 0.0008550
0.0059978 0.0008988
0.0064043 0.0009547
0.0069051 0.0010183
0.0074820 0.0010814
0.0076470 0.0010773
0.0073923 0.0010290
0.0071237 0.0009909
0.0069294 0.0009716
0.0068402 0.0009823
0.0069636 0.0010368
0.0072887 0.0011249
0.0078012 0.0012461
0.0085319 0.0013967
0.0093409 0.0015466
0.0098522 0.0016594
0.0101241 0.0017400
0.0101495 0.0017495
0.0094640 0.0015984
0.0080048 0.0013260
0.0066067 0.0010700
0.0055111 0.0008780
0.0047247 0.0007454
0.0040485 0.0006340
0.0033992 0.0005307
0.0027646 0.0004377
0.0021770 0.0003595
0.0016832 0.0003030
0.0013257 0.0002765
0.0010761 0.0002740
0.0009301 0.0002941
0.0009070 0.0003468
0.0010397 0.0004613
0.0014327 0.0007090
0.0022474 0.0011738
0.0038292 0.0020868
0.0071576 0.0041842
0.0150295 0.0095701
0.0395364 0.0266456
0.0745278 0.0583006
0.0515009 0.0420489
0.0235386 0.0235048
0.0208462 0.0206800
0.0210558 0.0211751
0.0221973 0.0234624
0.0213012 0.0238576
0.0199956 0.0239655
0.0296017 0.0339508
0.0526965 0.0607592
0.0838601 0.0862955
0.0733706 0.0686614
0.0448444 0.0462693
0.0324495 0.0338900
0.0232318 0.0237687
0.0160961 0.0164547
0.0117436 0.0110873
0.0096104 0.0078622
0.0081030 0.0059924
0.0078099 0.0055121
0.0104952 0.0070537
0.0198063 0.0121981
0.0363366 0.0213596
0.0440627 0.0264162
0.0274873 0.0166358
0.0141104 0.0087962
0.0080882 0.0051170
0.0054955 0.0034234
0.0042978 0.0025450
0.0038308 0.0020859
0.0038197 0.0018472
0.0040942 0.0017075
0.0044810 0.0016079
0.0047971 0.0015009
0.0050171 0.0014050
0.0050310 0.0013032
0.0047950 0.0011550
0.0044935 0.0009909
0.0040930 0.0008135
0.0036561 0.0006535
0.0032182 0.0005198
0.0028129 0.0004172
0.0024722 0.0003463
0.0022399 0.0003082
0.0021477 0.0003009
0.0023882 0.0003467
0.0032663 0.0004895
0.0053566 0.0008438
0.0097991 0.0016985
0.0183583 0.0035994
0.0360511 0.0078531
0.0702886 0.0152912
0.0980456 0.0182850
0.0897836 0.0176050
0.0474461 0.0093980
0.0279988 0.0053970
0.0229920 0.0046916
0.0171347 0.0035071
0.0168272 0.0033698
0.0227647 0.0044509
0.0439170 0.0083714
0.0923658 0.0168589
0.1130132 0.0194684
0.0660652 0.0111114
0.0256695 0.0043038
0.0147506 0.0024131
0.0095372 0.0015526
0.0071569 0.0011680
0.0066762 0.0010622
0.0073773 0.0011094
0.0100399 0.0013757
0.0153355 0.0018458
0.0263322 0.0027458
0.0427597 0.0040135
0.0494413 0.0046149
0.0511464 0.0050910
0.0389465 0.0041073
0.0230289 0.0025712
0.0130067 0.0015322
0.0111990 0.0013635
0.0117601 0.0014647
0.0075770 0.0010725
0.0056973 0.0009480
0.0047071 0.0009783
0.0039083 0.0010270
0.0037885 0.0012366
0.0042878 0.0016938
0.0053258 0.0024973
0.0075713 0.0042592
0.0098420 0.0066250
0.0142289 0.0108210
0.0255793 0.0206821
0.0518153 0.0438154
0.0847566 0.0711123
0.1174901 0.0986851
0.1005172 0.0828033
0.0384138 0.0293887
0.0178181 0.0139859
0.0111456 0.0087241
0.0071306 0.0055665
0.0045069 0.0036211
0.0031236 0.0026286
0.0020400 0.0017262
0.0017618 0.0014494
0.0021241 0.0017246
0.0036890 0.0030856
0.0085769 0.0080268
0.0249597 0.0265292
0.0762030 0.0787763
0.0698539 0.0589459
0.0283403 0.0241941
0.0162596 0.0143142
0.0135885 0.0118065
0.0126894 0.0105887
0.0112805 0.0086188
0.0094610 0.0064053
0.0095462 0.0053416
0.0143954 0.0066576
0.0295590 0.0111146
0.0501142 0.0165689
0.0436555 0.0133312
0.0251216 0.0073413
0.0185712 0.0051946
0.0192629 0.0051326
0.0239766 0.0061063
0.0282155 0.0068198
0.0257445 0.0058811
0.0178771 0.0039208
0.0113387 0.0023791
0.0082095 0.0016592
0.0070095 0.0013772
0.0069929 0.0013331
0.0082071 0.0014999
0.0107248 0.0018756
0.0126807 0.0021358
0.0169867 0.0026651
0.0258824 0.0037665
0.0400427 0.0055442
0.0431777 0.0066084
0.0283832 0.0047984
0.0171483 0.0029868
0.0134260 0.0023687
0.0136082 0.0023805
0.0180788 0.0029980
0.0243563 0.0037589
0.0277545 0.0041273
0.0260145 0.0039085
0.0192972 0.0031067
0.0142952 0.0025262
0.0116647 0.0022647
0.0090526 0.0019292
0.0066809 0.0016412
0.0050633 0.0014749
0.0041901 0.0014680
0.0041404 0.0016556
0.0055445 0.0023166
0.0101982 0.0040765
0.0236010 0.0087231
0.0632395 0.0204813
0.1438617 0.0441327
0.1606379 0.0512438
0.0771238 0.0247562
0.0272989 0.0082096
0.0161058 0.0046142
0.0098250 0.0026792
0.0064036 0.0017132
0.0046616 0.0012759
0.0041000 0.0011390
0.0044036 0.0012390
0.0051252 0.0014731
0.0090419 0.0026365
0.0233549 0.0072762
0.0858063 0.0285490
0.1118935 0.0360005
0.0489972 0.0154378
0.0116645 0.0034970
0.0087477 0.0024010
0.0091031 0.0023773
0.0138659 0.0035687
0.0233218 0.0060015
0.0393296 0.0093818
0.0604327 0.0129379
0.0574094 0.0111254
0.0263923 0.0053814
0.0125959 0.0026143
0.0089559 0.0017993
0.0074015 0.0014610
0.0073008 0.0013732
0.0068761 0.0013142
0.0100095 0.0018377
0.0178202 0.0036976
0.0151009 0.0040121
0.0093004 0.0030228
0.0072463 0.0026100
0.0084611 0.0032477
0.0158559 0.0062640
0.0386783 0.0153609
0.0446702 0.0191653
0.0219594 0.0107068
0.0139046 0.0072302
0.0135149 0.0072513
0.0129221 0.0074003
0.0150267 0.0092770
0.0176198 0.0117658
0.0254309 0.0172708
0.0451181 0.0296899
0.0667522 0.0452192
0.1213600 0.0729259
0.1522328 0.0766232
0.0781393 0.0362928
0.0350435 0.0155579
0.0204203 0.0086060
0.0116334 0.0049420
0.0069390 0.0029484
0.0048256 0.0019413
0.0043781 0.0016206
0.0054139 0.0018323
0.0070958 0.0022706
0.0066721 0.0021651
0.0051153 0.0017195
0.0034542 0.0012641
0.0026549 0.0010381
0.0025665 0.0010237
0.0031882 0.0012497
0.0047765 0.0018271
0.0093508 0.0034394
0.0226736 0.0080514
0.0696040 0.0239274
0.1213486 0.0392101
0.0955746 0.0295317
0.0582889 0.0182562
0.0206168 0.0067040
0.0105572 0.0032511
0.0069837 0.0019954
0.0056049 0.0014655
0.0047476 0.0011479
0.0047478 0.0010541
0.0056807 0.0011580
0.0090368 0.0016758
0.0117153 0.0021975
0.0131960 0.0026461
0.0125644 0.0026776
0.0103648 0.0022870
0.0104034 0.0024023
0.0129707 0.0030916
0.0203062 0.0048017
0.0378435 0.0084767
0.0757716 0.0157713
0.1273323 0.0254156
0.1276631 0.0226961
0.0614802 0.0114876
0.0322399 0.0061725
0.0212395 0.0040316
0.0137106 0.0025861
0.0087145 0.0016127
0.0066584 0.0011848
0.0062261 0.0010427
0.0069073 0.0010990
0.0083208 0.0012636
0.0119933 0.0017090
0.0187874 0.0024813
0.0166052 0.0021366
0.0165052 0.0021172
0.0266427 0.0033107
0.0609111 0.0069179
0.0624538 0.0072185
0.0238325 0.0032220
0.0119744 0.0019056
0.0093023 0.0016368
0.0087063 0.0016358
0.0106467 0.0019787
0.0191050 0.0030918
0.0408807 0.0061384
0.0594638 0.0086972
0.0532463 0.0076230
0.0348007 0.0053219
0.0235310 0.0040789
0.0184975 0.0036598
0.0167122 0.0037584
0.0188555 0.0046593
0.0249674 0.0065766
0.0306435 0.0087298
0.0404568 0.0117275
0.0522831 0.0142431
0.0648264 0.0154291
0.0475435 0.0104708
0.0277249 0.0061545
0.0175952 0.0039402
0.0121697 0.0026813
0.0089208 0.0019095
0.0066297 0.0013761
0.0048296 0.0009788
0.0041105 0.0008224
0.0034840 0.0007122
0.0037385 0.0007921
0.0054790 0.0011680
0.0100332 0.0021921
0.0143405 0.0034548
0.0178529 0.0046791
0.0320163 0.0089439
0.0560554 0.0181113
0.0420136 0.0144796
0.0199811 0.0073917
0.0180616 0.0073379
0.0219426 0.0091964
0.0315994 0.0132581
0.0506993 0.0201901
0.1175104 0.0379795
0.1824685 0.0485180
0.1013026 0.0247486
0.0478356 0.0115180
0.0348403 0.0077955
0.0233098 0.0051955
0.0148770 0.0031244
0.0086213 0.0017522
0.0062820 0.0012407
0.0045136 0.0008816
0.0030013 0.0005899
0.0021347 0.0004212
0.0018268 0.0003641
0.0019905 0.0004069
0.0025158 0.0005263
0.0037775 0.0007922
0.0067377 0.0013893
0.0139826 0.0028302
0.0318541 0.0067597
0.0519091 0.0132033
0.0387162 0.0108917
0.0159745 0.0045233
0.0088614 0.0024864
0.0057803 0.0016579
0.0042829 0.0013251
0.0035666 0.0012163
0.0031536 0.0012055
0.0040348 0.0017406
0.0060541 0.0030135
0.0096060 0.0055767
0.0103421 0.0070439
0.0084399 0.0064497
0.0101547 0.0084430
0.0183140 0.0167416
0.0460000 0.0501279
0.1014305 0.1384306
0.0808624 0.1003219
0.0346343 0.0395264
0.0221199 0.0252168
0.0188744 0.0216998
0.0204998 0.0212750
0.0306877 0.0321525
0.0725277 0.0912414
0.0510334 0.0710330
0.0143303 0.0149490
0.0074184 0.0061517
0.0055008 0.0034395
0.0051499 0.0024383
0.0059397 0.0023826
0.0089265 0.0032336
0.0165321 0.0057294
0.0182846 0.0055304
0.0143170 0.0039548
0.0139320 0.0034920
0.0186540 0.0043196
0.0222858 0.0047896
0.0260998 0.0052283
0.0268977 0.0052135
0.0311997 0.0057971
0.0359458 0.0064786
0.0284854 0.0054071
0.0194935 0.0035972
0.0201350 0.0036442
0.0258114 0.0047370
0.0207477 0.0041344
0.0140747 0.0027529
0.0090053 0.0016638
0.0084199 0.0014439
0.0090760 0.0014468
0.0080306 0.0011819
0.0094131 0.0012125
0.0144921 0.0016300
0.0153673 0.0014667
0.0165583 0.0013172
0.0289995 0.0019801
0.0703075 0.0046818
0.0860338 0.0060579
0.0465610 0.0036709
0.0245854 0.0019410
0.0212798 0.0016002
0.0233050 0.0017030
0.0281580 0.0020275
0.0355454 0.0025604
0.0481465 0.0034556
0.0639749 0.0045196
0.0811683 0.0057588
0.0875887 0.0063353
0.0624069 0.0047131
0.0340978 0.0026565
0.0204889 0.0015484
0.0162145 0.0011878
0.0151566 0.0011040
0.0152271 0.0011142
0.0142263 0.0010550
0.0101764 0.0007880
0.0062042 0.0004999
0.0041657 0.0003586
0.0033934 0.0003107
0.0030307 0.0002951
0.0029470 0.0003076
0.0035057 0.0003937
0.0054292 0.0006474
0.0104976 0.0013481
0.0185170 0.0029095
0.0239237 0.0048100
0.0203807 0.0051665
0.0165210 0.0047866
0.0209371 0.0063512
0.0229643 0.0069095
0.0132971 0.0041876
0.0115819 0.0038217
0.0131015 0.0044646
0.0140050 0.0050390
0.0183741 0.0062511
0.0228646 0.0077552
0.0217595 0.0093444
0.0258470 0.0144539
0.0317370 0.0201119
0.0605324 0.0368954
0.1199356 0.0703749
0.1628386 0.0947815
0.1397577 0.0805332
0.0734704 0.0431928
0.0395649 0.0232593
0.0238260 0.0131504
0.0146871 0.0076400
0.0089968 0.0044927
0.0058036 0.0027266
0.0041254 0.0018273
0.0032011 0.0013498
0.0027533 0.0011024
0.0025804 0.0009858
0.0026358 0.0009565
0.0027813 0.0009810
0.0028787 0.0010050
0.0029767 0.0010194
0.0031230 0.0010260
0.0033377 0.0010334
0.0035522 0.0010259
0.0038008 0.0010234
0.0040064 0.0010184
0.0042331 0.0010408
0.0045043 0.0010928
0.0048024 0.0011782
0.0051940 0.0013236
0.0057581 0.0015622
0.0065183 0.0019150
0.0073585 0.0023472
0.0082079 0.0027987
0.0089145 0.0031526
0.0093713 0.0032932
0.0094561 0.0031696
0.0091811 0.0028125
0.0087105 0.0023408
0.0084223 0.0019316
0.0083497 0.0016256
0.0084225 0.0014253
0.0084860 0.0012976
0.0083324 0.0011939
0.0077694 0.0010781
0.0066617 0.0009212
0.0052085 0.0007400
0.0037882 0.0005742
0.0025954 0.0004401
0.0017667 0.0003504
0.0012857 0.0003038
0.0010880 0.0003025
0.0011556 0.0003661
0.0015355 0.0005320
0.0024240 0.0008711
0.0044248 0.0015604
0.0091607 0.0031166
0.0202662 0.0068296
0.0480696 0.0166130
0.1460203 0.0466380
0.2075068 0.0631796
0.1367275 0.0377586
0.0525180 0.0148963
0.0372265 0.0102451
0.0300383 0.0080131
0.0242920 0.0064709
0.0173759 0.0045454
0.0133151 0.0032466
0.0121253 0.0028656
0.0143920 0.0034806
0.0169377 0.0039367
0.0193175 0.0041588
0.0191276 0.0038402
0.0204251 0.0038254
0.0189872 0.0034365
0.0203181 0.0035312
0.0287101 0.0047108
0.0382332 0.0059796
0.0434561 0.0065143
0.0459467 0.0062568
0.0572201 0.0064639
0.0561516 0.0057467
0.0344363 0.0034550
0.0236769 0.0023530
0.0190488 0.0018317
0.0160285 0.0014589
0.0145929 0.0012610
0.0148663 0.0012369
0.0157096 0.0013107
0.0179659 0.0015078
0.0219105 0.0018336
0.0233420 0.0019892
0.0211305 0.0018758
0.0163126 0.0015453
0.0120052 0.0012325
0.0097735 0.0010988
0.0083095 0.0010193
0.0076508 0.0010077
0.0079087 0.0011029
0.0091722 0.0013361
0.0126159 0.0018478
0.0194364 0.0027512
0.0319060 0.0046742
0.0302563 0.0052999
0.0170349 0.0037697
0.0094504 0.0025667
0.0076393 0.0024865
0.0063270 0.0025693
0.0066933 0.0031661
0.0089946 0.0044217
0.0167443 0.0081732
0.0390751 0.0198938
0.0654799 0.0346756
0.0761572 0.0434384
0.0509414 0.0289681
0.0315311 0.0158516
0.0273801 0.0126159
0.0270056 0.0120289
0.0318047 0.0148951
0.0379042 0.0182307
0.0502626 0.0221373
0.0673060 0.0277802
0.1069875 0.0360832
0.0945187 0.0249868
0.0512195 0.0116153
0.0321373 0.0066755
0.0219407 0.0042146
0.0169519 0.0030913
0.0135440 0.0023119
0.0120804 0.0018990
0.0119235 0.0017114
0.0147987 0.0020098
0.0165804 0.0022586
0.0116050 0.0016191
0.0064190 0.0009321
0.0037071 0.0005662
0.0025473 0.0004135
0.0022193 0.0003701
0.0026072 0.0004261
0.0039365 0.0006418
0.0069973 0.0012227
0.0142730 0.0027261
0.0293215 0.0060781
0.0518979 0.0120544
0.0499013 0.0135278
0.0286267 0.0086592
0.0125711 0.0040269
0.0077842 0.0026427
0.0058762 0.0021362
0.0054900 0.0021408
0.0049427 0.0021685
0.0035241 0.0019475
0.0031615 0.0021693
0.0035768 0.0028845
0.0055230 0.0048462
0.0128835 0.0122680
0.0230314 0.0280059
0.0205522 0.0276100
0.0114188 0.0170656
0.0085188 0.0143031
0.0089896 0.0163561
0.0117726 0.0224003
0.0191238 0.0364126
0.0350991 0.0655545
0.0815250 0.1459116
0.1110232 0.1814154
0.0612317 0.0947466
0.0252670 0.0381829
0.0157562 0.0215903
0.0115141 0.0146304
0.0094737 0.0109830
0.0076189 0.0078316
0.0059405 0.0054237
0.0064972 0.0054428
0.0091883 0.0070246
0.0148986 0.0095686
0.0170260 0.0090099
0.0125703 0.0058812
0.0092622 0.0038101
0.0070738 0.0025572
0.0055212 0.0017560
0.0045703 0.0012822
0.0040609 0.0010073
0.0039204 0.0008600
0.0039688 0.0007733
0.0040570 0.0007084
0.0041618 0.0006661
0.0042319 0.0006500
0.0042194 0.0006443
0.0045913 0.0006989
0.0056519 0.0008521
0.0079802 0.0011782
0.0132474 0.0018654
0.0240989 0.0031677
0.0410264 0.0052726
0.0528096 0.0073208
0.0414168 0.0065488
0.0243158 0.0043890
0.0143411 0.0029526
0.0104794 0.0024248
0.0091313 0.0023932
0.0095703 0.0028047
0.0115882 0.0037455
0.0150865 0.0053933
0.0191411 0.0075216
0.0294105 0.0122546
0.0557056 0.0229477
0.1009613 0.0383698
0.0979225 0.0349852
0.0611404 0.0209347
0.0383294 0.0126868
0.0306014 0.0094286
0.0311852 0.0083956
0.0358525 0.0083300
0.0234118 0.0049368
0.0184435 0.0035995
0.0248972 0.0040819
0.0487261 0.0067159
0.0526945 0.0070954
0.0383467 0.0057340
0.0251367 0.0040256
0.0219165 0.0034369
0.0233739 0.0034529
0.0374422 0.0053310
0.0643064 0.0093366
0.0632188 0.0092081
0.0368417 0.0051744
0.0165235 0.0022871
0.0106868 0.0013903
0.0083882 0.0010331
0.0079581 0.0009247
0.0096556 0.0010387
0.0137585 0.0013494
0.0211125 0.0019316
0.0315987 0.0027930
0.0370661 0.0033764
0.0382524 0.0036922
0.0382677 0.0039701
0.0405464 0.0046536
0.0337932 0.0044999
0.0249094 0.0037552
0.0244709 0.0040516
0.0258229 0.0045919
0.0265255 0.0049276
0.0244323 0.0047983
0.0182441 0.0038346
0.0111956 0.0025557
0.0067299 0.0017056
0.0046408 0.0013539
0.0037148 0.0012760
0.0034826 0.0013876
0.0040345 0.0017172
0.0063054 0.0026082
0.0136536 0.0052377
0.0361841 0.0135872
0.0968416 0.0434346
0.1890767 0.1050554
0.1236789 0.0639372
0.0346740 0.0178744
0.0235116 0.0107669
0.0186086 0.0080657
0.0144396 0.0064156
0.0131241 0.0060330
0.0147361 0.0064984
0.0194223 0.0079758
0.0176138 0.0069458
0.0097950 0.0039570
0.0060203 0.0024241
0.0069151 0.0025563
0.0135941 0.0044633
0.0296041 0.0092934
0.0282323 0.0086876
0.0163587 0.0051757
0.0108320 0.0035144
0.0119219 0.0037556
0.0150837 0.0050975
0.0131795 0.0047945
0.0220412 0.0076234
0.0409312 0.0137025
0.0979243 0.0369056
0.0861851 0.0365139
0.0361133 0.0134656
0.0237237 0.0070298
0.0212327 0.0052141
0.0196990 0.0043981
0.0216687 0.0044001
0.0315742 0.0054978
0.0587913 0.0080746
0.0590456 0.0069666
0.0256137 0.0028237
0.0113392 0.0012508
0.0071902 0.0008015
0.0056311 0.0006298
0.0052165 0.0005716
0.0056284 0.0006044
0.0066010 0.0006958
0.0085608 0.0008830
0.0126029 0.0012593
0.0236088 0.0022810
0.0545190 0.0056033
0.0491353 0.0059882
0.0204004 0.0030619
0.0105350 0.0018018
0.0090089 0.0015505
0.0105164 0.0017683
0.0141822 0.0028130
0.0171490 0.0043829
0.0194759 0.0066565
0.0319162 0.0123623
0.0690036 0.0270713
0.1634907 0.0524367
0.1363282 0.0404425
0.0531475 0.0164483
0.0301432 0.0092263
0.0195576 0.0059649
0.0149220 0.0042477
0.0120219 0.0031108
0.0096569 0.0023301
0.0090471 0.0020397
0.0109721 0.0022502
0.0165543 0.0030206
0.0193077 0.0032894
0.0130445 0.0022576
0.0078149 0.0014258
0.0049059 0.0009393
0.0032041 0.0006366
0.0023798 0.0004949
0.0020040 0.0004497
0.0019198 0.0004728
0.0020586 0.0005575
0.0027846 0.0008240
0.0035065 0.0011586
0.0039982 0.0014874
0.0046509 0.0020296
0.0054309 0.0027399
0.0073801 0.0041524
0.0133832 0.0082732
0.0276922 0.0185988
0.0582464 0.0424884
0.1393159 0.1052585
0.1619464 0.1137797
0.0685270 0.0457585
0.0298407 0.0195287
0.0192606 0.0122934
0.0142007 0.0088094
0.0118502 0.0069924
0.0113496 0.0061340
0.0119658 0.0055735
0.0102796 0.0044846
0.0079334 0.0033388
0.0062186 0.0024969
0.0050348 0.0019204
0.0047463 0.0017205
0.0052474 0.0018185
0.0065028 0.0021705
0.0086240 0.0027919
0.0123714 0.0038831
0.0181676 0.0055745
0.0257978 0.0081063
0.0287077 0.0095647
0.0258435 0.0088669
0.0192978 0.0065399
0.0146815 0.0049591
0.0116746 0.0039915
0.0101403 0.0035266
0.0100009 0.0035620
0.0109989 0.0040819
0.0122285 0.0047503
0.0125108 0.0050394
0.0114018 0.0046278
0.0098750 0.0038440
0.0083306 0.0029193
0.0072566 0.0022273
0.0065985 0.0018014
0.0061971 0.0015580
0.0060072 0.0014354
0.0059373 0.0013739
0.0058932 0.0013427
0.0057964 0.0013200
0.0057014 0.0013077
0.0055946 0.0012991
0.0055279 0.0013153
0.0055904 0.0013822
0.0057141 0.0014820
0.0059091 0.0016133
0.0062649 0.0017768
0.0067572 0.0019559
0.0072361 0.0020869
0.0075413 0.0021010
0.0075089 0.0019570
0.0071691 0.0017193
0.0067835 0.0014817
0.0063827 0.0012719
0.0059337 0.0011071
0.0053326 0.0009636
0.0045474 0.0008091
0.0037422 0.0006603
0.0030458 0.0005368
0.0024902 0.0004458
0.0020496 0.0003785
0.0017480 0.0003366
0.0015984 0.0003212
0.0016428 0.0003399
0.0019779 0.0004132
0.0027757 0.0005733
0.0044250 0.0008846
0.0079494 0.0015146
0.0153787 0.0028270
0.0308389 0.0055018
0.0693573 0.0114611
0.1696855 0.0234946
0.2034231 0.0278591
0.1406032 0.0194288
0.0772709 0.0112124
0.0507086 0.0075036
0.0379188 0.0057147
0.0295233 0.0045942
0.0242772 0.0038631
0.0199420 0.0032283
0.0165631 0.0027055
0.0137779 0.0022018
0.0111083 0.0017171
0.0081930 0.0012737
0.0055397 0.0009010
0.0036334 0.0006291
0.0026971 0.0005012
0.0024122 0.0004813
0.0026831 0.0005702
0.0037500 0.0008427
0.0064966 0.0015302
0.0109090 0.0028349
0.0151194 0.0042014
0.0273845 0.0079926
0.0531064 0.0154467
0.0885154 0.0250294
0.0578220 0.0167841
0.0243776 0.0074148
0.0119106 0.0040628
0.0070500 0.0025997
0.0049218 0.0019537
0.0041592 0.0017888
0.0041219 0.0018831
0.0049486 0.0023956
0.0069641 0.0035990
0.0092262 0.0050730
0.0149834 0.0083478
0.0270464 0.0145258
0.0524964 0.0249282
0.0768229 0.0334093
0.1014776 0.0421943
0.1220417 0.0479883
0.1054271 0.0404940
0.0482374 0.0184109
0.0234197 0.0092576
0.0143957 0.0057093
0.0103403 0.0040374
0.0087783 0.0033709
0.0089032 0.0034141
0.0120482 0.0045866
0.0179591 0.0060454
0.0219501 0.0062851
0.0203164 0.0051791
0.0189482 0.0043552
0.0169684 0.0035745
0.0131075 0.0025932
0.0106488 0.0019868
0.0097085 0.0017122
0.0102566 0.0017192
0.0124413 0.0019951
0.0163495 0.0025215
0.0204386 0.0030942
0.0197805 0.0030967
0.0149268 0.0025118
0.0107131 0.0019305
0.0082114 0.0015623
0.0066486 0.0013217
0.0057324 0.0011754
0.0051528 0.0010778
0.0049433 0.0010357
0.0052738 0.0010765
0.0061152 0.0011854
0.0072318 0.0013125
0.0081956 0.0014018
0.0084163 0.0013909
0.0073811 0.0012042
0.0060134 0.0009765
0.0048344 0.0007985
0.0038564 0.0006618
0.0030356 0.0005568
0.0023799 0.0004874
0.0018744 0.0004427
0.0014871 0.0004094
0.0011959 0.0003908
0.0009887 0.0003931
0.0009499 0.0004558
0.0011916 0.0006634
0.0019303 0.0011965
0.0037342 0.0024742
0.0081667 0.0057505
0.0197344 0.0146907
0.0617005 0.0427041
0.0965978 0.0695256
0.0668948 0.0530831
0.0488741 0.0441872
0.0440039 0.0415001
0.0397259 0.0384221
0.0476162 0.0436218
0.0687450 0.0615619
0.1174012 0.0893973
0.0881973 0.0611781
0.0331695 0.0224529
0.0187368 0.0128778
0.0133110 0.0088539
0.0108129 0.0068336
0.0099293 0.0057279
0.0098502 0.0050341
0.0105209 0.0046802
0.0116877 0.0045281
0.0139316 0.0046124
0.0161515 0.0046181
0.0171952 0.0043782
0.0161047 0.0037817
0.0141322 0.0031461
0.0121454 0.0026542
0.0108639 0.0024002
0.0103303 0.0023531
0.0107401 0.0025317
0.0115780 0.0028072
0.0112808 0.0028047
0.0103638 0.0025547
0.0090859 0.0021399
0.0076153 0.0016852
0.0063106 0.0013250
0.0055648 0.0011224
0.0053683 0.0010441
0.0055429 0.0010367
0.0060775 0.0010877
0.0067601 0.0011555
0.0074532 0.0012277
0.0080486 0.0012964
0.0082868 0.0013350
0.0082539 0.0013653
0.0080725 0.0014055
0.0080157 0.0014826
0.0081236 0.0015910
0.0084604 0.0017422
0.0089514 0.0019080
0.0094124 0.0020097
0.0097640 0.0020051
0.0099724 0.0018988
0.0100342 0.0017395
0.0097848 0.0015472
0.0092376 0.0013484
0.0085593 0.0011725
0.0076433 0.0010037
0.0065596 0.0008409
0.0055102 0.0007074
0.0045841 0.0006071
0.0037572 0.0005316
0.0030472 0.0004795
0.0024491 0.0004481
0.0019811 0.0004418
0.0016865 0.0004750
0.0016012 0.0005767
0.0018535 0.0008262
0.0025721 0.0013374
0.0039640 0.0023474
0.0068203 0.0045938
0.0127455 0.0091891
0.0254628 0.0167105
0.0495723 0.0288995
0.0944797 0.0513965
0.1305492 0.0721462
0.0804647 0.0456607
0.0285386 0.0169208
0.0195975 0.0120079
0.0153581 0.0096560
0.0128666 0.0086129
0.0120334 0.0085357
0.0140146 0.0107333
0.0105313 0.0087670
0.0062922 0.0057271
0.0050023 0.0048319
0.0052416 0.0052621
0.0071284 0.0073063
0.0136877 0.0134721
0.0362857 0.0328992
0.0461036 0.0389038
0.0253447 0.0216247
0.0213162 0.0173696
0.0284434 0.0221188
0.0430316 0.0363184
0.0392291 0.0358522
0.0217194 0.0180819
0.0161483 0.0126586
0.0154049 0.0111877
0.0133352 0.0089982
0.0095549 0.0061449
0.0063814 0.0039932
0.0046917 0.0028567
0.0042266 0.0025024
0.0048271 0.0027080
0.0065939 0.0033942
0.0093964 0.0044288
0.0128588 0.0056446
0.0145233 0.0060762
0.0132822 0.0053784
0.0126803 0.0049295
0.0132773 0.0049139
0.0138511 0.0048469
0.0147107 0.0048738
0.0149661 0.0046512
0.0140216 0.0040215
0.0122968 0.0032423
0.0100544 0.0024378
0.0083521 0.0019038
0.0070434 0.0015617
0.0060208 0.0013370
0.0055397 0.0012486
0.0055767 0.0012772
0.0060762 0.0014039
0.0067495 0.0015550
0.0073673 0.0016660
0.0076629 0.0016633
0.0074776 0.0015234
0.0070554 0.0013353
0.0065651 0.0011469
0.0059996 0.0009662
0.0053208 0.0007972
0.0046331 0.0006554
0.0040238 0.0005461
0.0035066 0.0004652
0.0030811 0.0004095
0.0028415 0.0003885
0.0028517 0.0004114
0.0030950 0.0004847
0.0035195 0.0006174
0.0039081 0.0007902
0.0041930 0.0009883
0.0048630 0.0013105
0.0066423 0.0019543
0.0108593 0.0032820
0.0205216 0.0060135
0.0411808 0.0114743
0.0603926 0.0162876
0.0636988 0.0176059
0.0782138 0.0219875
0.1177135 0.0327975
0.1640901 0.0453935
0.1208938 0.0332303
0.0454201 0.0114853
0.0232561 0.0059885
0.0137379 0.0037575
0.0089789 0.0025507
0.0067149 0.0019101
0.0059263 0.0016301
0.0052529 0.0013892
0.0050260 0.0012531
0.0057224 0.0013475
0.0081139 0.0017594
0.0123782 0.0024519
0.0202016 0.0035679
0.0280911 0.0045005
0.0182286 0.0029455
0.0078164 0.0013129
0.0037252 0.0006735
0.0020825 0.0004089
0.0014309 0.0003115
0.0012068 0.0002932
0.0013081 0.0003450
0.0019089 0.0005284
0.0035820 0.0010502
0.0084317 0.0028006
0.0241189 0.0102244
0.0352938 0.0177359
0.0301949 0.0163250
0.0379150 0.0211260
0.0554207 0.0300165
0.0805173 0.0416240
0.1253136 0.0611657
0.1339607 0.0631211
0.0738331 0.0316264
0.0448934 0.0174730
0.0382259 0.0139610
0.0373799 0.0127106
0.0363991 0.0111732
0.0239016 0.0065554
0.0117276 0.0028884
0.0074788 0.0017989
0.0059734 0.0014031
0.0063176 0.0014034
0.0085798 0.0017879
0.0114096 0.0021729
0.0129316 0.0022490
0.0166746 0.0026740
0.0258397 0.0037243
0.0340289 0.0047051
0.0234246 0.0034303
0.0119228 0.0017072
0.0095057 0.0013616
0.0088985 0.0013289
0.0104673 0.0016762
0.0148216 0.0027640
0.0249838 0.0054641
0.0447604 0.0112575
0.0640103 0.0172461
0.0502036 0.0134788
0.0238528 0.0055260
0.0216118 0.0045941
0.0253917 0.0048150
0.0398714 0.0070995
0.0670606 0.0109205
0.0655322 0.0107962
0.0396441 0.0072751
0.0221261 0.0044711
0.0156215 0.0033545
0.0141459 0.0031773
0.0174530 0.0039630
0.0307581 0.0064405
0.0470230 0.0101018
0.0409791 0.0089386
0.0184914 0.0045089
0.0092946 0.0028162
0.0053292 0.0019863
0.0036266 0.0015809
0.0031895 0.0014868
0.0039052 0.0017737
0.0065756 0.0029445
0.0128825 0.0057418
0.0301120 0.0134446
0.0975991 0.0351166
0.1303486 0.0424166
0.0651273 0.0221023
0.0274012 0.0113272
0.0123149 0.0062685
0.0073089 0.0043577
0.0059311 0.0041359
0.0063186 0.0049610
0.0089795 0.0072700
0.0196581 0.0142360
0.0239309 0.0150727
0.0138357 0.0091015
0.0078790 0.0068186
0.0084123 0.0076710
0.0113484 0.0103089
0.0210672 0.0175468
0.0549823 0.0409848
0.0729861 0.0540642
0.0445808 0.0340773
0.0202432 0.0154385
0.0160498 0.0110561
0.0148317 0.0093484
0.0083505 0.0048837
0.0046014 0.0024768
0.0035456 0.0017847
0.0037763 0.0019281
0.0034289 0.0019426
0.0024626 0.0015391
0.0022130 0.0014239
0.0027841 0.0017462
0.0046762 0.0028789
0.0104598 0.0064595
0.0273824 0.0168418
0.0874891 0.0554472
0.1452096 0.0959373
0.0910367 0.0539777
0.0406645 0.0217473
0.0313191 0.0155730
0.0223352 0.0103089
0.0160301 0.0068702
0.0130767 0.0050923
0.0114349 0.0039646
0.0092453 0.0028666
0.0066369 0.0018250
0.0064812 0.0015670
0.0090562 0.0019378
0.0178829 0.0032896
0.0340431 0.0055412
0.0505257 0.0079166
0.0399008 0.0066807
0.0279548 0.0049807
0.0145088 0.0025554
0.0101626 0.0017645
0.0099961 0.0016858
0.0139911 0.0022670
0.0200237 0.0033998
0.0168745 0.0031593
0.0131729 0.0026191
0.0153943 0.0031077
0.0244436 0.0048652
0.0624951 0.0121323
0.1056750 0.0197500
0.0568534 0.0109862
0.0157814 0.0029902
0.0094705 0.0017305
0.0073865 0.0012741
0.0070524 0.0010961
0.0084603 0.0011769
0.0110359 0.0014303
0.0152828 0.0018902
0.0216820 0.0025811
0.0241242 0.0028661
0.0303496 0.0034749
0.0499731 0.0051043
0.0557318 0.0053059
0.0455655 0.0042719
0.0298609 0.0033389
0.0226220 0.0029085
0.0202520 0.0028545
0.0189664 0.0027632
0.0197454 0.0029131
0.0231185 0.0034356
0.0355417 0.0052534
0.0792378 0.0121365
0.1270182 0.0255694
0.0786124 0.0176709
0.0234268 0.0051510
0.0087914 0.0021035
0.0042818 0.0012243
0.0025518 0.0008551
0.0019086 0.0007088
0.0018387 0.0007375
0.0024498 0.0010169
0.0038660 0.0016374
0.0058571 0.0027845
0.0116100 0.0063762
0.0192779 0.0116726
0.0340851 0.0205125
0.0718547 0.0423576
0.1081316 0.0589975
0.0730810 0.0361218
0.0348607 0.0177980
0.0216263 0.0111186
0.0133030 0.0069061
0.0072732 0.0040593
0.0034382 0.0021077
0.0016692 0.0011274
0.0008520 0.0006272
0.0005015 0.0004111
0.0003854 0.0003429
0.0003939 0.0003749
0.0005193 0.0005288
0.0009158 0.0009877
0.0021009 0.0024184
0.0056651 0.0069375
0.0177347 0.0223374
0.0659658 0.0812550
0.1047118 0.1373004
0.0677448 0.0903238
0.0374475 0.0478117
0.0255385 0.0303914
0.0213958 0.0248131
0.0214358 0.0242813
0.0302057 0.0365581
0.0261280 0.0318169
0.0170618 0.0192834
0.0145801 0.0150300
0.0118297 0.0105537
0.0095951 0.0076047
0.0092055 0.0067063
0.0138577 0.0087839
0.0286766 0.0151831
0.0583565 0.0225180
0.0525187 0.0169490
0.0284039 0.0085352
0.0169921 0.0046068
0.0133325 0.0032690
0.0108464 0.0024791
0.0082972 0.0017941
0.0069123 0.0014074
0.0059061 0.0011287
0.0052435 0.0009334
0.0053501 0.0008821
0.0065329 0.0010006
0.0089706 0.0012974
0.0117239 0.0016743
0.0150793 0.0022103
0.0187751 0.0029117
0.0207575 0.0035033
0.0188574 0.0034496
0.0172800 0.0032241
0.0199424 0.0036719
0.0306916 0.0053446
0.0598226 0.0098477
0.0944650 0.0152495
0.1038289 0.0155133
0.0793250 0.0113988
0.0446010 0.0066425
0.0284117 0.0042518
0.0217780 0.0031798
0.0200237 0.0027722
0.0199312 0.0026036
0.0163017 0.0021056
0.0157635 0.0020263
0.0170978 0.0022474
0.0211640 0.0029268
0.0196859 0.0027837
0.0183880 0.0026550
0.0168081 0.0025527
0.0202804 0.0030436
0.0264505 0.0038112
0.0273578 0.0038839
0.0238826 0.0033854
0.0179984 0.0025979
0.0116258 0.0017639
0.0081249 0.0013060
0.0064528 0.0011078
0.0060770 0.0011361
0.0063622 0.0013256
0.0073359 0.0017438
0.0102446 0.0027183
0.0154247 0.0044188
0.0288996 0.0084805
0.0638034 0.0195352
0.1097871 0.0372320
0.1094958 0.0432441
0.0589473 0.0278336
0.0323964 0.0156128
0.0303878 0.0149113
0.0341916 0.0165084
0.0415938 0.0202045
0.0579261 0.0260978
0.0762041 0.0290410
0.0542956 0.0185616
0.0239082 0.0076677
0.0111318 0.0033279
0.0053527 0.0015355
0.0025946 0.0007302
0.0013672 0.0003826
0.0008968 0.0002458
0.0007338 0.0001923
0.0007363 0.0001775
0.0009328 0.0001944
0.0015117 0.0002595
0.0030001 0.0004276
0.0066764 0.0008500
0.0153905 0.0019057
0.0369443 0.0049202
0.1005471 0.0192848
0.1452543 0.0378113
0.0846150 0.0244194
0.0285963 0.0065262
0.0197513 0.0037888
0.0169210 0.0030080
0.0127774 0.0021215
0.0081048 0.0011817
0.0066392 0.0009112
0.0062734 0.0008021
0.0066280 0.0008147
0.0073989 0.0009237
0.0095820 0.0011871
0.0167156 0.0020131
0.0194669 0.0022691
0.0248273 0.0027941
0.0314010 0.0038262
0.0246614 0.0033699
0.0117790 0.0018724
0.0072631 0.0013488
0.0057792 0.0012684
0.0062660 0.0016270
0.0083971 0.0027115
0.0082274 0.0038334
0.0051840 0.0036425
0.0034906 0.0032697
0.0033641 0.0038076
0.0038328 0.0048809
0.0052830 0.0071098
0.0097158 0.0129681
0.0227622 0.0286840
0.0661569 0.0833428
0.1609172 0.1879848
0.1456269 0.1503257
0.0550861 0.0554571
0.0277171 0.0269429
0.0180361 0.0167241
0.0121231 0.0109070
0.0082356 0.0071368
0.0058821 0.0048123
0.0045263 0.0033500
0.0042281 0.0027046
0.0052341 0.0028215
0.0077303 0.0035601
0.0118693 0.0048534
0.0172573 0.0066251
0.0199644 0.0076863
0.0203795 0.0078779
0.0239482 0.0091671
0.0158499 0.0062021
0.0106920 0.0041690
0.0099650 0.0037170
0.0117288 0.0040993
0.0145158 0.0047922
0.0155394 0.0048517
0.0141667 0.0041107
0.0131599 0.0035661
0.0142408 0.0036141
0.0157699 0.0037627
0.0170630 0.0038354
0.0160411 0.0034161
0.0136622 0.0027482
0.0111784 0.0021183
0.0085042 0.0014992
0.0067395 0.0010806
0.0057853 0.0008316
0.0053126 0.0006886
0.0053365 0.0006339
0.0057626 0.0006343
0.0065752 0.0006798
0.0075685 0.0007488
0.0084591 0.0008324
0.0089432 0.0009217
0.0088531 0.0009864
0.0080448 0.0009890
0.0065597 0.0009073
0.0048505 0.0007718
0.0037289 0.0006748
0.0033255 0.0006608
0.0036216 0.0007598
0.0049000 0.0010451
0.0082061 0.0017013
0.0164223 0.0032886
0.0326746 0.0069839
0.0417659 0.0100962
0.0601927 0.0155809
0.1066003 0.0279562
0.2036577 0.0481617
0.1917638 0.0400055
0.0749510 0.0157403
0.0311600 0.0065146
0.0183159 0.0036924
0.0126316 0.0024482
0.0095917 0.0017972
0.0079863 0.0014873
0.0067852 0.0012593
0.0059718 0.0010893
0.0064568 0.0011500
0.0088070 0.0015382
0.0156867 0.0027886
0.0326256 0.0055850
0.0417570 0.0062776
0.0253854 0.0039458
0.0099078 0.0017072
0.0055169 0.0009681
0.0041942 0.0007494
0.0040978 0.0007477
0.0051492 0.0009315
0.0063501 0.0011760
0.0085006 0.0016138
0.0127002 0.0025406
0.0210774 0.0044801
0.0333714 0.0076695
0.0408832 0.0104570
0.0396383 0.0109594
0.0361077 0.0102224
0.0343900 0.0098578
0.0330618 0.0098234
0.0297137 0.0096620
0.0276846 0.0101809
0.0288864 0.0115257
0.0343691 0.0139575
0.0451359 0.0178743
0.0634446 0.0240253
0.0835384 0.0305206
0.0797402 0.0285848
0.0541473 0.0197563
0.0323089 0.0122426
0.0193735 0.0076498
0.0127581 0.0052190
0.0090950 0.0037379
0.0071463 0.0028997
0.0056081 0.0022568
0.0047986 0.0018739
0.0042452 0.0016507
0.0040055 0.0015564
0.0039835 0.0015539
0.0040862 0.0016182
0.0044139 0.0017813
0.0048589 0.0020007
0.0053780 0.0022600
0.0058780 0.0025238
0.0063302 0.0027616
0.0066906 0.0029331
0.0069413 0.0029725
0.0070784 0.0028396
0.0070281 0.0025512
0.0068202 0.0022079
0.0067412 0.0019585
0.0068058 0.0017961
0.0068447 0.0016580
0.0068404 0.0015268
0.0067788 0.0013914
0.0067543 0.0012788
0.0067428 0.0011835
0.0067108 0.0011085
0.0068052 0.0010667
0.0071643 0.0010649
0.0077139 0.0010896
0.0084284 0.0011468
0.0091509 0.0012241
0.0096362 0.0012996
0.0098440 0.0013680
0.0097380 0.0014211
0.0093571 0.0014497
0.0088954 0.0014679
0.0084632 0.0014815
0.0080600 0.0014920
0.0076611 0.0014902
0.0072525 0.0014575
0.0068016 0.0013771
0.0062295 0.0012476
0.0055483 0.0010944
0.0048804 0.0009437
0.0041824 0.0007945
0.0034849 0.0006624
0.0028643 0.0005611
0.0023341 0.0004889
0.0019228 0.0004440
0.0016214 0.0004180
0.0014555 0.0004200
0.0014492 0.0004728
0.0016085 0.0006003
0.0020121 0.0008570
0.0029189 0.0013663
0.0048746 0.0023405
0.0091675 0.0044070
0.0185524 0.0092397
0.0375431 0.0188545
0.0572912 0.0274580
0.0567436 0.0266199
0.0515111 0.0249164
0.0602352 0.0276817
0.0891990 0.0378837
0.0792547 0.0341154
0.0460704 0.0211701
0.0347189 0.0161547
0.0345324 0.0151444
0.0414755 0.0163840
0.0632861 0.0222603
0.0963825 0.0274379
0.0751319 0.0192281
0.0348600 0.0091135
0.0194366 0.0050798
0.0141989 0.0034154
0.0120885 0.0026373
0.0097788 0.0019971
0.0085385 0.0016442
0.0089823 0.0016147
0.0140364 0.0023310
0.0169555 0.0028597
0.0124662 0.0021850
0.0084044 0.0015651
0.0085172 0.0016524
0.0092143 0.0018920
0.0113801 0.0025303
0.0125197 0.0030089
0.0140548 0.0034529
0.0201369 0.0047635
0.0355607 0.0078696
0.0461386 0.0105937
0.0253307 0.0066690
0.0084517 0.0026918
0.0047148 0.0018346
0.0033185 0.0015687
0.0027913 0.0016124
0.0026765 0.0019024
0.0035961 0.0030551
0.0063263 0.0058063
0.0084460 0.0081365
0.0090511 0.0095600
0.0128727 0.0127852
0.0203022 0.0182450
0.0208452 0.0191429
0.0270390 0.0227679
0.0483864 0.0360854
0.1040055 0.0695264
0.1717179 0.0876625
0.1390575 0.0634486
0.0727344 0.0324828
0.0432178 0.0180295
0.0257845 0.0099110
0.0159718 0.0056493
0.0109210 0.0035429
0.0091727 0.0027558
0.0097220 0.0028428
0.0130286 0.0038180
0.0147545 0.0042184
0.0127728 0.0034035
0.0088112 0.0020565
0.0065370 0.0013684
0.0059074 0.0011482
0.0069943 0.0012445
0.0085818 0.0014110
0.0091756 0.0014586
0.0081366 0.0013043
0.0076400 0.0012438
0.0097822 0.0015899
0.0157851 0.0024984
0.0272317 0.0040001
0.0299856 0.0042276
0.0208247 0.0030798
0.0108529 0.0017784
0.0054927 0.0010265
0.0030964 0.0007042
0.0020298 0.0005719
0.0017037 0.0005636
0.0019750 0.0007105
0.0030364 0.0011747
0.0061390 0.0024423
0.0170868 0.0065488
0.0526833 0.0220447
0.1078857 0.0526803
0.0750271 0.0387916
0.0374918 0.0180956
0.0265888 0.0133051
0.0246744 0.0119962
0.0292462 0.0135564
0.0477018 0.0211175
0.0899501 0.0400949
0.0948669 0.0389346
0.0506831 0.0225575
0.0391896 0.0157413
0.0385132 0.0129709
0.0240525 0.0064179
0.0122129 0.0029089
0.0096171 0.0021499
0.0086565 0.0018856
0.0094350 0.0019867
0.0119882 0.0023965
0.0142453 0.0026630
0.0152040 0.0027013
0.0135724 0.0023155
0.0109777 0.0018730
0.0073454 0.0013044
0.0046767 0.0009149
0.0030796 0.0006958
0.0025035 0.0006495
0.0028773 0.0008485
0.0037844 0.0012660
0.0047549 0.0017974
0.0073490 0.0031459
0.0139168 0.0066610
0.0387798 0.0204567
0.0771957 0.0440113
0.0600073 0.0382381
0.0319391 0.0221214
0.0208364 0.0128633
0.0179201 0.0101332
0.0236133 0.0122872
0.0418325 0.0199741
0.0978919 0.0398671
0.1069234 0.0407834
0.0644821 0.0212583
0.0362656 0.0099550
0.0177894 0.0042852
0.0135030 0.0029096
0.0113462 0.0022361
0.0113398 0.0020503
0.0132080 0.0021967
0.0174955 0.0027601
0.0164236 0.0025085
0.0180402 0.0026086
0.0296373 0.0040079
0.0329136 0.0046858
0.0198541 0.0031285
0.0093551 0.0015767
0.0065362 0.0011576
0.0061902 0.0011219
0.0085842 0.0016152
0.0077786 0.0015282
0.0061073 0.0011922
0.0068725 0.0013282
0.0109296 0.0022697
0.0146462 0.0034673
0.0223330 0.0061606
0.0393511 0.0119902
0.1049548 0.0348331
0.1921262 0.0613588
0.1258421 0.0362743
0.0334188 0.0095672
0.0139348 0.0040907
0.0087910 0.0024929
0.0066186 0.0017435
0.0062812 0.0015103
0.0080555 0.0017488
0.0126449 0.0024671
0.0221289 0.0038603
0.0398974 0.0069493
0.0440531 0.0081396
0.0240857 0.0049150
0.0153247 0.0034332
0.0118069 0.0027719
0.0115655 0.0028254
0.0145642 0.0037189
0.0144833 0.0038802
0.0171534 0.0047092
0.0239393 0.0066048
0.0398357 0.0105489
0.0664848 0.0167707
0.0690857 0.0175522
0.0661529 0.0158024
0.0442902 0.0101643
0.0250783 0.0056522
0.0156958 0.0034215
0.0108733 0.0021955
0.0094459 0.0016981
0.0102186 0.0015958
0.0141737 0.0019143
0.0236413 0.0027944
0.0382355 0.0040380
0.0440923 0.0044283
0.0399461 0.0040823
0.0313400 0.0032576
0.0234016 0.0024197
0.0153638 0.0016067
0.0098091 0.0010508
0.0066225 0.0007225
0.0050455 0.0005532
0.0047957 0.0005217
0.0055283 0.0006098
0.0063611 0.0007254
0.0094732 0.0010725
0.0177366 0.0020310
0.0390845 0.0045748
0.0857051 0.0100033
0.0933119 0.0102088
0.0589576 0.0061509
0.0262576 0.0028129
0.0130579 0.0014097
0.0076889 0.0008660
0.0052735 0.0006299
0.0053090 0.0005960
0.0070210 0.0008839
0.0047784 0.0006536
0.0025156 0.0003312
0.0021528 0.0002628
0.0026066 0.0002808
0.0037530 0.0004386
0.0044874 0.0006399
0.0076920 0.0014057
0.0165398 0.0033029
0.0414415 0.0098983
0.1102163 0.0317958
0.2151681 0.0593421
0.2062571 0.0454220
0.1012590 0.0161300
0.0168395 0.0023880
0.0065355 0.0010625
0.0035234 0.0005907
0.0025459 0.0004408
0.0024459 0.0004551
0.0031639 0.0006765
0.0046020 0.0010779
0.0065454 0.0015212
0.0080434 0.0017358
0.0149995 0.0030415
0.0337021 0.0063734
0.0830299 0.0155397
0.1031652 0.0170520
0.0818546 0.0120973
0.0364912 0.0055456
0.0155240 0.0027413
0.0065315 0.0010887
0.0057479 0.0008255
0.0057422 0.0007368
0.0079414 0.0009146
0.0084655 0.0009763
0.0058488 0.0006972
0.0054856 0.0006228
0.0066347 0.0007264
0.0071887 0.0007928
0.0059731 0.0006830
0.0076247 0.0008905
0.0129434 0.0015927
0.0304505 0.0039338
0.0904287 0.0118476
0.1621345 0.0202980
0.1041754 0.0127810
0.0387770 0.0049491
0.0217468 0.0028197
0.0159606 0.0020341
0.0148571 0.0019240
0.0154633 0.0021592
0.0112313 0.0017155
0.0067456 0.0010607
0.0045637 0.0007188
0.0029924 0.0004669
0.0024568 0.0004057
0.0018979 0.0003689
0.0016757 0.0003993
0.0016452 0.0004927
0.0014223 0.0005717
0.0013270 0.0007248
0.0017708 0.0012895
0.0034645 0.0029459
0.0092159 0.0086520
0.0283708 0.0251065
0.0956933 0.0767118
0.1008213 0.1080597
0.0910228 0.0944461
0.0483862 0.0492362
0.0102991 0.0086793
0.0042676 0.0036919
0.0025508 0.0023101
0.0020901 0.0020671
0.0018040 0.0020208
0.0011987 0.0014273
0.0009551 0.0012596
0.0009208 0.0013089
0.0011647 0.0016724
0.0015579 0.0022202
0.0022426 0.0031665
0.0037705 0.0055947
0.0056994 0.0096207
0.0066159 0.0128844
0.0093501 0.0199244
0.0139802 0.0308947
0.0272445 0.0582337
0.0662985 0.1477000
0.1012952 0.1922777
0.0581429 0.1003548
0.0202866 0.0363908
0.0095717 0.0163910
0.0052198 0.0083473
0.0031502 0.0046039
0.0022223 0.0029454
0.0019070 0.0022630
0.0018882 0.0019454
0.0020772 0.0018513
0.0023747 0.0018744
0.0027088 0.0019398
0.0030471 0.0020138
0.0033811 0.0020897
0.0036665 0.0021430
0.0039136 0.0021621
0.0041097 0.0021269
0.0043469 0.0020997
0.0046373 0.0020996
0.0049411 0.0021038
0.0052439 0.0020992
0.0054389 0.0020540
0.0054120 0.0019423
0.0053785 0.0018441
0.0053239 0.0017525
0.0052366 0.0016601
0.0052474 0.0016023
0.0054064 0.0015974
0.0056114 0.0016090
0.0058014 0.0016159
0.0060069 0.0016349
0.0062234 0.0016578
0.0065124 0.0017085
0.0067248 0.0017399
0.0069618 0.0017816
0.0072247 0.0018173
0.0074930 0.0018485
0.0078085 0.0018807
0.0081113 0.0019007
0.0083715 0.0018986
0.0084632 0.0018549
0.0086423 0.0018304
0.0089486 0.0018262
0.0094234 0.0018534
0.0099595 0.0018877
0.0106555 0.0019575
0.0114554 0.0020604
0.0124664 0.0022129
0.0136526 0.0023954
0.0150444 0.0026022
0.0163250 0.0027536
0.0168111 0.0027728
0.0160658 0.0026642
0.0149008 0.0025180
0.0138369 0.0023664
0.0123853 0.0021366
0.0106272 0.0018495
0.0088836 0.0015418
0.0073259 0.0012429
0.0058321 0.0009453
0.0044499 0.0006724
0.0033945 0.0004738
0.0026359 0.0003405
0.0021697 0.0002655
0.0019361 0.0002322
0.0019421 0.0002367
0.0022459 0.0002837
0.0031303 0.0004053
0.0053459 0.0006833
0.0105358 0.0012702
0.0226400 0.0025294
0.0559924 0.0059884
0.0894427 0.0103761
0.0786230 0.0095995
0.0641876 0.0088750
0.0662518 0.0107945
0.0631022 0.0118647
0.0449785 0.0091647
0.0252638 0.0054921
0.0167758 0.0040264
0.0127683 0.0033348
0.0094368 0.0027959
0.0070665 0.0024146
0.0061366 0.0023634
0.0056656 0.0024397
0.0054833 0.0025500
0.0066043 0.0031190
0.0091215 0.0042035
0.0132791 0.0059334
0.0217685 0.0091776
0.0436227 0.0177041
0.1139612 0.0424244
0.2132197 0.0794465
0.1348134 0.0506725
0.0354785 0.0139838
0.0145190 0.0059652
0.0071166 0.0029498
0.0037752 0.0015300
0.0023927 0.0008867
0.0019146 0.0006045
0.0018134 0.0004813
0.0018925 0.0004268
0.0017682 0.0003565
0.0014976 0.0002903
0.0012293 0.0002441
0.0010394 0.0002219
0.0009227 0.0002173
0.0009176 0.0002388
0.0010733 0.0003000
0.0014479 0.0004150
0.0023675 0.0006437
0.0050778 0.0012152
0.0125384 0.0026623
0.0305651 0.0061004
0.0693420 0.0137258
0.0975045 0.0222704
0.1038072 0.0287318
0.0852126 0.0259187
0.0509195 0.0155363
0.0241737 0.0078898
0.0164978 0.0049640
0.0131375 0.0036534
0.0127269 0.0030413
0.0105489 0.0022705
0.0069497 0.0015037
0.0050125 0.0011297
0.0045961 0.0010435
0.0051119 0.0011678
0.0056024 0.0013598
0.0070470 0.0017805
0.0111240 0.0028770
0.0209833 0.0055637
0.0373085 0.0103535
0.0527508 0.0154805
0.0650041 0.0199298
0.0733413 0.0221153
0.0667576 0.0196998
0.0443332 0.0127242
0.0144619 0.0045419
0.0061764 0.0020173
0.0031955 0.0010536
0.0019491 0.0006420
0.0013309 0.0004227
0.0010551 0.0003132
0.0010970 0.0002968
0.0016098 0.0003818
0.0032174 0.0006404
0.0073883 0.0012070
0.0180049 0.0024372
0.0404652 0.0049629
0.0585283 0.0074639
0.0682772 0.0098440
0.0897463 0.0141641
0.1348949 0.0212875
0.1495064 0.0230589
0.1000313 0.0161369
0.0498958 0.0090123
0.0302380 0.0056591
0.0249513 0.0045119
0.0229802 0.0039015
0.0240280 0.0037626
0.0264418 0.0038812
0.0302184 0.0042872
0.0420122 0.0058756
0.0592482 0.0084095
0.0693177 0.0097219
0.0628914 0.0089222
0.0564945 0.0081673
0.0403708 0.0058850
0.0141253 0.0023960
0.0060287 0.0011394
0.0030627 0.0006275
0.0018182 0.0003870
0.0013067 0.0002530
0.0011471 0.0001947
0.0013255 0.0002005
0.0020320 0.0002696
0.0039154 0.0004524
0.0087874 0.0009187
0.0205334 0.0020146
0.0461804 0.0043187
0.0806816 0.0074721
0.0850901 0.0081636
0.0633342 0.0062980
0.0393724 0.0039622
0.0305497 0.0028927
0.0227363 0.0020760
0.0182197 0.0017976
0.0163198 0.0021072
0.0122713 0.0020952
0.0103546 0.0024418
0.0071046 0.0018638
0.0049639 0.0013261
0.0047598 0.0013004
0.0064995 0.0017989
0.0065905 0.0018578
0.0047070 0.0013208
0.0044299 0.0015922
0.0030096 0.0013165
0.0026058 0.0012334
0.0027629 0.0015050
0.0040151 0.0026444
0.0076960 0.0060408
0.0176029 0.0143453
0.0471209 0.0433989
0.1053455 0.0797198
0.1055847 0.0771719
0.1086090 0.0739856
0.1573562 0.0813940
0.1084051 0.0416434
0.0287676 0.0083916
0.0159772 0.0040563
0.0109415 0.0024453
0.0083267 0.0017607
0.0071273 0.0014622
0.0070740 0.0014319
0.0089455 0.0017714
0.0171649 0.0031283
0.0257470 0.0042023
0.0178836 0.0029635
0.0124118 0.0017506
0.0117921 0.0015275
0.0138376 0.0016506
0.0221832 0.0024018
0.0340415 0.0031599
0.0310971 0.0029174
0.0212558 0.0020252
0.0150119 0.0015231
0.0135329 0.0014389
0.0122926 0.0013342
0.0105735 0.0011932
0.0107733 0.0012182
0.0111448 0.0012224
0.0137883 0.0013617
0.0192468 0.0016725
0.0271061 0.0021947
0.0321638 0.0027638
0.0297852 0.0028691
0.0276243 0.0031013
0.0252600 0.0032611
0.0349182 0.0048334
0.0580376 0.0083439
0.0410162 0.0073510
0.0158092 0.0035405
0.0083904 0.0023675
0.0061085 0.0022391
0.0058546 0.0028521
0.0075524 0.0049330
0.0070686 0.0071039
0.0036410 0.0038889
0.0031065 0.0039207
0.0026260 0.0039073
0.0030850 0.0047499
0.0051773 0.0079997
0.0102957 0.0158658
0.0221068 0.0316333
0.0425934 0.0663335
0.0882309 0.1560963
0.1379974 0.2383304
0.0848493 0.1300425
0.0260865 0.0376552
0.0120345 0.0167320
0.0063484 0.0087134
0.0037142 0.0049713
0.0024763 0.0031330
0.0020522 0.0023277
0.0021849 0.0020541
0.0027215 0.0020352
0.0036476 0.0021975
0.0047251 0.0024068
0.0052484 0.0024321
0.0048354 0.0021962
0.0041557 0.0019055
0.0036961 0.0016706
0.0035215 0.0015162
0.0035203 0.0014136
0.0036016 0.0013401
0.0036886 0.0012686
0.0038502 0.0012171
0.0041071 0.0011907
0.0044751 0.0011986
0.0049073 0.0012241
0.0053869 0.0012646
0.0058936 0.0013160
0.0063963 0.0013814
0.0068267 0.0014441
0.0071574 0.0015007
0.0072422 0.0015083
0.0072268 0.0014902
0.0071561 0.0014536
0.0071401 0.0014240
0.0072349 0.0014256
0.0072871 0.0014280
0.0072699 0.0014182
0.0073367 0.0014228
0.0076043 0.0014584
0.0081261 0.0015330
0.0088286 0.0016335
0.0096317 0.0017590
0.0102240 0.0018427
0.0102551 0.0018140
0.0099838 0.0017355
0.0097350 0.0016762
0.0093044 0.0015926
0.0088802 0.0015124
0.0085788 0.0014507
0.0084059 0.0014097
0.0084504 0.0014153
0.0086668 0.0014543
0.0088989 0.0015024
0.0090508 0.0015491
0.0091103 0.0015976
0.0094242 0.0016934
0.0100230 0.0018274
0.0107261 0.0019592
0.0115149 0.0020731
0.0119359 0.0020796
0.0120506 0.0020115
0.0120331 0.0019107
0.0114967 0.0017332
0.0105234 0.0015107
0.0092797 0.0012682
0.0078155 0.0010171
0.0064442 0.0007997
0.0051703 0.0006147
0.0040458 0.0004678
0.0030957 0.0003566
0.0023531 0.0002775
0.0018674 0.0002334
0.0015430 0.0002161
0.0013920 0.0002311
0.0014424 0.0002889
0.0017846 0.0004185
0.0026093 0.0006743
0.0044475 0.0011629
0.0088584 0.0021529
0.0199060 0.0045244
0.0455316 0.0102085
0.1049407 0.0230159
0.1930626 0.0389121
0.1629894 0.0334603
0.0790668 0.0160544
0.0532778 0.0113147
0.0420794 0.0086303
0.0348800 0.0064806
0.0281051 0.0046646
0.0179470 0.0028425
0.0130152 0.0018099
0.0102568 0.0012294
0.0085796 0.0009149
0.0088543 0.0008806
0.0103682 0.0010652
0.0101538 0.0012260
0.0126525 0.0017491
0.0225206 0.0035587
0.0400712 0.0093647
0.0390531 0.0123920
0.0243601 0.0093284
0.0224225 0.0096812
0.0295487 0.0144833
0.0355609 0.0178958
0.0244487 0.0130538
0.0183681 0.0112522
0.0161194 0.0108744
0.0123745 0.0088344
0.0147458 0.0101377
0.0263874 0.0149808
0.0714832 0.0358005
0.1039898 0.0510443
0.0610584 0.0269587
0.0193818 0.0071790
0.0117042 0.0044027
0.0090886 0.0033946
0.0062789 0.0024750
0.0043229 0.0018940
0.0039480 0.0017353
0.0050140 0.0020852
0.0087301 0.0035700
0.0156534 0.0062871
0.0350384 0.0139908
0.0793151 0.0289298
0.1130593 0.0352854
0.0806256 0.0236766
0.0318627 0.0083396
0.0177806 0.0044294
0.0130470 0.0032569
0.0134974 0.0034559
0.0155031 0.0041387
0.0227632 0.0059335
0.0455973 0.0112696
0.0836146 0.0164443
0.0603584 0.0106539
0.0195350 0.0035124
0.0095965 0.0016619
0.0071937 0.0011729
0.0074172 0.0011796
0.0072416 0.0010838
0.0065541 0.0008906
0.0068518 0.0009171
0.0075029 0.0010505
0.0101941 0.0015034
0.0151467 0.0023485
0.0212791 0.0035165
0.0323585 0.0058488
0.0608104 0.0118875
0.1113718 0.0200973
0.0919317 0.0172917
0.0441037 0.0093424
0.0192583 0.0045428
0.0138665 0.0034682
0.0123980 0.0031816
0.0141940 0.0035998
0.0204798 0.0052121
0.0157665 0.0042272
0.0056472 0.0015985
0.0036964 0.0011359
0.0035912 0.0011700
0.0034441 0.0012997
0.0030207 0.0012755
0.0031839 0.0016295
0.0040131 0.0023930
0.0067618 0.0045844
0.0156733 0.0112068
0.0482920 0.0342411
0.1420204 0.0960537
0.1529351 0.1097848
0.0703083 0.0499705
0.0284539 0.0196477
0.0203015 0.0122153
0.0139512 0.0076430
0.0090179 0.0045794
0.0054759 0.0025067
0.0040381 0.0015716
0.0032121 0.0010754
0.0026885 0.0007851
0.0024049 0.0006434
0.0020908 0.0005732
0.0016964 0.0005221
0.0015688 0.0005383
0.0017650 0.0006742
0.0024501 0.0010481
0.0041836 0.0019871
0.0087344 0.0045006
0.0191271 0.0110251
0.0272214 0.0173457
0.0336210 0.0252562
0.0378741 0.0339464
0.0636247 0.0589755
0.1045633 0.0882223
0.0739608 0.0563406
0.0316275 0.0218093
0.0195918 0.0121916
0.0142376 0.0075880
0.0099100 0.0047547
0.0069849 0.0029902
0.0064764 0.0023656
0.0089819 0.0026008
0.0176304 0.0040004
0.0313369 0.0061850
0.0438167 0.0076111
0.0368603 0.0062369
0.0218321 0.0039079
0.0120531 0.0023043
0.0067650 0.0013359
0.0056497 0.0011088
0.0066520 0.0012382
0.0093057 0.0016580
0.0110292 0.0020274
0.0119017 0.0023140
0.0154211 0.0031619
0.0229042 0.0050337
0.0335809 0.0079390
0.0444406 0.0113122
0.0518322 0.0143127
0.0545046 0.0160844
0.0560566 0.0171164
0.0595947 0.0178973
0.0632937 0.0175588
0.0540779 0.0143371
0.0380021 0.0102500
0.0271927 0.0075355
0.0227855 0.0061213
0.0238675 0.0057861
0.0310851 0.0061257
0.0361496 0.0059638
0.0320597 0.0050143
0.0264214 0.0041633
0.0231665 0.0038032
0.0207949 0.0036607
0.0183366 0.0034333
0.0145831 0.0028012
0.0111861 0.0021680
0.0085060 0.0016738
0.0065702 0.0013297
0.0055202 0.0011452
0.0050970 0.0010693
0.0050969 0.0010637
0.0054421 0.0011114
0.0061190 0.0012003
0.0068933 0.0012803
0.0078057 0.0013578
0.0089391 0.0014636
0.0102941 0.0016182
0.0117691 0.0018113
0.0131969 0.0020159
0.0145001 0.0022094
0.0158368 0.0023929
0.0172068 0.0025480
0.0183025 0.0026413
0.0187010 0.0026244
0.0185614 0.0025405
0.0176906 0.0023640
0.0157309 0.0020286
0.0129315 0.0015626
0.0101286 0.0011215
0.0078003 0.0008107
0.0061574 0.0006297
0.0049470 0.0005202
0.0040124 0.0004498
0.0033179 0.0004111
0.0029302 0.0004120
0.0028766 0.0004741
0.0032768 0.0006343
0.0043080 0.0009454
0.0062932 0.0015067
0.0101331 0.0026274
0.0179987 0.0047108
0.0365647 0.0076012
0.0641432 0.0113490
0.0725528 0.0140610
0.0530876 0.0110762
0.0370711 0.0089710
0.0195776 0.0056059
0.0087990 0.0034509
0.0063339 0.0026405
0.0058755 0.0025020
0.0071559 0.0029261
0.0117470 0.0041781
0.0272426 0.0077632
0.0777879 0.0183885
0.1421729 0.0300831
0.1354207 0.0274847
0.0790028 0.0155461
0.0341635 0.0074843
0.0190853 0.0044712
0.0126069 0.0030173
0.0090248 0.0021876
0.0066340 0.0016280
0.0054175 0.0013251
0.0059047 0.0014135
0.0090950 0.0020859
0.0088593 0.0022783
0.0051643 0.0015038
0.0031359 0.0010604
0.0019044 0.0008068
0.0013340 0.0007013
0.0011409 0.0007436
0.0012564 0.0010111
0.0021329 0.0019801
0.0052987 0.0054054
0.0177676 0.0205280
0.0580748 0.0640687
0.0777814 0.0874374
0.0399755 0.0466194
0.0130799 0.0170785
0.0064851 0.0077702
0.0039538 0.0046491
0.0029830 0.0036529
0.0025449 0.0033337
0.0023323 0.0030052
0.0025850 0.0031097
0.0039262 0.0045242
0.0068954 0.0075988
0.0125486 0.0132399
0.0232104 0.0232020
0.0451302 0.0449770
0.0873195 0.0942347
0.1093258 0.1316736
0.0578978 0.0709124
0.0205994 0.0237811
0.0089070 0.0100924
0.0046481 0.0051411
0.0028804 0.0029903
0.0021822 0.0020305
0.0019609 0.0015956
0.0019642 0.0014027
0.0020971 0.0013321
0.0023069 0.0013292
0.0025270 0.0013392
0.0027358 0.0013448
0.0029001 0.0013316
0.0030404 0.0013136
0.0031361 0.0012838
0.0032178 0.0012545
0.0033160 0.0012367
0.0034011 0.0012168
0.0034425 0.0011834
0.0034590 0.0011468
0.0034762 0.0011173
0.0035513 0.0011149
0.0036847 0.0011349
0.0038909 0.0011813
0.0041264 0.0012382
0.0044455 0.0013156
0.0049644 0.0014488
0.0056724 0.0016389
0.0065661 0.0018908
0.0075960 0.0021997
0.0087367 0.0025666
0.0099244 0.0029538
0.0109921 0.0032742
0.0111524 0.0033244
0.0106217 0.0031846
0.0097404 0.0029429
0.0086113 0.0026251
0.0077986 0.0023873
0.0071760 0.0021932
0.0067264 0.0020397
0.0063495 0.0019047
0.0061187 0.0018128
0.0061103 0.0017741
0.0059436 0.0016987
0.0058049 0.0016443
0.0057812 0.0016225
0.0058234 0.0016193
0.0059938 0.0016486
0.0062485 0.0016991
0.0065353 0.0017546
0.0067810 0.0017880
0.0070593 0.0018087
0.0073088 0.0018014
0.0076487 0.0017885
0.0080409 0.0017788
0.0085408 0.0017948
0.0089547 0.0018140
0.0091813 0.0018247
0.0093168 0.0018405
0.0093608 0.0018641
0.0094251 0.0019172
0.0094571 0.0019811
0.0093347 0.0020255
0.0087762 0.0020015
0.0080957 0.0019331
0.0074559 0.0018452
0.0070429 0.0017737
0.0068042 0.0017222
0.0067012 0.0016908
0.0067131 0.0016801
0.0068417 0.0016870
0.0070188 0.0016938
0.0070634 0.0016792
0.0070852 0.0016607
0.0070856 0.0016314
0.0071029 0.0015947
0.0071040 0.0015515
0.0070760 0.0014929
0.0069242 0.0014153
0.0067930 0.0013501
0.0067563 0.0013126
0.0068398 0.0013073
0.0070273 0.0013277
0.0072407 0.0013608
0.0074165 0.0013918
0.0075448 0.0014247
0.0076622 0.0014618
0.0078112 0.0015095
0.0080787 0.0015828
0.0084665 0.0016871
0.0089768 0.0018179
0.0096043 0.0019621
0.0103807 0.0021073
0.0111486 0.0022092
0.0112161 0.0021824
0.0105823 0.0020741
0.0100875 0.0019942
0.0098416 0.0019430
0.0095065 0.0018888
0.0092515 0.0018585
0.0091670 0.0018467
0.0090421 0.0018360
0.0089323 0.0018350
0.0088168 0.0018302
0.0087121 0.0018170
0.0087185 0.0018026
0.0086407 0.0017502
0.0084255 0.0016591
0.0080980 0.0015302
0.0075917 0.0013781
0.0070765 0.0012386
0.0067083 0.0011294
0.0064241 0.0010415
0.0062283 0.0009834
0.0061938 0.0009563
0.0063433 0.0009563
0.0064316 0.0009563
0.0065555 0.0009693
0.0067489 0.0009948
0.0070579 0.0010402
0.0075295 0.0011131
0.0082060 0.0012197
0.0090456 0.0013507
0.0098423 0.0014827
0.0104343 0.0015750
0.0104195 0.0015643
0.0101069 0.0014969
0.0096520 0.0014166
0.0090968 0.0013369
0.0086632 0.0012921
0.0083936 0.0012882
0.0083565 0.0013309
0.0085102 0.0014121
0.0087423 0.0015113
0.0090149 0.0016089
0.0093928 0.0016876
0.0095568 0.0016878
0.0093401 0.0016030
0.0087849 0.0014627
0.0080580 0.0013048
0.0073364 0.0011605
0.0066246 0.0010321
0.0059165 0.0009177
0.0050921 0.0007995
0.0041415 0.0006770
0.0032576 0.0005720
0.0023667 0.0004689
0.0015912 0.0003763
0.0010642 0.0003087
0.0007596 0.0002666
0.0006008 0.0002483
0.0005432 0.0002605
0.0005779 0.0003180
0.0007674 0.0004738
0.0012672 0.0008324
0.0024803 0.0016705
0.0054790 0.0039632
0.0133178 0.0105873
0.0357694 0.0306480
0.1128158 0.0777706
0.1629439 0.1052294
0.0921000 0.0614717
0.0288090 0.0274647
0.0147672 0.0156423
0.0091376 0.0103477
0.0060224 0.0070277
0.0043816 0.0051321
0.0036247 0.0042247
0.0036107 0.0040044
0.0046443 0.0045251
0.0090769 0.0074929
0.0199740 0.0171341
0.0453214 0.0285377
0.0646624 0.0315144
0.0379508 0.0197492
0.0131390 0.0083079
0.0072648 0.0043852
0.0050474 0.0026251
0.0044472 0.0019357
0.0048733 0.0018404
0.0059614 0.0020743
0.0076544 0.0026685
0.0096409 0.0038650
0.0130922 0.0067583
0.0193143 0.0131805
0.0205098 0.0152465
0.0198430 0.0142302
0.0206281 0.0139424
0.0310718 0.0227029
0.0399882 0.0299068
0.0279780 0.0181096
0.0199868 0.0118184
0.0167948 0.0092070
0.0150273 0.0078344
0.0124615 0.0062959
0.0095664 0.0046362
0.0068847 0.0032227
0.0050591 0.0023327
0.0041344 0.0018763
0.0037671 0.0016724
0.0037277 0.0016187
0.0038504 0.0016466
0.0040204 0.0017053
0.0042120 0.0017717
0.0044346 0.0018417
0.0046995 0.0019118
0.0049469 0.0019567
0.0051181 0.0019659
0.0053202 0.0019838
0.0054764 0.0019793
0.0055774 0.0019458
0.0056466 0.0018836
0.0057139 0.0017921
0.0058468 0.0016985
0.0060182 0.0016228
0.0061190 0.0015570
0.0063828 0.0015495
0.0067035 0.0015643
0.0069229 0.0015561
0.0069402 0.0015048
0.0068399 0.0014421
0.0067528 0.0014052
0.0067327 0.0013848
0.0066454 0.0013603
0.0066660 0.0013600
0.0067763 0.0013773
0.0070117 0.0014168
0.0072671 0.0014562
0.0075285 0.0014851
0.0076181 0.0014791
0.0075215 0.0014510
0.0074066 0.0014407
0.0072796 0.0014378
0.0071127 0.0014181
0.0068632 0.0013658
0.0064761 0.0012691
0.0060625 0.0011521
0.0057666 0.0010460
0.0055475 0.0009550
0.0053789 0.0008904
0.0053220 0.0008552
0.0053275 0.0008385
0.0054483 0.0008424
0.0056270 0.0008577
0.0057215 0.0008717
0.0057227 0.0008805
0.0057380 0.0008891
0.0057874 0.0008901
0.0059165 0.0009031
0.0061243 0.0009467
0.0064194 0.0009988
0.0067964 0.0010459
0.0073227 0.0010987
0.0078454 0.0011535
0.0083523 0.0012198
0.0088099 0.0013045
0.0093616 0.0014262
0.0100819 0.0015765
0.0107081 0.0017351
0.0114397 0.0019110
0.0121240 0.0020674
0.0125242 0.0021688
0.0127286 0.0021876
0.0126330 0.0020976
0.0117812 0.0018860
0.0103874 0.0016129
0.0088188 0.0013397
0.0071858 0.0010916
0.0057770 0.0008827
0.0044754 0.0006947
0.0033379 0.0005409
0.0024260 0.0004248
0.0017431 0.0003430
0.0012649 0.0002912
0.0009776 0.0002725
0.0008478 0.0002944
0.0008704 0.0003817
0.0011032 0.0005889
0.0017013 0.0010298
0.0030558 0.0019732
0.0061419 0.0041003
0.0129673 0.0088429
0.0285433 0.0196899
0.0737061 0.0502930
0.1337136 0.0884665
0.0932834 0.0584128
0.0348733 0.0257781
0.0183575 0.0158295
0.0134728 0.0130903
0.0109872 0.0117215
0.0097054 0.0111378
0.0098631 0.0116508
0.0116149 0.0140916
0.0088867 0.0110550
0.0074886 0.0102521
0.0082460 0.0109926
0.0124786 0.0141382
0.0187536 0.0186999
0.0274400 0.0250774
0.0432339 0.0366434
0.0842639 0.0667158
0.0773841 0.0583040
0.0321760 0.0285715
0.0171449 0.0176188
0.0137765 0.0149903
0.0137843 0.0143185
0.0139641 0.0135658
0.0159934 0.0135719
0.0252099 0.0168917
0.0388844 0.0195973
0.0269527 0.0131504
0.0135186 0.0066636
0.0072576 0.0034071
0.0045582 0.0019335
0.0036086 0.0013611
0.0037607 0.0012543
0.0050670 0.0014544
0.0070305 0.0018047
0.0092622 0.0022217
0.0117810 0.0026046
0.0174236 0.0034635
0.0295948 0.0051882
0.0533000 0.0079225
0.0534122 0.0073758
0.0276113 0.0038266
0.0142541 0.0019976
0.0086717 0.0012089
0.0065754 0.0009003
0.0060648 0.0008066
0.0066613 0.0008327
0.0075323 0.0008743
0.0085355 0.0009084
0.0088195 0.0008813
0.0089275 0.0008583
0.0100439 0.0009250
0.0126199 0.0011180
0.0163419 0.0014264
0.0218131 0.0019172
0.0319913 0.0028341
0.0488372 0.0041448
0.0581401 0.0046435
0.0537012 0.0042613
0.0469972 0.0038457
0.0443642 0.0037861
0.0460099 0.0040982
0.0442900 0.0041561
0.0414296 0.0041677
0.0374538 0.0040484
0.0296290 0.0035658
0.0206531 0.0028229
0.0163188 0.0025380
0.0134368 0.0023131
0.0133579 0.0024279
0.0165767 0.0030540
0.0264593 0.0050362
0.0397873 0.0079164
0.0480521 0.0101350
0.0672667 0.0147996
0.0657189 0.0144512
0.0430546 0.0092202
0.0226672 0.0047365
0.0134749 0.0027355
0.0089454 0.0016994
0.0071547 0.0012870
0.0072187 0.0012532
0.0079736 0.0013972
0.0079493 0.0013143
0.0108063 0.0016482
0.0162919 0.0024008
0.0157215 0.0026880
0.0079121 0.0013569
0.0062709 0.0010559
0.0067921 0.0011142
0.0095734 0.0015722
0.0140405 0.0025757
0.0223164 0.0047290
0.0412025 0.0099176
0.0982777 0.0297899
0.2147944 0.0628479
0.1477163 0.0410519
0.0427065 0.0123106
0.0278047 0.0080755
0.0238169 0.0068544
0.0239973 0.0068620
0.0266803 0.0081768
0.0291726 0.0080533
0.0193198 0.0050293
0.0098221 0.0025023
0.0066345 0.0015639
0.0053603 0.0012145
0.0052859 0.0012113
0.0054019 0.0012886
0.0057330 0.0014480
0.0060708 0.0015855
0.0080450 0.0021068
0.0150672 0.0039294
0.0305593 0.0081212
0.0536193 0.0151045
0.0400268 0.0121174
0.0203705 0.0058247
0.0104018 0.0029278
0.0056669 0.0017440
0.0034483 0.0012699
0.0023218 0.0010575
0.0017058 0.0009322
0.0015840 0.0009678
0.0017427 0.0011614
0.0020837 0.0015373
0.0029035 0.0023297
0.0044696 0.0038287
0.0071562 0.0062968
0.0126546 0.0116021
0.0200323 0.0192608
0.0269852 0.0268651
0.0356133 0.0367092
0.0455795 0.0476347
0.0582592 0.0603185
0.0813403 0.0874909
0.1054603 0.1123935
0.1041007 0.1033905
0.0717357 0.0670523
0.0423778 0.0389480
0.0260623 0.0248537
0.0160461 0.0157514
0.0098702 0.0097553
0.0061865 0.0061571
0.0040482 0.0040049
0.0029249 0.0027813
0.0023638 0.0021055
0.0021708 0.0017839
0.0021772 0.0016427
0.0023093 0.0016121
0.0024984 0.0016224
0.0027344 0.0016593
0.0030270 0.0017285
0.0033375 0.0017941
0.0035988 0.0018221
0.0038209 0.0018153
0.0040034 0.0017696
0.0041550 0.0016934
0.0042786 0.0015957
0.0044417 0.0015114
0.0047311 0.0014714
0.0051493 0.0014732
0.0056179 0.0014906
0.0061077 0.0015179
0.0065463 0.0015387
0.0069240 0.0015597
0.0071339 0.0015593
0.0071438 0.0015241
0.0070965 0.0014776
0.0070199 0.0014183
0.0068681 0.0013361
0.0066770 0.0012578
0.0065334 0.0011989
0.0064787 0.0011582
0.0063380 0.0010996
0.0059177 0.0010123
0.0055466 0.0009501
0.0052671 0.0009127
0.0050038 0.0008870
0.0049212 0.0008967
0.0049905 0.0009366
0.0052787 0.0010171
0.0058165 0.0011402
0.0065983 0.0013023
0.0078247 0.0015338
0.0096246 0.0018511
0.0119535 0.0022550
0.0143975 0.0026739
0.0154133 0.0028182
0.0131970 0.0024030
0.0095426 0.0017614
0.0064353 0.0012085
0.0043413 0.0008361
0.0028781 0.0005912
0.0019108 0.0004419
0.0013428 0.0003622
0.0010555 0.0003318
0.0009686 0.0003436
0.0010782 0.0004162
0.0014938 0.0006115
0.0024776 0.0010420
0.0048366 0.0020435
0.0105864 0.0046477
0.0237669 0.0104410
0.0534129 0.0204955
0.0926946 0.0334152
0.1265881 0.0497517
0.1072692 0.0488771
0.0468192 0.0279966
0.0185800 0.0143435
0.0130439 0.0110072
0.0114782 0.0101864
0.0126006 0.0111250
0.0176952 0.0140546
0.0337920 0.0241810
0.0705057 0.0487049
0.0723340 0.0465206
0.0471668 0.0323948
0.0308596 0.0190421
0.0160684 0.0088793
0.0083904 0.0042076
0.0054283 0.0025705
0.0042807 0.0019049
0.0040698 0.0016839
0.0049162 0.0018415
0.0076740 0.0025320
0.0118069 0.0035677
0.0169951 0.0048224
0.0232198 0.0063722
0.0323818 0.0087618
0.0470765 0.0126936
0.0662799 0.0183081
0.0800244 0.0227901
0.0742087 0.0214134
0.0494542 0.0150884
0.0310859 0.0100486
0.0201954 0.0067549
0.0136365 0.0049164
0.0105990 0.0040948
0.0086321 0.0034168
0.0074135 0.0028041
0.0062803 0.0022095
0.0055471 0.0018075
0.0051814 0.0015621
0.0050129 0.0013942
0.0049705 0.0012753
0.0048600 0.0011506
0.0046291 0.0010072
0.0042734 0.0008539
0.0037710 0.0006978
0.0032059 0.0005580
0.0026479 0.0004464
0.0022091 0.0003765
0.0018210 0.0003288
0.0015432 0.0003061
0.0014469 0.0003162
0.0015801 0.0003715
0.0020566 0.0004997
0.0031684 0.0007618
0.0057947 0.0013242
0.0122733 0.0027253
0.0294596 0.0067640
0.0946786 0.0236024
0.1645698 0.0430879
0.1034507 0.0268304
0.0350075 0.0097973
0.0265015 0.0079214
0.0262225 0.0080360
0.0287501 0.0087998
0.0359808 0.0106177
0.0562942 0.0147772
0.0673974 0.0148362
0.0427791 0.0093787
0.0199486 0.0048443
0.0134505 0.0033315
0.0126626 0.0030128
0.0173917 0.0037141
0.0178837 0.0037936
0.0108646 0.0026306
0.0073166 0.0019554
0.0052267 0.0015011
0.0046505 0.0013959
0.0049469 0.0015713
0.0065477 0.0022904
0.0107291 0.0043352
0.0259538 0.0115943
0.0685489 0.0327843
0.0891267 0.0450588
0.0427232 0.0225146
0.0145528 0.0082330
0.0097645 0.0061604
0.0096071 0.0069146
0.0148915 0.0127865
0.0193370 0.0188155
0.0185289 0.0182656
0.0229058 0.0216916
0.0364775 0.0338383
0.0756249 0.0665429
0.0647767 0.0502502
0.0236006 0.0158894
0.0115147 0.0070022
0.0082359 0.0044219
0.0061234 0.0029369
0.0047834 0.0020269
0.0048152 0.0017510
0.0069732 0.0022108
0.0136598 0.0038712
0.0319402 0.0081864
0.0899053 0.0193660
0.1212814 0.0242294
0.0638675 0.0126407
0.0208022 0.0041672
0.0127344 0.0024432
0.0102198 0.0018864
0.0093849 0.0016952
0.0089549 0.0015971
0.0096099 0.0017178
0.0110596 0.0020074
0.0127409 0.0024548
0.0117978 0.0023014
0.0103004 0.0020820
0.0092015 0.0018374
0.0104388 0.0021110
0.0136062 0.0026542
0.0179374 0.0032694
0.0184550 0.0028930
0.0206404 0.0029401
0.0208644 0.0027334
0.0247505 0.0031308
0.0358538 0.0045371
0.0622620 0.0086988
0.0482881 0.0081382
0.0165691 0.0030471
0.0080900 0.0017361
0.0061592 0.0015388
0.0058871 0.0016633
0.0077705 0.0023490
0.0148073 0.0046123
0.0385544 0.0124281
0.0895956 0.0303040
0.1156203 0.0422678
0.0749477 0.0264735
0.0299435 0.0107631
0.0208998 0.0077529
0.0211313 0.0084176
0.0197884 0.0084733
0.0206634 0.0089079
0.0284737 0.0109029
0.0601946 0.0196935
0.0612994 0.0202592
0.0247920 0.0079350
0.0109527 0.0033818
0.0087009 0.0025078
0.0093130 0.0024945
0.0129811 0.0032486
0.0180106 0.0042004
0.0379562 0.0075679
0.0625791 0.0105246
0.0429099 0.0084028
0.0257017 0.0052208
0.0225163 0.0046615
0.0287167 0.0059279
0.0507845 0.0097521
0.0958594 0.0157334
0.0617422 0.0100247
0.0179290 0.0031459
0.0117165 0.0020273
0.0094696 0.0016472
0.0087266 0.0015050
0.0094552 0.0015113
0.0142154 0.0020120
0.0206681 0.0026729
0.0209735 0.0027289
0.0130350 0.0016627
0.0109224 0.0013420
0.0150804 0.0017139
0.0278375 0.0031838
0.0377562 0.0049357
0.0297471 0.0043588
0.0188740 0.0030233
0.0222157 0.0038001
0.0451359 0.0078690
0.0676992 0.0135116
0.0340010 0.0078930
0.0118952 0.0029636
0.0094420 0.0024381
0.0086802 0.0024232
0.0107092 0.0031880
0.0165406 0.0048710
0.0399290 0.0114890
0.1206781 0.0352679
0.1418850 0.0405681
0.0657687 0.0171856
0.0187059 0.0045412
0.0136425 0.0030231
0.0110889 0.0023152
0.0103978 0.0021038
0.0110324 0.0021615
0.0147883 0.0027377
0.0255874 0.0046546
0.0568219 0.0105991
0.0776161 0.0149945
0.0608676 0.0114533
0.0378013 0.0067207
0.0261739 0.0042096
0.0178567 0.0024925
0.0119782 0.0014423
0.0077454 0.0009202
0.0063052 0.0007133
0.0067106 0.0007062
0.0084371 0.0008752
0.0094751 0.0010525
0.0115150 0.0013205
0.0160558 0.0019303
0.0152339 0.0020958
0.0116451 0.0018568
0.0122145 0.0023603
0.0097122 0.0025051
0.0047015 0.0016384
0.0032739 0.0014980
0.0032330 0.0018014
0.0030990 0.0020000
0.0038117 0.0027107
0.0053744 0.0041832
0.0102288 0.0081041
0.0263411 0.0217845
0.0952617 0.0934340
0.2231760 0.2058718
0.1835512 0.1278881
0.0541925 0.0264787
0.0155916 0.0077346
0.0073957 0.0039114
0.0042696 0.0021857
0.0029258 0.0013259
0.0025061 0.0009469
0.0028253 0.0009374
0.0041429 0.0011829
0.0075804 0.0018330
0.0140557 0.0030412
0.0325215 0.0068159
0.0580984 0.0122141
0.0567100 0.0110811
0.0334637 0.0059347
0.0163164 0.0026999
0.0083685 0.0013422
0.0062328 0.0009841
0.0063693 0.0010277
0.0071228 0.0012853
0.0069083 0.0012710
0.0071158 0.0012959
0.0103661 0.0018696
0.0221374 0.0037548
0.0417632 0.0064587
0.0877425 0.0123081
0.1056119 0.0132242
0.0483020 0.0064297
0.0217708 0.0031161
0.0180556 0.0027542
0.0223152 0.0034418
0.0275563 0.0047463
0.0239041 0.0053307
0.0233257 0.0059446
0.0134442 0.0041841
0.0102614 0.0034738
0.0112008 0.0039293
0.0150694 0.0056319
0.0287945 0.0101081
0.0580233 0.0168422
0.0665290 0.0157045
0.0398702 0.0098899
0.0229900 0.0060314
0.0203574 0.0048629
0.0136878 0.0032132
0.0068210 0.0018977
0.0040749 0.0014564
0.0031170 0.0014019
0.0029621 0.0014555
0.0040315 0.0020896
0.0058956 0.0031491
0.0143643 0.0072241
0.0285103 0.0153863
0.0290687 0.0177944
0.0388042 0.0238462
0.0553620 0.0333885
0.0467741 0.0326605
0.0199867 0.0156611
0.0115034 0.0102907
0.0131105 0.0116330
0.0176612 0.0151611
0.0303011 0.0247029
0.0526386 0.0424660
0.0779436 0.0640006
0.0650251 0.0561160
0.0446655 0.0384772
0.0326857 0.0252432
0.0244046 0.0167722
0.0180388 0.0116684
0.0128125 0.0082245
0.0098964 0.0060972
0.0081819 0.0046332
0.0081348 0.0041738
0.0079756 0.0036126
0.0079408 0.0031204
0.0080871 0.0028260
0.0079856 0.0026128
0.0076215 0.0024575
0.0070496 0.0023226
0.0064504 0.0022141
0.0059889 0.0021455
0.0057202 0.0021054
0.0054687 0.0020023
0.0052873 0.0018733
0.0051963 0.0017629
0.0051337 0.0016833
0.0049783 0.0016117
0.0048245 0.0015764
0.0047639 0.0015892
0.0048318 0.0016345
0.0049573 0.0016747
0.0050619 0.0016704
0.0050967 0.0016083
0.0049659 0.0014743
0.0047789 0.0013431
0.0046813 0.0012679
0.0046517 0.0012309
0.0046544 0.0012132
0.0046938 0.0012096
0.0047437 0.0012115
0.0048163 0.0012190
0.0049000 0.0012252
0.0049641 0.0012245
0.0049950 0.0012212
0.0050689 0.0012324
0.0051972 0.0012569
0.0054195 0.0013051
0.0056435 0.0013567
0.0060002 0.0014374
0.0064210 0.0015276
0.0068384 0.0016125
0.0072374 0.0016876
0.0073516 0.0017007
0.0071458 0.0016497
0.0069271 0.0015997
0.0067843 0.0015643
0.0067098 0.0015364
0.0067910 0.0015325
0.0070840 0.0015583
0.0075034 0.0016048
0.0079439 0.0016548
0.0083225 0.0016924
0.0086580 0.0017240
0.0089709 0.0017542
0.0092008 0.0017737
0.0092423 0.0017608
0.0092069 0.0017385
0.0090619 0.0017036
0.0088090 0.0016591
0.0085351 0.0016106
0.0082668 0.0015579
0.0079863 0.0014922
0.0077054 0.0014221
0.0073304 0.0013452
0.0070122 0.0012797
0.0067571 0.0012213
0.0065864 0.0011755
0.0065342 0.0011478
0.0066109 0.0011399
0.0069040 0.0011634
0.0073690 0.0012145
0.0078494 0.0012717
0.0081883 0.0013163
0.0084069 0.0013489
0.0085589 0.0013767
0.0086450 0.0013976
0.0087082 0.0014117
0.0086740 0.0014028
0.0085342 0.0013678
0.0083563 0.0013078
0.0081629 0.0012328
0.0077798 0.0011341
0.0074259 0.0010529
0.0071402 0.0009974
0.0069993 0.0009768
0.0070979 0.0009890
0.0072013 0.0010182
0.0073854 0.0010755
0.0076104 0.0011483
0.0079723 0.0012450
0.0085084 0.0013917
0.0092647 0.0015740
0.0098298 0.0017348
0.0099433 0.0018492
0.0098002 0.0019129
0.0095932 0.0019462
0.0093427 0.0019277
0.0088512 0.0018180
0.0082288 0.0016352
0.0075186 0.0014015
0.0066795 0.0011444
0.0057814 0.0009226
0.0048192 0.0007454
0.0039411 0.0006133
0.0032086 0.0005097
0.0026103 0.0004234
0.0021265 0.0003548
0.0017318 0.0003012
0.0014148 0.0002654
0.0011966 0.0002560
0.0010859 0.0002799
0.0010969 0.0003505
0.0013094 0.0005169
0.0019287 0.0009133
0.0033866 0.0018849
0.0064180 0.0042323
0.0131756 0.0094968
0.0297861 0.0216561
0.0310300 0.0264199
0.0238345 0.0245168
0.0244670 0.0275226
0.0322784 0.0369623
0.0423245 0.0486614
0.0533479 0.0577802
0.0432464 0.0464112
0.0286782 0.0320111
0.0258396 0.0279742
0.0252379 0.0263763
0.0264333 0.0262198
0.0301525 0.0274603
0.0356993 0.0298359
0.0444348 0.0332090
0.0551253 0.0377164
0.0685824 0.0451213
0.0718989 0.0461041
0.0651571 0.0423643
0.0531599 0.0346957
0.0338287 0.0232690
0.0209658 0.0146759
0.0133782 0.0094278
0.0086438 0.0060627
0.0059087 0.0039765
0.0042469 0.0027455
0.0033560 0.0020746
0.0029202 0.0017173
0.0028257 0.0015653
0.0029862 0.0015429
0.0032581 0.0015699
0.0034369 0.0015750
0.0036524 0.0015991
0.0038415 0.0016000
0.0040091 0.0015646
0.0041889 0.0015031
0.0043455 0.0014057
0.0044711 0.0012785
0.0043383 0.0010971
0.0040755 0.0009301
0.0038062 0.0007991
0.0036366 0.0007125
0.0036137 0.0006676
0.0038434 0.0006772
0.0043490 0.0007391
0.0050548 0.0008386
0.0059125 0.0009656
0.0068050 0.0011032
0.0072237 0.0011657
0.0068724 0.0011091
0.0059106 0.0009742
0.0049156 0.0008534
0.0042978 0.0008050
0.0039072 0.0008005
0.0037941 0.0008455
0.0040719 0.0009636
0.0050980 0.0012132
0.0078111 0.0017584
0.0146406 0.0030385
0.0295510 0.0060392
0.0489080 0.0106110
0.0704504 0.0162217
0.0995386 0.0245446
0.1236706 0.0311210
0.1270435 0.0332137
0.0967625 0.0250610
0.0539905 0.0140910
0.0291943 0.0072892
0.0172354 0.0040568
0.0123151 0.0026783
0.0101828 0.0020157
0.0104069 0.0017820
0.0119276 0.0018169
0.0139406 0.0019130
0.0174251 0.0021143
0.0285506 0.0030996
0.0419090 0.0045949
0.0414918 0.0046929
0.0234900 0.0026703
0.0133288 0.0014766
0.0082065 0.0009162
0.0050137 0.0006016
0.0040059 0.0005061
0.0041613 0.0005275
0.0054003 0.0006928
0.0075762 0.0010540
0.0107820 0.0016050
0.0154741 0.0025170
0.0262253 0.0045967
0.0549780 0.0100093
0.1064612 0.0208958
0.1231737 0.0275985
0.0782132 0.0177415
0.0317254 0.0087565
0.0263160 0.0073190
0.0285088 0.0070749
0.0217059 0.0056212
0.0153874 0.0044828
0.0126841 0.0040803
0.0123680 0.0040693
0.0187476 0.0052726
0.0536432 0.0113640
0.1060099 0.0184986
0.0723580 0.0119942
0.0174349 0.0035379
0.0106184 0.0021633
0.0085255 0.0017155
0.0066820 0.0014600
0.0061914 0.0014786
0.0079299 0.0018950
0.0152080 0.0033981
0.0356948 0.0076889
0.0856289 0.0165435
0.0968216 0.0193319
0.0625525 0.0140530
0.0328720 0.0079417
0.0233585 0.0056444
0.0206179 0.0049938
0.0232340 0.0054896
0.0327811 0.0073639
0.0657267 0.0119686
0.0561357 0.0097062
0.0172587 0.0031446
0.0090302 0.0016710
0.0074520 0.0012955
0.0070455 0.0011003
0.0070559 0.0010190
0.0068128 0.0009204
0.0098714 0.0011563
0.0179885 0.0018314
0.0342526 0.0029927
0.0504148 0.0038657
0.0479840 0.0031664
0.0464309 0.0026319
0.0610966 0.0032404
0.0575659 0.0033108
0.0320147 0.0017196
0.0207309 0.0012021
0.0190669 0.0012899
0.0232378 0.0018975
0.0352087 0.0032693
0.0478866 0.0044457
0.0475141 0.0040064
0.0395146 0.0038301
0.0373993 0.0045250
0.0584486 0.0074899
0.0735130 0.0098209
0.0487309 0.0073843
0.0229774 0.0037483
0.0144119 0.0024358
0.0108050 0.0018900
0.0103029 0.0017686
0.0113290 0.0019789
0.0152592 0.0027273
0.0280677 0.0049807
0.0522956 0.0083524
0.0397442 0.0063920
0.0176696 0.0030025
0.0097117 0.0016983
0.0075054 0.0013323
0.0064106 0.0011366
0.0053998 0.0009371
0.0056146 0.0009158
0.0092922 0.0013671
0.0152054 0.0024630
0.0161847 0.0033348
0.0056859 0.0012708
0.0031878 0.0008379
0.0022930 0.0006967
0.0019496 0.0007245
0.0018504 0.0009080
0.0017827 0.0011771
0.0013192 0.0011084
0.0012698 0.0011758
0.0020444 0.0018605
0.0045432 0.0039826
0.0114762 0.0113276
0.0351235 0.0476137
0.1666902 0.1891431
0.2413527 0.2592421
0.1167990 0.1320029
0.0221683 0.0207162
0.0074608 0.0088998
0.0037333 0.0055326
0.0025498 0.0041100
0.0019593 0.0032922
0.0025601 0.0040989
0.0033622 0.0047600
0.0072289 0.0113128
0.0220673 0.0373308
0.0237824 0.0302884
0.0100372 0.0106917
0.0060226 0.0063337
0.0051574 0.0055568
0.0057020 0.0062728
0.0073560 0.0079575
0.0091739 0.0095887
0.0092230 0.0099850
0.0087729 0.0098937
0.0091598 0.0108130
0.0089371 0.0109997
0.0078378 0.0096393
0.0060709 0.0071803
0.0045202 0.0049037
0.0037458 0.0038273
0.0033874 0.0033040
0.0032276 0.0029972
0.0031440 0.0027684
0.0031503 0.0026055
0.0031952 0.0024441
0.0030827 0.0021997
0.0026406 0.0017662
0.0021385 0.0013425
0.0018577 0.0010890
0.0017583 0.0009559
0.0017311 0.0008793
0.0017078 0.0008204
0.0016613 0.0007658
0.0015889 0.0007141
0.0015111 0.0006722
0.0014604 0.0006505
0.0014721 0.0006557
0.0015777 0.0006852
0.0017922 0.0007276
0.0020825 0.0007668
0.0023252 0.0007812
0.0023633 0.0007533
0.0021876 0.0006916
0.0019207 0.0006207
0.0016712 0.0005584
0.0014846 0.0005109
0.0013623 0.0004772
0.0012901 0.0004542
0.0012525 0.0004385
0.0012374 0.0004279
0.0012358 0.0004210
0.0012427 0.0004170
0.0012559 0.0004157
0.0012747 0.0004171
0.0012971 0.0004199
0.0013159 0.0004203
0.0013205 0.0004147
0.0013063 0.0004046
0.0012814 0.0003940
0.0012621 0.0003859
0.0012567 0.0003819
0.0012638 0.0003810
0.0012820 0.0003822
0.0013183 0.0003867
0.0013809 0.0003970
0.0014706 0.0004138
0.0015831 0.0004355
0.0017079 0.0004586
0.0018296 0.0004803
0.0019291 0.0004979
0.0019864 0.0005094
0.0019859 0.0005128
0.0019256 0.0005062
0.0018219 0.0004897
0.0017058 0.0004665
0.0016074 0.0004426
0.0015395 0.0004222
0.0014990 0.0004066
0.0014772 0.0003945
0.0014666 0.0003844
0.0014622 0.0003753
0.0014610 0.0003669
0.0014616 0.0003592
0.0014639 0.0003526
0.0014683 0.0003476
0.0014743 0.0003444
0.0014804 0.0003428
0.0014846 0.0003420
0.0014848 0.0003417
0.0014798 0.0003416
0.0014693 0.0003415
0.0014545 0.0003417
0.0014375 0.0003423
0.0014199 0.0003430
0.0014026 0.0003437
0.0013852 0.0003442
0.0013678 0.0003442
0.0013505 0.0003440
0.0013342 0.0003437
0.0013198 0.0003438
0.0013082 0.0003445
0.0012999 0.0003457
0.0012943 0.0003473
0.0012903 0.0003485
0.0012857 0.0003487
0.0012788 0.0003472
0.0012683 0.0003439
0.0012540 0.0003388
0.0012373 0.0003327
0.0012198 0.0003263
0.0012034 0.0003203
0.0011898 0.0003152
0.0011795 0.0003110
0.0011727 0.0003078
0.0011692 0.0003054
0.0011685 0.0003036
0.0011705 0.0003024
0.0011749 0.0003018
0.0011818 0.0003017
0.0011909 0.0003021
0.0012017 0.0003030
0.0012129 0.0003043
0.0012229 0.0003058
0.0012296 0.0003071
0.0012315 0.0003082
0.0012276 0.0003089
0.0012180 0.0003093
0.0012036 0.0003096
0.0011855 0.0003098
0.0011648 0.0003100
0.0011425 0.0003100
0.0011193 0.0003099
0.0010957 0.0003097
0.0010723 0.0003094
0.0010495 0.0003092
0.0010279 0.0003090
0.0010079 0.0003089
0.0009897 0.0003089
0.0009735 0.0003088
0.0009588 0.0003085
0.0009452 0.0003077
0.0009318 0.0003061
0.0009184 0.0003035
0.0009052 0.0003003
0.0008930 0.0002968
0.0008824 0.0002934
0.0008738 0.0002903
0.0008676 0.0002877
0.0008640 0.0002858
0.0008626 0.0002846
0.0008631 0.0002841
0.0008650 0.0002841
0.0008681 0.0002847
0.0008723 0.0002857
0.0008775 0.0002873
0.0008840 0.0002893
0.0008915 0.0002920
0.0008997 0.0002952
0.0009073 0.0002989
0.0009127 0.0003028
0.0009141 0.0003068
0.0009104 0.0003106
0.0009018 0.0003142
0.0008892 0.0003174
0.0008738 0.0003203
0.0008567 0.0003226
0.0008387 0.0003245
0.0008210 0.0003260
0.0008041 0.0003273
0.0007891 0.0003285
0.0007766 0.0003299
0.0007673 0.0003318
0.0007614 0.0003341
0.0007586 0.0003368
0.0007583 0.0003393
0.0007589 0.0003409
0.0007587 0.0003407
0.0007550 0.0003377
0.0007458 0.0003313
0.0007304 0.0003218
0.0007105 0.0003104
0.0006891 0.0002984
0.0006687 0.0002873
0.0006509 0.0002775
0.0006362 0.0002694
0.0006248 0.0002629
0.0006168 0.0002582
0.0006127 0.0002554
0.0006136 0.0002552
0.0006209 0.0002584
0.0006367 0.0002661
0.0006633 0.0002796
0.0007014 0.0002989
0.0007479 0.0003213
0.0007945 0.0003409
0.0008321 0.0003522
0.0008577 0.0003556
0.0008755 0.0003562
0.0008894 0.0003586
0.0008973 0.0003623
0.0008947 0.0003641
0.0008798 0.0003612
0.0008553 0.0003530
0.0008265 0.0003406
0.0007998 0.0003267
0.0007809 0.0003144
0.0007751 0.0003071
0.0007875 0.0003076
0.0008190 0.0003155
0.0008578 0.0003229
0.0008832 0.0003206
0.0008852 0.0003078
0.0008714 0.0002898
0.0008601 0.0002722
0.0008654 0.0002585
0.0008894 0.0002513
0.0009191 0.0002501
0.0009339 0.0002505
0.0009244 0.0002493
0.0009006 0.0002479
0.0008872 0.0002510
0.0009050 0.0002615
0.0009565 0.0002751
0.0010233 0.0002835
0.0010813 0.0002826
0.0011100 0.0002727
0.0010776 0.0002511
0.0009534 0.0002155
0.0007708 0.0001741
0.0005961 0.0001382
0.0004749 0.0001152
0.0004237 0.0001096
0.0004500 0.0001262
0.0006032 0.0001844
0.0011070 0.0003639
0.0030678 0.0010047
0.0123356 0.0034367
