0.0000000
0.0000000
0.0000000
0.0000000
0.0000000
0.0000000
0.0000000
0.0000000
0.0000000
0.0000000
0.0000000
0.0000000
0.0000000
0.0000000
0.0000000
0.0000000
0.0000000
0.0000000
0.0000000
0.0000000
0.0000000
0.0000000
0.0000000
0.0000000
0.0000000
0.0000000
0.0000000
0.0000000
0.0000000
0.0000000
0.0000000
0.0000000
0.0000000
0.0000000
0.0000000
0.0000000
0.0000000
0.0000000
0.0000000
0.0000000
0.0000000
0.0000000
0.0000000
0.0000000
0.0000000
0.0000000
0.0000000
0.0000000
0.0000000
0.0000000
0.0000000
0.0000000
0.0000000
0.0000000
0.0000000
0.0000000
0.0000000
0.0000000
0.0000000
0.0000000
0.0000000
0.0000000
0.0000000
0.0000000
0.0000000
0.0000000
0.0000000
0.0000000
0.0000000
0.0000000
0.0000000
0.0000000
0.0000000
0.0000000
0.0000000
0.0000000
0.0000000
0.0000000
0.0000000
0.0000000
0.0000000
0.0000000
0.0000000
0.0000000
0.0000000
0.0000000
0.0000000
0.0000000
0.0000000
0.0000000
0.0000000
0.0000000
0.0000000
0.0000000
0.0000000
0.0000000
0.0000000
0.0000000
0.0000000
0.0000000
0.0000000
0.0000000
0.0000000
0.0000000
0.0000000
0.0000000
0.0000000
0.0000000
0.0000000
0.0000000
0.0000000
0.0000000
0.0000000
0.0000000
0.0000000
0.0000000
0.0000000
0.0000000
0.0000000
0.0000000
0.0000000
0.0000000
0.0000000
0.0000000
0.0000000
0.0000000
0.0000000
0.0000000
0.0000000
0.0000000
0.0000000
0.0000000
0.0000000
0.0000000
0.0000000
0.0000000
0.0000000
0.0000000
0.0000000
0.0000700
0.1388141
0.5315807
0.9752156
1.1918870
1.0725808
0.7762582
0.5328248
0.5776488
5.9121146
21.8889599
59.8590813
117.1076431
148.4849396
116.8692780
74.6084518
38.7795982
35.4386787
89.9478912
132.9414368
115.8366013
72.9995651
24.8014336
17.7178650
12.8198738
11.3074760
14.6389694
33.8163452
73.5846863
150.7750854
247.3477325
268.8847961
216.4655457
183.6271210
139.2406158
101.7045288
52.3813934
29.7872314
34.2672844
41.2424698
45.0042686
33.7143211
31.3528347
34.0835571
42.3891716
41.5748100
56.5524368
49.9461136
40.8069382
36.2304764
31.4000568
26.0790501
26.7609520
26.0321789
26.1364880
28.1417675
28.7889023
26.8519478
23.3665161
18.4797153
14.2817478
11.2762051
14.3708515
15.2138557
10.4841433
7.3671556
4.8282561
4.5967321
3.9893699
2.8358393
2.0148137
1.6435657
0.7715676
0.2996567
0.2167975
0.3054036
0.1851927
0.1334448
0.2292155
0.2756827
0.3643998
0.3745074
0.3676412
0.4042619
0.4659228
0.3761868
0.3006184
0.3038490
0.2924868
0.3302033
0.2380057
0.2958423
0.3339765
0.3900448
0.3607101
0.3118494
0.3433352
0.3639814
0.4075033
0.3995726
0.3306424
0.2238486
0.2916250
0.4747916
0.5484473
0.5768031
0.4305988
0.3257388
0.4085338
0.7962764
2.0912919
2.9345870
2.2120297
1.1779987
1.2432839
1.5917134
2.1071005
2.6290407
2.2174590
1.0503472
1.5921862
16.2750359
57.2813110
113.2730484
150.7123718
151.0731964
151.4668884
166.8509216
182.0855255
168.1412659
109.0178299
45.0588837
19.2584114
31.6277924
25.4157848
19.0848904
38.3660545
168.6120300
289.0842896
303.5903931
243.3115234
164.0857391
141.6730347
126.7949066
120.4327393
96.6255493
62.1306686
80.5389175
115.5513916
69.4740982
69.3574677
106.3628311
130.7977600
109.2623596
96.8884354
69.6442261
57.0666466
52.8133774
48.1744385
47.8485031
46.3541794
36.5210342
26.7622509
24.0272141
27.4152069
29.7541466
27.9710045
24.6853523
21.2988682
21.2667904
19.2394829
18.5526276
16.3870373
13.3944931
10.0283804
10.5157356
9.9918365
7.9446263
4.5297308
2.1903405
1.0684587
0.5335155
0.2386186
0.1055639
0.1786496
0.1900718
0.2300996
0.2696593
0.2720410
0.3281477
0.4687969
0.3973854
0.3203820
0.2748336
0.2989868
0.4135493
0.4693121
0.4332876
0.2927450
0.2546096
0.2826481
0.3198033
0.3091007
0.3163148
0.3167984
0.3325518
0.4293370
0.4377505
0.3224770
0.2975447
0.4045089
0.3456759
0.3059039
0.3230625
0.3917009
0.3968917
0.3639970
0.3655863
0.3997883
0.4687014
0.4311548
0.2866775
0.2442227
0.2387188
0.2482039
0.2720246
0.3274946
0.4000424
0.5114430
0.5411799
0.4185854
0.4028679
0.5099871
0.5622066
0.4136806
0.3674111
0.2608170
0.2448803
0.2408245
0.2141781
0.2516750
0.3909769
0.4266726
0.4776987
0.4353535
0.2957843
0.2936102
0.3163454
0.3449905
0.3833526
0.7125304
1.7320282
9.7779064
39.2548370
71.8526535
76.3962173
53.9485703
39.5494194
44.3479500
51.4661903
45.7414284
23.4304047
14.6316032
54.7299957
130.9485016
199.9129944
231.5448608
218.8995209
190.6632385
110.4311218
28.8413162
4.4312935
3.8619940
5.0381460
2.9184451
1.9014964
9.3405943
17.9956093
16.5158710
7.6493983
3.3249395
1.4031973
0.8346984
0.3669094
0.3951122
0.5089477
0.3993647
0.3103731
0.2626939
0.2364921
0.2788126
0.3118030
0.4496127
0.3893119
0.4342039
0.4170987
0.4104239
0.5575005
0.6332644
0.8849229
1.8992841
3.4648829
6.9844942
18.5633945
35.7691040
51.4780502
66.2773895
76.1893768
71.6842194
53.0754547
43.4835014
36.2108002
19.9555740
18.1929722
58.2531128
177.6866455
300.9559021
364.3208008
387.6123047
399.0379333
332.5531921
229.1054230
138.9072418
102.6892090
92.1886215
116.4580460
136.4956360
130.9081726
93.5842056
36.6871147
41.1786957
60.7357445
60.6929474
55.6006432
82.6826096
74.2735519
41.2638931
34.7787323
41.6545029
50.7857018
42.8936844
27.2962379
20.6854591
22.4985294
20.2576046
23.2204514
49.6111374
95.8027420
151.3721008
206.2499084
197.1525116
133.4342346
76.3435898
46.1102982
34.5877953
12.9041328
8.1647615
3.2336140
1.8058103
1.8665085
1.2181556
16.8959942
54.1949158
79.0573578
71.5081940
42.7801781
23.6535797
21.2655506
25.3759232
22.9363976
12.3941593
7.8844566
15.9539137
33.3813057
53.1305923
56.7541847
51.1513634
46.6023140
74.6069489
94.6434479
94.1754379
80.9743042
56.3939781
35.9143028
23.6239033
18.0499840
15.5524340
11.9360447
6.6494761
3.1195514
5.9817986
15.9967461
24.7347336
19.1311646
5.0485439
1.1454730
1.1805323
4.2961426
16.5548897
26.6999702
31.6879272
32.6972122
31.3637600
33.3965302
36.6788712
37.0170212
30.0294991
21.0022449
11.9745731
4.6789627
0.9869365
2.0348296
72.2725372
295.8059692
505.3713074
501.2554016
286.0216980
138.1392517
88.0422897
36.4892998
13.4994764
28.4580574
51.2100182
55.3417053
58.8936882
147.0258179
361.8577271
582.1238403
645.2503662
550.4252319
387.4753723
232.4048157
146.7852173
135.7323914
80.9983826
84.2027817
220.6110077
365.9346313
231.3442078
109.3754501
110.6116257
133.1835175
106.8286743
68.5391006
93.8275909
110.3038025
84.0893478
60.8679733
43.0178986
83.7215424
261.6513062
437.6059570
496.2019653
414.8246765
226.7126770
106.2392120
30.8494205
18.2576599
28.7003078
46.7419548
65.5555038
115.4602509
173.9947510
217.1972046
207.8917084
128.9309387
53.5183067
34.3903770
24.4870338
18.9552937
22.9758110
44.4809265
45.0239258
39.7254028
34.5661011
31.2022476
31.8743401
29.2833519
15.2214880
4.9344635
14.1280851
68.0264435
117.0041885
100.1653976
75.3826752
71.7930374
61.0910530
47.6169739
49.3897247
43.0014000
27.1523514
21.1786175
22.0684414
90.4172211
131.3088226
138.0763855
112.8862686
81.3218994
55.7213211
38.9753799
88.8270416
151.6747437
195.6089935
216.0776367
183.1545868
122.3709030
70.7060394
38.9675865
16.9117756
11.1581507
24.0929832
33.5537224
37.9176254
36.1170502
31.5325375
24.1351318
13.1015902
9.1260729
33.9854469
76.2624893
83.4685135
84.6759796
87.3581085
79.4043732
57.4904175
39.9937439
146.1523743
193.7711334
175.7746887
135.8194580
105.0232391
85.8974228
73.1110840
58.5247154
40.1371193
19.8414021
3.8611469
4.4913955
13.9488506
27.5250130
29.4153976
22.5442505
20.0656261
18.8546467
18.3592834
17.8710232
14.2172337
8.2394228
2.4571111
1.5839181
19.8657894
47.6847839
64.7612305
127.9816208
224.4863434
269.7474365
242.3806915
207.0490875
165.8021240
107.2491226
77.7484207
64.6428375
177.7039337
279.5004272
142.9346924
57.5546837
61.1232719
89.2393265
67.7927094
37.7362900
38.4941521
16.8569679
6.7001476
4.3068876
6.8715477
13.3749475
18.4325504
20.1689034
34.1843185
158.3302002
401.6140747
591.0117188
606.8084106
501.0190430
391.6885681
248.5464172
122.4330368
87.0871506
72.0810699
62.8664970
63.4488220
75.9103851
58.1536980
31.6985168
47.3519821
188.5418243
407.4736023
540.7053223
450.6914978
223.0274963
44.5346832
10.2070951
4.3098898
89.5634613
356.0770874
352.3062439
252.3898926
147.1406403
108.6998749
91.0557556
81.5650330
65.3118744
40.0551300
21.1785622
16.3007927
31.7664051
55.6618576
79.9308853
88.7922821
130.9615631
218.5444336
257.4096680
208.1833038
195.2476196
185.5114136
125.1744308
35.4148712
24.8261909
22.4143314
29.4506741
52.8645630
55.6766777
59.1642494
45.1354561
29.4984493
57.6327744
136.2937622
228.4539032
250.4346619
211.6160583
176.3702240
224.8665924
305.1013489
297.9617310
302.7590027
335.8912048
386.6359863
445.6159668
450.5753784
377.9537048
280.6413879
197.7504883
113.8167496
86.6708221
91.7189102
50.9508209
24.9870129
28.9828224
44.4721642
56.7328835
60.7551079
57.3085251
87.7285080
173.0965118
305.1823120
428.5345459
482.9226685
574.7692871
792.9335327
913.7943115
809.6398926
743.6791382
683.8239136
785.4160767
515.5106201
188.7823334
37.7022057
5.8094501
0.8740622
16.3064651
62.4795914
96.7119217
101.5881042
88.9264221
68.5327759
46.7308655
28.9953957
20.4813728
15.1930990
8.7681208
5.4045897
2.8330398
1.6348114
0.7782034
0.5151701
0.3994493
0.5966109
0.1844697
0.1597205
0.2111377
0.4554252
0.5606170
0.5587974
0.5114082
0.3989655
0.2727951
0.3935953
0.4669857
0.4540077
0.3790075
0.4453503
0.4371254
0.3936553
0.3804311
0.3826767
0.3264771
0.3110081
0.2822265
0.2693676
0.4163870
0.3908277
0.3951280
0.3525847
0.3803610
0.3585956
0.3317196
0.3829038
0.3450370
0.4564047
0.5953757
0.6555395
0.5689945
0.5776291
0.9771146
12.1333418
47.0637207
91.4023590
108.8488312
83.5771408
42.6709251
38.2113495
75.2114792
102.2082443
70.5204163
20.5038986
26.9168282
31.4157505
32.2798767
34.2862778
31.8891582
36.5646744
47.0077896
68.9110413
88.4001999
79.8247452
53.6773415
42.5850792
55.7484283
72.0902252
89.0647430
99.7966385
96.9984436
72.2339172
70.4301682
90.8862915
82.8471756
79.0243073
79.2138596
74.1478195
61.4253006
39.3945541
20.4192677
11.6376991
7.4599915
6.6488442
7.2439194
7.1932802
11.0670462
26.5223618
47.9171829
55.1423264
42.0779228
17.9151726
11.8894196
1.2554395
1.3151283
10.9068184
28.1490479
56.7784119
87.6353607
132.4374390
179.9095612
192.6112518
145.1475983
75.1526260
34.8160095
1.8320760
5.8999987
25.6416817
34.5224190
32.5383110
31.1009502
35.6325836
42.0665054
44.1043663
46.4236488
54.4786987
60.7761154
79.1303406
95.0887451
94.9188690
78.0975037
52.8277283
30.2226238
14.5942345
6.0693884
4.3505306
3.8901825
16.6860580
36.0666122
52.1353569
54.6571312
51.8340187
39.4137802
25.6040401
31.7700748
34.2677460
36.3169670
43.4720497
45.8762512
34.1414032
38.1713409
68.9208145
93.0027313
88.8042831
70.1845932
36.5612373
10.0782928
0.8647929
1.5145980
14.8758831
42.2247391
45.9780121
24.5961246
7.2906976
2.8736889
3.8253844
9.2373896
6.8788533
4.1294188
3.8457794
6.7856431
14.7807159
14.2401800
12.0335274
11.6205673
10.0168791
7.3540306
4.8010521
2.6490881
1.8208743
3.9950559
8.6048012
12.6554184
14.2044716
11.4746246
6.7876544
3.1974068
2.5987880
6.5109172
17.3170815
31.1450977
39.5978203
40.2351074
37.0586815
34.9885597
33.7762947
35.9766884
39.8751068
38.1245346
24.6592464
11.0091553
28.8282108
133.8532257
282.3193359
322.0853882
237.3353577
147.0674286
163.1993256
266.9722900
326.6656189
222.5231018
102.4380875
101.8754959
99.6474457
70.9881287
57.3875732
45.4755478
47.7891273
81.3270721
154.4433441
254.4075928
333.6076660
370.2001038
336.3816833
251.6057281
137.8427124
59.9341354
115.2046280
176.4725189
171.5883331
150.0594940
131.2958069
122.0964661
110.1320953
78.7614822
34.7024956
4.2272496
3.7953353
13.0100603
25.0513115
32.7435303
34.3734207
30.6098709
23.7921143
16.6360073
9.9891310
4.3965349
1.6045949
3.3217077
52.1752052
262.9222107
541.5398560
639.7600708
488.6854553
257.3554382
107.7510681
51.0941391
4.2904716
14.5852346
47.4236984
97.9837875
70.6129379
11.1549807
5.1742640
42.8241692
150.5588531
276.2066650
314.9696045
281.9449158
204.4769135
119.3812866
65.0565872
2.4170301
4.5561829
50.5303383
203.1230164
287.3387451
320.4469299
265.8966980
148.6561432
58.4856644
58.7161560
137.3725739
301.3513794
405.6219482
366.4287720
255.1206665
186.8575897
108.3332291
37.6940498
35.4535522
34.8154259
31.4708824
60.1259956
183.9693604
301.0321655
281.6672058
216.0209045
186.9639435
242.9957123
277.9657288
168.6792145
53.2584000
9.3214264
38.2871208
123.9416275
183.9459381
172.9613953
167.8876343
211.5426331
286.3256531
374.5889587
399.4783020
422.7923279
427.7982483
440.6114502
427.6121216
342.5189819
252.4213257
177.7467346
122.7842407
107.6578827
102.4623260
89.1428299
64.5006332
79.4558334
212.0751495
245.9056091
224.2883911
182.2630463
122.9990768
92.8264465
82.5789261
114.6295242
244.3415680
386.7790833
403.5919495
342.6086426
283.1109314
222.8429565
173.9944611
159.1649170
132.8195190
98.5245743
67.1903534
46.9874916
30.1338787
17.3174324
8.5671349
4.4221282
4.2731647
4.6601958
4.8571439
5.4947724
7.3993115
8.1443806
8.8458567
6.9905100
4.9744768
4.0033946
4.0044808
3.9593987
3.6204424
3.0937376
2.3847914
1.9904459
1.2054716
0.6266356
0.3496586
0.1777790
0.1174146
0.1515803
0.2529042
0.3401155
0.3732754
0.3951065
0.3553372
0.4446270
0.4146648
0.3699027
0.3766428
0.3832204
0.4091183
0.5923759
0.6135719
0.3946961
0.3289308
0.4072593
0.5105734
0.4387878
0.3347377
0.2888833
0.3735877
0.4353542
0.4894174
0.5409597
0.4739484
0.4466043
0.5568732
0.5816122
0.4609574
0.7695178
1.8253320
4.0879812
11.9516201
29.5655975
51.3534088
70.7300339
78.5092010
69.3709717
53.7863998
33.4143867
45.2576370
60.1916771
55.4566841
50.3356171
42.8566132
33.2786217
24.2947884
17.0614433
11.2911596
6.6579399
3.6144388
3.9849186
10.8033419
17.1423988
9.9559755
1.1839309
11.6743965
37.7643814
62.6919594
72.7889023
63.1286354
42.1632462
24.1093025
15.3637314
19.1508446
22.4082832
21.9396648
13.4900160
3.3673828
4.6828189
12.0411015
24.7956829
38.5268555
58.4236946
81.1702576
79.8503418
60.9545364
50.8462067
46.9994278
34.7784157
28.7402935
29.7410393
35.8156738
26.7631397
15.2808886
11.8098927
11.9622669
14.4462118
11.3419600
6.7939987
3.1081982
1.1895865
3.1352351
6.8717914
9.4757328
10.1207714
8.6041145
6.4070077
5.7085214
5.4029951
3.5742173
1.2456794
0.3967965
0.3678907
0.7498540
1.7643000
2.4893403
2.2088761
1.7078294
1.5987736
1.6458707
1.5024047
1.3186908
1.1450087
1.2870747
1.2443739
0.8984526
0.5926337
0.6721892
0.7891693
0.5721655
1.0760869
14.3035526
41.8121071
59.1038895
53.9423103
38.1742363
33.7035561
26.7481976
12.5393553
16.0898857
67.1188583
128.6590271
126.2167358
82.2961121
70.9823532
77.0401764
100.2984619
107.4755630
92.6863403
66.6956482
50.9823990
38.9047813
28.2118301
20.2182446
14.2823515
9.6199522
5.9930258
2.4913621
1.3414850
2.5860686
2.5999522
1.5859251
0.5997939
0.3816613
0.2831712
0.2010681
0.2053145
0.2892645
0.3181905
0.3587184
0.3269028
0.4390444
0.5085050
0.4255001
0.3529382
0.3331903
0.3776413
0.4073032
0.4163374
0.4033485
0.3668777
0.4136454
0.5206888
0.4949043
0.3756317
0.4515906
0.3857888
0.2734511
0.3213365
0.3352347
0.3796571
0.4211439
0.4494117
0.4919164
0.5229025
1.2331284
4.4791036
6.6704154
4.3584247
1.1423475
4.5797658
14.8184299
30.4519463
63.9803581
110.7722473
131.7918091
108.7965393
46.9532204
16.1717472
8.0154982
9.0882463
33.4021950
60.9953308
43.3273659
13.3999195
1.8737043
1.9763427
44.2312622
128.9337921
155.5685577
93.4998627
20.6511669
17.1405029
26.4756813
33.3578148
32.3698006
30.0828285
29.6912384
32.1628838
28.6587753
21.7112160
14.3515215
8.7875814
4.1817966
2.8483195
5.8630705
9.8473625
14.1926193
12.9751749
9.5146160
7.6249452
7.9601002
9.6703968
9.5979052
7.4965649
4.7068901
3.1582668
1.8474760
1.3704658
0.8080070
0.3212979
0.1502198
0.2424421
0.6805333
1.4541740
1.7181147
1.5118482
1.2741261
1.3003929
1.2928827
1.1311476
0.9917217
1.0605347
1.0163374
1.2068970
1.7063296
2.8722777
4.9107552
6.8357449
7.9051156
7.1609631
5.4650459
3.1564560
1.7386284
7.8651648
30.9020939
60.7866554
79.5767746
87.4940872
161.3635864
311.2727661
420.3099670
397.8251343
295.2721863
218.5327911
131.7098083
56.4085274
28.2445755
72.5456619
40.7597275
34.7228470
54.2729836
59.5159836
64.4834061
126.6040497
220.7229156
258.8894958
223.6857910
198.3412323
171.6469421
134.7656708
89.5022812
37.3075867
146.5533600
336.8150940
547.6983643
646.0180664
528.0922852
338.8439636
168.6779633
149.0988312
177.0777893
193.2205505
158.5256500
95.5477600
62.5703964
85.6845093
117.8512344
135.8294983
117.7384186
84.7093124
54.6111755
25.1063995
44.6945419
62.0045586
47.4309807
49.2545662
88.1423645
177.3612366
188.9366150
130.7203979
81.7286224
45.8353348
66.4968719
70.3964157
58.3244743
54.7080154
83.9813461
142.6692047
135.8317719
92.6258469
64.4651337
72.6130753
83.7185898
76.1978378
52.7008781
27.6989517
15.4920998
13.9035530
17.8659916
50.5845795
104.6852493
146.4198761
165.2434540
140.3516846
88.4193497
42.5062904
26.3524799
14.1517496
10.8166800
17.9954224
35.5650330
85.5279846
115.7030869
106.1501160
79.7806549
63.7078094
44.6863976
18.1783161
15.3855085
12.6928949
49.3444901
138.1769562
136.4329224
60.6102562
16.2098789
11.3853455
12.8356972
61.1557312
173.2840576
185.6720123
138.5575256
95.0066299
97.2395706
85.7555847
51.3673859
46.0005341
62.0378418
82.2509308
70.6785889
42.2180023
16.5345268
6.9565630
13.1093512
77.6255798
231.7956696
357.6151428
316.7142029
179.2974701
144.0441895
197.9322968
232.1819763
293.8249512
399.3509216
453.2806091
342.5298157
203.3970947
167.2154846
225.3549500
310.7576294
251.0680847
110.9026947
17.7251358
1.4787477
0.0442227
0.0618538
5.9134145
44.1209145
66.1327438
58.4038506
39.4463844
42.5710945
135.6813507
284.4998779
328.9202576
256.3399048
163.7938080
122.6416702
127.2825394
266.3381958
342.3300171
343.2552185
326.8515015
345.8250732
281.5744934
216.5982208
154.7926178
78.2168274
34.3946648
21.8625622
23.8294868
33.3803368
36.7629852
34.9912262
49.8748627
122.9491043
244.4348755
316.3181458
262.4744568
159.9603729
86.7563019
56.1010246
55.9197159
48.0096092
41.0137634
36.8689957
32.7307396
29.9187088
30.8665810
25.3745480
36.8274918
81.8846207
109.1352997
95.6667786
55.3226471
26.1831284
20.0354500
19.0889206
10.2455873
2.9317646
0.3656697
0.0666651
0.0465556
0.0815157
0.1992561
0.2463267
0.7900308
28.1734238
84.4817581
123.1295853
140.5723114
177.5903625
243.0874939
292.9977722
479.1860657
685.9137573
634.1889648
298.8032227
73.2673950
11.0932884
0.5772210
0.0774106
0.2239187
6.0248785
24.7637348
32.2716599
26.9081612
23.2077789
27.1547394
37.8336334
48.7062836
58.9101677
60.3760147
57.9317398
45.4992867
29.1280975
46.4765778
51.5872459
39.5428314
36.9329338
38.5454178
33.2496643
21.6452351
14.3327055
14.5849743
39.3359108
74.5018158
111.8326645
127.2866516
116.6109009
88.0835876
59.1124153
42.0732994
31.2115993
33.5781212
21.5452480
9.9426260
2.2418542
1.3536561
5.6060400
5.7683563
5.2094598
11.9876366
20.4850540
24.2685661
23.6936646
20.8048592
16.3263607
15.4755239
16.0260067
15.9947109
15.7012272
13.9958267
10.4626331
10.5034943
37.1986618
134.4483337
271.1565247
305.7681885
198.0344086
74.0639954
27.8288593
15.2135258
13.3380642
44.8096504
122.6164551
83.4370956
13.5232639
0.6108488
0.1793074
0.0906265
0.2455836
0.4670204
0.7170861
0.5743049
0.6242182
0.6671422
0.5581061
0.7740797
49.2607193
222.7952881
441.5038452
497.8185120
369.0303040
309.1880798
398.2159424
438.8339539
363.2880554
226.4983215
137.5461884
97.3154221
70.3366547
68.3818054
83.6832581
82.4108658
51.6480751
61.6425323
107.2883759
126.9081573
87.8069382
63.9110565
73.3627243
87.3080292
80.4513779
56.3573036
34.5298119
26.4283791
25.2331924
21.2056561
19.1676579
27.9077950
135.4108582
373.6694031
566.1113281
553.3628540
375.0144958
212.0807953
106.4223709
56.6587524
36.9032631
35.2672005
35.5669212
35.0538940
34.2941322
30.5955410
18.8199139
8.8302517
4.4192009
3.4253051
6.7680483
4.6646266
2.2362032
4.9640636
13.0021200
18.2598934
17.2240639
12.9381132
10.4519749
11.2557955
13.3516855
13.3446169
11.9392538
8.6891508
4.5476670
1.8512717
0.8970313
0.4255478
0.1888920
0.1695481
1.0353028
3.1149611
4.3410697
5.2108860
6.0684738
7.4788628
8.5762453
8.5839653
6.7791519
4.4864731
2.4690423
0.9809994
1.4577931
14.5871067
39.1656952
55.6236153
62.0358810
125.3722076
261.5396118
398.6879883
482.5153503
502.4742737
455.5917358
343.0060120
225.0583649
98.7510910
65.3782806
55.4999084
49.4544296
43.1600418
38.3345375
75.4886169
195.0227051
251.0685730
201.7833405
141.5645599
99.6834564
55.9071236
191.9428101
319.0346680
349.6813354
387.7902832
429.4427795
464.3151245
453.6290894
403.9753723
374.1340027
339.5887146
297.1232910
232.3964233
183.3274078
134.4123993
95.4284286
76.7210083
67.4392319
61.6434250
58.3967896
52.5614014
36.5916748
16.2836990
7.5240316
3.0924666
2.5992305
1.3148134
0.5769144
0.3559607
0.3035927
0.3644686
0.2964625
0.1984676
0.1998514
0.2774959
0.3876550
0.5477703
0.4839107
0.4061141
0.3859015
0.4313837
0.3772977
0.3119152
0.3370636
0.4224758
0.4134355
0.3722728
0.4198696
0.4113556
0.4149794
0.2855625
0.2681468
0.4039191
0.3797894
0.2882310
0.3321552
0.3775727
0.4570068
0.3655680
0.3247615
0.2661305
0.2535812
0.2868748
0.3006680
0.3985264
0.4574636
0.4304184
0.3879010
0.3567549
0.3116750
0.3137436
0.4077176
0.4840148
0.5273631
0.4901637
0.4698147
0.3740681
0.3495018
0.2965716
1.0279802
6.9887962
21.3081131
40.5965042
53.7360229
52.3083115
40.8710403
28.6844215
30.7657452
35.6980896
28.2202930
11.4656591
4.7616634
3.0800431
14.9182463
46.4407692
62.5484238
49.4794617
36.4143791
26.9890518
26.1182423
25.6424637
16.9810085
10.4669113
20.9860783
72.4739075
83.6016083
61.3821907
39.4888306
36.3867645
30.6720352
29.1851921
27.5694466
26.7724972
33.0729828
55.0264435
58.2081299
36.2466850
21.4529648
17.9409580
17.4663506
11.2548542
12.1617298
28.2662640
36.1005783
25.6589260
15.5475397
24.0581398
24.9681206
11.0522318
5.0144758
25.6554794
79.3762894
127.1055984
140.5617523
127.4200134
97.7881393
63.9584885
43.4962196
30.8192463
20.5738106
17.5878582
21.4561367
15.5445976
5.3515429
1.2678140
0.4914818
4.8443718
14.3489418
20.3421097
15.1841698
4.9836102
1.4569572
3.8436716
14.8062439
28.9105492
35.0652351
31.8766022
22.3224869
12.4507828
6.3780775
2.5213253
1.0823455
0.6091615
0.6548188
34.6335449
135.5671082
228.4104309
265.9315796
283.0590515
294.7075195
234.8273010
103.9425049
53.9659348
188.6605988
408.6964722
644.0950317
999.3340454
1448.4941406
1448.8416748
1032.9357910
847.1171265
874.0740356
922.3760986
863.4636230
699.7025757
522.8728027
409.6146851
315.0400391
223.9448547
142.2042694
92.8483810
48.5258865
16.5309162
17.8333664
11.9322777
4.8797531
16.1570187
82.7306137
168.2661591
203.4185486
173.5022278
121.7517853
71.5905533
29.5254078
70.5876236
277.8817444
663.5844116
938.7552490
895.2764282
660.4099121
522.5820923
322.0287781
97.6663055
81.3682709
77.7597809
57.1995163
39.7486153
58.8250809
182.3708954
249.6753235
258.1279602
309.9852905
395.8299561
418.7595825
407.5876465
329.7952271
287.9413757
252.8706512
177.8791962
85.9804459
59.4524460
319.1919556
920.8961792
1271.4354248
1105.8149414
858.9570312
729.9195557
547.3214111
493.4073181
630.7177734
876.4184570
1009.1426392
937.6962891
770.3818359
433.0941772
177.3515778
87.8011398
60.4169807
50.9862213
32.7890968
4.6269145
1.4731072
15.3314667
44.6716347
61.1381226
65.7558899
65.0371552
53.4235687
36.8623276
20.9659023
9.9183569
3.2512908
0.9476079
2.0810609
10.3901701
23.2850475
30.0794659
33.6134872
37.6115303
37.1922035
36.0612907
32.3130798
26.8321075
21.3992081
17.1019325
10.3013468
2.3851280
1.2217973
29.2275944
131.4387665
277.7976990
382.8135986
435.8363647
385.0121460
198.5423584
90.2744370
50.6941681
164.2588043
492.9712830
360.3719482
194.7721405
102.2991943
88.5591736
131.6127472
35.0139236
51.6539078
358.1822205
1439.8023682
3390.2045898
4754.1357422
3876.4206543
1921.3922119
1193.7822266
852.1037598
361.6858521
165.7320557
341.9964600
386.4003906
193.0199280
52.0451775
7.0492458
21.2685757
159.2969971
505.3972778
894.4222412
1068.1549072
702.5268555
179.2700806
22.5418358
7.6891007
27.0756226
135.4333496
208.1404877
236.0989990
242.7708130
146.0215454
46.2626190
3.8933444
0.0711789
5.2556748
125.6424408
417.9424438
629.3319092
651.8930664
589.5870972
495.8956604
564.3800659
489.4613037
260.9257202
64.9799805
16.3693771
14.7344351
35.4549942
54.4544220
54.9316864
47.3413010
37.0108261
14.1488323
1.9327147
4.8819594
106.5015335
440.9403381
1031.2415771
2255.0559082
3290.3190918
2736.5898438
887.6553955
352.5850830
241.9295959
296.9428406
387.5300598
515.1702271
637.3330688
583.0058594
471.4576416
550.8049927
365.5648193
230.4265747
140.2741699
49.0700455
5.4149036
0.4217881
0.3408901
12.6581450
49.3076210
46.0358276
20.0895538
9.4055128
5.3579540
1.9236314
0.8699247
0.2087527
0.2145413
0.0755782
0.0921857
0.1870248
0.5780273
0.7240041
0.6685162
0.5792186
0.4410058
0.4421782
0.4452148
0.4789687
0.7225190
0.8321177
0.7939851
0.6223432
0.5768457
0.4810145
0.4044594
0.4140790
0.5445206
0.5905290
0.5129983
0.4760655
0.5057103
0.5024174
0.3887709
0.3851359
0.3617545
0.4151945
0.5245913
0.7008479
0.6014742
0.4627727
0.4781374
0.5143566
0.5231327
0.5104784
0.4500732
0.4481450
0.4977519
0.7351903
1.0572555
1.1746082
0.7880623
0.4250621
0.3365820
0.4424539
0.4318778
0.3397604
0.4016477
0.5227159
0.4757512
0.3929798
0.3656932
0.3805111
0.4501922
0.6157038
0.7608104
0.6387383
0.5842310
0.6644444
4.4465928
17.6134434
32.2259140
39.9834366
62.6640739
142.4535217
269.7787476
388.3166809
459.3425293
472.4133911
456.5666809
372.6034546
266.8488159
199.6481781
173.8363190
106.7689514
46.7446518
16.4910164
2.2202692
0.4315687
0.2584389
12.0746899
45.2824593
53.7630882
24.0841484
1.9259053
0.8877231
0.5282372
0.2609538
0.1714579
0.2865345
1.1846817
2.5130813
2.9671841
3.2026577
3.1139746
2.8234355
2.4342432
2.4878054
2.7031162
2.1170776
1.2656667
2.3263297
17.9057446
52.8283386
95.0206299
167.9418335
285.2743530
377.9774780
395.0510254
443.6089783
564.5536499
779.6940918
923.4171143
773.7877197
555.4694214
472.6716919
475.8294678
433.2032776
291.4326477
145.6420593
83.6831818
114.8651581
94.9629593
29.5215092
6.4417887
8.0380840
16.7623520
12.9358120
0.6847367
0.1317289
0.6200620
1.7091537
1.9186472
0.7945456
0.6404936
0.8107963
1.5814463
6.5218711
15.0541897
20.8305244
28.3005257
64.6323929
149.2049255
285.1300964
419.8504333
423.5281067
375.1840210
403.8887024
402.6070862
371.9776611
314.5134583
219.4237366
112.4252625
24.8866234
5.0797763
1.0618932
6.7174454
15.6019363
10.7066784
0.3897582
0.1980374
0.3917016
1.9572016
3.6931601
2.1207588
0.8270975
0.4810294
1.6419784
14.7337666
49.0727158
113.3878784
212.7711639
346.5475769
476.1464539
501.8165588
446.4324036
381.4550476
527.1909790
592.9113770
493.4590149
374.0155334
265.4525146
225.2044983
217.4400024
190.6144867
88.8298340
9.1176128
5.1156301
3.2748513
2.1132131
9.8959589
25.7176304
75.0929108
258.4340515
533.8575439
946.9752808
1831.5473633
2492.4719238
2144.7551270
992.9333496
984.4206543
1073.8554688
1018.0262451
948.6245117
866.3688965
636.8569336
584.9895020
533.3150635
438.1845703
123.0403519
36.7455292
9.6008492
60.4135513
285.9736023
573.3395996
735.4758911
760.0003662
774.6156616
679.4223633
637.1844482
674.3731079
604.8756104
509.0412292
447.8661499
409.5292358
348.1132202
223.7658691
108.9250793
61.6750793
63.2231369
223.6130524
546.8168945
594.5764771
565.2667847
528.9398193
656.7120972
802.7412109
703.0383911
363.6069641
128.9625702
63.5257645
53.8442841
53.9117470
23.7412357
5.4495196
0.8030445
10.4786530
37.8224144
49.8765373
26.5783768
10.2757025
2.9595578
0.8692564
0.3518307
0.3076747
0.2113849
0.3638020
0.3567958
0.5448504
0.5303282
0.4577073
0.3825023
0.3297685
0.2259976
0.3192098
0.4240419
0.5070953
0.4490049
0.3618712
0.4558931
0.5764512
0.6600085
0.6587020
0.6821409
0.5529737
0.5452086
0.5743156
0.5421076
0.5132886
0.5099044
0.6959286
0.8208717
0.5794683
0.4754262
0.4258803
0.4045930
0.4369193
0.5523636
0.6963865
0.6611279
0.5857969
0.6209669
0.5741255
0.4449472
0.3852504
0.4011387
0.3696413
0.5021650
0.7268991
0.6791029
0.4571694
0.3870545
0.4514300
0.6048313
0.6134736
0.5531071
0.4204880
0.4572078
0.5305135
0.4939135
0.4727533
0.5203680
0.4131507
0.4614543
0.4847242
0.4242828
0.4687660
0.5630351
0.5913582
0.4635139
0.5853364
1.2843045
2.3818607
3.0506010
2.5579200
6.9160409
44.4533958
204.5855408
484.8646545
688.7362061
632.2506714
445.1259766
452.6613464
703.9923096
838.4569092
716.4542847
567.5452881
429.3125610
680.7350464
691.3247681
450.3265991
248.9630127
158.7510681
157.0075684
749.9645996
1130.2905273
950.6461792
795.2612305
711.2393799
728.0435181
611.8364258
175.7733612
72.4690018
36.0513573
23.0888386
50.7453766
582.8963623
1177.0004883
1346.4464111
1153.5267334
774.1405029
589.2204590
317.5809326
96.7766418
59.5419998
36.9003029
29.4609852
24.3213196
68.3358154
237.3844147
592.4266968
899.7575073
949.4284668
680.7404785
310.9653931
76.6255798
99.3899689
45.5384216
58.2880478
222.9287109
458.5356445
386.0488892
253.7018433
217.3391724
407.3576050
511.2239990
430.0344543
316.5661316
270.5069885
246.8687439
182.0566254
108.7043839
53.3527069
92.3302002
407.4209595
894.7258911
993.2098999
847.7672729
592.2717285
406.9105835
151.6309509
136.8182526
270.7145386
342.2562561
347.0485229
413.7368164
327.0144653
117.6662903
30.5964317
11.1909914
1.1267999
0.6218413
43.0377693
189.4616547
305.3358765
328.9603577
376.0392456
565.8595581
715.7753296
723.0574341
624.8421021
663.7386475
780.1081543
647.6737671
496.2294922
388.9819946
269.9024353
167.0914459
85.5629807
74.1106415
187.3823547
203.6314087
199.0479279
99.6037140
16.6194649
1.5379076
11.0645914
72.2393951
200.0522308
253.9712372
333.1792908
393.7915344
367.0827637
280.9649353
194.3036041
162.8022919
180.9237366
358.9418945
467.5249634
325.7618713
130.6890869
43.2250214
20.8111191
14.3744726
22.3843422
63.4278259
97.2719345
106.4240570
112.7342987
145.4554291
217.0248108
281.4447021
277.1297913
223.2369690
171.9981537
135.5834656
122.9729767
112.6821289
84.5313797
49.6971931
24.0371075
10.9777603
14.9722433
24.9547119
22.6680717
17.3048458
12.4934998
7.5492435
3.1718230
1.1247205
0.5657215
0.2830493
0.2228451
0.1842625
0.3035111
0.3988321
0.5246705
0.5911034
0.5306664
0.4342794
0.2682640
0.2763087
0.3185061
0.3999327
0.4575128
0.4460183
0.4358342
0.5020278
0.4183716
0.4214401
0.3944267
0.3532991
0.6146774
0.6211300
0.5043836
0.4012202
0.3722438
0.4013999
0.3991380
0.3748066
0.3767795
0.2899057
0.3741112
0.4905783
3.3439236
15.6570807
40.0121689
61.7398529
60.9191055
46.8485718
47.7773361
43.5863190
19.3012352
5.2445860
1.1439458
0.3402489
0.5295669
11.0408459
40.7554779
87.8394012
138.1952667
172.7926331
176.9688263
138.9819031
117.0708542
85.3631058
41.1899872
16.1531296
9.8757935
36.5731201
77.3918762
95.3744278
79.4143600
42.0104866
9.2841635
0.8927149
0.3633173
0.2855910
0.5295922
31.7996311
116.4610138
204.2651825
237.4125519
200.5285492
129.7908173
62.0187263
27.2699089
14.2243500
19.7010593
11.7048492
7.3448386
5.4467006
1.9612901
0.3084728
0.5280091
9.2381964
26.2153511
20.2171688
3.5344377
0.8389903
0.5724649
0.5597834
0.3071008
0.2688478
0.1949186
0.2101126
0.2377210
0.2250901
0.2872253
0.2986113
0.2526788
0.2893751
0.2791161
0.3041422
0.4375366
0.4616039
0.3931249
0.3440651
0.2456229
0.3225105
0.4549243
0.5564575
0.4219646
0.4256952
0.5058056
0.5845838
0.6739795
0.7618917
1.0778095
1.2978992
1.2615935
1.1222373
1.1118895
1.0439522
0.8484391
0.8864962
0.7865431
0.7491086
0.6203859
0.6413533
0.6264798
0.4253224
0.4423538
0.4180571
0.4746334
0.5776147
0.6576790
0.6165598
0.5437177
0.5071273
0.4226309
0.4287419
0.4446611
0.5070217
0.4810122
0.6449816
0.8054215
0.7115063
0.5426357
0.6256992
0.5659169
0.4037935
0.3205595
0.2949014
0.3562821
0.3519610
0.3805284
0.4121383
0.4677381
0.5038183
0.4559259
0.4898365
0.4778211
0.5003625
0.4559004
0.5038253
0.3863593
0.4222293
0.8264089
1.2520735
1.0184338
0.4525079
0.3702990
0.3893786
0.4239847
0.4655520
0.4448089
0.4399104
0.3586428
0.4994997
0.6530266
0.5997952
0.3333160
0.2521017
0.3133563
0.3947790
0.5021449
0.4750938
0.3152730
0.3571052
0.3679172
0.3176952
0.3923605
0.4525079
0.4919145
0.5064796
0.3801539
0.2026296
0.2119569
0.2524004
0.2667395
0.2468286
0.3982834
0.4856355
0.3763912
0.3188229
0.3135339
0.3712491
0.4276524
0.5831286
0.7021903
0.7314774
0.5700996
0.5010346
0.5928717
0.5440340
0.5466166
0.5217154
0.4288437
0.3796990
0.3656650
0.5686213
0.6968826
0.7523537
0.7885083
0.6624460
0.5011140
0.4061292
0.6716103
1.2245307
1.0904824
0.3742864
0.3949375
0.4841197
0.3746334
0.2110964
0.2290961
0.4584811
0.8113264
0.7662666
0.3279608
0.3231070
0.6060427
0.9732998
1.8531784
18.9434681
65.1308823
125.1193237
157.1977539
127.2836761
74.6140747
36.4663925
21.9926662
24.4213352
23.8464489
16.3050537
6.4245157
8.1212616
45.1782417
144.9804382
286.1000061
382.1912231
371.5417175
296.6907959
204.2046051
137.7026978
153.9466705
329.9403687
390.2040405
345.4476013
222.0544281
90.5542831
26.2981968
17.2772999
18.9464951
18.6805344
30.3267193
34.7213249
18.3410854
6.9805760
12.3785133
7.4681892
3.6318159
1.8825743
1.3689278
0.6711928
0.5182742
0.6337113
0.8365483
0.6009325
0.5951919
0.4992042
0.4473235
0.5243255
0.4682586
0.3600605
0.3178060
0.3369743
0.3543541
0.3944405
0.3780038
0.4085759
0.3445703
0.2604594
0.4554707
0.5463896
0.5304898
0.3376530
0.3148504
0.2991717
0.3452729
0.2895160
0.2900423
0.4025756
0.5270017
0.5095997
0.5622579
0.4163599
0.2857081
0.2335567
0.2702686
0.3224237
0.3019554
0.2808161
0.4325041
0.4234326
0.2940177
0.2610248
0.2703540
0.3594565
0.4463263
0.3959889
0.3151960
0.2289402
0.2576596
0.3150001
0.3044719
0.3188438
0.3610842
0.4685691
0.4560117
0.3471906
0.3403047
0.3784090
0.3259153
0.2880116
0.3313629
0.4529006
0.3745484
0.3653977
0.3541463
0.4220587
0.2741794
0.2664906
0.2643380
0.2968203
0.3819014
0.3529223
0.3565286
0.3252419
0.3370156
0.4254991
0.5300669
0.5407072
0.5557966
0.5827647
0.8792228
2.1241064
4.8704205
12.8511047
62.7466965
160.4881287
219.6343689
181.4845581
121.1640472
93.2587204
62.6301384
27.6462536
33.6194839
103.1754837
173.2288666
158.2979279
109.3814240
55.4457664
45.5429153
20.0198174
10.3404598
28.1518669
74.1913147
98.7579956
67.7800980
40.7561111
32.2003937
37.8417358
31.8708591
29.0222416
43.5376091
77.9748764
81.5136490
80.9503784
64.5594025
43.9690666
31.1694489
29.0517540
28.7210484
21.4578991
14.3053150
10.6616879
9.3261089
17.2629814
31.9201164
32.5736122
25.3892670
17.5796280
10.9802980
8.1252499
9.2773514
12.9540167
16.1971645
15.6921263
12.5328484
9.0360518
5.6213059
3.1864502
0.9764345
1.2241340
5.6791997
13.2902069
16.6629372
16.3266525
16.2520981
19.0388947
21.9205360
25.7474022
29.1572437
28.9880943
25.7815113
19.0778542
10.7156000
3.4928679
2.1786931
9.7891207
35.9993324
92.9704056
211.5908051
359.2390747
432.2288818
403.3043213
408.2293396
362.8341370
300.8844604
234.1956787
178.9211426
90.3547363
51.6932945
97.0296783
215.6492004
266.5862427
220.8604889
156.3097992
144.9552002
131.2464447
63.2129745
27.1158962
63.1401863
268.2711182
451.7825317
400.0079651
306.4124756
245.8857880
218.0765381
191.1112366
111.5741196
79.5262222
47.4281998
23.6234474
23.3695908
30.2557487
45.9115601
48.2763557
45.3836975
37.4793167
46.7846832
116.4189911
336.6270142
597.2308960
688.0655518
582.2077026
459.1898499
343.5765076
380.0387573
338.8418274
322.8188477
320.8859863
355.9412842
382.3117065
506.0853882
692.0219116
870.6215820
1150.5646973
854.3634644
512.9433594
237.7664185
185.9276581
214.7827454
205.9117584
111.0697784
56.8789330
26.5715218
9.4624519
3.5389357
1.8667815
1.1626927
0.6857150
0.3576301
0.5016513
0.4031644
0.4336843
0.2916139
0.2879350
0.2461058
0.4029386
0.4931210
0.4007846
0.3726892
0.3979862
0.3243612
0.3226661
0.2628945
0.2656502
0.3619514
0.4444351
0.4253324
0.3874304
0.3342165
0.4229379
0.4536311
0.5205570
0.5646510
0.4673936
0.2995026
0.2284541
0.2708726
0.5548230
0.5329885
0.3687756
0.3607225
0.3139622
0.2218326
0.2319954
0.2431145
0.3570372
0.3497886
0.3586707
0.4072862
0.5564981
0.9498357
1.3601930
1.1821799
0.6087053
0.3380480
0.2878018
0.4996865
0.4901895
0.3808643
0.3186498
0.3542634
0.5087328
0.9702666
1.5216174
1.3514431
2.8734589
14.5822630
36.2189255
58.4401703
80.2544708
89.5486450
73.4754944
44.3583946
21.1168842
12.2940903
5.3408418
2.1016362
22.8483849
75.3190002
129.6556549
204.2817841
286.9292603
288.9879456
180.9052124
88.2137680
85.2266846
142.3355865
195.5751648
218.8339539
210.1280823
171.1017303
124.4149628
90.9788666
77.8374252
74.5777893
70.1235886
55.4225845
31.7577763
12.2387066
5.7292180
2.6108551
1.3983297
0.9585289
0.8468072
0.6384053
0.3953868
0.3029693
0.3375087
0.2637456
0.2998562
0.3577819
0.4280165
0.4672697
0.5737807
0.5595067
0.6896480
0.7867546
0.6033993
0.5183172
0.5340653
0.4496375
0.3710808
0.2976685
0.5376801
9.0841217
37.8532829
76.3220520
92.0463943
68.7160950
34.0017853
20.8435307
12.5886288
20.0231171
56.5961761
90.4136429
88.3752975
63.3087730
44.7522163
39.2093620
87.2312775
144.0601196
149.8595276
144.5641479
143.0017700
137.5612488
133.3109283
127.6318512
127.2635651
161.9731598
276.4179688
461.9566650
588.8710327
578.9637451
534.0025635
448.1401062
319.8403320
143.1655273
19.5470448
0.9282396
4.4279261
68.7951660
178.7091370
193.2394104
135.1868896
64.5536804
39.3565788
28.2655506
18.0952168
12.6780691
9.9694729
41.4249420
144.5599365
296.4199219
358.2507629
285.7201843
216.5546722
248.6764374
330.7030640
292.1992188
242.7496185
218.7044525
194.9824371
158.4142456
120.9402313
94.8442535
75.2882233
55.5793419
33.5603027
20.4002705
11.4835558
16.8139935
23.3443756
31.0537243
69.9020157
102.3866196
89.0673523
51.0357132
38.5412788
35.3455582
27.3990192
38.9993858
90.2307968
199.6890717
329.1105347
375.1551819
297.3279419
152.9290771
84.4445877
73.8813934
35.0248222
37.2120209
66.5911560
142.7539215
160.0512695
117.9729843
56.6658363
33.2547188
44.8641548
48.2043991
69.1060638
94.2770386
100.7604370
86.9962845
59.1380463
36.7748985
83.9691467
242.6140137
393.0908203
336.4474792
143.3899231
47.1371918
34.5065155
39.8264580
103.2328949
246.9786987
344.7036743
325.3106079
254.3330688
201.7291870
187.4138031
180.8470154
92.6244583
38.4528885
21.8267059
79.1185913
257.7278442
312.3847656
238.6591187
140.5578308
70.9047775
23.6487255
8.1722670
60.7724915
424.8884888
853.1998901
897.9926147
664.6630859
567.8296509
417.9397278
212.6300201
53.0400085
28.4847221
23.3134003
85.3520126
239.8473816
381.5581665
417.1891174
424.3610229
394.6801147
334.2652893
244.9149170
158.0358582
93.3670273
124.2200241
105.6372223
108.9451599
191.2650452
356.9688721
663.8836670
1022.9136963
1226.9610596
1001.1333008
588.6490479
336.5980835
245.7493286
59.8755569
42.4809723
50.1046486
218.2088318
1355.9342041
3089.5214844
3715.0141602
2227.5983887
554.2825928
304.6155701
201.6834564
120.9804535
27.3663979
15.3734121
20.0908337
20.7005291
13.6439323
42.4696655
109.9349670
169.1516418
203.5359344
187.6417999
148.2676392
103.5630264
54.7567177
81.9456863
58.8577995
33.2542343
28.1542892
51.3355942
118.6863327
283.0161133
470.0990295
539.5799561
472.4054260
417.4689636
361.0386658
409.0114746
320.9489746
103.3448563
62.4713058
53.7333298
52.1802254
50.6097412
93.0656281
236.5420990
388.3395996
479.3156433
596.2720947
707.9739990
615.7788696
293.7569580
104.5851288
56.1558380
29.5855942
16.2616043
10.8344574
35.2709656
73.3639832
109.6570740
169.6061401
311.1800537
426.6705627
378.6361084
223.3265533
147.2201385
221.2296295
377.8727722
561.6116333
597.7232056
460.4306641
251.0771179
105.4725266
44.5556984
19.7901173
14.4365692
10.6600571
8.2030745
1.7727817
0.3780219
0.4524751
0.5689905
0.5750411
0.5233358
0.4810638
0.3803605
0.3286021
0.5190294
0.5628866
0.4063421
0.2734597
0.3448479
0.4806273
0.4375477
0.3571856
0.3502738
0.4365621
0.4675899
0.6491534
0.6039066
0.4402582
0.4131709
0.4216794
0.3718616
0.4085527
0.4304572
0.4163507
0.4566711
0.5722204
0.6124738
0.6014882
0.5959154
0.5725498
0.5046774
0.4284585
0.4610758
0.6073506
0.7492905
0.9042978
0.6592079
0.4661684
0.5151378
0.4771258
0.4849411
0.5034263
0.4951427
0.5079884
0.4553949
0.5397975
0.5530969
0.6431987
0.6316717
0.6624855
0.6088407
0.4736835
0.4231671
0.5429425
0.6619573
0.6961787
0.5680585
0.4917446
0.4165858
0.3740172
0.3442518
0.3058830
0.3895504
0.6659375
0.7719712
0.5617304
0.3659633
0.3218330
0.3677586
0.4356856
0.5644461
0.7829456
0.8793926
0.7609919
0.5132762
0.3335024
0.2988070
0.3093908
0.3535372
0.3715185
0.4045244
0.4054319
0.4294664
0.5496032
0.6762744
0.7155702
0.4898954
0.3444140
0.3875056
0.4339618
0.3671302
0.2581795
0.3033335
0.5443613
0.5888841
0.5381168
0.4634004
0.4332317
0.4626459
0.3925430
0.3897701
0.4240207
0.4359493
0.5001831
0.5369407
0.4323992
0.4239429
0.5913350
3.2185473
16.5337067
38.5497208
58.6354904
75.6869354
116.8367538
220.2069397
411.0401611
647.8612061
783.0101318
716.7401123
535.6422729
333.8871765
195.9609985
92.6842346
226.1853333
218.4514160
188.4353027
154.4186707
122.9523926
98.9342499
69.7593155
38.2161026
12.7913551
3.3152108
0.9262285
0.5451165
0.3547912
0.4272465
0.3789374
0.3799377
0.5708053
0.7741449
0.5293845
0.3240516
0.3042537
0.3077482
0.3920769
0.4388433
0.5201106
0.5434942
0.4795167
0.4206899
0.4780731
0.5545892
0.7087667
1.0277879
1.6001276
2.4124262
3.9424622
5.4744062
6.3415775
6.3547182
6.3092933
6.8035498
8.2781906
8.6372843
7.0202684
3.7250452
1.9667116
6.9976540
22.8674889
45.4176102
85.3140411
175.3844147
364.4788513
632.9110107
885.4092407
982.3073730
790.2301025
468.9766541
269.8733521
169.4042053
137.5151367
266.1953735
235.0785522
82.4713135
15.1176891
59.7715988
333.0563049
482.1574097
478.9524841
500.6920776
499.6047058
349.5218201
244.1467896
258.2452087
226.0571136
149.4591827
101.4906921
83.8569183
223.4034424
606.9882812
829.8129272
793.4064941
627.8240967
555.0205688
378.2751770
261.6395264
159.9960022
41.1366882
19.2347336
18.3866329
179.0558167
563.2699585
672.1729736
528.6851807
319.1490784
183.5610657
158.1214905
74.9973831
40.2890167
24.1039886
61.0848389
158.9302216
281.9323120
436.2686157
500.0285034
383.7325439
191.2335815
44.2436867
35.6246300
166.3455505
421.4422607
474.2131348
292.4174500
120.3137131
58.1042099
33.2630463
30.2655964
26.6586094
67.1833115
168.3880157
231.7361298
309.9382019
476.3232422
746.3145142
926.6193237
765.7127686
489.3074951
238.4782562
212.8050537
295.3044739
270.1977234
102.4216003
37.6550980
32.0383835
108.7594910
470.7006531
700.3892822
741.0620117
573.5336304
385.0375366
192.7824554
76.3461304
24.3302212
17.0574169
157.7440033
483.8925476
563.5031738
382.0238647
148.3367462
88.8942719
56.1364250
31.6600761
75.4517975
346.7416382
473.0003357
381.5902710
211.5248871
101.5636597
99.8925323
104.0133438
120.8811188
112.6285629
79.3813782
58.6408997
97.2903290
334.7490234
1453.5974121
3720.7099609
5488.5371094
5098.5683594
3627.8149414
2117.1416016
1858.6689453
972.9710693
231.4575806
14.0368137
1.1687341
1.4183743
167.2557983
427.0757141
509.4515991
464.7739563
360.8210144
256.1629028
175.3022003
134.8895264
107.8399811
82.1861038
55.3891754
34.2083054
17.8314419
9.2960634
4.3128181
1.4827725
0.9353865
0.5663241
0.4856664
0.2727193
0.3180214
0.2825565
0.0412213
0.0061343
0.0000078
0.0000000
0.0000000
0.0000000
0.0000000
0.0000000
0.0000000
0.0000000
0.0000000
0.0000000
0.0000000
0.0000000
0.0000000
0.0000000
0.0000000
0.0000000
0.0000000
0.0000000
0.0000000
0.0000000
0.0000000
0.0000000
0.0000000
0.0000000
0.0000000
0.0000000
0.0000000
0.0000000
0.0000000
0.0000000
0.0000000
0.0000000
0.0000000
0.0000000
0.0000000
0.0000000
0.0000000
0.0000000
0.0000000
0.0000000
0.0000000
0.0000000
0.0000000
0.0000000
0.0000000
0.0000000
0.0000000
0.0000000
0.0000000
0.0000000
0.0000000
0.0000000
0.0000000
0.0000000
0.0000000
0.0000000
0.0000000
0.0000000
0.0000000
0.0000000
0.0000000
0.0000000
0.0000000
0.0000000
0.0000000
0.0000000
0.0000000
0.0000000
0.0000000
0.0000000
0.0000000
0.0000000
0.0000000
0.0000000
0.0000000
0.0000000
0.0000000
0.0000000
0.0000000
0.0000000
0.0000000
0.0000000
0.0000000
0.0000000
0.0000000
0.0000000
0.0000000
0.0000000
0.0000000
0.0000000
0.0000000
0.0000000
0.0000000
0.0000000
0.0000000
0.0000000
0.0000000
0.0000000
0.0000000
0.0000000
0.0000000
0.0000000
0.0000000
0.0000000
0.0000000
0.0000000
0.0000000
0.0000000
0.0000000
0.0000000
0.0000000
0.0000000
0.0000000
0.0000000
0.0000000
0.0000000
0.0000000
0.0000000
0.0000000
0.0000000
0.0000000
0.0000000
0.0000000
0.0000000
0.0000000
0.0000000
0.0000000
0.0000000
0.0000000
0.0000000
0.0000000
0.0000000
0.0000000
0.0000000
0.0000000
0.0000000
0.0000000
0.0000000
0.0000000
0.0000000
0.0000000
0.0000000
0.0000000
0.0000000
0.0000000
0.0000000
0.0000000
0.0000000
0.0000000
0.0000000
0.0000000
0.0000000
0.0000000
0.0000000
0.0000000
0.0000000
0.0000000
0.0000000
0.0000000
0.0000000
0.0000000
0.0000000
0.0000000
0.0000000
0.0000000
0.0000000
0.0000000
0.0000000
0.0000000
0.0000000
0.0000000
0.0000000
0.0000000
0.0000000
0.0000000
0.0000000
0.0000000
0.0000000
0.0000000
0.0000000
0.0000000
0.0000000
0.0000000
0.0000000
0.0000000
0.0000000
0.0000000
0.0000000
0.0000000
0.0000000
0.0000000
0.0000000
0.0000000
0.0000000
0.0000000
0.0000000
0.0000000
0.0000000
0.0000000
0.0000000
0.0000000
0.0000000
0.0000000
0.0000000
0.0000000
0.0000000
0.0000000
0.0000000
0.0000000
