0.0000000
0.0000000
0.0000000
0.0000000
0.0000000
0.0000000
0.0000000
0.0000000
0.0000000
0.0000000
0.0000000
0.0000000
0.0000000
0.0000000
0.0000000
0.0000000
0.0000000
0.0000000
0.0000000
0.0000000
0.0000000
0.0000000
0.0000000
0.0000000
0.0000000
0.0000000
0.0000000
0.0000000
0.0000000
0.0000000
0.0000000
0.0000000
0.0000000
0.0000000
0.0000000
0.0000000
0.0000000
0.0000000
0.0000000
0.0000000
0.0000000
0.0000000
0.0000000
0.0000000
0.0000000
0.0000000
0.0000000
0.0000000
0.0000000
0.0000000
0.0000000
0.0000000
0.0000000
0.0000000
0.0000000
0.0000000
0.0000000
0.0000000
0.0000000
0.0000000
0.0000000
0.0000000
0.0000000
0.0000000
0.0000000
0.0000000
0.0000000
0.0000000
0.0000000
0.0000000
0.0000000
0.0000000
0.0000000
0.0000000
0.0000000
0.0000000
0.0000000
0.0000000
0.0000000
0.0000000
0.0000000
0.0000000
0.0000000
0.0000000
0.0000000
0.0000000
0.0000000
0.0000000
0.0000000
0.0000000
0.0000000
0.0000000
0.0000000
0.0000000
0.0000000
0.0000000
0.0000000
0.0000000
0.0000000
0.0000000
0.0000000
0.0000000
0.0000000
0.0000000
0.0000000
0.0000000
0.0000000
0.0000000
0.0000000
0.0000000
0.0000000
0.0000000
0.0000000
0.0000000
0.0000000
0.0000000
0.0000000
0.0000000
0.0000000
0.0000000
0.0000000
0.0000000
0.0000000
0.0000000
0.0000000
0.0000000
0.0000000
0.0000000
0.0000000
0.0000000
0.0000000
0.0000000
0.0000000
0.0000000
0.0000000
0.0000000
0.0000000
0.0000000
0.0000000
0.0000000
0.0000000
0.0000000
0.0000000
0.0000000
0.0000000
0.0000000
0.0000000
0.0000000
0.0000000
0.0000000
0.0000000
0.0000000
0.0000000
0.0000000
0.0000000
0.0000000
0.0000000
0.0000000
0.0000000
0.0000000
0.0000000
0.0000000
0.0000000
0.0000000
0.0000000
0.0000000
0.0000000
0.0000000
0.0000000
0.0000000
0.0000000
0.0000000
0.0000000
0.0000000
0.0000000
0.0000000
0.0000000
0.0000000
0.0000000
0.0000000
0.0000000
0.0000000
0.0000000
0.0000000
0.0000000
0.0000000
0.0000000
0.0000000
0.0000000
0.0000000
0.0000000
0.0000000
0.0000000
0.0000000
0.0000000
0.0000000
0.0000000
0.0000000
0.0000000
0.0000000
0.0000000
0.0000000
0.0000000
0.0000000
0.0000000
0.0000000
0.0000000
0.0000000
0.0000000
0.0000000
0.0000000
0.0000000
0.0000000
0.0000000
0.0000000
0.0000000
0.0000000
0.0000000
0.0000000
0.0000000
0.0000000
0.0000000
0.0000000
0.0000000
0.0000000
0.0000000
0.0000000
0.0000000
0.0000000
0.0000000
0.0000000
0.0000000
0.0000000
0.0000000
0.0000000
0.0000000
0.0000000
0.0000000
0.0000000
0.0000000
0.0000000
0.0000000
0.0000000
0.0000000
0.0000000
0.0000000
0.0000000
0.0000000
0.0000000
0.0000000
0.0000000
0.0000000
0.0000000
0.0000000
0.0000000
0.0000000
0.0000000
0.0000000
0.0000000
0.0000000
0.0000000
0.0000000
0.0000000
0.0000000
0.0000000
0.0000000
0.0000000
0.0000000
0.0000000
0.0000000
0.0000000
0.0000000
0.0000000
0.0000000
0.0000000
0.0000000
0.0000000
0.0000000
0.0000000
0.0000000
0.0005902
0.2072028
0.9729140
1.9947762
2.4851391
2.0441661
1.1598592
0.6536959
0.5657762
0.6250899
0.7849839
0.9315203
1.0165126
1.0569360
0.9866894
1.0352075
1.0741388
1.0438486
1.1697316
1.1453340
0.9707441
0.8570004
0.7692108
0.9259328
0.9376803
0.8713630
0.9477494
1.2391537
3.8067484
33.2772827
78.9767838
128.5774841
196.8866577
234.1532593
212.5286560
207.8011322
204.1823883
167.5236969
108.7801819
83.9739761
84.0440598
77.3684464
66.9240799
73.3217545
152.2638397
201.3024902
189.3902283
140.1930695
65.1166077
17.4385128
24.2333889
28.5360699
41.6225929
32.8370247
11.7896013
8.9520302
15.3456812
25.0886135
31.6215019
48.0364571
80.9964142
112.0940704
112.9211349
87.3395691
66.6275482
74.7501450
91.1951523
83.2198181
65.5467377
48.7827072
20.4996948
70.5200882
78.7322845
71.7959061
48.0393257
10.9213820
15.5496035
14.8642759
6.8015370
10.7587481
22.1297531
19.4993858
14.9830265
21.6174583
24.7354317
16.7644367
5.8690057
3.4302442
3.9301465
4.5576639
3.9183393
2.9998603
2.6636002
2.6716943
3.2715149
3.7507381
3.9714713
4.2212276
4.2906508
3.7950845
2.4763627
1.7485753
1.6270473
1.3001407
1.3442280
1.3654219
1.0098901
1.0228827
0.8307294
1.0509254
1.2403646
1.0721949
0.6930853
0.4723924
0.4396640
0.5290223
0.5200816
0.4920944
0.6403854
0.8263921
0.9061931
1.0422512
1.9402630
3.6042171
4.6845074
3.0393710
0.4957006
0.5233337
0.6550533
0.5275152
0.5205461
0.6933240
1.1541531
0.9165791
0.6178069
0.7729561
0.8170528
0.4581398
0.5876811
0.6285440
0.8186657
0.9346582
0.8651618
0.6572354
0.8137884
0.9562188
0.8510267
0.6363731
0.5599142
0.6589868
0.6795488
0.6508921
0.8561651
0.9441828
0.9582984
0.8571533
0.6578155
0.4580130
0.5189558
0.9818910
3.8637705
7.6648264
6.8991647
2.0659459
0.7060725
0.7344506
0.5784280
0.7411964
1.0300605
0.7271090
0.8070714
0.8560141
0.5380801
0.4929990
0.5360286
0.5791811
0.7180233
0.7415220
0.7903388
0.7116717
0.6977169
0.6731579
0.6388987
0.8059787
0.9080185
0.8231117
0.7040859
0.6587986
0.6815459
0.8911512
1.0934141
0.9286600
0.6231678
0.6470355
1.0098958
1.0554292
1.0838977
1.2916979
1.1173984
0.8582322
0.6943870
0.6000648
1.0470457
5.2910089
10.9230843
10.9092102
5.0382347
1.6394715
1.1894318
1.6826907
3.5017264
4.7413249
4.6717753
6.6484714
15.4784451
33.1145782
53.6994781
71.1329803
78.1533966
70.6712723
56.2620354
35.0371437
15.5774250
17.8943386
4.5980587
2.0744941
3.4305072
7.7886147
13.4604254
12.6533327
14.4699392
23.0018635
33.7592621
31.3077278
27.0167980
15.7317867
10.6639671
8.3476658
8.2493696
8.3110857
9.4139795
10.8085594
10.1605721
8.4738226
6.2130370
5.2459106
2.5543494
1.4805377
1.6951292
1.6534938
1.6679518
1.6232346
1.4668487
1.3528311
1.4320239
1.5063111
1.4669781
1.4073436
1.0521989
0.7803875
0.9121062
1.1264548
0.9467925
0.8037707
0.4841099
0.4850095
0.7025484
1.1231821
1.1275597
0.8235528
0.7467639
0.7574575
0.7498514
0.9979606
1.0323590
1.0626431
0.9641585
0.8518870
0.8041718
0.8116823
1.1740379
0.8790497
0.5892292
0.6545089
0.7778225
0.9472080
0.8099117
0.8106085
0.6519828
0.4866311
0.5404829
0.8674930
1.0668777
1.2072858
1.2835209
1.0683904
0.8654826
1.0806459
1.6252258
1.6636863
0.8753217
0.3574964
0.5462106
0.6541156
1.0419469
1.2374604
1.0699995
0.8564310
0.8455137
0.7634546
0.6697659
0.5939642
0.6204081
1.0136462
1.0009105
0.8618265
1.0893643
1.3277695
1.0532259
0.7504544
0.5361178
0.5159339
0.6491086
0.9003876
1.0179384
1.1209748
0.9241980
0.6536309
0.6801175
0.6278468
0.7731875
1.1359047
0.9660333
0.8998859
0.9779809
0.6979387
0.6236615
0.8023600
1.0448661
0.9507757
0.7816439
0.8306636
0.9999710
0.8434798
0.7484036
0.9979228
1.1506691
0.8361608
0.7286980
0.8668518
0.7632250
0.9226887
1.0884986
0.9795036
0.6924912
0.7840739
0.8333065
0.6519283
0.7939911
0.7260223
0.7240925
0.6642548
0.7500263
1.0159374
1.0091999
0.9336764
0.5800660
0.5636446
0.8361807
1.1400931
1.0444341
0.6588444
0.5096729
0.8306755
1.1419256
0.8469132
0.5923897
0.6297944
0.8219932
0.7952047
0.9175502
0.9640906
0.8575978
0.8550788
0.8210757
0.7046106
0.7184868
0.7074205
0.8846680
1.0261687
1.1796693
1.0480654
0.7369180
0.7909738
2.2424612
4.0471630
3.6295066
1.5689172
1.0847570
1.2641951
1.5610474
1.5237648
1.4616462
1.5963631
2.0683706
2.5108473
2.7365053
2.4523947
2.2169647
1.9533778
2.1070471
1.9529165
1.7459643
1.7572474
1.6581626
1.5777972
1.6569411
1.5024494
1.3577565
1.3358622
1.2809956
1.2006087
1.1477717
1.0831594
1.4136919
1.6148953
1.6744241
1.6350025
1.6725992
1.8321679
1.8484354
1.6752288
1.2811260
1.2500253
1.0468442
1.2307347
1.3074439
1.3150288
1.3247977
1.4867429
1.5838605
1.5816263
1.6826465
1.9013522
1.9592254
1.7678469
1.7096212
1.0859653
0.6351510
0.5553201
0.8973075
1.9306872
2.7374415
3.3778965
2.9981642
1.8062707
0.9510490
0.9784104
1.4499824
1.6194956
1.5127083
0.8925666
0.5216112
0.5661782
1.0741888
1.0136373
0.7057642
0.6343052
3.2549736
34.6831779
103.0028152
168.0710907
184.8627472
150.3680420
114.9299164
122.3957901
116.8247833
96.6238098
94.6302109
121.0505066
163.1644287
151.2006531
94.5606079
60.0387421
59.5137177
56.8268242
59.0527611
64.1260300
37.6516800
16.0878067
14.3617306
18.9505043
62.7067070
104.9326401
113.0818481
94.1314774
70.0845108
54.8483887
81.8768616
95.5293121
80.3882904
69.5563583
46.6935806
14.4966011
17.5429306
28.2347946
20.9810543
18.3335724
38.2813606
55.3218269
46.8715820
23.1633186
4.3628750
19.8478909
23.0081825
13.0795774
5.3462338
6.1524382
7.0809164
8.1186514
9.8435087
8.2958488
6.9223776
6.0031567
5.2406807
5.1952572
4.5833988
3.6280384
2.5843129
1.6156132
0.9359920
1.0172244
0.8814769
0.9302911
1.0156182
0.8019990
0.6119418
0.7261819
0.5095314
0.5538433
0.8840965
0.7329980
0.5051717
0.5077856
0.4458325
0.6673435
0.7458868
0.7379415
0.7826234
0.5694082
0.5413142
0.7003224
0.9827026
1.0068079
0.9741925
1.1733489
0.8424096
0.5750323
0.6528586
0.5857362
0.6386048
0.5232024
0.5255703
0.6015480
0.6865305
0.7242001
0.5511166
0.5075895
0.7676039
0.9384288
0.7002306
0.5747772
0.4668717
0.5493737
0.7097226
0.9107533
0.7896938
0.6115630
0.5326998
0.6208845
0.7265185
0.7704006
0.6520963
0.6947205
0.6369290
0.5246545
0.8330929
1.0378308
0.7648884
0.5876849
0.6679577
1.0004811
2.1423924
4.2584710
6.6250768
7.1817555
7.0439367
8.2676277
9.8764057
11.0594578
12.4274731
14.3425360
14.1295385
12.9059410
23.6257439
51.5055199
70.4969025
63.5540276
46.3969231
35.6814957
30.9369297
25.6576996
8.6748896
0.9650361
3.7890851
17.6972809
37.2182770
46.3037186
42.3413391
31.7274494
17.2694626
10.1634159
10.8958035
10.6819725
5.6987123
2.1536739
0.8411735
0.6049466
0.8194802
3.1234767
13.0189819
20.6954727
24.4518070
27.0495033
30.9470024
30.7611504
24.2687073
16.9219322
12.9186525
13.1591587
13.6737118
10.9186726
7.0351596
5.3967662
4.8938918
5.7900901
5.2715325
1.9966828
0.3363359
0.1562015
0.6362450
1.2256446
1.1760552
0.6582667
3.1598368
17.2086544
34.4604645
41.2106552
37.2297821
27.0346489
22.9577675
31.2473583
35.3740463
27.9299850
24.6311054
26.4039764
25.5912437
20.8931675
15.1043777
10.7130175
6.8039889
4.0255060
3.6106601
6.8991961
10.9235334
10.7276220
9.3101711
7.2172480
2.6645076
3.7736595
9.1380320
11.9363174
11.6933002
6.1213803
2.9425681
2.3914692
2.2441957
1.3099177
0.8699887
0.4652235
0.4237233
0.5958102
0.6637915
0.7439458
0.7877473
0.8647128
0.7701337
0.5928282
0.6856146
0.8422414
1.1042355
0.8847978
0.8411946
0.6110241
0.5461942
0.6155232
0.6179909
0.7168251
0.8091110
0.7283407
0.6267332
0.7574710
0.7323089
0.7798011
0.7445696
0.6425257
0.6735935
0.7184089
0.5967138
0.6818215
0.7125336
0.7477065
0.6456705
0.5946904
0.6739290
0.6986371
0.6888560
0.5598831
0.6573681
0.7095914
0.7471404
0.9948921
1.1561601
0.8327096
0.6650137
0.6583419
0.6903094
0.9290758
0.8643604
0.9033968
0.7694408
0.8346068
0.8937420
0.7812493
0.6912956
0.7139602
0.8520846
0.7172430
0.7118669
0.7374296
0.6525932
0.9757739
1.0277771
0.7276056
0.6543893
0.4120601
0.4872869
0.6706984
0.9144367
1.0679084
0.8811067
0.8653404
1.1341592
0.7208150
0.5317006
0.4986737
0.5572937
0.6290925
0.7952813
1.1619220
1.1198417
0.9483665
0.9402325
8.6702652
26.7127953
36.3091202
27.7418709
16.4144459
16.6725140
21.9662952
33.2730637
41.1221848
46.8931351
44.2972221
37.2088051
39.2516174
42.8260193
42.5905647
34.1524467
27.6192970
26.8909988
25.5258446
24.7298431
23.3106270
26.1477833
26.1336479
24.3254776
22.2467690
16.0388889
13.1195793
15.1960697
24.0313320
24.4623013
18.1770878
10.6437082
7.3922939
13.1749573
22.9130116
24.3058205
21.7467556
20.5994911
21.3269730
19.8207321
19.2486057
17.0771294
13.7523069
8.6157322
6.4988437
8.8068619
14.9408741
15.8985863
9.5041246
11.3570433
23.4688148
29.2709808
24.0097847
14.8953323
8.7445030
5.7036867
10.9459848
23.1196003
30.2213459
28.3263893
19.2114086
13.9345064
11.0667877
12.6566525
14.7389650
14.5358324
15.6909065
14.9108257
11.3139038
7.6866703
4.5714083
3.3279796
2.8348925
1.5159677
3.7289431
10.7954597
13.7400951
9.7529793
9.6308002
12.8711033
12.5817976
9.6705036
7.2445011
4.9263129
3.0599782
1.9844712
1.9030113
3.5252831
6.7713079
9.6886787
6.9781857
1.4210521
0.3161999
0.3360685
0.4422777
0.3815425
0.4006006
0.7726737
1.0128739
0.9053594
0.8897932
0.8765395
0.8385128
0.9890879
0.7871091
0.7022851
0.5744606
0.6084150
0.7625887
0.8920812
0.7464544
0.6306927
0.7310357
0.6894767
0.6581581
0.6811590
0.8608274
1.0383244
0.8855669
0.8117312
0.5989351
0.5899891
0.7277860
0.9348093
0.8769400
0.7399488
0.6023985
0.5185661
0.6442857
0.8314523
1.0076377
0.7994660
0.6761361
0.7831970
0.7033421
0.6634270
0.7108080
0.8203011
0.7252189
0.9849547
1.0917231
0.8815237
0.6427373
0.7418983
0.6712297
0.5419396
0.7257292
0.9092798
0.9262575
0.9948018
0.8272053
0.7354300
1.0211557
1.2475384
1.2920327
1.2557139
0.9055013
0.8902224
0.9851379
1.1989863
1.0877234
0.9677297
1.3539518
1.9539130
1.6638645
1.1034460
0.7279426
0.8554548
0.9783058
1.0193242
0.8868723
0.8377626
0.9633086
0.9278408
1.1030765
1.0903913
0.7884414
0.7522606
0.7672612
1.0243393
0.9044416
0.7999387
0.7717175
0.7738895
0.8994145
0.7234840
0.7078195
0.7675802
0.5866632
0.5308570
0.7102580
0.8025893
1.1026758
2.3491807
3.9463224
3.7530491
1.3071662
0.3817326
0.4377470
0.5931174
0.7723171
0.7532673
0.7142352
0.7593117
0.8475524
0.7395297
0.6959454
0.6562541
0.6673245
0.7155316
0.6877859
0.6061217
0.5853970
0.5776670
0.4995314
0.5524945
0.7466245
1.0280967
1.2776029
1.1792238
0.9810991
0.8880317
0.7645268
0.6075292
0.5432875
0.8202671
1.7950236
7.1824002
22.0008163
52.2787247
87.8925400
103.1212006
87.7990417
63.5694351
51.9220657
63.9856033
59.2771034
28.1164417
13.7611752
20.3324490
45.6769981
82.8837662
121.0650635
150.0504608
142.7906342
117.2657700
114.0269852
141.1446991
149.0560303
150.7554321
146.9223480
103.9074707
48.2233276
17.2071705
9.8650541
6.7560754
6.0710092
10.7133856
17.5893898
27.0575809
30.6385536
31.8476963
37.5881691
55.8072968
59.4882278
41.6131592
31.4914932
17.2628460
5.1321096
1.0684155
3.4841189
10.3365507
19.3977108
25.5124264
29.9704647
32.9238548
40.8561745
55.3267555
74.0494995
84.2107010
70.6987000
47.8889236
42.3877335
47.3344879
45.6553917
38.1190186
39.5725174
33.7358017
18.7099514
11.9844389
10.0077839
6.2658601
2.9863474
3.5852425
14.2086306
16.9923477
13.8688517
7.6745958
3.3336499
1.4346941
0.7878084
0.6938386
1.1183419
1.2272642
0.9908211
0.8530936
0.7010090
0.6680554
0.8708425
0.9011594
0.9051695
0.8189940
1.1716808
1.2560220
1.0298153
0.8897011
0.8365531
0.9326270
1.0346538
0.9540137
0.7287101
0.6537954
0.4946921
0.7942600
0.9753071
0.7964470
0.8173268
0.7422234
0.6630365
0.7871603
0.9337367
1.0049726
0.9434080
0.6896709
0.6774349
0.7367635
0.8884435
0.8323238
0.7036964
0.6477178
0.5886626
0.6548564
0.7019482
0.7697470
0.6069844
0.6321733
0.6964590
1.1600692
1.0641093
0.7452284
0.5647212
0.6641064
0.7472186
0.9122478
0.8131937
0.5835421
0.6018953
0.6030874
0.6324221
0.6555859
0.5959299
0.7576841
0.7292764
0.6662573
0.8807114
1.0975909
1.3773088
2.3432202
3.1580734
2.8253117
1.6420953
1.0211922
0.6981274
0.5131648
0.8371250
0.7160669
0.6285760
0.5152123
0.6999863
0.9119097
1.0216935
0.8191794
0.8166764
0.7189614
0.6681811
0.7757298
0.6615817
0.7399808
1.0644598
1.1007912
0.9568791
0.8684146
0.6804665
0.7159846
0.8936779
1.0725555
0.8912064
0.6657833
0.6707790
0.7886199
0.8272514
0.7281774
0.7168407
0.7416365
1.0728216
1.3213872
0.8991847
0.5212929
0.8040937
1.2638770
1.6553791
1.2424212
0.9116472
1.1157215
5.6707892
25.0882626
51.9568253
63.1754913
61.5424500
67.0168610
89.6355820
109.2864456
103.6117401
82.9679337
58.5194931
34.7479973
56.1492081
66.0761719
43.8510742
32.7046356
26.7433872
18.8872070
12.0393829
7.2479773
3.7852821
1.5547283
1.1841600
0.5896790
0.2520705
0.2732188
0.4498153
0.7918112
0.7110238
0.6553966
0.7761340
0.7323295
0.7366796
0.5464357
0.5247239
0.6418646
0.7125125
0.7831566
0.6371967
0.6719852
0.7668123
0.9771855
1.2010026
1.0682997
0.7002445
0.7114751
0.8625041
1.1959809
1.1368430
0.7612805
0.6278781
0.9759545
1.5846534
1.7808759
1.2514825
1.5982754
2.9499414
3.1339445
4.6354008
13.0439348
21.5822086
20.7898998
15.3147364
15.5654240
15.9589653
10.4233751
3.4460762
1.3648334
0.6554536
0.4849033
0.5512877
0.6085896
0.8597125
1.5473850
2.0617723
1.8051522
1.4470112
1.1152377
0.9997501
0.7715156
0.4967934
0.5416244
0.5877414
0.9197404
1.7756017
1.8887061
1.4833288
1.4038365
1.4707160
1.2816831
0.8527709
0.9789759
1.4617784
1.6083078
1.3395789
0.9513232
1.1289616
1.1231149
0.7478623
0.4109771
0.4331332
0.6356171
0.7261651
0.6675397
0.8388278
1.1090673
0.9532931
0.8932820
0.7414844
0.7518217
0.9729760
0.9229677
0.8005940
0.8595064
0.7461962
0.6794110
0.7020503
0.8382136
1.1231332
1.0533156
0.8904069
0.5949317
0.6247091
0.7994039
1.0473917
2.2055130
14.4820194
43.6839294
72.6015396
88.4692230
94.1361694
94.8095093
76.4172211
44.7991943
19.2080765
28.0387077
19.3473721
11.9145279
5.0052848
1.9721001
0.6740564
0.3837343
0.3037977
0.3883015
0.6335534
0.7425948
1.1698436
10.4008904
30.3416462
46.5614815
45.4882126
31.5951939
18.0375271
11.2547865
6.9921350
3.9497523
3.0415530
1.3697855
1.7794715
2.6091669
2.7110662
1.6693316
1.3617334
1.5368173
1.9637213
2.8420577
2.0211878
0.7622848
0.4637031
0.4562625
0.5148242
0.9109253
1.6897380
2.2195547
1.3767120
0.6880183
0.6776571
1.0993590
0.9832808
0.7995131
0.7044288
0.6385118
0.6068308
0.6304538
0.6375270
0.5569623
0.6157322
0.6430144
0.8329322
0.6885226
0.5545403
0.5335334
0.6214840
0.6822204
0.9713308
1.0897326
0.9749013
0.6770915
0.4752425
0.5427376
0.6882446
0.9718485
1.1911240
0.9331015
0.6611310
0.8528779
0.9720705
0.7909030
0.6576886
0.6702220
0.7285101
0.9907464
2.3153365
10.4769154
21.9363079
24.1474590
20.4698124
37.8320847
75.1512604
108.0994492
111.7876434
104.5787048
96.2230911
82.1790771
70.9137268
59.3748093
30.6095009
18.5985336
11.2749195
12.8259592
17.6815815
19.4825554
17.9670658
13.7703199
9.0855579
6.9148450
3.2829707
1.3960412
0.9836149
0.7966623
0.6815404
0.6050574
0.7911465
0.6635448
0.5036711
0.5975353
0.6466513
0.9636227
1.0985156
0.7764435
0.7304784
0.7587922
0.6811944
0.7417736
0.6394451
0.5846482
0.5647122
0.6086833
0.5298146
0.6286515
0.8966876
1.0067221
1.2679948
1.4139957
1.1264615
0.6301675
0.5810333
0.5037244
0.4940440
0.5494089
0.4950336
0.7214523
0.9052486
0.9440731
0.8351986
0.7270209
0.7647363
0.8093492
0.9277537
0.8200582
0.6437019
0.4875262
0.5198392
0.6262522
1.1507255
1.2018399
0.6964495
0.5347353
0.5834084
0.5589334
0.7656695
0.6687866
0.7557233
0.7743001
0.6681666
0.6111757
0.9097593
1.0425429
0.8749123
0.7255003
0.8452090
0.6728876
0.5224795
0.5712630
0.5799918
0.8353021
1.3621607
1.5052416
0.9099743
0.6145673
0.6187546
0.8271733
0.9259995
0.8029873
0.6543950
0.7843441
0.7320702
0.7886035
0.9172772
1.1999825
1.1849643
1.0507684
1.1740894
1.3817849
1.0552596
0.6946937
0.6973969
0.7122579
0.9666243
1.1786902
1.3488625
1.6620246
1.4769318
2.4014976
6.8358755
10.3886986
7.0242414
0.9006597
0.3236389
0.6813402
1.0744951
1.5104063
1.2334914
0.9701844
1.0946976
1.0416473
1.0171163
0.9117242
1.0121439
1.1192693
0.9501667
0.9120758
1.0570521
1.0119898
0.8187425
0.5369250
0.6709649
0.7150628
0.7107520
0.8113559
0.8962195
0.5395977
0.4277816
0.4926724
0.6815154
0.7223784
1.0220574
1.4846838
1.5642488
1.0007223
0.5961880
0.6200864
0.8202897
0.9494013
0.7549040
0.5275097
0.6371433
0.6014760
0.6020853
0.6364460
0.9118447
1.0410749
1.1572115
0.8882237
0.6183334
0.6121545
0.5810796
1.0361664
1.2085590
0.8978279
0.7618529
0.6884423
1.8616258
11.5427704
22.7651157
22.0271587
26.0002651
40.2380867
49.1585426
47.3670197
43.1442947
31.9750938
21.0397091
15.5651779
9.8270636
6.3773441
4.3992176
5.8850422
6.9606304
5.6158271
3.6872735
3.9009488
8.4497366
14.8157406
20.1502819
18.3524494
15.5926895
19.1043835
13.8598766
10.0207644
17.2222786
35.1049576
55.3547897
72.4491119
93.9625092
119.0565414
128.9497375
107.8759766
82.9335709
71.3015518
62.3676567
53.0914154
41.8726654
32.0260086
24.7886925
17.4857407
11.9070082
32.7259712
41.6777458
37.0141068
31.4423237
22.1012974
11.8858957
5.5818086
8.6251268
14.6043234
20.9849510
24.2656574
24.0278969
16.7336693
8.7645044
4.5182099
11.7447500
28.8438568
40.2552071
38.2233391
28.8892670
19.4228630
19.9040985
23.3049984
28.3667526
32.6720734
29.6055584
20.5529747
10.8152866
4.5426655
4.8091450
5.2169828
10.8988066
18.1245422
22.6628036
22.6970367
20.2725582
17.9735165
16.7694168
15.8950052
13.3287630
10.7207069
7.9688721
6.1878319
4.3926687
1.7388294
0.7390323
0.3089378
1.8263482
9.7815094
17.4758797
15.9151382
9.4565907
4.0206313
2.5728629
1.8582383
1.2175913
0.9889549
0.9629081
0.9811418
0.9302492
1.0724671
0.9960330
0.9656265
1.1891911
1.0778939
0.9524980
0.9460399
0.7822049
0.7796978
0.6120797
0.6797408
0.8469476
1.0646495
0.9371336
0.6597382
0.4646764
0.6484939
0.9944736
0.9735117
0.6119512
0.8351998
1.0733703
0.9223312
0.6753597
0.6693401
0.6692259
0.8872021
0.9642845
0.8443987
0.7598446
1.0829216
1.3413793
0.9866813
0.8602371
0.6363428
0.4462209
1.0259764
0.8702128
0.9693511
0.8710853
0.7262730
0.7160261
0.6359084
0.5969964
0.7208982
0.6380464
0.6899893
0.7689757
0.8779877
0.9744350
0.9126225
0.6993154
0.6955642
0.7372313
1.1195586
0.9051397
0.8557194
0.9061319
0.9022390
0.9898716
0.9260417
0.5876360
0.5690960
0.8982330
1.2815491
1.0501378
0.7523508
0.6514738
0.5867894
0.7832744
1.0184907
0.8328118
0.5880473
0.6714488
0.6768205
0.5366845
0.5653288
0.8226794
0.9051207
0.6826234
0.8137072
1.1401634
1.1792790
0.7754127
0.5543077
0.6091704
0.7647130
0.8711455
0.9551432
0.9120843
0.6842246
0.5329582
0.5174944
0.5354993
0.5292972
0.6441571
1.1005363
1.8691304
1.7605133
1.1045557
0.7750674
0.5357649
0.5088319
0.6859297
0.6262867
0.8821315
1.2917501
1.0885978
0.7997354
0.9417101
1.5810463
1.7833571
1.0106660
0.4657255
0.4628330
0.5407258
0.6690816
0.7362296
0.8841741
1.1247194
1.4044443
1.6787895
1.4064096
0.6682023
0.7878342
0.8054525
0.6324978
0.6410741
0.6296430
0.5966516
0.6691018
0.7218449
1.0023583
1.2376100
1.0704601
0.8598387
1.9512614
6.2413397
9.2211103
10.4281502
15.2778339
21.3160343
20.5762844
16.4726696
15.6989079
17.3951168
18.4017277
20.6270504
23.7211285
25.3292599
22.3192596
16.4607162
11.7015572
8.7198763
10.8950510
34.6508751
59.7596550
65.7141724
53.2319412
36.3227043
39.4834671
46.5211258
52.1759109
44.2916069
35.7191391
41.5128212
58.8699570
48.8378601
38.5095329
48.0559807
47.1409378
33.3091583
35.9229393
41.4326515
35.6475525
26.9543133
22.2288609
20.8360786
18.3933983
18.4673023
22.6245537
31.7880592
40.7055511
41.7950020
34.4465942
19.4906139
12.7400522
8.2917881
6.6278553
9.6871414
15.9772959
15.9363422
10.4802942
9.2225647
12.1859818
12.4665613
12.8672924
12.6741047
11.4368896
11.7878819
14.2979441
16.4331608
15.1854095
13.6259241
10.4098949
5.8079333
2.8674424
1.9518535
1.5270644
1.0660173
0.9351149
1.2916377
1.8371524
1.5233892
1.2590861
1.0628213
1.1475239
1.2136062
1.0380950
0.8921525
1.0110488
1.2037159
1.0257797
0.9396038
0.8415035
0.7464851
0.7665387
0.6725763
0.6493005
0.8433678
1.0977130
0.8035293
0.7123959
1.0127484
0.9510185
0.9879693
0.7655386
0.5967591
0.6643146
0.7390402
0.8586689
1.0938275
0.9961994
0.8712308
0.7261000
0.6566222
0.5343710
0.6966809
0.9207932
0.8202620
0.6673565
0.4524696
0.5180873
0.5826619
0.8922271
1.1160141
0.8244193
0.5616446
0.7501535
0.7956048
0.6540425
0.8173109
0.9371361
0.8815031
0.6774909
0.5797540
0.5301893
0.6752185
0.6777593
0.6959178
0.8598329
0.9767172
0.9241657
0.9167746
1.0276085
1.2250495
0.9420839
0.5720115
0.5377033
0.6501390
0.8107526
0.7490878
1.0353792
0.9934414
0.8780856
0.6480241
0.6083418
0.5803571
0.7416090
0.7438592
0.7326097
0.6120168
0.7333287
0.7061692
0.7085582
0.7540671
4.7262049
13.2884512
25.0935345
39.2115364
49.3535080
49.1038666
41.6471519
40.3659363
53.5046921
67.4222717
65.4092484
58.4934425
63.2281532
82.2247009
67.7926559
43.5185928
39.0259590
33.7373505
20.6816521
20.7333450
29.0841904
37.9051933
39.9191055
23.6135807
12.7499275
11.4699821
8.5152130
4.9921932
6.2295809
4.0717640
4.9215746
4.8425055
3.2696109
3.0245838
3.6814048
5.6021290
7.8354406
6.6455841
2.3143835
1.1313541
1.5522898
0.8246725
0.7978572
0.7120604
0.7366827
0.8342074
0.8710946
0.8773721
0.6908661
0.5355318
0.5228791
0.4133113
0.5507353
0.7834406
0.8337376
0.7900571
0.8457000
0.9567229
0.7205032
0.5666177
0.7118056
1.0544037
1.1201631
0.7408356
0.4980843
0.6860830
1.0945033
1.0982033
1.0014299
0.5756308
0.4813706
0.9364852
1.0956693
0.8341059
3.0602760
11.6723776
20.9391251
22.9321136
21.5075016
23.4989128
30.6071568
36.8997231
38.8070374
37.3459549
33.3127518
27.9302731
18.9401436
11.8665876
10.4528971
14.9694853
14.6942587
12.8435202
7.9331050
6.0342932
6.5838490
6.2672868
4.8889852
3.1630383
1.6117785
2.7679176
4.0419378
1.7968428
0.5752419
0.6196873
0.4873774
0.4433749
0.6200315
0.8319190
0.5892559
0.6184006
0.6818195
0.8113600
0.7235265
0.8250257
0.8971434
0.7646492
0.6612105
0.5750477
0.8606163
1.9528553
2.2677395
1.4208744
1.3790216
1.6398795
1.0342958
0.3954701
0.4317307
2.3156028
16.9175358
33.7417068
29.7792358
7.1916041
0.3165838
0.0952245
0.2356190
0.6113654
1.3912060
1.2175409
0.9783459
0.5869739
0.5001783
0.5718130
0.8033514
1.3946669
1.2246695
0.8801481
0.7414752
0.6579639
0.5614110
0.4382538
0.5464252
0.7033193
0.9360716
0.9165121
0.7422507
0.8549948
1.0752331
1.1657430
0.9434301
0.5823128
0.4908107
0.5122240
0.4688285
0.6276366
0.8949927
0.7218473
0.6431732
0.7637569
0.9658414
0.8420925
0.8019247
0.7945180
0.7083806
0.6994202
0.6145461
0.6574410
0.7085876
0.7699474
0.9904971
1.3919917
1.6177508
1.3277910
0.8045889
0.5348058
0.4397006
0.5943021
0.6776704
0.6872390
0.7309747
0.6964675
0.7182401
1.0033473
1.0089700
0.8821756
0.7273906
0.6489184
0.8498746
1.0810204
1.0858421
1.2034498
1.3451480
1.3095305
0.9327000
0.9427684
0.9667742
0.6866942
0.6554894
0.6444465
0.6345811
0.7746748
0.7388221
0.7696874
0.7895734
0.7618858
0.9166263
0.9231249
0.7828421
0.8139324
0.9738300
0.7841723
0.8634391
0.8646715
0.7331042
0.7076746
0.7930608
0.8086251
0.7274247
0.6926620
0.6551056
0.6581707
0.8684789
1.1697222
0.9166468
0.6326568
0.5688211
0.7724455
1.0955580
0.8265138
0.5713773
0.5699224
0.7305837
0.8476698
0.9919422
1.0018866
0.5943819
0.5599307
0.5278784
0.7642378
1.1072528
1.0720847
1.1326095
1.3722177
1.4795160
1.2034813
1.1063179
0.8911214
0.9259443
0.9591233
0.7653602
0.9596053
1.0498145
0.9876344
0.8447046
1.1274161
1.4293711
1.5794526
1.4722557
1.3471705
0.9616161
0.5823509
0.7165031
0.7714999
0.7119187
0.6006404
0.8543308
0.9863218
0.8488706
0.7487832
0.8384253
0.8448434
0.7920094
0.5811096
0.5922701
0.7059901
0.8196581
0.7418224
0.8035573
0.7676724
0.9308891
0.9515104
1.0188369
1.4219410
2.1292913
8.9646111
21.5045700
30.6819859
33.2054291
32.3528214
34.4191742
34.1339378
26.7373180
16.3768959
7.9974833
5.7139277
4.6601543
4.8308702
8.7232094
9.9824705
8.9502401
29.7596912
69.2584686
86.0553131
61.2065926
28.5187798
28.1563454
29.0871925
24.2534370
24.8899956
22.4346409
19.9013214
23.1591988
26.9857674
24.2403908
18.2735901
12.5313597
18.5467091
15.3873425
7.9772768
21.4478817
53.2902985
70.6299820
58.4832916
38.9785576
39.3613510
41.5378838
44.7737579
43.2462807
33.6069298
22.7264099
19.4155483
19.8826370
23.8856735
35.5164871
52.5476532
58.4864273
48.7768021
45.7081680
37.9193268
26.5694122
15.2128830
11.7912521
34.6387329
44.0496063
36.6692047
18.8680763
11.2270813
9.8422213
5.6265426
8.6393147
17.4639435
28.0840969
25.2279243
16.2982979
7.7543492
10.5894527
24.7323189
29.5275364
28.2261276
27.7390976
32.8727531
35.3775406
32.8015175
25.4998531
20.6179295
15.5785332
8.5603876
3.1689022
0.6387527
0.3124791
0.3596486
0.4653785
0.9192152
5.4652786
16.1399632
30.9695663
42.1772003
43.7691689
39.9293518
37.6306572
42.6279144
45.5923119
44.7448425
54.2970543
60.7797394
63.4751892
49.6391830
43.3431587
48.1616249
47.2418289
55.5608521
64.0814056
53.0428848
35.9339905
25.3192673
32.6020622
51.0534325
37.3454895
20.7665615
11.4358501
16.4975033
23.5056591
20.9486027
19.5934124
15.2514782
8.4092569
7.1255741
11.1098089
12.1727648
11.4567223
9.7296181
7.9082222
5.1582427
1.0824397
0.2569563
0.2752442
0.3401038
0.7303948
0.7976887
0.8379967
1.4513001
2.0120518
2.3389440
2.8286018
2.6779888
1.4457141
0.7500863
0.5400622
0.2800347
0.5028143
0.6230940
0.9633813
1.0894959
0.9586667
0.7470278
0.6730368
0.7632807
0.8202170
0.9430604
0.7172402
0.5971897
0.9399225
0.8204713
0.5506018
0.5306463
0.6459249
0.5655949
0.5485073
0.6657566
1.0396160
1.0856856
0.6434850
0.4452328
0.6967813
0.6911563
0.6163355
0.8183473
0.7825443
0.9396564
0.9188546
0.8624174
0.6244919
0.6697260
0.7673118
0.9831121
0.8623247
0.7323405
0.7150151
0.6724300
0.7220407
0.9026006
0.9144695
0.8208677
0.9060711
0.8860364
0.7123789
0.6748543
2.1992013
9.0669651
14.5638609
10.2813225
1.4193068
0.2733047
0.2087103
0.4036788
0.7488899
0.9772102
0.8221063
0.5956045
0.5658880
0.7517029
0.7835970
0.7923684
0.7942185
0.9793099
1.0338095
0.8465759
0.7533898
0.6612833
0.5836074
0.5305940
0.5088759
0.5114093
0.6657561
0.8086052
0.7994766
0.6509637
0.7083787
0.7459648
0.7847217
0.6924741
0.6057326
0.6354306
0.6918669
0.6643590
0.8391835
1.0922024
1.1506076
0.7019681
0.6634004
0.6253335
0.7265563
1.5116793
11.8140631
40.6671944
70.8894806
81.9071274
76.8779831
67.6064529
62.0505447
57.2467384
37.4130135
31.5851460
26.5630074
30.8224678
49.6631889
60.7144356
54.3998032
47.7144165
44.4657516
31.5499153
31.7125874
30.4454098
10.6066351
0.8680533
0.5358254
16.2238579
64.5382614
91.6475220
88.5038223
90.4466095
99.1448059
84.7066345
53.3163376
19.9586754
8.7216358
9.3695784
6.4186754
4.0300283
5.2963438
8.8436623
15.5624495
30.1409550
50.9081459
59.8308640
58.1500130
46.2474442
38.2105865
30.1735363
39.9432869
25.7185650
6.6920667
8.7414989
13.1936474
13.1648006
9.8510675
9.7312622
8.7642307
6.4392605
12.9152918
24.5813866
33.6284142
41.3824692
51.4864426
60.7740211
53.4243546
40.2225380
40.7809677
47.1898003
44.2744370
27.4276371
8.8737326
3.6082454
2.6284025
0.3343910
0.3729241
0.3328759
0.3345502
0.6262605
0.7117800
0.7967989
2.4105356
8.5392818
12.7417660
9.0671148
3.3250139
1.4832804
0.9667424
0.1948538
0.2750349
0.6768333
1.0119328
1.0319918
0.8335321
0.7654005
0.8327251
0.5393493
0.5825700
0.5669815
0.9475514
1.6024594
1.4960911
0.9794757
0.8200805
0.7319617
0.6244216
0.6483074
0.8136932
0.7967013
0.7426888
0.8874154
0.9342277
0.9201144
0.7983946
0.7832575
0.7935389
0.6046538
1.1163186
2.7117050
5.0799999
12.5069656
30.6348419
60.7583084
90.9967194
102.7048035
94.0231552
80.9246597
69.7984924
67.3156509
76.4932480
87.5524597
78.7554626
62.0913811
31.8041973
48.2236748
64.3356247
53.3723183
57.0781708
59.5461273
56.5868034
55.0335999
48.7299461
41.3007164
42.0105324
85.2201462
79.2599869
23.1711788
5.9079480
21.6121502
24.8479977
20.1477928
12.5735216
26.2671165
48.5172043
42.5243835
22.8738708
18.8834305
34.8850517
36.1812363
22.3583374
7.4096351
13.0207748
12.0783749
24.8815594
21.0129890
9.9045725
13.3337698
18.1278152
14.8457165
9.0726223
24.3813095
31.5355244
30.7351551
26.8852329
21.6838703
16.2762508
11.4918661
11.5962133
16.5427361
18.6821785
13.9466591
7.4996219
3.3286166
2.0017755
9.2802095
30.1276741
50.6009636
54.3335762
46.7985039
31.1312428
11.9434471
1.1039013
1.6278250
8.3440571
17.2148647
11.9155760
7.2756653
6.0144639
4.4197736
8.1711473
20.9321671
31.2305031
27.2741375
19.7226944
20.7379723
28.3255653
30.3579044
30.1590462
23.3827896
20.1368504
20.7251854
21.9452629
24.8641376
24.2006283
22.2884350
14.5924931
7.9732685
7.8224573
11.5849495
12.5119877
9.3146896
5.6142993
3.4663401
1.2505664
0.6560898
1.3088050
2.6417844
3.3560843
2.3705821
1.3024627
0.9213450
0.8701156
0.6548154
0.8186666
0.9358007
1.1315851
1.2376635
1.0633098
0.6925712
0.7686304
0.6089872
0.4008695
0.4918782
0.6661928
0.6176959
0.5934880
0.5800983
0.8516812
1.1605413
1.0986232
0.9887565
0.9670454
0.7822099
0.7659261
0.6273896
0.5714498
0.5317668
0.5009366
0.7110519
0.6163787
0.4787048
0.5637364
0.8552747
0.8398711
0.7721016
0.7875851
0.8200763
0.9270764
0.6432140
0.5300492
0.5667438
0.6329349
0.8064855
0.7679945
0.7931508
0.6458087
0.5733863
0.7797806
0.8211548
0.7768291
0.6451373
0.6854548
0.5838900
0.6791686
0.8460764
0.8059081
0.6791809
0.8386870
0.7486791
0.6305651
0.7890614
0.8780789
0.7885034
0.6943855
0.9229859
1.3231910
1.4271687
0.9493068
0.6992730
0.6743121
0.7625574
0.8532753
0.6866865
0.6015173
0.7322100
0.9214636
0.8903049
0.8244572
0.9577920
0.9391952
0.7437791
0.7409859
0.6270058
0.6417431
0.8774902
0.9849939
0.7047678
0.5049775
0.5726595
0.9013315
0.8586148
0.8322873
0.9417055
0.9261997
0.8551570
0.8080781
0.7092887
0.7327276
0.6079537
0.5883107
0.6835245
1.7323973
6.0938582
12.1902370
15.2400036
13.3111353
16.9362640
30.6532001
41.3356323
44.1361923
37.5621872
26.2003632
19.3756409
12.8010149
7.1217036
9.5511961
45.4560051
95.8832626
110.2948608
105.4561996
112.6561050
140.5927734
159.4124603
134.0792236
85.7786102
62.0478325
52.5477982
60.9073868
81.9398117
91.5026398
81.1718750
63.2573090
36.7656326
20.3089104
9.3029203
5.7824354
6.5627232
37.6062164
70.6470947
76.7373123
73.0199585
53.9861755
42.8729897
33.1054535
37.6537971
41.3334198
33.0371933
24.0580864
9.6276569
7.8497143
9.9118891
12.4182167
16.7098198
16.8795662
16.0072231
22.8161926
27.0064392
28.5842590
30.4561367
23.8440304
12.6529655
4.6041560
1.2679813
0.6079504
0.5811962
1.0770879
1.2950075
0.8117759
0.6563616
1.3458892
13.3570976
42.3057785
69.3719788
75.8810806
63.4482193
45.2649269
31.5662060
26.7180939
27.8409386
26.4722424
27.6111526
21.3728371
17.8012829
29.7584114
50.3109741
32.7295418
11.9463673
3.9620979
0.7181405
0.1375263
0.1893811
0.4028807
1.0401760
0.8575976
3.0466695
12.8324194
31.8096313
46.6543694
42.7191238
26.5259094
20.5327320
14.2843800
8.0204430
5.8872561
10.3434277
12.9546070
10.8227978
5.6523533
4.9836264
10.5201216
10.3190660
5.7992754
1.9574931
0.7561994
0.7017084
0.7613724
0.8647823
0.7829276
0.8687299
0.9826051
1.0401685
0.7307091
0.8590224
0.7159214
0.7552568
0.6925968
0.7351299
0.8069995
0.8488202
1.0011404
0.7846997
0.5361634
0.6378053
1.0132056
1.2446175
1.0238558
0.8973636
0.7238815
0.6748811
0.6645239
0.7684431
0.7826902
0.9340621
0.7040690
0.5427686
1.0172756
0.8812412
0.5743992
0.4998909
0.6800439
0.7964047
0.6662260
0.5637652
0.6300929
0.7253833
1.0133215
1.1340837
0.8881626
0.6447829
0.7831966
0.7184265
0.6789100
0.9501728
1.2134289
0.9064584
0.4551269
0.5936216
0.9365933
0.8681699
0.5271207
0.7800658
1.0203065
0.8917366
0.6937699
0.5952524
0.5921108
0.5010865
0.6040266
2.2781358
8.5843630
15.7349844
20.4703178
21.6396885
16.0397415
7.8782997
5.5975838
6.2089453
6.2674980
4.2598572
2.6992707
1.8416989
1.7478684
1.4138660
7.1931181
15.0300674
15.2088718
8.1574678
4.2738414
8.2460070
15.0801916
16.0005989
12.2575474
10.6656513
10.3471880
11.5263739
13.1158953
12.2681122
8.0993319
6.4104962
8.7552671
6.9438763
5.2547526
11.8487711
25.4303436
26.8189888
17.1448097
14.3081055
12.0201435
9.4119072
6.7782688
14.9724236
20.3647099
17.7186356
11.5353212
9.3919487
10.3605404
11.1813097
7.8576283
2.0399225
0.9242809
1.1768698
1.3189019
0.9814025
0.7195841
0.7544394
0.6816571
0.8383393
0.9371123
0.9884036
0.7705818
0.5818099
0.5759113
0.8445636
1.0477003
0.7369710
0.4690775
0.5662247
0.8502325
0.8632035
0.8644992
0.8834850
0.8152507
0.6874067
0.8019264
1.1975565
1.2912264
1.1105213
0.8613852
0.7522675
0.6122747
0.5600564
0.8498775
1.0496181
0.6842269
0.5697818
0.7414980
0.7602597
1.0429145
0.8368279
1.0002974
1.1686116
1.0718669
0.9312176
0.6554766
0.4769280
0.5621529
0.6941639
0.6655290
0.6708542
1.1540493
2.0205970
1.8366506
0.6850443
0.4720666
0.4927578
0.4943075
0.8556611
2.2313709
5.9178195
11.1096506
18.7303619
23.6554089
23.0288086
19.9979134
21.5835285
25.7024612
27.5466976
24.0683632
17.5800991
11.0882950
6.4928856
6.7986979
6.5875139
8.4499769
7.0728126
5.9480963
7.4049129
3.9481070
2.0216818
2.1493881
3.1692832
3.4869857
4.7070289
6.6729259
6.3009191
5.4422522
6.0096598
8.0419521
10.0685492
11.3634310
11.3723640
9.2462111
5.7885356
3.2313273
7.9207735
22.2660656
34.9035378
35.2053604
28.3591900
23.3191643
22.0846729
25.7029190
41.2481308
64.8796539
71.2295151
64.9298401
58.5410347
55.5829926
53.7539673
45.0029831
36.0109673
40.2872391
33.8023071
27.9876575
32.0144424
37.1075592
44.6217690
24.1723709
9.3522482
33.4958420
27.4891586
12.7835608
10.5235615
14.6046247
13.9816628
17.1685677
21.6218567
27.5328712
30.1575203
26.7674122
19.2492790
21.1611633
31.6359043
39.3196526
29.5263710
11.3001442
8.7796936
7.5987949
10.6116858
8.6920547
6.9186659
5.7094793
5.8391972
6.2086511
5.7842636
6.0409470
17.5641212
33.4413414
34.8573723
22.3762722
10.7165318
7.8744540
9.6218681
24.1012402
35.2391624
21.7010727
5.9933634
2.8051395
0.8029200
0.7061881
1.0948610
0.8872879
0.7728747
0.5762404
0.5290999
0.6199814
0.7001592
0.6243581
0.5619288
0.4481981
0.5676082
0.8693708
1.1026269
0.9657348
0.6957374
0.6733986
0.8371457
0.9312563
0.7957771
0.7484205
0.6807040
0.7640855
0.6739345
1.7977488
3.7005634
4.0012398
1.7932233
0.6437716
0.6164434
1.3394123
2.4228363
2.4481647
1.5325893
0.9860376
0.9222028
1.0618970
1.8467307
10.2811432
20.9620647
19.5514183
5.1271520
0.6270236
4.3675680
19.2182484
21.7730350
3.5749562
0.5425951
0.5635821
0.4826412
0.9934418
1.5210661
1.1024501
0.8049156
0.8785588
1.1529442
1.0156988
0.8115260
0.8553933
0.8368824
1.0220292
1.3048961
1.5641661
1.6422099
1.3931577
0.8803357
0.6504048
0.5793823
0.4241772
0.6131298
0.8240661
1.0557902
4.0817418
12.0527754
24.5932007
36.7870712
43.2185593
42.4716225
33.0987282
18.9388371
9.5922966
6.6236162
6.9767461
6.8133044
6.3200769
4.5177107
2.8105066
2.0121439
1.2278706
0.9727712
0.9116226
0.6198781
0.5129457
0.7170522
1.1439489
8.0080986
27.5516529
53.3412971
71.1021423
71.6279831
60.8367958
46.8074684
38.2767563
28.8530865
24.5215664
19.6518078
21.3033695
22.0548477
21.8034573
16.6796284
11.7331600
8.5145922
6.5514951
8.1213531
10.3987551
11.0234413
11.4302340
11.0980368
12.1421328
17.0646992
20.8514786
19.0825901
19.5757027
32.3381844
51.4086189
68.7366867
61.8215141
38.2244110
21.1667042
20.9273434
38.2280350
48.5740166
51.2485657
45.2909622
33.0115929
16.3762741
12.9522657
16.0651932
25.8979645
36.6668930
40.0895958
28.3783340
34.3094673
52.7421341
61.5113869
55.3668404
35.9999352
19.7024956
9.2726002
8.4535236
12.0064650
17.7351665
34.6940727
62.4288330
77.5098648
63.1669807
37.1157227
27.3066425
19.0984364
13.1181841
5.9142542
1.9844880
1.6451888
1.8432295
3.4750500
15.2448206
38.0465240
53.3293533
50.4644814
41.4983940
36.0267754
28.5222530
15.2481213
6.7108455
8.6773176
4.6941247
1.1933569
0.8075486
0.7402649
0.9204544
7.0791340
18.3543186
20.1667442
12.5646343
17.9603577
34.1332512
38.7360611
31.7292557
24.8005981
24.2299576
27.5062866
27.1454563
23.7920094
23.8322105
24.5443439
27.6187592
26.3059673
19.2106609
20.6639996
16.1484642
12.8087645
16.0258312
12.1415691
14.9140186
17.8428097
15.3982925
10.5120134
9.6467781
14.3974400
7.1651673
2.4394281
2.0190649
5.3067093
10.8908463
10.9554605
6.5101905
2.5703969
1.1236850
1.0258790
0.5464834
0.3526579
0.4922805
0.6462290
0.7235059
0.7360011
0.9481750
0.8873824
0.7669998
0.9055471
0.8983266
0.7319970
0.5445904
0.6977823
0.7591332
0.7487926
0.6780452
0.6949816
0.6814324
0.7336651
0.7855594
0.6509385
0.6732273
0.7184089
0.7432598
0.8138361
1.1499494
1.1722847
0.8258108
0.7815008
0.8942459
0.9404418
0.7580682
0.6522475
0.7416181
1.0496478
0.8704749
0.7196208
0.8619512
0.8819488
0.9725055
1.0922444
0.8054087
0.6479857
0.6877748
0.8589081
0.7832382
0.9708087
0.7566992
0.7729890
0.8504469
0.6927828
0.9492084
1.1016171
1.0131242
0.6811776
0.6185498
0.5785792
0.8630233
1.1187624
1.2089014
0.9293111
0.6852453
0.7053433
0.5913757
0.8003289
0.7996041
1.1327195
1.2727371
2.1125958
16.6108761
47.1757469
69.7016220
73.4443817
75.8719864
76.2868729
84.2565918
92.6322479
99.6197128
103.5693436
81.5554123
48.5647125
18.6157627
9.6965427
9.0488701
35.5849533
58.4246941
56.8989410
54.0282974
60.4855843
49.9435081
25.1677780
12.0211639
11.2366552
40.9345131
105.6586609
133.1227875
107.0481949
68.1290131
63.8781319
89.1416931
84.3800735
46.2951508
24.6415138
26.4817734
25.0500259
19.8207016
22.6879330
31.7372932
31.7132301
27.1737938
19.8398476
16.0104618
19.5652390
50.3086243
78.5354919
77.6473923
56.8946686
28.5807648
8.3563061
12.4730387
18.9476433
20.6661758
18.1848869
14.5038319
16.0187492
19.8580379
15.2063894
8.4953051
4.1374221
1.5230042
0.5757475
0.6296848
0.9036516
2.4555619
5.1371689
6.3882437
5.4463177
5.2640309
12.0873165
24.5235443
44.8484039
70.0408859
82.7586517
72.8072433
46.4006004
38.3605766
43.3616028
38.2381134
35.4724922
33.4455376
27.9697094
19.2732258
15.7176075
28.4846153
26.7054291
17.9394417
12.0812368
9.8034782
19.5378265
29.6470184
28.5764675
26.6278877
21.6642170
15.4383326
7.6339989
5.4805260
9.5881577
16.1423664
17.9078808
17.8521423
14.4870491
13.5341663
20.1113796
23.2951756
23.8007545
19.1960144
10.8236551
2.7392879
2.1936955
7.8469219
8.9341679
7.9686928
7.9582758
9.0746393
7.5781083
2.4027584
0.5293224
0.3187984
0.7579224
1.1198013
1.0642031
0.8778910
0.7773691
0.8518405
1.2374755
1.6323586
1.4321847
0.9948853
0.7822925
0.6814992
0.6961149
0.7855420
1.0100625
0.9865824
0.7857426
0.8029379
0.7366025
0.7894837
0.7477000
0.7088344
0.7713188
0.8187824
0.6418827
0.6664996
0.7338848
1.2084423
1.3588738
1.0533068
0.9181215
0.7593640
0.8898891
0.9466971
0.8333006
0.9205784
1.2131094
1.0009481
0.7373923
0.7602125
0.9531823
0.8678392
0.7335894
0.5065535
0.5656755
0.6732943
0.7441160
0.9988568
0.9141636
0.6888978
0.5820319
0.5931041
0.9198461
0.8569605
0.7992418
0.8423758
0.8393659
0.6869667
0.7755941
1.0171524
0.7584317
0.6998630
1.0587398
1.4619809
1.1376438
0.6841655
0.4785525
0.6258051
0.7769967
0.8566737
0.7964491
0.7867265
0.9660547
1.0669502
0.8077536
0.8104191
0.8398055
0.9327570
0.9923382
8.4141617
33.7263641
60.4975052
77.9095764
91.1401901
95.7793655
95.8498306
85.7843094
78.9251556
79.5110168
75.9438324
62.5689926
47.0122871
27.9155560
10.9189854
7.2824993
8.4226522
5.7157617
14.7769623
50.1561317
72.6073761
79.3998718
80.6437607
82.7409821
83.2234497
73.2009659
63.7582130
61.7938690
54.3196869
33.4655113
10.0170860
5.1775460
5.0927930
5.8230653
6.1480303
25.7844467
81.0957870
125.6534729
138.0049896
126.2616043
111.2731628
89.1498413
74.2727661
60.6540031
37.2946434
29.1799545
32.8090019
13.7286749
0.9497623
0.1887597
0.4035200
0.4306128
0.7127371
0.7691655
0.9262639
1.0438931
1.0942140
0.9080945
5.0049944
24.7495403
44.5712051
39.2618179
17.1499500
34.6279449
75.9679642
87.2601318
58.5718040
42.4069901
77.5603638
97.2572479
74.9803085
51.2344894
43.2191658
35.2609634
19.1655922
28.1427574
22.7488518
10.7249250
3.0058730
2.7759182
8.5268459
11.9652176
4.2339630
0.6254376
1.1187063
13.3493805
38.2795372
44.5227127
32.3372917
34.2202377
61.3359680
77.1180725
65.8368607
52.0802422
40.7963829
25.6788254
14.7165365
21.3653049
23.5533028
24.1863518
23.7097130
15.0579538
4.8806911
9.1719131
5.6691670
12.6885891
18.8147469
14.9839115
4.1760139
2.0011232
4.3840127
12.5928965
15.6142321
16.8173122
15.3781748
12.2787504
7.7072339
6.4175234
6.1381283
5.5739574
7.3262272
9.6286421
8.5844030
7.6226540
6.6149611
6.2597618
5.3996444
4.0070186
3.8016834
4.4160271
5.4763374
4.9189000
3.4967718
2.7800107
1.8904362
1.0584047
0.7415591
0.6842492
0.4301791
0.5974085
0.6222233
0.5700898
0.8487238
1.0698178
1.0962580
1.1423562
0.6578161
0.4794198
0.7282366
0.9046324
0.9939040
0.7533632
0.7493836
0.6814308
0.6079205
0.5954724
0.6690942
1.1424029
1.2429998
0.8423505
0.6834558
0.7337857
0.8343605
0.9080060
1.0801473
1.2537880
1.0152230
0.7110597
0.7949520
0.9177097
1.1477751
0.9495123
0.6679021
0.5742209
0.6718742
0.8753880
0.9763443
0.7799799
1.0000575
0.9495555
0.7056336
0.7571213
0.6238714
0.6476247
0.6880055
0.9481603
1.0338521
1.2661873
1.5836134
1.6763067
1.5012516
1.2047030
0.7989884
0.7059668
0.8681792
0.6219784
0.5915029
0.9885262
1.0924716
1.1441011
0.9764941
0.6607899
0.8163059
1.0369111
0.8962241
0.8071744
1.1284769
1.7844090
1.5027001
0.5995800
0.5378690
0.5558786
0.5697387
0.4405919
0.5895880
0.7022032
0.8238339
0.6698127
0.5933762
0.5991073
0.9388850
1.3149484
1.0447259
0.7494530
0.4828200
0.6745043
0.8263186
0.9604385
4.3491006
22.9905663
55.4190941
90.0615997
121.6142502
129.7842560
106.7630768
70.5679092
52.5468826
37.4634705
16.2043667
8.0900040
6.6944222
4.4411807
18.4030209
65.7211380
94.4595718
88.9370499
65.1211548
51.2986107
34.6650200
20.2741833
28.3131847
32.2259636
33.9415855
39.8704491
49.6391945
59.7900391
63.9967613
59.5507965
45.9825821
29.8704796
20.5978508
25.8329296
54.7784386
93.7738953
107.6935196
93.9983826
77.4202499
66.5128708
56.4931297
43.7765923
35.9954910
85.8736801
90.7917404
80.4028091
69.1739655
66.4421234
64.6620026
50.1663284
44.5958061
37.6491928
30.8536816
19.3218555
11.0138521
9.4831505
8.0739717
6.4116702
5.7724657
3.8987756
2.4739485
2.9075444
3.8529491
5.6067653
7.5139532
12.1975584
26.2930984
43.0734749
53.7363892
61.3486710
67.2839813
60.2089272
46.7881508
37.4567299
74.7786865
81.2019958
65.5037231
48.2522430
33.7319374
49.3154984
73.8710022
59.4547119
40.2000008
50.8137016
74.5578003
57.6434212
51.9064713
45.5060844
29.7046051
10.8464890
5.5750189
1.8964459
2.5640919
9.6455946
23.7777176
29.5766277
32.9045677
27.6388206
21.4237385
17.2253571
8.5910587
10.5976448
13.1599627
8.9557800
13.7021904
14.6000023
19.0648098
40.0963554
59.9602203
57.9632034
51.0871620
44.5102959
34.5742111
21.5625916
11.2412052
4.8279347
1.7730553
0.6283884
0.6020928
0.6380863
1.2463541
1.7716317
1.5562688
1.6644108
2.1637917
2.6496177
2.4498191
20.1839771
64.3032074
115.5547104
146.0352936
137.6321411
96.8427963
59.7884750
40.1795769
30.2023563
8.1661158
2.9057209
5.4820018
4.4352427
3.5029349
3.3519702
6.7877965
11.0607357
11.8334332
10.4957304
8.8754234
4.4387436
3.9839640
8.7475204
10.9710798
13.2188282
14.8486891
18.9547405
24.3651772
45.9977341
105.1420288
166.4725800
178.5997620
147.0070190
122.4056091
101.2458954
92.1149597
112.5172424
139.3112488
149.8332214
121.4320984
83.4269943
72.7956390
78.7466202
62.1423035
54.0397339
76.5795593
62.5642662
79.8113251
75.8876877
62.3296280
64.1250992
31.8328533
9.6913052
8.1182623
11.6542034
11.4087362
6.7739668
6.9598236
12.4287834
14.4093094
14.1369390
20.6374969
33.1472321
50.5385284
75.3465195
97.6771164
94.5599594
59.9159050
29.0447750
8.9604731
24.4000607
27.8212452
17.4278030
14.6747112
13.1996622
12.3638649
16.5505066
15.6405430
5.6822548
1.3957965
0.8751982
0.7523460
1.0575631
1.3605133
0.5663009
0.6754391
1.0329500
1.3859332
1.2377903
1.3521681
1.3923492
1.0541989
0.8964844
1.0891632
0.8109467
0.6342013
0.6970959
0.8036715
0.7010330
0.7220970
0.9038433
0.9760380
1.1201123
1.1456740
1.2009321
1.2303808
1.0123338
0.9089424
0.6919453
0.4881855
0.5281386
0.5143068
0.9558800
0.9025061
0.9805644
0.9137216
0.7426324
0.5609124
0.6364566
0.9391173
0.8030334
0.7538898
0.5410658
0.5945790
0.7528100
0.9121002
0.8673237
0.7527018
0.4411195
0.5459191
0.8199531
0.8958544
0.7944441
1.1512756
1.1311276
1.2077855
1.3711846
1.0678079
0.9643173
1.3413210
1.2132714
0.5989906
0.6349517
0.7448550
0.7619000
0.8420140
0.8526998
1.0484951
0.8089786
0.7947080
0.8933307
0.9464769
1.2775669
1.0983940
0.8084437
0.8352988
0.6261259
0.5424669
0.6879359
0.9251546
0.7136467
0.6968069
0.7071898
1.0682120
1.1304121
0.7879094
0.7697318
0.8106670
0.9684353
0.8743820
0.8530445
0.8264756
0.7526597
0.6833154
0.8887728
0.9718854
0.7834901
0.8070797
0.9889091
1.1641643
0.8514356
0.4168511
0.5344230
0.6390807
0.9513173
0.8795716
0.5023878
0.4801527
0.5313751
0.5752851
0.5956586
0.5601542
0.8277011
0.9724788
0.8490492
0.9091781
0.9633264
0.7189761
0.5556523
0.6319768
0.6019968
0.7119927
1.1118579
1.8653928
3.7517824
5.9261837
7.5077395
7.5473566
6.9362426
6.2654123
6.0539584
5.5514207
4.3692455
2.8685451
2.3959177
2.8220682
3.2044246
3.3943448
3.2769027
2.7032971
2.6726599
2.3486211
1.8770343
1.5880084
1.9875188
1.7857528
2.2117472
2.6229398
2.5728118
1.9313987
1.3131061
1.0210588
0.9975341
1.1835744
1.5771843
1.4067606
1.0833219
0.8414864
0.8410749
1.3601362
2.2081056
2.3230898
1.5057482
0.7974260
0.7253906
0.6878026
0.8663315
0.9924102
0.9176731
0.6727403
0.6744019
0.5343819
0.6239485
1.4868392
7.7984829
22.6677895
39.7880936
49.9781227
49.1952248
49.1223106
54.8908195
53.0847702
47.0319595
41.1099167
77.9725800
111.0119019
105.0800629
101.5535660
90.8963776
62.9083176
32.0226555
21.5515022
24.7901154
34.9779015
43.6509056
44.2944679
38.0530167
31.6971569
22.9611664
43.8976746
49.7411613
35.4161453
28.1093845
42.0642357
45.9521484
41.2333450
40.3805504
38.2511101
27.4777355
12.2390327
3.0138657
0.6930657
0.6767625
0.8579158
9.7132454
31.8408413
47.9655762
36.3211441
7.4910049
4.1863813
7.5515327
9.2444878
8.6625013
10.4960546
12.3164139
14.7582407
21.7484703
40.0786247
57.3071404
64.2973862
64.3868637
61.5488930
58.6932678
58.9506149
58.3689804
62.3760910
70.8172836
81.5695496
87.7975388
85.2444458
74.4905167
59.3103676
48.7019577
31.1322422
44.3784714
54.6485291
41.0295296
19.5565586
14.6169434
33.4527397
46.4632835
71.9686127
70.4450150
33.8643417
21.2978573
21.5364647
10.5563440
1.6015897
0.4582202
0.1327200
0.8218498
2.0842109
7.3488159
12.0871954
10.0982990
3.1296473
1.0263181
0.9777336
0.7920318
1.0247871
0.8770047
0.9407429
0.9004363
2.7546811
9.3618994
14.4480791
10.4650650
2.9411907
0.6402351
0.2759435
0.4959397
0.9318432
1.1317526
0.7913239
0.7302650
0.8789662
0.5865780
0.5422629
0.6670967
0.7913485
1.1503661
0.9972365
0.8020647
0.8238358
0.6576592
0.6849275
1.0848393
1.3183631
1.0022140
0.6167674
0.6477892
0.6194004
0.5695189
0.7601473
0.7972932
0.7570798
0.6681803
0.6282868
0.5960650
0.5796952
0.8752019
1.0013615
1.0575743
1.2967932
1.5682306
1.5513911
1.0885668
0.9607813
0.7656454
0.7050973
0.5699533
0.5591839
0.5590774
0.7986767
0.6521094
0.6385004
0.6572853
0.8298115
1.0321698
5.5596972
18.8749294
36.6501999
50.9880981
57.6045151
64.9452286
64.8244095
49.4561119
23.0482006
2.9461832
8.0658436
24.3140411
31.8776207
21.1680927
9.7661905
4.6629148
1.0198463
0.8949746
6.6204634
22.4204369
32.1151237
33.8690605
40.8798256
48.4999542
47.3220024
51.5733337
53.9673729
48.0605621
41.2739601
34.0807915
38.4407463
58.8582535
60.1763535
47.8573227
39.0819626
33.4918976
28.0697021
34.3912392
49.2471390
46.8121262
26.7801685
6.2006412
0.7780240
0.2893677
0.7318758
8.9981623
21.0313377
21.6129131
15.4839115
11.2164230
12.1436720
13.4791698
15.3797245
17.1524334
14.5105925
14.4428482
12.7866898
4.5049553
3.6873894
5.7503037
15.3608971
25.2171001
23.8712864
14.8339424
8.7622662
5.4810729
2.0030525
0.7070700
0.4660289
0.5454784
0.6694970
0.6066300
0.4806376
0.4978767
0.5818607
0.5742863
0.5549287
1.2042431
12.7961311
45.8209343
80.0184326
85.3332748
63.4707756
44.9328232
37.0807114
31.6938210
24.7694969
33.6404076
71.3617096
69.2938766
58.8590164
42.1291389
31.5508785
18.9021568
12.3150349
21.4292412
41.5074615
42.8166695
32.1099968
17.8787785
30.2554321
31.4088211
16.7834473
7.9274750
13.6516647
32.7907600
44.4877625
43.9822617
34.5432472
17.7690468
4.8596082
8.7821922
6.0183983
5.1173172
4.0716224
3.0039084
6.1696744
10.2964115
10.3750305
6.9177165
5.2873874
3.5413609
2.0639939
11.4678068
37.2649689
58.4926720
54.4309769
34.9588928
23.3544846
20.1358986
19.7873459
18.5340519
19.0409603
22.5519924
28.5608673
31.1329117
31.7637634
36.7676201
40.5767555
36.6179657
29.1133080
23.6230068
24.7562046
46.1976357
43.7916031
31.2352314
18.3695145
9.9095821
5.9890924
5.8197670
5.4615512
9.9275122
14.0889339
13.5054445
13.2373486
11.2713604
9.2808151
8.2421026
7.8402362
6.4023929
4.3675289
8.0366774
12.8403826
12.7396231
10.9877815
8.5911512
8.5161800
13.9093733
18.8307114
18.8532124
13.3897829
8.0529680
3.0999615
1.5697490
1.5022427
1.2794117
1.1079127
1.0475376
1.0260558
0.8411592
0.7129194
0.7905217
0.8332855
1.0527005
1.4273732
1.1738049
0.8383183
0.9058520
0.8414655
0.9501810
1.3153718
1.1387115
0.5753090
0.6115785
0.7777562
0.7442418
0.7543553
0.8313926
1.0875601
1.2434182
1.0734557
0.5197259
0.1875248
0.0098976
0.0003778
0.0000000
0.0000000
0.0000000
0.0000000
0.0000000
0.0000000
0.0000000
0.0000000
0.0000000
0.0000000
0.0000000
0.0000000
0.0000000
0.0000000
0.0000000
0.0000000
0.0000000
0.0000000
0.0000000
0.0000000
0.0000000
0.0000000
0.0000000
0.0000000
0.0000000
0.0000000
0.0000000
0.0000000
0.0000000
0.0000000
0.0000000
0.0000000
0.0000000
0.0000000
0.0000000
0.0000000
0.0000000
0.0000000
0.0000000
0.0000000
0.0000000
0.0000000
0.0000000
0.0000000
0.0000000
0.0000000
0.0000000
0.0000000
0.0000000
0.0000000
0.0000000
0.0000000
0.0000000
0.0000000
0.0000000
0.0000000
0.0000000
0.0000000
0.0000000
0.0000000
0.0000000
0.0000000
0.0000000
0.0000000
0.0000000
0.0000000
0.0000000
0.0000000
0.0000000
0.0000000
0.0000000
0.0000000
0.0000000
0.0000000
0.0000000
0.0000000
0.0000000
0.0000000
0.0000000
0.0000000
0.0000000
0.0000000
0.0000000
0.0000000
0.0000000
0.0000000
0.0000000
0.0000000
0.0000000
0.0000000
0.0000000
0.0000000
0.0000000
0.0000000
0.0000000
0.0000000
0.0000000
0.0000000
0.0000000
0.0000000
0.0000000
0.0000000
0.0000000
0.0000000
0.0000000
0.0000000
0.0000000
0.0000000
0.0000000
0.0000000
0.0000000
0.0000000
0.0000000
0.0000000
0.0000000
0.0000000
0.0000000
0.0000000
0.0000000
0.0000000
0.0000000
0.0000000
0.0000000
0.0000000
0.0000000
0.0000000
0.0000000
0.0000000
0.0000000
0.0000000
0.0000000
0.0000000
0.0000000
0.0000000
0.0000000
0.0000000
0.0000000
0.0000000
0.0000000
0.0000000
0.0000000
0.0000000
0.0000000
0.0000000
0.0000000
0.0000000
0.0000000
0.0000000
0.0000000
0.0000000
0.0000000
0.0000000
0.0000000
0.0000000
0.0000000
0.0000000
0.0000000
0.0000000
0.0000000
0.0000000
0.0000000
0.0000000
0.0000000
0.0000000
0.0000000
0.0000000
0.0000000
0.0000000
0.0000000
0.0000000
0.0000000
0.0000000
0.0000000
0.0000000
0.0000000
0.0000000
0.0000000
0.0000000
0.0000000
0.0000000
0.0000000
0.0000000
0.0000000
0.0000000
0.0000000
0.0000000
0.0000000
0.0000000
0.0000000
0.0000000
0.0000000
0.0000000
0.0000000
0.0000000
0.0000000
0.0000000
0.0000000
0.0000000
0.0000000
0.0000000
0.0000000
0.0000000
0.0000000
0.0000000
0.0000000
0.0000000
0.0000000
0.0000000
0.0000000
0.0000000
0.0000000
0.0000000
0.0000000
0.0000000
0.0000000
0.0000000
0.0000000
0.0000000
0.0000000
0.0000000
0.0000000
0.0000000
0.0000000
0.0000000
0.0000000
0.0000000
0.0000000
0.0000000
0.0000000
0.0000000
0.0000000
0.0000000
0.0000000
0.0000000
0.0000000
0.0000000
0.0000000
0.0000000
0.0000000
0.0000000
0.0000000
0.0000000
0.0000000
0.0000000
0.0000000
0.0000000
0.0000000
0.0000000
0.0000000
0.0000000
0.0000000
0.0000000
0.0000000
0.0000000
0.0000000
0.0000000
0.0000000
0.0000000
0.0000000
0.0000000
0.0000000
0.0000000
0.0000000
0.0000000
0.0000000
0.0000000
0.0000000
0.0000000
0.0000000
0.0000000
0.0000000
0.0000000
0.0000000
0.0000000
0.0000000
0.0000000
0.0000000
0.0000000
0.0000000
0.0000000
0.0000000
0.0000000
0.0000000
0.0000000
0.0000000
0.0000000
0.0000000
0.0000000
0.0000000
0.0000000
0.0000000
0.0000000
0.0000000
0.0000000
0.0000000
0.0000000
0.0000000
0.0000000
0.0000000
0.0000000
0.0000000
0.0000000
0.0000000
0.0000000
0.0000000
0.0000000
0.0000000
0.0000000
0.0000000
0.0000000
0.0000000
0.0000000
0.0000000
0.0000000
0.0000000
0.0000000
0.0000000
0.0000000
0.0000000
0.0000000
0.0000000
0.0000000
0.0000000
0.1285666
0.8672240
1.9326100
2.2919915
1.6930234
0.9410601
0.7186586
0.7496425
0.7173394
0.5870630
0.4490532
0.6892984
1.1287062
1.2385750
0.9744101
0.5743114
0.6291015
0.6018435
0.5964200
0.7428092
0.6972514
0.7944579
0.8111753
1.1614594
3.2403178
9.9365273
39.4838905
102.7919235
155.3250122
151.4770050
116.8844452
89.2478333
82.0988922
88.1223907
55.1752930
16.4713631
10.0381069
14.4384298
18.9105759
18.4225121
14.1245737
13.3965855
21.6031303
40.9877815
67.0668945
77.0285187
70.8618851
58.9345665
50.3850098
34.0199318
68.3632278
82.5361633
72.5618210
68.2561417
65.1782303
48.5493240
26.0702553
13.8705111
14.7809000
27.7316532
55.3461723
80.1291504
76.2335205
56.4971237
37.6216507
17.2194004
8.1428928
7.0862465
4.2481794
1.4446195
0.5471246
7.2945642
26.4217358
45.1127319
54.3795052
53.8091583
57.7406082
84.7184067
113.9356537
118.5429077
118.1568298
99.7838745
81.2632828
64.8367767
28.9764462
25.3470497
30.0114059
67.3735809
54.6526413
27.4411736
11.1597042
10.3863449
6.3653855
5.0940104
12.3120775
37.1395569
54.8448181
45.7581787
21.7767487
18.9683037
39.6709404
58.3192291
70.9347992
82.6943665
77.2520370
54.5947533
35.2242203
21.6586990
16.9250927
22.8513107
26.8394127
27.6810532
36.2338448
25.0057755
11.8207960
13.3940907
18.6308994
7.3183661
2.5754914
5.5368581
9.3612738
6.4795380
5.1080437
14.0877457
25.2253666
24.2862759
11.2641411
2.8440468
1.5882030
1.5270163
4.4307575
9.1109486
8.6206894
3.3536043
1.1055311
0.6114811
0.4868869
0.6617685
0.7026681
0.9988053
1.1156900
0.9376684
0.7803305
0.6951725
0.5367168
0.5412823
0.6007721
0.5020703
0.7285125
0.7892592
0.7100220
0.6066070
0.7356005
0.8243547
1.1041479
1.4328544
1.3095779
0.9722063
1.0793821
0.9738021
0.8846756
0.6425244
0.5662342
0.6322280
0.9445273
0.9234953
0.8562851
0.7948288
0.6696886
0.7517884
0.6943526
0.7704110
0.7569085
0.7725264
0.6355249
0.6035401
0.8537928
1.1781975
1.1195222
0.9160651
0.8032123
0.8626776
0.8225980
0.9361492
0.9345363
0.8695678
0.8302337
0.6861535
0.8874259
0.8913331
0.8354698
0.8521705
0.7676380
0.8704416
0.9465484
0.7794443
0.8532016
1.0652466
0.8615775
0.6070672
5.0406651
31.5375214
76.3365479
104.7238770
94.4762039
58.2292671
29.2322922
21.0933475
15.7117987
17.0246353
17.2384777
24.4385281
26.3643665
18.0823402
7.3649769
6.7557726
9.3688011
10.3211498
11.2021294
13.1708727
14.9605837
17.6899242
17.4436073
11.5831966
5.6509361
2.7620873
2.3041434
2.7469625
3.5591969
4.5757952
6.4613018
8.2652187
12.5347815
29.4816189
61.6070976
95.6910934
117.7289429
113.4996643
86.6236191
69.1930847
44.5421600
21.4091339
37.3771858
74.2080688
77.5435257
60.6125259
40.1747780
21.9376850
19.5974541
33.2637787
52.5009460
55.5595284
42.6287766
52.2661591
92.6361618
99.0744095
46.3202477
19.7170639
6.4073710
8.3434992
13.0910254
6.4826427
7.1366930
16.1441479
25.0882568
33.0075989
33.7169609
23.8797970
12.4178534
5.4378157
2.9675963
2.0073996
1.4701371
1.2935297
1.3668544
0.8764505
0.9987932
0.9620439
0.9145209
0.8574476
0.8602319
0.8439963
0.5892778
0.4100498
0.3894968
0.5875043
0.8165960
0.7330277
0.6350697
0.5429532
0.5350809
0.5923562
0.8250929
0.7647905
0.7295386
0.6996482
0.6961955
0.7697878
0.9116185
0.9432534
0.8793740
0.6944242
1.0490761
1.3544077
0.9064792
0.5074028
0.5134694
0.8460678
0.7264478
0.6702452
0.6261042
0.4857744
0.8243204
0.9012863
0.8845168
1.0014994
1.0116401
0.7860874
0.6726173
0.7511691
0.9113847
1.9041592
12.9231071
38.5745239
58.7982063
55.1505508
35.0872459
18.5182018
14.3662500
8.7883043
7.4468732
13.8609161
15.0925131
10.1171904
3.3062072
1.6049610
0.7693765
0.3514213
2.2943811
12.8674288
30.6284924
47.1512527
55.6339417
48.9121323
32.7336998
23.1495686
24.8738384
24.8217659
21.0658894
14.7606697
6.2130198
11.0115290
21.8054543
45.8425636
84.0495834
123.5161591
157.5778961
177.9956665
155.7699280
123.2270813
85.3492279
57.3904991
41.9880104
50.9179840
36.6879501
49.9975700
60.2874260
51.1779594
41.5563583
32.4641533
20.1389713
8.9733810
1.5257266
5.3977871
9.4483528
13.5564489
26.9130459
31.3850079
22.2146187
5.7701106
1.2128150
1.0215335
1.2487476
0.9360905
0.9394704
0.9774330
1.0957465
0.6692714
0.4959922
0.7237597
0.6685362
0.7305292
0.6553898
0.8181517
0.9455144
0.7583874
0.7236851
0.9152768
0.9599379
1.1493009
0.8002781
0.8128098
0.7645279
0.8865926
0.8915559
0.8363898
0.7343950
0.5832683
0.6693285
0.7539995
0.6574997
0.8193045
0.8922915
0.8143002
0.7510590
0.8349579
0.7215256
0.6982924
1.3254713
4.1198249
16.8204880
33.2422371
38.5608826
35.0336075
28.6872711
17.7549763
6.6643538
3.0461223
2.1613162
1.8504088
2.5297074
5.6737418
6.8645158
10.0890808
14.5195751
17.1468353
14.1944723
7.9579792
4.0578752
2.7827873
2.0399466
2.8024209
8.0235271
13.7484541
14.1605921
10.9828730
8.3977404
9.3477411
16.3999977
19.6813354
27.3308296
37.7394753
49.4259262
66.4118195
94.2108383
122.5513000
117.1370087
88.5035095
43.4280891
33.1065292
21.7682037
11.8383560
36.3712311
41.3989258
37.0785980
32.5782051
28.1942825
16.6351070
24.8748093
28.8588409
27.3028889
24.4549332
15.1578789
23.8712063
26.4570236
14.5557356
14.7552443
18.9304276
11.6016693
9.2928114
24.0928097
26.4643326
17.5164471
13.1920986
25.1415882
35.6032791
37.4072418
34.2818985
31.3107777
32.8497963
36.8363228
29.4582310
11.9654341
2.2989535
4.2256780
15.3438034
24.7858353
28.6941795
26.4130459
21.4792633
10.6466532
4.9904346
2.0594954
5.8936119
7.8802896
5.8806171
6.5027900
18.8468246
32.2627106
29.2014771
20.2388592
11.2176971
9.3743086
6.5008373
0.9736609
2.6343484
2.8937252
14.4571638
34.6547813
60.2770653
76.7183762
64.5682831
40.6752243
32.6175919
45.1261902
61.5643234
69.0003510
68.0279160
52.7590828
23.5704594
7.1084309
13.2296104
18.6222210
15.0391083
15.6275311
39.0340958
58.9242249
66.6408615
63.5323143
56.0967674
37.5926018
16.2588711
7.9214683
9.3660355
16.6801701
21.7558117
18.4321899
9.8378315
2.6010270
0.9947309
0.5214581
0.5566512
0.8355950
0.9433150
0.9969074
1.1939521
0.8077998
0.5703512
0.5895413
0.5187127
0.4161976
0.5716349
0.6984875
0.4702704
0.3420111
0.5040283
1.1401665
1.1808083
0.8560056
0.7238275
0.7758776
0.8278736
0.8414972
0.8812550
1.3995650
11.1488895
29.7209949
41.2695465
37.3764153
34.8289566
58.2764702
96.9812088
109.3287048
80.6707535
49.1994171
35.5712357
32.5149841
30.5837860
34.3209343
28.2667122
25.7195816
20.0128040
15.6822767
9.2636051
3.2102096
6.6221495
32.0099030
60.3801079
63.1392174
47.5820618
52.3936920
85.0328369
109.6870117
101.3193359
80.2275467
50.4097328
36.9645462
23.0463696
48.6776199
89.2129288
78.1175079
52.9260406
31.5861397
14.4325676
4.8090234
2.1082108
0.6849617
0.3383089
0.5539836
0.7822399
0.7149294
0.9525805
6.4996128
27.6417389
58.2209015
74.0208359
62.1769409
37.9015274
23.1785297
19.7508659
23.2801971
22.3930416
24.2664680
21.5052567
22.3039284
37.3874779
43.7093887
36.9667892
21.0985107
12.9573545
7.4700575
8.2516756
15.0569582
19.0873241
22.9425907
28.4169731
27.7749691
31.0543480
36.0674973
44.4137840
51.7312584
45.7469177
34.7542953
24.9408112
25.8273983
22.8619862
17.4419174
9.3262596
7.9184866
10.4290323
12.0494986
11.2587681
7.9020853
4.8071704
2.4910069
0.8705927
0.4163558
0.4419918
0.5001954
0.5499462
1.1441591
1.0561457
0.7111363
0.7123183
0.6836838
0.8204286
1.0203922
1.0744610
1.2276189
0.9552734
0.6918726
0.5549326
0.7067925
0.7226117
0.6277227
0.6610107
0.9140773
1.2596875
1.9682350
2.3309031
1.5785218
0.7892604
0.5347984
0.8624748
1.8027045
2.3194706
1.8499609
1.5212249
1.2876120
1.1376479
1.5452352
1.7801623
1.4365602
1.3220714
1.3771801
1.8576515
1.8500376
1.8040769
1.7163203
1.6650612
1.6149637
1.5841467
1.2968596
0.9753326
1.0480043
1.0397224
1.2020297
1.3005910
1.2790054
1.2982601
1.1369660
0.8609119
0.8658647
1.0794473
0.7547235
0.6056710
0.6385168
0.6432970
0.7749774
0.7786846
0.7158892
0.6350578
0.6891100
1.0577656
1.1523581
0.9250915
0.4721186
0.6132931
0.8695488
0.7387339
0.6423445
0.6346893
0.6248872
0.6337774
0.8005966
0.7274755
0.7378673
0.7824457
0.7900353
0.8320997
0.9003165
1.1940373
1.2605214
1.3143219
1.5225087
3.3196046
6.1567497
10.5199690
22.4661655
37.5930519
44.0484085
42.8197250
39.6882820
35.8934631
28.3148060
26.5039062
23.3552780
18.6487751
17.2782593
12.9168053
14.4364319
26.7582226
43.2534752
39.9416733
17.5205116
6.5588760
3.3273888
1.7946627
1.3481967
1.5239958
1.3249549
0.9686925
1.0135473
0.7692271
0.8029276
4.9241486
23.7326469
52.8610458
69.6467438
58.8249931
34.0420227
22.2175407
22.5808544
35.9219933
45.1879654
52.5026436
56.9060326
52.7191658
38.2730980
25.4785423
27.5745106
35.0576286
36.8323364
33.8262558
33.2884216
30.9002590
21.4396591
18.0042000
32.0982857
47.5166473
49.2472382
36.0616264
19.0228138
7.9528675
3.6686511
3.5416946
3.4656260
2.8111005
1.5383744
1.1033021
0.9252723
1.0892878
1.0201480
1.4175158
1.4109157
1.0695415
0.8123854
0.7858968
0.6500802
0.9212456
0.8694849
0.7851102
0.7067634
0.7853585
0.8852795
0.7637961
0.8742136
0.7090108
0.7373284
0.9079897
0.9375737
0.8919770
0.9471873
1.1501768
1.5137088
1.1405200
0.7171173
0.6732723
0.6503690
0.9037194
0.5837790
0.4743493
0.7175955
0.6969187
0.6603174
0.7947631
0.8012744
0.7008517
0.7332072
0.8368685
0.7601481
0.6956850
0.6761529
0.6288733
0.6921437
1.0744504
1.2827616
1.1613402
1.1942998
1.7963629
1.7614018
0.8478545
0.4415533
0.6723747
0.8489402
1.1783348
1.0106038
0.9681421
1.0655738
1.2357180
1.2044871
1.0631136
1.0329477
1.0840672
1.0729192
0.6734616
0.5768459
0.7432622
0.8277671
1.2078665
1.6448042
3.0328228
4.6659465
8.4339762
21.9762039
38.3327446
43.3137512
36.3265228
33.6251488
40.6490479
55.5391998
75.2360687
86.9731979
103.6696472
112.4978638
102.3708725
97.9139252
127.1742020
174.5474091
187.4260406
144.5890808
98.3283386
93.0731277
98.5580292
91.7508469
77.2331085
95.1415787
86.4475021
38.8866425
15.2876825
9.1726646
9.8289738
7.2630792
3.1875200
0.9210839
8.6019287
29.4468880
61.1583824
91.6647644
101.7446289
88.8620605
64.1454239
57.5893974
69.4679565
64.3360062
38.1740837
13.4725132
11.0217619
13.6779108
35.9280701
88.9825974
115.7613525
91.3103714
51.7461166
61.5785408
98.5587540
94.1308670
60.2822189
31.7954369
13.8547153
13.2763729
20.4012985
21.3511715
12.0392466
4.6252456
1.3851990
3.2685070
31.3823185
82.4956360
101.9962311
73.7574463
32.5889168
20.9586296
10.7500324
8.9841175
11.5361910
12.6033392
11.8409729
10.4184151
12.9069786
18.5775528
35.4825211
54.4274864
57.5238724
50.8990288
49.6267853
51.5094376
46.8489532
44.1316757
40.8896217
47.0390549
56.9296112
60.4195137
44.2975693
29.6535110
36.8380966
51.1346664
61.7632980
56.3070221
47.5025444
41.8612442
30.6181126
18.0764866
17.9506645
27.0771217
35.8401871
27.6270218
18.8021030
13.8900747
12.7158298
19.1999378
34.5067863
49.5817413
45.3807831
31.4958153
21.8469086
18.7504311
13.8209829
10.8197193
7.8421354
8.1732006
6.9643769
5.0412807
4.3811221
4.5265174
4.3664970
3.5059087
4.1441131
5.0160046
3.6546710
1.7271408
1.2306005
1.0597128
0.9155825
0.8765014
1.1084955
1.4452147
1.6058192
1.5467008
0.8442780
0.6406767
0.6454147
0.8667517
0.8868389
0.7797906
0.8081487
0.8681248
0.7365708
0.6731645
0.8075583
0.7671582
1.1096560
1.0077667
0.7840778
0.7960424
0.8963177
0.9425680
1.0137614
0.9012768
0.8328989
0.8645282
1.0177473
0.8149121
0.5398634
0.5608445
0.9111676
1.1648591
1.0796523
0.7032368
1.2830831
4.0722642
7.7901497
8.9044781
5.3137960
1.3183296
0.1425547
0.1032111
0.2966986
0.8193305
1.2874080
1.4327452
1.5498505
1.6029664
1.0189131
0.6631944
0.7489131
0.9429656
1.0514456
1.0835534
1.1590245
1.3202956
0.9913126
0.8157301
0.9917646
1.3490860
1.0400302
0.6239427
0.5181154
0.6759523
0.9100261
0.9683528
0.9685616
0.8185199
0.8874312
1.2681667
1.1914456
0.7774423
0.7809420
0.9291558
0.7673780
0.7135935
0.5776234
0.5369257
0.6618212
0.8689539
0.9976858
1.1805594
1.2644724
1.0892572
0.6864021
0.4882559
0.4853576
0.5166347
0.7454152
0.9256748
1.1954193
2.9300528
14.1475916
31.6385098
38.9864349
33.6552849
25.8426437
22.1240082
13.8529911
6.8189607
12.7664595
15.6341953
26.9503670
66.2912521
96.8261795
90.7492752
80.8304596
72.0710907
82.5328674
89.9099960
72.5973053
45.5139847
27.8868103
32.2636948
40.6265564
24.3689842
6.9407835
2.4404516
13.8894672
34.0867729
45.7719154
41.2642822
30.6804943
19.5473785
18.1458092
24.1404133
26.7067738
18.7001286
12.2435303
20.1145248
25.4120655
18.0698128
13.3317261
7.9677353
4.5649137
2.6690764
3.1000669
2.5585170
2.2972040
15.9580364
41.8209953
53.1483765
38.5253410
24.5511398
20.7786026
19.9010830
27.4008255
34.6795044
29.6806526
23.4374313
19.4097385
20.0956364
17.6136112
13.9902382
15.3933992
14.5301094
18.2831421
17.1335831
14.9528427
12.6145039
31.6239662
63.7578201
82.2186966
77.6949005
57.5788727
20.7826328
5.7316456
6.6616902
6.5010433
3.3854809
1.3673750
6.0481119
30.9035034
63.6820908
79.4399414
67.7612000
43.4274940
24.4587021
10.2307835
14.1388350
43.8898430
76.1894150
78.6312027
63.1283760
50.3685303
40.7927971
32.7489662
35.0727539
51.7788277
53.6960030
53.6138840
49.2793579
42.6435661
40.4468803
31.1968670
21.0007515
12.7059507
8.6019087
14.0785246
30.1967926
43.8669662
37.1311226
20.4678574
9.4325390
11.8619213
10.9871845
9.9371223
11.0417585
14.6870556
19.9802589
24.8161316
27.7126293
31.0563641
39.4474602
43.3907318
41.6590767
35.4378891
32.2765007
31.1590767
31.3093071
26.6449051
23.1897793
21.0419579
16.1882915
15.5778837
27.2398643
31.8441277
25.0050678
17.4998951
9.7014542
10.0777493
12.1248512
10.9787226
10.5503635
5.3000083
1.6840141
0.9235338
1.0937066
0.9727684
0.7127678
0.6309698
0.7624347
1.0893034
0.9416679
0.7870327
0.7318612
0.8184096
1.1978550
1.2663597
0.9481732
0.5924650
0.6826247
0.9077524
1.2409661
0.8971873
0.7714681
0.7581508
0.8256033
1.1344833
0.9800828
0.5522594
0.5987402
0.5399926
0.6784398
0.7274386
0.7103952
0.8866200
0.9013200
0.7988866
0.5097793
0.6926270
1.1923270
1.6150633
1.4246563
0.8777276
0.7670777
0.8592021
0.9925265
1.0946274
6.1273446
16.4511681
23.7823582
23.3094501
19.1348495
17.1491013
20.7954426
23.3623486
22.6639538
18.9356976
12.8747559
9.8501329
15.0200348
20.3388805
19.7216625
14.0973949
10.6917992
9.1212616
5.2618370
3.6126666
2.5289447
12.1188755
19.9232655
17.2418919
13.0057831
7.9076977
5.6877384
4.9337721
4.7089453
10.3455124
14.0161648
15.2210197
16.4984035
15.7807188
12.6001806
11.0154257
10.4313726
9.0722923
8.8531227
9.1847420
7.9534483
6.2012105
4.5455709
10.3266296
25.3600712
33.9490242
29.1430836
19.3927994
13.8640032
9.6851578
8.4720058
9.9424763
19.8427029
37.4657402
49.9186783
51.7753487
46.6931496
42.7090874
38.5936623
35.9742203
39.0098991
45.1806412
47.0090675
42.0785751
37.1815033
31.3979111
24.7802238
24.0019875
32.0611305
42.0447998
42.8227272
34.5518227
25.6472263
17.7536774
10.8754501
5.2231030
7.2119102
9.1605148
16.9407520
15.9796495
11.4532919
7.5802913
5.0226736
6.5243702
7.7454042
8.1070728
6.9787707
5.2816176
9.3442221
11.1194544
9.2409792
6.4413610
7.2064924
7.9420314
10.7181787
13.7136841
16.7850723
13.8410120
8.6079235
3.6178071
2.7557878
3.2937546
4.6610303
5.8322411
4.6705556
2.9742794
5.0391855
9.0548096
10.8636799
9.9649677
9.2908268
9.4595137
11.1848898
13.5489225
15.9639339
16.6819534
15.8792830
15.5740604
14.1237974
13.1319914
14.6963902
14.1799889
7.7208328
1.5836276
0.7691692
1.7337145
8.1923790
18.0909882
20.4612713
20.1600819
21.8301735
22.1302261
18.8031673
15.4273119
12.6457939
7.9108057
10.2860222
12.0144424
8.4271622
5.1049509
1.4328736
1.0303143
4.8956919
27.0035095
56.6637306
66.6433563
56.8352585
39.4386292
28.1248550
12.2960367
4.2758398
0.7684408
0.8675674
0.3401271
0.5797424
0.8270465
0.9719335
2.2965388
9.9132786
19.3035812
25.0721493
28.0056725
28.8535957
29.4842358
29.0041313
26.5523205
25.7812958
24.7371559
19.2819424
8.4975262
2.9448316
2.6025426
3.6509802
5.5508208
10.7491865
18.5560398
17.6112232
16.5567856
17.1592007
17.1837902
13.6889362
6.0569968
1.9821099
2.9945948
4.0518260
2.8702941
9.2262049
13.3689756
12.3221655
10.0319595
8.1166983
7.7780123
6.9046240
5.3480015
3.9525061
2.8544724
2.4859579
5.3204198
9.8519039
11.6050262
10.9890785
15.3059025
15.5019541
12.6953526
9.8431253
5.4937081
5.7327142
16.3054943
15.0143414
10.7872677
5.2424750
0.5677943
0.9487122
1.6484542
0.8903984
0.7317767
0.7939105
0.7141574
0.8025885
0.9141594
1.0246798
1.1519099
1.0398890
1.0085429
1.0273418
1.2058991
1.1831790
0.9697976
0.8966768
0.6782610
0.8043511
0.9387593
2.0953460
3.9469652
3.8589876
1.6982973
0.5599028
0.4589200
0.5279939
0.6937379
0.5998343
1.0434028
1.5832127
1.4568975
1.2465811
1.4449031
1.2703582
0.8213724
0.9546860
0.8076214
0.4325916
0.1768592
0.0403300
0.0009279
0.0000000
0.0000000
0.0000000
0.0000000
0.0000000
0.0000000
0.0000000
0.0000000
0.0000000
0.0000000
0.0000000
0.0000000
0.0000000
0.0000000
0.0000000
0.0000000
0.0000000
0.0000000
0.0000000
0.0000000
0.0000000
0.0000000
0.0000000
0.0000000
0.0000000
0.0000000
0.0000000
0.0000000
0.0000000
0.0000000
0.0000000
0.0000000
0.0000000
0.0000000
0.0000000
0.0000000
0.0000000
0.0000000
0.0000000
0.0000000
0.0000000
0.0000000
0.0000000
0.0000000
0.0000000
0.0000000
0.0000000
0.0000000
0.0000000
0.0000000
0.0000000
0.0000000
0.0000000
0.0000000
0.0000000
0.0000000
0.0000000
0.0000000
0.0000000
0.0000000
0.0000000
0.0000000
0.0000000
0.0000000
0.0000000
0.0000000
0.0000000
0.0000000
0.0000000
0.0000000
0.0000000
0.0000000
0.0000000
0.0000000
0.0000000
0.0000000
0.0000000
0.0000000
0.0000000
0.0000000
0.0000000
0.0000000
0.0000000
0.0000000
0.0000000
0.0000000
0.0000000
0.0000000
0.0000000
0.0000000
0.0000000
0.0000000
0.0000000
0.0000000
0.0000000
0.0000000
0.0000000
0.0000000
0.0000000
0.0000000
0.0000000
0.0000000
0.0000000
0.0000000
0.0000000
0.0000000
0.0000000
0.0000000
0.0000000
0.0000000
0.0000000
0.0000000
0.0000000
0.0000000
0.0000000
0.0000000
0.0000000
0.0000000
0.0000000
0.0000000
0.0000000
0.0000000
0.0000000
0.0000000
0.0000000
0.0000000
0.0000000
0.0000000
0.0000000
0.0000000
0.0000000
0.0000000
0.0000000
0.0000000
0.0000000
0.0000000
0.0000000
0.0000000
0.0000000
0.0000000
0.0000000
0.0000000
0.0000000
0.0000000
0.0000000
0.0000000
0.0000000
0.0000000
0.0000000
0.0000000
0.0000000
0.0000000
0.0000000
0.0000000
0.0000000
0.0000000
0.0000000
0.0000000
0.0000000
0.0000000
0.0000000
0.0000000
0.0000000
0.0000000
0.0000000
0.0000000
0.0000000
0.0000000
0.0000000
0.0000000
0.0000000
0.0000000
0.0000000
0.0000000
0.0000000
0.0000000
0.0000000
0.0000000
0.0000000
0.0000000
0.0000000
0.0000000
0.0000000
0.0000000
