0.0000000
0.0000000
0.0000000
0.0000000
0.0000000
0.0000000
0.0000000
0.0000000
0.0000000
0.0000000
0.0000000
0.0000000
0.0000000
0.0000000
0.0000000
0.0000000
0.0000000
0.0000000
0.0000000
0.0000000
0.0000000
0.0000000
0.0000000
0.0000000
0.0000000
0.0000000
0.0000000
0.0000000
0.0000000
0.0000000
0.0000000
0.0000000
0.0000000
0.0000000
0.0000000
0.0000000
0.0000000
0.0000000
0.0000000
0.0000000
0.0000000
0.0000000
0.0000000
0.0000000
0.0000000
0.0000000
0.0000000
0.0000000
0.0000000
0.0000000
0.0000000
0.0000000
0.0000000
0.0000000
0.0000000
0.0000000
0.0000000
0.0000000
0.0000000
0.0000000
0.0000000
0.0000000
0.0000000
0.0000000
0.0000000
0.0000000
0.0000000
0.0000000
0.0000000
0.0000000
0.0000000
0.0000000
0.0000000
0.0000000
0.0000000
0.0000000
0.0000000
0.0000000
0.0000000
0.0000000
0.0000000
0.0000000
0.0000000
0.0000000
0.0000000
0.0000000
0.0000000
0.0000000
0.0000000
0.0000000
0.0000000
0.0000000
0.0000000
0.0000000
0.0000000
0.0000000
0.0000000
0.0000000
0.0000000
0.0000000
0.0000000
0.0000000
0.0000000
0.0000000
0.0000000
0.0000000
0.0000000
0.0000000
0.0000000
0.0000000
0.0000000
0.0000000
0.0000000
0.0000000
0.0000000
0.0000000
0.0000000
0.0000000
0.0000000
0.0000000
0.0000000
0.0000000
0.0000000
0.0000000
0.0000000
0.0000000
0.0000000
0.0000000
0.0000000
0.0000000
0.0000000
0.0000000
0.0000000
0.0000000
0.0000000
0.0000000
0.0000000
0.0000000
0.0000000
0.0000000
0.0000000
0.0000000
0.0000000
0.0000000
0.0000000
0.0000000
0.0000000
0.0000000
0.0000000
0.0000000
0.0000000
0.0000000
0.0000000
0.0000000
0.0000000
0.0000000
0.0000000
0.0000000
0.0000000
0.0000000
0.0000000
0.0000000
0.0000000
0.0000000
0.0000000
0.0000000
0.0000000
0.0000000
0.0000000
0.0000000
0.0000000
0.0000000
0.0000000
0.0000000
0.0000000
0.0000000
0.0000000
0.0000000
0.0000000
0.0000000
0.0000000
0.0000000
0.0000000
0.0000000
0.0000000
0.0000000
0.0000000
0.0000000
0.0000000
0.0000000
0.0000000
0.0000000
0.0000000
0.0000000
0.0000000
0.0000000
0.0000000
0.0000000
0.0000000
0.0000000
0.0000000
0.0000000
0.0000000
0.0000000
0.0000000
0.0000000
0.0000000
0.0000000
0.0000000
0.0000000
0.0000000
0.0000000
0.0000000
0.0000000
0.0000000
0.0000000
0.0000000
0.0000000
0.0000000
0.0000000
0.0000000
0.0000000
0.0000000
0.0000000
0.0000000
0.0000000
0.0000000
0.0000000
0.0000000
0.0000000
0.0000000
0.0000000
0.0000000
0.0000000
0.0000000
0.0000000
0.0000000
0.0000000
0.0000000
0.0000000
0.0000000
0.0000000
0.0000000
0.0000000
0.0000000
0.0000000
0.0000000
0.0000000
0.0000000
0.0000000
0.0000000
0.0000000
0.0000000
0.0000000
0.0000000
0.0000000
0.0000000
0.0000000
0.0000000
0.0000000
0.0000000
0.0000000
0.0000000
0.0000000
0.0000000
0.0000000
0.0000000
0.0000000
0.0000000
0.0000000
0.0000000
0.0000000
0.0000000
0.0000000
0.0000000
0.0000000
0.0000000
0.0000000
0.0000000
0.0000000
0.0000000
0.0000000
0.0000000
0.0000000
0.0000000
0.0000000
0.0000000
0.0000000
0.0000000
0.0000000
0.0000000
0.0000000
0.0000000
0.0000000
0.0000000
0.0000000
0.0000000
0.0000000
0.0000000
0.0000000
0.0000000
0.0000000
0.0000000
0.0000000
0.0000000
0.0000000
0.0000000
0.0000000
0.0000000
0.0000000
0.0000000
0.0000000
0.0000000
0.0000000
0.0000000
0.0000000
0.0000000
0.0000000
0.0000000
0.0000000
0.0000000
0.0000000
0.0000000
0.0000000
0.0000000
0.0000000
0.0000000
0.0000000
0.0000000
0.0000000
0.0000000
0.0000000
0.0000000
0.0000000
0.0000000
0.0000000
0.0000000
0.0000000
0.0000000
0.0000000
0.0000000
0.0000000
0.0000000
0.0000000
0.0000000
0.0000000
0.0000000
0.0000000
0.0000000
0.0000000
0.0000000
0.0000000
0.0000000
0.0000000
0.0000000
0.0000000
0.0000000
0.0000000
0.0000000
0.0000000
0.0054636
0.3826655
1.2169089
1.6585126
1.2173703
0.4594873
0.3164309
0.3189188
0.4297586
0.3749203
5.6332526
19.7276707
30.2048740
28.2909508
26.2064419
33.6203270
34.2127609
23.5844803
11.8134069
5.6702104
1.8028800
0.5588529
0.4798690
0.3711212
0.1410101
0.1708938
0.9870728
2.6995993
2.1792598
0.8155671
0.4589006
0.5660535
0.8517318
1.0034876
0.9652927
0.8452213
0.6521367
0.5433014
0.6027848
0.6540537
0.6339718
0.6701391
0.6922778
0.6257174
0.4165534
0.3580097
0.4193794
0.9052169
1.8290749
2.6044691
11.0738115
35.1409416
64.2950058
75.1500397
57.0294647
31.5506668
32.8525734
70.6963730
129.0361786
148.1969147
124.2534027
80.4674225
32.7928543
14.4862881
8.3195324
20.9929142
36.1655159
32.3383560
16.9489632
20.6558800
28.8353729
37.7069855
46.0379486
50.6571465
45.5307693
36.9321175
28.6391277
20.5646248
15.8982840
8.2032347
4.0440321
9.2733335
11.0619764
28.5971699
60.3366356
88.2755966
80.9243240
43.0748940
15.7433329
12.9348068
27.5418816
61.2663536
91.3042221
102.3839340
105.7828445
111.2854156
114.3079834
96.3911667
54.8496742
21.6798382
6.5263777
5.3578825
1.2732052
0.3957132
0.2614793
1.0388776
7.4979539
23.2038689
47.7673836
72.5078964
81.2500076
69.9493790
51.1232758
34.2954636
17.5949974
8.4766235
6.8258610
17.3183289
36.7555771
39.5707359
24.2463913
10.6315136
9.5001469
28.8496952
60.0640945
70.3788528
45.4173660
19.1733284
5.3163762
6.2023301
12.1846418
11.2443972
11.8436079
15.7546940
16.0955658
10.4390135
4.2358241
4.7785034
12.8827953
22.5395107
28.3053360
38.4730301
54.0617294
60.1572762
56.4842644
43.7151489
33.3046455
34.6383438
34.4981117
34.2970428
30.3462887
31.3791771
30.8416100
26.2434597
33.6409683
63.2494545
89.1992645
78.4625854
57.1867638
48.7597733
53.8753014
57.7058220
48.8073692
56.9074593
84.1735611
97.6922760
89.4414825
92.7116394
116.1395950
132.3774109
104.8123932
69.8082657
50.1512260
36.6831131
25.9681664
21.3670235
14.2704353
10.1336193
7.0900049
4.0723820
1.9520361
1.4920377
1.3204827
0.7231565
0.2476348
0.1825595
0.3103708
0.9959766
2.6368649
3.4519386
2.9585502
2.2268400
1.8511302
1.6218704
1.3801268
1.4043478
1.3792614
1.3449500
1.1070487
1.0790408
0.9551042
0.9954188
0.8466032
0.8496487
0.6407923
0.5378932
0.5251122
0.3873097
0.2513120
0.2643517
0.2372978
0.1991487
0.3139499
0.3976172
0.3513522
0.3178270
0.4128829
0.5966183
0.6583639
0.4244594
0.2538760
0.2662077
1.5780069
10.5877609
26.7495842
42.4189072
56.8644180
68.2995148
71.7657700
62.2929306
47.7167015
35.8727036
34.2640953
36.6618347
32.4025421
20.5809631
22.0333672
45.4389915
42.6715851
35.4489212
34.5308609
39.5335007
44.0942879
43.1113625
42.8785210
42.6123772
37.7729797
32.1609192
27.0460701
39.8588066
55.5618973
50.9095306
54.3616867
55.4350052
52.6266556
47.4240532
55.4981728
77.7026062
85.1224213
72.0424576
64.5137634
73.1869278
78.8992233
75.9887161
84.5453644
92.9279251
110.3770905
116.8305435
108.5634460
98.4343948
90.5283051
84.2814331
78.4915085
63.6643333
45.0293045
33.5256271
47.8674622
59.0298195
57.2625160
46.4336281
36.1359978
30.4531670
25.8072987
18.5318756
7.5814271
0.5873153
4.9790077
4.2253876
3.1667747
1.5232947
0.4218144
0.3259014
0.1677975
0.2538693
0.4591764
0.3596992
0.2303036
0.2144504
0.3071416
0.5319469
0.5456737
0.4886631
0.4668335
0.4663769
0.4864226
0.5823418
0.6657210
0.5925664
0.4855262
0.3818627
0.3281007
0.1986454
0.2923771
0.3573658
0.3507223
0.3284954
0.5411955
0.6212108
0.6336778
0.5320309
0.3058388
0.3076674
0.2479203
0.2372520
0.2492471
0.3212638
0.3526692
0.3101754
0.3783110
0.5075799
0.6354614
2.7298102
12.6435642
31.6409168
51.7821045
68.1192322
80.8582611
71.2565231
37.2145996
4.0960245
0.9799085
3.1973557
11.8714447
21.1229038
15.7335281
12.7255116
24.0551281
55.7217636
88.2514496
105.2304077
100.4594879
76.8963776
35.3024521
21.4849625
11.7784262
10.1757822
7.3863301
11.7930393
24.2632618
50.6264725
59.8248825
49.7796059
27.1375351
14.8994322
7.8430185
16.9950619
36.7466049
39.7318993
22.2510700
10.4256477
13.0064316
30.0069656
46.9363327
54.9828148
57.5909309
57.6021957
51.9177437
40.3701630
27.1524963
14.2228298
7.4268112
4.7264948
6.4972630
12.5695438
13.2317028
12.4768867
13.8647184
13.0603886
9.7429152
5.6335206
2.8145387
0.8099412
0.1743683
0.2154046
0.1761147
0.3517670
0.7224202
0.8596243
0.6451961
0.3828980
0.3726670
0.3359945
0.2521520
0.2340492
0.4244951
0.5174816
0.4898425
0.3744290
0.4991443
0.5621997
0.4511030
0.2665110
0.2656036
0.3230511
0.5513127
0.6747933
0.5212423
0.3296428
0.2743341
0.3083789
0.4674127
0.5167028
0.4716524
0.3885887
0.3078355
0.3449543
0.5355800
0.5023448
0.4919604
0.4613054
0.4691682
0.6696078
0.6642784
0.6233287
0.6374868
0.4980826
0.6031859
4.8986702
23.0684052
54.1878090
85.1060486
106.8279037
112.0619736
104.7547302
89.1593933
86.0642166
87.8625107
56.9567719
40.7282104
38.4033165
44.0299644
73.2781448
136.9654846
185.8478241
164.4203796
139.3360596
134.5847473
135.6956024
134.1360168
102.8714905
69.4042435
53.4757538
23.6245766
4.3234520
8.1963606
13.0045910
9.2497749
2.3374667
1.1842963
0.2088446
0.0907115
0.4701749
2.2030821
3.0295415
2.5406756
2.1381814
1.9739848
1.7505997
1.4332694
1.2234974
1.1802483
1.2015444
1.1158997
1.0354058
1.0244973
0.9666229
0.9049520
0.8719484
0.8761230
1.0221057
1.4359035
2.3846443
2.8443494
1.6223086
0.4489939
0.2838771
2.6325059
38.3007889
127.4654312
230.1247406
262.9798889
170.8132782
53.5928192
27.0890045
18.4383144
10.6667843
4.7327857
5.0029655
6.8572102
3.7394395
0.7823805
0.3080307
0.3002623
0.1683283
0.5914642
2.0213623
4.6231465
6.4595766
5.2213826
4.7684994
13.4219303
46.6780090
94.2910767
112.9179230
100.8465271
105.6179504
106.9414902
87.6858368
143.3384705
322.3478394
489.3887329
409.5821838
176.4974976
22.3837471
46.3857307
63.3876419
55.4908524
34.2087021
19.8583565
11.8143997
42.1495056
108.8201218
142.5250702
125.3668518
85.4194412
56.2237930
53.2164421
43.4081650
15.5341949
0.9670169
1.5824827
11.8221092
21.9326630
15.5853910
2.0673149
0.3802031
0.2391727
1.8629774
7.0625148
6.9032512
5.0040436
4.0965052
3.6960926
3.1544442
2.6432142
2.3507357
1.7425251
0.9950293
1.1009018
6.0006399
34.6616707
105.7051544
186.2602692
203.7925873
122.9527054
25.1529274
26.1708603
79.5507660
199.0565033
231.5896454
133.7207794
50.2619209
54.3113823
35.4698181
12.9043007
7.7282963
13.3986425
21.4163456
43.1389809
101.8479767
145.3004608
145.5365753
103.2093048
64.2494125
33.2853737
14.3279781
8.4309072
4.2413163
1.8166631
0.4256369
0.4188799
0.4236278
10.0182991
39.3795624
79.3584213
111.7944260
117.0490494
90.0212784
67.9501419
81.7050552
128.5216370
152.7276001
134.4185028
112.6601028
75.1242981
37.5637207
115.2170334
115.7887497
96.3767548
62.3411980
27.6230373
9.5875874
4.4110951
3.1352942
3.6529210
4.1026716
3.8401198
2.9752874
3.4906390
7.9087858
14.9314442
25.8686390
50.4378624
86.3937378
110.3062057
101.8590469
67.7904968
35.2484932
12.3383512
12.5690985
13.9409790
10.1093912
5.8396664
4.2881947
3.5855598
11.5348291
24.7073860
27.7948627
18.0747395
6.5726781
3.7733338
3.8129258
10.7100410
45.8832626
98.8488312
135.8719635
121.8581848
79.1097031
59.4996338
62.8177338
66.1612091
58.6327477
73.8997955
97.5116577
59.5858116
19.0685806
3.6236100
0.6155875
0.3828028
0.1449590
3.3724952
29.9477081
76.6029358
105.1506805
98.2858047
58.8438187
23.0979538
5.5922103
1.0117528
2.6921153
6.5381708
17.1175804
60.0934029
93.3290634
95.6719742
71.3119583
40.3897591
24.7482491
9.8162842
2.6747375
0.3696613
1.0610422
9.6900568
16.3539886
10.6950092
2.6803193
1.5196929
2.1838017
7.4644761
13.6128178
13.7219734
11.5476933
11.3498154
12.7932901
31.8975735
87.1949692
127.4379730
95.2363815
25.0833607
6.3833828
4.5214729
4.6253338
14.0597801
26.0683937
35.0536461
41.2616882
41.6276665
40.4975090
36.8524094
31.0182915
30.2337208
44.9227371
46.3006363
29.8361073
14.6861038
11.2957745
11.8612003
13.4146338
14.7486267
15.3009949
14.2665129
13.0151138
10.6725712
10.8533239
37.0052986
99.3400192
146.3870697
142.0823975
104.2384186
73.0771179
35.6953087
79.7014999
151.1748657
187.7473755
191.1832123
187.5507202
184.9549255
186.0766754
200.1639099
226.6839905
235.1878967
198.5120392
135.0588226
106.8920288
96.3358078
81.7655029
65.7337723
37.2820511
33.5350533
70.5023193
87.1476135
70.9104538
40.3873291
23.1029930
18.5638046
6.5239558
2.0839169
0.6107396
0.4269032
0.3209490
0.2449953
0.3110229
0.3523783
0.2882970
0.3474720
0.5795334
0.5567157
0.4967915
0.4904750
0.4919450
0.5929740
0.6480792
0.7388704
0.6378648
0.5391816
0.4995210
0.5539440
0.5936016
0.3825202
0.3810568
0.3676735
0.4508042
0.4237884
0.4344372
0.4088449
0.4257574
0.3834484
0.4337543
0.5475183
0.5476040
0.4060821
0.3325453
0.3325384
0.2535033
0.2724836
0.3442632
0.4322324
0.4588309
0.5580496
0.5182272
0.4824668
0.4112807
0.3303987
0.3358182
0.4240553
0.3437200
0.3543448
0.3103016
0.3644062
6.8688312
28.8992329
49.7915077
46.5327415
22.7739029
10.4858398
9.2297478
8.6022377
7.2963090
5.9380388
6.2825251
9.8888683
19.5323925
37.4215889
47.5357208
36.3438187
11.9694605
5.5563388
20.5539703
50.3784370
51.9040833
21.5299854
4.2752485
2.2484431
0.7055051
2.9778450
13.0611038
27.9867783
31.8638515
23.4387131
16.7747784
21.0016041
32.6878395
39.4970970
35.9264870
28.8258133
26.3212681
22.8486614
21.6263466
32.6503372
56.1538391
77.8177643
79.0143661
81.4577789
104.4076157
131.5280762
138.0924683
131.9526215
135.9570160
130.9368134
98.6696014
23.1582031
19.8598309
17.4344025
26.3359203
28.1464367
15.6260386
3.5089951
1.2870111
6.8494081
21.5260849
35.1501236
33.2144089
22.8310585
13.0610723
15.4236393
17.1399059
16.5558758
13.8925858
12.8710356
14.1311913
17.2157974
16.6797771
16.6898956
18.0798569
14.7178545
15.3905277
51.5813866
119.8776245
160.6064758
145.2777405
116.8056335
82.2694550
73.2462158
68.5125198
54.2921257
53.0376816
113.0686951
230.0044250
256.0083008
192.1079865
137.9081879
94.3055115
49.6075935
24.4755955
15.1577997
10.7549648
10.4682312
7.4863949
6.9712543
12.2327147
19.5640335
25.8991127
27.3855247
19.9990044
11.1877022
17.1420536
18.9967022
19.2860317
19.8104610
35.7592163
47.5438614
42.6417274
23.4452820
17.1395550
16.4643459
10.0972347
5.7413859
3.6050460
6.5881410
7.5055494
5.1656246
4.9740763
6.7216511
6.7318788
4.5882049
3.1443315
5.1264377
21.0656948
46.0705528
57.3041534
49.7046165
40.1707687
34.8377991
21.5979233
5.7718010
0.9206468
0.2852961
0.3612397
1.7769673
1.5773425
13.0151911
39.4804993
58.2505341
58.9942436
66.1801376
93.4074326
128.8724060
156.5768127
160.8570862
167.1543884
188.0010071
184.2693329
181.1059723
158.3837128
111.9365463
64.2354279
30.8444824
9.0585966
3.1416998
7.8720593
9.4316893
4.7519536
1.0153614
0.3379115
0.5872276
1.1194789
2.1930482
2.8989344
2.6645002
2.3887172
2.2771144
1.9908119
1.6411140
1.5189950
1.2775255
1.2679398
1.3176038
1.1594584
1.0358882
0.8650705
0.7005928
0.8961910
0.9648868
1.0703093
0.9016896
0.9019639
0.7543720
0.6194420
0.7246088
0.6322258
0.6583185
0.7649785
0.9351565
0.8791514
0.8041057
0.6424956
0.4410097
0.5502778
0.8758969
1.3582158
1.5667410
1.3777393
1.1830729
0.9769751
0.8190076
0.8317657
0.9309313
1.0190220
0.9600963
0.8402169
0.8392025
1.0689197
1.6881925
2.1952713
1.9719956
1.0465624
0.7797301
6.2730045
14.8687830
14.6057892
29.4665909
64.6160049
70.0909958
27.5478497
5.9024262
14.7670736
28.0336838
58.2238846
96.3087692
114.6932602
127.6292725
133.2140961
123.9213409
112.8567200
107.1026154
112.5804977
84.3696518
56.9511299
58.8163834
63.2818451
31.1183319
7.8664703
4.4870963
10.3201733
59.9103394
117.6909180
153.0824280
179.9737091
183.4227448
149.4702606
109.7455215
67.2772217
52.0047531
72.5300217
77.6092606
52.8036690
41.0623398
43.8913422
29.8310356
25.6138306
34.5817451
36.3530121
36.3906403
36.2503433
24.0190964
14.6703339
15.1042147
12.3580837
5.5068531
4.1451402
29.9599323
95.0617905
150.1574249
155.9014282
126.1675339
87.3285522
51.2005692
16.0483837
3.4858892
1.3762727
11.4776297
39.4964066
60.9033470
79.1762924
112.1100006
132.4788361
95.6877823
58.1559067
62.4181671
76.4035568
62.1069489
38.9588013
18.9889297
19.4525967
11.4260712
0.6027129
0.2251726
6.1682854
46.3688278
86.1423798
76.5718689
33.0973434
12.7616329
20.6382866
75.0959320
153.1032104
199.9827423
191.0359192
149.8124542
94.4068909
64.5614777
77.2082672
104.8355942
144.5649261
220.9016876
312.7605591
277.5294189
228.7392426
219.7184753
223.7046356
208.4943695
201.3559570
185.1169434
136.0186615
78.1572495
39.9625473
36.6409264
38.3847923
26.7937298
23.7279282
47.6780815
61.9979744
44.7574692
17.0900650
5.0750499
4.3488326
1.3734465
0.1558238
0.2516186
0.3442832
0.2941669
0.4190211
0.9880605
1.5420280
1.4405720
1.0886019
0.8074726
0.6436973
1.2228326
2.0948420
2.1202605
3.5455008
43.3137474
139.2578278
219.4968109
203.6731567
88.1145172
18.8147240
8.9743185
20.2770519
78.4942551
101.6328964
53.0544434
22.8885212
20.0152531
21.7448044
68.2029572
153.2957458
178.1433563
155.2872162
112.5635071
84.0074234
67.2019348
77.6323318
107.7766953
126.3357925
120.0556793
102.9204712
74.0384598
44.3130875
29.9203091
24.3478603
20.2553425
12.1041803
13.4405317
12.5333490
2.3314710
1.1082921
14.7004061
46.8277054
71.8616714
78.3909073
64.8645172
44.0889854
30.1280136
18.9593754
23.4728775
75.6819077
171.0566254
210.2597351
159.2706146
108.6395569
52.0127945
16.1850700
36.0274391
20.8852425
13.6963339
16.7038116
40.4410172
87.8115158
102.0499191
65.9507523
27.0506420
16.6608410
19.3153362
29.9070892
33.5116653
27.3060913
19.8699608
20.7138805
39.7844696
57.6799164
52.7196007
31.5276108
19.7296314
19.4263802
22.8412457
25.4935703
32.2229805
35.5658150
23.9733829
18.1733990
27.6834087
36.0455780
35.7004433
31.1108875
22.2429924
13.3829994
13.3602190
29.7913704
75.7888641
130.5037994
135.2664948
95.7315598
46.9887085
23.5225124
9.9705772
13.6316395
32.1116676
71.5876541
82.8773575
59.1740150
37.8634491
27.5174408
18.4322166
9.5689573
4.3177919
2.2626095
2.9770303
22.8517399
90.7531509
170.5909729
198.9483490
158.0952301
112.5642776
87.3134384
71.0391846
98.3734512
100.3329163
82.0871658
60.6593475
46.8421135
30.6560822
13.0760450
9.4127445
13.1502142
14.6776142
11.8841038
15.1896420
61.5209389
140.0675812
189.0027008
165.3637543
103.3769150
42.4448471
10.2274265
1.5660598
0.7240661
5.9839187
101.8134308
188.8052368
190.7901917
132.3993683
47.4249039
13.3645439
3.0296140
3.1485713
16.8798141
36.5429611
70.6399307
91.3529739
72.3656235
26.1255283
13.4062052
8.9364634
8.4595585
10.1457176
18.7535629
42.5222282
54.6602631
36.7306404
14.5855198
12.1255732
8.3931150
3.7820792
1.7096641
0.9685331
8.8068581
27.5559597
33.4999466
18.8760071
4.9919968
3.0983539
3.7133262
15.0125246
39.6397705
45.9140854
28.0719852
6.5401316
2.9363878
0.5851604
0.1526650
0.3006218
4.3975544
23.0641518
40.9800568
36.1592827
20.2972126
40.7033958
77.2683334
93.3253708
83.9092484
79.6156998
91.0143738
101.2731934
104.5044861
110.0586700
148.3333740
141.5495300
90.3564987
82.0578842
104.0034561
102.5366821
44.8521156
6.4100986
11.0733700
12.7573338
7.7913966
29.0176792
81.1762238
98.8891373
72.0257797
37.2774200
21.8130226
10.4033394
8.7574644
11.9365244
17.9265213
13.7390327
10.9144306
12.8378391
25.3502617
36.5536499
36.1390839
26.8909492
12.1485090
0.6328291
0.1268085
0.1975003
0.3768777
0.4011999
0.2406738
0.2744417
0.6030557
12.0112495
43.9605865
70.6261902
63.9174728
31.7849045
18.3389187
17.7661705
20.2749290
25.6415272
42.8961601
71.6799698
81.7270737
64.2079010
40.8860283
33.9484215
36.5911713
37.3096199
41.1699448
40.3153152
38.4296913
46.4955711
68.6376953
83.2202454
72.0804138
52.4431992
36.4352913
27.6382828
19.1413250
12.6841459
6.9640636
4.2891107
3.7404308
1.7104042
0.3145847
0.1575074
0.0976176
0.2726902
0.7619567
1.8713472
2.3142841
2.1091545
1.7102479
1.5079532
1.3312469
1.3004475
1.3707838
1.0925962
0.7825676
0.7214057
0.7185197
0.8105629
1.0797820
1.1159931
0.9228358
0.8115222
0.9433653
0.7703576
0.6045605
0.6216713
0.8129582
0.8505723
0.6730595
0.5656562
0.5011722
0.6063370
0.6652742
0.6659674
0.4891714
0.3059801
0.2396525
0.4215159
0.7489710
0.8322774
0.5490931
0.2762897
0.1415646
0.2732263
0.3065921
0.3507445
0.3833361
0.4031867
0.3318569
0.3347175
0.3960352
0.4071723
0.4800882
0.6093817
0.6993800
0.5581011
0.3559135
0.2848357
0.3651170
3.6660748
12.7460957
25.7361355
43.4940338
64.4822922
74.8884277
68.2796478
54.2414398
31.9800282
27.5925751
72.0984726
86.8043213
82.3234024
66.3593292
52.7050858
54.0347672
65.4297714
55.6324730
33.1801224
17.9870720
13.7550936
13.5168724
9.1939840
3.2826648
0.7962087
0.2808450
8.4907446
48.3406372
101.3818207
134.5121765
128.6368103
77.3290710
22.6076927
3.2364023
5.6854672
11.6080332
20.3811798
68.0722504
140.9613647
170.7056732
138.9006805
102.1311646
107.7869034
96.0350723
72.1586609
52.3356857
57.0542183
81.9097748
101.3438187
115.2339935
127.4689102
121.2148666
107.0270767
100.1730118
80.1695023
46.8668175
22.9753246
14.5476389
6.4195628
1.6649544
0.8961319
0.6541062
0.9226587
1.2922122
1.3657563
1.1935995
0.9815315
0.6711478
0.4603278
0.3488303
0.6849231
1.3825548
0.9576143
0.2681913
0.3600709
0.4953004
0.7608838
1.5746527
13.0680647
50.0852203
93.4557800
98.8046417
56.6304321
21.1219921
9.7241411
10.1040010
16.3291321
27.5059967
30.2306232
19.7244759
12.7679682
18.7146378
36.9105415
53.1944046
53.7486458
45.8293152
42.4148178
28.1346684
15.4444418
15.2105532
25.2363510
23.6547699
8.4748859
3.4809794
11.3842964
21.0862083
34.1789246
54.7364159
63.5075607
51.5004997
34.0250320
14.2821026
11.9483376
17.3638916
13.8042574
13.9087667
16.5636711
34.9610634
61.1114006
67.5811462
40.4426117
12.9637194
10.8556156
25.2544632
32.0965195
23.2264137
15.5347509
27.4576111
40.3881378
34.9762497
16.9532375
5.4620466
5.2215672
10.8706913
9.6432314
6.0940266
8.8289490
13.2307911
12.2286463
9.6317101
8.1682301
7.7200394
6.7503505
5.6169806
5.5457706
5.9539604
5.3237958
4.6865430
3.5219903
2.7305887
2.9226904
3.8544188
4.5759048
4.3798294
3.0046754
1.5378009
0.9649249
1.9209170
3.1845660
4.9249406
7.9842434
11.3395519
25.4356422
63.9539452
106.2065201
110.2175980
73.1239624
39.8663063
12.2505684
34.7522888
36.5123978
23.5888405
13.9545832
9.9572525
9.8153687
12.5806112
11.9504471
9.5254688
7.6882324
7.6230040
7.6975126
6.0856142
4.5887079
4.4273739
4.9746737
5.2379141
19.7334175
49.5965271
68.2264633
63.0361366
38.6589813
22.4642792
16.2420673
12.4264126
5.7641726
1.2883936
0.6200697
1.8463638
5.4227700
9.8347836
10.6524391
10.3278732
15.6734018
19.6102448
14.2349482
8.4556503
6.4825363
8.3209591
12.8607140
8.8704348
3.3148787
2.0819798
4.0428138
4.5905089
3.1399617
1.2672923
4.5891657
4.7262483
2.3436368
0.9792362
0.9924494
1.3655148
0.9694902
1.0586989
0.8515573
0.7638854
0.6916093
0.7454021
0.8727533
1.0325130
0.8482701
0.4919513
0.4026763
0.3090956
0.3885695
0.5020174
0.6605622
0.6912335
0.6357390
0.6800080
0.7041800
0.6146272
0.5520356
0.4638450
0.5045582
0.5641116
0.5297508
0.5124511
0.5211650
0.8097740
0.9556365
0.8788614
1.8042994
3.8693416
4.1344552
2.3596444
8.1508722
35.5835228
71.5423126
78.2040253
47.4547691
11.6184769
2.8090177
1.2955266
2.0474632
10.2876062
16.9921608
10.2849684
3.2462034
1.2517655
1.3456867
1.9118016
2.5609064
3.9870076
5.1339798
7.3593383
18.4492340
42.6810188
63.1169701
64.7842102
51.9819717
41.0312538
34.3391953
29.0600777
22.3037491
21.0252781
19.8635292
17.9576778
23.3631458
32.1919937
24.2888393
10.2857075
2.8742628
1.4134116
4.4065776
11.7872849
19.8440018
26.0904064
27.5664711
23.9790497
21.6266670
20.5870094
18.6458721
14.3786831
8.4672518
4.4968033
3.5380316
4.8589540
4.9626360
4.1622367
2.7006054
1.2349939
0.9750367
0.7561200
1.0935616
2.6663594
3.7775543
3.7732787
2.8533857
2.1113851
1.5790116
1.5579910
1.5752243
1.5599192
1.5614235
1.4162672
1.0261660
0.8193933
0.9959863
1.5239854
1.4422059
1.3618271
2.8600264
3.2499821
2.7593391
2.4159560
2.7801135
3.1975982
2.9097795
2.0132227
1.1859677
0.9969449
1.4623441
2.0231349
1.2831079
0.5655094
0.2048652
0.0281409
0.0022220
0.0000145
0.0000000
0.0000000
0.0000000
0.0000000
0.0000000
0.0000000
0.0000000
0.0000000
0.0000000
0.0000000
0.0000000
0.0000000
0.0000000
0.0000000
0.0000000
0.0000000
0.0000000
0.0000000
0.0000000
0.0000000
0.0000000
0.0000000
0.0000000
0.0000000
0.0000000
0.0000000
0.0000000
0.0000000
0.0000000
0.0000000
0.0000000
0.0000000
0.0000000
0.0000000
0.0000000
0.0000000
0.0000000
0.0000000
0.0000000
0.0000000
0.0000000
0.0000000
0.0000000
0.0000000
0.0000000
0.0000000
0.0000000
0.0000000
0.0000000
0.0000000
0.0000000
0.0000000
0.0000000
0.0000000
0.0000000
0.0000000
0.0000000
0.0000000
0.0000000
0.0000000
0.0000000
0.0000000
0.0000000
0.0000000
0.0000000
0.0000000
0.0000000
0.0000000
0.0000000
0.0000000
0.0000000
0.0000000
0.0000000
0.0000000
0.0000000
0.0000000
0.0000000
0.0000000
0.0000000
0.0000000
0.0000000
0.0000000
0.0000000
0.0000000
0.0000000
0.0000000
0.0000000
0.0000000
0.0000000
0.0000000
0.0000000
0.0000000
0.0000000
0.0000000
0.0000000
0.0000000
0.0000000
0.0000000
0.0000000
0.0000000
0.0000000
0.0000000
0.0000000
0.0000000
0.0000000
0.0000000
0.0000000
0.0000000
0.0000000
0.0000000
0.0000000
0.0000000
0.0000000
0.0000000
0.0000000
0.0000000
0.0000000
0.0000000
0.0000000
0.0000000
0.0000000
0.0000000
0.0000000
0.0000000
0.0000000
0.0000000
0.0000000
0.0000000
0.0000000
0.0000000
0.0000000
0.0000000
0.0000000
0.0000000
0.0000000
0.0000000
0.0000000
0.0000000
0.0000000
0.0000000
0.0000000
0.0000000
0.0000000
0.0000000
0.0000000
0.0000000
0.0000000
0.0000000
0.0000000
0.0000000
0.0000000
0.0000000
0.0000000
0.0000000
0.0000000
0.0000000
0.0000000
0.0000000
0.0000000
0.0000000
0.0000000
0.0000000
0.0000000
0.0000000
0.0000000
0.0000000
0.0000000
0.0000000
0.0000000
0.0000000
0.0000000
0.0000000
0.0000000
0.0000000
0.0000000
0.0000000
0.0000000
0.0000000
0.0000000
0.0000000
0.0000000
0.0000000
0.0000000
0.0000000
0.0000000
0.0000000
0.0000000
0.0000000
0.0000000
0.0000000
0.0000000
0.0000000
0.0000000
0.0000000
0.0000000
0.0000000
0.0000000
0.0000000
0.0000000
0.0000000
0.0000000
0.0000000
0.0000000
0.0000000
0.0000000
0.0000000
0.0000000
0.0000000
0.0000000
0.0000000
0.0000000
0.0000000
0.0000000
0.0000000
0.0000000
0.0000000
0.0000000
0.0000000
0.0000000
0.0000000
0.0000000
0.0000000
0.0000000
0.0000000
0.0000000
0.0000000
0.0000000
0.0000000
0.0000000
0.0000000
0.0000000
0.0000000
0.0000000
0.0000000
0.0000000
0.0000000
0.0000000
0.0000000
0.0000000
0.0000000
0.0000000
0.0000000
0.0000000
0.0000000
0.0000000
0.0000000
0.0000000
0.0000000
0.0000000
0.0000000
0.0000000
0.0000000
0.0000000
0.0000000
0.0000000
0.0000000
0.0000000
0.0000000
0.0000000
0.0000000
0.0000000
0.0000000
0.0000000
0.0000000
0.0000000
0.0000000
0.0000000
0.0000000
0.0000000
0.0000000
0.0000000
0.0000000
0.0000000
0.0000000
0.0000000
0.0000000
0.0000000
0.0000000
0.0000000
0.0000000
0.0000000
0.0000000
0.0000000
0.0000000
0.0000000
0.0000000
0.0000000
0.0000000
0.0000000
0.0000000
0.0000000
0.0000000
0.0000000
0.0000000
0.0000000
0.0000000
0.0000000
0.0000000
0.0000000
0.0000000
0.0000000
0.0000000
0.0000000
0.0000000
0.0000000
0.0000000
0.0000000
0.0000000
0.0000000
0.0000000
0.0000000
0.0000000
0.0000000
0.0000000
0.0000000
0.0000000
0.0000000
0.0000000
0.0000000
0.0000000
0.0000000
0.0000000
0.0000000
0.0000000
0.0000000
0.0000000
0.0000000
0.0000000
0.0000000
0.0000000
0.0000000
0.0000000
0.0000000
0.0000000
0.0000000
0.0000000
0.0000000
0.0000000
0.0000000
0.0000000
0.0000000
0.0000000
0.0000000
0.0000000
0.0000000
0.0000000
0.0000000
0.0000000
0.0000000
0.0000000
0.0000000
0.0000000
0.0000000
0.0000000
0.0000000
0.0000000
0.0139366
0.3301772
1.1058462
1.9217790
2.3394158
2.3482413
2.5262928
3.3383398
4.0734692
4.7688999
5.6957607
5.8022633
3.8090153
1.9469368
4.4764605
21.0947418
79.5370865
186.6533661
253.3669739
194.2342987
73.5933838
31.4720287
28.9496632
31.7223873
36.8649979
97.5710754
200.5689392
262.9403076
255.1327820
226.9437408
217.5189209
169.4398499
98.1760941
39.3153419
5.8963919
1.0943730
2.7506247
14.5538416
30.4907608
32.3234329
31.4859447
35.2670517
45.8639297
56.5827446
55.1134415
31.1962566
8.9424772
1.8013430
0.3308607
0.0580399
0.1920890
0.2555468
0.4318487
0.5652696
0.5585008
5.8015499
26.8531036
52.5130157
60.3199654
46.1853943
26.2139091
13.5328035
9.9502258
7.4395089
23.0128841
68.1025391
121.3405380
160.1492157
150.2794952
116.1358795
84.8397217
74.1098175
67.8326187
65.1238708
98.0864716
136.3824005
154.0362701
212.8639526
255.6111450
272.2866821
267.6640625
270.3130188
262.5686340
225.7463684
167.3351440
153.9495239
184.2072601
187.4176788
127.3402939
84.7299347
76.1848831
65.5987549
56.2382584
51.7641754
48.0696754
45.5052948
41.0758095
28.4626141
17.9046230
14.9897308
19.4517899
27.8747063
31.2328396
25.6062412
17.1723118
13.3674040
11.3171978
7.0708866
2.6048033
1.2237049
2.4596658
8.2439213
7.4571857
0.8159734
0.2554246
0.4569922
0.5893446
9.5597439
53.7588654
131.7097321
223.7035828
282.7781067
252.5952301
178.1957397
134.4949799
113.0535889
87.1427765
56.4770889
21.4950809
2.6395905
0.7132518
0.2107521
0.3570252
0.6432813
1.2570043
2.4091189
2.1947930
1.7039332
2.5261073
4.9846411
6.9333997
9.7140265
21.3013496
55.0909538
103.8709946
141.3951874
154.3033600
150.2233124
136.7266846
119.1216354
90.1566467
59.4150238
25.9619560
6.5648308
3.2478633
0.7488354
0.1643870
0.2623021
0.6495339
0.4374203
0.1400880
0.8422599
10.5349150
27.8713169
44.8690681
67.7671509
105.3594589
126.3323364
119.2708893
121.5685577
126.4536362
96.7645798
62.8723068
51.6008110
49.1387253
35.4992142
24.3726463
21.5815983
15.5589476
3.7883317
0.3207922
5.8997397
24.9203033
35.7629089
18.5193214
2.6255524
2.0288932
1.6182406
2.0040345
1.8213769
1.0428207
0.8055374
0.5023566
0.3426751
0.2606413
0.1870989
0.2980947
0.4661694
0.3559735
0.2532523
0.3021758
0.5418777
0.7118392
0.5729833
0.3628368
0.3114396
0.3825161
0.3022912
0.3499230
0.4118881
0.7080023
0.6940582
0.4625921
0.4787974
0.6650048
0.7152227
0.4046178
0.2807779
0.2978966
0.3164855
0.4070783
0.5474800
0.6168550
0.5812145
0.4428144
0.4072323
0.4643722
0.7469572
3.7052445
15.4931316
33.0910492
45.7737312
47.7938271
38.1160164
24.5259781
12.2091599
10.8394384
4.3083549
1.1429218
5.7809200
28.1576729
69.2249069
83.3299408
57.9531784
20.4542732
5.5824003
10.0185947
23.4737568
33.4825096
27.6783028
17.7491608
24.9607124
63.3979683
112.0576553
141.0861816
130.8137360
85.7946320
34.6319847
13.9374123
11.6638451
12.9769573
24.3578243
28.0659103
25.1331444
19.9401417
15.6708136
18.9888611
33.5187340
55.7619362
83.2322617
87.1738815
65.3539200
38.9012070
27.2646084
44.1144829
54.5840683
43.0332451
14.8856668
2.0010467
0.4318098
1.6294554
23.3764763
50.2868309
38.9769058
10.5398960
2.2332301
0.5081206
0.0808871
0.0726811
0.3260386
0.4408559
1.8444604
12.9294891
29.2844238
34.4421196
25.3730125
14.6978846
10.4646091
8.6726418
7.0410419
4.5010557
3.3065331
3.3450034
13.9739876
28.6951103
31.2898998
19.7742825
12.3748178
6.5187068
15.6394596
28.2046967
36.7704086
46.2477493
53.2654152
57.3808250
55.2921104
49.5703697
47.5376892
48.8884926
48.9834213
49.1775894
47.5590744
43.0349159
37.4901161
33.7470779
30.6888790
28.5484772
26.1606140
26.3863029
30.2245216
32.8214569
33.4340744
30.3699989
22.7111702
14.3919163
8.6220379
4.6677570
4.6191969
4.5357513
0.6270320
0.4728431
0.4505944
0.3328887
0.4540492
1.2604814
1.9926908
2.1670699
2.0386703
1.8268001
1.6711901
1.6028560
1.3190747
1.2072202
1.2381357
1.1871192
1.0382211
0.7917905
0.9566532
1.0659765
0.8128108
0.7638737
0.8376188
0.8036266
0.7204710
0.7591606
0.8372688
0.8910545
0.7412023
0.6205607
0.5359554
0.3891382
0.2584636
0.2540017
0.2840788
1.0098395
2.2954435
2.3360460
17.0977192
66.9306107
134.1861420
158.3541718
100.8839264
35.2525864
20.5496387
14.9431362
8.8788385
36.2039528
104.5713196
145.0362396
143.9612732
133.0928345
117.7370071
88.3772202
36.9633446
3.5698216
8.2244921
24.9814854
40.9898491
54.5085564
52.9693604
33.9379463
7.6255765
2.2627027
11.2344093
30.5360126
38.9294777
67.9677429
135.6385956
215.3183899
222.8395081
158.9357452
93.1928253
57.0040169
38.7377853
18.1155243
14.9113998
7.0516615
2.5328739
2.4466248
34.5537224
100.9203033
128.6948700
90.4965439
30.5179863
10.1240072
5.8952365
4.8617721
3.1731918
4.2333894
5.4144192
5.8370285
8.9007206
14.7276812
19.1976395
20.3759556
19.2207470
16.1077538
16.9454727
14.7933426
8.5201025
7.0278506
6.1596851
4.1351285
4.4140549
5.4375858
4.9819312
8.1677742
13.0460157
11.5993776
6.2088280
5.8559952
10.8810987
8.2740660
7.1165214
8.4846096
11.5544481
13.5868626
13.9080458
11.7129269
14.0711384
19.7500763
29.5590343
47.2190666
60.9992332
58.1797028
47.1676178
41.8697815
37.9882851
32.6145172
27.3344555
35.0484352
43.5776978
48.9612961
53.4493980
55.5948448
53.3464890
50.0906982
58.6125717
70.9533310
75.8783569
66.9011154
51.2346802
28.3269043
5.6370306
7.5092678
27.8123055
88.2927933
131.4907837
128.2552948
107.8662720
100.6046906
105.5230331
97.5806427
81.1553192
63.4114609
47.7174911
41.3293190
51.5750084
69.7856598
76.6814728
71.0653000
60.4532928
43.7058754
28.2016335
10.4503078
1.5869013
0.2688692
0.1448938
0.2697173
15.5476999
73.3502808
139.4931030
152.8629303
97.6338577
31.8806877
5.5134110
1.3336992
0.6095064
0.8150810
1.7223240
10.3002939
47.1995583
99.2335510
123.8803482
102.0083084
57.3140678
31.9491596
13.1528559
13.6631422
37.2400780
44.6952972
38.8622360
30.3154030
18.9160919
7.7543154
4.5724759
4.5950212
4.7419610
3.2345953
1.9094709
2.0263848
2.4843111
3.0112972
2.6276183
1.5530577
0.8346705
0.6108114
1.5300336
7.0961094
16.7525406
28.5560493
48.0438957
64.2236252
63.7078705
60.5707321
65.5705414
69.2047882
55.1397171
43.0511894
28.9159813
19.7521572
12.8453541
6.0152597
7.6186786
7.4349923
5.2259197
0.8907269
0.1174008
1.7178965
9.7757921
18.2930222
20.1212139
17.5038223
12.0706282
6.3350544
2.6767373
1.8263144
1.0718644
0.7459478
0.3757035
0.3114423
0.4161847
0.4216574
0.3043937
0.2565378
0.3385732
0.3777562
0.3255153
0.3307250
0.4715121
0.5628914
0.5022402
0.5262785
0.5066648
0.4918056
0.5040236
0.5638225
0.5289089
0.4398419
0.4248792
0.4704021
0.5757529
0.6517386
0.7920308
0.5726639
0.3945496
0.3478226
0.4062461
0.6319849
0.5085707
0.3542461
0.2769171
0.2899630
0.3286884
0.4289115
0.3059456
0.2722728
0.3165889
0.5594506
0.6525052
1.3636563
2.6829858
3.9452500
6.6829748
11.6349459
18.0213432
25.7710838
33.3055801
34.2669678
24.6307411
11.2059937
3.3028443
3.4632215
14.8389215
32.3578949
40.4177284
36.1725273
29.8273659
18.3915176
3.6983926
2.0779967
7.0579972
15.1956749
19.1474857
18.8953896
17.2313862
8.0520830
1.8233662
10.6484814
35.1269760
72.9610291
84.8247223
53.1632919
14.1720457
5.6471877
13.5671024
21.9189491
21.9274311
18.3879356
16.4587173
14.1566381
10.0873213
7.0392184
6.3228102
6.9805250
6.9027462
3.3457568
0.8613151
0.2108386
0.0844238
0.1217946
0.3406444
0.3248036
1.1677350
15.9812794
44.2281952
56.3160439
43.6521645
30.9926815
27.3777885
19.5292816
11.6106415
7.9585223
5.9282427
6.2458305
12.3010273
16.5717773
19.2850227
19.3449211
15.1185856
8.4574471
3.5498443
1.6803637
7.4235106
39.9502373
82.3423157
92.0887146
76.2607727
62.8067131
48.4734039
35.9969139
30.5375271
21.3746490
15.4771452
9.3244724
8.9087334
8.4506512
7.2361774
8.5613537
7.2513409
4.1246982
2.3692415
2.5889463
4.8698444
4.9497137
3.8690910
2.9031050
2.2718546
1.4913619
1.0141077
1.0443907
1.2866770
3.1629786
4.7588329
5.3920722
5.3028660
4.4143305
2.4253507
0.8981267
0.2896768
0.8474147
2.7727327
1.8395751
0.3314161
0.4108394
3.2186785
12.9332085
40.7893562
72.9561081
84.2933578
67.0442734
38.5673637
19.2659912
9.3434429
14.2602901
24.5878506
20.0081043
8.1249180
1.7016455
0.2472562
0.1504170
0.6784791
1.7601860
1.2888858
2.3984680
2.9262786
1.9826262
3.7544212
6.2100930
3.6552184
0.2238955
0.0743258
0.0705004
0.5706528
1.6347821
1.5948327
0.7670132
5.0101466
26.4477673
55.1727600
72.4211273
71.5611038
52.9984131
32.7866173
15.0396862
8.6792135
15.1877527
15.6511774
16.5943546
21.2366085
37.4565239
44.2271881
54.1897545
56.7220917
32.4912834
8.4697742
3.7440217
1.1437078
0.2257611
0.7531290
9.9888496
17.5552158
13.3338861
4.5478525
3.7500124
2.5630584
0.9198883
0.7779828
0.3657257
0.2570685
0.2863512
0.5060570
0.6482766
0.5974555
0.5392140
0.5801350
0.5596384
0.5471793
0.6649320
0.6958231
0.6934931
0.6074755
0.5398849
0.6396505
0.8466346
1.0737288
1.0979621
0.8642002
0.6791018
0.6644820
0.6490206
0.6681176
0.6420419
0.5824842
0.6586314
0.7876683
1.0126182
1.0163224
0.9101040
0.8353387
0.7050390
0.6646858
0.6809465
0.7503986
0.7849368
0.9922038
1.1066735
1.0725851
1.0463710
0.9117226
0.7176621
0.6905615
0.5503514
0.4971325
0.5457057
0.6876241
0.7721399
0.8865416
1.1279063
1.2214930
0.9823712
0.7082074
0.5936638
0.5566794
0.4536927
0.4117842
0.2932290
0.2344526
0.3423248
0.5655003
0.7442175
0.7689785
1.0443172
3.4752874
8.5194664
12.1828184
11.8156080
10.1548443
15.3385105
32.8923454
55.0959167
67.8473434
66.3579941
54.9689178
39.6239700
26.5394096
35.8643646
56.0838280
55.3603020
51.9301796
52.8126984
50.5144768
46.5965652
39.9792404
24.0159588
9.9399328
5.7331772
11.3054609
51.6353378
104.8890228
110.9409409
101.7604065
99.0696182
110.4956818
104.3257065
91.7856598
80.9605789
71.6264801
77.0455780
86.1710968
89.0322647
86.9514771
83.0228806
77.6593704
69.6487732
58.7108421
48.8446426
35.8477173
18.0497417
7.5278025
1.6068444
0.7910426
3.1064730
16.1461506
29.9188461
32.8291283
25.9550018
17.1102581
11.3160763
8.7806149
8.4336166
8.5595818
8.9296856
6.3216381
1.8375708
0.2839422
0.0613869
0.1967446
13.2206297
54.7558632
102.5620041
117.5886993
89.9141769
44.9992409
18.1064644
9.1106787
3.6218650
3.2449186
8.1068172
15.3865442
17.9501915
17.5452137
15.4870453
14.9893560
16.4843426
12.3924274
9.2781296
6.4860435
13.1302891
31.9995918
42.5055923
46.3999519
31.1564522
8.8838816
1.5787235
0.3040780
0.2038538
0.4070070
5.0035691
10.1699924
8.6384392
5.6832995
9.3028440
13.0206394
20.3065834
36.5273438
58.4312706
83.3981781
90.9861526
69.4254303
33.8469467
9.8708086
25.4407768
72.5098267
99.8795395
65.9655151
27.5436077
9.3822994
18.0204239
37.7332497
54.1142197
55.9886169
49.5275307
45.4541550
43.8715210
41.7050819
47.3473244
54.2968483
56.2601814
47.1289024
39.8888893
30.7985497
24.7749405
23.1444778
23.8487034
31.1691322
43.7640038
51.1058578
59.6463203
79.4536896
88.1466217
74.0307922
67.7969666
83.3345795
86.3491745
79.9220734
77.6239243
81.3138275
75.1607361
64.0137863
58.9169922
75.5426636
80.6681213
59.7270432
44.5373230
39.7144737
38.6559639
25.9361000
8.0971804
6.1866879
9.2557583
56.2122307
131.8544769
162.7215118
160.3627319
164.4309845
188.0196075
177.2486267
134.1033173
108.4628754
109.7401810
108.1704559
101.4455795
97.2779999
89.7176895
78.1753235
63.3094406
51.9139786
40.2040138
30.2187176
17.4912243
14.0596504
36.3881149
44.9946899
26.9143238
8.6605101
4.3608851
3.0394323
9.0440540
20.6666908
26.5241127
22.4956856
11.2589340
4.0388389
1.1316042
0.4149297
0.8014133
5.8418250
11.6008759
8.1449261
4.6806030
3.4962826
3.6334295
4.0519295
4.4307375
5.5481615
5.5688596
5.0189018
4.9634113
4.8514657
3.7145619
3.7496493
3.4795651
2.5692627
2.3590274
12.7553444
48.8080177
113.6580429
167.2911377
148.3729401
70.4516144
34.4332123
26.7841663
30.1239128
49.3704948
60.3207855
54.3072052
43.1552887
24.7207813
10.4716282
2.2520661
7.8118949
13.2256393
23.7262154
28.0919228
30.5684319
55.4053497
137.7543640
197.9614868
169.3302002
93.0849609
54.9244347
35.0364304
28.8918247
22.7664852
16.3618603
8.3775644
7.8019094
5.2078485
2.7219048
1.3862585
0.2552287
0.1939429
0.4812883
0.6125367
1.3393502
1.4912271
0.8646370
0.4753686
0.2617775
0.2627273
0.2613616
0.3158551
0.3834609
0.4344990
0.3913876
0.3894634
1.2416273
3.7874436
5.9086022
9.5241194
24.4478683
49.1632881
67.7751007
77.2887802
102.8760452
173.4938660
241.8647156
237.9003754
211.2533569
222.1990662
235.3200226
227.0611725
141.0938568
59.4111137
18.8879013
16.7122383
15.7092848
15.8626986
19.0469761
30.5697479
51.6491394
55.8532410
43.2913742
28.1056499
31.7254028
50.6603661
81.8290176
86.5189209
41.2411613
7.1536756
0.8378958
1.6528332
8.5486383
14.9984322
22.6665421
55.1824570
110.1498032
139.3885193
113.3852615
63.7826538
29.4609566
44.7222557
57.3478470
63.7459412
60.1228790
42.9206429
30.3925133
34.7590446
42.1107903
36.1385117
24.4133053
17.0944042
18.1883659
32.2920418
51.6916428
68.7600327
80.3213272
83.9864502
76.2293625
63.1021156
47.3373795
36.9922752
39.5242577
51.7265739
42.2886963
32.2061691
42.8265610
45.9895668
39.0294762
31.2753296
28.1122417
22.1662846
9.0318747
4.3579006
0.4481423
0.0380725
0.0908346
0.2011971
7.8002830
31.5995502
56.4605789
63.5535660
48.2730598
25.7515430
12.1900063
13.6870842
29.1559887
37.1185379
30.5956593
19.2234840
10.1009121
6.7370901
29.8169632
44.2385216
46.4404373
44.2693901
43.9774551
46.1494713
49.7435265
52.3427696
51.8076820
46.4550591
39.2180595
30.8840408
18.4037876
4.8358216
2.7972794
14.7352257
13.7235451
7.8496046
1.6392986
0.5211277
2.2130823
7.8475857
28.7138233
58.4054375
88.7234879
113.0650101
117.6325073
110.6660614
91.0716476
62.8534126
42.8146744
34.6157036
33.8313560
29.8052139
13.7724009
2.5312254
2.2738013
10.0652237
29.6224403
52.9784241
65.4263840
66.9428177
52.2590294
35.3739777
29.3991127
25.2506466
19.3302937
14.2394409
10.5483990
7.1543593
4.4639149
2.8984642
1.5454663
1.1123372
0.6078936
0.3179459
0.1212195
0.3769589
1.9237663
3.5426004
3.2615862
2.4407690
2.0710890
2.4227016
2.4327893
2.1781847
1.8566914
1.6610518
1.4575652
1.2738116
1.0140007
1.0317639
1.0619333
0.8575008
0.6793442
0.9044470
1.0791094
0.9485949
0.7762439
0.6385685
0.5115193
0.5919219
0.6512537
0.5889077
0.5877097
0.4246103
0.2913101
0.2601317
0.2971476
0.3994800
1.4895768
11.8714409
33.9290924
58.6582413
80.5174103
96.4227905
91.1959229
84.7214432
105.9522400
125.5578537
122.1537476
87.9256668
52.6806030
26.2729111
9.4710455
4.9178996
3.2405901
10.8202820
15.9408569
7.6190672
1.4507110
0.3097211
0.7575396
3.4245872
6.9953175
6.4355445
5.0889711
4.6381574
4.6991234
4.3111405
2.5262358
1.4323056
0.6721426
4.5757504
23.2964211
61.2305641
101.4455490
117.2297211
138.3067932
179.7104950
211.2850800
191.2158356
166.8967285
159.8563538
219.0161896
376.0061951
522.3065796
543.3454590
458.3357849
321.8140259
169.0683136
33.5205841
253.6086884
246.5300446
154.5965881
148.5007629
142.7691193
122.5120773
72.5329208
22.8565083
6.8703246
3.9231505
1.5566144
7.3233318
22.8812542
28.6911850
18.1291332
12.7270870
46.0459976
113.3868179
148.1531982
95.4800186
33.2968826
28.8954506
27.0078850
13.7740889
2.8567295
0.6470968
1.0910244
22.8154316
81.2624359
136.4422760
146.4126587
116.3921127
92.0063400
111.3477707
128.5413208
145.9032135
213.4772797
229.1727295
198.7647095
169.9850006
129.0636444
88.2658310
53.3331490
35.2998352
26.2593956
26.2411003
25.0558357
27.4576073
92.5489349
190.8114929
226.7070312
189.4158783
151.0179443
110.1343536
70.2712479
36.2356377
18.5963802
25.1569977
45.7753983
72.0459900
94.0761871
92.6717453
74.0547943
52.7531776
37.4064903
15.0113955
5.3595943
0.5861615
0.7242374
1.8994088
1.5755574
0.3660800
0.3156697
0.2765126
3.5544848
28.9250832
64.1629562
78.0361557
61.9595947
36.4085312
20.8250046
18.8817310
36.2002983
51.8713112
45.8626175
30.3974018
18.8893204
37.4558067
69.5139847
71.7318497
58.4746971
44.5758667
24.9954281
39.8103371
83.4697647
83.3949203
77.1176453
69.9246216
59.7041817
47.4285240
34.7092438
23.9395065
8.4178782
50.7553711
65.9634476
55.5810394
43.5051956
32.7364540
23.0281792
14.1182680
7.5434198
16.7033997
34.3196983
40.1899986
35.2272644
25.1702976
21.3446674
28.5354633
12.6973028
6.7706590
14.2484493
17.4843025
19.1238670
20.4775219
21.5400543
27.1345463
41.1958160
58.5691452
88.7741852
139.8484955
175.6789856
163.8477783
112.1449890
78.3520508
54.3725662
125.1435394
145.3987427
106.3969421
56.5398865
33.6794586
14.8613329
15.8442144
16.7704029
13.7544088
10.5407801
9.7351694
5.5154133
3.2241888
1.9324942
1.2351183
0.6683542
0.2931497
0.4010028
0.6606253
0.7812404
7.6312151
34.2090645
70.0864868
86.0171280
71.7123795
53.1638947
37.1623497
25.1306324
16.8677063
4.5706053
28.2092400
35.6834755
27.9802837
26.6897926
28.3308468
31.8749180
36.3493996
38.7418175
38.1317673
37.0993805
35.2797089
25.8727150
14.4504948
12.6630116
26.7289963
60.1266823
72.9157867
58.5469398
34.7431755
22.7030334
12.1673727
10.6691151
12.5035229
10.7569590
9.0122700
1.9920437
1.8425802
5.3099170
7.5576563
10.2304726
14.4333639
21.2483311
52.7336960
110.4328766
154.8034210
139.2788544
82.5447922
37.6907959
16.7895641
10.7203884
6.9308481
9.1832666
9.6098652
22.4846764
63.2395668
98.0242538
88.8627548
53.8636894
34.4750519
70.9362335
80.4530106
70.2573166
61.5877228
44.8398361
29.1490250
25.3799934
42.6573563
108.7970047
184.8081512
193.0723724
128.2924652
56.7271729
22.9986076
6.0379677
1.9413496
5.5252395
32.9998932
62.0142746
60.4663544
30.3550663
5.8808231
1.1237712
0.3840430
0.3073404
3.7257833
34.2223091
56.9918175
52.7429123
27.8318634
17.2656746
25.0790482
30.8514423
29.6678429
22.6767159
13.7658968
8.6620102
4.2160368
3.3136022
0.5129635
1.0213492
3.8591597
8.1245613
7.2088137
4.0139952
1.7604508
0.5261964
0.1918508
0.2831753
0.3324878
0.5405908
0.7041156
0.9142573
1.0833795
0.9682647
0.6929420
0.6183775
0.5846605
0.5189607
0.3474827
0.4530786
0.5952842
5.2179766
20.7818241
50.9535561
97.9939117
143.6657257
168.4185028
137.2471161
71.3356934
20.8800507
29.7557964
54.6551056
72.9889679
76.6244888
101.8280029
118.4224472
103.9026871
65.8353882
42.3620949
30.9757442
25.9577446
38.2910423
57.4991570
78.7932510
77.4662704
57.6406250
37.4839363
18.5674744
5.9368887
1.7967916
6.2573891
22.2864513
36.0297089
44.5496521
46.8787308
34.8886108
12.4734774
1.1576631
0.0932280
0.0457371
9.5298443
48.4559784
62.4048347
55.2370300
44.3212776
43.0973969
36.8010521
23.5063667
24.2535877
43.4769249
100.9814606
154.6535492
161.7366333
115.1568756
49.0294304
19.5458012
23.2061424
39.5238953
44.4056549
26.3665771
17.7076855
21.7259140
24.3901672
13.0734310
7.4285216
20.3855572
40.0159149
41.6017609
16.3290329
1.5062821
0.4083203
0.2545904
0.2018426
0.7445296
1.5174912
3.1230352
3.8111396
2.8253460
3.1864605
12.1320915
32.9855194
45.3699799
35.3379288
14.4355679
3.8691664
1.5808241
0.2451229
0.2045863
0.1812782
2.2444992
12.4921455
31.1890163
49.5626030
53.1430206
45.9269142
34.4982452
25.1468678
20.1848602
15.0939102
10.4500914
12.5182734
24.3875523
28.8781567
20.5767441
18.2046070
22.1396236
17.0875034
8.2442961
4.8979669
3.3642843
5.2167668
11.6648636
26.1758652
39.9463654
42.7584381
35.4996262
33.4425774
47.8508224
80.4127121
80.1038437
76.9722595
96.1159515
98.8000717
80.3754120
66.4486084
47.5085335
27.3114357
21.5630569
21.9489136
14.3927479
8.3630886
6.4769421
3.5837026
0.6842126
0.6463479
8.2863045
29.9339199
49.2291870
48.9089394
43.0676689
43.3578415
33.9682884
17.2293262
12.9617310
5.2005239
0.4426455
0.5672690
10.0192423
44.5108566
74.3235474
76.5528107
55.5013847
35.6195297
19.8704376
17.2077618
20.9312553
25.1068535
48.5561905
76.2365189
80.8754349
62.5988426
29.0668087
18.1181870
17.4116650
15.4801350
5.7346959
0.8366511
0.1070325
0.1441601
0.1657776
1.9055341
10.8244352
21.7976456
26.2131805
26.5875092
28.9069424
30.5284576
25.8213806
17.5565090
13.8324451
9.4792004
5.8174987
3.2914515
3.2902899
2.0432031
2.5326402
2.7652102
3.4617698
3.0375609
2.3386133
0.8484750
0.3903027
0.2511081
0.3242953
0.4590786
0.5085368
0.6137774
0.7600297
0.7838705
0.7575644
0.8350827
0.6903875
0.5994225
0.5868624
0.7881986
0.8715833
0.8039588
0.6317975
0.6480746
0.6571873
0.6231052
0.6286266
0.6327272
0.6956156
0.7931039
0.7420976
0.5971749
0.4714118
0.3863738
0.3759264
0.3564802
0.6354511
2.2416713
25.6168938
81.9941330
126.8302765
116.2977448
71.1476746
36.5344963
19.6136856
8.2225113
1.4084809
0.4181314
2.2632954
7.4286389
8.3467541
4.0148778
1.0603148
0.2126509
0.1584859
0.1064542
0.3523035
0.7512632
0.6641198
0.4557068
0.4124286
0.4965452
0.6128678
0.8271307
0.9404062
0.6133180
0.2037863
0.1966964
5.2859049
27.7721806
57.5261612
71.1292953
59.4193306
39.1170197
24.7324524
16.8189411
14.1535444
11.5215712
13.9439888
17.9004211
12.6540213
9.3446579
6.7259407
3.7717428
2.9258871
6.5168648
13.2113781
14.6410084
15.6168890
17.4390812
20.4060917
28.3864117
36.9208031
40.0362129
40.4246445
41.3196373
40.5072098
36.1860390
24.0633488
33.1311378
59.7888222
42.7562866
19.9430065
13.6442194
30.5875797
56.6785507
69.9199371
66.0574875
48.3739014
24.8191910
11.4877930
6.1000042
2.0230381
0.2577237
0.1139803
0.2358585
1.2045120
14.5110989
36.3692284
44.6052246
32.1348457
14.2018967
8.3989658
13.8895874
22.3682346
23.4256668
15.6647644
9.7650375
4.1608157
1.8244164
2.8520927
4.5982456
5.1021113
1.5200421
1.4153241
2.1142159
2.1950648
1.0443368
0.1614702
0.0696137
0.1913770
0.2574370
0.2517045
0.2221689
0.2396932
0.3558047
0.5638075
0.6242291
0.4523683
0.3586003
0.3384949
0.3646185
4.6149826
39.9010048
107.5418243
156.5150909
151.5641632
120.5216980
81.1606445
49.7390823
27.3428478
13.6098003
3.4992151
1.5395051
0.9567479
0.6793780
1.0328766
1.2459738
4.9047947
17.0698471
20.7038860
8.8456402
0.1773178
0.2024874
0.2517301
0.2019433
0.2023420
0.2747972
0.3444530
0.5085969
0.6055516
1.6055124
3.4235084
3.7378883
1.9160788
0.8548568
0.8472449
0.4499944
0.2415764
0.1929503
0.3349777
0.2411441
0.5372463
1.9550335
7.1145320
17.2569828
25.4769325
25.9563961
37.7784042
68.8548203
105.9006500
126.6751404
119.7123032
96.5689774
61.8455276
40.3658371
24.5506916
21.9101505
29.9980030
19.4361458
11.6400547
8.8222790
6.0041208
1.5470245
0.6595659
0.1954798
0.4143191
0.7567813
0.1721016
0.2329068
0.2350554
0.3998303
0.4258270
0.3912179
0.3250704
0.4444042
0.5032266
0.3723159
0.2854696
0.3109353
0.3351431
0.4951057
0.5998783
0.4990051
0.3692378
0.4371731
0.5437370
0.4838735
0.3796866
0.3009055
0.3410993
0.4385231
0.4526125
0.4755151
0.4666415
0.4525477
0.4566692
0.4105372
13.8598022
47.8959618
73.8622818
65.7494965
36.6265602
24.0989799
14.2701960
8.3327532
20.7123718
54.6520996
84.7698135
78.0106430
62.1940422
51.1986160
43.7145729
33.3997421
23.7796040
15.8114643
7.4373474
3.6528306
2.9853544
3.0960035
2.4726493
0.6940102
5.2529097
16.1850815
21.6146641
12.5193806
1.4669554
0.5545506
0.4142103
0.3725814
0.3427295
0.2608832
0.2233686
0.2275854
0.1271415
0.0162596
0.0006958
0.0000000
0.0000000
0.0000000
0.0000000
0.0000000
0.0000000
0.0000000
0.0000000
0.0000000
0.0000000
0.0000000
0.0000000
0.0000000
0.0000000
0.0000000
0.0000000
0.0000000
0.0000000
0.0000000
0.0000000
0.0000000
0.0000000
0.0000000
0.0000000
0.0000000
0.0000000
0.0000000
0.0000000
0.0000000
0.0000000
0.0000000
0.0000000
0.0000000
0.0000000
0.0000000
0.0000000
0.0000000
0.0000000
0.0000000
0.0000000
0.0000000
0.0000000
0.0000000
0.0000000
0.0000000
0.0000000
0.0000000
0.0000000
0.0000000
0.0000000
0.0000000
0.0000000
0.0000000
0.0000000
0.0000000
0.0000000
0.0000000
0.0000000
0.0000000
0.0000000
0.0000000
0.0000000
0.0000000
0.0000000
0.0000000
0.0000000
0.0000000
0.0000000
0.0000000
0.0000000
0.0000000
0.0000000
0.0000000
0.0000000
0.0000000
0.0000000
0.0000000
0.0000000
0.0000000
0.0000000
0.0000000
0.0000000
0.0000000
0.0000000
0.0000000
0.0000000
0.0000000
0.0000000
0.0000000
0.0000000
0.0000000
0.0000000
0.0000000
0.0000000
0.0000000
0.0000000
0.0000000
0.0000000
0.0000000
0.0000000
0.0000000
0.0000000
0.0000000
0.0000000
0.0000000
0.0000000
0.0000000
0.0000000
0.0000000
0.0000000
0.0000000
0.0000000
0.0000000
0.0000000
0.0000000
0.0000000
0.0000000
0.0000000
0.0000000
0.0000000
0.0000000
0.0000000
0.0000000
0.0000000
0.0000000
0.0000000
0.0000000
0.0000000
0.0000000
0.0000000
0.0000000
0.0000000
0.0000000
0.0000000
0.0000000
0.0000000
0.0000000
0.0000000
0.0000000
0.0000000
0.0000000
0.0000000
0.0000000
0.0000000
0.0000000
0.0000000
0.0000000
0.0000000
0.0000000
0.0000000
0.0000000
0.0000000
0.0000000
0.0000000
0.0000000
0.0000000
0.0000000
0.0000000
0.0000000
0.0000000
0.0000000
0.0000000
0.0000000
0.0000000
0.0000000
0.0000000
0.0000000
0.0000000
0.0000000
0.0000000
0.0000000
0.0000000
0.0000000
0.0000000
0.0000000
0.0000000
0.0000000
0.0000000
0.0000000
0.0000000
0.0000000
0.0000000
0.0000000
0.0000000
0.0000000
0.0000000
0.0000000
0.0000000
0.0000000
0.0000000
0.0000000
0.0000000
0.0000000
0.0000000
0.0000000
0.0000000
0.0000000
0.0000000
0.0000000
0.0000000
0.0000000
0.0000000
0.0000000
0.0000000
0.0000000
0.0000000
0.0000000
0.0000000
0.0000000
0.0000000
0.0000000
0.0000000
0.0000000
0.0000000
0.0000000
0.0000000
0.0000000
0.0000000
0.0000000
0.0000000
0.0000000
0.0000000
0.0000000
0.0000000
0.0000000
0.0000000
0.0000000
0.0000000
0.0000000
0.0000000
0.0000000
0.0000000
0.0000000
0.0000000
0.0000000
0.0000000
0.0000000
0.0000000
0.0000000
0.0000000
0.0000000
0.0000000
0.0000000
0.0000000
0.0000000
0.0000000
0.0000000
0.0000000
0.0000000
0.0000000
0.0000000
0.0000000
0.0000000
0.0000000
0.0000000
0.0000000
0.0000000
0.0000000
0.0000000
0.0000000
0.0000000
0.0000000
0.0000000
0.0000000
0.0000000
0.0000000
0.0000000
0.0000000
0.0000000
0.0000000
0.0000000
0.0000000
0.0000000
0.0000000
0.0000000
0.0000000
0.0000000
0.0000000
0.0000000
0.0000000
0.0000000
0.0000000
0.0000000
0.0000000
0.0000000
0.0000000
0.0000000
0.0000000
0.0000000
0.0000000
0.0000000
0.0000000
0.0000000
0.0000000
0.0000000
0.0000000
0.0000000
0.0000000
0.0000000
0.0000000
0.0000000
0.0000000
0.0000000
0.0000000
0.0000000
0.0000000
0.0000000
0.0000000
0.0000000
0.0000000
0.0000000
0.0000000
0.0000000
0.0000000
0.0000000
0.0000000
0.0000000
0.0000000
0.0000000
0.0000000
0.0000000
0.0000000
0.0000000
0.0000000
0.0000000
0.0000000
0.0000000
0.0000000
0.0000000
0.0000000
0.0000000
0.0000000
0.0000000
0.0000000
0.0000000
0.0000000
0.0000000
0.0000000
0.0000000
0.0000000
0.0000000
0.0000000
0.0000000
0.0000000
0.0000000
0.0000000
0.0000000
0.0000000
0.0000000
0.0000000
0.0000000
0.0000000
0.0000000
0.0000000
0.0000000
0.0000000
0.0000000
0.0000000
0.0000000
0.0000000
0.0000000
0.0000000
0.0000000
0.0000000
0.0000000
0.0000000
0.0000000
0.0000000
0.0000000
0.0000000
0.1081621
0.5969814
1.2432767
1.3974204
0.9612600
0.4387211
2.5029042
39.1747093
105.0141678
135.6622009
106.9671173
61.4948654
58.8504028
69.1246033
124.9346924
244.9785004
298.6702576
233.7720642
131.1542664
60.9813080
49.6255455
26.2406235
2.6572611
1.6103987
10.1828299
32.7779999
58.9471893
85.0450516
87.6670990
55.4898911
13.4832172
2.1061113
0.5782086
18.2699471
54.9125290
58.4740944
38.2102394
41.7085953
95.3640671
150.1347198
147.7916565
96.6226654
51.4277916
28.3718224
24.7195015
21.5261745
21.2509537
27.4833984
32.9289780
39.8827515
38.0844460
34.1607780
28.3116016
24.1384926
25.0076485
29.1280289
24.4448853
17.0463219
13.5946913
11.6762333
11.2539434
10.9820423
8.4050789
5.1688871
3.0269876
2.3312643
2.6764438
2.7257624
1.3963317
0.3867903
0.3784258
0.3915838
0.3356535
4.2286768
14.4328737
44.0492439
99.7744751
140.3016663
127.8156815
84.8271790
50.9628754
35.4046059
27.3294621
15.2897177
3.9100816
1.6002299
4.0335479
5.5629654
0.6684971
0.9876161
2.3609047
4.2307906
3.6830909
2.1437769
1.5374907
1.7565436
2.0787737
1.7966495
1.1785797
0.6851755
0.6366687
0.7662919
0.7951959
0.6701524
0.7678857
0.9561031
1.1339158
1.0133476
0.9291976
0.9078213
0.7671841
0.8120105
0.7347527
0.6848651
0.4591055
0.3635695
0.3373474
0.3394145
0.3689365
0.4299943
0.4517169
0.5441606
0.6594173
0.5320766
0.4652025
0.5453466
0.5863488
0.6528580
0.6669503
0.5387622
0.4820230
0.5547705
0.7698400
0.9689102
0.8896607
0.7007876
0.6669962
4.6536474
35.9311943
113.6266022
198.1645508
219.8945923
185.4207764
182.0141296
221.7729950
228.3615875
178.1482697
91.1214066
61.3564606
63.7523079
69.0754776
66.4576797
59.9986649
57.6315918
70.5079575
117.5934830
162.7126465
189.9426575
171.9694214
143.4999695
78.2577744
115.6510239
278.3371887
321.2989807
355.8291321
381.4078674
385.1434937
304.8307495
171.9198151
88.2912216
124.5928497
229.1697693
265.1293030
151.9108887
41.0513191
24.9522591
16.1058979
16.1851635
108.8873444
276.9512939
304.8205872
260.4154968
205.8477173
161.4943237
130.0572968
103.8181076
62.4855957
20.0646324
1.7257988
0.4917734
0.1577182
0.8353629
4.4382796
8.9816532
11.3105583
30.9507923
78.9921875
119.5683441
124.7231903
100.8405151
64.6143417
29.0724545
4.6521349
1.5104121
6.9918280
20.1422291
38.8378639
57.9604187
69.2582626
68.2975922
54.0273438
45.8872414
41.6898346
49.3226929
56.0903473
44.2437363
20.8046665
8.8665323
11.1075420
38.9673576
102.8183060
153.8595734
147.7096863
101.0118484
63.3180046
38.6157112
25.4323540
15.3890247
9.0786362
13.5306559
16.5430794
28.6632538
52.4641800
66.8131485
73.8120956
97.8589554
123.7093506
121.7111359
86.5408478
50.4960098
24.1287174
21.5759239
42.7062073
74.5477219
137.4125214
190.6952972
192.8564453
156.8009949
110.3454437
94.9508820
99.8282928
109.5209503
113.5885620
116.8665619
103.3407440
78.9729462
53.8168488
40.6165314
40.1147575
37.7028389
31.6532078
20.2452908
7.6537189
3.7778292
0.4516403
1.6108358
5.8607774
8.0964613
7.6866903
7.6767840
7.9854221
7.7176924
6.1874642
3.4531291
5.4356642
37.9449501
133.9471893
245.2520905
279.5139160
208.7687836
124.3050232
71.6894608
36.0490036
20.9386539
16.5224342
56.4075050
96.9513474
81.3497238
49.5389938
64.1455841
79.7855988
66.9737473
36.3304253
20.1719704
8.8700733
16.1884975
73.9136887
121.1740112
109.3338776
73.3451691
54.5680237
74.6686630
102.0280609
97.0297470
75.9090424
62.8429680
84.5531158
107.7258682
65.8107300
14.3728313
4.2524843
9.9081259
16.1551170
24.5493813
47.4648972
82.5519028
130.7380981
163.1852112
166.4765472
151.0846710
113.1023178
82.6452789
119.0940170
270.7052917
337.5083618
350.7237244
283.0858154
185.3198090
152.1231384
135.2447968
201.3142853
414.6920166
297.9817505
147.2956085
77.4196320
38.7901688
20.8224087
4.9172349
0.2487993
0.3596809
1.7963728
5.3066740
6.4828138
6.1698251
6.0112867
5.8454261
4.3555064
2.2976029
2.2729037
29.5983448
132.2138367
269.9898682
324.9945984
225.6967926
85.5155334
48.0424042
46.5369186
56.2306366
41.4494171
18.1813812
18.2180290
54.4577637
176.4503021
304.4613647
306.7426758
179.4901886
73.1694336
43.1348114
32.6546021
21.5410080
18.4292145
82.2707596
230.0714722
303.3164978
213.1821747
62.7390862
9.7176561
0.5283109
3.4736691
38.7522354
82.5423584
83.8244553
89.0466156
162.7568207
296.7253723
406.7961121
395.4980774
285.0804749
179.3408966
96.1641083
62.2970238
78.7140045
96.2792587
160.4823608
184.7010040
217.9141541
236.7339783
224.4031372
175.0508118
121.1277771
73.3853455
60.6616020
63.6948318
55.8712845
50.0406151
54.1061172
51.0209885
58.3575592
80.8643723
66.8195343
39.0168228
35.8071747
34.1774406
21.5152817
8.9289589
2.6009331
21.5588245
119.7507248
263.3935242
320.5146790
232.6606140
114.9649353
68.2391510
47.9858246
35.2239685
30.6659679
9.1010027
1.3090961
0.3506878
0.0976262
1.4793352
12.9414444
32.4325638
44.9632721
51.3280640
60.1813202
73.0896149
75.7575150
83.6703262
95.9282303
108.9956055
122.3859787
112.9622421
82.4007721
61.2744217
107.6166077
176.6067047
154.1321564
123.5758438
70.0129318
22.2192078
12.3302526
22.1140366
107.8166351
178.1168671
119.3632202
51.5873566
21.5746574
18.8054428
15.6140251
11.5230923
7.5353842
19.5497265
65.7230301
120.0581055
141.8497314
142.0971222
167.7063751
231.8093262
263.3991089
191.2588654
71.1579056
14.9637623
2.7903707
1.6187094
9.5345783
16.7497463
10.0458345
33.8453636
163.1916199
353.9566040
401.0529785
250.3860931
114.3351593
64.1282806
40.9844856
37.5512276
49.6087112
80.3275604
70.5552750
51.0881500
98.3158951
149.5841522
167.3049469
166.1501465
138.6355591
64.8619461
17.3806934
1.5454708
0.2699136
0.5531784
15.7846928
115.0538177
253.9757080
366.3562622
360.1960754
237.6635132
105.9157715
49.6304398
44.8153572
52.7346344
41.5874290
33.0412674
23.0923462
17.5413036
17.6067123
23.7426472
20.3836346
15.2920551
25.3740387
48.7331886
96.3386459
159.5067596
201.9979248
172.8916779
100.6475143
51.4553909
33.2720604
33.9011688
27.7533875
29.2027912
81.8509369
188.8971710
228.1302490
147.7762146
37.2421494
6.1610126
0.5997219
10.3179111
45.7864075
61.2147102
96.1922150
203.7231750
316.9711914
305.8917542
214.0019989
135.2398224
90.8136292
47.5166969
21.3053055
14.1754265
9.7951908
65.0757980
187.7236938
237.0579834
151.7518768
42.4775658
9.9728060
4.0237632
2.6610672
5.2661266
11.7116032
17.5243874
54.7463226
124.6076508
159.6680908
110.9435806
24.5552082
2.4841075
1.5644112
17.2636147
47.3203354
61.7905540
61.5714645
66.2279816
68.7463379
62.1144142
58.7780914
86.4074783
108.0276489
101.3412399
85.2120056
50.9812393
21.9980412
11.1383038
19.4729328
27.9036694
29.9340973
21.0814991
7.7470779
13.0323563
51.5186386
139.1007385
231.6312866
278.8746033
281.1243286
258.1634521
265.0666809
251.3695526
174.8105316
100.1052933
48.7306824
19.1470108
14.6479387
28.7202816
107.4248276
200.3967285
266.3465271
258.7445068
184.5406799
121.0119400
93.7173615
40.2960663
72.1084900
99.1416321
64.1194229
62.3888283
59.2509537
40.6543274
24.3771648
12.8730688
9.2762508
3.4688349
2.7921293
9.1700335
14.6208687
15.6987753
14.3851700
12.7148705
12.3563471
11.8364506
9.8005981
7.5385823
5.2039156
3.7239053
2.0737484
0.4631933
3.6269844
28.5691528
56.4958267
79.7457047
106.1746445
121.2620926
102.9887009
56.8679733
32.4444733
22.5034943
16.9643898
12.3108702
12.4111528
14.1872139
12.8631783
9.1852322
7.8485823
6.4597216
5.9284220
5.0986891
6.5426369
10.6579189
14.7044497
14.2108917
7.6620474
2.1347411
0.5347989
1.5478464
6.5477252
8.6333704
4.9813666
8.9973249
41.2805672
107.9881744
168.3821869
176.4622955
122.5370712
59.3162308
14.3759155
1.5845739
2.9843998
57.7504005
170.2654114
206.3561249
149.4169922
77.4989548
26.5047302
24.4951515
21.1457691
10.5567884
2.5684114
0.0846292
15.4013653
79.1243134
149.0429688
163.9829407
104.3004913
69.0282669
48.2563553
60.2125702
83.7649841
83.2951279
90.4407272
158.2753754
183.9574280
166.3993378
125.6529388
68.8669281
30.5116634
13.9477568
3.4817295
1.2031627
5.0154681
9.0978737
11.7941866
12.9843512
6.0845675
2.6572833
1.2713286
0.9036608
0.3649174
0.3104756
0.4077927
0.4647177
0.4585062
0.2254858
0.1917908
0.3571023
0.3880019
0.3366283
2.9259589
11.2700987
20.9146671
27.8152714
29.1303215
25.5880737
21.8332672
18.9741631
15.7995691
15.2848501
15.9507866
20.0857277
24.4324799
29.6369438
35.2086639
37.7824020
29.9706039
16.9377518
9.8796883
8.4898853
7.5353222
3.5213277
6.2322221
32.1777954
73.6482925
103.5513611
103.6063614
90.0746994
83.4604187
68.8842392
63.8772583
59.0023422
52.3421097
49.3464966
49.6919098
45.9687538
26.2202244
4.9734898
1.9512385
5.4848390
20.3065624
39.0298653
36.3536835
20.2811508
9.9091864
5.2333775
2.2288225
2.0478692
1.9583139
2.1852856
1.8691289
1.1495111
0.2562161
0.1400692
0.2389691
0.4461188
2.9621084
8.9853754
20.4096985
57.2120781
106.5364456
112.2318420
64.5065308
37.7877350
41.0367393
41.1067924
38.1926727
35.9911041
31.4002876
21.5059624
14.2942009
11.7743397
7.7275410
2.6199894
1.9086958
0.7423905
0.2917963
0.1657283
0.6134354
2.7139902
4.8547764
5.8535976
6.9242349
7.5001841
7.7334862
7.5533552
7.8194065
7.9010029
7.7126102
7.6898870
7.7621627
7.2970929
6.9129448
5.6723366
5.1979146
3.6949975
4.0423040
13.1201906
54.5303078
147.1757355
219.9558716
189.5342865
88.8514252
46.2905197
37.4429359
46.2536926
66.9842834
56.6873550
36.8677673
19.1918373
20.7733669
18.5385761
22.1199284
27.0338612
23.0224552
14.4706593
8.2694607
2.3893230
1.8043098
3.6892884
16.5044594
29.9921894
29.3476391
24.7660637
34.9030113
75.8687973
124.3189621
143.4414978
145.0408325
126.6462555
89.3132324
38.0706978
18.1270142
26.3696556
66.9109879
139.4648895
187.6608276
173.6928864
111.5705719
64.5199127
54.9868431
38.3028107
30.8634186
25.2302475
18.6501961
30.8204212
47.6079903
51.0551682
40.6811981
40.7526588
43.5014267
33.5982170
22.3683701
41.3888283
79.6739349
117.3608246
97.2966995
47.5454597
14.0744667
11.5904570
8.3688097
6.8456507
8.4227791
4.6446781
18.4741192
53.1354828
75.7783432
62.9161758
44.0237732
37.9177055
29.4243412
23.2029419
30.0719910
71.1762924
122.1869354
138.1758881
130.7386322
105.1712418
54.0159149
20.7533703
12.2054186
4.6780057
7.2034717
13.1502228
23.3289375
46.4479523
52.8137321
31.3572121
11.2946253
5.4553828
6.2182622
7.3124599
10.1640844
12.6397362
10.1054440
7.3426108
5.7278910
4.2299471
18.6835136
44.7311516
56.3455429
46.6668663
45.7531853
59.3612251
51.7386360
24.8330460
8.4316816
11.6040602
39.5669746
80.4908905
78.2909164
58.8281517
40.2589836
26.7337112
18.3435745
21.4503708
16.6759472
10.2099953
10.3599386
14.7783670
12.3346424
7.5697179
3.8812070
2.3344462
6.0547447
5.5397162
1.1782203
0.1619930
2.5813398
15.6598520
41.0024796
58.2957916
68.8600464
62.7822495
39.0911789
14.7674599
7.3966575
7.1003833
12.1456156
16.5252609
16.6877880
14.0397377
10.1914482
7.6630788
6.2713814
15.9050217
31.6655006
37.2101860
36.0719376
34.9316597
34.3263588
27.2420177
22.6814022
17.8317127
12.5297203
12.9115429
13.7818804
14.0028124
11.7799234
13.0222569
12.8748198
11.2746201
7.3133311
4.1082368
2.3762431
1.8778338
0.4117948
0.0966594
0.1759991
0.2869401
0.4303102
0.8008805
1.1563194
0.8895708
0.4684291
10.0055580
43.2260208
76.5859833
74.0749664
38.7501678
5.3166728
2.4532166
0.6078086
2.8278606
16.2645073
31.9126797
39.8646202
50.2116661
72.6920166
89.3541412
83.0050507
59.1411209
39.7471008
27.7450695
29.7975674
34.1143036
34.9844437
34.8551865
27.1073818
14.4436646
12.3147488
15.1332779
15.8117352
17.3649330
18.5375595
16.9427471
13.1331587
10.8263016
10.9310961
12.5573845
10.4619532
7.9290447
7.2408710
5.4292755
3.9990058
2.8738971
2.9519019
3.9335780
5.5113468
5.1083064
4.6053119
3.5107403
1.4926504
0.2041003
0.9384949
7.8360195
12.2893028
10.3319244
9.3678570
8.2388115
5.0469847
4.3631477
6.9883928
15.5115213
26.6879807
34.3493805
38.4189987
41.8661156
45.0246773
49.7538490
46.3967133
39.0693665
35.0557098
31.1623287
27.3043232
22.8250294
18.2297478
13.0401201
7.7083521
2.6758852
0.8498279
0.4800071
3.7080986
12.2841187
17.5321255
19.4299240
18.7030640
15.7675266
13.0430813
11.3802404
10.0900364
8.7076788
8.0947018
7.0650921
7.2633047
7.7196198
6.9545803
7.4069533
6.4992352
5.2506361
5.0086689
4.4561067
4.0686789
3.5613317
2.8041456
2.7177742
2.2435980
1.7156774
1.1014950
0.8458627
0.6819011
0.4532725
0.7206273
1.3157113
1.7568080
1.4868696
1.6107807
4.0170302
6.3457837
4.9085817
0.9749851
0.4642592
0.3632207
0.4482330
0.7128577
0.9159307
0.8093073
0.6721600
0.4558920
0.5299769
22.0711346
85.3520889
141.0794525
131.2844391
69.6491013
58.8605652
66.0314560
80.5040436
146.4623871
205.7873230
211.7325287
151.9153442
73.9623413
14.5721626
6.6463165
13.6942806
40.8182373
86.9476471
93.0552444
35.0787201
1.6703144
0.8136992
15.8393373
75.0831299
160.9571991
206.9865570
241.5532379
262.3079529
315.0785828
414.9411011
432.8099060
338.4974365
228.9299469
158.4252930
108.4384842
63.4587212
44.6047020
38.9599876
32.3594971
16.9085236
22.5363293
78.5202408
140.2683105
184.8410187
199.9049072
145.8706512
70.5413666
51.0958138
36.6473923
33.1664162
117.3975677
289.5065308
394.0581055
374.2342529
246.7178040
115.2824402
27.9079895
16.8533211
11.9742298
23.8190117
55.8241730
69.4533768
36.5529747
5.0683866
1.7467904
36.7469559
161.7975311
226.3822327
214.6548309
186.7343292
170.1115570
129.0689850
69.0459824
63.9125633
59.2223282
47.9282494
25.3179550
10.3544140
37.3656769
71.5196457
75.7338486
51.3164978
32.8275414
26.8360443
36.4474182
64.2692184
72.6650543
45.5097771
30.3997173
18.9748707
13.2352219
39.0644112
98.2649536
97.2485046
59.9903793
21.1629200
6.7646761
1.9325893
27.7479286
120.0977707
163.8634796
93.9440231
22.9496803
7.6634364
5.2908969
12.3020506
82.3946838
149.5324707
160.6064606
134.0822754
115.9839554
95.7160645
72.5928802
49.1529655
64.9115524
85.0336838
47.1515846
32.9075432
42.9108582
49.5167084
47.9997864
62.9874878
74.3255920
49.8352585
15.5019073
14.2616482
20.6313667
35.0961990
63.3325386
107.3489609
160.5335541
227.0064240
269.6826172
306.5367432
292.4629822
213.2122650
77.0304642
33.7587395
37.2128181
26.5850658
12.0655050
4.5516753
1.6752102
3.6850042
17.3836517
29.1528549
28.0245552
23.7787514
15.6278973
10.3466253
8.9891281
8.6463261
8.5169935
6.2887278
3.8505347
2.0084970
0.6957058
0.3928899
0.3942104
0.4662943
0.6959412
1.2678980
1.6696547
1.5649242
1.0510083
0.5462793
0.3836515
0.3134825
0.8070498
2.9668312
4.5525436
2.9683170
0.3711009
0.3031528
0.2926008
0.2343813
0.3200918
0.2363386
0.2814151
0.6591037
2.4672208
4.1489801
3.0755534
0.4504904
0.2397305
0.2309456
0.1950934
0.2593743
0.3470304
0.3707697
0.4548039
0.5304928
0.7632596
0.8431816
0.6994288
0.5019528
0.4988389
0.6966797
0.6089835
0.4382859
0.5223500
0.5827394
0.7519277
0.6925250
0.9037890
1.4221575
1.8812075
2.1663938
1.8607217
1.1415318
13.0263443
59.9603691
171.4655151
299.9364624
321.1915283
215.6020355
95.4487610
28.9626369
16.3701382
83.8628845
258.8751221
343.7342529
318.8493958
214.5839691
132.6894073
70.9260559
28.2360344
24.7381401
18.2884979
19.0512257
15.1768608
11.4433584
29.8272572
91.0382004
202.8312531
314.9031372
342.9283142
280.8634033
171.3601990
83.5106430
39.6553230
12.3014612
2.5210803
0.8020482
1.3714278
3.1674199
11.8733540
22.9625626
22.2781696
11.9585781
4.5141091
1.8283874
0.7319129
7.0978165
42.7381973
80.2812805
80.1487198
43.6822090
12.2111187
12.5007000
43.7688065
110.6445694
99.3257904
33.7029915
14.3730841
25.0332184
77.6207657
159.2640228
169.3519745
126.9920578
86.8815155
59.8246269
38.9171410
25.1072388
9.0554724
3.0615985
3.9085946
1.9882218
2.2640235
25.1148777
56.7976837
70.4858398
55.1126595
38.0465508
26.2839355
30.3320179
47.9288902
45.1872787
29.3384438
27.5078754
58.2956123
53.3134766
41.9065437
28.8540211
16.3899689
9.7882843
4.5935206
1.7009745
1.5785726
2.2079027
0.7554908
2.3111010
8.4213486
20.2992439
35.3323135
56.4878082
91.1052475
129.1560669
139.3724213
118.1126862
97.5720215
73.1935272
69.2874680
78.6465607
113.5751801
136.8655701
104.0572968
61.4334488
29.4467773
18.9921570
7.4507179
4.8512373
2.7177315
3.1295969
5.1837254
5.0782161
2.6987538
0.7268396
0.4360287
0.2696642
0.2600798
0.2900708
0.5370706
17.4682236
67.0612869
112.1468506
101.3744659
39.9089890
18.6371536
19.1770725
24.8109169
26.4235325
50.4418373
99.5110779
119.7309952
75.6001129
12.8361301
1.4496453
7.2816744
43.2126617
68.5309677
50.0103531
46.0417938
84.9444122
124.2517929
126.7451782
96.0640793
66.8623810
69.3218384
104.5462418
98.6847610
47.7689018
17.7971630
14.5203590
8.9860067
4.6566110
21.4927654
80.0495453
110.1363907
75.5780487
17.4673901
2.8651843
0.6371788
3.3976555
32.0077400
63.7794151
46.5559158
22.1752319
11.0368042
6.1224585
9.2155752
29.9917660
65.5040207
80.7956924
74.5314331
58.7921562
50.7144928
51.5457039
43.4574661
21.2956009
11.8749924
16.4637527
36.8359070
64.7332764
59.8562012
41.0366173
36.8961639
29.2070522
22.5998325
20.9930191
13.4887104
3.0699582
0.4045296
0.9307768
10.1998234
16.5273552
2.6108234
0.8066652
0.7181579
0.5092853
0.5738044
1.0130242
1.4544322
3.8783255
41.3883553
120.7398376
175.6568756
164.9882507
118.1120911
53.4300232
22.6497898
13.7226706
21.4173851
29.6626091
61.8646507
117.8325195
193.2195587
258.7834167
247.2353363
163.1465759
76.2770386
40.5598488
19.8039131
8.8145781
4.9785657
8.1898117
7.8589997
4.2544761
2.6313350
2.8868196
3.0429544
1.8777885
1.8863385
5.3456430
11.8733082
27.2024975
54.9008865
84.2800903
92.8065491
73.1907425
49.7184219
30.1190033
53.0227737
70.2169952
60.9334793
34.0402145
30.8371353
30.4022198
20.3374176
8.9925032
6.7011185
15.3411570
48.8875046
81.4366226
81.2563019
42.1127243
14.2351007
19.4813290
42.4256821
35.5577011
9.6592970
1.7379205
0.2355162
0.0858827
1.7487190
33.3578033
76.2189941
81.1192627
39.9122009
18.1787853
52.7229767
97.3852005
82.6612701
46.1459885
38.6508064
33.8456573
35.5595932
59.9862213
82.2696609
91.9539490
92.0794449
98.6804199
79.8446426
47.6338882
22.4610100
6.0164714
3.9269571
2.4400034
4.6631994
10.3661594
15.8945980
18.6893578
23.9568329
23.7576942
19.2436657
15.2627296
13.5523243
10.9261580
6.4690166
2.6032114
3.2326043
9.0826416
10.1791248
2.6345730
0.3256007
0.1419002
0.1217424
0.1425705
0.1353319
0.1341179
0.0362207
0.0014976
0.0000029
0.0000000
0.0000000
0.0000000
0.0000000
0.0000000
0.0000000
0.0000000
0.0000000
0.0000000
0.0000000
0.0000000
0.0000000
0.0000000
0.0000000
0.0000000
0.0000000
0.0000000
0.0000000
0.0000000
0.0000000
0.0000000
0.0000000
0.0000000
0.0000000
0.0000000
0.0000000
0.0000000
0.0000000
0.0000000
0.0000000
0.0000000
0.0000000
0.0000000
0.0000000
0.0000000
0.0000000
0.0000000
0.0000000
0.0000000
0.0000000
0.0000000
0.0000000
0.0000000
0.0000000
0.0000000
0.0000000
0.0000000
0.0000000
0.0000000
0.0000000
0.0000000
0.0000000
0.0000000
0.0000000
0.0000000
0.0000000
0.0000000
0.0000000
0.0000000
0.0000000
0.0000000
0.0000000
0.0000000
0.0000000
0.0000000
0.0000000
0.0000000
0.0000000
0.0000000
0.0000000
0.0000000
0.0000000
0.0000000
0.0000000
0.0000000
0.0000000
0.0000000
0.0000000
0.0000000
0.0000000
0.0000000
0.0000000
0.0000000
0.0000000
0.0000000
0.0000000
0.0000000
0.0000000
0.0000000
0.0000000
0.0000000
0.0000000
0.0000000
0.0000000
0.0000000
0.0000000
0.0000000
0.0000000
0.0000000
0.0000000
0.0000000
0.0000000
0.0000000
0.0000000
0.0000000
0.0000000
0.0000000
0.0000000
0.0000000
0.0000000
0.0000000
0.0000000
0.0000000
0.0000000
0.0000000
0.0000000
0.0000000
0.0000000
0.0000000
0.0000000
0.0000000
0.0000000
0.0000000
0.0000000
0.0000000
0.0000000
0.0000000
0.0000000
0.0000000
0.0000000
0.0000000
0.0000000
0.0000000
0.0000000
0.0000000
0.0000000
0.0000000
0.0000000
0.0000000
0.0000000
0.0000000
0.0000000
0.0000000
0.0000000
0.0000000
0.0000000
0.0000000
0.0000000
0.0000000
0.0000000
0.0000000
0.0000000
0.0000000
0.0000000
0.0000000
0.0000000
0.0000000
0.0000000
0.0000000
0.0000000
0.0000000
0.0000000
0.0000000
0.0000000
0.0000000
0.0000000
0.0000000
0.0000000
0.0000000
0.0000000
0.0000000
0.0000000
0.0000000
0.0000000
0.0000000
0.0000000
0.0000000
0.0000000
0.0000000
0.0000000
0.0000000
0.0000000
0.0000000
0.0000000
0.0000000
0.0000000
0.0000000
0.0000000
0.0000000
0.0000000
0.0000000
0.0000000
0.0000000
0.0000000
0.0000000
0.0000000
0.0000000
0.0000000
0.0000000
0.0000000
0.0000000
0.0000000
0.0000000
0.0000000
0.0000000
0.0000000
0.0000000
0.0000000
0.0000000
0.0000000
0.0000000
0.0000000
0.0000000
0.0000000
0.0000000
0.0000000
0.0000000
0.0000000
0.0000000
0.0000000
0.0000000
0.0000000
0.0000000
0.0000000
0.0000000
0.0000000
0.0000000
0.0000000
0.0000000
0.0000000
0.0000000
0.0000000
0.0000000
0.0000000
0.0000000
0.0000000
0.0000000
0.0000000
0.0000000
0.0000000
0.0000000
0.0000000
0.0000000
0.0000000
0.0000000
0.0000000
0.0000000
0.0000000
0.0000000
0.0000000
0.0000000
0.0000000
0.0000000
0.0000000
0.0000000
0.0000000
0.0000000
0.0000000
0.0000000
0.0000000
0.0000000
0.0000000
0.0000000
0.0000000
0.0000000
0.0000000
0.0000000
0.0000000
0.0000000
0.0000000
0.0000000
0.0000000
0.0000000
0.0000000
0.0000000
0.0000000
0.0000000
0.0000000
0.0000000
0.0000000
0.0000000
0.0000000
0.0000000
0.0000000
0.0000000
0.0000000
0.0000000
0.0000000
0.0000000
0.0000000
0.0000000
0.0000000
0.0000000
0.0000000
0.0000000
0.0000000
0.0000000
0.0000000
0.0000000
0.0000000
0.0000000
0.0000000
0.0000000
0.0000000
0.0000000
0.0000000
0.0000000
0.0000000
0.0000000
0.0000000
0.0000000
0.0000000
0.0000000
0.0000000
0.0000000
0.0000000
0.0000000
0.0000000
0.0000000
0.0000000
0.0000000
0.0000000
0.0000000
0.0000000
0.0000000
0.0000000
0.0000000
0.0000000
0.0000000
0.0000000
0.0000000
0.0000000
0.0000000
0.0000000
0.0000000
0.0000000
0.0000000
0.0000000
0.0000000
0.0000000
0.0000000
0.0000000
0.0000000
0.0000000
0.0000000
0.0000000
0.0000000
0.0000000
0.0000000
0.0000000
0.0000000
0.0000000
0.0000000
0.0000000
0.0000000
0.0000000
0.0000000
0.0000000
0.0000000
0.0000000
0.0000000
0.0000000
0.0000000
0.0000000
0.0000000
0.0000000
0.0000000
0.0000000
0.0000000
0.0000000
0.0000000
0.0000000
0.0000000
0.0000000
0.0000000
0.0000000
0.0000000
0.0000000
0.0000000
0.0000000
0.0000000
0.0000000
0.0000000
0.0000000
0.0000000
0.0000000
0.0000000
0.0000000
0.0000000
0.0000000
0.0000000
0.0000000
0.0000000
0.0000000
0.0000000
0.0000000
0.0000000
0.0000000
0.0000000
0.0000000
0.0000000
0.0000000
0.0000000
0.0000000
0.0000000
0.0000000
0.0000000
0.0000000
0.0000000
0.0000000
0.0000000
0.0000000
0.0000000
0.0000000
0.0000000
0.0000000
0.0000000
0.0000000
0.0000000
0.0000000
0.0000000
0.0000000
0.0000000
0.0000000
0.0000000
0.0000000
0.0000000
0.0000000
0.0000000
0.0000000
0.0000000
0.0000000
0.0000000
0.0000000
0.0000000
0.0000000
0.0000000
0.0000000
0.0000000
0.0000000
0.0000000
0.0000000
0.0000000
0.0000000
0.0000000
0.0000000
0.0000000
0.0000000
0.0000000
0.0000000
0.0000000
0.0000000
0.0000000
0.0000000
0.0000000
0.0000000
0.0000000
0.0000000
0.0000000
0.0000000
0.0000000
0.0000000
0.0000000
0.0000000
0.0000000
0.0000000
0.0000000
0.0000000
0.0000000
0.0000000
0.0000000
0.0000000
0.0000000
0.0000000
0.0000000
0.0000000
0.0000000
0.0000000
0.0000000
0.0000000
0.0000000
0.0000000
0.0000000
0.0000000
0.0000000
0.0000000
0.0000000
0.0000000
0.0000000
0.0000000
0.0000000
0.0000000
0.0000000
0.0000000
0.0000000
0.0000000
0.0000000
0.0000000
0.0000000
0.0000000
0.0000000
0.0000000
0.0000000
0.0000000
0.0000539
0.1532962
0.6393239
1.0787572
1.0094908
0.6128536
0.4071932
0.3599144
1.0834866
10.0416946
41.2917480
85.8215027
122.4957581
134.8554382
107.6910095
69.3665771
51.3063126
44.1310539
37.2671585
39.8449631
57.9440269
75.2818146
55.7086372
12.6975136
1.5392432
1.5780406
2.5129206
2.6137981
8.6155510
25.2382736
38.7315025
40.1655235
35.8103409
29.3086777
25.3489723
24.1421165
24.4906368
21.0969715
20.5098915
19.7223473
17.1030159
9.3107748
4.0851593
1.6720655
0.7084947
0.3591972
0.3067828
0.2231503
0.4227252
0.5095763
0.7061243
1.5652323
2.9336529
4.0099316
4.2589555
3.9888854
3.4457433
3.2615354
3.1518502
2.9981940
2.2724695
1.3724916
0.9016221
0.8218795
4.4340043
14.6628351
29.4415703
45.8455582
82.6700134
170.4155426
291.5134277
348.6617432
263.0262451
146.3101196
147.7040100
215.0170746
306.0420227
342.9914856
289.7741699
185.5343933
101.4271851
58.0846062
24.9020824
4.8582487
3.4758458
11.3824444
17.6937675
2.7905569
0.1255604
0.0641234
4.7457418
34.4050064
49.0085106
37.3802643
45.4621353
92.0504227
122.7376633
86.4409866
20.8433437
10.9883509
7.6525502
9.0548286
37.5012817
172.9168549
339.7179565
417.5505981
321.3343811
179.6523895
92.0907364
43.4082222
22.2674007
40.5680161
36.8006935
22.0539608
5.0947914
1.5112062
31.2032394
117.0899200
206.3068390
261.4836731
350.2179260
507.3904419
529.5928345
329.3696594
111.5696335
22.0626049
14.7682161
41.3687286
60.1026382
76.0858383
71.5981827
71.0649796
150.1851654
263.4561462
303.5273438
265.0195312
216.6351929
154.0435486
93.6772308
78.4561005
126.8237534
163.0272064
140.2193451
73.8166428
58.9363289
69.8712082
237.0109863
315.1319275
208.6891022
131.6018677
120.8316269
144.6889343
220.9284058
329.6121216
352.1045227
284.8745117
165.4270782
38.9260788
57.0072250
48.8624458
25.3497047
24.3976879
30.1925011
29.2587738
19.8472672
16.0255165
15.8945618
15.5304775
17.5328407
31.4621048
91.1961975
192.2485809
240.6903992
179.7352295
102.3437042
91.6685944
95.4745941
89.5175247
86.6869354
86.8697739
53.4624977
44.0958214
33.8075562
27.0256233
24.0186081
24.4104347
24.5459557
30.1386833
32.8980103
35.2920303
31.5983067
25.3085594
19.0792675
19.6871529
27.8697319
25.7814980
12.4472656
3.2814291
0.6097270
0.1726404
0.4179150
1.0224583
2.0177100
4.4516678
5.3577571
2.3029900
0.2341327
0.1890358
17.7774620
77.0448914
136.3110809
154.7148285
149.2665558
132.3600006
104.5916214
85.0196228
85.1398239
100.1042404
113.5455704
121.4162140
128.3300171
102.9623566
73.4645233
50.8353996
24.1350384
132.1892548
182.2553711
208.6871033
238.7935944
261.9758911
268.6404419
244.0945740
246.8040314
269.7180786
292.7442932
314.8024597
370.5246887
373.4902954
254.9127350
122.5436401
68.5792007
128.8157196
280.9289551
191.3570099
120.7556534
112.8548203
111.2433472
114.2894897
177.5502014
261.0142517
316.9830322
248.7912140
136.8187256
68.3187714
39.1152420
30.0086155
62.8982124
160.2720337
241.2239990
244.6554108
179.2909393
152.6830139
108.4693909
65.1423187
24.9977016
10.8168545
9.0975924
34.3543167
115.4535294
218.8339081
266.3985291
200.2581024
125.7224426
102.9240875
77.6610718
51.4193306
22.9624023
3.7326007
2.3495135
5.3555746
9.2100840
20.5661602
35.1789627
39.8171463
34.1219406
26.6022644
20.3140640
19.1026955
22.7601795
25.7248077
22.5332813
13.5073528
5.2278447
7.9088144
47.1444778
169.0151520
330.2511902
448.3316345
443.4921875
288.4649353
121.7538986
27.4107780
19.0322399
90.3062744
297.4841003
330.9110718
151.6142578
53.6687317
20.7625904
11.8618183
42.6859970
170.8902588
238.4656372
189.7377319
128.3113251
55.7393723
26.8112373
15.6899338
18.0934620
41.1854591
66.6923370
51.8638458
30.4718285
14.9815264
18.4629078
45.6908951
67.9728012
60.4766541
23.6794300
9.9964075
12.1713409
53.0819702
115.9080505
121.5818176
65.6472168
22.3405056
3.6770258
7.9491715
33.2368546
94.2873383
99.1931076
41.6976852
9.8990946
4.8111954
17.5363522
79.4628448
119.9847717
100.8226242
72.0078278
53.5207024
39.8976669
30.5438938
24.2527390
27.9219379
27.0963936
9.6448011
2.1106334
1.7483854
1.4764943
3.4138703
9.2072229
12.7224197
10.3460732
7.4688592
5.6851072
4.6589522
3.3959546
2.2191091
1.0480876
0.4556750
0.7966300
3.9395170
11.4066439
19.5775204
33.3397141
53.1908875
76.7013092
97.4199829
110.7885590
125.2949448
136.8666077
148.5656433
139.6079407
128.0523987
97.8870544
27.0867615
11.5332575
5.6932673
7.2223125
8.9141941
1.2466124
0.3287472
0.3814283
2.9601991
7.9118462
7.5112762
5.3833652
3.5134921
2.9889417
3.3146930
3.3141158
2.3708398
1.1079903
0.4190855
0.8411182
3.3790252
7.0742984
5.5573897
13.6211834
55.3243713
118.6293030
167.3991394
179.1980896
162.5128479
88.2676163
34.0816078
17.9234772
9.6730328
7.9018440
13.7611628
34.9649773
50.6502533
61.7365952
71.4606781
78.4722137
69.6076889
39.7994080
19.2577209
30.8332329
52.7227936
47.6373482
27.4303398
17.9157181
17.8282585
12.0935316
6.6114440
5.8929038
6.0644755
3.8217781
0.9218764
0.2625605
0.2774532
0.3496453
2.0015488
21.7413864
63.5441818
92.9815598
90.1536407
74.4390869
73.8308487
74.4331284
69.9560547
50.9784889
51.2216949
60.8888474
61.0194397
51.5970459
42.1980782
48.5048981
36.8244019
26.8587608
12.3239126
11.1824293
43.3714790
63.5278816
71.3607864
71.1765213
70.8086853
74.9510727
83.5366669
82.7188797
113.9209595
216.5807037
297.8000183
299.6864624
236.6524353
168.4377441
106.5261002
57.7597198
42.8617706
57.4138870
71.8480911
63.9808235
57.8812256
54.4159470
55.8165588
53.2368202
38.2399483
24.9655533
20.2208290
20.4343414
22.4245071
19.9109898
6.5252357
0.9491352
0.6268156
2.8486876
8.8375387
15.6358738
15.2455692
11.4777966
8.5409813
7.1307325
7.2212176
7.3763256
6.6145368
4.9030991
2.1803348
1.0054247
0.6434717
1.1126363
19.9690056
89.0511856
202.0410767
302.7033386
317.1308289
240.2800903
128.7753601
82.7196350
60.1989594
46.9039612
33.4571686
46.0409012
86.4463806
102.5929794
57.7309608
32.5818748
46.3411674
124.6832199
119.1494827
70.9185333
56.3773499
57.6782761
49.6367188
33.1468391
20.5979691
39.1064644
45.2369423
28.3919945
6.3970137
1.7875373
2.8421862
9.1775522
29.2202473
16.7333527
8.3662529
16.7984772
30.0727196
25.4488487
9.2341290
16.1143913
36.8412285
56.8759689
57.3024406
42.2827568
32.0297165
30.8217926
28.0783291
23.7704849
23.7914467
26.9093018
29.7746143
30.1624031
32.8010826
30.5013714
26.7787418
24.1996689
20.8643169
15.0911903
7.8066688
2.2542877
0.4736341
0.6753472
1.3053739
2.1984081
28.7439613
128.5801392
263.0610046
335.8490601
287.8147278
186.9647522
97.3706512
69.3747940
26.7922363
1.3661280
1.2059834
8.9875956
24.6235847
29.7473736
21.6589489
54.6404037
153.8757782
291.2652893
361.9963074
306.4972229
211.9956665
147.4110413
120.5014420
84.3204498
36.5209770
7.6532731
0.5715436
2.1772954
6.9703836
4.9266930
0.9541073
0.9245098
3.0619130
7.5868263
7.9211235
5.8730898
4.1380696
2.9371767
2.1399245
2.3714030
2.1789231
1.9368944
1.7930822
1.7510809
2.4845579
2.9026830
2.2573991
1.1426647
0.3096262
0.8913323
6.1857281
16.9032555
22.3378010
23.1952782
31.4141026
46.4551010
57.6469193
53.9353218
34.9611969
15.5579901
8.3091164
8.5644770
14.7945576
31.6856880
49.5262375
60.4525948
87.6207581
156.2582703
247.5281372
319.9610596
322.2414246
236.0425110
111.6632538
54.5291481
26.2465744
29.4358044
71.5696259
90.0913544
120.9307632
176.6607056
164.0724640
125.1518250
82.2666321
47.8237038
25.3997459
21.2959347
29.5304337
25.0492821
33.2090683
48.9230309
48.6384125
55.1741791
57.4489212
38.3950119
22.6861305
20.5213413
22.7373409
6.4289517
19.6351013
77.4931259
121.0531006
96.9778900
45.9889259
36.1955566
37.8004227
38.4301643
32.7336693
26.8008156
16.9937420
6.7001910
26.1277809
113.6469498
187.8944550
138.4179230
52.7677078
33.1355057
14.8772049
7.7486877
9.1172819
16.2527733
25.3997154
30.4497833
31.9413490
24.9418621
16.6138554
13.4498329
11.2793932
13.0693302
31.7133045
42.1046982
54.4150124
57.5955620
38.2659340
22.0240688
16.5175457
14.7931376
10.3040705
10.6230068
12.2100573
14.1008720
16.6673775
18.5326443
20.6970520
25.9403267
32.2998848
26.5991707
18.6581898
17.7393074
21.2782021
26.8485031
33.5910797
33.3729019
24.8837204
25.4647942
68.5800018
191.8629456
343.0287476
395.4347534
328.8931885
213.2335052
161.1829071
131.9500122
104.5414581
118.0916672
81.8331070
31.5199146
6.1430578
2.6768477
15.2470779
26.9478989
12.0043516
1.8327866
0.5670413
0.7161199
3.7378800
8.1242104
7.3743629
5.3376131
4.5277934
3.3524103
2.5255847
2.4072518
2.3902264
1.7128115
1.3339494
0.9879234
0.6728155
1.4669812
2.6962278
2.1719282
0.3861388
1.0909340
18.0823441
62.9441605
131.8222656
193.1310577
203.5115967
166.6963348
108.2361450
46.8694611
17.6917992
18.6296406
15.9360561
13.8513079
39.6894836
78.6920242
81.3846512
59.4687805
61.7018509
62.8350143
58.1989021
48.3972092
43.3646545
25.6370449
54.7050171
80.6054077
79.3063507
74.1225586
68.1535645
63.2525368
50.0032425
34.9949722
28.0817356
22.5877018
20.4676800
21.7064915
30.3217964
37.1328812
30.3307972
20.1295147
18.2158127
19.9410419
19.2862511
17.0482388
11.5497923
13.6099949
52.1828003
135.1291962
249.3265228
308.7118835
263.2516479
156.7884216
99.9097366
45.6023750
55.8719101
139.1782837
121.4432144
90.5997543
76.1518326
74.2536697
57.6616478
34.0255775
24.1829128
24.9516582
34.2892570
66.2297668
86.2765350
70.0736771
65.6586380
55.3269730
36.7992325
22.6666470
34.8425598
72.2575302
103.2631149
97.2025757
61.3062439
19.1722870
8.2852335
5.7966003
21.1664982
38.0650177
29.7185993
10.0983801
2.8002019
0.2673202
0.2855192
1.0939069
1.4041657
1.6691670
3.4594035
5.8803015
5.4946008
2.1273797
0.5508425
0.2761025
0.1410050
0.1576504
0.3906832
0.6928453
0.6269925
0.3479057
0.3584096
0.4146367
0.4080395
0.4224210
0.5409924
0.5133796
0.3802636
0.3736287
0.9180161
1.6275377
2.9783680
8.4449797
29.7308483
71.1027527
116.9793930
140.0668945
122.0107956
75.1465912
31.7038288
25.1546268
101.0450745
273.1217346
379.9928589
347.0438843
227.3767242
156.5585632
120.2698822
104.9583282
82.8597946
60.3453293
29.5316963
29.4276772
66.8107529
41.1516266
17.2746468
59.2516518
51.0410461
33.2066841
20.4365234
26.3672523
47.0396042
48.8144989
42.0410233
26.8478565
6.6280255
6.9879370
27.7174530
65.9176178
103.8675232
129.3649139
124.8631439
78.1967163
37.8388748
20.8644066
13.3214397
9.0745945
3.8372321
17.2094975
56.9665833
87.8555298
89.7725830
91.1206436
98.7232361
88.4532471
73.1490250
82.5060730
96.4737015
69.5218124
39.5502701
22.5462112
17.8506184
15.4118109
62.5336609
191.1672668
274.3203430
223.1683655
109.0947647
29.5048580
10.0775166
31.8318825
167.1992798
297.6146545
265.5979919
173.5771942
100.0192566
49.8607788
30.8341599
25.4918194
13.6297998
12.0273056
30.8218822
77.8748322
102.9019012
110.0424728
140.5257111
157.2752533
133.6446533
85.7539062
31.2518101
13.1099997
17.5947723
37.3416977
48.7975235
58.7464600
57.4827728
46.4926224
43.3329811
46.9224930
32.8619194
21.2954350
12.9682302
9.3962755
14.7935877
12.6144819
7.7628107
12.2013998
31.8718548
45.3229866
35.3920364
26.4842339
29.5496788
28.5165882
40.0568848
95.7920837
155.1902771
154.7014618
112.9988174
79.1740036
54.5456734
24.5376320
6.9600072
4.6483340
3.4460645
3.1218996
3.6386213
45.2129593
168.5956573
293.1732483
323.4101562
254.7785797
171.3182373
116.2854004
84.4135437
42.9162674
116.8158569
124.7380524
79.2098007
52.6202965
32.4482841
17.4412556
4.5457110
13.5299473
23.2345352
34.7779236
65.6721573
113.9027634
120.3174057
66.0284653
19.9713478
13.9176998
14.4224052
16.5535583
15.9566488
11.6466923
6.2124329
5.5405879
6.8363423
5.5015740
1.4495629
0.2728381
0.9379562
5.3582926
28.9978504
57.5700378
56.8696938
33.9889641
23.0188313
30.5843334
45.2363281
46.5899277
39.5622482
38.5765266
61.8552094
79.3167191
79.3862839
55.7623024
29.3807182
17.6336956
18.4075661
27.2257500
29.2787361
23.8050232
17.8789940
10.3537626
18.6432934
67.8620834
94.7069702
82.6906357
54.6817322
26.1229725
6.7007589
1.2938545
0.7110653
5.8210897
26.7195606
61.5115318
86.7950745
97.1913757
85.8735123
48.7061577
20.3804474
16.1155434
9.9449911
5.3988810
20.2509632
35.9535294
32.1885376
36.8997765
43.1121140
35.1469193
19.1708527
16.8445091
18.4234581
28.7092590
49.5114594
57.4535599
49.2046204
35.7188988
22.0436478
19.4068871
33.8355064
39.1863098
35.7196274
40.2662468
49.5587807
56.5632401
48.7498322
27.7628822
6.9185801
1.8987154
2.5207455
6.5029635
7.7442031
15.5430479
28.1809845
40.7073364
47.2749367
44.9033585
38.1666679
35.4414597
36.0420952
34.3124580
26.8294468
16.2460785
13.7892008
44.6659698
45.1623154
44.3752022
42.8997955
37.8888397
28.4249249
16.6873665
18.6225243
18.4998226
20.7587719
16.5301361
6.8279867
2.4461155
12.4585476
36.6899643
64.8085556
83.7655334
96.6725464
87.7279205
65.5846786
36.8839111
15.6019449
7.1540914
1.4614902
1.6631100
11.0477734
32.3224678
45.7858009
53.7825928
64.1381149
81.3578186
99.6184845
117.4406967
128.8283386
130.3076782
108.2531662
75.5043564
51.9603615
38.8782539
100.2095261
98.1978912
58.6959343
26.3076172
17.8216515
15.5302296
16.1042442
14.0698853
32.2450409
56.0830231
51.5969048
27.5029469
15.0121946
19.4120178
62.4269524
119.5461655
128.8436127
83.2718430
36.0634079
25.4622116
53.4941025
64.2635040
38.6320610
9.9001379
5.1149430
4.7426929
5.6976914
5.9322176
7.1252089
7.6951060
7.5120854
6.0483813
7.0960798
24.3803215
81.9581451
156.1203613
183.9909973
137.2661133
79.8860092
48.2303696
36.6292877
28.6035748
36.0740242
55.1002998
76.5641098
85.2287064
74.4298019
73.4163284
70.3775635
62.6131325
49.3452950
34.3729477
23.6953602
18.4777050
19.2901192
16.5794277
11.0405340
5.5171070
11.1847420
22.8269081
31.4184151
29.0950203
23.0742111
19.4988804
21.3357716
20.2697601
11.6850414
3.9868307
1.2912669
1.0182511
1.2071184
1.6223360
1.4753907
1.9265404
2.9608016
4.0801268
4.9982367
7.4699302
12.1076126
14.3504963
9.0246458
1.6468573
2.2218413
16.7859840
37.2318115
38.1475601
28.9424286
41.0245438
81.5497894
111.5643311
80.3841629
21.2655048
9.8368416
8.5958023
10.2841616
3.7258902
3.2748075
18.6370850
43.6623650
58.3893051
58.6322403
49.4055481
30.3580589
25.0792141
47.2340965
62.9430504
53.0295982
36.3961411
21.7661667
17.6184502
42.0415497
35.5789719
28.6241112
26.9182854
22.7121315
15.5180702
11.4925861
17.8355103
47.0737534
72.6665497
75.6471100
58.2040405
40.6656494
23.3647404
11.1197510
9.4770937
13.0707617
18.1582127
27.5630779
63.3428802
112.0664368
151.4855042
155.2134705
115.7464142
48.3018684
8.6583462
4.1940613
35.5490112
140.8446960
223.5457458
260.8323059
277.0578918
239.0225372
165.6963043
167.2224121
116.4184723
64.4914780
29.9398041
20.1737518
26.9276714
22.8577118
11.3925552
11.7512827
42.2369156
91.7143631
142.7080688
167.3634796
141.3417816
90.6510773
59.0484009
42.4107285
28.6856346
30.7635975
26.4378452
5.9451294
3.7450190
9.2539501
12.1874905
2.6588666
0.3126147
0.8796567
5.5431004
14.5797176
15.7259245
13.2336254
9.8567886
7.1459341
6.0845752
4.5726457
4.0143356
4.0295281
3.9045675
3.3795054
2.0994565
1.6292565
1.4998509
1.2848301
1.3905551
1.4532198
1.4408791
1.2517556
1.3473525
1.0311630
0.7906681
0.6226635
0.4979742
3.3908968
22.9210682
62.5021515
101.1303864
107.0000610
68.1951370
18.7267094
9.6701412
24.6393795
66.3041077
105.6027145
84.2661133
27.3564930
13.1247053
16.5334835
50.7947121
96.9304199
134.7962494
121.4054794
88.2052460
53.9134331
48.5033531
57.1536827
92.7113800
192.3813171
273.7294617
233.0858917
144.2156982
61.1722908
34.5461044
4.8173242
2.8872490
31.8961849
92.1303558
139.5074310
147.2247467
115.5100174
69.0585403
18.6491585
12.8698435
57.2468300
141.1438141
177.7635803
120.0376358
61.6957550
25.5646877
19.8650684
28.3188934
63.0959320
94.0363388
80.7490311
64.5630188
50.2920074
51.6807899
41.8187866
32.5293579
20.4308014
40.0581665
65.8060150
56.3442154
31.7099514
13.0389214
1.1548704
0.4253488
8.8883801
50.3643951
85.6487045
68.7645874
67.5925522
152.7660370
241.0072479
224.6232452
127.8996048
60.4117012
37.0463562
44.1813431
44.1808586
26.5138512
27.4523544
40.4323463
50.4055939
36.8953667
21.5235596
9.4406357
14.5234146
12.9636841
7.2051220
16.7878208
16.8569221
6.2440176
2.4209380
3.6994390
4.2223334
5.6681828
7.2503619
8.3657637
6.2949471
2.9335847
3.4075518
8.8770227
25.5544052
50.5550804
60.5389900
52.2268677
36.6552887
26.6358414
23.9870148
9.3257008
3.5327108
2.9396253
2.3190506
2.1684017
2.3873327
2.1698093
2.0966642
3.7856309
9.5845470
16.1222858
21.3327980
44.4759445
87.9872284
134.1051483
134.7302399
91.1155472
44.9432335
26.5403194
19.8900433
9.2075033
7.5841122
30.4276695
81.3873291
115.9540787
94.4436493
48.1025429
13.9454231
12.5156860
26.7807903
33.4000397
28.2683334
20.0832119
15.9623528
31.4468079
68.6347198
91.4056702
77.6603241
51.4335823
39.7715187
34.7846222
32.1278419
35.9181557
34.7930527
31.5732574
37.5574913
35.4711876
27.9412937
27.1923904
24.2215462
16.2316933
10.9307156
8.7385683
5.2110357
2.5159872
0.8287743
0.4313565
0.3272256
1.1301314
3.0941665
3.9744220
3.8047514
3.6247497
3.9226606
4.1786313
4.2079444
4.5398355
4.9884858
5.1023517
4.4717336
3.6928964
3.3862405
2.9263425
2.7334344
2.7604382
2.5484443
2.0966892
1.0583274
3.8824043
18.6632023
52.0317192
122.6767883
200.1054230
197.8840637
129.8287354
73.0788269
41.7844391
25.4172421
14.4761305
12.2386713
25.3861904
53.0022659
82.3176727
125.3156281
170.4010468
179.6459656
120.2873459
53.5279198
18.6676960
12.1534939
7.7868881
3.4966040
13.5679331
48.0583229
99.3641510
126.4758377
108.8837738
69.4715729
55.4216652
75.0198288
96.0611649
89.3167572
74.3837509
53.1458969
39.4285583
25.3146648
21.8156605
36.1120186
31.1489697
15.3542814
5.6501913
12.2576256
19.9878578
46.6336784
68.5305557
59.3744278
35.3178902
28.3026772
22.9820137
54.8160706
140.5503998
188.1604919
167.8963623
125.8957977
74.4446869
40.0051231
27.7520256
16.4207745
11.4720535
9.4767494
11.7240133
11.0373602
7.2302008
5.7398233
3.6062100
1.4919343
2.4428670
5.8279262
11.0245075
11.7427139
12.0287275
33.8443222
88.0941010
135.1233368
125.5689392
58.3538399
15.0020027
2.2683313
4.0108042
17.0784492
24.5971603
32.9611740
41.5501328
45.8534546
43.7949333
48.1652260
62.7213821
60.9328346
46.4412155
33.5920334
28.3529320
21.1184063
8.4528980
0.8551131
0.1621172
0.1161741
0.2979361
27.0664673
108.5065842
182.8140717
183.9972687
105.8345566
51.5950127
47.2683525
50.0082245
40.6913414
28.7512665
17.4795723
16.0916195
15.3172255
15.4801025
24.2186317
72.6990128
157.2818909
208.8339081
174.2284851
85.0557251
46.8438873
32.9188118
24.9807167
17.4453106
14.5289230
14.4740343
27.4234295
46.9563675
42.5321159
35.5803680
46.6019020
62.7424622
68.6864929
81.2436371
92.7192612
107.4754715
106.2929993
116.0263443
136.7540588
131.4073334
81.9958496
27.8748760
23.7621994
135.0175476
269.5516968
257.2014771
140.6896973
92.1999817
94.0416489
82.2746887
47.4704895
17.5002975
14.7031002
35.7969322
110.4179382
179.9276733
187.0447388
158.3331909
125.0511932
96.1284637
77.0043640
67.1548004
52.7649231
39.8137093
28.9611473
21.2476254
13.5070210
6.7242050
3.9454758
1.7213726
0.4401360
1.3316849
4.7166896
5.0509162
1.4453958
2.0195880
9.0438633
22.5157528
32.4329300
36.5425148
38.0291443
35.9305840
32.8590469
30.5977192
33.2793961
35.0312080
32.5022621
35.1953163
31.7288094
26.6484146
23.2166977
21.1303215
15.9985657
8.3329630
3.1368914
0.7494581
0.2035009
0.1658742
0.2469105
0.2396441
0.5259983
8.0104733
35.5103683
98.1631088
169.1362762
187.7674713
160.1335449
134.4137268
175.6619110
213.5501862
198.5401917
129.6982269
42.8916130
9.5729847
1.8287436
0.5382119
1.5953102
13.5826044
47.0759583
73.6892548
105.9310837
177.1074982
241.6459656
244.6122131
180.8866425
123.8504181
84.0234299
49.7258339
44.6537819
75.8451843
81.9050751
61.2346611
32.1195488
8.1536293
3.5413728
10.4751148
22.4989662
19.1718941
8.0381098
1.9706999
0.6346225
0.0917831
0.1838652
1.1423163
2.7331617
2.8676791
2.5882592
2.2916622
1.6817614
0.9116486
0.8219455
0.7582751
0.6191853
0.4057287
0.5388046
2.2188346
6.6230187
31.1831512
109.6619415
192.4079285
186.6237335
89.2010880
46.7102242
58.6543350
73.3251038
83.9273376
83.6838608
59.2833214
45.2700691
33.4791298
17.2221870
13.2911253
13.0124454
20.7915497
51.3720474
101.0174484
109.3541794
55.9350815
28.0386009
62.2634201
135.9123535
182.7451019
116.9321060
26.9078674
7.6128769
3.0717351
1.7441697
2.4027023
12.8019333
40.9558563
63.5447311
50.9422569
18.3076096
3.6100886
1.1893897
1.0525241
12.6332664
66.9404373
154.7828979
190.7432098
141.1095276
56.0023994
17.4083366
10.4226274
26.3796577
68.9773865
94.4337616
75.5381851
43.0111771
9.5599661
2.6457093
0.4760134
7.1794209
27.9673157
50.1336899
71.8103638
101.5179062
110.4268570
82.8445969
50.5927925
44.4024353
49.9001808
41.7405014
41.5723648
48.0290108
46.9342270
43.3603058
37.4835129
39.1921005
49.2655144
55.8130951
58.4772568
50.1268158
35.7658348
26.5440922
36.8920898
49.3537560
30.0503540
10.1153736
2.7952704
8.0187168
39.2603264
85.0026779
97.0645142
53.8641472
14.5582743
7.9538183
13.4228029
41.0479355
44.6667290
20.9128132
7.4954696
5.4805970
6.3209152
6.9773774
4.4880052
7.6908708
8.5061474
6.1704583
5.0212622
14.9734879
24.9192123
22.1999969
11.3868113
25.5919800
55.2680130
69.0746307
63.5943604
48.3891296
33.9284973
28.0308151
29.1740131
26.0771313
15.3764162
8.7437716
7.6396899
8.1092510
12.6021414
16.0589256
17.5066910
18.2591839
25.1036396
29.5033016
28.6133728
25.4593506
26.9024429
28.5769997
27.1427612
23.8648434
25.0674019
33.5875626
38.2315140
49.8621025
76.2507553
88.1350021
62.5225334
22.2380333
8.1365566
7.3791032
11.9492416
27.0046978
16.1168442
5.4602237
3.9201026
9.2726784
10.7966366
4.4634743
0.8337082
5.3868155
24.9829426
43.2343292
38.2139549
27.4690285
21.5104179
12.6576195
3.4589272
1.9384563
3.6697941
8.6771336
10.0316372
3.0339210
0.9563684
0.6588901
0.6301822
0.4972407
0.3123354
0.1480458
0.0364275
0.0071640
0.0000192
0.0000000
0.0000000
0.0000000
0.0000000
0.0000000
0.0000000
0.0000000
0.0000000
0.0000000
0.0000000
0.0000000
0.0000000
0.0000000
0.0000000
0.0000000
0.0000000
0.0000000
0.0000000
0.0000000
0.0000000
0.0000000
0.0000000
0.0000000
0.0000000
0.0000000
0.0000000
0.0000000
0.0000000
0.0000000
0.0000000
0.0000000
0.0000000
0.0000000
0.0000000
0.0000000
0.0000000
0.0000000
0.0000000
0.0000000
0.0000000
0.0000000
0.0000000
0.0000000
0.0000000
0.0000000
0.0000000
