0.0000000
0.0000000
0.0000000
0.0000000
0.0000000
0.0000000
0.0000000
0.0000000
0.0000000
0.0000000
0.0000000
0.0000000
0.0000000
0.0000000
0.0000000
0.0000000
0.0000000
0.0000000
0.0000000
0.0000000
0.0000000
0.0000000
0.0000000
0.0000000
0.0000000
0.0000000
0.0000000
0.0000000
0.0000000
0.0000000
0.0000000
0.0000000
0.0000000
0.0000000
0.0000000
0.0000000
0.0000000
0.0000000
0.0000000
0.0000000
0.0000000
0.0000000
0.0000000
0.0000000
0.0000000
0.0000000
0.0000000
0.0000000
0.0000000
0.0000000
0.0000000
0.0000000
0.0000000
0.0000000
0.0000000
0.0000000
0.0000000
0.0000000
0.0000000
0.0000000
0.0000000
0.0000000
0.0000000
0.0000000
0.0000000
0.0000000
0.0000000
0.0000000
0.0000000
0.0000000
0.0000000
0.0000000
0.0000000
0.0000000
0.0000000
0.0000000
0.0000000
0.0000000
0.0000000
0.0000000
0.0000000
0.0000000
0.0000000
0.0000000
0.0000000
0.0000000
0.0000000
0.0000000
0.0000000
0.0000000
0.0000000
0.0000000
0.0000000
0.0000000
0.0000000
0.0000000
0.0000000
0.0000000
0.0000000
0.0000000
0.0000000
0.0000000
0.0000000
0.0000000
0.0000000
0.0000000
0.0000000
0.0000000
0.0000000
0.0000000
0.0000000
0.0000000
0.0000000
0.0000000
0.0000000
0.0000000
0.0000000
0.0000000
0.0000000
0.0000000
0.0000000
0.0000000
0.0000000
0.0000000
0.0000000
0.0000000
0.0000000
0.0000000
0.0000000
0.0000000
0.0000000
0.0000000
0.0000000
0.0000000
0.0000000
0.0000000
0.0000000
0.0000000
0.0000000
0.0000000
0.0000000
0.0000000
0.0000000
0.0000000
0.0000000
0.0000000
0.0000000
0.0000000
0.0000000
0.0000000
0.0000000
0.0000000
0.0000000
0.0000000
0.0000000
0.0000000
0.0000000
0.0000000
0.0000000
0.0000000
0.0000000
0.0000000
0.0000000
0.0000000
0.0000000
0.0000000
0.0000000
0.0000000
0.0000000
0.0000000
0.0000000
0.0000000
0.0000000
0.0000000
0.0000000
0.0000000
0.0000000
0.0000000
0.0000000
0.0000000
0.0000000
0.0000000
0.0000000
0.0000000
0.0000000
0.0000000
0.0000000
0.0000000
0.0000000
0.0000000
0.0000000
0.0000000
0.0000000
0.0000000
0.0000000
0.0000000
0.0000000
0.0000000
0.0000000
0.0000000
0.0000000
0.0000000
0.0000000
0.0000000
0.0000000
0.0000000
0.0000000
0.0000000
0.0000000
0.0000000
0.0000000
0.1209015
0.5756222
1.1901546
1.6185348
2.1295903
5.5446324
24.4395008
74.8219070
142.5302429
177.3309631
157.2347565
116.0714951
91.7087097
58.8081093
80.4813080
83.6129074
68.7232437
53.2477112
45.3075256
40.6817970
32.1334419
25.7235756
21.6490993
15.7029047
10.3580322
6.2173796
4.7408733
8.9947023
9.9711552
8.0008135
4.4908295
2.6746998
2.0186687
1.3038925
0.7694886
0.6769197
0.4589605
0.3365373
0.4625562
0.8024422
0.8152804
0.4707453
0.4106882
0.8002443
2.2325397
3.2180963
2.1701508
1.0780337
1.2318101
3.1422985
13.2834606
43.0602226
117.1461868
218.3464050
262.7200317
215.1055603
171.6785889
155.6673126
146.8727875
129.7274628
152.4046021
279.1978760
221.3485107
73.3042450
9.3944874
3.6106994
6.4038291
13.6645355
11.2190151
5.3139572
27.0604954
89.8184052
126.8566818
125.8608093
129.0936890
126.8644028
113.3521881
76.7848053
46.0133972
22.0611496
9.0889559
10.3714991
20.9928532
21.3248501
9.2515736
2.5647378
18.1324844
65.2855301
114.3448181
123.7949142
119.2621689
100.5703049
69.2523422
58.7027817
39.9785156
23.7661514
16.7632370
45.2840004
68.8093262
51.4425163
14.6470118
7.3779030
18.1309624
46.9413795
78.5008850
101.9693832
125.4533920
157.7612762
187.4137878
174.1342468
129.3522491
98.7539291
54.9573479
17.6074142
4.3787479
1.8724597
17.9933052
61.4371719
105.1139832
125.6440887
110.7043762
76.0106354
51.5629578
34.6766434
27.4698772
48.3583336
77.1554108
79.7646484
42.0828781
12.7881413
16.8358345
63.6999741
150.8568878
152.7649994
103.4837189
70.5370255
48.4684792
85.8557892
120.9665375
115.5126190
95.5192261
75.0785446
51.7752647
51.6053810
64.4121017
54.8465500
34.9593620
44.0211830
49.9230423
61.8016129
70.5825272
60.6460419
54.1023331
63.4308777
75.9615326
88.0558777
106.0051880
137.0964355
149.2979736
137.1017609
115.3815842
93.9747543
63.6626053
123.9859390
182.1835785
180.4276123
161.7295074
118.4010696
71.9127426
50.2451820
37.6467361
25.0415344
16.5146523
18.4451485
25.5623550
34.6162720
47.2732010
46.7920532
35.0070038
26.1329079
24.9994774
25.3324642
45.0789719
103.0358047
194.0031586
282.8241272
283.0143433
224.7809143
158.8507690
148.5118713
138.2081757
90.2740326
40.2587776
131.0186920
102.2843018
54.5399246
19.5511436
25.4141808
19.9119263
22.5088882
25.9843826
52.8615532
67.3974457
64.1902924
58.4297333
56.6678047
86.3802338
136.1222229
166.9287720
157.0129395
133.2061462
107.3382034
68.9632492
26.8659019
52.9989891
20.2419281
7.8985810
7.2995028
3.4999585
2.4310691
2.4262285
4.5092821
9.5290976
16.6859951
20.4309959
18.6881561
15.4797983
12.9960632
11.4042683
8.7739849
8.3653145
7.6298828
7.0601263
6.8228331
6.3151574
7.1235332
9.7307396
10.6614609
10.3652229
7.9859128
4.9411182
2.0740705
0.7640872
0.3617186
0.4203071
2.6107447
7.2091818
9.5083427
10.8354931
10.5349684
9.0621147
8.0276871
7.3466520
6.9403620
6.2994766
6.0901365
5.3037710
5.2084656
4.8371477
4.5954514
4.6297956
5.3366890
6.0297580
5.9173832
6.1557846
6.5685272
6.8867164
5.8522120
5.5896411
5.9283032
6.1000605
5.8746829
5.8636417
5.9648471
6.3146458
7.7559738
11.3490200
14.0011873
12.6489468
8.3881750
4.6309800
2.4980001
1.9714941
2.0895753
2.1266932
2.8788002
3.4646771
3.6449552
3.1584992
1.6737765
0.7615426
4.3765779
22.4890308
47.8188095
61.1480865
59.4775543
88.1643753
162.7747040
227.2247620
241.2765350
252.1912231
270.8666077
256.9815369
131.3531036
29.2691498
10.2032080
4.6285715
4.6445160
25.1424904
86.0912170
105.1911087
100.4403687
88.2667847
78.5448151
81.8270569
68.4732819
41.7240372
73.6567764
106.7266159
162.4855957
223.0120392
223.4520569
204.3322601
177.3168182
140.5106964
36.7982941
27.5822563
30.4710350
26.9770031
11.1437588
2.3653409
0.1816055
0.6565501
21.6663456
83.7050781
145.7230988
180.5359650
164.4976349
134.8347321
107.3340988
78.5551453
51.0824356
25.3179016
18.5886784
21.3189507
11.6161613
3.8227913
40.1987152
91.8120346
131.6721954
144.7592316
133.2794495
118.0523376
107.0795746
96.3110962
80.2920456
63.9865913
57.0977936
56.1765404
60.0980682
51.1835556
41.3342972
24.2594681
10.3986397
35.3084946
32.3365517
35.6928787
60.0396118
61.5618401
56.3717499
56.8812370
67.7521286
62.0369492
39.6722908
27.0198727
22.6746559
17.0650597
18.2886181
20.9239902
20.4245319
17.2833061
20.6814575
30.2218246
33.1085281
32.5400047
47.9841080
67.1503677
68.4559555
63.4442062
58.1686630
66.4995117
68.6523514
49.4576454
20.4488430
37.0529633
61.5706673
80.2162323
68.8543243
26.6576195
10.3595867
9.2358723
8.1159077
12.1501064
49.1053085
112.2962723
137.9925232
127.7057343
99.9509811
74.5946274
45.9121780
46.7970848
58.6891708
49.5970573
23.2309151
10.3050890
14.4559898
44.5697327
104.8079071
101.5556793
53.2547989
13.5592957
11.3077984
18.4899082
33.7950974
55.1753998
77.1724014
75.9328842
67.2737579
62.9862213
59.3256912
50.5509300
36.8411026
18.9554577
5.4494829
1.0019615
0.7914576
0.6701694
0.5708611
0.6374222
2.8125238
10.8456011
15.6954088
11.4461479
22.2163029
58.7418022
100.7148819
147.5845184
182.4205322
151.5153961
77.4912033
40.8231087
17.5279751
34.4419212
54.0177383
76.5200043
92.7608643
83.5800323
55.2059059
32.9727669
30.6595535
36.2177086
17.3932457
4.0837564
0.9759481
0.2930127
0.4196831
0.2399844
0.3387047
0.3473736
0.3473912
0.3038352
0.3924509
0.5394284
0.5890405
0.7448303
10.1108923
32.2079697
50.9255295
51.3965111
35.3897591
20.4253559
14.1173477
12.5196095
11.1615543
9.2176609
8.0296249
6.1808662
4.9127932
4.5427856
4.8846674
5.0170155
6.2636042
7.5517087
8.7991419
8.7235823
8.2318907
8.1513157
8.3656216
8.6366615
9.1185141
9.1344662
8.3354359
6.8658137
5.0612884
5.2387848
4.9031334
3.8741455
4.2426262
4.5707736
4.5890865
4.5306392
3.9396060
3.7296686
4.0673394
3.8961070
3.8590999
3.3686728
2.3470805
1.5974677
1.6501800
1.9383686
2.0311615
1.9646220
1.8266062
1.7347319
1.4138926
1.3490371
1.2082020
1.1293931
0.9330702
0.6384654
0.6101567
0.6050634
0.4103982
0.1387872
0.0286428
0.0018887
0.0000056
0.0000000
0.0000000
0.0000000
0.0000000
0.0000000
0.0000000
0.0000000
0.0000000
0.0000000
0.0000000
0.0000000
0.0000000
0.0000000
0.0000000
0.0000000
0.0000000
0.0000000
0.0000000
0.0000000
0.0000000
0.0000000
0.0000000
0.0000000
0.0000000
0.0000000
0.0000000
0.0000000
0.0000000
0.0000000
0.0000000
0.0000000
0.0000000
0.0000000
0.0000000
0.0000000
0.0000000
0.0000000
0.0669736
0.5169379
1.2817739
1.8559358
2.0445709
1.9013186
1.8030947
1.8023609
1.8870569
1.8053859
1.7051604
2.1085739
2.6842129
2.9914107
3.0787218
2.8382626
2.5682864
2.2440596
1.5149478
1.2726259
1.1536992
1.5510769
1.5108626
2.3730183
13.0182934
25.8645439
40.7467957
103.6017456
182.4558868
188.2490845
126.4867020
82.7021027
55.7669220
45.2173920
66.5423737
46.6980591
39.8703766
48.9679756
32.6952934
11.4696770
6.5684080
39.5305481
144.8115387
274.0297546
307.5762024
224.5471039
141.2082672
85.4276886
53.0859146
16.7447567
2.9926829
0.4108564
0.1185249
0.2621999
0.4900874
0.5609328
1.3245504
2.4242303
3.4273543
10.7944965
30.7444496
55.2232590
69.1464691
77.4897614
90.4047089
114.7582169
124.2335739
110.2977142
92.4654922
74.0662308
59.1419678
47.6393967
36.9785690
28.1782799
31.6052017
49.5820274
52.4227295
45.6215477
49.1740532
79.4131622
140.3205261
211.3634796
239.8558197
188.7376404
103.7189026
41.5580788
15.9285774
7.7828178
5.6884928
8.8170881
24.5209389
30.5091686
25.0785694
32.3267593
61.2546387
105.0020828
149.7506714
156.5161438
113.6417007
46.9719505
13.7163363
8.7591972
19.3897190
60.3877106
88.7785873
64.8763199
28.7947330
4.0007238
1.9794043
1.1324435
0.6555547
0.4400214
0.3608513
0.4173641
0.4297964
1.2050273
3.6539018
6.2690940
7.0763178
7.8791986
19.9266167
43.3082047
62.0255356
62.7485619
48.6283150
33.7442856
14.2739239
22.3264427
17.3054428
17.9432888
18.1230354
19.4479561
22.9972897
25.3805275
36.9403152
54.4358902
68.1032867
79.0364227
88.6946182
93.5412445
86.1481934
66.1110535
46.7003937
30.3978767
19.9741516
10.7230911
4.9063530
2.4086571
0.4564906
0.3662188
0.1585315
0.1580447
0.1293324
0.0867110
0.0052276
0.0000737
0.0000000
0.0000000
0.0000000
0.0000000
0.0000000
0.0000000
0.0000000
0.0000000
0.0000000
0.0000000
0.0000000
0.0000000
0.0000000
0.0000000
0.0000000
0.0000000
0.0000000
0.0000000
0.0000000
0.0000000
0.0000000
0.0000000
0.0000000
0.0000000
0.0000000
0.0000000
0.0000000
0.0000000
0.0000000
0.0000000
0.0000000
0.0000000
0.0000000
0.0000000
0.0000000
0.0000000
0.0000000
0.0000000
0.0000000
0.0000000
0.0000000
0.0000000
0.0000000
0.0000000
0.0000000
0.0000000
0.0000000
0.0000000
0.0000000
0.0000000
0.0000000
0.0000000
0.0000000
0.0000000
0.0000000
0.0000000
0.0000000
0.0000000
0.0000000
0.0000000
0.0000000
0.0000000
0.0000000
0.0000000
0.0000000
0.0000000
0.0000000
0.0000000
0.0000000
0.0000000
0.0000000
0.0000000
0.0000000
0.0000000
0.0000000
0.0000000
0.0000000
0.0000000
0.0000000
0.0000000
0.0000000
0.0000000
0.0000000
0.0000000
0.0000000
0.0000000
0.0000000
0.0000000
0.0000000
0.0000000
0.0000000
0.0000000
0.0000000
0.0000000
0.0000000
0.0000000
0.0000000
0.0000000
0.0000000
0.0000000
0.0000000
0.0000000
0.0000000
0.0000000
0.0000000
0.0000000
0.0000000
0.0000000
0.0000000
0.0000000
0.0000000
0.0000000
0.0000000
0.0000000
0.0000000
0.0000000
0.0000000
0.0000000
0.0000000
0.0000000
0.0000000
0.0000000
0.0000000
0.0000000
0.0000000
0.0000000
0.0000000
0.0000000
0.0000000
0.0000000
0.0000000
0.0000000
0.0000000
0.0000000
0.0000000
0.0000000
0.0000000
0.0000000
0.0000000
0.0000000
0.0000000
0.0000000
0.0000000
0.0000000
0.0000000
0.0000000
0.0000000
0.0000000
0.0000000
0.0000000
0.0000000
0.0000000
0.0000000
0.0000000
0.0000000
0.0000000
0.0000000
0.0000000
0.0000000
0.0000000
0.0000000
0.0000000
0.0000000
0.0000000
0.0000000
0.0000000
0.0000000
0.0000000
0.0000000
0.0000000
0.0000000
0.0000000
0.0000000
0.0000000
0.0000000
0.0000000
0.0000000
0.0000000
0.0000000
0.0000000
0.0000000
0.0000000
0.0000000
0.0000000
0.0000000
0.0000000
0.0000000
0.0000000
0.0000000
0.0000000
0.0000000
0.0000000
0.0000000
0.0000000
0.0000000
0.0000000
0.0000000
0.0000000
0.0000000
0.0000000
0.0000000
0.0000000
0.0000000
0.0000000
0.0000000
0.0000000
0.0000000
0.0000000
0.0000000
0.0000000
0.0000000
0.0000000
0.0000000
0.0000000
0.0000000
0.0000000
0.0000000
0.0000000
0.0000000
0.0000000
0.0000000
0.0000000
0.0000000
0.0000000
0.0000000
0.0000000
0.0000000
0.0000000
0.0000000
0.0000000
0.0000000
0.0000000
0.0000000
0.0000000
0.0000000
0.0000000
0.0000000
0.0000000
0.0000000
0.0000000
0.0000000
0.0000000
0.0000000
0.0000000
0.0000000
0.0000000
0.0000000
0.0000000
0.0000000
0.0000000
0.0000000
0.0000000
0.0000000
0.0000000
0.0000000
0.0000000
0.0000000
0.0000000
0.0000000
0.0000000
0.0000000
0.0000000
0.0000000
0.0000000
0.0000000
0.0000000
0.0000000
0.0000000
0.0000000
0.0000000
0.0000000
0.0000000
0.0000000
0.0000000
0.0000000
0.0000000
0.0000000
0.0000000
0.0000000
0.0000000
0.0000000
0.0000000
0.0031079
0.3669078
1.4868510
2.8003783
3.4585872
3.2099519
2.6018085
2.0438797
1.6943998
1.3920460
1.7474048
1.9853362
1.7317435
1.6666708
1.5390689
1.1496682
0.6412711
0.5574121
2.3053522
5.0574732
29.0817318
119.0653229
258.0154419
347.2897949
300.6352844
199.7085724
139.0796356
165.8685608
163.4015808
111.9312592
58.4648514
110.6757889
106.7899780
46.9255486
46.7010345
60.0617065
24.9020786
41.0750771
81.4231262
215.8794556
300.9917603
215.4449921
79.1705170
11.7257586
3.1624413
2.3285546
3.7659545
15.9517202
30.5207481
36.1475258
35.3012848
34.3386536
32.1042671
29.0539684
23.6791573
18.3414631
13.6218910
13.3431416
10.4264698
9.1939220
8.1705341
7.7134624
6.5750570
5.4988241
3.5549283
4.7697039
8.1432638
7.3121576
1.6081966
3.8630555
31.9507542
85.9667892
172.0641937
275.2913513
305.1548767
243.0996399
131.7678223
64.5728683
9.5359287
4.7198048
3.2840159
10.9322910
36.9995880
84.3780670
125.4531708
147.0105896
158.7202759
156.8839722
134.8264008
105.2683640
77.3842163
67.5311584
63.1124725
135.7509613
254.6504211
319.5275574
234.9461975
139.7651062
98.4596024
50.1948090
59.8741989
55.2178879
38.8845863
27.9133797
28.2640915
86.6292572
138.9184723
140.5764771
95.8273773
38.0520935
14.2609386
31.8511372
95.1757812
128.8686371
102.8482513
87.9094696
127.2934875
168.9816589
180.0770264
176.6418762
145.5153809
103.2549362
57.0802422
43.7915039
89.5314331
120.8726578
119.5850525
108.2421417
96.6090546
93.6656189
95.7891159
84.3509445
56.3449478
29.5825539
28.7695141
38.1360474
49.4090347
61.0821991
80.7309341
86.6020203
68.6064758
43.2591057
36.8686066
28.2107639
57.9025536
125.3096313
145.4897614
153.2650604
148.9499664
130.3124084
116.6601334
152.6170349
238.1439056
324.8162231
293.6931763
179.7686005
130.6486359
98.4811707
257.0307007
204.6433411
117.5484924
61.5715027
39.6073036
43.7997742
38.2982941
32.7112007
29.0009060
42.9218330
27.3386383
17.4213791
25.2270927
77.5267563
110.9485779
86.4463577
67.9656067
73.6331940
79.1381149
67.7613602
54.1294746
53.8869438
60.2759781
60.1438408
45.2394028
26.2585468
13.8981504
20.3434505
69.5190430
147.1472168
197.1224060
212.7220612
188.1848907
134.8814850
102.6784515
62.3382454
59.0859985
82.1002960
41.1108932
11.7512951
0.4206913
2.3209090
20.1146202
63.5692749
86.1239777
74.0178528
44.0154800
18.3335609
6.5207176
17.1022968
8.6234922
1.3242422
16.6346836
60.0704155
114.3337631
148.4110565
182.7227783
166.5057068
101.4571533
41.6549263
22.9030361
13.8148336
5.9992037
6.3256078
27.4525089
81.4919434
119.0369873
108.2973785
70.2344284
46.6418266
47.9115753
64.3861618
57.0790291
35.5296898
18.6219711
6.0172820
1.9911494
1.6196020
1.3999679
0.7351316
0.8076989
0.9767519
1.1721195
0.6086022
0.2494495
0.1039774
0.1176390
0.0921334
0.0417488
0.0084963
0.0003288
0.0000000
0.0000000
0.0000000
0.0000000
0.0000000
0.0000000
0.0000000
0.0000000
0.0000000
0.0000000
0.0000000
0.0000000
0.0000000
0.0000000
0.0000000
0.0000000
0.0000000
0.0000000
0.0000000
0.0000000
0.0000000
0.0000000
0.0000000
0.0000000
0.0000000
0.0000000
0.0000000
0.0000000
0.0000000
0.0000000
0.0000000
0.0000000
0.0000000
0.0000000
0.0000000
0.0000000
0.0000000
0.0000000
0.0000000
0.0000000
0.0000000
0.0000000
0.0000000
0.0000000
0.0000000
0.0000000
0.0000000
0.0000000
0.0000000
0.0000000
0.0000000
0.0000000
0.0000000
0.0000000
0.0000000
0.0000000
0.0000000
0.0000000
0.0000000
0.0000000
0.0000000
0.0000000
0.0000000
0.0000000
0.0000000
0.0000000
0.0000000
0.0000000
0.0000000
0.0000000
0.0000000
0.0000000
0.0000000
0.0000000
0.0000000
0.0000000
0.0000000
0.0000000
0.0000000
0.0000000
0.0000000
0.0000000
0.0000000
0.0000000
0.0000000
0.0000000
0.0000000
0.0000000
0.0000000
0.0000000
0.0000000
0.0000000
0.0000000
0.0000000
0.0000000
0.0000000
0.0000000
0.0000000
0.0000000
0.0000000
0.0000000
0.0000000
0.0000000
0.0000000
0.0000000
0.0000000
0.0000000
0.0000000
0.0000000
0.0000000
0.0000000
0.0000000
0.0000000
0.0000000
0.0000000
0.0000000
0.0000000
0.0000000
0.0000000
0.0000000
0.0000000
0.0000000
0.0000000
0.0000000
0.0000000
0.0000000
0.0000000
0.0000000
0.0000000
0.0000000
0.0000000
0.0000000
0.0000000
0.0000000
0.0000000
0.0000000
0.0000000
0.0000000
0.0000000
0.0000000
0.0000000
0.0000000
0.0000000
0.0000000
0.0000000
0.0000000
0.0000000
0.0000000
0.0000000
0.0000000
0.0000000
0.0000000
0.0000000
0.0000000
0.0000000
0.0000000
0.0000000
0.0000000
0.0000000
0.0000000
0.0000000
0.0000000
0.0000000
0.0000000
0.0000000
0.0000000
0.0000000
0.0000000
0.0000000
0.0000000
0.0000000
0.0000000
0.0000000
0.0000000
0.0000000
0.0000000
0.0000000
0.0000000
0.0000000
0.0000000
0.0000000
0.0000000
0.0000000
0.0000000
0.0000000
0.0000000
0.0000000
0.0000000
0.0000000
0.0000000
0.0000000
0.0000000
0.0000000
0.0000000
0.0000000
0.0000000
0.0000000
0.0000000
0.0000000
0.0000000
0.0000000
0.0000000
0.0000000
0.0000000
0.0000000
0.0000000
0.0000000
0.0000000
0.0000000
0.0000000
0.0000000
0.0000000
0.0000000
0.0000000
0.0000000
0.0000000
0.0000000
0.0000000
0.0000000
0.0000000
0.0000000
0.0000000
0.0000000
0.0000000
0.0000000
0.0000000
0.0000000
0.0000000
0.0000000
0.0000000
0.0000000
0.0000000
0.0000000
0.0000000
0.0000000
0.0000000
0.0000000
0.0000000
0.0000000
0.0000000
0.0000000
0.0000000
0.0000000
0.0000000
0.0000000
0.0000000
0.0000000
0.0000000
0.0000000
0.0000000
0.0000000
0.0000000
0.0000000
0.0000000
0.0000000
0.0000000
0.0000000
0.0000000
0.0000000
0.0000000
0.0000000
0.0000000
0.0000000
0.0000000
0.0000000
0.0000000
0.0000000
0.0000000
0.0000000
0.0000000
0.0000000
0.0000000
0.0000000
0.0000000
0.0000000
0.0000000
0.0000000
0.0000000
0.0000000
0.0000000
0.0000000
0.0000000
0.0000000
0.0000000
0.0000000
0.0000000
0.0000000
0.0000000
0.0000000
0.0000000
0.0000000
0.0000000
0.0000000
0.0000000
0.0000000
0.0000000
0.0000000
0.0000000
0.0000000
0.0000000
0.0000000
0.0000000
0.0000000
0.0000000
0.0000000
0.0000000
0.0000000
0.0000000
0.0000000
0.0000000
0.0000000
0.0000000
0.0000000
0.0000000
0.0000000
0.0000000
0.0000000
0.0000000
0.0000000
0.0000000
0.0000000
0.0000000
0.0000000
0.0000000
0.0000000
0.0000000
0.0000000
0.0000000
0.0000000
0.0000000
0.0000000
0.0000000
0.0000000
0.0000000
0.0000000
0.0000000
0.0001827
0.1241032
0.6053923
1.2095007
1.5601428
1.7024004
1.8124604
1.9368668
2.0657973
2.2360747
2.3908682
2.4617863
2.3384171
2.0999434
1.9828258
1.8030026
1.7638892
1.5088265
1.3856491
1.2698014
1.1400368
1.2808955
1.3987746
1.6690937
2.0808361
2.5776656
2.7917202
1.8073485
0.8475009
0.8881550
3.5982890
11.9201527
16.9022903
15.5471144
14.7952309
17.5510578
25.1429729
37.2280769
39.6016159
32.5907173
24.4858284
15.6700563
11.4272423
11.2498016
10.9450531
9.0070534
7.3116589
6.4802103
5.5185823
4.1816311
3.5716732
2.7894206
2.1214898
1.7395017
1.3845954
1.4325277
1.3333459
0.6843956
0.3393293
0.2604570
0.6889149
2.7966337
5.0876751
5.7453742
5.2767286
4.4061575
3.7979674
3.6268165
3.6113820
3.3712535
2.7134624
2.5011446
2.3018653
2.3361323
2.6887257
3.4042139
3.2725117
2.3499994
1.8632140
2.1646459
2.6007013
2.6687906
2.5559468
2.5847001
2.5813270
2.5347915
2.6602702
3.0580108
3.4173203
3.8775520
3.7813811
3.6760390
3.2858133
2.0715337
1.1422455
14.6286469
72.7249298
152.6518250
193.0545807
166.2786255
135.8980865
122.2360992
110.9100113
99.7437973
101.6803970
137.7386780
159.5162201
126.5952682
90.3072433
72.2332840
110.2637939
122.2657318
89.0073547
29.6279392
2.5239224
2.6427813
12.1693935
20.7512341
20.8734932
17.0198936
18.1502247
91.6743927
252.0299530
371.7775269
344.0424194
246.7371063
139.8539886
93.8556137
49.9936676
44.9535904
55.6716309
57.8669662
35.4831848
37.3479919
51.0132217
71.8554764
85.8624802
95.2965927
98.4442978
94.2251205
76.0377045
55.5510559
53.2360458
65.5982513
54.4393845
18.8322353
3.4355502
20.5630035
57.9082375
71.2461624
71.1762848
72.2187195
73.9376602
57.9745865
23.5632210
21.5326805
26.2318420
59.7774734
74.9731750
40.7940292
41.9791794
30.5096989
23.4625664
28.5414848
31.5853615
23.0313339
36.5562477
64.3997345
83.8619156
110.1875534
149.6418152
159.1196594
118.3979797
74.1755753
46.6258507
99.0370789
132.3092651
99.8691635
64.1855850
38.3486176
28.7774792
51.5836334
83.5135651
74.6099396
55.0041847
45.1641693
41.2817307
51.7030907
116.6965256
197.0023651
263.0689697
244.1557007
165.0091858
108.3262787
97.0107880
135.5918732
100.7530212
127.5366745
190.9885864
127.3191528
85.6621552
72.0682373
176.8186035
322.6837463
321.7597351
205.2849731
145.3481445
153.9679260
283.0248718
259.3734741
175.2997437
100.9340286
59.2472267
55.0210686
51.4756889
127.5425415
171.9070129
168.3821869
163.7464600
149.8585815
125.4253922
93.5232391
77.5237503
103.5183945
140.8394470
140.9870758
108.9950333
82.1130829
71.9709549
119.6936188
188.1198120
162.5639343
119.2280655
92.8701324
85.7380219
143.7129669
103.1281891
43.0132828
21.4829693
24.2647667
70.1932144
149.4737854
164.1192932
124.7253647
76.6670761
59.2096252
62.8192101
59.2881737
51.1569824
43.0676994
35.6746635
39.9120941
57.0459747
71.7461014
71.5695877
62.5600891
44.4837875
40.4040375
57.3993149
77.8188705
90.8328552
82.1588974
71.8310547
71.6088791
76.1496124
47.1415100
15.3843994
26.2413845
67.4584808
86.3034439
66.5858612
41.3061790
19.5711193
10.4645815
14.4777613
48.0363808
76.0904007
67.9832611
66.1452103
73.4181290
77.1491013
64.9754639
50.3540077
26.6012955
12.5219297
27.4607410
18.9356308
12.0232553
9.9839458
10.8705454
10.4265995
7.2988920
6.4128833
18.6473541
44.9627190
75.3851929
95.4708710
103.3763733
108.9230804
110.3257599
111.4243927
107.8452606
90.0069046
75.6268921
62.7970848
48.5224266
30.5778961
14.6935320
15.8614063
12.6576786
14.2059870
14.4178543
14.4926243
7.4787855
7.0153179
10.3652372
11.4344101
11.2190895
10.2210407
9.3784828
9.9336843
9.4984589
6.3193116
1.6175807
2.6362352
4.4982848
6.6648645
8.1378403
9.1881104
8.8421078
8.1079063
7.3672972
7.1568341
10.6761808
40.1429138
87.9710464
91.1894150
33.4898949
3.2290449
1.4596779
1.5926428
3.0821476
3.6229153
3.3656645
3.8967433
7.9968972
10.5681324
5.6823149
0.6344621
0.1053431
0.0269734
0.0055200
0.0000774
0.0000000
0.0000000
0.0000000
0.0000000
0.0000000
0.0000000
0.0000000
0.0000000
0.0000000
0.0000000
0.0000000
0.0000000
0.0000000
0.0000000
0.0000000
0.0000000
0.0000000
0.0000000
0.0000000
0.0000000
0.0000000
0.0000000
0.0000000
0.0000000
0.0000000
0.0000000
0.0000000
0.0000000
0.0000000
0.0000000
0.0000000
0.0000000
0.0000000
0.0000000
0.0000000
0.0000000
0.0000000
0.0000000
0.0000000
0.0000000
0.0000000
0.0000000
0.0000000
0.0000000
0.0000000
0.0000000
0.0000000
0.0000000
0.0000000
0.0000000
0.0000000
0.0000000
0.0000000
0.0000000
0.0019319
0.1708621
0.7166914
1.3953402
1.7138200
1.5075045
1.1460772
1.1946261
1.6549677
2.1901438
2.5012109
2.5144238
2.4909821
2.5775800
2.7758410
2.4565706
1.7320952
1.1398937
0.8203062
0.9423798
4.3885155
24.4427395
68.8026886
136.2600098
209.4991608
234.6643677
182.5223083
119.6114349
74.4912720
61.6953697
70.3272476
82.0037155
89.5803146
96.5254135
93.7947922
76.8806076
37.9810905
12.4588871
16.2344666
35.7363968
52.0668221
51.8329773
46.3443336
48.9045830
75.0302429
121.6558151
183.0910797
224.3259583
195.0413666
139.4160309
92.8767548
53.5088959
28.0077400
67.6165924
71.7439957
37.9839020
47.9148445
81.0866394
73.5425491
53.7548637
35.2167282
43.9877930
70.9826736
90.1744156
77.9823837
47.5345268
17.7957516
3.5956168
1.3837572
3.2209563
6.0858507
4.3258452
2.1350660
2.8401704
3.7803099
4.3000569
5.3607259
5.1166544
3.9529407
2.8914545
2.6724739
2.5414460
2.7874236
2.4716909
2.2298193
3.1607203
6.7871180
10.1822157
10.6126566
9.9213123
12.8384705
18.9650555
28.6274261
53.9284744
98.9696884
155.2009583
206.7382355
232.2004242
211.8223572
168.0432587
124.9675751
83.2483521
48.6245995
63.0802612
86.8395538
108.1488113
99.2047043
65.4870605
43.2257996
23.7734470
9.2333736
7.7909646
8.6558781
4.2138543
14.4479685
50.1254539
92.7666245
119.3243179
120.3334427
87.3768845
53.6124954
37.6039047
25.6745510
11.9097843
7.9258080
10.2712135
14.0913343
15.0252275
12.8714409
14.5591116
14.1418982
11.1329498
9.8505659
8.2403622
6.5120978
5.5277362
5.2399817
4.3179970
2.8903713
2.4393172
2.5785382
1.9829788
0.4997844
0.2737523
0.2392522
0.3041786
0.2026337
0.2746884
0.3861482
0.4406325
0.2848022
0.2399092
0.3793955
0.7305779
1.1328593
1.1023283
0.8600559
0.6856095
0.5369154
1.1183108
4.3565359
15.8688259
47.4590416
95.2542953
141.8957214
153.1876984
94.1973419
24.4103699
2.9123917
1.2735219
2.2465425
35.6633034
91.2493591
86.4063797
53.1486778
58.4036903
95.4088593
153.1166077
173.0353546
154.8495941
106.0226364
66.0049210
62.8380165
72.5134659
109.6532440
161.1343842
179.9444885
134.7182770
71.9537506
30.0277367
14.8275604
11.6846657
24.0748558
43.8167419
74.3302155
104.1972733
145.8262939
183.6727905
176.9900818
113.7817154
80.8520126
68.3708572
55.9859810
15.7313499
1.2357213
0.3462544
0.1989700
0.3342064
1.8762780
0.2758157
0.0532140
0.0213769
0.0079426
0.0006689
0.0000314
0.0000000
0.0000000
0.0000000
0.0000000
0.0000000
0.0000000
0.0000000
0.0000000
0.0000000
0.0000000
0.0000000
0.0000000
0.0000000
0.0000000
0.0000000
0.0000000
0.0000000
0.0000000
0.0000000
0.0000000
0.0000000
0.0000000
0.0000000
0.0000000
0.0000000
0.0000000
0.0000000
0.0000000
0.0000000
0.0000000
0.0000000
0.0000000
0.0000000
0.0000000
0.0000000
0.0438735
0.4851022
1.3593135
2.0559413
2.1589200
1.8369489
1.8680071
2.5599663
3.2948782
3.1755800
2.5161889
2.0721078
1.8414854
1.7701455
1.8625278
1.6912966
1.2748723
1.6018014
5.9189534
16.3964844
30.2096806
93.2388611
193.0010223
226.9880829
162.4948578
93.6256027
74.3248367
50.0291824
93.9625015
189.8934326
168.7290344
122.4445038
89.0766907
100.3235092
196.0054626
297.9967041
297.3785400
197.6765289
68.0733643
9.4641962
2.7164488
7.2587986
56.1837006
191.5571899
304.1184082
326.6494446
233.1748047
133.8180542
73.3667755
50.9936142
35.2688866
20.5534401
24.4811268
52.0761642
75.4407043
93.2430115
128.3755341
149.5123444
129.9091339
72.2237167
29.2212830
5.7287912
0.5730523
6.1284714
29.0124378
47.9454880
47.1712341
37.0373917
27.5182304
22.4362526
22.4164162
25.8911133
32.1144104
34.1866608
27.6847115
18.7440701
26.6906052
71.8948975
136.1762543
200.6429749
244.7652283
214.9753113
153.6743622
102.0396652
66.4160004
30.0013046
35.0984154
92.0778503
87.6296082
69.6149368
60.6983795
70.7011719
73.0483551
58.1850204
30.9097195
15.8841686
39.0319061
49.9942932
54.1980972
65.6917343
99.4611588
134.6807404
99.5671158
52.6538887
35.4732742
40.1234474
65.3695221
122.9309540
186.9591675
201.1523285
194.7120972
197.9702911
198.1627197
187.5982819
169.1485443
159.6186523
143.3310852
108.0622406
42.6014175
56.1244774
59.9188728
38.3195267
11.0614042
0.8979395
0.1862395
4.6569014
29.8486214
62.8846207
73.9066010
60.9854584
47.1332474
38.2991409
34.5553894
32.1394806
31.7953377
31.4152164
35.5112000
38.2563286
41.1410141
43.5866776
41.6659660
39.7934227
39.7520943
38.6729813
34.8954620
40.5694313
45.4976311
41.4191742
33.5416183
29.5423985
28.6683922
26.7651634
21.5756874
21.1811485
23.0032368
22.6967201
23.0158958
21.3440742
22.6918945
22.7498550
22.7571964
22.9907856
22.1128769
19.1818924
22.7966175
27.4898033
24.3121567
20.0728493
20.5034790
22.6396484
20.5117378
17.2884636
13.9867868
13.1332207
12.0959177
10.2985945
9.0851765
7.2193232
4.5475240
2.4185405
1.1116335
0.3394538
0.2373693
0.1927284
0.3774571
2.0461760
5.4539256
8.3526382
7.5309644
4.4270401
3.1487958
3.6300969
4.2679358
4.7065449
4.4367952
3.7306352
3.5459192
3.7906139
4.4176402
4.3726344
3.9612756
3.5402069
3.3872051
2.9320867
2.4290061
2.2205853
2.1763163
2.2583554
2.1673272
2.2673538
2.2912359
2.3429863
2.3029361
2.1437972
2.0943661
2.2443323
2.5103571
2.6960859
2.9585969
3.2155781
3.2057002
3.1191335
3.0943360
2.9155219
2.8598707
2.8701239
3.6296949
3.5818946
3.0957913
2.6331735
2.3791592
2.0766876
1.8512130
1.4757992
1.8266025
2.1333389
1.7059910
0.7903794
0.3154353
0.8070092
1.9638400
1.9372377
0.5051122
0.5254974
1.1405185
2.4864235
2.9635863
2.6477098
2.4107890
1.9118507
1.3669736
1.1045990
1.0505403
1.1321698
0.9939159
0.8149192
0.3643569
0.3595415
4.4888144
19.2744675
37.0469475
43.7068787
73.0131454
155.7832031
210.4134979
174.7201843
125.4489288
119.6825714
109.8258438
100.3240128
168.0154877
153.3976288
90.6029358
45.8788757
23.0396805
10.8501863
13.2150764
64.9471130
74.9599228
50.2822571
43.7071762
41.5828438
45.1555634
48.6231689
43.1653023
41.3308182
48.3106537
55.9545288
48.1098785
32.7576599
21.1180077
23.2893143
25.1350861
17.9461231
13.4482346
28.4759521
32.9506187
26.9662457
36.3294067
33.7156906
23.9672756
8.0666027
15.2673149
13.8287344
43.9824715
114.8318024
170.1285400
195.5791779
193.4473267
190.4374847
172.6763611
145.7940674
135.6647034
125.0989685
107.3664474
75.0522461
41.3038559
97.0506134
91.3154068
45.9652863
55.0576286
106.1202545
75.4474487
67.7157440
69.6561737
70.4851685
60.8543358
62.9705009
67.8771515
30.1429615
4.5895090
1.5168661
14.3303194
65.4580154
104.1845398
81.2737122
45.6493073
37.2655716
29.4120617
17.2316532
9.5162954
7.2963185
10.4963827
24.8326340
75.0835953
126.6050644
136.7875671
121.0224609
99.6742096
61.3976479
15.3917694
16.3485680
18.9806271
17.2304516
21.6107712
45.0603485
88.0238419
123.5573349
114.1561432
78.3524323
47.7184372
39.9406013
33.8301048
23.7338467
26.8402901
29.8879128
20.7679520
4.8168101
1.1554428
3.4558530
34.4621429
84.6028671
104.7396393
73.7976990
19.8010139
5.2196927
3.3333547
39.1250267
95.1882019
153.9513092
177.4955139
162.0593262
86.5808563
25.9321117
11.3857021
6.2395563
1.7569208
0.7085057
5.2363830
18.0532532
31.6284618
33.1002350
32.1119194
38.4127960
63.9931679
98.7124710
111.3560257
90.8843842
53.1546288
33.4641647
25.8935184
20.6522160
15.8409796
20.9114151
19.9456177
16.2956276
12.1095934
12.6324539
13.4186230
10.9382877
16.0205441
25.3613167
35.3262138
40.5261383
38.2163048
30.4850349
20.9312954
14.2382784
12.0409422
14.7886219
15.1310596
13.7010612
11.3697166
7.8363862
4.7257710
2.7561872
1.8788166
1.5651621
1.5270872
1.0306730
0.7185516
0.7171297
0.6795022
0.9842985
1.1520154
0.9374999
0.5162190
0.1262669
0.0138869
0.0001110
0.0000000
0.0000000
0.0000000
0.0000000
0.0000000
0.0000000
0.0000000
0.0000000
0.0000000
0.0000000
0.0000000
0.0000000
0.0000000
0.0000000
0.0000000
0.0000000
0.0000000
0.0000000
0.0000000
0.0000000
0.0000000
0.0000000
0.0000000
0.0000000
0.0000000
0.0000000
0.0000000
0.0000000
0.0000000
0.0000000
0.0000000
0.0000000
0.0000000
0.0000000
0.0000000
0.0000000
0.0000000
0.0000000
0.0000000
0.0000000
0.0000000
0.0000000
0.0000000
0.0000000
0.0000000
0.0000000
0.0000000
0.0000000
0.0000000
0.0000000
0.0000000
0.0000000
0.0000000
0.0000000
0.0000000
0.0000000
0.0000000
0.0000000
0.0000000
0.0000000
0.0000000
0.0000000
0.0000000
0.0000000
0.0000000
0.0000000
0.0000000
0.0000000
0.0000000
0.0000000
0.0000000
0.0000000
0.0000000
0.0000000
0.0000000
0.0000000
0.0000000
0.0000000
0.0000000
0.0000000
0.0000000
0.0000000
0.0000000
0.0000000
0.0000000
0.0000000
0.0000000
0.0000000
0.0000000
0.0000000
0.0000000
0.0000000
0.0000000
0.0000000
0.0000000
0.0000000
0.0000000
0.0000000
0.0000000
0.0000000
0.0000000
0.0000000
0.0000000
0.0000000
0.0000000
0.0000000
0.0000000
0.0000000
0.0000000
0.0000000
0.0000000
0.0000000
0.0000000
0.0000000
0.0000000
0.0000000
0.0000000
0.0000000
0.0000000
0.0000000
0.0000000
0.0000000
0.0000000
0.0000000
0.0000000
0.0000000
0.0000000
0.0000000
0.0000000
0.0000000
0.0000000
0.0000000
0.0000000
0.0000000
0.0000000
0.0000000
0.0000000
0.0000000
0.0000000
0.0000000
0.0000000
0.0000000
0.0000000
0.0000000
0.0000000
0.0000000
0.0000000
0.0000000
0.0000000
0.0000000
0.0000000
0.0000000
0.0000000
0.0000000
0.0000000
0.0000000
0.0000000
0.0000000
0.0000000
0.0000000
0.0000000
0.0000000
0.0000000
0.0000000
0.0000000
0.0000000
0.0000000
0.0000000
0.0000000
0.0000000
0.0000000
0.0000000
0.0000000
0.0000000
0.0000000
0.0000000
0.0000000
0.0000000
0.0000000
0.0000000
0.0000000
0.0000000
0.0000000
0.0000000
0.0000000
0.0000000
0.0000000
0.0000000
0.0000000
0.0000000
0.0000000
0.0000000
0.0000000
0.0000000
0.0000000
0.0000000
0.0000000
0.0000000
0.0000000
0.0000000
0.0000000
0.0000000
0.0000000
0.0000000
0.0000000
0.0000000
0.0000000
0.0000000
0.0000000
0.0000000
0.0000000
0.0000000
0.0000000
0.0000000
0.0000000
0.0000000
0.0000000
0.0000000
0.0000000
0.0000000
0.0000000
0.0000000
0.0000000
0.0000000
0.0000000
0.0000000
0.0000000
0.0000000
0.0000000
0.0000000
0.0000000
0.0000000
0.0000000
0.0000000
0.0000000
0.0000000
0.0000000
0.0000000
0.0000000
0.0000000
0.0000000
0.0000000
0.0000000
0.0000000
0.0000000
0.0000000
0.0000000
0.0000000
0.0000000
0.0000000
0.0000000
0.0000000
0.0000000
0.0000000
0.0000000
0.0000000
0.0000000
0.0000000
0.0000000
0.0000000
0.0000000
0.0000000
0.0000000
0.0000000
0.0000000
0.0000000
0.0000000
0.0000000
0.0000000
0.0000000
0.0000000
0.0000000
0.0000000
0.0000000
0.0000000
0.0000000
0.0000000
0.0000000
0.0000000
0.0000000
0.0000000
0.0000000
0.0000000
0.0000000
0.0000000
0.0000000
0.0000000
0.0000000
0.0000000
0.0000000
0.0000000
0.0000000
0.0000000
0.0000000
0.0000000
0.0000000
0.0000000
0.0000000
0.0000000
0.0000000
0.0000000
0.0000000
0.0000000
0.0000000
0.0000000
0.0000000
0.0000000
0.0000000
0.0000000
0.0000000
0.0000000
0.0000000
0.0000000
0.0000000
0.0000000
0.0000000
0.0000000
0.0000000
0.0000000
0.0000000
0.0000000
0.0000000
0.0000000
0.0000000
0.0000000
0.0000000
0.0000000
0.0000000
0.0000000
0.0000000
0.0000000
0.0000000
0.0000000
0.0000000
0.0000000
0.0000000
0.0000000
0.0000000
0.0000000
0.0000000
0.0000000
0.0000000
0.0000000
0.0000000
0.0000000
0.0000000
0.0000000
0.0000000
0.0000000
0.0000000
0.0000000
0.0000000
0.0000000
0.0000000
0.0000000
0.0000000
0.0000000
0.0000000
0.0000000
0.0000000
0.0000000
0.0000000
0.0000000
0.0000000
0.0000000
0.0000000
0.0000000
0.0000000
0.0000000
0.0000000
0.0000000
0.0000000
0.0000000
0.0000000
0.0000000
0.0000000
0.0000000
0.0000000
0.0000000
0.0000000
0.0000000
0.0000000
0.0000000
0.0000000
0.0000000
0.0000000
0.0000000
0.0000000
0.0000000
0.0000000
0.0000000
0.0000000
0.0000000
0.0000000
0.0000000
0.0000000
0.0000000
0.0000000
0.0000000
0.0000000
0.0000000
0.0000000
0.0000000
0.0000000
0.0000000
0.0000000
0.0000000
0.0000000
0.0000000
0.0000000
0.0000000
0.0000000
0.0000000
0.0000000
0.0000000
0.0000000
0.0000000
0.0000000
0.0000000
0.0000000
0.0000000
0.0000000
0.0000000
0.0000000
0.0000000
0.0000000
0.0000000
0.0000000
0.0000000
0.0000000
0.0000000
0.0000000
0.0000000
0.0000000
0.0000000
0.0000000
0.0000000
0.0000000
0.0000000
0.0000000
0.0000000
0.0000000
0.0000173
0.1570741
0.7227366
1.3946917
1.4688914
0.8465129
0.3904916
0.5474000
2.4664118
8.0450420
13.1073732
11.2692671
25.8188839
93.5935669
206.3280487
289.9297791
251.4969482
125.7500153
64.9881973
50.6031647
95.2627106
170.7593994
176.3096313
154.7651520
124.6745834
101.5687103
107.0623703
122.1220245
105.6715240
60.9858284
28.2819939
25.1710281
28.9818230
32.8897514
38.1493263
52.9769058
70.5899658
69.2362061
54.3296509
43.2101097
32.8969307
28.6365299
21.5179234
10.1399059
4.3309669
2.6949768
2.1992400
13.1579351
74.1408463
169.0930939
219.9981384
176.5933685
112.9963837
90.0606689
76.9934235
73.8819122
80.0881577
78.9795151
58.3144264
24.1559277
30.7559910
39.3532791
45.7006721
57.7915268
64.5444031
72.6238937
72.5219498
65.2046432
71.3509521
78.8803329
41.8616333
10.0710783
15.6796570
13.0102997
30.5093765
92.7000198
166.8033447
221.1606598
263.7420959
293.7956543
285.3497009
263.1286926
130.9565582
57.8333321
70.4534149
83.2126694
73.3647156
52.6661682
35.9484825
24.4116116
16.8123322
6.9048958
1.7780697
11.4999504
37.8568230
58.1694336
54.5390854
47.5978165
45.7697105
43.4558029
45.0546684
43.5638924
33.4916954
18.7465782
19.7114868
31.5111580
34.5998344
49.1780739
83.1884766
59.6914444
41.2222633
24.3646584
17.6667061
14.7144947
12.2642632
27.9514313
37.4805298
32.0653458
21.3781910
8.5637388
8.6602688
22.9116058
36.3308640
48.6075211
50.2261505
41.3800125
31.5794907
26.0445099
28.7015896
50.7206612
89.0929718
106.5386734
87.6248474
42.2596817
22.5885487
57.1429024
130.6642761
199.9307861
233.4852448
225.4113159
173.8720551
115.7166519
72.9503479
54.7897835
32.6825905
24.6707458
57.5352974
74.9702759
74.4146957
53.4999008
42.9105759
41.9628601
57.5349960
70.7867813
48.0289726
19.6493397
18.6527176
17.0899658
27.4773693
51.2469215
72.8346634
64.8470306
36.4560051
16.0856991
10.4414024
13.1396255
19.4798050
31.3150158
57.9174576
78.6054230
83.2356262
83.4454498
81.4291534
74.8713074
60.3256416
44.8323479
33.0837021
32.4290314
31.6745872
25.6998348
31.5073910
39.0080833
41.7689400
36.7969894
29.3974571
27.8358250
41.2110214
55.1851807
62.6802177
51.3183746
31.3805771
28.3864250
39.7614021
29.9537735
25.2541504
25.7359200
26.4245720
20.7433109
26.0202446
42.0127449
44.5490456
33.6409378
26.8056850
32.3658981
23.0055046
12.1749353
7.9983768
8.3804264
25.0731201
56.2489586
69.0942459
57.7047691
39.7459030
34.0568161
47.7670441
55.1478195
41.2126808
24.9041500
21.2335262
20.9888115
18.3099632
23.3296471
43.9389458
64.9877014
70.8106689
69.7893753
66.3550262
69.5651855
82.0396576
93.2696686
105.2491608
111.8706284
113.9381104
81.5756454
70.8689651
101.1487122
170.3503418
210.4109039
174.1289978
70.8537064
14.5986567
17.2321911
52.2629776
100.9641190
94.1412430
48.9615097
19.0036125
21.8218555
18.3975735
15.1818171
33.2905617
70.0101776
54.8251724
33.4399490
39.4825439
67.5894470
103.1380310
109.8746109
103.2091827
108.1525650
127.8460007
138.5059357
132.5811005
115.2389374
91.2801056
79.5932312
100.3618317
159.4505768
124.1863174
87.4050674
102.3096542
149.3256226
215.0040894
236.3694458
164.5001678
84.4795303
40.2304688
22.7220097
21.1398029
56.7127495
51.9675331
39.6766281
44.5005951
46.3240852
43.1151161
37.0299377
27.5294647
17.6159916
15.7952089
22.9727421
25.9419460
11.1220875
1.1357585
0.3039196
0.1752618
0.2123760
0.3536183
0.7156227
2.4461217
3.8547339
3.7360802
3.9419937
3.5720913
1.8692266
4.7962260
23.6366444
67.5977478
138.9173126
208.1076965
214.4686127
146.0747223
72.7310562
27.3697166
11.8479967
6.4956980
47.3791237
119.3902283
131.1938629
96.7709656
71.1421585
75.3737106
87.7012100
69.0283127
34.8837051
25.4126396
46.0785370
77.3694229
90.2932358
86.4582596
62.3155479
23.0085773
4.9800868
2.1940885
10.3139887
98.0368042
206.6968689
226.3321228
188.4735260
145.1557465
70.2742691
8.6859055
2.0281930
6.5368094
26.1006794
89.3095169
129.3699188
119.1805878
72.6577072
21.2550716
8.8941936
22.4736900
64.9287720
104.1697388
105.9544983
70.6229477
28.1999817
11.9414434
24.8105450
60.0566063
91.2016220
110.4768600
117.4302368
119.9455032
150.3414001
195.0608826
215.7702484
198.5270081
167.4558105
146.9497528
128.4932556
96.2057495
60.8578072
33.0128632
19.3377209
12.8474398
11.1441288
4.7025414
13.4805622
34.3737183
49.3971252
55.3379860
54.0224228
47.8844490
34.4423294
28.4375267
34.8985710
33.7878532
26.5896473
22.2593441
18.6553326
16.6059742
15.9602146
14.4546061
15.6669607
29.4590111
47.5682755
51.1169777
44.9339523
44.8350677
45.8228416
39.6735611
37.2442932
44.3997116
50.1068611
47.7859344
42.8088341
35.4119606
27.2655735
21.6698570
22.1971970
23.7814426
11.1044312
5.0911207
22.8013992
44.4629211
48.5417404
48.4630661
58.3592796
62.0153503
51.6532860
32.5005493
25.5138397
13.8715963
14.9779272
51.1878128
67.8356628
52.5968513
38.2448120
34.1155472
20.1764431
2.9210801
17.5196991
33.9112473
35.3561363
32.9296074
33.0608368
26.1713982
15.2386112
27.8260803
63.6820602
80.9255219
72.8260727
49.6064453
36.0453758
31.5161476
26.0960865
20.0544720
18.1413670
20.0535126
29.8255157
43.8911972
42.6455421
27.6535778
11.6682186
23.8988285
57.1024170
84.1232147
90.0692215
82.2251816
68.3145752
55.3078690
43.8425941
34.9424706
15.0669174
24.9624519
28.5512905
21.1011276
21.9725800
24.1428299
53.0766487
110.5794830
143.4809113
121.3697052
75.4304352
41.6049728
25.8657341
18.2984200
20.4190845
19.0786705
23.4576073
26.9076424
25.0902405
22.3331375
29.8663445
46.7254486
52.4601555
42.8937988
27.4956913
20.7600555
13.0895033
12.7705774
26.1015091
19.2529984
9.6616421
17.4437389
22.1552525
15.3394747
8.8853855
18.7482414
59.5633850
96.5967789
95.2799454
74.0428619
62.0176277
47.0099220
40.3839951
48.4176140
48.3069878
39.4134865
18.1132908
13.3524752
17.8211536
45.4935265
100.6145325
133.9812469
116.5572281
74.9207535
40.6616783
17.2733269
19.7530479
54.3205872
43.7764511
17.8590393
15.2163925
18.8021469
37.9929008
72.0738831
86.8715897
81.3103027
78.0664902
79.5935516
87.0725708
76.7505035
36.0915031
13.9708700
5.7324538
11.8963118
17.9645672
25.5463905
29.5597324
18.8742142
10.2642231
4.8107872
5.8978262
20.3061180
64.1017456
71.4098892
30.6930904
1.5362058
0.3956021
6.2700796
20.9734993
23.4367371
30.2435074
42.9218788
41.0775223
28.9807453
25.2469406
30.4100361
16.7448921
1.9165839
4.0673208
26.7704067
74.0157623
100.0519867
107.3096542
100.0292435
73.0968246
44.4955139
20.2271996
15.7942677
18.4062004
13.0583897
22.6074409
37.8253899
38.6311760
36.9296646
28.2673321
13.5006561
3.4551761
0.7137467
0.6111687
51.2248192
184.5675812
279.6979675
266.0151367
197.4341736
152.8683167
96.1428375
39.3626022
18.2399578
8.3377714
2.1020117
0.1216617
0.0194209
0.1025370
0.4656037
0.4993522
0.4955002
4.1891856
34.2579346
91.3197174
147.3407898
182.7446136
181.7982178
139.2095032
96.6377640
70.0805435
48.1464958
35.2133942
85.7777328
84.5656738
43.1577148
59.9005699
59.3266678
89.5638733
143.9691010
119.3736801
85.3377991
57.9886780
22.3893623
30.4596920
42.3282928
26.5477810
61.3430023
62.9246292
39.0542450
13.5817528
3.2306745
0.8225075
2.7957425
15.7750435
33.3971786
41.0303192
40.7786255
36.6161880
33.8395195
32.8911133
32.9446793
33.6727219
34.0354004
34.4461212
31.3319378
25.9715996
20.7536469
18.3828869
15.8424644
15.2204590
13.8435249
12.9756279
11.5376987
10.4361601
8.9541731
8.4665318
9.3192492
10.2519569
9.4283695
8.2805653
7.4330072
8.0698786
8.4006004
8.4010487
7.4773264
6.3469815
5.5582929
4.3187842
3.1861186
1.8427247
3.6784601
29.0551033
78.0899200
98.2629776
63.7579422
9.2137947
16.3238220
32.3609810
32.6839409
10.9306374
13.7763872
59.2155457
118.0551834
131.8011017
97.8113937
46.3786392
34.4655342
25.3216724
24.1019917
24.1154137
49.9688454
125.4680710
183.7255402
187.2239532
128.6520691
68.1250839
26.3979015
13.5721512
12.0334940
17.4505196
61.1177483
145.4399261
205.6773834
219.5250092
243.9308777
303.7564697
305.1612854
209.1299438
90.6109924
59.4213829
29.5797176
38.9402695
65.3669434
76.0493088
61.5155602
36.5544014
29.5707645
22.1530285
22.5766125
48.4304428
97.3426819
111.8761826
76.2085342
38.6073952
31.6221352
64.5417633
132.4244843
201.3027954
197.7566071
173.4617462
166.9093018
136.4193573
71.1082230
20.3116016
13.2481165
22.7644386
92.7746658
155.3863983
120.0079803
31.4615440
16.4382286
16.4840584
22.1714458
30.7559471
30.1359005
22.6526356
20.0916042
42.7063522
83.0497284
71.8383865
31.1236687
42.1235275
54.7598953
51.1568184
46.3091202
27.4690418
10.3728266
3.9791486
3.2169752
7.9485784
15.8976288
19.6103516
13.6867857
7.4126415
5.2639332
7.1923542
16.0849171
30.4851990
37.2341766
30.2707100
23.4032993
22.7959538
22.9410591
19.5016727
19.3575516
16.5702553
10.8344002
6.1028299
7.5402622
13.9301863
36.8613434
68.6343384
70.4758453
41.7631531
16.6432724
18.4930725
15.4932928
15.6884174
13.3827591
8.9609623
11.0335722
17.6100674
19.1474590
17.7573032
31.2261906
62.3633080
83.6550293
74.6596832
35.9178619
7.4835992
1.8774154
0.7413793
0.5298839
3.7801399
25.7153416
57.3097382
64.7574768
46.4716492
44.4156837
62.9322891
65.7447891
35.3426170
9.9086151
3.7651312
8.3273020
10.7464094
10.6255198
5.3813429
7.5693188
7.4816670
2.8879106
4.8291121
8.9316835
9.0416594
9.3651743
9.1454058
10.7479248
11.8146534
9.7345171
9.2795238
11.1127844
21.4061375
27.2980556
28.0993977
28.9486580
26.7239609
28.3036785
42.4478073
57.3062515
53.5963631
46.9017525
46.6741333
39.0003586
29.7698936
29.5480709
34.3710442
33.2739983
35.5488014
32.5241585
30.8572598
42.1172180
57.2114983
62.3653603
57.1949692
52.1320992
38.2474327
38.7964249
81.2498932
124.8363724
116.1246033
63.4877281
31.2449493
30.7775345
35.9139214
19.8715477
6.4340200
0.8627914
0.3694232
2.4631701
36.0023270
72.4778671
70.9793625
38.0707054
12.3115339
4.1743021
5.6131792
6.5904694
6.6815076
21.3564358
56.3394966
84.9552689
87.7460327
64.6482315
42.9141808
31.7148056
43.0761871
52.3689423
52.2580109
35.6722260
16.0397606
7.8124762
14.0062008
23.8214245
29.8037300
31.6895409
31.7256546
28.7296886
23.4724407
16.7695103
11.7220631
15.0971794
18.6437359
18.7659073
33.6494560
52.7152939
49.4718895
37.9237595
31.6563129
25.0583096
15.2806358
38.5731888
45.9837761
25.2974339
4.9181190
3.5327263
26.3771210
71.4841537
94.3250580
97.2582855
94.3457565
81.2857971
68.5970459
54.5524826
44.4265900
44.2058067
48.8307495
54.4503326
35.1528702
14.0624704
4.6636429
5.7950759
20.1378403
59.4566917
65.1530228
39.3581924
25.8632317
24.2814865
27.5382977
38.4405556
44.2943687
61.4401321
100.4813843
118.4177475
107.7120361
118.0722656
154.1843414
175.6637268
138.2290497
87.0633621
65.1341553
58.3510017
39.1241989
18.3720684
11.0973015
18.2654285
42.1988258
47.4977303
40.7533417
38.4396820
34.1544495
23.0429192
13.4156523
8.7680540
14.0192785
33.5384140
57.9455223
53.7933311
35.6030540
26.5716019
22.8962975
17.0636559
15.3733454
15.7130175
14.9442959
16.3567715
15.9626274
14.0954599
11.2190456
9.5949831
13.5355797
18.7005177
22.8830242
20.7573376
20.9560699
19.4152718
18.8024578
36.1236839
53.2087440
60.9210968
60.2250252
57.7394867
47.9757957
37.9753761
21.2603073
13.1885185
21.7625751
28.4804878
35.5940781
26.9082870
25.4280109
22.0702248
21.3998375
18.4115086
15.4956179
17.3753815
18.6844444
20.8546696
28.4280682
40.6727982
39.9703522
26.3336754
11.2386227
10.9876575
23.0308666
35.1333885
38.7051201
38.6893539
41.6063309
43.9040070
47.1859818
57.4061813
72.5305023
79.9412537
68.4525604
51.8581886
38.4166603
29.6311493
24.2248650
21.6318626
20.8495522
18.9625626
19.8096771
20.7207909
21.6840439
21.0178299
18.1800728
13.3159819
6.6577177
2.5399728
1.0505761
0.3943212
1.0119197
4.6472154
9.5854769
8.5519943
7.3170428
6.9773235
7.0500851
6.6070719
7.2640724
8.4965019
8.4835558
7.3819838
6.1831703
5.1536026
4.6872902
4.1924753
3.6790397
3.1585786
2.8088622
2.8121693
2.6784685
2.9149656
2.8691866
2.7311101
2.6301904
2.5781779
2.7880583
3.3206177
3.3149805
2.7016342
2.1212912
2.0123491
2.0249059
2.0854561
2.0280039
2.2423353
2.1756821
2.1661050
2.6902690
3.5820625
3.5435619
2.9285755
2.2589421
1.4093112
0.5822213
0.4190039
3.6673789
16.4488506
25.7884388
23.5018806
16.1661205
12.1964817
8.8782253
8.2198801
11.7714005
39.9582748
85.4369736
102.2944794
84.9633942
54.3197479
37.0133133
28.1562881
30.8701305
31.4295750
25.7090111
24.8034458
42.4592209
97.7520599
154.5488281
180.7065277
142.3824463
82.2512665
31.7045441
14.0158529
11.8491974
9.9183302
12.8429146
23.2296352
30.7030945
38.5016594
29.8290672
10.3943539
5.0066314
3.9037528
2.2506576
6.1033893
34.9171715
74.7094345
82.8789673
55.4908905
27.7836113
19.9668159
19.1893158
13.7846260
10.3992958
8.7805271
5.4274096
3.5837846
2.6450086
2.5100052
1.7389289
1.3766817
0.8996760
0.4333957
0.1403435
0.0121744
0.0028955
0.0000000
0.0000000
0.0000000
0.0000000
0.0000000
0.0000000
0.0000000
0.0000000
0.0000000
0.0000000
0.0000000
0.0000000
0.0000000
0.0000000
0.0000000
0.0000000
0.0000000
0.0000000
0.0000000
0.0000000
0.0000000
0.0000000
0.0000000
0.0000000
0.0000000
0.0000000
0.0000000
0.0000000
0.0000000
0.0000000
0.0000000
0.0000000
0.0000000
0.0000000
0.0000000
0.0000000
0.0000000
0.0000000
0.0000000
0.0000000
0.0000000
0.0000000
0.0000000
0.0000000
0.0000000
0.0000000
0.0000000
0.0000000
0.0000000
0.0000000
0.0000000
0.0000000
0.0000000
0.0000000
0.0000000
0.0000000
0.0000000
0.0000000
0.0000000
0.0000000
0.0000000
0.0000000
0.0000000
0.0000000
0.0000000
0.0000000
0.0000000
0.0000000
0.0000000
0.0000000
0.0000000
0.0000000
0.0000000
0.0000000
0.0000000
0.0000000
0.0000000
0.0000000
0.0000000
0.0000000
0.0000000
0.0000000
0.0000000
0.0000000
0.0000000
0.0000000
0.0000000
0.0000000
0.0000000
0.0000000
0.0000000
0.0000000
0.0000000
0.0000000
0.0000000
0.0000000
0.0000000
0.0000000
0.0000000
0.0000000
0.0000000
0.0000000
0.0000000
0.0000000
0.0000000
0.0000000
0.0000000
0.0000000
0.0000000
0.0000000
0.0000000
0.0000000
0.0000000
0.0000000
0.0000000
0.0000000
0.0000000
0.0000000
0.0000000
0.0000000
0.0000000
0.0000000
0.0000000
0.0000000
0.0000000
0.0000000
0.0000000
0.0000000
0.0000000
0.0000000
0.0000000
0.0000000
0.0000000
0.0000000
0.0000000
0.0000000
0.0000000
0.0000000
0.0000000
0.0000000
0.0000000
0.0000000
0.0000000
0.0000000
0.0000000
0.0000000
0.0000000
0.0000000
0.0000000
0.0000000
0.0000000
0.0000000
0.0000000
0.0000000
0.0000000
0.0000000
0.0000000
0.0000000
0.0000000
0.0000000
0.0000000
0.0000000
0.0000000
0.0000000
0.0000000
0.0000000
0.0000000
0.0000000
0.0000000
0.0000000
0.0000000
0.0000000
0.0000000
0.0000000
0.0000000
0.0000000
0.0000000
0.0000000
0.0000000
0.0000000
0.0000000
0.0000000
0.0000000
0.0000000
0.0000000
0.0000000
0.0000000
0.0000000
0.0000000
0.0000000
0.0000000
0.0000000
0.0000000
0.0000000
0.0000000
0.0000000
0.0000000
0.0000000
0.0000000
0.0000000
0.0000000
0.0000000
0.0000000
0.0000000
0.0000000
0.0000000
0.0000000
0.0000000
0.0000000
0.0000000
0.0000000
0.0000000
0.0000000
0.0000000
0.0000000
0.0000000
0.0000000
0.0000000
0.0000000
0.0000000
0.0000000
0.0000000
0.0000000
0.0000000
0.0000000
0.0000000
0.0000000
0.0000000
0.0000000
0.0000000
0.0000000
0.0000000
0.0000000
0.0000000
0.0000000
0.0000000
0.0000000
0.0000000
0.0000000
0.0000000
0.0000000
0.0000000
0.0000000
0.1391086
0.8916355
2.0643697
2.6963887
2.5053980
1.9988297
1.7224709
1.6759592
1.8274390
1.9072511
1.8384573
1.6770627
1.9518762
2.2024958
2.7928495
2.9748523
2.7252710
2.7230136
2.9951158
3.0677857
3.4332998
3.6216302
3.8522053
4.1681023
3.8608389
2.8178015
2.1404700
1.6179234
0.7906663
0.7600769
5.6628232
21.4811077
38.7060165
46.9496307
50.1850090
53.5086098
50.4586868
40.1302910
38.0565987
40.4269638
38.4898682
35.0348625
30.0370178
27.4598541
25.0329094
25.1038361
25.7904682
25.1867313
22.3392754
21.9757042
16.6580601
14.8885803
18.9214001
19.8954887
17.0703735
13.9003677
13.7041473
12.6800776
13.9166565
16.4660950
17.4173908
16.7552376
14.8925419
10.9318676
8.7927513
9.6679115
10.2101555
11.1481733
13.8924770
19.4818935
25.5303402
29.6274490
32.4766960
26.7262325
12.9604321
4.8233657
5.9472594
45.6862717
113.1671371
122.9969177
69.7107773
16.5732689
10.3503437
41.8349609
179.3323059
276.1557922
219.8134155
122.8667908
59.9789543
50.4352608
47.2417450
31.4258747
16.3528824
6.9805994
3.9049740
17.0966091
88.5172348
164.2507324
170.4947357
124.3754883
84.7977982
57.0911560
34.6507721
32.0625725
33.0633430
25.8207264
55.8498535
123.8774719
136.4225922
115.4523010
96.8655090
87.4310379
70.4221115
49.6878815
47.1087608
94.5473175
141.2302856
186.9234467
191.3962097
138.1441040
54.3474045
6.7676597
1.4559344
0.8558200
0.1102838
0.0152458
0.1057157
0.4133236
0.3522125
0.3384459
0.7700920
4.0922284
7.8224111
6.5880075
1.8323447
0.4225558
0.2943241
0.1925541
0.2018546
0.1787010
0.2020920
0.2928420
0.3112463
0.3637276
0.5775968
0.9511921
1.2135220
1.1534064
0.9740279
0.9072002
1.0472864
0.9986334
1.0977935
1.2493675
1.3791673
1.4546111
1.7146810
1.8372971
1.7639101
1.7021835
1.5733098
1.5019938
1.4358534
1.1433771
0.9877183
0.9336468
0.9646584
0.9182594
0.8360286
0.7237931
0.4852058
0.4350343
0.4137706
0.3804288
0.4824011
0.4495408
0.4352372
0.5722688
0.7125536
0.7729134
0.6490417
0.6163499
0.4224107
0.2998466
0.2883933
0.3859861
0.9074631
1.3661815
2.2320826
5.1512961
6.6256733
7.1017570
15.7282648
29.3883057
38.9348526
48.1211967
61.2955208
75.3855591
72.5985489
52.2836723
36.7232857
31.5998859
41.8726845
79.9039536
116.2739105
128.6523590
116.5313950
81.7312317
41.6124611
29.4266243
14.9972420
6.6102166
8.7459059
30.8442822
44.6345978
55.4599228
66.2265625
63.0701103
40.1554489
21.0844784
36.4580231
120.2014389
266.8388672
356.2393799
315.6638794
249.5637665
198.2153015
172.0789185
144.2115631
110.0843201
65.1330566
72.7865295
67.5026016
14.6026955
0.6904577
0.3232263
0.1880615
11.9909782
61.1794739
117.0031204
152.0505066
165.2692871
176.1523895
179.1516266
141.8255768
97.5436935
77.3210373
57.9587364
28.2489052
18.7473221
17.5143871
53.6100197
196.4375458
258.4230957
193.6340179
113.9052734
46.9298096
57.4619598
69.1726913
87.8487167
127.5682220
150.6801300
110.9309006
47.5876656
9.7929296
9.7994642
37.7809525
65.2329483
45.9590683
17.8715954
40.5260620
77.5547256
95.0828781
87.7175217
76.5545502
67.4986420
67.6393356
45.2510147
28.3339958
14.9453468
3.9836454
10.2130976
7.5614109
5.7441392
15.1919851
26.8693199
27.7733402
18.8414173
10.6904287
6.2523861
4.1660910
3.3374596
2.6112385
2.4044464
1.5377066
0.8940566
0.8150191
0.7514497
0.4395154
0.3285925
0.3139192
0.3680034
0.3339053
0.2963408
0.3072810
0.3471982
0.4310558
0.4040463
0.3273630
0.2657207
1.0509555
2.6292748
3.8056123
5.6223230
11.0657520
20.8983498
31.6276665
38.6612282
50.0271759
71.7600937
84.4791870
80.9706955
78.7777252
88.0890884
97.8740692
52.0877724
13.2258072
2.2491937
2.0347137
1.3977780
0.5779269
0.0336043
0.1261399
1.1474491
4.5836630
2.8584590
0.3584332
0.1412416
0.0615681
0.0990517
0.2671866
0.2746693
0.3781458
0.4052134
0.3367017
0.3315776
0.3668241
0.4113843
0.5303853
0.6088272
0.4931179
0.5050955
0.6986449
0.6569239
0.5511845
0.4602494
0.4769441
0.4167502
0.3323969
0.3286673
0.3683035
0.4913173
0.5474297
0.4180639
0.5064076
0.6634039
1.0057979
1.0060114
0.7106333
0.5823736
0.6474987
0.8971089
1.2751565
1.5505135
1.5730617
1.3703219
1.0414842
0.7600085
0.7060614
0.6099480
0.6019502
0.7675155
0.8298635
0.8354332
0.9705608
1.1605195
1.4968967
1.9050647
1.9058254
1.3402851
0.9706891
1.2181296
2.6595383
5.5150700
23.0047741
81.1239700
145.9119720
147.1170349
92.9119644
48.3005104
27.7965946
45.3873901
62.2218857
75.8837814
62.2846832
36.8193817
43.4511948
109.0451508
147.5205383
107.2818527
31.6049347
5.8619928
0.8335017
0.1578757
12.4280529
52.4934235
90.5696259
106.7033081
108.7534409
125.9985733
144.3348236
140.3999939
131.0545807
116.2766037
83.6315079
45.6827850
30.1932545
24.3713646
55.6552734
161.6639709
222.4655151
168.3400421
98.0048370
37.7757339
31.1740398
29.2181664
65.3116989
97.1545029
81.7925644
33.3857002
12.8080778
10.7019424
37.5300026
65.0008011
54.3771973
27.8411369
39.8658791
64.1304703
86.3446198
82.8990707
52.0739861
23.9704762
23.4778156
19.8913193
13.1406717
17.5977745
77.8196716
151.4794159
184.2904816
195.0523224
225.0694275
246.7176514
220.4782410
182.8129730
183.4570923
174.5711365
173.2226257
140.7465057
78.7445908
15.4387741
1.2450067
0.2060209
0.3191278
11.0485582
38.3659897
58.9323387
72.7252350
114.2289047
180.4782104
214.3804321
199.5715027
157.9357758
125.6170578
117.5918732
127.5140152
152.3899689
180.9406586
182.3397369
150.9274292
113.4431305
78.3777237
74.1218567
55.4975815
7.6498694
4.3755245
60.2286530
209.6602020
293.0956116
256.8094177
214.7398529
201.3890839
168.8962860
98.8022461
25.4697647
4.5245662
0.7172927
0.8467302
16.3410683
67.0092697
83.0607758
66.3328705
88.0466537
148.5166931
175.2158051
132.2171936
75.7101440
36.8561554
26.3213024
6.1211491
4.7497406
19.3960648
34.8754692
39.5646439
38.7665558
50.3817902
76.4458389
98.1952896
108.4872589
95.7963562
67.5030823
46.5042038
32.0830765
26.4781189
25.0553913
29.4343319
29.8099384
22.3292637
12.6438398
5.3316827
28.6928673
24.2946949
13.1625223
1.6035457
11.5161982
16.9335594
20.7290077
21.7600117
19.3338432
15.5767336
13.5108099
11.8052664
14.9481163
29.4653511
40.6735153
36.0369568
23.8131390
17.0632553
20.7725143
33.6251259
38.8785324
27.9430027
14.0300026
9.4951162
7.4844103
3.7811430
1.2744994
0.7770849
1.8073400
51.2254066
179.9272461
284.7012024
256.8890076
132.1000214
28.6687145
13.1154280
7.8353243
17.3355961
84.7063904
122.4587097
99.3866959
116.1660156
148.1278839
146.6308594
129.6585846
100.6923904
101.3735580
94.5688782
76.1772614
72.5654221
57.5396919
45.6928368
36.0193138
24.3845329
17.5049419
27.9286995
85.6917267
100.9884872
103.9684601
94.7604141
69.1699982
33.7687836
25.8548164
23.7365971
24.1807747
37.1426735
42.0263672
53.6226692
75.1456451
58.3162041
25.7344589
11.6370096
14.3706474
21.3378906
21.8146248
23.5555000
21.6254578
10.1408176
1.7832029
17.5590305
96.1705246
189.8585358
202.3489990
126.3091736
56.0929832
24.0153580
9.9531527
8.3583555
24.9293594
62.7162399
85.8774948
91.7941132
66.5032883
44.4980392
12.5794306
10.1225815
36.6070099
97.8585510
126.1678696
96.1126862
91.4682388
125.1861725
152.0079498
148.1265259
136.8128204
100.5923309
64.8243866
108.2110214
99.3311234
54.4196472
34.1253586
16.0975323
11.9018974
3.8710613
2.2438395
15.0748425
43.8827362
78.8635406
109.6056671
109.3914795
79.2057266
42.6216927
16.6589985
6.8879228
5.9147425
7.5644417
41.6561546
83.1711273
79.8742294
54.1606712
21.9032822
9.1553116
9.6163502
8.1295891
31.1536903
43.3541985
38.5822525
28.2351341
23.3026562
29.6761646
24.4722366
20.4685154
20.2633648
19.8765335
16.7099037
11.8996925
7.2496781
2.8660979
0.4928139
0.2593071
0.2810756
0.1418758
0.1947356
0.1798923
0.4156670
0.4807187
0.4702477
0.5303699
0.7965467
0.7170186
0.2861279
5.8613043
39.3107262
103.4601440
144.7984619
119.2893524
63.0429192
31.2502365
29.8071423
48.1832619
43.8115234
26.7206898
25.9339237
36.4904938
58.6978493
103.7300262
119.6575241
107.4066620
64.7773438
28.5070858
5.5039015
1.5704093
3.1169200
5.3569317
4.1774640
1.5282762
0.5729426
0.2663378
0.2352709
0.2316125
0.2708419
0.3311588
0.3137020
2.4083548
8.7421312
18.5931759
53.8599968
109.6660385
135.1873169
115.7580643
62.0129700
22.2416420
6.7169104
16.8377571
61.3125038
96.1526642
89.9380493
64.1509399
52.4267960
39.6292763
14.4241505
2.6252704
6.6805315
29.6214199
45.7489128
32.1308517
21.1368580
15.5220337
16.8297329
25.0701427
43.9176674
68.8589935
91.2027435
102.8163223
91.1402512
68.5389938
52.5193787
49.2964821
39.3955879
23.7664146
14.8444481
11.4948416
9.5339298
5.4590693
9.9463778
27.0560207
28.3641758
18.2206059
9.9133949
8.8661032
5.5743027
12.2612705
49.9268036
95.0299301
104.7286911
75.8473816
44.8264961
20.8598652
12.0166473
15.5169821
20.7270145
18.8722649
11.0141115
4.1302719
5.6644030
11.1164551
10.7701502
11.4949703
30.2595882
61.0366402
77.6955795
71.1610031
61.0508842
53.1910782
39.2820168
30.0670357
53.2619591
52.7314415
37.9525185
68.6449890
94.7130585
76.6657181
42.6767769
18.6273956
7.1157966
6.4287934
18.7319946
59.4909325
87.1000900
56.9551315
22.6223106
11.8369608
9.8245802
20.7759686
83.7787552
98.5983200
69.2875061
29.6135693
12.1189718
4.7254233
8.4409990
36.2313690
64.2197266
59.2802505
30.9197102
25.5735474
32.6774483
34.2681808
35.0854149
36.8060684
30.5323143
14.7207823
6.9604540
5.1912546
6.5018778
11.1929893
27.7226524
34.2074814
26.3156872
15.6079645
11.0062475
11.0992775
12.0906315
12.3813524
7.8227978
1.3334516
1.4024663
3.2784646
6.9611468
15.7435017
28.2017975
37.9004593
35.7793808
24.8064384
11.8197851
4.5083761
0.8556333
0.2616720
0.0948479
1.3782097
15.2719765
31.8224716
34.1590881
23.3537254
8.0868673
3.2775180
2.1682830
1.9675275
3.1542475
13.8231773
23.8004913
24.5564938
19.7276821
12.0893402
5.1486845
3.3751485
2.0341306
1.8396082
1.4243454
0.6004124
0.4581848
0.1648793
0.0368768
0.0041323
0.0003249
0.0000000
0.0000000
0.0000000
0.0000000
0.0000000
0.0000000
0.0000000
0.0000000
0.0000000
0.0000000
0.0000000
0.0000000
0.0000000
0.0000000
0.0000000
0.0000000
0.0000000
0.0000000
0.0000000
0.0000000
0.0000000
0.0000000
0.0000000
0.0000000
0.0000000
0.0000000
0.0000000
0.0000000
0.0000000
0.0000000
0.0000000
0.0000000
0.0000000
0.0000000
0.0000000
0.0000000
0.0000000
0.0000000
0.0000000
0.0000000
0.0000000
0.0000000
0.0000000
0.0000000
0.0000000
0.0000000
0.0000000
0.0000000
0.0000000
0.0000000
0.0000000
0.0000000
0.0000000
0.0000000
0.0000000
0.0000000
0.0000000
0.0000000
0.0000000
0.0000000
0.0000000
0.0000000
0.0000000
0.0000000
0.0000000
0.0000000
0.0000000
0.0000000
0.0000000
0.0000000
0.0000000
0.0000000
0.0000000
0.0000000
0.0000000
0.0000000
0.0000000
0.0000000
0.0000000
0.0000000
0.0000000
0.0000000
0.0000000
0.0000000
0.0000000
0.0000000
0.0000000
0.0000000
0.0000000
0.0000000
0.0000000
0.0000000
0.0000000
0.0000000
0.0000000
0.0000000
0.0000000
0.0000000
0.0000000
0.0000000
0.0000000
0.0000000
0.0000000
0.0000000
0.0000000
0.0000000
0.0000000
0.0000000
0.0000000
0.0000000
0.0000000
0.0000000
0.0000000
0.0000000
0.0000000
0.0000000
0.0000000
0.0000000
0.0000000
0.0000000
0.0000000
0.0000000
0.0000000
0.0000000
0.0000000
0.0000000
0.0000000
0.0000000
0.0000000
0.0000000
0.0000000
0.0000000
0.0000000
0.0000000
0.0000000
0.0000000
0.0000000
0.0000000
0.0000000
0.0000000
0.0000000
0.0000000
0.0000000
0.0000000
0.0000000
0.0000000
0.0000000
0.0000000
0.0000000
0.0000000
0.0000000
0.0000000
0.0000000
0.0000000
0.0000000
0.0000000
0.0000000
0.0000000
0.0000000
0.0000000
0.0000000
0.0000000
0.0000000
0.0000000
0.0000000
0.0000000
0.0000000
0.0000000
0.0000000
0.0000000
0.0000000
0.0000000
0.0000000
0.0000000
0.0000000
0.0000000
0.0000000
0.0000000
0.0000000
0.0000000
0.0000000
0.0000000
0.0000000
0.0000000
0.0000000
0.0000000
0.0000000
0.0000000
0.0000000
0.0000000
0.0000000
0.0000000
0.0000000
0.0000000
0.0000000
0.0000000
0.0000000
0.0000000
0.0000000
0.0000000
0.0000000
0.0000000
0.0000000
0.0000000
0.0000000
0.0000000
0.0000000
0.0000000
0.0000000
0.0000000
0.0000000
0.0000000
0.0000000
0.0000000
0.0000000
0.0000000
0.0000000
0.0000000
0.0000000
0.0000000
0.0000000
0.0000000
0.0000000
0.0000000
0.0000000
0.0000000
0.0000000
0.0000000
0.0000000
0.0000000
0.0000000
0.0000000
0.0000000
0.0000000
0.0000000
0.0000000
0.0000000
0.0000000
0.0000000
0.0000000
0.0000000
0.0000000
0.0000000
0.0000000
0.0000000
0.0000000
0.0000000
0.0000000
0.0000000
0.0000000
0.0000000
0.0000000
0.0000000
0.0000000
0.0000000
0.0000000
0.0000000
0.0000000
0.0000000
0.0000000
0.0000000
0.0000000
0.0000000
0.0000000
0.0000000
0.0000000
0.0000000
0.0000000
0.0000000
0.0000000
0.0000000
0.0000000
0.0000000
0.0000000
0.0000000
0.0000000
0.0000000
0.0000000
0.0000000
0.0000000
0.0000000
0.0000000
0.0000000
0.0000000
0.0000000
0.0000000
0.0000000
0.0000000
0.0000000
0.0000000
0.0000000
0.0000000
0.0000000
0.0000000
0.0000000
0.0000000
0.0000000
0.0000000
0.0000000
0.0000000
0.0000000
0.0000000
0.0000000
0.0000000
0.0000000
0.0000000
0.0000000
0.0000000
0.0000000
0.0000000
0.0000000
0.0000000
0.0000000
0.0000000
0.0000000
0.0000000
0.0000000
0.0000000
0.0000000
0.0000000
0.0000000
0.0000000
0.0000000
0.0000000
0.0000000
0.0000000
0.0000000
0.0000000
0.0000000
0.0000000
0.0000000
0.0000000
0.0000000
0.0000000
0.0000000
0.0000000
0.0000000
0.0000000
0.0000000
0.0000000
0.0000000
0.0000000
0.0000000
0.0000000
0.0000000
0.0000000
0.0000000
0.0000000
0.0000000
0.0000000
0.0000000
0.0000000
0.0000000
0.0000000
0.0000000
0.0000000
0.0000000
0.0000000
0.0000000
0.0000000
0.0000000
0.0000000
0.0000000
0.0000000
0.0000000
0.0000000
0.0000000
0.0000000
0.0000000
0.0000000
0.0000000
0.0000000
0.0000000
0.0000000
0.0000000
0.0000000
0.0000000
0.0000000
0.0000000
0.0000000
0.0000000
0.0000000
0.0000000
0.0000000
0.0000000
0.0000000
0.0000000
0.0000000
0.0000000
0.0000000
0.0000000
0.0000000
0.0000000
0.0000000
0.0000000
0.0000000
0.0000000
0.0000000
0.0000000
0.0000000
0.0000000
0.0000000
0.0000000
0.0000000
0.0000000
0.0000000
0.0000000
0.0000000
0.0000000
0.0000000
0.0000000
0.0000000
0.0000000
0.0000000
0.0000000
0.0000000
0.0000000
0.1440927
1.0903606
2.6392243
3.4233959
2.9316607
1.9644271
1.6528294
1.5180128
1.7155471
1.7674236
1.7121987
1.8026464
2.1762834
2.8994753
3.3714480
3.8383052
4.4228868
3.9084508
3.3643181
2.9396882
2.4003747
2.0171194
2.3387394
2.3679538
2.8420002
2.8605976
2.8008144
2.0972052
1.2105854
0.5363936
0.6271603
7.3111582
34.1459274
84.9224091
151.5901947
195.7168579
185.0608978
141.6479492
98.6003113
66.1424103
51.1300240
56.4755020
59.9201202
50.4746323
40.8783569
65.4210587
61.9280472
45.7305336
61.3201141
81.0226288
80.3361816
72.9967804
72.8535919
70.5775375
70.6002731
59.5542374
38.7378540
20.6087856
12.6972942
17.6187248
25.1263256
30.2122383
43.1870499
63.0695534
84.8219910
99.8108597
95.8000336
77.1110153
60.3110924
47.6103592
50.1912804
64.4980316
71.2044296
63.5085602
47.9625473
31.1653347
20.5924187
15.5945997
20.6697826
31.6561337
36.7833252
34.8463860
42.0292282
72.2185745
101.7056351
78.3794327
36.4461250
62.5887070
170.2200623
322.2794189
371.9742737
269.0888672
139.6096191
83.1316376
41.3738747
19.9636707
16.7716904
10.3492126
16.1103363
78.2325821
157.1315765
176.0865173
141.7516174
109.3066788
107.8812256
119.3221588
121.6596146
131.8976440
120.0062485
97.6222763
69.2140656
36.4854202
15.7666607
10.6276665
10.1413240
12.1302347
16.0627441
24.6176491
21.1778469
28.8455658
92.1868210
195.2720184
245.0749969
220.3604279
151.2679901
104.4287643
62.3893204
37.7488670
29.2823772
14.8875628
55.1374702
178.2312469
257.0536499
247.1255951
185.7483826
141.4130249
78.4176331
34.7333832
50.0642586
101.4055862
122.2342300
94.4402161
59.1183434
40.6183243
48.6702156
102.7013245
212.1687469
228.7261047
202.5242920
152.7152405
97.1262436
43.5426025
16.5467739
35.9256172
62.4045105
97.7238541
133.9518585
176.5748291
227.7404633
291.5402222
261.8067932
233.1614380
225.9983215
207.4381104
197.4314728
177.2608337
145.1528473
107.9550400
34.4175568
113.6612778
150.8956909
120.9007874
103.6960983
147.2896729
207.7796173
139.1459045
108.3979111
134.4019318
117.5158463
68.4341354
38.4848938
21.3221951
14.1048164
5.9368863
2.4293685
1.8235248
2.0652654
0.9578290
0.8162533
5.3585815
14.9877949
16.3352051
7.2389698
0.9423154
0.2143452
1.8315542
47.0815620
159.6997986
288.6485901
345.0702209
282.5916443
185.8764801
105.0385208
55.8577614
43.7467728
66.6700287
105.1074295
135.1781769
137.5346375
118.9854736
99.8227463
80.0202408
66.9795227
55.4019814
56.4694290
107.1042633
173.0473175
170.1714172
124.8948364
86.2955017
54.3840179
21.4679852
6.6795182
3.1152341
1.2496068
8.6640472
64.5191269
150.5260315
207.9994507
187.3098755
116.2315598
38.2414360
10.4278612
2.5482783
2.0428216
14.3529434
24.7024803
26.5172291
35.6764679
45.1059036
40.9894371
23.6042976
20.9364433
35.8356819
53.5963745
57.8090019
49.2609138
32.9134254
21.3280392
11.6428986
7.9190040
31.4373646
57.5024910
48.4178467
43.7086754
51.9940910
43.3758507
28.3981915
16.4751492
12.3594618
26.1550484
76.4765549
132.9012756
162.5017853
137.6949768
62.3924217
13.4858828
8.3231421
4.8650022
7.9635210
27.3504009
108.8917999
202.8028107
252.2835388
251.1251984
206.8624573
119.0908356
33.3943367
14.4896126
8.1222830
3.3958645
30.7989082
85.1776733
137.2643280
151.1953735
111.4507599
59.2838249
39.0461311
41.5585251
49.7946930
48.6815872
43.3044052
30.0494576
16.6936035
7.6278939
4.2087145
1.1758634
0.5104676
0.5022186
2.4654636
6.0766292
6.6899576
5.5397320
4.2206407
3.4284601
2.5011265
1.6607201
1.5524577
1.4262949
1.3387008
1.2055941
1.0419660
0.8481402
0.5529885
0.3787020
0.3448125
0.2607682
0.5083366
0.5838226
0.5132170
0.3435783
0.4172221
0.4662948
0.5519562
0.5486447
0.4522028
0.2841382
0.3181183
0.4539721
0.4941549
0.3960984
0.3910561
0.5452144
0.6391963
0.4847012
0.4103828
0.3116884
0.5849313
3.5255804
8.9315939
15.3411589
31.1519756
53.4283066
64.0005417
49.0783997
13.1008434
2.3235044
0.5158402
0.4112369
0.9178051
2.9511561
2.9866812
9.6377497
23.8363495
35.1744499
39.4212379
39.1438293
51.6148376
97.6250076
169.8731689
204.2511902
158.4239502
82.9994659
39.9528503
18.8602390
12.2835407
31.1873150
123.8632202
234.1428223
267.7978210
232.3269501
184.1714020
123.5223999
60.0359268
28.9682426
24.3744469
85.6457214
156.6690063
164.5907593
100.2754669
35.7176361
14.6910782
12.7229061
24.9793758
41.4914360
59.7510147
68.6896667
52.2645721
37.2575798
39.2018242
66.3979111
102.9608231
123.7256241
125.6079788
113.9219894
97.2992477
78.6988068
63.1528702
57.1183853
54.6339531
54.4988327
46.4188881
66.9276352
91.7745361
65.9579391
29.1606636
17.5249748
75.4774094
159.1264801
178.9345856
131.3863525
91.4794922
105.3648605
172.3650513
182.4667053
151.7657166
94.0257645
32.7758293
5.2118244
0.6265376
7.4627190
28.8690414
49.7850800
67.4512177
89.6182861
125.3821945
156.3495941
156.3564606
117.9881973
74.9888687
52.7416840
34.2195587
30.1962910
17.7440376
5.0344748
4.2658806
29.0734482
107.1575623
132.8583374
112.8626709
89.3641510
59.5561981
31.0848713
16.9095783
14.3468571
8.5707951
4.4827013
1.9937447
1.6819785
1.5785038
1.6243615
1.6878039
2.5145855
8.5741768
32.0978775
70.5731125
95.6217880
85.4839096
52.2348099
27.2267189
18.0674915
11.5066776
5.5707169
2.1180906
2.7499099
28.7954807
86.6108627
127.9633026
116.7769012
70.1446075
23.4142532
9.5839901
1.9983120
3.0412333
20.9063950
52.8028564
73.1693802
82.3013916
95.1044846
101.2716980
101.2102280
98.8951416
117.5308380
151.8152618
153.5904846
112.3844910
76.3910370
51.0387573
34.9855728
23.1367474
10.9714251
0.7343603
1.5360959
6.1441650
21.2195721
34.0514755
28.8774834
7.6869946
0.4755376
0.0544171
0.1013365
23.1771870
94.3848953
139.0516510
114.2339935
40.0710144
6.1702962
4.0675879
18.7821560
41.2699776
92.4033661
113.2883606
121.3639069
114.3802338
88.4851151
54.1927567
40.2584343
39.4889870
49.8431168
53.7251930
46.2546310
46.1451187
85.7326050
131.3712463
154.8676453
147.8628845
117.6866074
72.3065720
30.3357830
14.7422810
5.2720723
7.8542318
25.6691570
52.7123184
51.3454285
34.5242500
48.2617073
88.6275711
125.0338440
111.4408112
68.4184418
33.6017342
15.0833588
19.2156506
14.6711550
9.7704945
5.2377009
1.3646144
1.8139758
8.3241863
18.1042213
22.1237946
21.0870399
17.6830883
13.7180119
8.8284922
4.7653413
3.4852743
6.1299105
11.5996056
15.7582922
14.0639133
5.5596023
1.2380224
7.5230007
31.2872543
70.4181137
106.3200073
123.1576614
113.4466324
78.3744507
44.5966873
40.7564621
64.8449173
86.5963593
78.6317215
58.9644127
59.3621025
70.4629440
97.5953674
117.1703644
102.0716476
55.8253212
40.9634094
33.9017563
15.5832329
6.2665796
1.1104368
4.6169477
17.7099781
32.6039505
36.9335098
31.4585800
45.4892654
91.6171646
142.4320221
151.6233063
103.2553253
37.5702248
5.6445866
1.0560510
2.0803342
8.2169228
18.1498356
22.3876781
21.2100639
17.0705414
13.4663897
13.7046795
27.5821991
59.9515343
100.6749344
118.0492020
103.1548538
67.9117584
38.4277496
25.3347397
5.1403632
4.4470949
35.8358154
83.4190826
102.5247498
83.3021393
53.5530548
38.5170364
32.0312805
22.1178818
16.0197659
10.0706692
7.8286495
7.8570170
5.3369455
2.8540661
1.5217577
0.5945455
0.3247842
0.1726531
0.2771857
0.2751242
0.1166168
0.0343247
0.0018785
0.0000263
0.0000000
0.0000000
0.0000000
0.0000000
0.0000000
0.0000000
0.0000000
0.0000000
0.0000000
0.0000000
0.0000000
0.0000000
0.0000000
0.0000000
0.0000000
0.0000000
0.0000000
0.0000000
0.0000000
0.0000000
0.0000000
0.0000000
0.0000000
0.0000000
0.0000000
0.0000000
0.0000000
0.0000000
0.0000000
0.0000000
0.0000000
0.0000000
0.0000000
0.0000000
0.0000000
0.0000000
0.0000000
0.0000000
0.0000000
0.0000000
0.0000000
0.0000000
0.0000000
0.0000000
0.0000000
0.0000000
0.0000000
0.0000000
0.0000000
0.0000000
0.0000000
0.0000000
0.0000000
0.0000000
0.0000000
0.0000000
0.0000000
0.0000000
0.0000000
0.0000000
0.0000000
0.0000000
0.0000000
0.0000000
0.0000000
0.0000000
0.0000000
0.0000000
0.0000000
0.0000000
0.0000000
0.0000000
0.0000000
0.0000000
0.0000000
0.0000000
0.0000000
0.0000000
0.0726147
0.4012541
0.8704745
1.1010700
0.9596895
1.2483941
5.7715826
16.0905228
26.6588974
31.7074947
38.3142776
74.3375244
128.7725220
142.9572601
101.7113190
52.2915230
17.8327560
4.6868019
1.7449507
6.6734076
19.0455418
53.9460297
56.6382713
42.2298584
45.9888420
65.2711868
99.5390396
138.2283173
155.7809143
134.4158325
76.2223434
17.4049740
5.3235722
18.3810024
46.8101692
54.5772743
35.4970284
11.6574268
11.4905081
41.7397423
101.5595856
153.8824615
150.9383850
110.5331345
59.4869576
31.5561180
45.4000549
27.9655590
14.6649275
33.1912079
83.5108795
121.5498962
127.4808731
132.9605255
160.9505310
189.9086761
178.6141663
143.4972839
88.2638245
46.0923004
25.2815933
21.2608109
5.6295428
0.8127459
0.1428407
0.5839429
3.0922077
0.6127896
0.2188122
0.2360600
0.2162846
0.3892696
0.7049111
0.8408966
0.7848564
0.5553445
0.5397347
0.6713299
0.8915375
1.3311398
1.8924973
1.8886812
1.2109771
0.9482306
1.0294603
0.8917637
0.7258594
0.5274117
0.3938215
0.4189208
0.6147932
0.7935137
1.0170712
1.3573759
3.5254824
6.2086258
5.9744387
3.0171933
2.1793575
2.1775861
3.1857390
2.7477446
1.0617918
0.4372842
0.5163119
0.6881030
0.7443641
0.5504577
0.4659156
0.6689415
0.4782791
0.3548301
0.4524456
0.5403858
0.4658024
0.4842291
0.3609248
0.4398489
0.3864503
0.2357966
0.2654770
0.3884958
0.5139184
0.4089093
0.3750390
0.4221740
0.8402233
1.4828308
2.0454111
1.6799603
1.3091775
1.2387263
1.5971866
1.9581816
1.6824985
1.0435088
0.4902092
0.4855400
0.9266230
1.7190485
1.7701300
1.1194987
0.8006485
0.7785625
0.7769231
0.6336038
0.5309848
0.7188298
0.6342372
0.4450700
0.4336774
0.4558277
0.5180171
0.5923446
6.4623485
30.4795036
82.7488556
152.0109406
209.8314972
218.7974243
150.4723511
66.5578613
13.6256132
1.4653628
0.5238929
0.1647505
0.3812408
3.7100358
3.3030388
0.4241882
0.1457412
0.1020031
0.2306012
0.4545400
0.7256388
1.8665385
3.2074261
2.8244495
1.0358667
0.3356130
0.1849852
0.0351127
0.0040242
0.0000758
0.0000000
0.0000000
0.0000000
0.0000000
0.0000000
0.0000000
0.0000000
0.0000000
0.0000000
0.0000000
0.0000000
0.0000000
0.0000000
0.0000000
0.0000000
0.0000000
0.0000000
0.0000000
0.0000000
0.0000000
0.0000000
0.0000000
0.0000000
0.0000000
0.0000000
0.0000000
0.0000000
0.0000000
0.0000000
0.0000000
0.0000000
0.0000000
0.0000000
0.0000000
0.0000000
0.0000000
0.0000000
0.0000000
0.0000000
0.0000000
0.0000000
0.0000000
0.0000000
0.0000000
0.0000000
0.0000000
0.0000000
0.0000000
0.0000000
0.0000000
0.0000000
0.0000000
0.0000000
0.0000000
0.0000000
0.0000000
0.0000000
0.0000000
0.0000000
0.0000000
0.0000000
0.0000000
0.0000000
0.0000000
0.0000000
0.0000000
0.0000000
0.0000000
0.0000000
0.0000000
0.0000000
0.0000000
0.0000000
0.0000000
0.0000000
0.0000000
0.0000000
0.0000000
0.0000000
0.0000000
0.0000000
0.0000000
0.0000000
0.0000000
0.0000000
0.0000000
0.0000000
0.0000000
0.0000000
0.0000000
0.0000000
0.0000000
0.0000000
0.0000000
0.0000000
0.0000000
0.0000000
0.0000000
0.0000000
0.0000000
0.0000000
0.0000000
0.0000000
0.0000000
0.0000000
0.0000000
0.0000000
0.0000000
0.0000000
0.0000000
0.0000000
0.0000000
0.0000000
0.0000000
0.0000000
0.0000000
0.0000000
0.0000000
0.0000000
0.0000000
0.0000000
0.0000000
0.0000000
0.0000000
0.0000000
0.0000000
0.0000000
0.0000000
0.0000000
0.0000000
0.0000000
0.0000000
0.0000000
0.0000000
0.0000000
0.0000000
0.0000000
0.0000000
0.0000000
