0.0000000
0.0000000
0.0000000
0.0000000
0.0000000
0.0000000
0.0000000
0.0000000
0.0000000
0.0000000
0.0000000
0.0000000
0.0000000
0.0000000
0.0000000
0.0000000
0.0000000
0.0000000
0.0000000
0.0000000
0.0000000
0.0000000
0.0000000
0.0000000
0.0000000
0.0000000
0.0000000
0.0000000
0.0000000
0.0000000
0.0000000
0.0000000
0.0000000
0.0000000
0.0000000
0.0000000
0.0000000
0.0000000
0.0000000
0.0000000
0.0000000
0.0000000
0.0000000
0.0000000
0.0000000
0.0000000
0.0000000
0.0000000
0.0000000
0.0000000
0.0000000
0.0000000
0.0000000
0.0000000
0.0000000
0.0000000
0.0000000
0.0000000
0.0000000
0.0000000
0.0000000
0.0000000
0.0000000
0.0000000
0.0000000
0.0000000
0.0000000
0.0000000
0.0000000
0.0000000
0.0000000
0.0000000
0.0000000
0.0000000
0.0000000
0.0000000
0.0000000
0.0000000
0.0000000
0.0000000
0.0000000
0.0000000
0.0000000
0.0000000
0.0000000
0.0000000
0.0000000
0.0000000
0.0000000
0.0000000
0.0000000
0.0000000
0.0000000
0.0000000
0.0000000
0.0000000
0.0000000
0.0000000
0.0000000
0.0000000
0.0000000
0.0000000
0.0000000
0.0000000
0.0000000
0.0000000
0.0000000
0.0000000
0.0000000
0.0000000
0.0000000
0.0000000
0.0000000
0.0000000
0.0000000
0.0000000
0.0000000
0.0000000
0.0000000
0.0000000
0.0000000
0.0000000
0.0000000
0.0000000
0.0000000
0.0000000
0.0000000
0.0000000
0.0000000
0.0000000
0.0000000
0.0000000
0.0000000
0.0000000
0.0000000
0.0000000
0.0000000
0.0000000
0.0000000
0.0000000
0.0000000
0.0000000
0.0000000
0.0000000
0.0000000
0.0000000
0.0000000
0.0000000
0.0000000
0.0000000
0.0000000
0.0000000
0.0000000
0.0000000
0.0000000
0.0000000
0.0000000
0.0000000
0.0000000
0.0000000
0.0000000
0.0000000
0.0000000
0.0000000
0.0000000
0.0000000
0.0000000
0.0000000
0.0000000
0.0000000
0.0000000
0.0000000
0.0000000
0.0000000
0.0000000
0.0000000
0.0000000
0.0000000
0.0000000
0.0000000
0.0000000
0.0000000
0.0000000
0.0000000
0.0000000
0.0000000
0.0000000
0.0000000
0.0000000
0.0000000
0.0000000
0.0000000
0.0000000
0.0000000
0.0000000
0.0000000
0.0000000
0.0000000
0.0000000
0.0000000
0.0000000
0.0000000
0.0000000
0.0000000
0.0000000
0.0000000
0.0000000
0.0000000
0.0000000
0.0000000
0.0000000
0.0000000
0.0000000
0.0000000
0.0000000
0.0000000
0.0000000
0.0000000
0.0000000
0.0000000
0.0000000
0.0000000
0.0000000
0.0000000
0.0000000
0.0000000
0.0000000
0.0000000
0.0000000
0.0000000
0.0000000
0.0000000
0.0000000
0.0000000
0.0000000
0.0000000
0.0000000
0.0000000
0.0000000
0.0000000
0.0000000
0.0000000
0.0000000
0.0000000
0.0000000
0.0000000
0.0000000
0.0000000
0.0000000
0.0000000
0.0000000
0.0000000
0.0000000
0.0000000
0.0000000
0.0000000
0.0000000
0.0000000
0.0000000
0.0000000
0.0000000
0.0000000
0.0000000
0.0000000
0.0000000
0.0000000
0.0000000
0.0000000
0.0000000
0.0000000
0.0000000
0.0000000
0.0000000
0.0000000
0.0000000
0.0000000
0.0000000
0.0000000
0.0000000
0.0000000
0.0000000
0.0000000
0.0000000
0.0000000
0.0000000
0.0000000
0.0000000
0.0000000
0.0000000
0.0000000
0.0000000
0.0000000
0.0000000
0.0000000
0.0000000
0.0000000
0.0000000
0.0000000
0.0000000
0.0000000
0.0000000
0.0000000
0.0000000
0.0000000
0.0000000
0.0000000
0.0000000
0.0000000
0.0000000
0.0000000
0.0000000
0.0000000
0.0000000
0.0000000
0.0000000
0.0000000
0.0000000
0.0000000
0.0000000
0.0000000
0.0000000
0.0000000
0.0000000
0.0000000
0.0000000
0.0000000
0.0000000
0.0000000
0.0000000
0.0000000
0.0000000
0.0000000
0.0000000
0.0000000
0.0000000
0.0000000
0.0000000
0.0000000
0.0000000
0.0000000
0.0000000
0.0000000
0.0000000
0.0000000
0.0000000
0.0000000
0.0000000
0.0000000
0.0000000
0.0000000
0.0000000
0.0000000
0.0000000
0.0000000
0.0000000
0.0000000
0.0000000
0.0000000
0.0000000
0.0000000
0.0000000
0.0000000
0.0000000
0.0000000
0.0000000
0.0000000
0.0000000
0.0000000
0.0000000
0.0000000
0.0000000
0.0000000
0.0000000
0.0000000
0.0000000
0.0000000
0.0000000
0.0000000
0.0000000
0.0000000
0.0000000
0.0000000
0.0000000
0.0000000
0.0000000
0.0000000
0.0000000
0.0000000
0.0000000
0.0000000
0.0000000
0.0000000
0.0000000
0.0000000
0.0000000
0.0000000
0.0000000
0.0000000
0.0000000
0.0000000
0.0000000
0.0000000
0.0000000
0.0000000
0.0000000
0.0000000
0.0000000
0.0000000
0.0000000
0.0940199
0.8072553
1.9944652
2.6431916
2.3572264
1.7085444
1.4343245
1.5037211
1.5251536
1.7657797
1.6878542
1.6654503
1.9058261
2.0168757
2.1340494
2.3429275
2.0216939
1.7644573
1.6483651
1.4538928
1.6653719
2.3540349
2.8911469
3.0998240
2.8285241
2.7008252
2.5076327
2.2304752
1.8038949
1.3341150
0.8155869
0.5681131
3.2394619
15.9891071
34.8994865
63.8597908
78.5723572
83.6733246
155.8509979
239.9843140
201.1121521
124.5319061
107.0276871
136.7588806
142.9693909
110.7476578
81.8662262
60.2216797
68.6170654
57.4201546
102.4365005
66.8844376
19.9009552
49.1990204
56.6495934
59.1646156
57.0702629
67.8056793
107.4352646
167.8610077
224.4151459
227.4691925
176.4410553
113.6994934
76.7787247
98.8344269
122.1823730
153.8697968
146.6111145
108.7546387
70.1032715
28.7308083
12.3106174
4.6289535
5.5556498
24.9167824
63.5947151
89.1399536
89.2751999
72.8745270
58.8330841
55.0577736
36.8574104
27.3807144
41.3671265
39.7871323
29.5877762
41.6190300
54.3193245
75.6596527
98.5202866
96.4565887
81.6781082
56.3201904
40.4543724
37.8223839
27.5036011
19.5194588
35.5575218
49.1737556
49.6936951
53.7926216
63.4951134
62.4472618
65.5695953
53.4819756
39.7803879
30.1129341
27.1757126
29.9523010
36.5798035
39.9861374
40.3111572
41.1340294
44.1266708
24.3903522
2.7917016
0.2960544
1.4693426
28.1997242
108.5489197
170.1255035
220.9442596
256.1769104
227.0365906
161.1130981
86.2072754
32.4892693
10.9114141
26.6058044
94.0952911
107.3785400
78.1261368
43.5618057
43.5433273
65.1904449
83.1069946
82.3853455
65.1354752
56.1977539
54.5632935
51.1805878
38.6382027
20.3293858
12.6789665
23.2077885
43.4933739
54.1585541
64.5501099
77.6346283
73.8157806
57.7269936
41.3575249
24.1180344
16.4420109
24.9230042
22.4438953
17.2728291
13.6016016
16.4464455
16.0535526
13.2456474
28.3894043
58.2601166
84.7779388
104.1545181
120.5774231
126.0611038
120.3325500
114.5433197
104.5831757
89.4114304
77.7442627
71.8682098
63.4424286
61.2022514
60.1779099
52.9563446
44.8687325
49.5251846
35.9489822
56.3629112
56.5746117
49.0324974
52.1432228
54.6222878
46.4426346
31.9416256
38.1430168
78.1799011
60.2537994
37.2716866
24.7981777
36.0481071
38.9803734
14.9058447
8.0421619
10.2176695
6.9674883
4.9118385
2.9165158
2.0999479
1.6477063
1.5035819
1.4137676
1.3843155
1.0178992
0.9694445
0.8265800
0.6088734
0.3994843
0.4030445
0.5143844
0.5615019
0.4677035
0.4770122
0.5200806
0.9514375
2.0576549
3.1925471
3.9668722
3.8978219
3.4186883
2.7015226
2.2179499
2.0246754
2.0127602
1.6341209
1.4526538
1.3049672
1.2736777
0.9850008
0.6699215
0.3109582
0.5123324
0.4232123
0.5647033
0.6615794
2.1020191
25.5719109
63.0928879
86.0651321
95.3421173
93.9432220
68.3502045
26.1225700
22.1533260
31.9166451
80.9718475
188.4672089
260.1063843
241.4091492
149.9045410
69.7709122
21.9714260
4.5633440
3.0611544
6.3068438
10.7055798
24.7611771
70.1496048
103.4586716
96.4658356
71.0356293
65.6700134
46.8677635
24.0032082
20.4348526
77.0532608
114.7988052
97.8463287
54.1257210
37.2928810
28.9701557
20.8404217
10.5883150
9.4377270
37.5743484
84.7413330
113.6138000
101.3774490
68.6346512
31.7089405
9.1970901
2.1685569
0.3208984
0.3282635
0.7631782
14.8936968
57.9033775
90.9925613
83.0162125
56.7437897
36.6663284
33.6708107
62.7375107
93.3232956
112.3242874
111.4291382
74.6054459
24.6013832
3.4136989
11.4533081
29.8881149
33.7325058
24.9592838
18.1600971
39.7132492
92.5064316
128.9035339
112.8121033
68.4177170
29.4699936
12.2261152
11.8763895
10.1703596
25.7793961
49.8875847
47.4684258
35.9535103
24.7161026
14.2806978
11.0401688
20.3961658
27.4460926
26.5535965
23.7012482
16.0059052
7.6698809
9.0364218
9.8531981
5.5762906
7.4579873
10.6442089
5.2162933
2.0110848
1.0861557
0.3940700
0.1873970
0.2071177
0.4630068
1.0430202
1.1379139
0.8978555
0.7935601
0.7193666
0.7681340
0.7945825
0.7660434
0.6256043
0.5155373
0.5488312
0.5499645
0.4399878
0.3261709
0.4422450
0.6575844
0.8601943
2.0307968
13.2015448
47.6700439
85.2171631
83.0811005
34.1150093
2.3789408
0.3960929
2.5694408
25.2433567
74.0953293
98.6317520
130.6881714
154.8399200
116.6681061
63.0066872
25.7584267
16.8641338
17.0744801
24.2404461
57.3906555
94.4931717
103.3476105
92.3162689
63.0051155
42.9567451
33.7988968
34.2354469
37.4662170
43.2278328
74.4230881
91.8963776
75.0599365
57.6717300
34.0110855
19.5626888
15.7114172
17.0302048
37.5940247
56.1883469
63.8676910
64.1557159
50.8737869
34.2465286
24.9626331
26.1634178
21.7984276
26.5805244
43.6804123
58.6416245
61.1493187
75.2054062
100.7895050
122.6504517
128.5968475
103.7271347
61.2637711
27.3886890
16.1476631
12.3709383
12.5492525
22.5620747
52.9156570
72.2247467
62.1461525
43.7143898
34.3963394
29.0947304
21.3349934
8.7819424
2.9038079
8.2463245
44.7230110
63.2282372
48.0748749
37.0244293
29.2840195
21.3773823
15.6759453
22.0367279
26.9558945
23.5791321
14.4871521
9.2875824
13.3429871
14.2405186
9.0991077
6.4409981
7.3633165
8.2301407
6.8532143
4.4796295
2.5870800
1.5824388
1.0970337
0.9632609
0.8250306
0.7055303
0.5163344
0.3428043
0.1682665
0.3695741
0.4772265
0.6564146
0.9229580
1.0396829
1.0132234
0.9186254
0.7942351
0.5022653
0.5342454
0.7119313
0.8698463
0.8250212
0.6978339
0.6676003
0.7326755
0.9118540
0.8360208
0.9672522
0.9662982
0.7267525
0.4748953
0.4663057
0.5708034
0.7986531
0.6812521
0.7920357
0.9298501
0.8595060
0.7920055
0.7595370
0.5779371
0.5148113
0.5739164
0.5988124
0.5971015
0.6804185
0.8905530
6.2354088
33.1458969
82.3260803
129.0525208
145.6083679
138.8765717
124.3137589
116.3649063
145.2917480
209.8957825
250.1385193
226.7856445
181.1520081
106.8535004
33.6726227
5.1678767
1.0965862
3.9951699
37.1423378
103.5720062
90.9231873
33.1154060
33.5926399
54.2370911
93.6411819
151.4612427
162.7551422
123.9346008
75.2294312
39.5084915
20.6743164
17.2291050
15.9668789
22.5556602
31.0410461
17.4003143
9.7797050
3.8931923
1.3898056
4.6987782
36.2795677
70.7951813
84.5889587
87.6241989
86.7976913
79.2896500
52.5803719
28.1312008
18.5885525
11.5982323
3.5188687
4.5338454
3.1923363
16.1956177
41.9763565
53.5616684
35.6826935
26.9277077
33.4238625
34.0823517
28.7568493
24.4827995
42.4239922
74.0115509
97.2393875
103.0832062
100.6787949
78.8651657
45.7243156
15.9492760
7.7451372
3.9095831
4.5262671
2.2251124
0.7136640
0.2435120
7.0363092
35.7559013
64.8030319
86.0907440
111.0346832
133.8517456
125.1288910
81.9985733
30.0402889
8.5295210
8.1899881
21.6424618
44.3172226
35.8720894
19.1495743
27.5820580
44.8145180
51.4273300
48.4109573
37.6914749
20.3938599
12.3163939
18.7678928
21.1920547
13.2486897
8.4642544
7.2648821
8.4515648
7.2708678
5.5618224
12.2385683
24.1059170
40.5208664
53.1228600
55.6189346
54.6362000
50.8856239
36.9742470
26.9473839
19.0288811
10.9161491
5.8350930
1.7319719
1.1037101
0.5336617
0.2385785
0.3809491
1.4029229
16.7693119
48.6233597
73.6495590
76.7150726
66.5918884
49.9371109
43.8968239
52.3706512
69.0754929
57.9004898
37.6036491
24.6668892
19.4720287
4.3194580
4.4537444
18.5871735
48.3913498
48.1431046
31.7659969
16.6575661
13.8788691
14.3540154
8.8231277
2.9671600
2.2401397
13.6586065
27.9371223
21.3012848
5.1225867
2.7742033
4.7846680
13.2905569
23.7734604
27.8371754
23.9802532
17.7685337
16.3380985
12.6006489
10.1216841
8.7670965
8.9139929
12.1185064
10.1508064
6.9194288
4.2431030
2.0952616
1.3338251
1.4199803
1.0323308
0.6924897
0.5643222
0.5464920
0.4534010
0.3959837
0.4413861
0.5023374
0.4856174
0.3915430
0.2911433
0.3137225
0.3712466
0.4080183
0.4421939
0.5377616
0.5873208
0.4643607
0.4358367
0.4094448
0.4007040
0.4754878
0.6046820
0.4000000
0.4144762
0.4813893
0.4942247
0.4541739
0.5609168
0.6343614
0.5311045
0.5101310
0.5728647
0.6115232
0.4633464
0.3852583
0.5718000
0.5641439
0.5938056
0.5200975
0.4994476
0.4287840
0.2815728
0.3070986
0.3620054
0.3288959
0.4241434
0.5636060
0.6639178
0.5851100
0.3977441
0.3131507
0.3502516
0.5284448
1.1357126
2.7951899
4.4031830
4.5795431
12.1366329
32.4190140
48.2107315
41.6009293
19.0899048
8.7811861
8.2365837
16.7209930
50.2348442
72.0118790
76.0203781
70.7033234
61.7977219
44.9915810
31.7379875
29.6359653
23.1213570
19.1584816
23.7204456
22.4874763
16.3639698
16.6346188
15.7614546
13.5170393
13.7744007
21.1601124
32.0941391
59.8442535
102.0888519
104.6855011
73.1393051
41.8579216
20.9079170
9.9385662
8.3486547
11.3214006
10.4866076
5.1014748
4.9799228
21.4661808
37.7257767
31.8060608
25.4209023
37.7549019
72.5026855
115.9257965
129.5134735
96.3411942
48.1807747
26.4422493
21.1298065
18.9986134
20.3020992
8.5616455
1.2263087
0.2156780
4.4974508
30.0938091
56.1577759
55.7508965
49.5702400
44.6656036
38.2782249
31.4232368
21.7731800
16.1385689
9.2481871
3.2553465
1.6751885
11.0383682
42.4102173
54.4205704
30.4385891
11.5476589
6.5178499
13.8934011
30.6203403
38.1148834
31.0791664
12.3068075
4.5371728
2.4509995
6.7596960
30.3014011
69.9078140
57.0314026
12.9015360
1.0734074
0.3451429
6.0451894
32.3510895
65.8910904
84.0905609
110.3542175
142.1698608
130.4582214
66.9253616
17.8297386
9.4723034
9.1857090
5.7085352
7.0567307
31.1671200
48.6871872
44.1701965
43.8961372
44.7924042
30.0278568
17.5922165
19.7276974
35.0943680
79.7444305
108.1221313
84.6254120
51.8438187
26.7672710
24.1925545
37.4145660
35.5926323
21.2614880
12.0355597
10.9715204
12.7419291
29.8487072
59.2096825
74.9206085
63.2423820
41.6645164
28.3810062
18.8462334
10.4864511
14.6548920
21.5292702
18.5610924
16.3552895
37.5220757
45.3795967
33.7926216
26.0212898
24.7173347
22.7523842
13.9977694
16.3707428
16.5939579
16.5677414
14.6304750
9.9512577
11.3552217
24.1796570
35.0009155
30.4781742
18.0658951
8.9987965
4.6098886
3.3845491
5.4148445
7.6215243
33.6668129
73.8037720
93.9403305
76.3201370
29.3363323
8.3502293
3.4760289
4.0780730
9.5833683
23.9149628
32.2003288
26.7480755
23.7568569
24.4634361
34.7546730
41.8865967
33.7171707
17.0860748
15.2318621
21.0317440
23.7634678
20.6385765
9.7554302
9.0558538
21.7754726
53.7631683
67.5529633
47.5392990
27.2909966
18.1473045
14.3249207
13.2725840
11.1716700
11.0886698
16.8837986
13.3328743
3.2825193
1.7699528
0.3153397
1.9858180
13.2172480
24.5706902
18.6942253
8.1544628
11.9188614
26.9954357
41.0157166
42.5393372
27.4026203
5.8970938
2.9128344
11.2806263
25.5472221
17.3618622
3.7049727
3.4516547
10.4823608
23.2825089
32.3602982
45.6802292
59.5125084
58.4073296
44.4764938
33.6597176
23.9460716
14.6917048
5.2597799
1.5047373
2.3330188
11.3695087
25.7078514
33.3987541
31.6572895
27.9365540
24.9771538
21.7740955
18.8939743
14.4453192
14.6677675
32.2290382
66.5275574
93.1990585
92.2263031
73.9967270
61.6697922
49.8047409
43.9516258
41.9953766
35.7304535
28.6692238
37.2582550
55.1118355
53.0212364
36.7540665
18.2634258
12.2938328
3.7639580
0.9955610
0.7333091
0.2136793
0.9294212
3.1227899
5.2373424
4.5262337
3.0944746
2.8190269
2.8180723
2.6536984
2.4807501
2.1212111
2.0917201
2.0441017
1.7898202
1.2410966
0.7271333
0.4536144
0.4498793
1.8155342
7.3785539
26.7071400
53.2730370
60.8442879
40.1684494
24.3873158
26.0273399
53.2199707
83.9671402
87.3409958
68.2004700
45.6433640
27.9509182
22.2904377
102.5275955
184.0685272
188.6765442
149.7702026
119.7136154
99.9157791
86.7940292
53.3181534
24.5254726
14.2089424
13.8738794
13.8219643
16.0596886
25.6636829
39.5241432
56.5789986
58.5807648
38.5550728
27.5325680
30.0802784
28.2150993
20.7840710
12.9597988
11.9460449
21.9206810
32.1187325
33.8810577
44.2723312
58.7598190
51.6543961
28.8481045
22.5107193
31.6959324
43.3380241
46.7527885
42.8421822
34.6996307
24.0741100
21.5210323
26.0871315
26.7088051
26.4210262
23.7127266
16.1842937
8.4088764
6.1706605
7.2062173
7.6307859
9.3290005
14.3589945
11.6990509
12.7393742
15.6740789
10.3458166
4.5494580
1.1770793
0.6076061
0.9363897
1.7897193
11.6759872
37.3991699
61.4852409
68.6374588
60.9424400
45.8723831
26.5417118
10.5270557
3.8884714
4.2937136
10.7657213
33.3692551
42.4044876
25.4854584
11.8376331
17.1644249
30.5584030
32.4814339
20.6083202
9.5143194
14.6180773
31.0896339
40.4334831
36.9445152
31.8564358
29.4308739
29.3605537
30.3114052
36.2972221
28.2816143
13.2566538
8.2194319
4.0529914
1.5728471
0.7765911
0.1899863
0.4881264
2.8181338
17.3771858
35.8522072
37.0280685
22.8585777
16.3920212
13.6778259
14.5866117
13.6065388
9.7739086
6.5998778
4.7191467
3.5878487
1.8304262
0.6476604
1.2681980
15.4447021
37.6305847
41.3524666
20.6760235
1.6675035
0.4144142
0.3542616
0.5016020
0.9929051
2.1744778
13.5835056
31.0227547
37.3297653
35.8179016
32.9890709
28.6864166
20.4923000
17.9046383
15.0171261
8.6917973
4.4381757
2.2583501
4.9858904
3.4042439
1.8093110
1.8254466
2.5650184
1.6702013
1.5335475
4.3686171
5.4677415
3.2504065
1.4387786
0.5799338
0.4440832
0.3822291
0.3500586
0.3863237
0.4561714
0.6062387
0.6334338
0.7350950
0.4909512
0.3885390
0.4861708
0.5259531
0.4821284
0.4094202
0.4905473
0.4873238
0.4434842
0.4576510
0.4062038
0.4531049
0.5278953
0.5367987
0.6371644
0.6827059
0.8265220
0.5622978
0.4843256
0.5097211
0.5748814
0.7087153
0.8146592
0.4178083
0.2644113
0.3789248
0.6665802
0.6204568
0.4343119
0.3994758
0.4674955
0.5727282
2.2082567
15.8239937
43.1611977
62.2664299
56.9189568
46.4301033
39.6315918
31.7569237
16.0731106
1.8249446
0.1832630
1.9375668
47.3796959
143.6054077
200.4439545
178.0125275
103.7851562
49.0167046
10.4659758
17.9525547
20.6399612
13.6266155
5.8077760
2.3366423
0.7635407
0.1672965
0.1735565
0.2256530
0.4248882
0.4860919
0.1043842
0.0073965
0.0002457
0.0000000
0.0000000
0.0000000
0.0000000
0.0000000
0.0000000
0.0000000
0.0000000
0.0000000
0.0000000
0.0000000
0.0000000
0.0000000
0.0000000
0.0000000
0.0000000
0.0000000
0.0000000
0.0000000
0.0000000
0.0000000
0.0000000
0.0000000
0.0000000
0.0000000
0.0000000
0.0000000
0.0000000
0.0000000
0.0000000
0.0000000
0.0000000
0.0000000
0.0000000
0.0000000
0.0000000
0.0000000
0.0000000
0.0000000
0.0000000
0.0000000
0.0000000
0.0000000
0.0000000
0.0000000
0.0000000
0.0000000
0.0000000
0.0000000
0.0000000
0.0000000
0.0000000
0.0000000
0.0000000
0.0000000
0.0000000
0.0000000
0.0000000
0.0000000
0.0000000
0.0000000
0.0000000
0.0000000
0.0000000
0.0000000
0.0000000
0.0000000
0.0000000
0.0000000
0.0000000
0.0000000
0.0000000
0.0000000
0.0000000
0.0000000
0.0000000
0.0000000
0.0000000
0.0000000
0.0000000
0.0000000
0.0000000
0.0000000
0.0000000
0.0000000
0.0000000
0.0000000
0.0000000
0.0000000
0.0000000
0.0000000
0.0000000
0.0000000
0.0000000
0.0000000
0.0000000
0.0000000
0.0000000
0.0000000
0.0000000
0.0000000
0.0000000
0.0000000
0.0000000
0.0000000
0.0000000
0.0000000
0.0000000
0.0000000
0.0000000
0.0000000
0.0000000
0.0000000
0.0000000
0.0000000
0.0000000
0.0000000
0.0000000
0.0000000
0.0000000
0.0000000
0.0000000
0.0000000
0.0000000
0.0000000
0.0000000
0.0000000
0.0000000
0.0000000
0.0000000
0.0000000
0.0000000
0.0000000
0.0000000
0.0000000
0.0000000
0.0000000
0.0000000
0.0000000
0.0000000
0.0000000
0.0000000
0.0000000
0.0000000
0.0000000
0.0000000
0.0000000
0.0000000
0.0000000
0.0000000
0.0000000
0.0000000
0.0000000
0.0000000
0.0000000
0.0000000
0.0000000
0.0000000
0.0000000
0.0000000
0.0000000
0.0000000
0.0000000
0.0000000
0.0000000
0.0000000
0.0000000
0.0000000
0.0000000
0.0000000
0.0000000
0.0000000
0.0000000
0.0000000
0.0000000
0.0000000
0.0000000
0.0000000
0.0000000
0.0000000
0.0000000
0.0000000
0.0000000
0.0000000
0.0000000
0.0000000
0.0000000
0.0000000
0.0000000
0.0000000
0.0000000
0.0000000
0.0000000
0.0000000
0.0000000
0.0000000
0.0000000
0.0000000
0.0000000
0.0000000
0.0000000
0.0000000
0.0000000
0.0000000
0.0000000
0.0000000
0.0000000
0.0000000
0.0000000
0.0000000
0.0000000
0.0000000
0.0000000
0.0000000
0.0000000
0.0000000
0.0000000
0.0000000
0.0000000
0.0000000
0.0000000
0.0000000
0.0000000
0.0000000
0.0000000
0.0000000
0.0000000
0.0000000
0.0000000
0.0000000
0.0000000
0.0000000
0.0000000
0.0000000
0.0000000
0.0000000
0.0000000
0.0000000
0.0000000
0.0000000
0.0000000
0.0000000
0.0000000
0.0000000
0.0000000
0.0000000
0.0000000
0.0000000
0.0000000
0.0000000
0.0000000
0.0000000
0.0000000
0.0000000
0.0000000
0.0000000
0.0000000
0.0000000
0.0000000
0.0000000
0.0000000
0.0000000
0.0000000
0.0000000
0.0000000
0.0000000
0.0000000
0.0000000
0.0000000
0.0000000
0.0000000
0.0000000
0.0000000
0.0000000
0.0000000
0.0000000
0.0000000
0.0000000
0.0000000
0.0000000
0.0000000
0.0000000
0.0000000
0.0000000
0.0000000
0.0000000
0.0000000
0.0000000
0.0000000
0.0000000
0.0000000
0.0000000
0.0000000
0.0000000
0.0000000
0.0000000
0.0000000
0.0000000
0.0000000
0.0000000
0.0000000
0.0000000
0.0000000
0.0000000
0.0000000
0.0000000
0.0000000
0.0000000
0.0000000
0.0000000
0.0000000
0.0000000
0.0000000
0.0000000
0.0000000
0.0000000
0.0000000
0.0000000
0.0000000
0.0000000
0.0000000
0.0000000
0.0000000
0.0000000
0.0000000
0.0000000
0.0000000
0.0000000
0.0000000
0.0000000
0.0000000
0.0000000
0.0000000
0.0000000
0.0000000
0.1022789
0.7697226
1.7980609
2.2763114
1.9893721
1.3424429
0.7928816
0.4902939
2.5362592
16.6300316
33.7080612
70.0832291
147.0878296
222.9791412
241.3466187
197.4762268
152.3986511
121.5347977
72.0078583
65.6710129
135.7625427
155.7991180
136.8368378
85.8769836
16.9552708
95.7784195
117.3626709
89.9575500
57.3030624
39.0475044
96.6183090
87.0338287
44.7752342
18.9141121
43.3755798
130.4596863
197.8418121
215.3780365
171.9892883
105.2850189
30.7568817
31.6218395
21.3716507
5.2555680
0.4838631
0.1010437
0.1115140
0.4404645
0.8304156
5.1052628
29.2578602
75.8591461
116.6364594
121.6761398
102.5805817
79.2541046
77.0467148
81.4466095
88.2629852
80.8122253
51.6241684
43.5474167
71.0298767
83.0524216
55.7009964
30.3323097
46.1792336
63.9577560
46.0560532
35.9230423
21.9999447
19.6136055
20.9710560
72.6928024
194.9148102
232.0822144
180.2141266
123.2454605
86.6366882
130.7906952
182.2280273
151.7115173
116.0597305
74.3120041
32.0946388
13.2647171
24.7069588
30.5679684
30.3469715
26.5832481
20.9522381
15.3338060
9.7251587
12.3802462
44.6816292
116.6690521
171.5299835
168.2802429
137.0884094
124.4399643
112.6283722
92.5093765
74.2239532
60.3642464
47.2884789
42.9332809
61.1186523
109.4356537
160.1095734
181.2298889
172.1497498
146.4232483
120.0590210
96.4840393
76.1703949
50.0580406
26.1077728
22.5204105
13.8183765
7.4680533
3.5534494
4.5135059
23.4130306
51.7343597
55.8325577
44.2471886
27.6215057
29.7693176
36.5225525
34.9279327
27.6565647
17.8889008
17.5395775
50.1474991
87.6749954
91.9116135
62.6727638
38.8312454
24.7777824
17.8589439
12.6236477
12.7769976
13.7377977
11.6734285
28.6801109
56.3541336
68.0766602
58.8462563
41.9583435
46.0738716
67.0289612
85.9631348
99.6553879
108.7850800
103.5563583
77.9024582
55.5352631
29.6048450
20.9936104
46.8041916
32.5729103
16.2833614
35.1467819
42.0337257
29.9497471
20.9164104
21.6919613
50.0473480
81.6702576
103.6720276
115.8981476
97.3220520
69.0927200
33.5178986
26.7532234
26.4200554
27.3197346
33.6143112
27.1429386
10.7063599
2.4302800
2.4230917
9.7283678
26.6456184
54.1767235
97.3472595
152.8620605
193.6236267
170.4859772
110.9650803
43.3183784
10.8338022
2.0540073
3.0413678
13.1745834
41.0599976
32.9720192
15.5822620
47.2309494
108.4429016
124.1026382
83.0742264
52.8838806
46.3710251
50.1047249
57.4373894
50.3909760
38.6435165
36.5545616
39.0749283
33.8783188
25.1655312
18.8163700
16.9527283
18.6493244
20.1357288
30.2681313
53.2495193
71.9935684
89.7246475
91.8101959
83.4084091
73.3851166
63.4252396
47.0381851
23.0952415
10.8511963
9.5960121
8.0493202
3.8381803
0.4293420
0.1595039
0.2122871
0.6439021
11.7112532
29.5276375
32.9342461
17.7157974
5.2946968
4.7284260
5.9068408
5.7350969
3.8377335
3.1821179
2.9979074
1.9990937
1.2768844
1.0991032
1.0181782
3.4153576
6.1020761
6.1030979
11.8256216
18.1261024
15.0483732
29.3157444
68.5131531
96.4808121
96.9579010
86.3339462
68.9142914
42.5927505
25.0405445
23.5130482
49.6702118
59.2303696
53.9384079
42.4435005
26.4379368
10.7192860
17.1483994
15.4863367
5.4933062
21.0259418
30.9919090
28.8915825
19.1668530
5.9641829
0.9411504
2.1216781
29.3827076
90.5392761
104.8250122
80.2781601
44.9791985
25.3023090
20.8694859
12.8426561
5.3666849
2.6436400
4.1533532
29.0982494
75.5740967
86.5282288
54.4099922
22.1676331
9.3203382
4.1942005
12.8332405
31.5785370
38.4664307
28.3534203
24.6269588
20.1309834
12.4384451
9.9751463
10.8741932
11.2156410
25.2463245
47.6643524
54.4266205
52.4569817
66.3293610
75.0040436
58.0563049
47.5384979
41.5719757
34.6348000
28.4097385
44.4660988
52.7394257
38.1493759
16.9188747
11.3202858
8.2063913
5.7749901
3.6399510
8.3963299
8.7767324
4.9659238
3.5684018
4.3518629
9.1828966
13.7737579
15.7746820
16.9283981
21.5394478
26.8388710
29.1487274
25.1007576
16.2864647
15.2898827
23.2947273
33.9316978
30.7196579
18.4486866
11.9233837
11.5170002
13.6306276
14.4952221
14.2010231
16.2785568
17.8057251
14.5771999
14.2654972
32.4871521
57.4342651
68.8476028
66.6507721
60.5906105
54.3158646
50.7933311
42.3288078
31.2087994
28.0900383
32.9173164
36.3613625
36.8803596
32.1866722
22.9705009
14.7357635
8.1001339
4.1418905
8.3859234
18.6143456
21.9599457
17.3054199
13.3884411
14.3464155
16.1434479
29.3287373
56.4958153
67.1572189
50.5646667
34.2700844
21.2085667
12.1255484
9.1922960
13.9648333
19.0874557
20.6073704
17.1289654
14.2363596
12.7742882
12.0691223
13.3390541
17.2082100
18.6942272
12.9879732
5.1416650
1.7508677
4.3683715
4.1665335
1.5222365
1.2224681
2.2265713
3.2035725
3.1381798
1.7875650
0.7919202
0.5500147
0.5528486
0.6783741
0.7815261
0.5958124
0.4878707
0.5819104
0.8069260
0.9969820
5.4719882
21.4628868
45.1448936
69.9679260
82.6763382
71.6542816
40.6599770
25.5129089
20.9152393
12.0008354
5.0440822
9.1909819
39.8318520
84.0444641
108.2399368
110.0942078
97.2256393
69.6524658
42.0804825
13.6632318
4.8287644
5.9646206
4.5465765
12.0130262
22.7302265
30.3917141
26.3485889
20.9421921
36.3382225
47.0339127
37.7791252
20.8406696
6.2375288
1.9798348
2.0337100
1.2988424
0.9435170
0.5407648
0.6535747
0.8598479
0.8853244
0.4534022
0.1429989
0.0163816
0.0017597
0.0000128
0.0000000
0.0000000
0.0000000
0.0000000
0.0000000
0.0000000
0.0000000
0.0000000
0.0000000
0.0000000
0.0000000
0.0000000
0.0000000
0.0000000
0.0000000
0.0000000
0.0000000
0.0000000
0.0000000
0.0000000
0.0000000
0.0000000
0.0000000
0.0000000
0.0000000
0.0000000
0.0000000
0.0000000
0.0000000
0.0000000
0.0000000
0.0000000
0.0000000
0.0000000
0.0000000
0.0000000
0.0000000
0.0000000
0.0000000
0.0000000
0.0000000
0.0000000
0.0000000
0.0000000
0.0000000
0.0000000
0.0000000
0.0000000
0.0000000
0.0000000
0.0000000
0.0000000
0.0000000
0.0000000
0.0000000
0.0000000
0.0000000
0.0000000
0.0000000
0.0000000
0.0000000
0.0000000
0.0000000
0.0000000
0.0000000
0.0000000
0.0000000
0.0000000
0.0000000
0.0000000
0.0000000
0.0000000
0.0000000
0.0000000
0.0000000
0.0000000
0.0000000
0.0000000
0.0000000
0.0000000
0.0000000
0.0000000
0.0000000
0.0000000
0.0000000
0.0000000
0.0000000
0.0000000
0.0000000
0.0000000
0.0000000
0.0000000
0.0000000
0.0000000
0.0000000
0.0000000
0.0000000
0.0000000
0.0000000
0.0000000
0.0000000
0.0000000
0.0000000
0.0000000
0.0000000
0.0000000
0.0000000
0.0000000
0.0000000
0.0000000
0.0000000
0.0000000
0.0000000
0.0000000
0.0000000
0.0000000
0.0000000
0.0000000
0.0000000
0.0000000
0.0000000
0.0000000
0.0000000
0.0000000
0.0000000
0.0000000
0.0000000
0.0000000
0.0000000
0.0000000
0.0000000
0.0000000
0.0000000
0.0000000
0.0000000
0.0000000
0.0000000
0.0000000
0.0000000
0.0000000
0.0000000
0.0000000
0.0000000
0.0000000
0.0000000
0.0000000
0.0000000
0.0000000
0.0000000
0.0000000
0.0000000
0.0000000
0.0000000
0.0000000
0.0000000
0.0000000
0.0000000
0.0000000
0.0000000
0.0000000
0.0000000
0.0000000
0.0000000
0.0000000
0.0000000
0.0000000
0.0000000
0.0000000
0.0000000
0.0000000
0.0000000
0.0000000
0.0000000
0.0000000
0.0000000
0.0000000
0.0000000
0.0000000
0.0000000
0.0000000
0.0000000
0.0000000
0.0000000
0.0000000
0.0000000
0.0000000
0.0000000
0.0000000
0.0000000
0.0000000
0.0000000
0.0000000
0.0000000
0.0000000
0.0000000
0.0000000
0.0000000
0.0000000
0.0000000
0.0000000
0.0000000
0.0000000
0.0000000
0.0000000
0.0000000
0.0000000
0.0000000
0.0000000
0.0000000
0.0000000
0.0000000
0.0000000
0.0000000
0.0000000
0.0000000
0.0000000
0.0000000
0.0000000
0.0000000
0.0000000
0.0000000
0.0000000
0.0000000
0.0000000
0.0000000
0.0000000
0.0000000
0.0000000
0.0000000
0.0000000
0.0000000
0.0000000
0.0000000
0.0000000
0.0000000
0.0000000
0.0000000
0.0000000
0.0000000
0.0000000
0.0000000
0.0000000
0.0000000
0.0000000
0.0000000
0.0000000
0.0000000
0.0000000
0.0000000
0.0278946
0.5169088
1.5366300
2.2922943
2.3670082
2.0275652
1.8926889
1.9200524
1.8816381
1.7145407
1.8669751
1.9247413
2.2879446
2.2959247
2.3908646
2.4847233
2.2354350
1.8317921
1.4069618
0.8966021
1.9064754
16.8926315
37.7235107
78.6669769
193.0003204
320.7334290
347.6096802
273.7515259
183.9707794
165.8819122
193.2616119
181.8043671
168.7476044
147.0028381
117.4897842
61.0557938
22.5661888
61.4290581
61.2764053
72.8413391
62.4367828
49.4570236
98.1476898
91.3180695
70.0588074
73.9832916
93.1487808
76.8670578
67.1643677
90.2095795
55.4989433
17.7009964
55.9248772
104.4468536
97.2047958
70.2684250
40.3726234
25.0661831
25.2048855
39.8283195
41.5602226
36.4654999
27.4259930
21.7030029
25.9113617
27.9088287
20.2238483
22.3356762
13.3734627
2.8859661
0.8145493
1.8841273
9.8936586
58.5146065
121.1819916
146.6117706
124.4974747
113.2553558
118.0563965
106.8121185
55.8524437
22.4961910
37.7295189
75.0469055
111.5695419
144.6098785
125.5550461
51.6394882
6.5893145
6.6586275
22.7509365
50.9163628
65.2729034
50.9300385
32.1785355
16.2045021
7.4275012
14.5183401
15.7747622
12.8082743
25.0667667
49.1242447
40.6618919
41.5754852
40.4912033
34.0447006
28.4924126
22.1466179
15.4596443
8.5229855
5.0340099
9.3987169
14.0830612
15.7258291
27.9694996
29.8517361
26.6456432
34.0394745
48.7967110
40.5701866
28.0016003
22.7049618
19.2320557
19.0496216
44.3654327
93.1142578
146.9891815
172.3397827
151.9201202
102.1678848
58.8669319
22.0405617
32.8531799
35.9979744
19.2345734
9.4479446
13.6438046
40.5655670
51.9486961
40.7936516
61.4774132
101.2943954
129.9341278
143.9652710
142.8669281
116.1780090
89.6512375
63.1838226
45.3813553
56.1330872
68.5038452
49.2928734
17.2215843
4.0014262
0.5954105
4.7796173
16.7685280
12.8776617
2.2594376
1.4146781
0.9611506
0.3021205
0.1934541
0.2507490
0.4600020
1.4447076
3.2676802
4.0811448
3.9875164
3.2743306
2.8410578
2.9387174
2.6650872
2.4122899
1.9985977
1.3551416
0.8226522
0.6461467
0.5049266
0.5855914
0.6747220
0.4782105
0.3695736
10.3378010
32.7212982
60.1171608
92.0450897
119.1476212
130.5335846
124.0000610
106.4207535
87.2220917
57.0522995
32.7182312
37.8521690
28.3845196
13.1327457
4.0274091
5.1500063
5.5667319
8.4402409
10.5213490
6.2932062
23.4100800
64.5061798
99.4519958
119.1580811
117.6848145
102.2517242
87.3545074
58.3008270
15.3521023
24.7549191
32.1173019
51.0822105
39.4795876
25.7422657
19.0992928
8.1924067
4.9629436
10.2179184
16.3933830
20.9252472
39.5645027
71.6355438
108.4879761
127.4035568
110.0998230
77.1331329
45.8688965
18.9782486
14.6951866
29.6130600
62.1101227
78.8539124
78.4403992
59.6812515
42.3289490
45.3843880
56.6934166
48.4970016
35.2042007
25.1354027
22.4653378
19.2271404
14.5153275
8.7011814
5.0312796
5.4768295
5.5957332
6.3267107
7.6529450
4.3436952
1.9584463
1.2902763
0.6683517
0.4146974
0.2603064
0.4959760
1.1940038
1.5100231
1.4419317
1.2563798
1.2329665
1.1178761
1.3760225
1.4344935
1.2885911
1.0292183
0.5815372
0.4352254
0.3509049
0.4163491
5.5863743
21.0655727
44.2149620
80.8774567
112.4070892
103.8298035
67.6735306
48.0593414
40.2820396
46.9096222
65.7409744
86.6375275
100.3881531
91.3429031
71.2731781
48.6557846
26.0776482
18.5495129
33.6439018
18.5681000
11.0027676
10.8996830
8.5548229
5.4905200
3.8311968
4.0212355
5.3803248
7.0750766
6.4909229
5.4245100
8.0837460
9.1328421
7.8216362
6.2969198
5.3405142
4.0697460
3.0932326
2.1509790
1.7967179
2.1009245
2.5518858
2.4580517
11.9948750
36.5263138
52.8753128
41.4198456
9.9750443
0.9255195
0.3486906
0.3257459
0.1473335
0.2099615
0.4140922
0.4932572
0.4142962
0.4134225
0.5301049
0.6260291
0.5256364
0.3104446
0.3499452
0.3327706
0.3827570
0.5058993
0.5607002
0.6106539
0.6794355
0.9448574
0.7973788
0.5793279
0.5198746
0.5418656
0.5466559
0.7893780
0.9937832
0.8857982
0.7954101
0.8295336
0.8263485
0.6957037
0.6103027
0.7070588
1.0198762
1.1067973
0.8111711
0.6553620
0.7392790
0.8785999
0.9236274
0.7782099
0.6271464
0.5123603
0.5109453
0.5280356
0.7966015
0.9997177
0.7899656
0.5449572
0.4540716
0.4519449
0.6763911
1.1821792
1.3091624
0.8407653
0.3237753
0.4773418
9.7436790
38.2456970
67.6794662
75.2211609
64.7222519
40.3424721
19.5273209
6.0307646
1.1748083
0.2844436
0.5981309
17.6267242
52.3514633
69.1492691
55.1084480
29.6463547
16.3157883
15.4259720
16.7582817
22.1255627
24.2070045
21.5031834
17.3929844
20.0296917
18.7964783
17.7654037
24.4288979
23.2981148
20.9998837
19.3651123
15.5038929
12.9401731
15.8419800
22.1048965
15.3038244
8.8033237
4.6820793
9.3341188
11.0762043
7.6016278
5.6166229
4.2766676
2.1865852
1.3546720
1.2147453
0.9408221
0.6999388
0.8351603
0.8099810
0.7000769
0.5757881
0.4925617
0.7030377
0.6616093
0.4541427
0.4694106
0.3432150
0.2665829
0.2371826
0.4037911
0.5496233
0.6619103
0.6633306
0.5383849
0.4122352
0.4488394
0.4693774
0.5725762
0.3823745
0.2716378
0.4447331
0.5467097
0.4202135
0.3454458
0.2558051
0.3081352
0.7243475
0.7029271
0.5422137
0.3895674
0.3553771
0.3817728
0.4911661
0.4402858
0.4702732
0.4603511
0.3792844
0.4252465
0.5923574
0.7112867
0.5381507
0.3545658
0.3395227
0.5246733
0.5038515
0.4466816
8.4322815
39.7372284
89.3403931
126.7648392
132.2683258
117.7582474
87.8488464
74.1943588
76.4816055
81.4681549
82.8378754
77.1618729
72.3828354
60.4526253
34.5944328
19.5086880
44.9378471
32.6472473
43.3293953
62.2783813
56.1602592
48.5885277
53.4712219
47.0855904
23.9861259
11.4965200
4.4030766
2.8430376
3.5482087
3.4698710
2.1310351
0.5500406
2.5803053
12.5625782
42.0471344
79.7422409
95.0605240
96.5397186
95.9718628
84.7444229
61.6168175
45.1511345
32.0114899
39.1853294
58.3578224
46.1481667
21.3758430
14.5921936
19.2308006
14.7876873
7.2765450
4.1620278
11.3822050
29.7340527
63.8310966
103.8654480
133.2399445
108.2732315
46.4810791
2.6898251
0.6820130
8.7563295
27.8297710
46.5200233
61.3961792
73.9993286
76.4241104
57.9465714
31.2767334
16.3156548
13.3151083
13.2273083
14.1919441
18.5251884
19.0275021
18.1421719
21.2734318
27.9801254
34.2117577
43.5014153
58.7515373
60.4247856
40.5780258
22.7670212
14.9747877
10.2591372
5.1655145
2.0894167
0.9973733
0.7619484
0.4573889
0.3778330
0.5326872
0.6150976
0.5102755
0.2941224
0.3010861
0.4290849
0.5246271
0.5197809
0.4490828
0.3492347
0.4798472
0.6507336
0.6838424
0.3522607
0.2626371
0.4240589
8.0238037
33.0245743
67.7793808
91.9801102
86.3172531
62.7767639
47.6657295
57.8191605
82.4808426
86.2112122
71.0025711
53.8866882
49.0846176
58.9612427
58.1421204
45.4692993
23.6786633
15.7058287
30.4897919
19.1418343
18.2237377
27.3119183
20.0713558
28.6031971
45.0593414
38.8568153
25.4253807
18.1203690
19.9220314
28.6046963
22.7241898
13.6390848
9.7809658
4.9857006
6.7716341
11.0894213
14.5859013
29.6651917
34.7227478
22.5136852
14.0387468
13.0525904
13.0655937
10.2730713
5.4347034
1.7309806
1.1237437
0.7368311
0.2752278
0.2370767
0.3499089
0.3248895
0.3361689
0.4429475
0.4139388
0.3979718
0.3831705
0.4686255
0.5393466
0.4376644
0.4065340
6.0347190
47.4585419
119.6317902
163.6223297
144.1152802
85.7618408
61.5903358
51.8355980
58.0170593
59.3005524
46.8618851
31.9266453
17.7030144
10.7720823
2.3256917
0.5511748
5.9095659
23.8274231
34.9529953
49.4964905
67.5177307
67.4577789
46.2913475
19.8912640
12.2080278
12.2450771
9.4607344
5.2696185
16.5562820
58.1796875
92.5947113
84.0633621
59.4899979
45.1975822
29.1974831
16.4914265
42.7658310
38.5770340
25.2125778
17.3797359
11.9981880
16.1909580
26.0509815
26.4881554
19.2222652
12.3331423
29.0038681
47.0986366
39.0568314
12.4725323
1.5091585
4.0956240
20.2829380
63.5039825
97.0324326
80.5163116
42.1589432
12.2484474
5.0266304
3.0332007
3.1734304
10.2486448
12.4943380
10.8710670
16.8755569
20.2634754
12.7464066
11.7485714
26.4489441
44.4916039
43.0781975
24.8216362
12.0009069
10.4524708
5.8030281
5.9065228
25.6709175
43.9281769
37.0361671
19.1584625
27.7778702
47.9312057
48.3895950
35.4414215
19.3251114
13.5883121
20.7354527
11.9877844
6.3473063
3.0600152
1.1862929
0.4249104
0.2435770
0.2818840
0.2429553
0.4314687
0.4625680
0.4687887
0.4096888
0.5888078
0.5658427
0.5220760
0.4793617
0.4186792
0.4629841
0.6174637
0.7084653
0.6089618
0.4180235
0.3787145
0.4362056
0.4140301
0.4574294
0.2746629
0.3853425
0.6069416
0.4908597
0.3943667
0.4523287
0.4678102
0.3022510
0.2658156
0.3693019
0.6764055
1.0704714
1.6593071
3.2161350
4.2996264
2.7689764
0.6029559
0.3813311
0.5141344
1.1283045
1.2835200
1.1291306
0.9574049
0.9688250
0.9559604
0.9551859
1.0523033
0.8872485
0.7035823
0.5468740
1.0612371
1.8102574
1.3913791
0.8424439
0.5735742
1.3313496
11.5705795
29.1067162
33.9110527
18.5019817
2.8654964
8.0226650
34.5001984
80.4999237
76.0233765
34.4512711
14.2344456
19.5995846
28.2205200
32.0874367
32.0581703
45.6083450
93.2255707
141.2591248
173.8732910
182.4795685
157.3211365
109.1330414
68.0190887
40.4196930
23.0571861
22.4346695
50.1481323
88.3803406
77.9798965
63.5658417
56.4152489
44.2944603
43.5788040
51.9723587
46.3683624
28.3345509
23.7239380
34.5633469
49.6594849
73.7726212
102.2099457
116.3935013
119.4901886
102.9954529
93.9849091
91.1040955
94.7696381
81.6586533
84.1063614
56.8144951
15.7528343
7.4922643
5.7074213
25.2480927
60.7273483
56.7764435
31.5112247
16.0171223
4.5819707
1.3952200
19.1186790
90.0873260
116.1306076
63.4989548
23.0853691
5.8370209
9.6212034
28.3644466
45.9550591
59.5466881
59.5775337
54.7229919
46.4822922
40.4606972
34.6604843
30.6220798
36.6911583
48.0899582
61.8122215
77.8983994
94.5209656
77.3251953
55.4824104
69.5659485
86.8819962
67.3235626
33.9441566
17.9772778
10.0226707
5.5909634
1.8746814
6.8401313
5.6393609
2.4885457
0.8741697
0.3875120
0.2129640
0.1848515
0.5648534
15.6314478
57.5634460
105.9017181
140.0335388
142.7176514
113.6553802
80.4758606
48.1806755
38.3386002
26.8141670
7.2838483
0.7334968
0.0677885
0.2370867
5.4158659
19.3784523
28.1912537
36.3140030
47.1934357
59.3729591
74.4596405
85.9390411
80.7169418
75.1529312
72.9366684
70.5415192
56.6416626
48.2397575
38.1068192
21.0556202
18.9177246
15.7076788
1.4934247
0.5070733
0.1426824
3.6095366
14.6069622
28.5992565
41.8964577
50.9804802
57.5686340
61.8331757
66.8706741
63.6829834
71.1468124
74.1973419
50.4212952
31.2148609
11.8191738
4.2474742
1.1119089
1.0210826
0.8085541
1.0798647
0.8708552
0.4364478
0.3547605
0.4987912
0.6706947
0.5083219
0.3187253
0.3628334
0.5248697
1.0674217
1.2782596
0.8899322
0.4289770
0.4335125
0.3544786
0.2830521
0.4648008
0.7655000
0.8889002
1.2235142
5.5934381
13.4813824
21.2797279
31.3255501
41.0641022
48.8726082
71.9111328
101.0652924
111.1402130
77.6545639
30.4187927
8.2617168
2.0416853
0.4930442
0.7930824
1.7272933
10.1423550
25.9140701
34.2884216
27.9094849
15.6080723
18.0160103
35.2189560
53.9973221
57.9575500
37.6470833
15.6254396
8.4860935
7.4396429
6.7963772
3.9749072
7.1103783
19.1344986
27.2198849
16.1618958
5.3912187
19.2943344
35.8422165
43.8015327
40.5239830
26.7732658
14.1179943
5.7026792
2.0364385
0.7963206
0.5287404
4.6833372
11.7997627
6.6105542
1.0684091
0.9741415
0.9197764
0.7798892
0.7261413
0.4937015
0.2667167
0.1642096
0.0164468
0.0006313
0.0000237
0.0000000
0.0000000
0.0000000
0.0000000
0.0000000
0.0000000
0.0000000
0.0000000
0.0000000
0.0000000
0.0000000
0.0000000
0.0000000
0.0000000
0.0000000
0.0000000
0.0000000
0.0000000
0.0000000
0.0000000
0.0000000
0.0000000
0.0000000
0.0000000
0.0000000
0.0000000
0.0000000
0.0000000
0.0000000
0.0000000
0.0000000
0.0000000
0.0000000
0.0000000
0.0000000
0.0000000
0.0000000
0.0000000
0.0000000
0.0000000
0.0000000
0.0000000
0.0000000
0.0000000
0.0000000
0.0000000
0.0000000
0.0000000
0.0000000
0.0000000
0.0000000
0.0000000
0.0000000
0.0000000
0.0000000
0.0000000
0.0000000
0.0000000
0.0000000
0.0000000
0.0000000
0.0000000
0.0000000
0.0000000
0.0000000
0.0000000
0.0000000
0.0000000
0.0000000
0.0000000
0.0000000
0.0000000
0.0000000
0.0000000
0.0000000
0.0000000
0.0000000
0.0000000
0.0000000
0.0000000
0.0000000
0.0000000
0.0000000
0.0000000
0.0000000
0.0000000
0.0000000
0.0000000
0.0000000
0.0000000
0.0000000
0.0000000
0.0000000
0.0000000
0.0000000
0.0000000
0.0000000
0.0000000
0.0000000
0.0000000
0.0000000
0.0000000
0.0000000
0.0000000
0.0000000
0.0000000
0.0000000
0.0000000
0.0000000
0.0000000
0.0000000
0.0000000
0.0000000
0.0000000
0.0000000
0.0000000
0.0000000
0.0000000
0.0000000
0.0000000
0.0000000
0.0000000
0.0000000
0.0000000
0.0000000
0.0000000
0.0000000
0.0000000
0.0000000
0.0000000
0.0000000
0.0000000
0.0000000
0.0000000
0.0000000
0.0000000
0.0000000
0.0000000
0.0000000
0.0000000
0.0000000
0.0000000
0.0000000
0.0000000
0.0000000
0.0000000
0.0000000
0.0000000
0.0000000
0.0000000
0.0000000
0.0000000
0.0000000
0.0000000
0.0000000
0.0000000
0.0000000
0.0000000
0.0000000
0.0000000
0.0000000
0.0000000
0.0000000
0.0000000
0.0000000
0.0000000
0.0000000
0.0000000
0.0000000
0.0000000
0.0000000
0.0000000
0.0000000
0.0000000
0.0000000
0.0000000
0.0000000
0.0000000
0.0000000
0.0000000
0.0000000
0.0000000
0.0000000
0.0000000
0.0000000
0.0000000
0.0000000
0.0000000
0.0000000
0.0000000
0.0000000
0.0000000
0.0000000
0.0000000
0.0000000
0.0000000
0.0000000
0.0000000
0.0000000
0.0000000
0.0000000
0.0000000
0.0000000
0.0000000
0.0000000
0.0000000
0.0000000
0.0000000
0.0000000
0.0000000
0.0000000
0.0000000
0.0000000
0.0241934
0.4335465
1.4140362
2.3744700
2.6549771
2.3295293
2.0342550
1.9518968
1.7730254
1.5833559
1.6451150
1.9655352
2.7375176
3.2268653
3.6009758
3.6757054
3.6965840
4.1665893
4.6798820
4.5986910
3.6066384
2.9403088
1.9279357
1.1938282
0.5833562
10.5332327
33.7208481
46.4451637
90.2761536
195.2308197
290.7345581
291.5751953
192.6892090
135.3217926
79.6344681
60.0011826
100.6178741
108.0174332
116.2797699
105.3163147
62.8844414
21.0420227
74.5545883
50.6305542
15.3288870
44.8916321
74.9598999
102.0881653
117.2350769
107.8631287
82.0301056
88.5489883
200.3951874
259.2171936
176.9429016
83.6186600
55.9388008
92.9152298
182.5354614
221.6892395
171.8117523
107.7687149
72.2972488
47.4620857
42.7022057
86.3185806
142.1689148
177.8808136
177.4296570
161.0636749
131.3805542
89.5016708
49.6287003
12.2167120
56.4040909
64.7731171
65.1565399
48.3193817
30.4830761
24.4866943
35.6303482
112.0640640
192.2860565
205.6016083
139.1907349
78.1850281
34.1824074
18.2541599
18.5142746
16.5137157
10.2274847
5.9524422
5.6529903
15.0308304
40.4883957
123.4916840
215.2152252
226.7292938
152.8950500
79.7574921
30.7959557
35.5166969
31.0204296
21.3834801
16.8282280
30.0158272
37.8636894
13.0100346
0.8150914
3.8619378
43.9880333
104.8857651
89.7199554
41.2079353
18.8101444
17.8669796
24.4542599
41.8404922
47.1008224
32.3699455
19.1015186
14.6044102
15.8375912
16.5403862
17.3327961
20.7300453
30.5516396
47.2016525
64.7050934
75.4601974
72.6972427
68.4090118
58.1303444
46.5347786
34.3296661
16.9784470
4.7112179
0.8108117
3.4642260
15.2648602
40.9187050
80.4694138
104.2617569
89.0066528
62.8731155
52.2967682
45.7534447
30.2088852
29.7440224
32.9786186
26.5860634
11.1972666
2.5087793
0.2599018
1.0188022
8.2548456
14.1760101
15.1188707
32.8373337
60.8554726
72.5389481
61.4560699
46.4694901
36.9020424
29.3036804
21.8062592
13.2424641
4.6009040
0.4679677
1.5639760
10.4817343
24.1883640
27.4376831
20.3559837
12.9214716
10.7738056
12.1886330
38.0638390
81.0875931
103.4115753
91.8020096
70.2945099
46.2714577
27.4635162
22.0367889
21.7968750
22.2009621
13.9336252
7.0042830
17.6698093
67.3496933
102.7685165
75.9209747
45.4466057
29.3869915
29.5637493
40.1568985
37.4682236
39.8306007
35.1185074
31.9582958
19.7305851
16.5899334
21.7242126
24.5875874
18.3984871
12.4857368
23.4104500
42.0424995
63.5002937
60.7194824
48.1967583
40.8708496
35.2062531
30.0041981
18.6500587
20.8139076
18.9914513
8.4569445
2.2185371
0.6378787
5.6664248
17.4982166
38.1720963
60.0006599
74.4623337
83.3903427
81.2427521
69.3447800
44.2170143
23.8780479
6.8422198
0.8091465
1.0933521
12.5559006
34.4459648
41.2916260
25.6168823
7.5544052
13.1594543
31.5255585
51.3472366
70.4172134
89.4011459
94.4591751
85.6330109
71.8944244
67.8225098
70.3331604
72.3549881
38.9187775
16.6650238
13.3834543
19.3004456
21.0740032
14.3513269
21.2154636
62.2057037
90.1463013
86.4715118
55.6426430
30.8712234
18.2539635
17.8572941
15.3828650
15.0959625
16.5720425
30.3461113
49.2467690
47.1591339
36.9069405
18.4708576
9.0533237
4.4886904
0.8423639
0.6878520
6.2461214
14.1316328
14.8072033
9.1526289
7.5545797
18.8437214
51.0587120
83.3980865
90.1582794
75.0428543
43.3399048
15.2761326
4.4005213
6.0557213
7.1271458
6.8059149
5.9792585
5.0957537
10.1203556
15.6391554
11.8955069
3.1703935
4.1199007
18.0098190
40.1364212
36.6863785
17.9273663
7.0350246
5.2381191
4.5235114
6.4697504
10.4571943
10.9537067
5.8579359
3.8505790
3.6426187
4.9139318
6.4839001
8.0524712
10.1249447
11.4078598
13.7565413
18.6815662
24.2385597
24.0863781
17.7600594
10.6294966
5.0993352
2.7000396
0.8605042
0.2510999
1.6289704
7.1435461
9.3227091
5.8303971
2.2049913
1.4670112
1.3909869
1.1401527
0.6231878
0.4784138
0.4639878
0.4138376
0.5205851
0.4220024
0.1898101
0.0441815
0.0005470
0.0000000
0.0000000
0.0000000
0.0000000
0.0000000
0.0000000
0.0000000
0.0000000
0.0000000
0.0000000
0.0000000
0.0000000
0.0000000
0.0000000
0.0000000
0.0000000
0.0000000
0.0000000
0.0000000
0.0000000
0.0000000
0.0000000
0.0000000
0.0000000
0.0000000
0.0000000
0.0000000
0.0000000
0.0000000
0.0000000
0.0000000
0.0000000
0.0000000
0.0000000
0.0000000
0.0000000
0.0000000
0.0000000
0.0000000
0.0000000
0.0000000
0.0000000
0.0000000
0.0000000
0.0000000
0.0000000
0.0000000
0.0000000
0.0000000
0.0000000
0.0000000
0.0000000
0.0000000
0.0000000
0.0000000
0.0000000
0.0000000
0.0000000
0.0000000
0.0000000
0.0000000
0.0000000
0.0000000
0.0000000
0.0000000
0.0000000
0.0000000
0.0000000
0.0000000
0.0000000
0.0000000
0.0000000
0.0000000
0.0000000
0.0000000
0.0000000
0.0000000
0.0000000
0.0000000
0.0000000
0.0000000
0.0000000
0.0000000
0.0000000
0.0000000
0.0000000
0.0000000
0.0000000
0.0000000
0.0000000
0.0000000
0.0000000
0.0000000
0.0000000
0.0000000
0.0000000
0.0000000
0.0000000
0.0000000
0.0000000
0.0000000
0.0000000
0.0000000
0.0000000
0.0000000
0.0000000
0.0000000
0.0000000
0.0000000
0.0000000
0.0000000
0.0000000
0.0000000
0.0000000
0.0000000
0.0000000
0.0000000
0.0000000
0.0000000
0.0000000
0.0000000
0.0000000
0.0000000
0.0000000
0.0000000
0.0000000
0.0000000
0.0000000
0.0000000
0.0000000
0.0000000
0.0000000
0.0000000
0.0000000
0.0000000
0.0000000
0.0000000
0.0000000
0.0000000
0.0000000
0.0000000
0.0000000
0.0000000
0.0000000
0.0000000
0.0000000
0.0000000
0.0000000
0.0000000
0.0000000
0.0000000
0.0000000
0.0000000
0.0000000
0.0000000
0.0000000
0.0000000
0.0000000
0.0000000
0.0000000
0.0000000
0.0000000
0.0000000
0.0000000
0.0000000
0.0000000
0.0000000
0.0000000
0.0000000
0.0000000
0.0000000
0.0000000
0.0000000
0.0000000
0.0000000
0.0000000
0.0000000
0.0000000
0.0000000
0.0000000
0.0000000
0.0000000
0.0000000
0.0000000
0.0000000
0.0000000
0.0000000
0.0000000
0.0000000
0.0000000
0.0000000
0.0000000
0.0000000
0.0000000
0.0000000
0.0000000
0.0000000
0.0000000
0.0000000
0.0000000
0.0000000
0.0000000
0.0000000
0.0000000
0.0000000
0.0000000
0.0000000
0.0000000
0.0000000
0.0000000
0.0000000
0.0000000
0.0000000
0.0000000
0.0000000
0.0000000
0.0000000
0.0000000
0.0000000
0.0000000
0.0000000
0.0000000
0.0000000
0.0000000
0.0000000
0.0000000
0.0000000
0.0000000
0.0000000
0.0000000
0.0000000
0.0000000
0.0000000
0.0000000
0.0000000
0.0000000
0.0000000
0.0000000
0.0000000
0.0000000
0.0000000
0.0000000
0.0000000
0.0000000
0.0000000
0.0000000
0.0000000
0.0000000
0.0000000
0.0000000
0.0000000
0.0000000
0.0000000
0.0000000
0.0000000
0.0000000
0.0000000
0.0000000
0.0000000
0.0000000
0.0000000
0.0000000
0.0000000
0.0000000
0.0000000
0.0000000
0.0000000
0.0000000
0.0000000
0.0000000
0.0000000
0.0000000
0.0000000
0.0000000
0.0000000
0.0000000
0.0000000
0.0000000
0.0000000
0.0305690
0.5243196
1.6294816
2.4933884
2.4346092
1.7428397
1.0868199
0.7217113
0.5625127
8.5283070
27.2061501
59.9852562
118.0865173
185.8239899
214.7117310
172.6358948
113.9573669
87.0455780
62.8235664
114.9074249
120.2556229
79.6506500
31.9569607
42.1408386
30.3759232
31.4520321
40.8979568
53.3295708
35.1801949
48.5023880
133.2595062
151.1708374
112.8706665
68.9660416
33.1902275
51.5390244
103.0707779
98.4310379
75.3397598
118.1476288
199.9030457
186.1456451
133.7211456
67.4635086
16.5093517
6.2971053
3.1973064
5.1873746
6.6849275
4.2395010
6.3085098
32.5585175
81.8047028
109.8805161
93.1011658
70.8258209
57.4000282
61.3777885
71.7721176
75.3452835
64.5957336
48.3735580
28.9887238
15.0377598
42.2415810
52.3333321
60.7215919
74.1207962
86.7382431
85.3222122
82.9590149
78.7337646
69.5537415
48.2965927
22.2947063
57.6413193
50.9784966
21.9218330
37.7867889
40.0096855
44.0189743
54.4782867
42.0899353
31.9220123
26.3442993
48.1640244
108.6665421
142.2807465
126.4466019
90.4249420
53.4896011
13.3676987
15.4129295
18.7422943
14.9741039
22.5868893
51.6065063
106.8003082
149.3803558
168.1722870
181.7202759
205.7983704
205.5593567
198.9319458
194.9948730
184.7432861
165.1355286
135.5974121
107.2901001
86.2868423
63.2215691
39.5049400
40.2897377
46.0226364
48.5305138
25.5818214
5.4850187
0.4465578
0.2176428
4.4819870
20.2233276
34.3864212
51.5516357
71.1774368
95.9927673
122.2203979
130.4737091
118.4836960
94.5950165
75.9552612
70.9065704
91.8036346
129.0938110
156.2447510
155.8781586
128.7026367
95.9149780
60.5323067
36.7968483
49.3025589
90.4776230
115.7457657
108.6324463
69.4130249
39.5046806
35.8916168
52.2969589
60.4709663
68.1571045
79.0547409
76.7945251
52.7136307
35.3633461
29.6117668
28.6877632
39.2685165
26.9584351
20.6536942
9.7937212
6.6114874
4.7266283
3.8936517
3.8658981
4.2880654
2.5310800
1.2687408
0.8222266
1.0727690
1.0623858
0.8635708
1.0591195
1.1606266
1.1816659
0.9698645
0.9347161
0.7719202
0.7033705
1.0030261
1.2056247
1.3159974
1.3405278
1.2872349
4.7317443
12.3425522
14.1674843
6.9101315
25.7882843
84.4358368
128.6864014
116.7595978
73.9053574
52.2281456
31.5460339
11.2824783
10.9968567
12.1048574
27.7032070
60.2724228
74.6906128
77.7628479
75.8782349
62.3694305
48.3411827
42.2281685
36.5404015
37.6479721
29.4627342
25.5388222
18.4643269
4.7263565
0.4121090
0.8492018
14.9500027
62.9329987
109.9993134
125.7909546
111.9056168
73.8729935
27.4737396
4.3019819
5.4333472
19.0537205
32.3301849
28.1990471
9.4825296
10.3488150
29.5335579
53.1894035
61.8600159
59.6239700
63.6302261
65.5676041
65.1959534
64.8829498
66.3407669
63.9265900
55.3723755
47.0137787
35.1572495
23.5824661
58.5655670
50.4594879
26.5306416
6.9342890
11.0041637
18.0338650
13.7858295
6.9554586
4.2337441
2.8669913
2.4956603
2.4724646
1.7503049
1.3602588
1.4086139
1.8702289
9.7803364
23.1060352
24.7818260
28.5464153
57.8754997
82.4458084
61.0592194
28.2420101
21.9057178
33.4449539
55.5764427
52.8562546
31.5262833
15.8716917
9.3482475
6.2947907
13.4528074
44.1369743
78.0531082
89.9266739
81.7333298
57.9863968
27.8099499
9.1697922
4.4212751
6.4379711
11.9611435
21.8283787
37.2240105
50.7531357
57.1705627
52.2486496
39.7053223
27.7219734
19.4844971
12.3474007
20.6362820
26.5207615
37.0053749
50.6623917
52.8112106
50.2893066
57.5520973
58.7019043
38.0514412
15.0376616
11.6420841
20.3252277
21.7958946
9.9521999
3.3483915
0.5928593
0.2587490
0.3359270
0.7620254
3.1050193
4.9540758
5.8766823
5.9088812
5.7081747
6.3558464
7.3366518
7.2458763
6.6998577
7.0680919
8.1391144
8.3443594
7.8980808
8.1014938
8.3075075
7.5606370
6.4960885
5.4958844
5.4350543
5.7019978
5.5920944
5.2100639
4.9710727
4.1747141
3.2753825
2.7081444
2.3659065
1.7630305
1.0958327
2.2892041
16.0604019
35.2830391
52.1408539
83.5747910
136.4286499
183.6887512
189.8593903
161.9175415
123.8266296
112.9837723
115.2188568
124.6130829
143.6792450
137.3481293
98.9796600
60.4951477
28.5588875
43.0236664
110.6764221
121.5604477
76.4005356
35.4812889
22.4366550
49.5926552
78.1345215
75.6910706
57.6046562
39.6273003
25.5771275
15.5090981
5.1102533
11.3796997
22.0961037
41.8981247
44.8434372
28.2305603
15.4060078
16.6773624
18.8054123
11.7123604
7.0517092
6.0691943
1.5947105
0.4969851
9.2133436
25.2067509
42.6411514
56.6173248
60.1567841
53.6344414
52.0200729
51.2767334
26.7349148
7.4679661
2.9174247
0.8165532
0.7607161
0.5873067
0.8689098
0.6901134
0.3754604
0.3927313
0.5231545
0.4730697
0.4588005
0.5948772
0.5916629
0.6965739
0.8374243
0.6188886
0.3318054
0.3149301
0.3848713
0.4942715
0.4786294
0.4537823
0.4155785
0.5661078
0.6621357
0.5384837
0.3739398
3.7271931
27.6593266
66.7103806
85.9607391
69.8443298
47.6554031
35.4039345
36.6491547
35.3673401
29.2940903
23.6946945
19.7125931
13.9079838
25.8356018
24.2065277
14.4899950
23.1308632
37.9323807
29.1236649
24.8566704
21.6906052
16.6579895
12.7293568
11.0963726
9.7257576
11.1595268
15.8961544
20.3421173
21.5999393
21.4040413
24.9187088
26.7517166
28.3317738
27.9484673
25.6019859
21.9000778
16.5417347
11.6798363
13.9121456
16.9076939
24.2580795
31.1136894
33.2638321
32.4340820
32.6512718
35.2516823
34.4838982
28.1009274
21.0107498
17.9885445
16.7826824
22.9673367
17.6215000
19.8533134
18.5587826
15.8240108
10.2451563
5.1270428
3.4705229
3.5060661
2.4967325
2.3961000
3.1953168
3.6502461
4.2482834
6.3303046
9.8068943
11.2527199
9.0757027
5.7820330
3.5434060
2.1666851
1.3022221
1.3110411
1.9261284
2.2605171
1.7012239
1.0143281
0.9211816
1.1924520
1.6679224
2.2143691
3.6847229
6.7166581
9.4574022
10.3760433
9.6286821
8.4118757
7.6897535
7.8992338
9.4045715
10.6526432
11.3176813
11.6307602
10.6371670
9.4807348
8.8667898
8.9919720
9.1008224
9.0730019
8.8548498
9.7295513
10.4481869
10.3796005
7.8492413
5.3977308
4.6823797
4.8815212
4.5627756
3.9651446
3.5755897
2.9618466
2.6032262
2.0250278
1.7576456
1.3255394
1.1156280
0.9177891
1.0091916
0.8843020
0.9157659
0.9336678
0.8624730
0.7367396
0.6858549
0.4691502
0.4291891
0.3255076
0.3620500
0.6534658
1.6687722
2.6461797
3.2715216
3.0700703
2.5731428
2.3369272
2.6815500
3.2703016
3.6657486
3.2355049
2.7029636
2.3295178
2.6089001
3.0288930
3.0384045
2.4997861
2.0567431
1.5737482
1.0167972
0.9719247
0.7450600
0.5559843
0.9579857
9.9355421
24.4301472
48.4208755
80.9956589
107.5827103
121.3955994
106.3698578
73.7250900
55.6038437
52.3990555
60.8708878
74.6912003
98.5451660
90.4882507
67.3498688
53.6307640
56.8323631
73.0725708
78.7340698
66.1120529
42.3824043
29.0959015
32.0493088
50.4363327
72.9855576
76.6326981
59.4512253
34.4777298
32.0611610
30.1692848
28.2490368
28.2553101
25.3764954
20.2642479
17.7528534
16.1153755
20.0033360
21.3038597
13.9533968
9.8714743
7.9446678
6.0462441
4.5776305
4.4688268
4.1369915
3.8311191
2.5722969
1.6245266
0.8457316
0.8409302
0.8624997
0.7895074
0.6483012
0.6678206
0.5754330
0.4971322
0.4472248
0.4856373
0.4360969
0.3938740
0.3765937
0.7375308
1.0921379
1.1958355
0.8436828
0.6015003
0.5016680
0.5734188
0.5397292
0.4494401
0.2629812
0.2637543
0.4020679
0.6896171
0.5395229
0.4289379
0.4694517
0.5546426
0.5577644
0.6588190
0.6324944
0.5535630
0.4775663
0.3327118
0.2685803
0.4087315
0.5483732
0.6347035
0.5041471
0.3777693
0.4006132
0.5856448
0.6577239
0.5744816
0.3965626
0.6100936
4.4293785
11.4066048
16.0099106
16.5406685
24.0957165
81.7813644
170.7980957
191.4964600
136.7565918
98.6298294
57.7269135
29.2237148
3.1429808
0.9514109
21.3518753
111.5565720
186.3774567
145.8330688
77.2304916
34.6637192
18.1605282
7.9885025
16.6702080
59.4358177
127.3530579
133.2167358
134.4273376
124.6108856
132.5010529
150.6087036
144.8374939
113.2236252
76.2676697
56.8561516
40.3638039
27.0797386
14.9301682
9.8711948
11.6374111
37.2310295
68.6369095
74.5196991
67.0881424
56.3705750
51.8005867
38.0318298
19.0016136
11.0934820
8.0249825
6.1239362
2.2683601
0.4422140
0.8840299
9.7368031
29.9402637
30.1469879
10.5077000
1.1837769
1.1189139
2.1545205
1.9532030
0.5379227
0.2430393
0.2752780
4.6467056
37.7133026
86.1477356
121.5788574
127.0498047
102.9476929
73.7520676
47.9739609
48.0992661
32.8127823
38.4048653
43.2789497
39.1113472
37.8283997
47.2203140
39.8288803
16.6827450
3.7579839
6.1913347
31.1530552
82.3211212
121.7981720
123.8696442
103.0596619
85.9289322
85.3361969
89.8072128
77.8250122
65.0463409
71.0493164
83.2177963
91.8227692
88.7980194
76.7649841
72.1078644
77.8559036
65.5016785
51.8190536
45.5956345
33.3730202
18.1411419
11.3661404
16.0785542
27.2637482
27.0236740
17.0644894
15.1637402
28.3050766
41.0285416
43.8192291
42.1079140
33.8779678
22.2564850
13.3799171
5.9577742
1.9157158
0.6509122
0.2062437
0.2593203
0.3082266
0.4629229
1.6501503
5.1062093
12.8558578
19.9323139
16.1995163
4.1134720
0.4062726
0.2271001
0.4093978
1.3547950
8.5232153
12.9529924
7.5933318
0.2648034
0.1112392
0.2988457
0.7150360
1.1328108
0.5228974
0.1109062
0.0198492
0.0014487
0.0000000
0.0000000
0.0000000
0.0000000
0.0000000
0.0000000
0.0000000
0.0000000
0.0000000
0.0000000
0.0000000
0.0000000
0.0000000
0.0000000
0.0000000
0.0000000
0.0000000
0.0000000
0.0000000
0.0000000
0.0000000
0.0000000
0.0000000
0.0000000
0.0000000
0.0000000
0.0000000
0.0000000
0.0000000
0.0000000
0.0000000
0.0000000
0.0000000
0.0000000
0.0000000
0.0000000
0.0000000
0.0000000
0.0000000
0.0000000
0.0000000
0.0000000
0.0000000
0.0000000
0.0000000
0.0000000
0.0000000
0.0000000
0.0000000
0.0000000
0.0000000
0.0000000
0.0000000
0.0000000
0.0000000
0.0000000
0.0000000
0.0000000
0.0000000
0.0000000
0.0000000
0.0000000
0.0000000
0.0000000
0.0000000
0.0000000
0.0000000
0.0000000
0.0000000
0.0000000
0.0000000
0.0000000
0.0000000
0.0000000
0.0000000
0.0000000
0.0000000
0.0000000
0.0000000
0.0000000
0.0000000
0.0000000
0.0000000
0.0000000
0.0000000
0.0000000
0.0000000
0.0000000
0.0000000
0.0000000
0.0000000
0.0000000
0.0000000
0.0000000
0.0000000
0.0000000
0.0000000
0.0000000
0.0000000
0.0000000
0.0000000
0.0000000
0.0000000
0.0000000
0.0000000
0.0000000
0.0000000
0.0000000
0.0000000
0.0000000
0.0000000
0.0000000
0.0000000
0.0000000
0.0000000
0.0000000
0.0000000
0.0000000
0.0000000
0.0000000
0.0000000
0.0000000
0.0000000
0.0000000
0.0000000
0.0000000
0.0000000
0.0000000
0.0000000
0.0000000
0.0000000
0.0000000
0.0000000
0.0000000
0.0000000
0.0000000
0.0000000
0.0000000
0.0000000
0.0000000
0.0000000
0.0000000
0.0000000
0.0000000
0.0000000
0.0000000
0.0000000
0.0000000
0.0000000
0.0000000
0.0000000
0.0000000
0.0000000
0.0000000
0.0000000
0.0000000
0.0000000
0.0000000
0.0000000
0.0000000
0.0000000
0.0000000
0.0000000
0.0000000
0.0000000
0.0000000
0.0000000
0.0000000
0.0000000
0.0000000
0.0000000
0.0000000
0.0000000
0.0000000
0.0000000
0.0000000
0.0000000
0.0000000
0.0000000
0.0000000
0.0000000
0.0000000
0.0000000
0.0000000
0.0000000
0.0000000
0.0000000
0.0000000
0.0000000
0.0000000
0.0000000
0.0000000
0.0000000
0.0000000
0.0000000
0.0000000
0.0000000
0.0000000
0.0000000
0.0000000
0.0000000
0.0000000
0.0000000
0.0000000
0.0000000
0.0000000
0.0000000
0.0000000
0.0000000
0.0000000
0.0000000
0.0000000
0.0000000
0.0000000
0.0000000
0.0000000
0.0000000
0.0000000
0.0000000
0.0000000
0.0000000
0.0000000
0.0000000
0.0000000
0.0000000
0.0000000
0.0000000
0.0000000
0.0000000
0.0000000
0.0000000
0.0000000
0.0000000
0.0000000
0.0000000
0.0000000
0.0000000
0.0000000
0.0000000
0.0000000
0.0000000
0.0000000
0.0000000
0.0000000
0.0000000
0.0000000
0.0000000
0.0000000
0.0000000
0.0000000
0.0000000
0.0000000
0.0000000
0.0000000
0.0000000
0.0000000
0.0000000
0.0000000
0.0000000
0.0000000
0.0000000
0.0000000
0.0000000
0.0000000
0.0000000
0.0000000
0.0000000
0.0000000
0.0000000
0.0000000
0.0000000
0.0000000
0.0000000
0.0000000
0.0000000
0.0000000
0.0000000
0.0000000
0.0000000
0.0000000
0.0000000
0.0000000
0.0000000
0.0000000
0.0000000
0.0000000
0.0000000
0.0000000
0.0000000
0.0000000
0.0000000
0.0000000
0.0000000
0.0000000
0.0000000
0.0000000
0.0000000
0.0000000
0.0000000
0.0000000
0.0000000
0.0000000
0.0000000
0.0000000
0.0000000
0.0000000
0.0000000
0.0000000
0.0000000
0.0000000
0.0000000
0.0000000
0.0000000
0.0000000
0.0000000
0.0000000
0.0000000
0.0000000
0.0000000
0.0000000
0.0000000
0.0000000
0.0000000
0.0000000
0.0000000
0.0000000
0.0000000
0.0000000
0.0000000
0.0000000
0.0000000
0.0000000
0.0000000
0.0000000
0.0000000
0.0000000
0.0000000
0.0000000
0.0000000
0.0000000
0.0000000
0.0000000
0.0000000
0.0000000
0.0000000
0.0000000
0.0000000
0.0000000
0.0000000
0.0000000
0.0000000
0.0000000
0.0073388
0.3476138
1.3256749
2.4023769
2.8225198
2.4722486
2.0259788
1.9458783
1.9411848
1.9153302
2.2391012
2.7491975
3.2589774
3.4344082
3.2130985
3.1131535
2.9605327
2.4840930
1.5248415
0.5389603
3.5331805
13.0925398
17.8610115
41.0715408
128.5887909
235.4323730
273.5101013
201.6242065
109.1957321
63.8031807
76.2794342
132.1169586
107.2260437
72.0841446
54.3270149
38.2960014
42.2208176
33.1039963
43.0537910
67.5640106
83.1920853
91.0780182
84.5397644
63.0750885
49.8171272
55.3476448
73.7115326
93.2363510
99.0400848
100.9929886
104.7310867
93.1850281
71.9216156
32.6384201
40.0529327
94.4576645
81.1887131
60.0156746
37.2953072
30.4976349
14.6106968
4.0369058
0.5735369
0.9983160
4.9194436
3.3363838
1.1676760
4.0914602
30.4936962
85.2654190
118.6703949
91.9345703
49.3718338
14.3830099
17.5441933
7.8331594
2.0408895
27.0398178
114.1032715
193.5684662
237.3141632
268.5535583
265.8357239
205.6836548
108.2591476
52.4169998
25.8941956
32.8334656
40.7900696
32.0343704
20.3311386
14.1681423
9.6106882
5.7357264
16.8684044
38.9814911
75.4219818
129.6875458
157.6352234
131.4646912
115.1828537
107.8291092
146.9418030
183.6476898
181.8872833
171.5943604
155.4197998
136.1265259
109.5559311
79.6910248
57.7885094
37.4043198
28.8978310
30.1763420
14.0586910
7.8454685
27.5410099
46.9831543
43.2257957
31.8978615
30.0630589
20.1053734
6.3145299
4.9433622
12.8339014
23.7487888
30.4402161
36.9173546
50.1940498
48.5177155
31.7443066
16.1797943
7.1270056
22.1329670
95.8655624
210.0452881
269.8344116
229.9492798
156.5066833
84.9061966
45.0566406
34.4987221
11.1654825
17.9328346
66.9467392
89.3223495
70.1965714
56.9878845
56.5034332
47.1553230
43.4540901
43.9822731
41.4816666
32.6335869
22.7389317
38.9293747
36.3002434
24.1676655
18.0091171
12.4511909
14.5703897
21.1454163
26.9920940
33.8525467
35.2045097
27.6424046
23.8770657
20.0067921
22.1452465
30.9963970
29.0773849
19.2388821
13.3536377
20.2051926
20.5963345
19.0767593
18.2859039
15.5387611
24.9897003
47.5424194
69.0975266
82.1520615
87.4155655
81.0017853
55.2707634
21.5431786
5.0984435
0.9459522
3.0402160
18.8995476
70.8270721
76.6398849
49.5075264
25.2870884
17.5030117
17.1551399
18.0554848
18.7826672
17.3277225
15.7604961
11.7949028
4.5637832
1.7361553
0.8548646
6.2974691
32.5748177
55.0653038
47.0669746
25.9207306
25.3718739
36.8987160
39.0055122
31.4243011
25.0747757
20.8889351
18.5708504
19.6267910
18.5522232
13.1714325
7.7102718
7.4311275
9.0114193
18.5730858
33.2259445
40.4748268
39.4940033
37.3455467
31.5516396
38.0427589
70.4601746
108.4909897
112.8041153
76.1978683
50.9975319
45.7019882
41.4891815
36.3682861
49.9566879
81.6323090
81.0007324
70.8645401
66.6356964
40.6799278
15.1660538
10.1829977
19.7525082
26.2877846
28.9597778
24.4950943
14.2737598
5.5780745
1.1669888
0.3098907
2.2731252
26.8215885
71.5644760
116.2302246
139.1210022
126.7742920
105.5075073
84.0084152
59.3017731
39.3398514
35.5940895
49.3088684
63.6825714
56.7664108
50.6419830
45.1727753
31.3385201
23.9653320
24.2952938
28.0340977
26.2486877
25.5278473
27.6258869
33.4640579
50.7851143
56.9897499
53.5045967
49.2316132
46.9921875
36.8387222
15.3268433
5.8921700
6.0465622
6.2382450
7.0055404
6.1886978
11.0902939
43.0952072
86.7605667
102.3122177
76.2309799
37.1130524
19.3330956
12.4776554
16.4076157
17.6676636
12.2776051
12.9792852
17.4013691
12.8811855
12.2018490
10.1841812
1.7690164
2.0499945
29.2664032
80.6767349
93.3542023
75.3831482
52.4927063
38.6663971
35.5838585
35.2692642
36.3770485
41.6614685
36.5833473
32.7300606
49.1470451
68.5074387
64.9090271
44.2535286
31.5888596
26.3843327
35.7840042
47.8022728
63.7910347
61.6879425
56.1226311
62.7633667
58.6466866
38.8165779
18.5364380
5.5384641
1.6895058
2.2614050
11.0069027
35.1892471
53.4238930
63.2290993
81.2583389
82.8684692
67.8785019
46.8697243
30.3052216
16.7617760
9.6160221
8.8620739
6.2141571
3.3068085
1.0688823
3.5768969
5.5487132
6.9451928
7.7517686
7.6019607
4.3776374
0.9810221
0.2779571
0.2363013
0.6913968
4.8193808
10.6961660
16.9057541
27.2505455
37.7510643
42.7017288
42.9526443
38.4224358
22.7568760
4.4524412
2.7892454
10.0548553
39.7775421
54.1701736
45.8956184
48.3893051
79.3586121
117.4377594
121.2460938
97.1413269
76.9480362
54.8503609
27.7184772
9.1230888
3.1637473
24.8412437
86.5076675
123.9256668
92.0701218
36.3007202
23.8077145
25.6675034
37.7473679
59.6329460
90.6082840
96.3278961
68.8803329
28.3457260
11.3872824
16.8730679
17.0435429
12.6242571
9.3914108
8.2559805
14.0733719
33.4719162
61.4415283
78.2078934
74.4043427
55.1785927
42.1375542
37.5743942
29.4807720
20.8511105
18.4156666
8.4246693
14.0113010
27.5960655
27.1137886
6.4028835
0.8361534
0.3401078
0.2507538
1.0648308
6.0130653
9.7077847
9.9348831
10.4733334
11.5993252
11.6960077
10.4053249
9.2273817
8.9158611
8.2885351
7.8418155
6.7901726
6.0322733
5.8747482
5.2175055
4.4785719
4.3200178
3.7705579
2.9735293
2.6516547
2.4282570
2.2338305
1.6802939
0.8059477
1.1805289
18.5534649
49.1448898
74.4834290
111.4056473
154.0962067
173.2949219
144.4656525
92.2534714
60.1342697
37.2240601
57.1229439
58.0824165
59.0650444
64.5396805
66.8880157
62.2220001
45.2965317
44.0308990
56.2994347
53.0376167
45.6391258
31.9753838
14.3390598
6.1643734
2.4370131
1.9857388
1.5214138
1.2401642
1.0251231
0.5856320
0.4176475
0.3252009
0.2634335
0.4490562
0.6197004
0.7390132
0.5951923
0.4185898
0.3743646
0.3173985
0.2971337
0.3575060
0.4292918
0.4956184
0.3868863
0.2993491
0.3455161
0.4605262
0.3885213
0.3363352
0.4990262
0.6287839
0.8026272
1.1356584
1.1436129
0.5322355
0.2993055
2.6984665
18.3301964
47.4621353
71.8665085
79.6520538
69.1190262
39.7232971
12.0474110
1.5667400
2.1881845
12.0204773
23.5392723
25.2125721
20.4735527
37.1829872
65.5514145
70.6731186
45.1124763
26.1569653
28.8110600
52.0265999
71.1465149
54.1400757
33.5222282
28.9156837
32.6178894
35.0610924
24.1788712
11.7221622
2.5539825
0.4831523
0.1461796
0.4053708
11.0183706
33.9281921
44.3456459
34.1611252
14.8520622
8.2672472
7.2562361
4.4537969
2.2849486
0.5494311
0.9892110
9.1285219
20.8798733
19.7015228
7.3774004
1.2406037
0.5973827
0.4363420
0.3746365
0.4688443
0.5008782
0.4676420
5.3566957
16.2124920
20.8958225
24.8527966
43.0256310
62.1746483
61.1909790
33.8077850
11.4304676
10.6977930
12.5406513
6.5266323
2.6809390
1.6905372
2.9339416
2.6692858
1.1615577
0.5453824
0.4412082
0.4025912
0.3334032
0.3150449
0.2662730
0.2641148
0.4179457
0.2320889
0.0304920
0.0017933
0.0000000
0.0000000
0.0000000
0.0000000
0.0000000
0.0000000
0.0000000
0.0000000
0.0000000
0.0000000
0.0000000
0.0000000
0.0000000
0.0000000
0.0000000
0.0000000
0.0000000
0.0000000
0.0000000
0.0000000
0.0000000
0.0000000
0.0000000
0.0000000
0.0000000
0.0000000
0.0000000
0.0000000
0.0000000
0.0000000
0.0000000
0.0000000
0.0000000
0.0000000
0.0000000
0.0000000
0.0000000
0.0000000
0.0000000
0.0000000
0.0000000
0.0000000
0.0000000
0.0000000
0.0000000
0.0000000
0.0000000
0.0000000
0.0000000
0.0000000
0.0000000
0.0000000
0.0000000
0.0000000
0.0000000
0.0000000
0.0000000
0.0000000
0.0000000
0.0000000
0.0000000
0.0000000
0.0000000
0.0000000
0.0000000
0.0000000
0.0000000
0.0000000
0.0000000
0.0000000
0.0000000
0.0000000
0.0000000
0.0000000
0.0000000
0.0000000
0.0000000
0.0000000
0.0000000
0.0000000
0.0000000
0.0000000
0.0000000
0.0000000
0.0000000
0.0000000
0.0000000
0.0000000
0.0000000
0.0000000
0.0000000
0.0000000
0.0000000
0.0000000
0.0000000
0.0000000
0.0000000
0.0000000
0.0000000
0.0000000
0.0000000
0.0000000
0.0000000
0.0000000
0.0000000
0.0000000
0.0000000
