0.0000000
0.0000000
0.0000000
0.0000000
0.0000000
0.0000000
0.0000000
0.0000000
0.0000000
0.0000000
0.0000000
0.0000000
0.0000000
0.0000000
0.0000000
0.0000000
0.0000000
0.0000000
0.0000000
0.0000000
0.0000000
0.0000000
0.0000000
0.0000000
0.0000000
0.0000000
0.0000000
0.0000000
0.0000000
0.0000000
0.0000000
0.0000000
0.0000000
0.0000000
0.0000000
0.0000000
0.0000000
0.0000000
0.0000000
0.0000000
0.0000000
0.0000000
0.0000000
0.0000000
0.0000000
0.0000000
0.0000000
0.0000000
0.0000000
0.0000000
0.0000000
0.0000000
0.0000000
0.0000000
0.0000000
0.0000000
0.0000000
0.0000000
0.0000000
0.0000000
0.0000000
0.0000000
0.0000000
0.0000000
0.0000000
0.0000000
0.0000000
0.0000000
0.0000000
0.0000000
0.0000000
0.0000000
0.0000000
0.0000000
0.0000000
0.0000000
0.0000000
0.0000000
0.0000000
0.0000000
0.0000000
0.0000000
0.0000000
0.0000000
0.0000000
0.0000000
0.0000000
0.0000000
0.0000000
0.0000000
0.0000000
0.0000000
0.0000000
0.0000000
0.0000000
0.0000000
0.0000000
0.0000000
0.0000000
0.0000000
0.0000000
0.0000000
0.0000000
0.0000000
0.0000000
0.0000000
0.0000000
0.0000000
0.0000000
0.0000000
0.0000000
0.0000000
0.0000000
0.0000000
0.0000000
0.0000000
0.0000000
0.0000000
0.0000000
0.0000000
0.0000000
0.0000000
0.0000000
0.0000000
0.0000000
0.0000000
0.0000000
0.0000000
0.0000000
0.0000000
0.0000000
0.0000000
0.0000000
0.0000000
0.0000000
0.0000000
0.0000000
0.0000000
0.0000000
0.0000000
0.0000000
0.0000000
0.0000000
0.0000000
0.0000000
0.0000000
0.0000000
0.0000000
0.0000000
0.0000000
0.0000000
0.0000000
0.0000000
0.0000000
0.0000000
0.0000000
0.0000000
0.0000000
0.0000000
0.0000000
0.0000000
0.0000000
0.0000000
0.0000000
0.0000000
0.0000000
0.0000000
0.0000000
0.0000000
0.0000000
0.0000000
0.0000000
0.0000000
0.0000000
0.0000000
0.0000000
0.0000000
0.0000000
0.0000000
0.0000000
0.0000000
0.0000000
0.0382460
0.4080245
1.2835441
2.0818698
2.1598077
1.7455418
1.8740304
2.2638116
1.8816533
0.9529734
1.1009915
1.8545774
2.6745355
3.1673503
2.2701259
1.0792779
0.4320994
0.3274948
0.3194695
0.3607284
1.4823227
11.8914242
28.5963840
34.0087891
22.9027996
13.2294407
21.6683388
40.1740189
56.4118538
59.5667458
56.3727760
50.4329376
39.9858208
30.0770721
25.5969505
22.5232925
16.9628792
11.9177685
9.8428087
12.5906563
13.4698572
12.4040632
12.9392500
13.2674694
14.1124458
24.3519745
36.2120590
37.5835686
30.7750015
26.0060768
19.4162006
14.2644577
10.3733263
9.0239601
8.8260946
10.1983395
9.6171932
7.6696401
6.7057333
6.2870407
3.5935311
2.3653128
1.8722918
1.3941414
0.9413826
0.8043307
0.7544999
0.5881097
0.6861410
0.6334828
0.5874255
0.6263479
0.5965905
0.4343109
0.3426744
0.4166162
0.5683591
0.3802422
0.2626933
0.2439416
0.3419680
0.5320694
0.6035380
0.5726925
0.5339026
0.4190362
0.3177072
0.3205900
0.3541145
0.4622593
0.5969070
0.5823489
0.4719260
0.3787886
0.4079947
0.4515643
0.5093845
0.4006100
0.3480889
0.4182822
0.4073420
0.3662770
0.3795586
0.5500015
0.5687990
0.5297670
0.4022762
0.3767976
0.4959837
0.4433504
0.4399269
0.7415146
9.9965467
30.1090641
45.6603966
52.3769264
51.9975967
42.5673180
23.2246189
16.8005581
18.0807419
15.2892866
8.8208752
16.1165962
25.4819260
43.8954735
69.2402649
69.2453003
47.6365395
26.2860050
19.7334862
19.3247757
11.2579250
1.4690138
0.0319269
0.0529371
0.2462845
0.4911590
0.4612815
0.5638428
0.7160239
0.7868091
0.5140493
0.2653307
0.3747901
0.4309573
0.5185417
0.6138014
0.6113753
0.4585074
0.3375802
0.3810954
0.4092117
0.5873846
0.7226337
0.6166687
0.4595198
0.3982922
0.4667416
0.5034010
0.5951421
0.6178101
0.5098924
3.5661097
20.4868660
50.6023483
76.8479691
87.5978012
82.7663422
54.9026299
21.3355350
9.9397802
2.6447141
0.6039080
0.2895218
1.8633838
13.1426067
22.8797722
27.9770470
35.9695358
47.6755295
50.1573334
34.1093864
7.7367830
3.5817933
0.9318991
2.7507176
16.8749332
31.0563869
30.4502048
25.2792053
30.3472824
49.3529778
75.1914062
89.7511368
80.7401428
53.7773285
31.0151997
25.4062710
30.9410324
47.8475380
58.4411774
58.7897034
48.5192413
31.7963772
25.6196480
47.5014915
47.3769073
40.3964195
36.8037529
23.6659317
11.1202097
2.9934845
0.8702552
0.4942745
0.6419526
0.5745465
0.4476888
0.4243423
0.3036171
0.3834217
0.4853178
0.5160075
0.4204365
0.3730583
0.7605267
1.0179430
1.0511891
0.7839310
0.5854201
0.5446543
0.5892004
0.8695304
0.9537346
0.6783602
0.5647385
6.4283767
25.4657288
50.7849731
62.7668915
48.2853508
24.2369499
16.8684807
19.7341709
59.9214249
133.7039642
162.2551880
119.0735168
60.3688583
19.0006866
9.2357588
1.5426869
5.8859558
20.2464218
36.1177368
73.0788345
132.6538239
161.1327209
110.4554520
33.6456795
12.5974121
14.7549477
16.8195992
23.4942894
29.4084320
29.2748795
23.0597553
14.8499136
11.3299084
6.8618135
8.1584768
33.2725105
81.6108551
111.4572754
93.0244370
47.7279701
12.4677095
17.2821217
17.4138718
17.9957943
14.8877554
10.5927982
16.2140083
26.3844299
26.5416813
30.4316330
38.9076843
34.0879593
18.3358269
10.5397606
11.2165956
16.7616463
18.1247864
14.2272530
13.2247295
13.8684359
13.5246029
12.8257475
17.4994545
35.5303268
51.3236465
53.5865593
52.7049255
57.3646011
60.0807648
50.9678764
32.9506760
23.6115036
12.4838028
5.1018271
4.5925322
7.0953608
23.6912422
48.4250641
67.3271408
74.9718399
67.5605469
50.6713715
32.7935143
25.1173477
17.6485882
11.8934250
11.2477245
16.0429115
19.2069035
19.2299862
7.4537334
0.5440583
0.2233364
0.2138733
5.5413527
23.4437771
32.6937981
40.8163071
50.3501434
52.3477707
40.1232262
23.7114811
16.2383747
10.8887358
9.8812304
10.3224173
9.0149717
9.1433516
27.3069363
57.6585960
62.0723724
32.1025009
8.2675047
1.5244346
0.1899837
0.7034211
4.9896054
17.5760746
26.6796112
30.9537735
38.8683853
42.2200165
39.3879700
31.4463825
24.5454464
21.9795418
24.2039051
31.9106274
44.4106216
54.2995453
56.0693512
51.3708420
49.6230850
86.2949677
158.9659576
145.8336945
83.3925018
37.1881065
23.0653553
17.6085224
13.2393656
24.7634506
34.0647507
28.5399132
22.7033119
17.8626652
11.3254118
5.2278085
6.4589338
17.8545132
33.7748451
38.3741493
33.9791985
20.8063374
12.6011992
9.7387171
6.9304967
4.3146901
2.1903944
2.2131393
9.9397430
33.8667755
58.1715317
70.4237823
71.6281204
79.9092026
76.2834396
60.5220108
32.7911644
31.8175735
69.0643539
57.4323502
31.8846321
7.8762975
11.2079830
17.4042702
19.0597954
16.5496883
17.8599415
32.9090500
49.9051094
57.6075172
43.4465637
22.5008869
5.8104105
1.1467806
4.2568212
11.1668739
22.0795231
25.1410713
34.4819107
67.2566986
103.7538834
106.3724442
74.4936981
33.5058975
11.6866655
4.3454981
2.9181056
4.1751933
4.8367558
2.8197258
1.7106035
6.1214209
14.2788877
24.6359310
36.7274551
42.5399628
38.4682655
27.2334538
20.3643627
15.6341362
10.4673834
7.9577894
18.9436970
25.3667278
20.6570511
9.2816343
6.0307097
19.3629532
33.9312668
34.8335609
24.3258038
14.0392532
8.0264225
4.5658984
2.9689777
5.2690592
14.4170818
25.1688461
25.5541515
18.6666679
12.6244545
5.5086608
2.5680039
4.6152296
6.0029316
7.1327367
6.3330307
3.6383862
2.0737860
1.9931506
2.9378419
3.4671602
2.5194209
1.1214418
1.0427942
16.0473099
59.5660782
104.3406448
113.9511261
86.1361694
68.2834473
71.5372543
73.9371033
61.8086815
43.9831314
23.4735317
21.3354149
30.0462704
31.2116070
31.1021328
17.5664864
8.9564734
10.9671774
19.9985867
36.1489258
44.9488525
38.9305420
28.2786865
18.4971123
13.5729151
14.3929167
15.1575747
14.7804012
17.2988358
27.1302166
27.4351196
19.6984978
11.9270277
7.8489532
23.4895477
29.7650185
24.3381882
21.6211967
29.0429306
27.0038071
16.1292515
16.4544334
10.4339504
11.9774008
5.1573772
0.4710569
2.2485077
6.9286046
10.2587137
9.5963135
8.1972876
7.2064848
6.5955200
6.2469835
6.0429440
6.3767171
5.4930515
5.4708323
5.1249795
5.4024634
5.3702416
4.0206108
2.3121338
2.5057242
5.9982533
15.6356468
30.7333813
50.6154823
72.5374832
88.1558533
92.8705292
78.3129578
53.1875877
36.1778641
26.7781906
26.5291767
33.8676949
21.3249302
11.0495281
18.2186546
48.3595047
69.1842041
47.8030434
23.4075756
12.5510483
4.6060500
3.2506521
9.4693041
26.4023190
28.3802547
26.0662804
21.6060810
19.5065193
32.3586578
48.8581505
47.0450821
32.4348488
19.4871502
12.2924719
13.7406292
18.0790501
20.5601120
19.7080250
16.5784721
11.2291737
7.4126873
2.8905244
0.4427732
0.0990673
0.5441301
19.8297577
59.2461777
99.0879517
127.9195251
122.6010590
85.2752914
48.4957542
29.9879951
23.3132133
54.0671005
115.5098495
132.6830750
105.7457428
75.2973633
52.9448814
25.2119999
28.5575371
52.5913658
48.2774658
29.9963856
56.7661362
53.2862740
35.4410934
26.8573761
38.6506538
56.7817650
59.2842178
48.2883949
31.2996521
16.2983532
10.2788248
25.2278214
47.5672188
68.0885773
75.0914993
65.1163788
44.8610649
23.3177948
17.4509487
19.0673218
24.4886818
27.7353210
30.5644169
28.3578625
46.3259697
91.4627075
99.1505814
62.0721779
24.1347561
12.7711906
11.1222296
4.2556262
2.5634933
3.0141592
4.9495077
7.8951483
9.9920883
10.2961588
9.0570145
7.2552795
6.1143723
5.5601921
4.9393597
4.7944484
3.6418138
2.3767138
1.6508985
1.2014073
0.8640046
0.6956115
9.2360344
33.4272156
63.6769714
92.8369370
112.0406647
103.1584167
68.0954819
43.9760780
25.3314190
14.8088560
39.6015549
51.1556053
35.3177376
16.7958965
10.8160601
13.2942419
23.5788994
34.5662460
44.1721115
47.1015549
42.5687637
33.0701904
20.7193680
19.3659515
16.4319687
15.7512054
17.7586117
21.6509056
29.6652126
42.9117203
61.5158806
73.6310577
72.3802185
66.5655823
55.1471786
29.3463993
14.5472364
3.6328430
21.0172215
68.7179108
113.1355133
108.9806824
91.1750183
56.4925461
54.2432098
54.3149338
28.6571541
5.5619755
2.9297655
6.2979856
28.2971306
54.9630051
47.0156021
30.2106476
28.9007797
36.0000610
34.6351776
20.5416794
6.4109907
1.5946057
4.3901486
17.7985096
27.0428963
35.7482033
61.1620979
90.8820724
94.6177979
64.4633636
33.6704140
9.7674303
6.1207070
11.4539270
17.4932652
19.5308456
16.0066872
11.5353251
11.2147703
12.1412210
10.4462557
7.3525434
3.0479066
2.3631659
11.3957253
24.3783264
30.9468060
28.4868507
25.4844913
26.9349918
33.7768211
38.4449692
33.2077789
23.2271996
20.0404510
28.4578266
21.1576843
23.2406235
36.2659836
48.7640038
39.6336060
15.5043545
31.6492252
57.3414688
59.7865753
36.1491165
14.8484287
7.4762592
7.7423539
10.3885708
20.8823395
36.9830551
34.5146332
22.2370110
15.0440598
10.0822287
3.1461234
7.5040789
21.0664387
41.1216927
56.8583946
39.4826546
20.2368164
22.1778183
24.8374100
18.1630268
9.3531256
6.6540613
6.9255123
7.8835697
7.6613493
9.3829565
17.1112003
30.6431179
38.5566711
37.5061035
42.5005836
59.2441101
78.3338394
71.0478058
50.8681679
39.4516144
37.8199768
42.1704063
44.3061104
39.8160934
35.8430748
27.2159042
20.9925385
16.0236874
12.6358948
9.8762054
3.6588252
0.5463707
0.1593014
0.2108340
0.3072973
0.5087168
0.4293718
0.5354404
0.4910391
0.5944229
0.6068560
0.7838262
1.4023576
7.1588154
18.7686996
26.7139111
24.5020943
15.7175922
10.6187382
16.1629238
38.3941422
58.4146881
63.1406937
57.4916191
45.8143997
30.6772938
16.6770477
8.8412418
9.0723057
8.4570732
16.0699463
28.4574757
32.0060272
28.1525955
28.1515713
22.3559818
10.2458258
4.6896620
3.2430387
3.5057588
5.4196978
5.6319890
3.9106622
1.8767557
0.4374365
0.1600227
0.1522796
0.2453598
0.3478066
0.4515803
0.6147812
0.9214405
0.9669472
0.6366826
0.3053940
0.2978979
0.4269342
0.4740905
0.3477097
0.4117742
0.5173227
0.9725468
5.7591505
20.4376717
45.4402695
67.2203522
74.4940796
69.0719833
60.6161423
54.5936432
48.9093971
36.9722557
20.4758644
9.0125322
4.0738859
0.8611805
0.1003036
0.3527491
1.4839909
1.9748203
2.2448826
4.2741189
25.5924435
69.9617844
100.2608795
102.1071777
112.9285278
127.9240952
121.1513748
84.2907562
58.6656952
35.9756012
18.5343838
8.7447968
6.8566442
4.6440086
5.0792747
7.3397322
8.2871552
5.1144772
7.5794492
15.9049406
20.7124023
17.5760403
8.7767925
3.6547122
2.1174183
1.2104356
0.7815943
1.2000434
2.0103042
2.6112168
2.6746566
2.3723485
2.2683506
2.4262311
2.5359962
2.3090897
1.5916340
1.1412077
1.0279968
1.0226611
1.5665631
2.4353335
1.6218122
3.0725679
13.2283878
26.6176567
30.6106033
21.5884781
7.1155362
1.4950571
1.1971167
4.9354844
14.6192160
23.8111458
29.2823029
37.9767838
60.4683533
86.6764984
86.3859177
62.1484261
28.2740326
9.7147198
5.4183049
2.3896527
11.9683771
16.9289455
16.8818741
19.7644997
35.0266991
37.7578850
31.5004902
27.3502808
30.4101181
35.9984627
35.9529724
26.0409565
17.0494022
11.5336552
6.1151457
6.7990828
14.6037998
20.5881920
28.9343319
24.8859959
15.3051844
7.9139514
2.2155082
4.3268719
19.8841972
27.6002541
20.3254356
9.0236549
14.4036932
35.8685646
55.0034752
56.5972176
46.0286903
26.7275677
16.6086731
15.6544123
15.7052784
10.4905033
16.6902828
23.2112617
38.3689804
47.1411133
41.7560005
29.4999790
17.5616074
9.4245825
3.8811057
15.5122299
34.8536072
38.3896713
29.7678680
23.0453243
41.9512596
72.9468613
81.6796799
58.0332680
26.4793739
8.8765297
14.4359264
24.0413589
21.6910858
17.9844913
14.5095396
9.6928644
18.1661663
23.1498375
15.1824951
4.6767721
1.0481043
0.3151873
1.4511293
5.2215586
5.5572882
2.3444221
2.5605888
3.2908762
3.5621367
4.7560735
7.7491083
18.3014126
31.1298161
31.7939682
19.1666412
12.9831181
13.8554077
17.6705341
31.5173168
48.9313431
53.3481255
39.4956589
20.9686375
7.6631036
4.8143792
4.7842770
7.3174438
7.4667835
2.5212426
3.4140663
7.3064604
8.8207779
3.7256353
0.3792487
0.2177423
0.2760267
0.3161606
0.5398031
0.5658072
0.3483156
0.2444737
0.3006226
1.2773521
5.9054127
16.9622993
27.9148369
26.3429546
12.4969234
4.5498166
2.7001894
8.0377712
19.1863518
24.7051792
24.7973785
20.2752457
18.5641499
22.7551212
24.5905533
16.2858124
3.7574677
0.9466970
0.2688126
0.9337494
14.7636242
41.6857033
49.7776871
37.1431503
19.3342400
16.4448948
22.4638233
34.6182861
42.9031563
44.0309334
43.9856949
47.7746429
56.4957047
55.6469765
42.6968079
31.0437088
21.6746960
14.7376881
8.5180960
5.1239309
5.2864652
8.7641726
14.1931114
15.4824352
10.2163734
6.4325585
7.7210579
9.2019958
5.9787135
6.4803462
4.9165254
2.2205567
2.6563013
5.7229519
16.2692661
31.0214405
32.8186302
20.2402325
6.6134582
2.0360456
0.6290582
0.2184809
0.3455820
0.9783618
2.4744461
3.0382168
2.7810192
2.7253714
2.6671929
2.7151899
2.8315105
2.6333435
2.0692558
1.8598119
1.8185165
1.3886615
1.1155689
1.0837519
1.1639270
0.9945013
0.6563585
0.4419389
0.5335413
0.7941790
1.6285403
7.1548314
17.6326923
23.7751751
19.6789608
11.0565681
5.7167225
2.5266180
4.7765360
10.4468699
13.2919445
13.4835730
11.5819921
7.3491607
2.7572784
1.5809035
2.4780614
8.1563492
19.7631435
21.3246803
14.5226784
9.6071653
7.3659835
5.4279275
2.7346272
0.9769583
1.2797124
7.4957852
16.8850060
28.9461136
47.9486961
63.6803284
58.1756020
42.0605469
28.8561859
20.6262932
15.9042158
15.2624798
32.0168686
61.5915070
80.5450668
76.2337189
70.3376923
67.7706299
67.6297607
86.8404694
98.7377243
97.0953674
96.2860718
89.6550827
70.9000626
50.9879532
22.6675873
10.3938141
27.5953083
14.4697762
17.2483044
36.2947388
42.6871376
49.8109169
46.8217430
29.5229836
10.9695301
3.6612523
14.1822481
53.8407631
89.8408051
74.8689499
36.9374390
7.5483198
3.7864380
1.3036369
2.1009085
9.5693617
18.8760109
21.1373081
17.0204792
17.7366962
22.6154747
24.6270046
21.5864601
24.0482388
46.8318787
90.9426422
126.7013626
131.0794983
104.4722061
70.1495514
36.3785896
29.4453220
7.0490370
0.4413131
0.3349834
5.7483339
43.7447929
80.3394928
78.1087341
51.4501381
25.2871532
15.0865965
21.0217762
20.3753643
20.3233051
25.5864735
40.2467575
40.9773521
34.1669312
32.7607956
30.1006184
21.3494473
10.2406578
12.7695560
25.3927116
28.7457218
28.3915501
25.1740246
19.5520077
12.3271217
7.3437939
11.5896311
13.9243937
15.5000715
19.4093800
16.8863640
6.1006970
0.7165183
2.2198036
6.3202286
9.9614868
10.9335251
10.5597439
8.7211723
6.6163731
4.7512813
3.6607471
2.5784125
1.3859017
0.7463889
0.3825797
0.2840939
1.1602820
10.9164658
27.4964294
33.1939583
24.4528389
13.7379265
5.8606763
6.0304489
7.1236892
8.8688669
29.9074860
78.8430710
119.7706909
125.6623154
85.9543457
42.7027473
8.3140907
3.6083059
1.7452408
3.4126863
13.5234337
24.3922634
31.5345440
30.5219212
22.7517185
11.9060555
6.1789188
4.6477942
15.4337158
32.1161652
50.0859833
66.5950165
75.7694626
71.4309921
57.1171608
43.0247688
31.5324268
21.5854588
17.2057209
37.2941360
28.2427502
22.9875069
30.1771374
34.3990746
27.6461544
21.8542690
19.5291214
19.2651234
23.7564602
30.0829334
38.9802818
47.3403511
49.6184273
47.2836113
46.5916138
41.5867920
29.1224976
19.2342930
11.3854141
7.3829756
8.9867592
15.9100170
17.2439880
9.2331839
2.7387090
0.7164200
1.5782452
4.0511284
5.5415921
4.7080288
3.8496008
2.9810507
2.2380645
1.8168149
1.5038340
1.4726491
1.5060019
1.4857911
1.5124230
1.5517060
1.4047272
1.5351684
1.4758093
1.2127228
0.8664693
0.5503767
0.7305576
6.7054672
19.1485519
25.2500668
19.2786179
9.9825058
6.3759341
4.3912616
4.2860737
10.6456985
16.9827690
23.2474880
29.7294407
31.3607941
24.9934883
18.0921326
17.0660477
21.0669651
20.9186172
8.8661528
1.2255208
0.4796641
0.2875437
0.1641962
0.3520543
15.2799606
76.1907959
164.3007507
217.8578644
190.0372009
118.9601059
87.8692322
66.8202820
41.4812508
19.1803455
11.7060318
11.0767412
9.9658890
18.4072323
38.4505997
49.3238411
56.6463776
61.1085777
55.4707832
58.5383530
48.3068962
34.9792557
22.0848007
16.1449680
21.5910397
19.0161133
17.3555164
44.8989487
109.2688370
128.4455261
109.0923080
79.6381683
60.4958954
39.7855377
31.0587120
44.9504852
27.3097992
43.8212509
43.8266258
22.5114269
17.8046093
44.2962456
45.8309441
37.3717766
27.7521935
47.8757401
45.9169998
19.7703056
25.1617260
46.5390968
66.5830917
106.1441040
107.5102539
72.0087280
39.8354378
16.7951202
12.3035364
18.4313583
28.2622528
36.5017700
43.5384254
40.7631645
29.3862648
29.5294228
28.7039509
28.6253395
33.7677498
43.8986740
52.9069176
54.2778702
41.9933548
19.0710297
9.6133652
8.5840979
8.7251196
11.3429651
12.5042133
10.3337793
5.2134433
0.7796285
0.2032005
0.2508491
0.3134223
1.2620981
21.3825378
82.7761536
150.4728088
162.7714081
107.6759491
73.9619293
70.4875412
55.7099648
39.7228012
37.9344826
38.0085144
46.3497772
54.4676170
24.8545952
8.8468218
4.8195391
14.8372707
45.1943550
54.9286118
46.8255615
46.5346375
43.8227425
30.1519299
12.7001848
3.2320600
1.5784580
27.5630798
98.6456833
126.6798019
92.7146606
53.7198257
30.7448616
17.2676449
12.8796911
32.6884537
43.2326279
29.0941620
17.3666706
19.2845764
26.4541092
23.8790970
19.2984982
18.6647339
18.4540310
13.7937107
9.2746277
4.5729470
6.1024055
12.8757610
10.7553253
10.5366068
13.9825726
16.2117996
16.1328506
13.8935041
9.8803692
2.0563228
1.0032809
3.1326213
7.6027641
8.6179752
6.3388081
4.8582764
4.9982672
5.0232124
4.8661890
4.1226311
3.5865211
2.9989254
1.9335264
1.2364743
0.9101779
0.6719877
7.1714282
36.4357109
67.2337799
68.5596542
38.4340515
12.0360041
5.8814192
5.3848495
10.8729172
20.9702950
25.0428162
23.3694115
20.1684380
25.0716057
44.2901764
53.8997269
43.9812469
22.6322842
7.6354890
6.0040216
7.2079496
8.9627533
7.8769236
6.9605103
15.8353653
27.3559685
30.7800045
30.2170887
27.6923561
25.5785503
31.7234650
48.2170448
72.6624298
87.2946701
79.7108994
58.2587662
45.3426208
37.1801414
19.3960133
7.3334842
7.5785484
12.5352669
9.9113169
7.9377742
10.2776728
15.0028486
20.9743118
23.8169136
22.3351040
16.9414024
10.0793953
5.2116179
2.2493849
0.8878093
0.5942303
0.8835536
1.7622172
2.1546416
1.6418455
1.0350380
0.7049326
0.6060123
0.7346563
0.9036945
0.8532014
0.5159037
0.3705614
0.5482010
0.7617607
2.7468829
16.6434193
42.7300873
60.7352524
52.8191299
29.2815647
11.1781664
4.3113050
10.9990387
27.8122578
39.7519684
46.2259598
40.6993484
22.2856884
8.3016977
3.3562684
1.7787439
7.8721027
28.8945484
52.6096878
50.9971733
32.8207321
19.1943378
16.8848381
23.8627605
27.2583771
27.8744850
27.5278740
26.0869064
20.9488621
14.6031218
8.2060528
6.5611286
9.7583895
16.2936420
20.2173653
19.1221905
13.9372263
8.3382912
5.4163876
6.0144176
6.9482741
14.7564812
36.1859932
60.3974152
61.2309265
43.0335999
37.1409874
48.2394218
52.8345795
32.4944153
10.4107199
1.4012275
0.4517394
0.3252422
0.3155984
0.2238237
0.2583438
0.2643478
0.4622614
1.3201946
12.8886395
32.2792740
42.9997025
44.9207687
51.4815178
69.8378830
85.4178391
91.3746948
88.0914307
84.3109741
65.1218338
60.1169548
40.7901230
25.4820442
36.8734283
54.7967834
53.8970680
48.1332092
31.5619602
18.3462658
13.0343895
21.9690952
35.8313026
43.8590546
42.0987778
38.9323540
32.4521255
29.5814838
27.9144173
24.8054676
27.2815781
34.4728432
36.3010597
34.1759453
23.5865135
10.6711349
13.6435652
18.9512825
24.6983376
21.6098824
10.9531651
21.8044872
26.5298061
13.7729206
1.2535295
0.2405881
2.6428621
11.3460760
19.2420177
28.0005989
46.7969284
68.4082489
78.1583176
68.0722961
53.2660637
35.8829498
20.6997280
8.9119205
4.7099743
5.1465402
4.4897261
4.0209560
9.1896725
9.6521759
8.3300438
7.2810817
7.5507007
6.4439564
4.2154202
1.9337497
1.8772197
3.2649622
5.0399375
5.2835407
4.3816080
4.2421684
4.8417993
4.6114426
4.2914400
3.6781945
3.4258327
3.0451155
2.5886769
1.6098260
1.0439129
0.8460957
0.5328317
0.3355961
0.2038724
2.5711331
13.2717752
26.0742702
28.9335632
21.8510036
14.2997417
7.2746458
3.3560705
15.3584824
42.7817421
60.4471817
68.7801285
73.5576172
83.3131180
74.5567627
55.6930084
45.8989716
41.8018532
42.8591881
51.0684357
57.4475327
53.1885376
40.5297470
26.2276421
16.8609333
12.5734882
9.7534590
9.1652441
6.4486914
2.2208495
1.0195318
0.6765899
0.3990855
0.4081862
5.4518700
21.8872757
45.4844093
63.8961372
66.5894699
46.0440979
11.4467373
1.8191097
0.6393597
0.0752743
0.8452305
37.3808517
82.2594986
90.4512711
62.6073799
45.3285446
34.5001564
19.1665764
3.3134274
11.6492605
42.1104431
72.2729950
61.3390198
37.5971870
22.0800934
10.2691889
4.9562488
7.6162176
18.8122482
25.3210182
32.1356697
40.1938477
41.2655678
34.5251274
33.2350845
29.0496368
18.9542885
10.8827896
10.1621799
13.2813225
22.1259460
32.4289513
46.4722824
70.6138687
110.2328262
144.8460999
147.3215942
96.4447708
44.4802704
26.2058983
18.7193375
18.3656616
13.1112137
7.9584298
4.5813613
3.0612988
7.4055514
9.3721361
7.1667914
12.3196087
24.5529385
35.2478409
34.0808220
23.4924889
16.9122868
15.3506584
16.9144402
19.0129032
22.7281990
22.8612671
16.6922512
14.9298029
37.8955574
68.8116684
82.1727371
73.1012726
60.7303429
45.0508003
32.4536018
19.0853920
22.0663795
44.3599968
38.3900566
36.1662636
63.5866394
94.2088776
99.9169769
100.8018646
94.5903168
81.0844421
55.9742966
33.7545891
20.4003696
4.0681953
2.9871469
15.9092159
37.3375740
36.7284126
23.3937225
16.0616760
12.4081783
6.0781474
6.9932318
12.8256664
9.7281895
4.8050270
8.3482170
27.7201691
47.6709824
49.8816833
42.8675270
26.9816170
10.9415674
1.2700615
6.2095437
19.9226055
52.1902313
66.6264801
43.3030243
23.6494789
11.7224751
10.9877577
27.8667450
24.7606068
9.0007734
5.9160647
4.4512734
8.9115410
10.7130022
6.2940726
6.2987304
23.7836609
49.9866905
57.6819801
35.1422310
21.4425297
15.2352667
9.4361982
5.4394188
6.2779489
7.2047644
4.7856760
7.2533789
14.4452391
15.5944910
12.0749340
6.9579644
4.1079798
16.6463070
23.7872410
19.5144863
12.3666878
7.1205263
4.9763503
8.8715858
12.1611013
9.0468178
4.4096255
1.6813288
0.9746228
1.0528179
1.3840523
1.4628944
2.7526400
15.9567890
34.6107292
40.3698425
36.4819489
38.2609100
38.2307205
33.2612152
25.6353931
15.8173342
7.2561736
8.2637272
18.8441257
27.9614449
25.1585789
14.7551794
11.7312479
11.5446453
8.4299879
5.5827408
6.8268852
19.4455318
40.0196152
55.1505585
51.7730370
39.3916893
28.8403206
19.5708103
16.9261951
14.2906761
15.3883047
11.7871399
5.3823805
3.9070158
16.9603653
33.3995056
36.5999451
28.4811707
23.2530766
15.1110764
10.4637461
16.2360954
36.4253273
46.3030663
44.4584770
31.4575729
18.9651070
17.2734375
20.9123135
17.0227337
18.7059669
27.1090698
29.8763371
17.3018417
11.0637360
11.8896008
12.0937195
14.0023785
12.1356297
10.7950344
11.5554485
14.3609905
15.4908161
10.4402266
3.6380546
3.0234177
4.0537219
6.4974365
15.3357468
20.9408607
21.9737511
21.1271362
20.7826710
15.9179115
7.7074203
2.1270113
0.2304030
0.0452080
0.6265451
23.8647976
72.5941086
108.9165649
103.8092957
62.7201805
31.5386658
15.9443331
12.4181252
27.7149734
15.3156900
2.1401570
0.3765138
4.9646082
35.5821953
72.6069336
71.9922256
43.6429443
27.1449337
20.6808720
18.3188095
23.7232952
16.3320198
6.6588836
4.6972389
8.5410748
23.2719345
30.0873241
23.5363026
8.8162556
0.9376312
5.5491552
16.5939102
25.9461555
23.2684860
18.0315380
20.3932800
39.8311081
72.6938019
102.6705017
105.3529358
81.7570038
61.9207954
35.4836845
27.8705978
23.5140057
17.0461655
17.4977112
8.9104309
16.6639404
62.0375214
120.0793304
136.8528900
117.0771255
77.0413666
34.3939552
11.3263235
7.3607063
39.0058746
62.4199257
46.4225235
25.8103924
9.2608604
7.0563979
7.9517126
9.2134647
9.1833858
20.1379852
37.6607170
50.6524467
62.4096451
63.1816483
47.6030731
30.3217545
11.2581892
1.5375255
1.1436630
9.2560816
20.8908844
23.3424072
22.2051735
38.4142113
54.9106102
49.6957054
28.6046314
11.3336229
4.8466372
4.7119622
2.8070841
0.7069994
5.1778526
13.4090509
26.4217701
34.6878090
32.1161880
25.6736240
26.2111053
32.8472214
26.8676891
21.8471413
20.4151363
27.6386299
43.4999886
50.4726868
39.1897507
22.6578083
17.0359650
11.1680927
9.9506378
10.8584766
10.4224987
11.6569824
12.7365112
11.2264290
7.3025823
4.1092339
5.2390118
10.2386246
11.6113920
10.3579416
17.8800449
25.2726288
19.0761604
8.3286819
6.9050002
10.7468863
9.1031818
4.2531128
2.4264176
1.5441562
3.1158242
4.4329915
7.3329391
15.4639874
23.6458359
26.2311172
22.5987759
14.8749475
7.5587177
2.3974700
0.5671346
0.1614885
0.2824778
2.2774658
13.6577644
26.9988327
33.6946754
29.7128754
25.2858219
26.6186066
27.4418030
17.3746338
10.9346924
6.5405965
5.2868314
4.7931414
4.7041101
4.0044870
4.3296270
3.1172357
7.4004250
19.0342388
27.5643654
23.0652008
10.1027040
2.5379126
2.2998114
5.2264080
9.4203186
11.2322617
9.1091089
6.9659333
6.7385511
6.2568359
4.3642025
2.6021729
1.4085808
1.0767787
1.3935016
8.5923882
22.8387337
34.3086624
58.1084023
102.5609207
151.9456787
176.0198364
166.6647949
153.4855804
152.8185883
142.6096497
118.2459412
83.4046402
40.8089523
9.5093784
1.2957373
0.3860280
0.5524273
0.9184089
0.4546181
0.2235924
5.4090667
50.3792725
126.2039032
164.7198486
129.4098358
70.0899124
45.6116295
20.5247860
4.4999933
9.2483788
26.9989109
61.3861580
89.0532990
87.4909210
66.3385315
41.4789810
28.0060196
24.0026360
21.5077667
12.8081694
9.4889278
9.6347818
10.2110329
10.4941998
12.5504780
18.6650848
31.3990002
42.7297325
39.2782974
24.1535110
13.4313822
7.0409942
7.7430444
8.1805267
26.4325790
47.9708900
45.9139175
29.3456726
16.3113480
9.5444212
8.5096779
6.1718235
4.5106077
4.6037750
17.2412415
56.8545570
94.8525925
98.6936951
68.8787308
31.4999123
10.3668575
4.0841894
4.5857944
2.1503251
1.7081177
0.5474957
0.6683838
7.2268815
43.7058830
97.2804489
135.9268341
149.5122070
130.4025726
78.8238678
26.5202293
4.5318089
0.5565281
0.9234052
2.8719447
5.2881818
10.5015945
18.8583832
21.1196785
17.7338982
16.0488052
15.5011930
12.2648182
10.1156673
12.2595720
10.1971760
8.5381603
8.4039421
8.6627464
7.5825491
11.6715755
30.5169163
48.1149178
52.8160667
45.8698997
34.9935112
23.7649002
18.0775280
20.7126255
21.3338051
15.6895676
9.1133738
15.1958122
40.4560318
53.5681801
45.6543961
31.7866688
18.1294498
7.4066863
3.4676752
5.3742824
9.1947107
17.6022511
36.2973518
42.2584038
34.4582672
26.9269505
25.5297852
35.6126518
63.0872803
67.8747253
55.0568504
40.1438446
26.3580742
13.6081066
6.8510942
4.4545588
7.1464653
22.0891781
28.3450050
23.3090477
27.9407902
39.5283089
56.7567101
59.4549675
47.4879532
30.2633362
18.2853107
10.5230360
6.2556486
2.1989167
2.1052403
3.5382431
4.7224855
6.4336882
11.4343567
16.5982189
27.0410156
37.6061440
33.2827873
15.2370548
6.4062028
2.9227569
0.9537455
2.2273548
3.7578430
5.6377602
15.0676527
33.7360268
53.2770805
59.8099899
58.5514145
59.4165154
62.4780426
55.1289139
40.2760468
28.1298027
20.2894611
13.1094732
10.1137676
27.5806293
37.3034859
41.8474083
44.2079735
38.8847122
26.8590908
10.1618614
2.1788244
1.4748904
2.6543005
2.4407585
0.4818926
0.6182252
2.6620610
6.3197556
7.2401676
6.0343070
5.3503494
4.7777076
4.4265280
4.2629452
3.4147060
2.2570698
1.4466205
1.1061779
1.7210704
12.5425777
33.3792953
44.2139053
36.8026695
20.0490761
11.8400841
5.8001699
16.0368595
41.8414345
52.3827896
35.4912224
17.0937386
12.1117401
14.5825024
42.0713615
82.0042343
73.9164963
26.7933922
6.5371246
6.8147917
6.4730511
14.9205513
33.2295036
41.5526009
45.5048752
49.7202988
40.4164581
17.0985031
3.2609756
3.1527066
13.1971407
55.2069359
111.1328659
148.4664917
149.0670319
106.3930130
56.4537163
20.4975681
11.5733194
7.0842981
8.2328577
14.4516487
17.1283951
18.6635132
19.0540829
18.4259167
24.1698380
44.2509308
71.2909775
99.0208130
118.6381531
121.8451843
99.0453949
51.1694450
61.7823982
89.7757034
59.9854622
18.9355755
0.7463874
0.1192824
0.0458526
0.2591963
6.8505602
29.1844769
51.7051582
57.7405396
45.3286285
30.5132542
21.6877022
15.0845737
33.5137901
43.7498550
35.1941757
24.4146194
14.0612812
11.0104046
6.8327074
11.5694275
19.8679390
19.0377045
14.9534912
17.4883785
24.8532028
21.9266109
17.5148430
11.5234070
18.6644020
35.8260651
31.3601723
22.1408443
42.0743484
69.5771408
86.3280487
108.3701859
125.2878876
122.0419083
118.4177704
97.8359375
72.2611389
46.6334915
27.8125057
14.7754068
9.6163940
13.6607141
14.5359936
8.6914864
6.1434517
8.0513124
4.8787174
3.5734653
6.2336569
10.8488388
12.8869553
11.1711931
8.5307045
7.5377741
7.1972070
7.1112208
6.7909651
5.3232427
4.5042710
4.6860228
5.0983868
4.6850085
3.2635562
2.1968715
1.7731783
1.4567016
1.8211184
2.6307335
2.8340123
2.1399171
1.8583229
2.1029351
2.1386967
1.9496322
1.6517217
1.7145071
1.6728797
1.4566095
0.9227425
0.3892121
0.2869053
0.3642111
0.4905226
0.6158382
0.5665622
0.5618669
0.5549156
7.6092105
46.8892059
106.4463348
132.4476166
105.5742950
72.6962814
39.5359993
27.2792053
16.4276867
2.8484342
0.2028416
0.1973694
0.5242926
0.4410115
0.8155113
0.7326562
0.3756975
0.3881524
0.3984370
0.4986331
0.5141335
0.7066185
1.0245216
1.0264556
1.9192910
7.0544863
17.4256401
27.8011150
31.2257881
29.6370411
29.7111530
32.4985886
37.4724884
49.6414490
58.1449547
51.1983528
35.8366699
14.9314699
6.8380733
7.4868398
5.7057633
4.2490525
5.0580230
3.2241485
1.0761548
0.3023583
0.3261738
0.6507431
8.0956326
29.0219002
69.0005646
111.3784637
115.2512054
77.1796494
56.0926476
51.7292709
58.4348068
55.1719170
44.2152367
31.4598331
20.8004169
13.0024166
9.8414898
13.6048059
20.8414268
29.5316601
24.1390495
7.5525441
0.5405086
3.4604619
5.2539859
1.8578914
7.5572462
12.3617926
17.8825989
24.0273266
27.2855225
24.5526962
20.6922626
15.8523703
9.9144497
8.8842850
8.3311548
5.2858086
2.3940024
0.8213625
0.8258454
20.7893276
66.2357254
92.9440689
70.8271866
32.1727715
10.1179409
5.4499736
1.0723360
4.4189177
21.0751724
58.9513359
54.2705688
22.7875977
8.6279430
6.8374166
5.5381322
10.1264782
25.7883835
31.0862541
23.3862877
16.4371891
15.1906595
13.7611485
10.8435640
5.8133416
2.9908636
14.7769947
30.2909260
33.9013863
34.0856934
31.8902073
20.3145351
6.8746257
9.1618748
16.0910053
19.8012466
17.4435539
19.9225140
19.1644287
27.3212662
30.0393715
27.2768097
23.7075882
15.1978722
7.6057515
2.3088634
2.3134413
9.6072178
22.5005226
40.1253433
57.1669502
67.9433441
69.5884094
63.2589836
48.9828377
34.6303749
21.8340702
10.2139311
8.0310755
13.4240150
12.8739033
10.2997189
12.5879421
29.9101486
35.5690117
23.7076569
15.0582333
29.1200256
33.0591698
22.9594727
10.7297134
6.8341937
5.4576511
5.0167813
6.2987938
12.5285158
21.9056015
28.2301502
27.3019028
19.5140152
11.5781202
6.6485596
2.3828235
0.5468965
0.8811522
1.6286614
2.0095072
5.6787519
14.6425829
25.0935669
30.5201912
28.5107880
21.1906891
12.2339821
5.1231451
2.0568283
0.6364474
0.2687906
1.2722517
4.2265520
5.4269662
3.7328341
1.8113780
1.0670601
0.7702938
0.9329776
1.0249650
0.7821808
0.6273072
0.5498824
0.6575679
0.6858875
0.9303962
1.3506669
1.4486657
1.2436951
0.8594666
0.4994226
0.4742307
0.6218092
0.5457266
0.5005739
0.3938385
0.1717887
0.0401950
0.0090041
0.0000147
0.0000000
0.0000000
0.0000000
0.0000000
0.0000000
0.0000000
0.0000000
0.0000000
0.0000000
0.0000000
0.0000000
0.0000000
0.0000000
0.0000000
0.0000000
0.0000000
0.0000000
0.0000000
0.0000000
0.0000000
0.0000000
0.0000000
0.0000000
0.0000000
0.0000000
0.0000000
0.0000000
0.0000000
0.0000000
0.0000000
0.0000000
0.0000000
0.0000000
0.0000000
0.0000000
0.0000000
0.0000000
0.0000000
0.0000000
0.0000000
0.0000000
0.0000000
0.0000000
0.0000000
0.0000000
0.0000000
0.0000000
0.0000000
0.0000000
0.0000000
0.0000000
0.0000000
0.0000000
0.0000000
0.0000000
0.0000000
0.0000000
0.0000000
0.0000000
0.0000000
0.0000000
0.0000000
0.0000000
0.0000000
0.0000000
0.0000000
0.0000000
0.0000000
0.0000000
0.0000000
0.0000000
0.0000000
0.0000000
0.0000000
0.0000000
0.0000000
0.0000000
0.0000000
0.0000000
0.0000000
0.0000000
0.0000000
0.0000000
0.0000000
0.0000000
0.0000000
0.0000000
0.0000000
0.0000000
0.0000000
0.0000000
0.0000000
0.0000000
0.0000000
0.0000000
0.0000000
0.0000000
0.0000000
0.0000000
0.0000000
0.0000000
0.0000000
0.0000000
0.0000000
0.0000000
0.0000000
0.0000000
0.0000000
0.0000000
0.0000000
0.0000000
0.0000000
0.0000000
0.0000000
0.0000000
0.0000000
0.0000000
0.0000000
0.0000000
0.0000000
0.0000000
0.0000000
0.0000000
0.0000000
0.0000000
0.0000000
0.0000000
0.0000000
0.0000000
0.0000000
0.0000000
0.0000000
0.0000000
0.0000000
0.0000000
0.0000000
0.0000000
0.0000000
0.0000000
0.0000000
0.0000000
0.0000000
0.0000000
0.0000000
0.0000000
0.0000000
0.0000000
0.0000000
0.0000000
0.0000000
0.0000000
0.0000000
0.0000000
0.0000000
0.0000000
0.0000000
0.0000000
0.0000000
0.0000000
0.0000000
0.0000000
0.0000000
0.0000000
0.0000000
0.0000000
0.0000000
0.0000000
0.0000000
0.0000000
0.0000000
0.0000000
0.0000000
0.0000000
0.0000000
0.0000000
0.0000000
0.0000000
0.0000000
0.0000000
0.0000000
0.0000000
0.0000000
0.0000000
0.0000000
0.0000000
0.0000000
0.0000000
0.0000000
0.0000000
0.0000000
0.0000000
0.0000000
0.0000000
0.0000000
0.0000000
0.0000000
0.0000000
0.0000000
0.0000000
0.0000000
0.0000000
0.0000000
0.0000000
0.0000000
0.0000000
0.0000000
0.0000000
0.0000000
0.0000000
0.0000000
0.0000000
0.0000000
0.0000000
0.0000000
0.0000000
0.0000000
0.0000000
0.0000000
0.0000000
0.0000000
0.0000000
0.0000000
0.0000000
0.0000000
0.0000000
0.0000000
0.0000000
0.0000000
0.0000000
0.0000000
0.0000000
0.0000000
0.0000000
0.0000000
0.0000000
0.0000000
0.0000000
0.0000000
0.0000000
0.0000000
0.0000000
0.0000000
0.0000000
0.0000000
0.0000000
0.0000000
0.0000000
0.0000000
0.0000000
0.0000000
0.0000000
0.0000000
0.0000000
0.0000000
0.0000000
0.0000000
0.0000000
0.0000000
0.0000000
0.0000000
0.0000000
0.0000000
0.0000000
0.0000000
0.0000000
0.0000000
0.0000000
0.0000000
0.0000000
0.0000000
0.0000000
0.0000000
0.0000000
0.0000000
0.0000000
0.0000000
0.0000000
0.0000000
0.0000000
0.0000000
0.0000000
0.0000000
0.0000000
0.0000000
0.0000000
0.0000000
0.0000000
0.0000000
0.0000000
0.0000000
0.0000000
0.0000000
0.0000000
0.0000000
0.0000000
0.0000000
0.0000000
0.0000000
0.0000000
0.0000000
0.0000000
0.0000000
0.0000000
0.0000000
0.0000000
0.0000000
0.0000000
0.0000000
0.0000000
0.0000000
0.0000000
0.0000000
0.0000000
0.0000000
0.0000000
0.1251547
0.7332261
1.5589237
1.8807915
1.5749145
1.0088730
0.7370732
0.5821518
0.6355209
0.7742041
0.9532663
0.8436675
0.6421156
0.6676695
0.8122575
0.7681875
0.7002675
0.7131470
0.6936634
0.6881596
0.5774086
0.5179158
0.4358870
0.3540717
1.7558138
12.8967791
41.3966713
68.3313522
67.7059174
44.1541977
19.9757118
8.7541027
10.7691355
8.8528385
3.0842190
1.5397799
6.8234897
17.3717022
35.2112312
62.5515976
82.2288208
80.6339798
71.3169022
65.4453735
60.9796677
59.7060204
54.5910759
43.5698357
32.6624832
43.7496490
53.6034126
48.4845657
33.0289268
16.6096230
9.0146093
6.0201826
2.9316549
1.1472743
0.5584218
4.1832643
16.1941242
31.7612572
37.2443657
31.3181610
37.7026405
73.9132080
114.6919174
112.1413345
77.8762131
70.5236206
59.7486420
47.8347397
36.5196304
31.6458874
21.6353607
8.3753996
2.8443744
3.3160300
11.5789299
21.9044361
20.9380436
16.4848957
19.8916092
30.7457123
37.2190857
27.6419811
21.8476582
18.5842972
18.1436939
19.7039146
18.0703049
19.5194759
21.2721596
20.3128338
22.0097961
16.5026455
14.9207420
15.8741407
14.8648443
28.8217735
51.2464828
71.2005615
69.6536179
46.5966339
28.9384384
33.9177856
36.2702408
27.1804962
15.5037365
13.5277767
13.3750925
5.0938134
3.7955513
10.3393059
26.4900723
52.6204414
78.7576218
96.0340576
84.0348740
50.8213196
17.8048248
6.8403778
5.3166270
20.3224373
40.4686279
39.1534195
31.6737671
33.2134819
26.1985359
14.9075546
14.3063812
13.2399921
9.1561422
14.1852093
34.8938980
50.1307678
54.6474800
47.9360657
37.8846931
23.7253914
14.3691425
24.5078259
39.0899544
53.2912674
49.5000916
39.6714211
34.2689438
24.2835045
11.8826456
5.0735645
10.3782930
18.1039028
15.1424952
3.6805434
1.1128834
0.8770969
0.5214087
0.5505502
0.5055035
0.2862764
0.3944770
0.2915636
0.5722562
0.6537595
0.6835036
0.6302326
0.5509186
0.6160308
0.7820856
0.9373807
0.9098716
0.8541536
0.9280412
1.2287509
1.7345740
2.1998994
2.2662711
2.3730974
3.0758638
3.9828935
3.9277976
3.0579243
2.5567222
3.0357904
3.9373775
4.3697677
4.6088142
4.4504166
3.9425035
4.6576047
5.3796444
5.1522808
3.5417466
1.9442408
1.4014556
1.1580446
0.7921523
0.6177775
0.6530954
0.6809901
0.6707452
0.5487463
0.4389247
0.5360774
0.5871940
0.6389314
0.7831160
0.8281440
1.0301185
1.5056971
2.9503174
4.1843252
2.9498291
0.4138592
0.5863509
1.3136370
2.0151029
1.8505228
1.3460575
1.3433080
1.5476587
1.3027029
1.1936586
24.4831753
82.6948013
133.9112091
128.6715240
65.3294067
17.8082695
11.9997196
14.7868690
14.0636673
10.4354391
3.7231936
4.2892699
13.9067240
16.9656277
9.4678230
2.0573461
4.8215127
29.3749599
74.8544540
95.3955536
62.0371628
13.4520168
5.7548800
6.5781517
20.1391201
33.6573105
30.3790627
24.4368591
19.2209320
12.6222181
6.5648551
5.3284740
7.0784912
11.5411015
35.9575348
73.9837112
88.9404144
78.5180740
62.9793434
50.4633331
45.1223526
62.3240280
56.1238136
25.2647209
6.8003469
0.2867538
0.0679187
0.2379959
0.3693112
0.3942944
0.5580006
0.6751161
0.5405281
0.5178260
0.5964250
0.4639944
0.3289038
0.4761004
0.6070545
0.5482968
1.0038654
9.6345749
25.6431770
34.5629807
29.9039097
21.3463840
21.8245125
19.1447697
6.2357979
0.7134761
0.8352149
14.3118801
34.8463135
35.5575714
30.3714104
40.8726387
66.0231018
93.4591522
101.6591492
86.4106598
51.4161720
37.2437820
59.8946419
68.4166260
52.9998016
39.2858925
30.3029251
29.5533752
26.7569313
24.6854782
24.4102631
15.8793440
5.9755387
1.4169623
1.6367049
10.5344505
33.0900536
37.3968277
18.9855156
2.1528580
2.5470595
9.5216045
15.4730158
30.0768013
32.1159096
23.4641075
19.1146164
16.6162262
14.1516399
8.6403084
2.5686312
0.6956106
0.2116489
1.0912744
13.8909626
26.6750679
23.5715561
8.5576963
1.3944209
0.7224765
2.4579923
25.1645985
77.3785095
119.3746719
115.0229950
78.8641281
69.4785004
62.2686386
95.1707153
99.0075073
79.0692978
70.6334839
49.5520554
29.8338890
17.9913521
22.9794998
25.3599987
24.1146755
23.4641228
22.2185593
14.8529224
5.6183538
2.5732260
19.9368973
67.4845200
113.0325012
120.1877747
93.3561172
60.3525772
54.7518768
87.3167725
127.3034363
130.0814819
81.6353302
40.4849319
25.1760578
14.3945589
13.1415682
22.6050854
32.1282005
30.1526966
22.7820225
13.0246668
15.2768850
30.3180466
58.5269623
75.3926315
64.0923996
52.3760071
40.9086761
31.3644886
15.6660118
12.6376829
14.1448317
19.6774120
25.7240868
30.6434975
34.8364792
33.1320877
27.2769718
24.9865208
23.0722580
21.6359634
17.3864765
10.4123602
10.1450968
23.2521420
46.4191437
46.5036278
27.2866211
11.5372362
7.4682055
8.4440660
5.7366185
15.9450026
35.1381721
44.0018082
42.6637077
40.0239830
29.7927818
19.1033211
18.1044731
36.0527115
58.5150642
52.0195084
35.1113014
22.0765610
22.3767014
13.7736225
8.6775131
6.0313358
16.2707787
54.2110596
63.7392006
48.5036812
35.4308395
25.1747818
15.3029652
7.4908228
5.7527285
14.5042448
36.4272728
38.7405243
24.8460712
10.7568808
10.8985834
8.4698572
6.3241243
4.5326395
2.4961181
6.4849777
17.1247406
22.8734055
16.1275749
8.2782564
7.2756438
9.2341976
15.2322922
17.1131725
14.4143963
10.6934261
7.8369083
4.5223351
2.7363620
12.0649662
43.9643707
87.8625336
110.3476791
91.2119522
71.9809723
75.4253387
80.6839371
67.9197845
55.5408630
48.8521576
46.3712196
33.0016022
17.4355431
10.1152029
11.7409534
15.8206978
20.5729237
24.1864376
21.4058037
14.5971422
10.0062771
7.2143288
9.1080055
15.7196083
23.9389820
34.0720558
46.9919586
58.8212090
56.7300568
46.0606422
35.2269135
28.3488884
22.9197845
21.6998978
23.4062424
23.5194798
20.9911747
27.9985867
26.6579475
15.9144106
4.9963875
2.5399354
12.8170986
22.7604980
26.4768848
33.4755287
44.9835815
49.3219681
43.9820595
31.8419514
21.0266132
28.1349068
55.3450050
87.5897675
87.9400787
61.7194748
37.0156631
19.8804512
8.9698582
28.4044495
31.2329464
15.8151245
7.8285832
6.1042418
6.9757485
9.4210358
12.0217762
16.6282997
19.8902740
17.5656033
11.2210064
12.4055691
32.9075317
44.1773529
37.5822372
24.5560093
20.0208874
22.2026787
17.4323063
7.5182886
3.7796235
1.2535006
1.7593236
8.3549099
17.5962963
26.9882984
35.0787163
38.8053207
33.4198189
24.0582638
12.3371878
16.7118073
12.7352953
25.1149979
24.9866753
14.0865059
9.9066086
8.5558376
6.3549261
4.9216819
5.6330686
23.9712620
46.2474251
42.6552353
21.4621449
13.1803808
12.1419497
15.6345062
15.2875385
14.6173830
12.0022326
8.3286343
4.9264784
2.2309835
0.9011954
3.4240038
16.7811737
32.8717194
37.5414238
28.1875114
17.8155689
10.6618061
9.1122684
20.6229076
28.9622917
21.8907547
13.8237400
11.2797976
13.3694620
16.6330853
18.1698742
19.2295132
18.8928127
18.7229271
17.3557968
13.2629843
7.6013622
2.6753206
1.3990672
1.9015646
2.3785002
1.7484379
0.7874796
0.4016308
0.3571544
0.4599434
0.4006063
0.3785202
0.3962360
0.4335985
0.5584446
0.4838697
0.3780038
0.2764315
0.3447238
0.3649272
0.4826472
0.6377384
0.7401049
0.6024123
0.4826801
0.6093415
0.7531885
0.8699288
1.0330174
0.9217117
0.8992853
1.0104659
1.1118445
1.2409328
1.3392218
1.5767872
1.7601817
1.7500782
1.3561968
1.4048866
1.7873979
1.8762478
1.9338063
1.7925522
1.6592953
1.4599016
1.4740175
1.5846367
1.5192904
1.3426912
1.0758274
0.9810305
1.2419807
1.1947349
1.0280442
1.1666250
1.3070616
1.2363460
1.0000741
0.7958137
0.9060150
1.1562730
1.2172245
0.9970760
0.6776288
0.5017392
0.4239466
0.8734993
3.0605977
7.1626410
10.8544102
14.1808777
17.5476189
20.3997288
21.1651192
26.6265945
43.8234024
56.2201767
47.2000542
34.1109810
22.0248337
15.1331682
26.1431999
38.8722496
35.0462608
25.4984779
12.8064356
6.5533643
4.8195386
2.8649364
0.7291061
0.5974926
0.4287947
0.2987072
0.3072515
0.4855447
0.4799814
0.6164500
0.5247433
0.4480379
0.3219455
0.3053002
0.3195838
0.5343287
0.8267421
0.6462521
0.3895570
0.2940668
0.3318542
0.5174428
0.4801741
0.6256268
1.2059450
1.5824790
1.1982372
2.4998016
10.5017357
20.9499702
22.3942604
12.9937506
4.1968379
2.1918867
1.9427629
1.7591540
1.7135220
1.6686841
2.5910258
8.0710068
22.0685444
43.1208572
65.0444031
75.0470428
70.4906235
64.9981766
61.5782547
56.2437439
49.1281052
42.3083153
42.2397118
45.4118843
46.4326553
40.8030167
30.9369411
21.0332222
11.1161871
6.5213294
10.1409302
18.9614506
21.7247486
16.4449596
10.2572927
13.8847303
12.0529442
10.1690989
18.7138138
25.2679710
25.4245472
22.6991234
17.3495502
16.3276253
15.3703175
14.5638790
17.8938866
33.6012459
50.9620934
55.4801598
44.4829407
26.2507133
11.4569340
3.3099694
0.2475902
3.3480055
37.6700974
96.7076416
128.9894409
117.1117325
92.8145676
79.0450439
66.6709137
53.5831985
41.3089676
31.7650604
26.6475906
23.4066868
18.8214207
13.3984623
9.2820683
5.2667241
3.9684718
1.7111243
0.5449553
0.4728106
2.1743455
10.6070328
16.7494049
11.3499613
3.9210699
2.3621643
2.3011315
2.3639922
1.7450510
0.9343216
0.7497491
0.5007028
0.2638751
0.2110046
0.3268121
0.4268211
0.4566804
0.5098575
0.7158063
0.7986539
0.8904718
0.8345053
0.7119783
0.6584079
0.7765728
0.8977578
0.8171955
0.7327892
0.6627784
0.6728802
0.5887734
0.4026628
0.2776205
2.8354473
15.6718559
34.8395462
57.6046219
67.7265091
46.0193672
23.3188095
15.0557251
15.7667961
11.1230373
5.2290673
17.8700371
49.2776756
76.4126892
69.6707840
34.2178040
9.0039978
17.2057915
28.2182541
32.4757156
26.9959793
17.9997349
10.6211596
17.5516300
32.5681381
40.0499611
34.5296440
33.7261238
41.9876022
56.9269905
64.8222733
61.4964600
42.6848412
19.6826153
11.9940052
26.3436584
66.0788879
80.5219345
49.4358978
18.1718178
8.1416569
6.5544391
7.9943705
13.2955866
22.9492607
26.1704521
23.2100296
13.1392450
3.4836645
2.6746657
5.7387385
13.1625881
14.3966045
8.6834354
5.0321183
7.2353773
15.4853716
25.9967651
44.7513695
85.7857895
140.2141266
164.7752075
131.9497681
87.4461365
54.6012764
59.4471474
37.3470993
18.9175625
7.9999180
1.4290060
0.2736014
0.8212733
7.8270273
26.4008026
43.3632202
41.3931427
21.3402290
6.2981968
2.9234271
2.0232501
1.7851108
1.2919314
0.9517721
0.5899404
0.4458221
0.3688599
0.4263558
0.5922529
0.6711177
0.5844549
0.5350460
0.4492949
0.3324665
0.3221330
0.4165522
0.6573126
0.6595207
0.5142589
0.3533953
0.4040869
0.4057553
0.3579884
0.4258393
0.3704840
0.3866474
0.4848036
0.5434810
0.4389753
0.3472074
0.3113841
0.3967773
0.5594500
0.6804996
0.7043136
0.6004984
0.3666790
0.2943333
2.1189284
12.7364025
28.6197796
35.3920097
28.3170986
20.9933891
28.2014389
38.3503151
39.7914543
34.6998444
25.4552650
22.9122696
18.6754780
15.6743507
16.0717812
16.9274426
17.3145447
19.5828953
25.5021286
27.1699982
30.9977226
61.9248352
100.4514923
106.0658264
72.6634827
39.6118965
27.8208065
26.1389580
30.0284481
25.3285713
16.3415661
12.0125494
10.8059702
7.4950628
4.5617347
4.5823622
3.9494705
4.5224361
4.5303216
1.7806574
0.6575389
0.4296911
0.3805586
0.3096920
0.3371035
0.6479047
0.8567369
0.7126325
0.7964410
1.0702472
1.4635893
1.5186628
1.5254593
1.6559722
2.0857482
2.5561924
2.8356917
2.6411552
2.4130678
2.2812154
2.2339532
2.1446667
1.9043024
2.1802814
2.7918272
3.0705242
2.8477843
2.9239793
3.0958512
2.6743350
1.7058585
0.9559816
2.6726794
7.8686395
28.7846985
73.3523254
110.2466812
99.3323593
52.6956024
32.2555542
27.3509026
20.5585155
23.0932693
29.1150513
25.8851147
21.2462311
14.4104805
9.6664972
4.9858913
3.4639015
9.6034985
16.5556469
20.1659718
29.6184769
45.9683990
59.2021446
58.6334953
52.7958870
58.8936539
55.2346497
41.7744751
29.3597870
22.5756969
24.3738937
33.5735703
42.5798264
42.6781578
30.4946480
15.3200836
4.7355399
1.4442401
0.3935984
0.4399951
1.7015384
4.1090846
3.8092368
2.9202867
2.0210817
1.4194584
1.2805088
1.4708091
1.3812048
1.1592041
0.8471678
0.7218395
0.8119516
0.8886534
0.7402868
0.4750820
0.3274596
0.2576188
0.4007729
0.5346029
0.4982113
0.5081010
0.5136733
0.4026726
0.2980317
0.3054973
0.3156815
0.5703211
0.7915447
0.6697468
0.4552813
0.4678707
0.5383512
0.6135877
0.4961423
0.9271506
5.8748522
18.8761559
40.5723457
53.9638824
42.1077881
20.4552956
15.0674324
41.7231026
109.6733246
167.3612518
174.7300415
139.8994904
94.0073853
51.2532349
23.1935806
6.4364796
2.6551726
4.8300729
30.2883186
71.2770844
99.3079987
97.2531281
75.5494308
61.0827866
53.9421883
47.7926674
54.6155167
86.0142746
125.7917709
153.8667603
138.6379242
89.9874420
36.6886330
20.6118317
32.0212059
22.8558998
17.9831276
14.9647598
9.5763092
29.0930882
42.9658241
47.1710167
71.2661057
109.6797333
123.8285446
93.3279419
55.6209869
19.6623287
17.6316872
28.8689766
33.4029999
23.9835606
10.7341022
7.6319513
2.4019432
9.9274168
47.3052940
78.7789612
72.6414642
46.7711105
49.6426506
78.4424515
122.2293625
164.3390656
174.0958405
133.8100891
107.2103958
109.6567688
114.6613159
80.2488098
42.7002945
23.9816551
15.1525249
32.3292580
34.2703552
18.5214233
3.8251336
0.3612653
6.1166368
31.6676540
57.4164124
57.5099869
38.3572464
31.9258728
32.5748405
33.9190216
35.5712624
39.8068237
48.4554596
48.5988579
56.0624084
83.0597916
101.5611115
101.1476593
83.6518860
71.0015259
64.7071686
156.2469177
164.0841370
152.8166504
127.4443817
91.6588898
55.0579567
29.3959351
14.0859623
19.4717350
27.8081551
21.1761532
10.2898216
6.8868055
6.4795461
8.3959293
5.9882431
2.5203905
1.1066109
0.5222257
0.4945650
0.3251481
0.2099661
0.3467247
0.6522440
0.9512867
1.1466503
1.1830747
1.2573856
1.0948443
0.7825314
0.7409252
0.9755152
1.0941889
1.0297639
0.8149756
0.7096612
0.5812418
0.5731619
0.7835456
0.6426628
1.1427145
3.6610243
16.2971020
48.8820343
83.5353394
85.6203842
54.0979652
27.1257629
18.8145599
24.8777103
27.1943893
18.9361420
9.9296923
6.5981698
5.6867547
10.4004498
19.2767563
21.2925339
17.5130539
17.0027714
39.9028931
80.3123322
99.2184448
91.6241150
74.9142075
65.9030228
58.9022141
48.5642548
25.8035297
6.3074431
7.2508106
13.3132248
39.7483482
44.2394371
24.7700081
10.6541233
10.7421255
17.9367924
25.5054893
24.0622826
16.9137573
19.5057449
20.5136223
13.7471466
7.9712543
4.7964883
4.3792257
4.6442080
6.3757062
10.0339003
16.3407784
21.5574913
28.1349659
36.4742012
39.2507172
33.5729485
25.6101665
28.2888317
43.0201187
46.8682785
36.0279503
23.8640194
14.1693411
5.7748199
6.4786839
25.4861107
55.7098160
62.6476135
40.2418556
14.7245226
4.2367668
0.7409791
0.2115272
3.2301588
18.3895645
26.8960495
16.7525997
6.7333412
8.5195618
12.8754930
13.9448299
10.0623465
9.4862804
16.3380928
33.1842499
42.6206894
31.0074139
11.8725595
8.6915197
7.7487893
2.7424612
0.3969451
0.4381942
4.4124193
18.0541821
27.6966267
25.5545311
20.4057693
29.2984619
43.7978630
41.8563004
26.4175472
15.4435806
19.3530865
20.4904289
12.6570387
5.4020729
6.3305049
9.1104460
9.4907732
8.9826975
9.4847631
11.5178328
13.2507496
12.8477240
11.2343397
9.8763227
9.7219505
8.8289165
6.3170204
3.2242382
1.5825849
1.4502764
1.1953206
0.6843035
0.3354493
0.3394788
0.3915931
0.3804323
0.3860221
0.5785649
0.8160220
0.8968822
0.9057657
0.9233891
0.9495481
0.8922464
0.7746825
0.8881028
1.0520537
0.9446543
0.5889160
0.3610412
0.3498107
0.4522489
0.6058277
7.2369046
23.8222008
35.3864059
30.3827667
17.2880611
14.6367645
13.0214195
9.3607750
4.1413951
0.2761413
0.1818480
0.2241456
0.3154594
0.4261241
0.4498084
0.4327539
0.4683931
0.4346464
4.7380428
39.6011391
102.3663483
141.3293457
122.3350296
65.2364273
39.1609421
50.2933731
64.3240738
85.8010788
113.8636627
115.0156860
96.4698486
59.4191208
25.2718716
9.8716879
3.2067485
16.0248089
55.0419807
67.9821167
56.2498779
51.9687805
38.6711884
16.5044498
6.7607632
28.1631680
86.8872070
121.7882919
85.5091171
57.9960938
52.0746193
44.3943520
25.5979252
20.2876568
25.8072281
20.4897099
6.6539526
7.6117120
1.6382780
1.6921707
6.4382653
14.7332973
20.4811783
23.4103279
18.5246258
9.3691187
8.1692190
16.4577255
20.5561638
13.4926758
15.0351219
14.9830942
13.3079004
12.9449587
17.5495300
23.9532928
25.9894142
30.9046669
48.1952095
57.9475937
45.0499420
26.7197838
20.6112270
23.7553520
29.3476257
26.9742851
26.1565952
33.8803596
26.8556042
14.8354797
8.3646421
4.3727779
1.1451759
0.3896877
0.8456327
5.1342473
12.3141499
15.4931860
12.7968159
7.4405136
3.5251906
2.1531963
1.4554483
0.9968258
0.7009834
0.4404184
0.2012175
0.3161851
0.5246458
0.6273143
0.3834190
0.3785035
0.5761091
0.6702626
0.8082136
1.1744554
1.5158817
1.5987059
1.7348236
2.1517766
2.7318647
3.2263217
3.5174539
3.7500539
3.9237018
3.8739357
3.5565603
2.4410212
1.1751112
7.1854091
41.2929306
88.4788437
100.7123947
61.9473572
22.2918472
17.7395782
25.4830608
37.0668182
24.6460819
13.3427200
7.5367451
0.8616638
3.4596620
14.1642494
24.9341049
39.4366379
64.8945084
96.5443039
111.6663895
100.9478302
73.7938995
42.9539413
20.4014606
28.4639664
19.3013039
9.7170181
16.1095619
26.4912930
30.7372093
30.1523361
30.4482765
35.7720528
54.1653442
83.7080841
101.9583282
94.1334076
68.4929199
51.9035187
56.4487572
50.3109741
29.8245144
21.8093624
29.0734825
53.8882027
81.4299088
94.7474899
87.1976700
57.3766251
30.5402679
34.5197792
49.9470062
54.2011528
32.7833023
18.1394863
10.7280798
13.9043646
12.9437037
9.5130100
4.4536119
4.6262197
22.8425102
43.5852890
80.5167084
122.6247025
137.4279022
112.4383316
76.2667236
51.4623985
37.5743332
19.5786209
40.1314545
48.3358536
23.1667671
14.0778446
14.2404957
25.7950726
29.4812107
20.3901424
21.9919128
21.3648682
14.7802258
12.0695543
19.6954079
12.4166775
6.8309784
16.2757416
15.1854362
9.3336124
3.2098582
4.7357087
6.7917633
9.3006325
5.0308294
0.8046169
0.2669535
1.2410449
4.3923378
6.2160110
5.5443349
4.3858366
3.5977767
3.3969078
3.1869044
3.0311809
3.1092973
3.5453393
4.3209829
4.9501581
4.2661014
2.7111590
1.7081914
0.9306013
5.2812734
30.6439514
62.5070152
67.9905853
50.7132530
30.7120304
18.5837917
15.1097488
28.9556789
38.7172241
34.0905304
24.6440239
20.2223988
17.4022522
10.6587620
13.8231525
27.0889549
45.2110786
67.8007126
104.2997894
139.2009430
139.8910217
109.3763580
70.0328751
39.8556595
55.1607208
27.4110928
21.7250519
45.0260849
67.3514786
38.8531685
31.1785622
44.6526718
46.5245590
56.0178223
80.7970505
95.8055725
71.5863495
36.1115112
31.8299313
38.6083603
40.4339752
24.3677330
14.8789415
6.0381255
5.2611170
5.3715315
7.4767160
14.1005011
14.1863461
10.3415146
6.6781139
2.9980268
7.2440042
19.5199623
49.7491417
90.1333466
111.4394913
98.1793671
66.6110001
46.0683250
33.7411118
30.8904934
38.5387878
40.0106506
27.7870140
27.1817913
47.5844345
67.2782135
84.3283463
78.4216919
65.3870087
55.4259605
38.1480331
15.0213299
7.0020442
11.1365232
18.5636768
21.3920155
13.2035275
3.5245728
0.9966637
0.2583043
1.6973324
25.1160202
65.9359894
85.2785492
73.5772247
52.0808258
37.4097595
33.9770203
59.3706818
60.3742256
50.9316826
45.1341782
45.9889717
44.7835426
39.6154366
45.7547264
54.4237137
59.7970200
54.4012566
47.3870659
35.5365219
19.2159901
11.1174717
13.2656822
8.8451872
3.4441590
1.9218740
1.4411356
0.8378982
0.3083016
0.3232027
0.3693153
0.4486904
0.7817606
1.1053714
1.2978816
1.3162030
1.3252028
1.2252169
1.0515528
0.9977124
1.3249276
1.5276031
1.2666129
1.1057429
0.8726451
0.7422813
0.6180015
0.6598002
0.8954291
1.1544186
0.8737484
0.6218568
0.5935104
0.6277626
0.4951650
0.4113122
0.4378058
0.5828479
0.6757087
0.8010936
0.8551780
0.5822747
0.4789915
0.3722759
0.3664896
0.3529621
0.3580726
0.5110162
0.5858830
0.6812230
0.6015217
0.5008216
0.4032345
0.3944328
0.4351055
0.4783572
0.9951630
1.5344471
3.0342512
7.8902793
13.8747225
15.2661524
10.7533779
5.7887878
3.3511562
2.0338197
3.5960631
7.1914554
20.4680176
40.1375732
51.7416840
54.0747223
53.6307755
51.4310760
50.4530563
49.4202271
49.3948135
46.8675003
36.3488235
20.8989677
11.2789907
8.4846516
6.8983164
8.4189196
15.0441256
12.4935017
10.3235292
6.6525459
4.2234364
2.9833786
2.7243798
2.3702922
1.6834770
1.5368891
1.4206221
1.3358340
1.7122535
1.6806167
1.2797608
0.8132428
0.5538830
0.6776377
0.8159710
0.6631541
0.3350063
0.1934502
0.2367648
0.5289428
0.5437413
0.4207923
0.5440514
0.4700838
0.4117789
0.4698637
0.5838488
0.5349171
0.4726109
0.6146090
0.5220747
0.3534001
0.3233973
0.3990832
0.3951323
0.3520910
0.4278292
0.5046954
0.6316550
0.7515128
0.5992789
0.3767048
0.3371252
0.4434849
0.4537098
0.4527722
0.4117026
0.4589091
0.5513817
0.5778975
0.6875587
0.6988747
0.5576524
1.0248135
2.2974002
6.6539612
16.4977036
25.5249996
24.9799786
16.7850056
9.4732208
4.2755461
4.0458341
10.6558075
19.4414406
19.7260857
16.5201511
12.1852264
8.8129673
7.0543661
4.6949129
6.1239047
14.4669437
24.1172752
26.4097080
20.4870300
12.1076851
9.8104010
14.4025278
18.2468700
16.8052692
9.1592035
2.9831626
2.2219436
8.7814627
24.4233303
32.0887871
24.2500858
11.3522539
11.2094212
18.7761707
19.6359482
12.7321892
6.1774192
2.7501206
1.6066289
5.3338833
12.2424603
9.6918373
5.5689955
3.4323115
3.6085489
3.2078700
4.4384990
9.6107922
15.5314751
14.1779051
9.9882002
7.5924754
7.9642701
6.2395301
1.7040682
1.4795321
2.8382981
2.2962680
3.3875983
6.1568708
7.4100776
5.8283062
3.3315115
4.5756702
7.4210877
7.3113523
2.9670818
0.9402649
0.9142550
1.0528666
1.0598495
0.7398767
0.4740491
0.4065130
0.3053164
0.2619953
0.2415402
0.3893203
0.6031820
0.6540908
0.5161160
0.5582481
0.3915703
0.2907687
0.3521718
0.5051573
0.6781671
0.5442181
0.3644415
0.2838805
0.2780510
0.3359126
0.4077190
0.4549187
0.4422148
0.4343286
0.4568902
0.4482512
0.3445067
0.2954701
0.4706483
0.6949570
0.6241746
0.4294274
0.3584849
0.3430741
0.2726882
0.3694871
0.4294259
0.6789227
0.8391844
0.7520436
0.7586205
0.8308392
0.9540406
0.8744928
0.7039793
0.7550881
0.6156734
0.5535775
0.5463388
0.5712163
0.4867739
0.4431862
0.4230052
0.5353377
0.4663507
0.3230290
0.4309698
0.8185600
4.9187841
14.7100544
22.5175591
22.4352207
17.3099842
14.0435057
12.7701378
12.3958797
13.9062910
15.3651667
15.2229548
10.0597448
5.6892338
5.5420485
17.5370483
58.1895752
98.0034409
90.7924576
50.3667564
23.8212013
15.8126259
13.0293188
14.0391302
15.8296890
28.2083321
37.5354996
27.3631477
14.9820137
13.6218834
11.5896626
10.2190437
6.8532643
12.2327776
43.5197792
77.8809967
78.5359650
66.2722626
63.6465378
72.1278915
78.6082458
72.1274567
44.5784645
22.0284557
28.4040756
35.1830978
39.7194672
42.8136559
39.5111122
28.9918690
16.6245518
9.6805449
8.7339869
7.6126013
7.6013336
28.2822132
41.8547554
41.7099380
28.7197895
14.8409119
7.6310744
7.9454336
16.2129021
17.4584522
12.9875546
9.8321753
3.5541883
8.3561354
28.7484188
51.9131279
45.1597710
27.8644352
15.7999096
13.7815323
7.2857704
5.3813148
11.3224249
10.1893148
6.6174273
13.3642902
21.3494492
24.3929348
20.6859951
13.6334381
9.2371063
7.0423250
9.7780275
14.4454088
17.7999573
14.9670830
10.1893749
6.6027293
4.1302328
11.3125944
14.8561039
15.7020836
16.0025253
14.6606331
16.6798801
19.8746910
14.8731041
13.4713135
15.9564276
17.1636581
12.6667109
8.0874615
4.8423724
2.8810043
4.8966460
10.0280905
13.7898989
7.7726989
1.0418839
0.2705497
1.6473739
4.7543235
7.5189314
13.9663286
23.7665005
29.6806164
28.5190411
27.6063595
23.9844704
19.7082291
17.1931343
16.5285168
13.4178076
12.4176626
6.3028774
6.9608579
10.2697830
13.6493320
16.1634083
18.4309807
19.2985840
18.1967392
14.7801380
11.3355999
11.0841112
10.9752665
8.8237629
6.9438410
6.4513974
5.2219300
3.2745709
1.4695516
0.8235471
0.4979536
0.4525197
0.5175744
0.3454803
0.2760827
0.3186797
0.5180375
0.4863974
0.4315992
0.5316288
0.6648145
0.7421669
0.6322072
0.4659040
0.3648345
0.3496325
0.4346956
0.5452888
0.5255436
0.5063379
0.4069029
0.3889961
0.3729014
0.4262726
0.5975478
0.5410534
0.4372773
0.3459372
0.5371521
0.6641716
0.5603860
0.5823206
0.4008863
0.2823658
0.3044431
0.4346508
0.6539438
0.5786601
0.4531322
0.4008583
0.3595136
0.3930162
0.4058684
0.4207884
0.3957624
0.4960130
0.5330250
0.4483477
0.3909285
0.4062445
0.3849420
0.5062032
0.5354919
0.4121854
0.3260157
0.3967010
0.3790723
0.4428781
0.4499261
0.3751215
0.4176186
0.6179012
0.5197766
0.4295224
0.4054662
0.4856225
0.5236286
0.5408008
0.3723229
0.4176485
0.4596386
0.4883291
0.2861152
0.3895320
0.3595454
0.4229695
0.4812770
0.4069324
0.4894358
0.4359314
0.4164833
0.3148697
0.3265262
0.3601841
0.3229445
0.4822101
1.2382777
1.9885991
1.4740452
0.4827544
0.5464599
1.7293140
12.8230896
34.9397697
49.7253036
41.2253036
18.6376572
6.4899945
7.8858261
14.2554083
15.5140686
10.2387199
5.2322068
7.9981742
14.6572800
20.9441738
26.3403149
25.2203674
16.0444431
8.7590504
5.9644418
2.3169508
1.2850449
2.3247664
9.7326088
19.9505615
20.3516827
13.7610912
9.0328102
7.5411921
8.1136122
4.6961961
3.4946661
9.0514755
16.4993839
16.4197826
15.7991848
19.8148594
16.8416824
10.3930416
5.9116755
3.3072190
2.6369660
7.8366199
14.2509117
20.4445095
19.3920956
15.1764288
12.0196667
9.2084513
5.8001847
3.8969331
2.9246297
2.2381401
1.4290328
0.9436878
0.6383494
0.2532436
0.3514488
0.4558598
0.5486818
0.4420563
0.3965368
0.3332549
0.4270038
0.5480860
0.5760240
0.5028378
0.5075727
0.5337874
0.6658158
3.0927448
10.0398273
16.1890659
15.1668367
9.5429268
6.0040216
5.0376554
4.8573427
4.0645356
3.4963410
5.4002991
16.2943077
30.9734554
43.8521461
48.1351204
39.0306587
20.4097595
10.8548441
18.7383842
20.5607166
15.0570517
5.3361120
1.5016652
2.9077575
25.2419548
58.3070984
70.1835327
53.4037514
37.5331650
26.7350178
18.1284122
13.4066772
5.0349069
3.9571643
10.4333467
22.3526211
24.9729996
15.1490440
9.3728542
7.9635577
10.6201172
12.3873367
9.8431692
7.0066051
6.2844481
6.0241885
6.3207374
15.8922596
28.2593365
29.2803650
19.3214245
11.6269398
5.4550424
2.7150874
7.8947635
9.1734161
5.2518725
3.1126497
2.4153121
3.6613348
4.7312374
4.1895642
3.1239650
2.4414790
2.4820399
2.3797882
2.0202715
1.5891633
1.1469272
0.7601728
0.6037158
0.5860707
0.4264839
0.3621354
0.4341624
0.4392391
0.4911404
0.5362220
0.4797012
0.5644267
0.8716971
1.1513696
1.0610745
1.1200465
1.3957390
1.5367565
1.4653761
1.5490476
1.8023233
1.9894358
1.9471917
1.8976289
1.5765535
1.3227892
1.4467621
1.7355913
1.9757233
1.7468539
1.5512972
1.4374995
1.4848430
1.1775423
1.0788602
1.1241899
1.0291773
0.9323243
0.9129626
0.7272018
0.6643168
0.6553063
0.6779183
0.5321090
0.5083645
0.5576385
0.6721471
0.5525098
0.4056610
0.4278573
0.5466015
0.7181890
0.5791395
0.4300963
0.5479057
0.6313095
0.6278387
0.5232322
0.4174356
0.4127449
1.0547080
11.3388214
33.2058334
48.3964920
43.1744003
24.4011192
16.4934540
16.3498878
20.7782288
40.6157990
72.0847244
95.6484146
96.9569244
71.6523819
39.8420105
41.6198730
76.9570084
100.5112991
73.8191376
40.3696289
24.0848942
25.9972172
22.8638229
12.4781847
18.8748913
41.3520927
68.7027130
58.7374649
39.6767387
32.2645493
35.5375252
21.7029381
4.6223946
0.3068705
1.9486046
13.0075731
54.3479919
95.3718491
103.6616058
89.2347412
77.4357529
65.5918350
51.1723633
50.3435020
65.5445023
70.6962967
61.1812401
30.4044819
3.6985393
0.4297147
6.3924656
78.8956223
145.6555786
115.8061981
70.5552444
41.8248024
23.9779129
33.0608482
65.9054489
88.8525085
66.6126328
39.0631485
36.1639519
34.4084778
26.3346729
21.9756889
19.2329617
15.4006443
14.5430079
16.2986526
28.4080620
42.5415344
43.2645149
32.0900230
25.9223785
26.2978439
36.7117233
30.9982033
21.7813568
35.7169037
54.7022858
82.8881989
107.7350845
121.2542038
120.1107330
104.3820114
84.5248032
62.7538071
39.3852043
17.7714386
32.3611107
28.8221207
6.3384972
0.4136077
1.9275730
12.6383324
29.5871391
36.6718712
30.3236198
21.2478924
17.1652279
13.5346994
10.8759060
7.9074645
7.0164380
5.6677856
4.2211666
4.3859863
4.3727012
2.8911433
1.3897126
0.9522309
0.8485094
0.7254347
0.7723678
0.7043782
0.6977835
0.8941060
1.0481075
0.9409367
0.7082216
0.4936214
0.3853356
0.3923246
0.4714622
0.3677512
0.4046619
0.4264627
0.5081052
0.5499129
0.4049662
1.3049490
8.2321939
21.0699615
28.7365513
21.4352417
5.1582603
0.5085204
3.2452254
14.9697790
30.4143944
39.8844032
40.4616776
31.2919903
15.6575232
4.1925955
0.9827653
0.2904179
0.5204750
2.5310540
3.3206863
0.6277261
2.0139830
22.4609032
60.8443451
83.6656418
77.0445404
54.4100266
42.5114822
22.9265327
22.4546528
31.7612915
26.2722225
13.6318455
5.1796961
2.5212932
1.3873484
0.5253787
0.2746130
1.6027836
8.9509096
24.5452805
41.0552711
54.0463409
49.5056801
26.8691444
7.6871853
11.6616774
29.2654591
43.9658203
40.3712959
35.8649330
37.1269341
54.5492325
55.5956383
40.3757477
28.7429581
18.9832916
8.7588205
2.1242881
2.8993917
1.6612420
0.2782516
0.1473723
0.2363130
0.4365360
4.7675238
20.4522514
42.1614914
59.5719070
60.9183235
43.2223015
26.2373352
11.7692299
3.5919175
10.7065983
36.6831169
68.0373764
70.7215958
47.6887779
22.3250446
15.3878689
16.6597118
14.2149811
12.4999523
9.9651451
20.4616470
21.5745392
13.7382441
11.3472157
13.3493185
13.2167721
10.3999338
12.0185986
17.2528095
16.5471916
8.8243227
9.1634922
12.5111895
13.9852209
21.6121464
28.3992882
28.7755585
25.8911934
22.8033638
16.7966290
11.9598885
11.1132841
11.1432161
8.4357786
6.6644216
10.8622646
11.0573339
9.3007126
8.5893707
7.9383373
5.9937377
5.5008826
4.8014078
3.5817413
3.0857596
1.7457080
1.0813080
1.3348716
4.0255146
4.8449216
4.0696392
3.0433965
7.3651052
16.7732601
22.1420116
20.1332130
17.4550686
16.6782398
17.6954193
16.9054508
11.6836929
11.5092678
16.0104752
19.7292480
21.5389996
13.1176758
2.2362025
2.1097422
9.9694281
29.5605736
44.2575569
38.0739594
20.7133884
11.6732292
14.9645777
13.9651966
10.0323782
4.9433093
1.5651742
3.8584878
21.6201611
47.1485329
65.0080032
64.6646652
47.7271690
27.9238014
9.0412312
2.0186188
3.6299500
18.5874119
34.4081802
30.2988281
19.6689339
14.9652147
14.3594675
13.2443428
10.8680305
6.8366432
4.0233421
4.2860241
5.5058408
11.8167391
29.1772976
45.7628822
46.9885635
39.9090080
26.5934391
16.0567455
4.0575948
0.9967993
0.1853743
1.2649012
10.1668882
27.1692905
31.7276382
22.6081295
8.1557646
3.6071055
3.3479981
8.3194036
16.4749775
18.1647930
12.7608223
7.3524170
5.6117511
3.9205785
2.8065298
5.8819752
17.6218185
33.9448509
40.5524216
32.4263191
21.1301575
15.2873831
19.5180874
17.3263855
8.4472342
1.6372253
2.4767785
13.3573599
26.5912132
27.6305237
17.6456604
6.5865335
2.1964591
0.5093862
4.0831513
11.1879902
10.8512278
3.7476144
3.2015440
10.9353952
24.0486031
32.3993301
34.6989136
30.1719170
22.9504852
18.6811047
29.8678284
25.3070602
15.4670267
9.8949757
7.5965028
5.3629923
3.0658801
1.6010121
0.8029872
0.9132957
1.2035213
1.3360761
1.0054275
0.7971830
0.7277240
0.5434215
0.7696412
0.6929921
0.6088488
0.5205902
0.5558945
0.4960286
0.4487949
1.6985257
8.0118093
16.3000832
18.9567547
15.9460430
14.1530457
13.8700209
14.2502918
15.3329773
18.9306316
22.9241295
24.7574692
20.5963230
13.3050594
8.9579201
7.4675131
11.1319513
30.3296299
43.1789398
31.4384804
12.5315142
8.6639204
8.8059092
11.5882263
34.9807930
70.9497681
74.4036484
57.1914482
37.9523735
27.7394676
25.4965000
17.4455185
4.4333382
0.3451702
5.2164621
31.1325645
65.3231354
59.9349442
38.4041443
22.9180374
20.0093918
16.8134918
17.0158100
17.1764412
16.4581184
34.5287590
24.9833374
13.0057955
9.6024332
7.7095819
2.4647560
1.3134475
3.0577736
4.5724583
3.2295926
0.7889429
0.4211325
0.2429363
0.3117091
0.3711295
0.2783588
0.2981809
0.3886262
0.6085758
0.4936905
0.4697918
0.5394915
0.5211855
0.5460771
0.5119332
0.6541066
0.6715395
0.6616759
0.5686268
0.6654718
0.6544238
0.6950189
0.5308133
0.3591147
0.3370881
0.3070394
0.4397249
0.5268782
0.5010922
0.7234740
4.3799372
22.6943855
50.1185036
70.9510117
80.2585449
72.0709991
47.8221893
26.7890511
16.1586342
3.9813838
4.7055593
27.8102436
65.0759964
80.5165939
63.2300949
49.7607994
42.2894936
32.2966537
19.0642281
17.3071823
20.7886505
25.1445141
22.7765293
16.9872398
13.0555830
6.7833290
5.1256418
8.4822073
14.3894663
21.6848259
23.5072784
17.7279682
10.9794731
6.9472427
6.3714104
7.4001341
3.7757027
0.5763627
0.4170632
0.3684484
0.3597611
0.2858380
0.4009733
0.6858431
0.5924063
0.4810818
0.4227961
0.4359927
0.4377223
0.4405034
0.5312032
0.6060510
0.9098861
1.1096754
1.2423966
1.3799977
1.7734200
2.7224207
3.4024382
3.4580822
3.2688131
3.6694520
4.4645615
5.7692537
7.4484515
8.6704159
8.9322405
8.4775238
8.4355621
7.9147835
7.5073643
6.8190651
6.3641891
6.6976357
6.9614916
5.9308720
5.1772394
4.0667763
3.4866271
2.8682680
2.5016546
2.2316666
1.9202510
1.5382676
0.9245853
0.5264222
1.6785908
12.1675501
32.9102058
50.0908661
48.1043739
31.5495739
15.7944231
13.7358484
16.0200806
18.6149120
49.3152237
94.0543442
109.4695740
90.0932465
49.8425903
20.7467308
11.2231951
4.5051055
7.2466702
82.8778458
192.1884918
183.9863586
107.4424515
70.1701050
70.5906601
86.4236221
99.7264481
91.2399597
63.5405617
29.0979900
11.6032887
1.3450592
0.8021635
1.3661860
1.2155257
19.0236950
79.3826599
138.1428070
139.8945770
97.3461227
57.1862030
29.1772556
11.2225742
6.3725495
11.7808361
32.9161644
36.5514870
27.6786461
16.4844933
28.5203819
45.1277885
63.4406929
81.4572983
75.5475159
61.7643929
59.3966217
57.6549149
69.3234100
54.9284096
41.9749985
30.1085911
14.8646107
6.8748960
2.0414655
0.6853669
0.3605211
0.6912924
0.9803578
1.3193172
1.7479262
2.0734184
1.4660404
1.2521052
1.1991212
1.3785586
1.1900388
0.6464968
0.4970747
0.4735367
0.5666006
0.5407689
0.8776664
0.6108449
0.3911604
0.2749100
0.3195696
0.5249491
0.6773447
0.7920558
0.7576255
0.6235336
0.7400131
0.8979011
0.6760062
0.5025561
0.4627556
0.4149926
0.5746981
0.7210616
0.7276119
0.4250218
0.3031770
0.3458018
0.5167528
0.5963112
0.5993376
0.6919270
0.6475414
0.5659946
0.4224230
0.4056165
0.6816581
0.7128265
0.5079058
0.3967026
0.5019941
0.7829312
0.6831972
0.4329122
0.4683828
0.5023782
0.6386504
0.6821795
0.8636149
1.0333394
0.9891073
0.6101830
0.2810353
0.4232354
0.4803005
0.4591738
0.5493922
0.6254569
0.4069359
0.5571674
0.7195171
0.8338434
0.8177297
0.6710888
0.4102523
1.7336204
20.1107025
76.9021835
138.6995697
144.4629822
80.3867416
24.4968681
2.8655653
0.4532161
4.2747407
13.5382347
18.1125355
21.4361362
22.8278084
31.0283318
47.4647942
67.3955536
73.7438202
51.3272629
15.8105841
1.2476368
2.7021408
13.9448318
26.0416412
42.7035294
69.4720688
94.7864456
94.9393539
60.3472710
27.7390175
7.5449843
1.5904020
0.2387286
5.9151635
63.6047783
139.2299957
150.5152740
99.0145721
50.5617638
23.0175247
13.6766491
9.5611305
2.8675256
4.8494253
14.0838633
26.6054611
23.0712528
8.9728794
0.8990348
0.7538731
3.8634620
19.1318092
44.9259491
49.3604736
31.5216923
11.0515814
5.1690488
0.6279991
2.7542694
23.9527626
49.8437157
49.9583931
34.6944847
24.6155434
17.9617462
10.8614960
14.9385023
33.3234367
56.6946602
51.8948975
26.7237549
5.9912252
3.4223902
12.3789959
25.2172890
28.8762817
30.0320396
48.1602135
64.9580841
58.7487755
37.4502602
17.8048458
12.9970131
10.8250961
21.1318207
47.1663551
75.0552216
75.0742111
58.6467361
31.5308838
10.8884697
3.6150887
1.5965543
3.7542157
5.7844009
4.2549934
4.1502137
14.9971838
27.5624294
32.5488167
44.2969513
64.5975189
77.6563263
72.6269531
59.6951675
50.3999138
42.3973351
73.7400665
69.3458633
50.6844826
27.3250885
8.0282793
1.0951091
1.2266426
6.9854240
21.8781452
14.3906097
7.6306868
3.4092171
2.8640745
2.7257209
2.7721329
1.7560952
2.7432551
11.5294342
23.2012444
25.6417084
18.9967918
14.5468187
19.7099991
25.9077187
26.9227028
22.3657551
18.3933926
14.4439545
14.7326374
40.7806854
42.9744225
38.5711975
33.9194527
27.0940723
25.7757645
35.5539284
39.6374016
36.4614334
25.9938831
14.6334858
7.2181144
4.8387794
4.5932150
4.1682391
1.9060928
1.8308892
3.4316368
7.0235062
18.4524403
30.8157806
30.6441174
21.8283348
15.5605392
11.4469690
9.3968811
9.2032585
6.7065387
4.6375451
5.1848245
5.8287501
5.4393477
4.7070870
3.9887106
2.3033988
1.9868634
2.9351466
3.7250328
3.6746402
2.8011746
1.8677522
3.2052343
6.8564773
9.8636446
8.7137718
6.4210935
4.6672277
3.2517965
2.2418416
1.5892591
1.1758630
0.9130327
0.9034045
0.7362003
0.6193014
0.6904503
1.0031760
1.1298027
0.8847996
0.5653893
0.4365414
0.5430681
0.6104251
0.6087320
0.5268847
0.6362281
0.8447849
0.7849437
0.5642812
0.5429020
0.5272133
0.4414470
0.3997548
0.4222345
0.6462851
0.4336948
0.3426337
0.1900516
0.0862868
0.0051068
0.0009933
0.0000000
0.0000000
0.0000000
0.0000000
0.0000000
0.0000000
0.0000000
0.0000000
0.0000000
0.0000000
0.0000000
0.0000000
0.0000000
0.0000000
0.0000000
0.0000000
0.0000000
0.0000000
0.0000000
0.0000000
0.0000000
0.0000000
0.0000000
0.0000000
0.0000000
0.0000000
0.0000000
0.0000000
0.0000000
0.0000000
0.0000000
0.0000000
0.0000000
0.0000000
0.0000000
0.0000000
0.0000000
0.0000000
0.0000000
0.0000000
0.0000000
0.0000000
0.0000000
0.0000000
0.0000000
0.0000000
0.0000000
0.0000000
0.0000000
0.0000000
0.0000000
0.0000000
0.0000000
0.0000000
0.0000000
0.0000000
0.0000000
0.0000000
0.0000000
0.0000000
0.0000000
0.0000000
0.0000000
0.0000000
0.0000000
0.0000000
0.0000000
0.0000000
0.0000000
0.0000000
0.0000000
0.0000000
0.0000000
0.0000000
0.0000000
0.0000000
0.0000000
0.0000000
0.0000000
0.0000000
0.0000000
0.0000000
0.0000000
0.0000000
0.0000000
0.0000000
0.0000000
0.0000000
0.0000000
0.0000000
0.0000000
0.0000000
0.0000000
0.0000000
0.0000000
0.0000000
0.0000000
0.0000000
0.0000000
0.0000000
0.0000000
0.0000000
0.0000000
0.0000000
0.0000000
0.0000000
0.0000000
0.0000000
0.0000000
0.0000000
0.0000000
0.0000000
0.0000000
0.0000000
0.0000000
0.0000000
0.0000000
0.0000000
0.0000000
0.0000000
0.0000000
0.0000000
0.0000000
0.0000000
0.0000000
0.0000000
0.0000000
0.0000000
0.0000000
0.0000000
0.0000000
0.0000000
0.0000000
0.0000000
0.0000000
0.0000000
0.0000000
0.0000000
0.0000000
0.0000000
0.0000000
0.0000000
0.0000000
0.0000000
0.0000000
0.0000000
0.0000000
0.0000000
0.0000000
0.0000000
0.0000000
0.0000000
0.0000000
0.0000000
0.0000000
0.0000000
0.0000000
0.0000000
0.0000000
0.0000000
0.0000000
0.0000000
0.0000000
0.0000000
0.0000000
0.0000000
0.0000000
0.0000000
0.0000000
0.0000000
0.0000000
0.0000000
0.0000000
0.0000000
0.0000000
0.0000000
0.0000000
0.0000000
0.0000000
0.0000000
0.0000000
0.0000000
0.0000000
0.0000000
0.0000000
0.0000000
0.0000000
0.0000000
0.0000000
0.0000000
0.0000000
0.0000000
0.0000000
0.0000000
0.0000000
0.0000000
0.0000000
0.0000000
0.0000000
0.0000000
0.0000000
0.0000000
0.0000000
0.0000000
0.0000000
0.0000000
0.0000000
0.0000000
0.0000000
0.0000000
0.0000000
0.0000000
0.0000000
0.0000000
0.0000000
0.0000000
0.0000000
0.0000000
0.0000000
0.0000000
0.0000000
0.0000000
0.0000000
0.0000000
0.0000000
0.0000000
0.0000000
0.0000000
0.0000000
0.0000000
0.0000000
0.0000000
0.0000000
0.0000000
0.0000000
0.0000000
0.0000000
0.0000000
0.0000000
0.0000000
0.0000000
0.0000000
0.0000000
0.0000000
0.0000000
0.0000000
0.0000000
0.0000000
0.0000000
0.0000000
0.0000000
0.0000000
0.0000000
0.0000000
0.0000000
0.0000000
0.0000000
0.0000000
0.0000000
0.0000000
0.0000000
0.0000000
0.0000000
0.0000000
0.0000000
0.0000000
0.0000000
0.0000000
0.0000000
0.0000000
0.0000000
0.0000000
0.0000000
0.0000000
0.0000000
0.0000000
0.0000000
0.0000000
0.0000000
0.0000000
0.0000000
0.0000000
0.0000000
0.0000000
0.0000000
0.0000000
0.0000000
0.0000000
0.0000000
0.0000000
0.0000000
0.0000000
0.0000000
0.0000000
0.0000000
0.0000000
0.0000000
0.0000000
0.0000000
0.0000000
0.0000000
0.0000000
0.0000000
0.0000000
0.0000000
0.0000000
0.0000000
0.0000000
0.0000000
0.0000000
0.0000000
0.0000000
0.0000000
0.0000000
0.0000000
0.0000000
0.0000000
0.0000000
0.0000000
0.0000000
0.0000000
0.0000000
0.0000000
0.0000000
0.0000000
0.0000000
0.0000000
0.0000000
0.0000000
0.0000000
0.0000000
0.0000000
0.0000000
0.0000000
0.0000000
0.0000000
0.0000000
0.0000000
0.0000000
0.0000000
0.0000000
0.0000000
0.0000000
0.0000000
0.0000000
0.0000000
0.0000000
0.0000000
0.0000000
0.0000000
0.0000000
0.0000000
0.0000000
0.0000000
0.0000000
0.0000000
0.0000000
0.0000000
0.0000000
0.0000000
0.0000000
0.0000000
0.0000000
0.0000000
0.0000000
0.0000000
0.0000000
0.0000000
0.0000000
0.0000000
0.0000000
0.0000000
0.0000000
0.0000000
0.0000000
0.0000000
0.0000000
0.0000000
0.0000000
0.0000000
0.0000000
0.0000000
0.0000000
0.0000000
0.0000000
0.0000000
0.0000000
0.0000000
0.0000000
0.0000000
0.0000000
0.0000000
0.0000000
0.0000000
0.0000000
0.0000000
0.0000000
0.0000000
0.0000000
0.0000000
0.0000000
0.0000000
0.0000000
0.0000000
0.0000000
0.0000000
0.0000000
0.0000000
0.0000000
0.0000000
0.0000000
0.0000000
0.0000000
0.0000000
0.0000000
0.0000000
0.0000000
0.0000000
0.0000000
0.0000000
0.0000000
0.0000000
0.0000000
0.0000000
0.0000000
0.0000000
0.0000000
0.0000000
0.0000000
0.0000000
0.0000000
0.0000000
0.0000000
0.0000000
0.0000000
0.0000000
0.0000000
0.0000000
0.0000000
0.0000000
0.0000000
0.0000000
0.0000000
0.0000000
0.0000000
0.0000000
0.0000000
0.0000000
0.0000000
0.0000000
0.0000000
0.0000000
0.0000000
0.0000000
0.0000000
0.0000000
0.0000000
0.0000000
0.0000000
0.0000000
0.0000000
0.0000000
0.0000000
0.0000000
0.0000000
0.0000000
0.0000000
0.0000000
0.0000000
0.0000000
0.0000000
0.0000000
0.0000000
0.0000000
0.0000000
0.0000000
0.0000000
0.0000000
0.0000000
0.0000000
0.0000000
0.0000000
0.0000000
0.0000000
0.0000000
0.0000000
0.0000000
0.0000000
0.0000000
0.0000000
0.0000000
0.0000000
0.0000000
0.0000000
0.0000000
0.0000000
0.0000000
0.0000000
0.0000000
0.0000000
0.0000000
0.0000000
0.0000000
0.0000000
0.0000000
0.0000000
0.0000000
0.0000000
0.0000000
0.0000000
0.0000000
0.0000000
0.0000000
0.0000000
0.0000000
0.0000000
0.0000000
0.0000000
0.0000000
0.0000000
0.0000000
0.0000000
0.0000000
0.0000000
0.0000000
0.0000000
0.0000000
0.0000000
0.0000000
0.0000000
0.0000000
0.0000000
0.0000000
0.0000000
0.0000000
0.0000000
0.0000000
0.0000000
0.0000000
0.0000000
0.0000000
0.0065903
0.1875131
0.6814042
1.2154052
1.3824773
1.0902336
0.5662389
0.3498622
0.4005694
0.5923216
0.7266234
0.6346207
0.6310089
0.5891075
0.4025904
0.3662167
1.0423254
2.8655584
8.8014946
21.3972511
42.8787994
74.5475464
92.8131866
74.0415497
28.6918201
10.3228455
3.1640930
17.2057762
54.9454422
75.5965042
55.0889206
40.4819298
42.1495667
52.5044403
67.1066132
79.8715210
75.2993011
63.7450600
51.5548553
39.1437263
22.4048882
10.5192108
8.4612656
11.6098003
20.0433655
36.3459511
101.4012756
196.6034546
253.7338104
213.8605652
122.8342972
53.3153458
53.1942635
82.2717667
90.1884155
74.7599182
48.8255234
27.1767788
11.1187000
8.4911823
14.2422791
18.1411209
15.9200420
17.1602154
31.9651394
46.3973198
64.3029404
97.0158005
125.8869019
120.3873596
85.8921509
66.5725861
62.5368729
85.9941635
109.9766693
109.2109833
90.0594330
65.7355499
35.6781120
8.6755667
4.4464879
2.3934755
2.6986010
6.9236007
7.8916101
1.4520586
4.5123487
17.0020885
50.4771652
99.5468140
130.6360626
116.4207764
77.0445786
51.9975967
34.1334877
20.5218430
12.2977381
34.9829445
71.5924759
92.5216599
79.0100403
66.0567017
75.9601974
98.6387939
105.4281387
71.2511063
33.9909058
25.8519917
41.5187416
54.6281586
50.5986481
31.4034081
17.8603592
11.9256859
11.1504688
17.0198860
27.9635048
33.6474304
23.8693848
13.8717947
8.5767307
7.1230140
6.1174421
6.0326724
12.1570501
19.7705288
23.5461292
43.8289337
80.2830276
96.0540009
66.9088974
26.8111324
6.9009991
7.9719920
9.5879955
9.6955786
9.0551529
11.2061768
8.2932119
12.2678986
33.6938515
55.5425339
62.9531937
53.8503227
38.2226868
22.8777370
16.1434612
18.5639954
30.6803513
43.7218666
45.9103699
36.6006241
34.2164001
40.5587654
53.8944283
65.7619781
67.3439255
57.8351707
47.2011757
40.8047905
41.8098221
43.4565392
41.2838669
37.0000229
34.5542984
32.7153778
28.7557182
19.5737228
6.8728795
0.7005872
1.0510199
0.3622254
0.5438495
1.5163686
2.7072973
3.3816404
2.8909054
2.1936274
1.9267210
2.0608687
2.3162858
2.1113966
2.0183811
1.9590976
1.7990859
1.3575094
1.1080580
1.0055051
0.8626389
0.7722224
6.0802288
19.5579567
41.4482040
67.7507629
71.6549988
43.7766991
18.1338310
14.6350250
12.7774534
17.7191772
48.0571594
61.6108971
49.5346222
28.5094414
15.0335674
9.3220501
3.0373769
8.4636307
35.6804657
52.0363617
47.5257530
31.3372498
24.4484901
24.1901894
35.1033974
55.8273888
73.8703079
71.5684509
59.7365303
50.8028374
45.6937943
41.8074379
37.1648788
37.5205040
35.6901627
27.8639584
14.8180532
13.1951647
16.9922390
13.4468193
7.4453936
2.7106566
3.3916748
4.1638875
1.6010314
0.9768474
0.6667181
0.3385913
0.2213149
0.2442251
0.5820838
0.7576153
0.9227023
0.9637066
0.9103572
0.6316208
0.4893696
0.3072925
1.7878052
6.0280566
10.7400932
15.8462830
23.6044025
31.5911751
32.1133690
27.2211361
25.3763866
32.9664917
31.6809769
21.9586887
12.9327774
10.8878813
9.8914394
11.5276861
10.0715065
7.9578495
6.7614913
7.1763792
6.1045308
3.7333331
2.4725010
1.8954209
2.3491993
7.7708006
15.5149879
15.8246469
9.0049744
5.8038969
4.3890176
6.5950298
18.2556858
31.4386311
31.9584885
24.5044880
22.5911255
28.1808147
37.2301369
38.5821266
30.4589577
23.3064404
20.8564110
21.5472565
23.5402241
23.1717949
20.3984776
16.0213127
14.6169853
12.0913906
9.8846731
7.3107758
4.9260488
3.6336579
3.4392641
3.7990329
4.7023139
4.0337882
2.7340155
2.0210490
2.4631944
3.8096411
3.3007550
2.7119586
1.5635493
1.1343992
0.8746231
0.6335125
0.3969523
0.3077351
0.2278445
0.2747269
0.4159251
0.5166727
0.5539442
0.5447117
0.8613065
1.3649731
1.7031729
1.7993255
1.5299323
1.4102180
1.3597857
1.3988583
1.2257342
0.7725579
0.5812531
0.3884341
0.8434334
8.0442076
21.3435383
48.5363235
95.2942963
129.9431000
113.6898651
65.2662277
31.8219090
20.8231297
15.8574381
12.0497885
10.1950569
10.5087137
8.7529964
5.0465202
10.9406500
11.7712517
18.9162273
58.0457878
119.3743286
145.1781921
114.9944763
84.1177444
63.6255684
45.5746994
26.5111351
23.2117519
32.7393875
19.5714588
10.4398251
23.1363964
13.9483757
23.7651138
33.8208961
39.0524826
39.9549789
37.4111862
27.0112820
12.5550213
18.1327763
13.7232809
4.0474696
1.0318037
0.3547733
2.1771731
5.4437075
5.4415498
4.2089500
3.1732359
2.3474851
2.3280556
2.5378423
2.4490490
1.2716912
0.4393745
0.4531038
5.5582399
33.1872978
65.9402695
75.8895493
59.0305405
35.6733208
12.3559284
11.7220669
4.2846222
0.3279435
0.2915663
1.1608704
7.4131427
20.0583858
49.7922821
99.4050751
120.6059952
80.8734818
41.0863266
22.9938412
30.9685421
29.8612309
31.6569405
40.7085495
53.6504364
60.9864883
65.3534622
70.1794815
62.7104073
41.6210251
26.2350597
19.4327831
16.4264488
10.8247261
2.7570460
0.9450614
1.3471324
7.0300236
32.5924110
54.8188095
52.6133423
34.2110405
23.7299938
25.0454483
26.8508282
24.1836491
15.5153294
6.3043385
5.5614095
19.1392899
37.4827957
21.7314110
8.3608294
7.4387193
21.8990154
65.2766342
127.5225372
173.4954681
173.1076355
135.9506531
99.7397995
78.0565109
69.9586487
51.9759369
31.8126335
17.7571087
34.7111320
57.2678833
69.2073822
57.8638229
51.6798286
49.3481636
36.5472641
18.0419064
34.6608849
31.6516933
32.6222916
40.4501801
34.6948013
48.6162567
58.4267082
54.4484215
55.6331482
53.5732803
50.2350998
91.4337463
109.3649521
102.2164917
103.3422699
109.3688278
113.0514221
114.9085083
121.3796539
124.3920975
112.6314087
84.2440720
49.5116158
25.4150715
16.4605083
12.6489429
27.9679909
47.8065643
41.1913414
25.4053192
13.3908587
5.6148033
2.8954999
7.1238146
15.6279678
18.0672131
14.4960957
8.4368219
3.4384720
2.1713104
2.9050820
5.9241047
10.9953947
13.6972847
13.3943615
18.1145897
31.1175480
39.2357979
35.3222809
26.7560120
19.0696640
22.0093784
50.8726692
59.5734787
50.2032204
61.8762207
103.7872543
126.2705536
104.2254868
80.6748123
60.6901245
35.0629883
13.8305550
25.0169067
35.1650085
35.5617294
32.9565773
33.2925529
31.7354660
30.8347244
27.8464451
25.7299538
25.1942291
27.8772488
30.9781227
29.6126957
32.8763199
38.6522484
42.4512596
47.7106094
52.0703011
54.8423271
70.4193878
92.6911621
112.1617355
106.6412659
75.9110718
47.0181351
17.9985657
38.6160660
52.6676216
46.6944122
37.9044189
28.8688297
25.6396141
28.4641781
26.9426785
19.9889603
11.9826908
6.6166768
5.1561422
4.5521097
3.3699901
1.7606330
0.8223027
0.5315006
3.2214131
12.4796047
25.7355900
41.3992043
55.9858246
69.8212357
85.6720963
99.7109375
95.5682068
75.3071747
54.6901016
31.8515644
20.9321537
18.7773552
37.0443802
58.6378708
56.8664131
64.7114792
107.1795349
95.8763428
69.0565872
36.3424072
28.7294273
41.8331833
31.9817448
26.9123325
42.1246948
40.1082649
26.2132664
53.3242722
112.4293365
158.7940063
144.0891418
105.0887909
71.3705139
45.6910019
24.5269012
18.5742035
13.5436630
10.7277975
8.1308212
2.5603886
2.8606946
8.0411053
14.2063551
17.7370338
16.3888359
12.3294029
8.8073168
7.9304876
6.6462975
5.7506886
5.8981895
6.4483871
6.4622264
7.0418515
8.1588726
8.4144783
7.2550664
5.0436831
3.8093772
2.6320536
1.1511867
0.4279302
0.3289292
1.2247806
6.5220127
16.1886940
25.6734772
33.9998856
42.8253784
54.9870262
59.2890625
48.7953758
30.4087791
15.7831631
28.2039032
41.1225243
24.8874187
8.9972763
25.2030029
58.3330231
93.7082825
106.5223007
94.7867355
61.8407402
35.4952240
49.3535194
53.2977180
44.8207512
34.5997162
26.8345184
14.1176004
3.9627399
0.8889671
0.3852453
1.8329782
13.0324764
18.8592434
8.5668526
0.7168128
0.2250005
2.7209659
16.9184036
27.7212849
25.1120949
17.2359505
10.2008295
7.4513865
12.5291939
32.0512772
54.8041916
64.6752319
75.8752747
88.1773529
83.5361023
58.8092957
46.2745323
40.1608047
43.7962875
65.0542297
57.7884865
54.1973572
102.2824707
167.7117157
175.2137451
133.1539459
87.1712494
41.5100555
14.7177086
2.0185935
0.1166434
0.3849104
5.4333563
12.9480934
9.6372089
2.4607177
0.4474606
0.5497061
2.0148954
4.1545801
3.5108984
2.4543715
1.5326953
0.8962290
0.8065611
0.8970467
4.6552100
23.7909470
48.5673294
55.4106445
46.3961868
31.2113266
19.5392570
7.1372528
2.0438249
11.0221682
43.7404480
66.2318420
51.0582390
28.0618725
16.8702183
23.3779602
36.5811501
31.9853859
39.4977264
75.8412628
102.6445312
85.6952972
66.1398392
71.8397064
106.1938477
100.6624069
64.2570572
28.1617565
12.0991821
7.3357010
4.0791998
16.2254066
89.8583832
171.0966492
153.8046875
70.2355652
37.4241486
32.4856796
25.3900642
22.7295055
28.1128540
34.2666740
36.8789558
25.9524860
28.1585979
34.7090111
32.5785561
27.4667950
25.0090752
23.9873581
32.1125259
50.7281265
76.0485840
99.7628403
93.9782944
73.0578690
55.9009781
39.3327332
14.2283535
14.5414505
21.2226257
9.8153801
32.7928658
56.7524261
75.3929977
81.8588638
83.6442795
75.8041534
57.6247902
37.2914963
25.1668911
15.9079609
9.1768122
8.1733332
8.9974489
8.3014917
8.3996782
19.6260242
33.8892822
35.9774628
24.7390633
16.7256489
12.5412254
16.6632099
15.7160110
9.4401703
7.6548486
4.9999080
1.0379858
7.2456064
58.8010712
145.0186768
172.2808533
115.3099289
47.3302498
31.6731071
25.5786819
23.5754738
17.0052090
16.9899769
27.4351807
33.0382462
38.7678108
32.0315552
19.7222443
6.9961491
2.5479827
1.1650712
0.9509601
16.8939114
68.6250458
123.8425903
136.9343567
97.1007843
51.6311760
26.3253994
15.8645668
11.3732624
10.5738277
6.0616598
5.2521887
8.9461212
11.8538799
27.7122154
39.9747429
38.3379860
26.6315155
14.6397924
14.3027563
12.4348402
11.7841740
15.7263184
21.4661179
18.2039528
12.1367960
9.5502977
2.4601774
0.6776639
3.2617276
8.6717930
13.7465334
17.1069450
20.5938683
21.7779961
17.5040741
8.2663498
2.6610682
0.6185688
0.3146823
0.3567548
0.4221630
0.3988002
0.7886497
1.2712662
1.2226338
1.2853197
1.3385566
0.8161396
0.3144076
0.4557005
0.4566941
0.5128632
0.6334134
0.7413064
0.7649144
0.6337209
0.6460735
0.7667659
0.7835580
0.7622184
0.6242672
0.5522259
0.5695205
0.4754733
0.8907773
2.3936362
2.8367934
1.3016777
0.2404871
0.2821365
0.4368780
0.5643920
0.6689701
0.5712317
0.4125076
0.4053231
0.5493234
0.6216492
0.5160762
0.6160946
0.8508006
0.8765710
0.6984167
0.6492271
0.6069881
1.2010251
3.1164055
5.3476171
4.7132430
1.7471339
0.7943490
0.8210034
1.1125321
1.3608530
1.1344202
0.7959508
0.7091143
0.7350192
0.8180115
0.7316164
0.6045451
0.5933417
0.6373674
1.2265512
6.3994899
13.5630465
14.2235765
7.2968154
2.7822938
0.7999539
0.7498931
1.3846662
1.6025583
1.8522017
2.4745831
2.4404926
3.1460249
5.8951354
7.4469266
5.4482031
4.0362740
12.9692650
37.8709106
67.0743790
83.0311737
81.6838989
67.1996384
47.5513878
37.9536514
82.7038193
138.7311096
124.8817520
73.9864044
32.2336349
24.9698429
20.2312813
17.0134163
22.2713985
20.4147987
9.3970146
2.0083716
0.4949236
0.6612694
5.9740567
17.5050240
23.8115158
19.6933212
19.4320774
40.5141907
75.8383484
100.2004852
106.0223694
101.9875183
87.5216217
72.2574615
55.1392860
38.9066429
22.5809822
11.1267118
4.4750447
4.4583163
2.2425101
1.0050881
5.2766247
15.6171045
25.1154137
25.8845062
18.7745667
11.1440105
7.2819753
5.9975195
5.4486737
5.4331713
3.8971193
2.3409400
1.5832682
0.9844638
0.8851788
1.3884027
1.9410760
2.1270814
3.2073710
8.0635338
17.1698914
26.9324322
30.4227982
30.6084614
27.1489258
29.6896896
32.2487068
28.9216747
22.0476646
13.2632389
9.0656967
10.3678379
23.9173374
42.3459091
49.9905739
44.3061600
43.6478920
51.6962051
69.4386520
79.2249451
67.8170090
57.7231827
52.4891548
46.0757599
30.8020821
18.7990360
28.6095409
37.1795578
29.8292141
31.4400463
38.9455643
18.6899815
15.0939274
41.3392487
32.4997368
16.8968601
9.7846460
7.6958208
4.4190249
3.9104886
3.5842009
2.2300401
0.8266797
0.7284221
0.8805856
1.2844863
2.6183357
4.9394188
9.0720158
13.3762016
14.5537453
13.0760269
12.4619236
14.8402901
20.6023407
24.4102669
27.3092289
32.1234283
38.6979790
40.8466415
37.6459656
48.5645599
73.7500076
89.8746109
77.8117523
55.0705948
23.9480247
14.8634968
8.0347624
8.1822586
10.1835966
7.3881974
5.3243742
4.1371465
4.3962369
3.8336239
3.1563287
2.3769655
1.9441288
1.3699604
1.1756722
1.2352324
0.9225106
0.7280970
0.8176911
0.9221559
0.9548088
0.7571353
0.4767829
0.4401127
0.4288298
0.4033503
0.2529558
0.0651982
0.0039201
0.0003565
0.0000000
0.0000000
0.0000000
0.0000000
0.0000000
0.0000000
0.0000000
0.0000000
0.0000000
0.0000000
0.0000000
0.0000000
0.0000000
0.0000000
0.0000000
0.0000000
0.0000000
0.0000000
0.0000000
0.0000000
0.0000000
0.0000000
0.0000000
0.0000000
0.0000000
0.0000000
0.0000000
0.0000000
0.0000000
0.0000000
0.0000000
0.0000000
0.0000000
0.0000000
0.0000000
0.0000000
0.0000000
0.0000000
0.0000000
0.0000000
0.0000000
0.0000000
0.0000000
0.0000000
0.0000000
0.0000000
0.0000000
0.0000000
0.0000000
0.0000000
0.0000000
0.0000000
0.0000000
0.0000000
0.0000000
0.0000000
0.0000000
0.0000000
0.0000000
0.0000000
0.0000000
0.0000000
0.0000000
0.0000000
0.0000000
0.0000000
0.0000000
0.0000000
0.0000000
0.0000000
0.0000000
0.0000000
0.0000000
0.0000000
0.0000000
0.0000000
0.0000000
0.0000000
0.0000000
0.0000000
0.0000000
0.0000000
0.0000000
0.0000000
0.0000000
0.0000000
0.0000000
0.0000000
0.0000000
0.0000000
0.0000000
0.0000000
0.0000000
0.0000000
0.0000000
0.0000000
0.0000000
0.0000000
0.0000000
0.0000000
0.0000000
0.0000000
0.0000000
0.0000000
0.0000000
0.0000000
0.0000000
0.0000000
0.0000000
0.0000000
0.0000000
0.0000000
0.0000000
0.0000000
0.0000000
0.0000000
0.0000000
0.0000000
0.0000000
0.0000000
0.0000000
0.0000000
0.0000000
0.0000000
0.0000000
0.0000000
0.0000000
0.0000000
0.0000000
0.0000000
0.0000000
0.0000000
0.0000000
0.0000000
0.0000000
0.0000000
0.0000000
0.0000000
0.0000000
0.0000000
0.0000000
0.0000000
0.0000000
0.0000000
0.0000000
0.0000000
0.0000000
0.0000000
0.0000000
0.0000000
0.0000000
0.0000000
0.0000000
0.0000000
0.0000000
0.0000000
0.0000000
0.0000000
0.0000000
0.0000000
0.0000000
0.0000000
0.0000000
0.0000000
0.0000000
0.0000000
0.0000000
0.0000000
0.0000000
0.0000000
0.0000000
0.0000000
0.0000000
0.0000000
0.0000000
0.0000000
0.0000000
0.0000000
0.0000000
0.0000000
0.0000000
0.0000000
0.0000000
0.0000000
0.0000000
0.0000000
0.0000000
0.0000000
0.0000000
0.0000000
0.0000000
0.0000000
0.0000000
0.0000000
0.0000000
0.0000000
0.0000000
0.0000000
0.0000000
0.0000000
0.0000000
0.0000000
0.0000000
0.0000000
0.0000000
0.0000000
0.0000000
0.0000000
0.0000000
0.0000000
0.0000000
0.0000000
0.0000000
0.0000000
0.0000000
0.0000000
0.0000000
0.0000000
0.0000000
0.0000000
0.0000000
0.0000000
0.0000000
0.0000000
0.0000000
0.0000000
0.0000000
0.0000000
0.0000000
0.0000000
0.0000000
0.0000000
0.0000000
0.0000000
0.0000000
0.0000000
0.0000000
0.0000000
0.0000000
0.0000000
0.0000000
0.0000000
0.0000000
0.0000000
0.0000000
0.0000000
0.0000000
0.0000000
0.0000000
0.0000000
0.0000000
0.0000000
0.0000000
0.0000000
0.0000000
0.0000000
0.0000000
0.0000000
0.0000000
0.0000000
0.0000000
0.0000000
0.0000000
0.0000000
0.0000000
0.0000000
0.0000000
0.0000000
0.0000000
0.0000000
0.0000000
0.0000000
0.0000000
0.0000000
0.0000000
0.0000000
0.0000000
0.0000000
0.0000000
0.0000000
0.0000000
0.0000000
0.0000000
0.0000000
0.0000000
0.0000000
0.0000000
0.0000000
0.0000000
0.0000000
0.0000000
0.0000000
0.0000000
0.0000000
0.0000000
0.0000000
0.0000000
0.0000000
0.0000000
0.0000000
0.0000000
0.0000000
0.0000000
0.0000000
0.0000000
0.0000000
0.0000000
0.0000000
0.0000000
0.0000000
0.0000000
0.0000000
0.0000000
0.0000000
0.0000000
0.0000000
0.0000000
0.0000000
0.0000000
0.0000000
0.0000000
0.0000000
0.0000000
0.0000000
0.0000000
0.0000000
0.0000000
0.0000000
0.0000000
0.0000000
0.0000000
0.0000000
0.0000000
0.0000000
0.0000000
0.0000000
0.0000000
0.0000000
0.0000000
0.0000000
0.0000000
0.0000000
0.0000000
0.0000000
0.0000000
0.0000000
0.0000000
0.0000000
0.0000000
0.0000000
0.0000000
0.0000000
0.0000000
0.0000000
0.0000000
0.0000000
0.0000000
0.0000000
0.0000000
0.0000000
0.0000000
0.0000000
0.0000000
0.0000000
0.0000000
0.0000000
0.0000000
0.0000000
0.0000000
0.0000000
0.0000000
0.0000000
0.0000000
0.0000000
0.0000000
0.0000000
0.0000000
0.0000000
0.0000000
0.0000000
0.0000000
0.0000000
0.0000000
0.0000000
0.0000000
0.0000000
0.0000000
0.0000000
0.0000000
0.0000000
0.0000000
0.0000000
0.0000000
0.0000000
0.0000000
0.0000000
0.0000000
0.0000000
0.0000000
0.0000000
0.0000000
0.0000000
0.0000000
0.0000000
0.0000000
0.0000000
0.0000000
0.0000000
0.0000000
0.0000000
0.0000000
0.0000000
0.0000000
0.0000000
0.0000000
0.0000000
0.0000000
0.0000000
0.0000000
0.0000000
0.0000000
0.0000000
0.0000000
0.0000000
0.0000000
0.0000000
0.0000000
0.0000000
0.0000000
0.0000000
0.0000000
0.0000000
0.0000000
0.0000000
0.0000000
0.0000000
0.0000000
0.0000000
0.0000000
0.0000000
0.0000000
0.0000000
0.0000000
0.0000000
0.0000000
0.0000000
0.0000000
0.0000000
0.0000000
0.0000000
0.0000000
0.0000000
0.0000000
0.0000000
0.0000000
0.0000000
0.0000000
0.0000000
0.0000000
0.0000000
0.0000000
0.0000000
0.0000000
0.0000000
0.0000000
0.0000000
0.0000000
0.0000000
0.0000000
0.0000000
0.0000000
0.0000000
0.0000000
0.0000000
0.0000000
0.0000000
0.0000000
0.0000000
0.0000000
0.0000000
0.0000000
0.0000000
0.0000000
0.0000000
0.0000000
0.0000000
0.0000000
0.0000000
0.0000000
0.0000000
0.0000000
0.0000000
0.0000000
0.0000000
0.0000000
0.0000000
0.0000000
0.0000000
0.0000000
0.0000000
0.0000000
0.0000000
0.0000000
0.0000000
0.0000000
0.0000000
0.0000000
0.0000000
0.0000000
0.0000000
0.0000000
0.0000000
0.0000000
0.0000000
0.0000000
0.0000000
0.0000000
0.0000000
0.0000000
0.0000000
0.0000000
0.0000000
0.0000000
0.0000000
0.0000000
