0.0000000
0.0000000
0.0000000
0.0000000
0.0000000
0.0000000
0.0000000
0.0000000
0.0000000
0.0000000
0.0000000
0.0000000
0.0000000
0.0000000
0.0000000
0.0000000
0.0000000
0.0000000
0.0000000
0.0000000
0.0000000
0.0000000
0.0000000
0.0000000
0.0000000
0.0000000
0.0000000
0.0000000
0.0000000
0.0000000
0.0000000
0.0000000
0.0000000
0.0000000
0.0000000
0.0000000
0.0000000
0.0000000
0.0000000
0.0000000
0.0000000
0.0000000
0.0000000
0.0000000
0.0000000
0.0000000
0.0000000
0.0000000
0.0000000
0.0000000
0.0000000
0.0000000
0.0000000
0.0000000
0.0000000
0.0000000
0.0000000
0.0000000
0.0000000
0.0000000
0.0000000
0.0000000
0.0000000
0.0000000
0.0000000
0.0000000
0.0000000
0.0000000
0.0000000
0.0000000
0.0000000
0.0000000
0.0000000
0.0000000
0.0000000
0.0000000
0.0000000
0.0000000
0.0000000
0.0000000
0.0000000
0.0000000
0.0000000
0.0000000
0.0000000
0.0000000
0.0000000
0.0000000
0.0000000
0.0000000
0.0000000
0.0000000
0.0000000
0.0000000
0.0000000
0.0000000
0.0000000
0.0000000
0.0000000
0.0000000
0.0000000
0.0000000
0.0000000
0.0000000
0.0000000
0.0000000
0.0000000
0.0000000
0.0000000
0.0000000
0.0000000
0.0000000
0.0000000
0.0000000
0.0000000
0.0000000
0.0000000
0.0000000
0.0000000
0.0000000
0.0000000
0.0000000
0.0000000
0.0000000
0.0000000
0.0000000
0.0000000
0.0000000
0.0000000
0.0000000
0.0000000
0.0000000
0.0000000
0.0000000
0.0000000
0.0000000
0.0000000
0.0000000
0.0000000
0.0000000
0.0000000
0.0000000
0.0000000
0.0000000
0.0000000
0.0000000
0.0000000
0.0272726
0.3879210
1.2135881
1.8549806
1.8148437
2.4302785
3.9493484
3.8426857
1.4738957
0.5314026
0.5154594
0.4927095
0.7174578
1.1000023
0.7916046
0.7103602
0.7938301
0.7109981
0.7797848
1.2418439
1.5151731
2.9346173
17.1834831
52.5748367
96.7083893
122.7745667
119.5143127
122.8445358
158.3701019
198.0601654
208.3700104
192.5082855
169.4577179
151.8897400
141.2570801
130.6470947
118.5397797
96.1232910
61.0063019
30.0494347
20.9580212
26.0273228
19.2932892
15.6528940
31.9597549
30.4297447
18.6291904
9.9758072
8.0163021
9.4002247
13.3200550
15.0976162
14.8837757
14.6210470
15.3123236
13.8554611
5.3911886
4.2087994
10.6912661
16.0867558
14.6948671
12.5167952
18.6729145
36.5785484
53.1434860
56.2826424
54.4164734
49.5410385
39.3040733
25.6250992
16.4219589
16.8257713
24.0462093
32.7595177
42.1974449
47.1911163
47.0552902
45.3020439
44.0876694
38.5208511
26.2772751
10.2392645
3.0608580
0.6916904
0.6096479
0.7758730
0.6997995
0.6532924
4.4307113
12.6451540
16.6192589
12.0130978
5.4895039
2.9174719
2.3537588
2.3963602
2.1273777
1.2688143
1.0097296
1.0170454
0.7491647
0.5923441
0.4859225
0.6814185
0.5598059
0.8698403
1.0464377
1.2457978
1.0212454
0.6344964
0.7179200
0.5042793
0.6671984
0.9655956
0.9323037
0.7005526
0.7526335
0.7003415
0.8914373
0.9211814
0.8695807
0.8638067
0.6442185
0.7836670
0.7341048
0.9362335
0.9817331
0.7917705
0.7357244
0.8390275
1.0171137
1.4629481
1.4274647
1.0997167
1.1729456
1.6093580
1.4283637
1.0093132
2.8076527
21.2321758
57.7957497
82.2842026
70.5310211
36.2521439
15.7426691
9.9246025
8.4576750
10.5640106
13.0316029
10.4572849
8.6616592
6.5594859
5.6330819
6.0331211
6.9478359
8.0795412
8.1124945
13.5474882
27.4119110
52.5296440
91.7766418
132.0177612
149.7422943
151.4964447
132.5764771
118.8414307
116.7477112
112.0768356
88.9783936
63.1786461
47.0369415
43.2528954
35.0956192
26.2011375
22.8492718
29.1677704
34.2938156
30.7540264
22.5784035
18.6901245
18.9986000
18.7578068
12.6789045
1.5005906
0.3897257
3.6881685
12.6021109
17.5789852
9.8044949
2.9819982
1.2418284
0.7114601
0.6766443
0.9558949
1.0649098
0.6849775
0.3813981
0.6045731
0.9625468
1.2401706
1.0982779
0.7748010
0.6789999
0.7997360
0.7052816
0.4522818
0.5512174
1.0997734
1.5185120
1.5061246
0.9256803
0.7803047
0.9465610
1.2949767
0.9986642
0.5597100
0.5688894
0.8456032
0.8327081
1.1255947
1.1035693
1.0738187
1.1248338
1.2924201
1.1563530
1.3119192
5.3362308
25.9878407
77.3510590
127.3029785
129.3952789
91.9710693
66.0267410
59.9270058
39.1532249
31.6641598
30.8799191
20.0828838
10.6148844
9.1312284
14.2745628
14.6160583
10.8845787
11.7768517
25.3064919
44.5735855
48.9760857
45.0335503
37.6911507
33.0347214
42.8124008
51.8273544
61.8098984
88.1786804
119.0961075
122.5479507
99.9340286
72.1940536
52.3696518
36.2169037
27.4256344
26.5061836
35.4887390
50.2606888
58.5777168
55.6909523
53.5795937
48.5972099
40.9381180
28.4208984
17.7278252
30.7648926
46.3899307
38.5986671
24.0805168
13.1012774
12.8752565
11.8034315
5.8642511
2.5296588
8.9530268
15.1575899
11.3812237
2.8730469
1.0742834
3.1667142
14.2847490
30.0257568
30.9968739
19.5830975
9.8760910
7.4026208
6.4414239
7.2188597
5.7462687
6.0078921
5.3523207
4.8351679
8.3873672
10.7808275
6.3152547
2.8217525
1.9068211
1.7344702
4.8935122
30.1493797
80.3827667
112.7013855
98.5588531
65.8442078
44.4345512
50.0470276
85.8717194
101.3846664
64.7524033
15.4336653
3.0405982
0.5158690
0.9222534
11.1418505
24.2599545
23.8401775
16.7209606
12.2227125
8.7121000
8.6417313
8.9787111
4.9171553
5.0593534
8.5486574
12.0712624
12.2465963
7.5088420
1.8562195
2.3529775
4.5445166
2.7759194
1.4767989
4.0474920
8.0599918
9.5495977
6.7999039
2.3453443
1.0329857
0.7538694
0.5437523
0.6518338
0.8285692
0.7002472
0.7375779
1.0991998
1.1976367
0.8814175
0.7552534
0.7074898
4.5523252
17.5640202
28.5670547
25.2020836
14.6791601
29.4370804
80.8648376
112.1254959
89.7965927
63.6218262
45.2527122
27.7782650
26.0130424
16.6021004
19.3084068
34.7662201
59.4001541
67.4610672
48.9433594
26.4029503
9.0741711
2.3542366
0.6557506
0.5720996
1.0650796
0.5619224
0.8492315
1.3388717
1.1857444
0.8910983
0.8068737
0.5914035
0.6985616
0.6251231
0.6107868
0.6838957
0.6942366
0.7866056
0.7838804
0.9062166
0.9247177
0.7133138
0.7453193
0.8196170
1.0233287
0.9653113
0.8928027
0.8898267
0.7820793
0.8286285
1.3194653
1.3993716
1.0614784
0.7324277
0.8198699
1.4334202
4.0945415
10.1631565
11.8777008
6.9423270
11.3131266
42.9852371
82.3332825
82.0352631
42.1552849
10.8196154
3.8026543
4.3530898
8.1410275
15.9214420
34.3548660
44.9031754
38.2386436
29.7697334
27.8752384
28.6208706
26.9724960
25.0526962
21.4759464
10.2736139
4.2122536
1.4129012
0.6482567
0.8057767
0.6347333
0.3834288
0.5118757
0.7886146
1.2613566
1.5544298
5.1126256
22.1929779
57.1290321
95.6274567
111.9223022
94.8424835
61.9810104
39.8473740
21.7799187
11.4215260
13.8033018
16.0016041
14.6953926
13.4554968
7.7730427
5.6004152
8.7487679
17.0642529
16.5483971
5.0309715
4.9689393
5.5023408
3.2004266
2.8851714
3.8412361
6.8109298
7.1508360
3.8017025
2.2957373
2.2675185
2.8794894
4.2034373
3.7196176
2.0563650
1.1637076
0.5752719
0.6068535
0.7226562
0.7282666
0.7593895
1.0756180
1.0112447
0.6752157
0.9087457
1.4271512
1.9142091
2.4499385
3.1339178
4.3947644
5.1843591
5.1755190
5.2939405
5.2402716
5.0610504
5.3626142
5.8241796
5.9357471
5.4610691
5.8388782
7.1848211
7.2760677
6.6944938
6.2055330
7.1161156
7.2044806
6.1072407
4.7106395
4.0782499
4.2328968
3.9944823
3.6287844
3.2996912
2.8471692
2.3617582
2.4785347
2.7411692
2.6590776
2.4742293
2.1898818
1.5856047
1.1419034
0.9206239
0.7318786
0.6594105
0.7334770
0.8489118
1.0159447
1.0009866
0.6899147
0.4886263
0.4375489
0.7321120
1.2331910
2.0263801
2.1562233
1.3748169
1.8177199
20.5066223
56.6442413
76.7184143
67.7531509
45.1486206
20.7910938
6.7727079
8.0783234
39.3412704
77.1849670
123.7976074
199.7003021
252.6717072
209.6162109
127.0855255
77.2667465
66.0742645
48.0068130
15.7332001
4.4653816
1.0109508
0.6235699
1.1135547
1.1802043
1.2974877
1.1467186
30.0308399
160.8720093
340.2885437
418.5390625
335.9489441
217.7505341
131.1625824
45.2745056
55.0373077
38.9274826
3.6404719
2.0088704
13.6861515
25.2734222
21.6550674
9.9458799
6.2041311
6.2506208
4.5991650
15.4645252
73.6646957
182.2146149
280.9164429
284.8264160
200.6219330
116.5955276
69.5844574
32.7132072
14.3685522
7.3691163
5.2265358
10.4460497
37.7430878
81.7122803
92.7061920
78.0371323
54.6938286
27.6274891
13.7593384
4.8025746
3.0938401
8.8084841
6.1623330
6.7593689
47.1520729
113.7928925
149.9325867
126.1559448
87.2734528
55.6418533
47.8334503
33.5592117
21.3229904
23.3680115
27.9739628
23.3566074
18.1603699
19.7041283
20.6538296
12.1860647
4.5274129
4.4239216
17.1035786
34.2093925
39.3635864
29.9237099
18.9997978
13.2551003
8.7975454
1.5984209
0.5842520
0.1591870
0.4063094
19.3480511
73.3882904
127.6760330
144.4207916
117.6278839
70.8819656
37.5104561
15.4369278
6.3574009
7.6839948
8.3457165
15.3055363
22.5012245
38.9295540
49.7330246
44.6907158
30.3300896
15.7554846
8.4117651
8.2913837
19.7519455
45.5395432
67.8185425
74.4442902
76.0094223
71.9260788
50.3486061
30.7331238
18.1068573
33.2096062
50.6554947
56.3309097
57.3352356
61.0280037
68.8886795
69.1650772
59.1162567
47.1881027
38.5973206
31.9853477
24.8994694
22.6080227
18.5856667
15.5839615
11.3178902
11.8672991
17.0787983
21.6896820
25.0064812
26.2912884
22.9342270
17.7907391
13.4622974
12.0363760
12.6177464
12.1881905
14.2227383
17.0524864
17.3484879
15.3755951
13.6767435
11.3226833
9.2483807
7.3867531
5.2789974
4.3595943
3.2073631
2.5447550
2.0003903
1.5749875
1.3882600
0.9199392
0.6828367
0.8233216
1.3679781
1.4946585
0.6972840
0.4554326
0.4191168
0.5518984
0.8835908
1.9260017
2.0752368
1.3936720
1.7690610
2.7776861
2.3273444
1.0710355
1.0097704
0.7907835
0.5439831
0.5516636
0.9239589
3.3439975
7.3187137
8.1835880
3.7242050
0.9650989
0.4518828
0.5171703
0.9126453
0.9377029
1.0661192
0.6432623
0.5910655
0.7324680
1.1375982
1.9987051
1.9572804
1.1750202
0.7258360
0.8484608
0.8547676
0.6542466
0.9620124
1.2499082
0.6461911
0.9820371
25.3933506
90.9108963
136.1159363
105.1826553
43.0018578
54.1397858
91.6226120
124.8603210
124.4995956
101.6224899
73.3247910
32.3044930
13.0920658
35.4284973
30.6321926
38.5165634
34.8416100
11.3006830
4.6032238
6.8070683
16.4574814
18.8648949
14.5965490
8.5966368
4.0053101
0.8651814
2.2958899
13.9396954
31.7368469
37.8896866
33.3284683
26.3109016
20.1529102
7.3593707
2.4651108
12.1901779
53.5736771
96.8947601
127.4141541
162.9504395
189.0446472
192.7268677
165.8091736
112.4109344
94.8769836
95.7029114
107.7239151
92.2883224
65.1535110
45.5399628
32.6947021
13.2527981
9.2238121
34.3578033
95.9546661
89.5516129
60.3670921
47.7811356
72.8676376
89.8690186
73.4214706
61.9655228
71.5245285
72.5931931
58.9777184
54.2338829
55.1974525
59.0977592
47.8639984
29.5632687
13.7996922
19.2157822
11.5797787
3.7539670
0.8505225
1.2640033
1.3024484
1.0550306
0.6249344
0.4907283
0.8148948
1.2109203
0.8420422
0.5725573
0.7350836
0.6188175
0.4715569
0.5295118
0.5448413
0.5798181
0.9217998
1.0228945
0.6214308
0.6334153
0.7604232
0.8174878
0.7054107
0.9135064
1.0142276
0.7366482
0.5204499
0.4928981
0.5844307
0.5910407
0.5582064
0.7390394
1.0382687
0.9866867
0.6179528
0.5345345
0.6905035
0.8917132
0.9300593
0.8961070
0.9486777
0.7511916
0.6057557
0.5654075
0.5920363
0.8918138
0.5828093
0.4883092
0.6447727
0.7336092
0.7796912
0.5735341
0.5538830
0.6854576
0.8212513
0.7443991
0.7573566
0.5983441
0.4953871
0.5552251
0.7056209
0.8208587
1.0134405
0.8313110
0.5937338
0.7190072
1.0006052
0.8991705
2.1293163
16.0093594
38.8748817
84.6080322
160.0205688
199.6771851
164.9830475
111.7514267
68.6306915
43.5939407
9.4779711
10.8635168
8.8078318
7.3370066
6.5245757
6.4554286
14.9233770
43.5353394
71.9048080
68.9313965
49.0480537
36.7031403
36.0069237
48.9697990
55.7135620
51.3103218
44.2588730
33.4570274
23.1753387
19.2830772
12.3934498
3.5124063
0.3735379
1.5163805
9.1854115
18.0107956
14.0159388
2.1048214
0.7861602
0.8904349
0.8279651
0.3276362
0.2981584
0.5921037
0.7306579
0.7606453
0.6344153
0.5987134
0.8414753
1.0885952
1.0853050
0.9806103
0.7459981
0.7235180
0.7561293
0.6305333
0.6282501
0.6983367
0.9495915
0.9820766
1.0000244
1.1671569
1.2826188
1.2011650
1.0162466
0.7689782
0.9254701
0.8755769
0.9315566
5.8718309
23.2186546
45.4130325
62.0618362
69.3869629
76.0856400
109.6117554
168.0304108
223.3322296
263.6081543
311.9948425
310.4045105
255.4761505
177.1777496
131.8762970
126.9146347
149.3693695
156.8788757
135.0642242
104.6933899
76.1952286
55.2848053
33.4924126
12.5347281
9.2997799
13.4412870
16.7279778
12.6139460
12.6878796
10.7691517
10.8949537
11.0206900
12.4412441
10.7246981
7.0406361
5.1247597
5.3046131
8.9497709
15.9692440
15.3427114
9.0692844
3.2306678
0.9862293
0.5201389
0.5680239
0.3552562
0.4331411
0.4639044
0.4111075
0.6130328
0.8380692
0.6896510
0.6580622
1.0268683
1.1261166
0.8094952
0.4362292
0.6001527
0.6188679
0.7048585
0.6438563
0.6281589
0.8044637
0.8985748
0.6803189
0.7046800
0.7505497
1.0980862
1.0816082
0.6733087
0.6294848
0.6159198
0.4399994
0.4018737
0.5834627
0.7336973
0.8297607
0.7971829
0.6204467
0.6069043
0.6330101
0.7616957
0.9453876
1.1915455
1.1875070
0.6937980
0.5949591
0.6347420
0.6087626
0.5822510
0.6426560
0.6303801
0.6086352
0.5620534
0.6137962
0.7048783
1.0551763
1.4676540
1.4076014
0.8830269
0.4284087
0.4104656
0.5725172
0.8196416
2.0640502
7.0922699
13.6288719
23.3753662
44.0702362
72.3464737
102.1833191
126.1026688
109.2332840
64.1410599
43.9516945
52.9775391
59.8119278
38.5257339
24.3590660
16.3362503
13.7369976
15.3920250
25.2710743
40.8226280
42.8850822
41.4858398
35.5047455
24.9782524
13.8955479
13.2450800
13.5418024
17.7602539
23.8419495
19.5313015
12.6684933
8.8425121
20.5331821
61.6740570
85.0537033
93.2845840
92.8100510
87.4434814
83.9804230
72.8796387
51.2043457
27.7121563
22.9020844
26.1375790
33.7713318
35.5409775
32.8674889
33.2616730
34.0567703
26.7797546
12.7773609
4.2053909
0.9159530
5.8844891
33.5010185
57.6243439
49.1377754
41.8023453
27.5588799
13.0039101
6.9371629
6.3944521
5.7880049
3.1470194
4.3765721
8.1511345
10.0192451
7.8425608
4.7395301
3.6024027
4.2309790
3.4050717
1.4456671
0.9822390
0.7606839
0.7959215
0.9012148
1.0512222
0.8302511
0.7329898
0.6013671
0.7264613
0.4924412
0.5850312
0.8647525
0.9152513
0.8841283
0.8347256
0.9025456
1.0773199
0.8505086
0.8206425
0.8953024
0.9369839
0.8537150
0.8156382
1.1324055
1.0104133
0.7971165
12.4230061
55.5287399
105.8097763
119.6623077
88.4708252
39.2253494
12.7340698
1.4998643
2.6754689
21.0349731
45.4442139
56.1994476
62.5875435
90.3064194
143.9593658
191.3641205
196.4662933
146.2516785
86.7869644
47.1695633
33.1544495
42.4577599
42.4613686
34.7243004
22.0652657
19.7832870
20.3985920
18.3250008
12.2232943
7.4224682
4.0905886
6.0820179
16.7157402
33.2164612
50.3339081
53.2251663
39.2272148
21.6057281
15.7354040
10.7660027
7.4619765
12.6778469
42.6102180
55.1031494
50.4601288
44.1413231
39.1390533
39.0419235
57.2076035
52.7234535
26.9988708
5.5574441
1.5454530
1.9676847
14.4836750
45.0168419
52.9023285
31.5476303
12.9057436
6.6557045
3.9648652
1.6842238
0.5389011
0.7634316
1.9299822
4.4192667
9.9193001
23.8640480
42.3307991
52.1418648
46.0436630
28.8057976
13.5690813
17.7136536
17.1797581
12.2604370
31.7909546
39.2508278
38.5517044
36.0610924
32.1400986
31.8445148
36.3984489
39.8932533
38.7171974
33.3450089
31.7686501
34.8980141
55.3374977
75.0840149
85.7598877
62.0164757
33.6665077
12.2864809
3.6826894
1.4044363
0.2617582
1.8808711
14.6444349
29.5002060
22.5450325
4.3907208
0.6594539
0.5393620
0.3079832
0.3563991
0.7711763
1.1157970
1.1984743
1.3952879
1.9064966
2.2939210
2.5313008
2.3399756
2.3643134
2.0498908
1.8570455
1.4529661
1.1522851
0.8691579
1.0550767
1.1064006
1.3830938
0.8952276
0.9748147
0.9321921
1.7098628
24.3994999
75.1315689
105.8141632
82.0139771
31.9846821
15.4398022
13.9128180
16.5087013
13.1781235
7.1420546
4.9040017
6.5352154
12.2706642
21.1604595
25.6329536
22.8782730
19.1046810
17.1676216
14.8367367
9.4650679
11.4731283
14.7393541
18.0967731
58.0702209
131.7398071
164.3264313
128.0291138
78.4894257
64.6565628
104.9905243
156.1778107
148.7345886
102.4842758
63.4183769
45.6606789
42.3048973
31.4361820
13.4873352
5.3202710
2.4332237
0.4945982
0.2205597
0.4936981
2.6141863
3.0461011
2.3150990
1.7383251
1.3798727
1.4551092
1.2336236
0.8948417
0.7939290
0.5572750
0.3911061
0.5279750
0.7945072
1.0778470
0.8850127
0.6798445
2.4849613
9.7007046
20.9477215
48.3684692
85.6440201
108.3383942
107.2775497
85.2741699
55.5906982
26.8736229
9.3838120
4.4942307
5.0768943
33.9094162
73.4066772
74.9574356
46.0386696
16.0677376
8.6431694
8.2578144
7.7339239
10.2788696
13.1322136
31.2656307
53.2764053
50.4532051
29.3343658
14.7905788
10.0100698
13.0749063
15.6661520
17.0319672
19.2129250
20.8715858
17.7579689
11.2791910
5.0267572
1.5414009
0.8628216
3.3498964
17.5377502
40.7279282
49.4915199
40.6540260
31.5782604
29.1038895
24.3337498
23.0751133
25.9438400
21.6813736
17.4716206
21.1129150
19.5300598
10.1979113
2.5921836
0.9588287
0.4397804
3.6654024
14.9317532
19.2229137
11.6075821
3.3470471
1.0987144
0.6908185
0.8795030
1.0318550
0.7436704
0.5291708
0.6715946
0.8402142
0.7465870
0.5998613
0.5862731
0.6668158
0.9039065
0.8555360
0.7591314
0.8497920
0.6533405
0.5417222
0.4746940
0.6017206
0.7587693
0.9071110
1.0094739
1.1959169
1.2441063
1.2095145
0.9414428
0.6966909
0.6673876
0.9043016
2.1453607
2.9359441
1.6916816
0.3227881
0.1933685
0.2825339
0.7322724
0.8423802
0.8448161
0.7652077
0.8684939
1.1138182
1.4376774
2.4495077
3.9471731
5.0327349
5.6940317
7.0388675
14.0559683
24.3660831
28.2031860
23.3158016
16.1475792
12.8539600
8.1736937
5.5443225
5.6931720
6.8778696
7.0267787
5.6233974
8.6600838
8.9819164
6.5697432
8.5669994
7.0328426
4.2998819
3.0472093
2.9360180
2.7316451
3.5962198
5.4501767
6.0569439
6.1211371
5.3576946
3.7614672
2.8037591
4.6989069
7.2157340
6.4660783
4.7894249
2.8799725
2.0263352
1.9201157
1.9779321
2.3551562
2.0522246
1.5828874
1.6243008
1.3400592
1.2039045
0.8358219
0.5032337
0.4803618
0.7311153
0.7909049
0.5437294
0.4670959
0.5497339
0.7707323
0.8650376
0.8850940
0.9042251
0.8820606
0.7734561
0.6417542
0.5729975
0.7638590
0.7902172
1.2521456
1.0572858
0.7511210
0.5338949
0.5198005
0.7067678
0.5425419
0.6037924
0.6531990
0.8669297
0.9194675
0.7755380
0.6392918
0.7806327
0.9537533
0.9230832
0.7316276
0.6719618
0.6255474
0.6149836
0.8292406
0.6829460
0.6294881
0.5898411
0.5599423
0.8302344
0.9323007
0.8899694
0.9052805
1.0906686
1.0531069
1.0239675
1.2593496
1.1822294
1.0358495
1.2571899
1.4589500
1.6496890
1.8096617
1.9176079
1.6864144
1.5517967
1.4741435
1.7202588
1.5453146
1.6361417
1.8286296
1.7816696
1.9698839
2.1001692
1.9907414
1.9197698
1.6771660
1.4048357
1.4724488
1.3994464
1.2600148
1.0302844
0.8926916
0.6750562
0.8067912
1.1030936
1.5195695
3.1790609
6.2379971
7.9904795
10.7337275
15.4505424
18.1029358
15.8520479
11.6226616
10.1162205
8.4328136
7.6202207
9.7249041
12.3703098
10.8252544
7.8119750
5.3630528
3.3917780
2.7184541
0.8811409
0.4825736
0.2801035
0.2588951
0.5329217
0.7410415
1.0811265
1.3500453
1.2181575
0.9970207
0.9940072
0.9526038
1.0662973
2.3947582
6.2273102
11.9601536
18.1984196
22.6085854
21.1275692
14.8157959
8.4900665
5.0248733
1.0560591
0.4763502
0.5691721
2.6626158
10.3880091
16.4408283
12.3076258
2.8154490
0.5451310
0.3420684
0.3818367
0.4550197
0.5212625
0.7286342
0.5769629
0.5103558
0.6228040
1.4855834
7.7840772
19.3469887
27.2583389
22.5721951
10.6390362
4.6894383
3.7772791
4.0716667
10.6576757
23.2940636
22.4902782
9.0928278
5.8127756
6.6129103
10.7921743
16.2117844
28.6205559
39.8005905
38.1887131
25.4299774
15.7783604
8.7752628
8.2716799
10.9112816
9.6029148
7.9874191
8.8211365
11.2223501
10.3251238
7.3047409
4.9522696
5.7620826
7.9267225
8.6909285
6.3806047
3.9694209
2.1877465
2.1508734
1.6370722
1.7832594
5.4523649
11.9373446
10.5619507
9.5838919
14.3310223
15.3034267
12.7748413
17.5860672
23.0254364
22.4357109
19.1331921
20.6803551
25.3707447
25.7373543
19.7308578
10.8561153
4.3304200
1.2965719
0.4582003
0.3202551
0.6243612
4.8400650
29.5692863
55.8331604
66.6388779
61.7677155
60.7521973
67.7503357
78.5992813
94.0413437
87.4919357
63.1663742
39.3386536
24.8881512
25.2930260
37.7186966
31.3642159
20.4461136
33.4742317
27.0920582
13.5259380
13.4302521
19.0928230
5.5843673
2.5257647
4.7703586
4.0462713
5.6290946
6.7592893
7.9481115
7.6922951
2.5350990
0.1933500
0.1443724
0.7680721
13.4663124
45.7972984
67.2478180
53.0410805
16.7009201
7.6860752
7.1615157
7.8795414
8.4876347
7.2921033
5.7221546
4.4510574
11.6843061
40.1606750
80.1178131
93.4766846
78.7269669
58.0354118
54.9335136
65.4702225
73.6439056
63.8590202
38.4357376
24.2757492
44.3404999
80.1875381
80.4297562
52.2097473
22.4677162
40.9242706
35.7060661
23.2491798
41.9534378
86.1338654
83.8914337
52.4725800
33.8944626
22.4215927
12.6402416
4.1936245
12.9692659
13.9293013
7.8647089
6.6976223
6.2667899
4.6344194
2.4207311
0.9913487
1.1253234
2.3769290
3.4217782
4.8308020
7.0819325
7.6833396
9.9600315
20.4831581
41.7698250
63.1755791
57.5341911
24.0961094
2.2117879
0.2008481
0.7299497
7.8427334
46.2069473
96.5685883
136.8693390
137.6999817
92.6880188
44.2748985
30.2875957
30.7344990
36.1726494
32.5820770
29.7247105
33.0133553
31.5775852
17.6298027
2.1680276
0.4623435
2.2990417
32.3060188
73.2471237
61.4324837
31.2218189
15.6038494
17.9768753
26.8810215
38.8164253
43.7046852
39.8269577
32.4519844
28.3014965
39.5490341
45.2638245
35.1355057
14.1717005
2.8159628
1.1796715
1.9359491
7.7845154
11.2627983
5.7836304
6.5412941
14.6205635
21.9891930
21.1635933
14.0176573
13.4380054
15.3587837
20.7004452
25.4698124
27.8889656
31.6976910
38.6086731
46.2111740
45.5542068
36.1415634
33.3833847
41.4769096
54.7705994
50.9558487
40.7144737
25.9368114
16.0658894
12.2370453
16.3199120
21.8288422
19.6998596
12.6936989
10.8899136
16.5909843
9.3025923
20.0473671
16.6923676
19.2667789
26.5119820
18.0104637
8.6901016
23.8578911
24.9194736
19.4035740
38.3889236
53.6823578
63.5599174
78.8821411
105.4097977
102.1962204
86.0120087
57.9412308
36.5552368
52.7691345
53.5742645
49.2306938
55.2814865
68.2765198
68.7522278
59.5727081
50.9752846
41.4537735
51.5639534
71.5788269
80.1933212
69.1321487
41.1302452
19.6708927
10.6589260
7.3317132
5.5920229
5.2588511
4.2559261
3.2554138
2.1327968
1.5677100
0.8542691
0.5081849
0.7330842
1.2477481
2.4882894
2.4896145
1.0612268
0.5497977
0.5052783
0.5289092
0.5967584
0.7181013
0.7772817
0.9165494
0.9994076
1.0043179
0.8813605
0.8257348
0.7098151
0.8391018
0.7960635
0.7956225
1.0978984
1.6474851
1.8333864
1.6832354
1.2061919
0.9279820
2.1452467
4.4540396
5.6394486
5.2843652
5.1449189
8.7794065
12.3417978
19.4261551
29.0878716
37.6985016
44.1413040
47.7443008
44.2415314
37.8116798
44.5259781
59.3770523
56.5864716
52.8799515
61.1486778
63.0862274
47.4634552
42.0323982
38.4333038
37.8485641
46.6707001
38.6875725
21.9181843
19.8175926
40.2530632
49.3113098
43.2360344
40.1648064
51.4304619
82.0579224
82.2707520
44.2514610
20.3500061
25.8485260
32.6967735
54.0021172
68.8674011
81.8525009
71.9059143
49.6391373
64.1876221
68.6762695
47.6159706
69.1168137
77.0291748
130.7349854
184.1235657
170.4469147
111.5985031
100.7425995
95.6041336
93.8218079
80.4121170
77.0515213
62.6878853
39.1625252
47.0305710
62.4736061
56.9346962
27.6343327
7.7511644
4.2316465
3.1743712
3.1803398
2.8468060
2.1495514
2.0915036
1.7468270
1.5022146
1.0990530
0.7944108
2.3621490
4.7423277
4.7878532
2.1657538
0.9535966
9.5866642
29.9856167
38.6724434
32.6479950
19.5685787
13.0172539
14.8938913
39.4307671
74.5844421
87.3358383
89.5346985
95.9320984
107.4392395
114.6982803
113.0963669
104.4375305
97.8177490
94.1992645
71.1729126
30.7017002
7.1502686
1.6071410
1.2110739
0.8306185
0.6120670
0.9450974
2.1119041
3.1683729
3.2194524
3.0428805
3.1522729
3.7218964
4.4477119
4.0945139
3.1795678
2.6744905
2.4308605
2.0003259
1.6188756
1.5690882
1.0469073
0.7690035
0.8018854
1.1849294
1.5513002
1.3588153
2.1391003
5.1068397
9.4341164
14.2432814
21.2427711
37.2394409
83.1744461
139.1597443
148.4457703
103.7060547
81.8505859
79.0901031
68.3742523
43.8170547
53.4255714
135.7761383
197.5293732
169.9738312
130.4987183
107.2760086
70.3039474
34.6408157
6.2728343
0.5837005
0.3326774
2.3337383
10.6755886
19.2986164
27.6128197
38.2769775
47.4925232
52.9288025
42.9018021
32.2598991
26.6379337
24.3424034
22.6957588
23.0835495
40.7906418
65.5590591
94.3940811
114.1714401
120.6611862
128.2646027
170.1550140
162.5573120
106.4922791
37.3581314
22.8013840
15.8235569
9.4824009
8.0869932
6.0710373
2.9249415
2.9682586
19.2174568
48.2860451
52.5877304
29.8272858
5.5789270
5.4470811
30.5826607
115.2429581
200.2951050
211.6272278
160.0233765
100.2196426
45.7734642
11.6139803
2.6842120
1.4157870
1.9069617
27.7735920
82.9157639
90.0335693
55.7975006
33.8605766
25.1793861
21.6908875
18.8092194
13.5474644
8.3931217
6.8167343
4.8405113
0.6425973
6.7561111
40.7208405
87.5003204
89.3818436
52.5481377
27.6358604
16.7433281
11.9902630
10.4771080
22.3600597
38.9549637
47.3614655
38.0527802
28.2765961
20.1439228
11.4568214
6.2304554
2.5583563
9.4485874
22.9149437
26.1664505
26.4690819
35.6209068
36.7218056
23.4861565
13.8936539
9.7998791
7.9410295
12.4563313
13.7166634
8.7054844
7.2234454
9.0424852
13.5773849
15.5389414
16.1114941
15.9139643
13.6250811
8.7176228
5.1712713
3.9398136
5.3126965
8.7595158
12.5820370
21.3444672
37.3806190
60.5886307
80.2345810
81.8341980
67.8857193
45.2700424
29.4178638
29.8318100
36.3031311
37.6414833
25.3839245
14.3330021
13.3762598
21.0007000
32.3441849
30.4475937
20.6103935
12.3613281
8.6423674
6.0468931
4.9512854
7.3370838
13.7351665
18.9776859
11.6580925
4.7767367
2.4249823
2.8004956
3.2626865
1.9925842
1.1984994
1.0496682
1.0649164
0.6406683
0.4775355
0.6199059
0.7259261
0.5849516
0.5515949
0.6869586
0.8752934
0.9162589
0.9402320
1.1487809
1.3076863
1.4337376
1.3468136
1.1890860
1.0615648
1.0019287
1.3016475
1.4468396
1.2345808
1.2307233
1.0606660
0.9540767
0.9846433
1.2344414
1.2520633
1.2423023
0.9950609
0.7502765
0.8573060
0.9473728
0.7963192
0.6633639
0.8442253
0.9107800
1.0346178
1.0766876
0.8833989
0.8128395
0.7946312
0.5918211
0.6722145
0.8940200
10.9791870
28.9600811
41.4774017
70.2490005
98.7568817
80.6171188
37.7960358
24.7448101
21.6224461
13.7253885
11.1628513
70.3751373
136.3233948
161.3339081
140.8520203
103.2529373
75.7448425
55.9683800
45.0893860
51.4776459
66.7247391
72.2944946
56.7486801
36.6753273
21.5479221
9.3049812
1.5709528
1.5888281
10.5261736
22.9583282
18.4241352
5.4444032
1.2805758
0.4210375
0.2274279
0.3879811
0.3892656
0.7330375
0.7733657
0.9455198
0.7745420
0.6919856
0.7230569
0.7765131
0.8396678
0.9502000
1.2007327
1.2447381
1.0169476
0.6751680
0.5259638
0.6459471
0.7485408
0.9035793
0.7386390
0.7172059
0.6835527
0.8509386
0.8631470
0.6687722
0.7527028
0.9090037
0.8952748
0.8856922
0.8420800
0.6691160
0.4443842
0.4696997
0.8753694
1.1355225
0.8295686
0.8135977
0.8473169
1.3561389
1.2261803
0.7978714
0.6900171
0.6222727
1.0087461
1.1823218
1.1185189
1.3179920
1.2964754
0.9930318
0.8660451
1.0881749
1.5082941
1.4756207
0.6728774
0.6484386
0.6183991
0.8072156
1.0210961
0.8008749
2.0915983
4.3829598
4.6119733
11.5982857
48.9458427
119.1956177
194.4279175
230.0971222
213.4966736
160.2814484
100.7691422
70.1224747
82.0718842
97.7631073
80.2110519
60.8325691
44.7241402
32.0694199
19.9531345
11.9891949
9.5013733
37.3515930
112.2201996
124.7996597
73.0300446
30.9309177
9.0016623
18.3272266
42.5871887
50.3320160
41.1463661
29.5543556
13.6266384
16.8370972
22.4062843
13.7167950
10.1971102
18.1629868
34.0732384
29.0938091
15.8622446
13.6926365
9.5284929
5.5140409
6.0618143
24.5852985
42.7864609
36.0415993
20.3091621
28.2127266
36.4905510
36.7775612
33.7729721
24.8155346
11.9085474
3.5674467
1.3998539
5.1917691
6.8626838
2.0410089
3.9872715
34.7252350
82.7041855
110.6838913
108.4345779
83.8434525
47.3679123
30.3203449
29.8208160
34.3206711
45.7544823
37.6805611
17.9157333
16.1787453
37.5384979
48.8637848
39.0489845
31.4570084
37.2894058
54.2295456
47.2245140
27.8311615
14.2957821
11.1198082
15.2621384
16.6332092
13.6222563
10.6703129
9.6762943
9.0458660
7.1864452
4.5820522
2.1036615
1.5170649
1.5981083
1.4307952
1.1622083
1.1777878
0.8755005
1.0058631
0.8210769
0.7331128
0.7739767
0.7682698
0.6849197
0.5000993
0.5068523
0.6674562
0.8559406
0.8598944
0.7172699
0.3973892
0.4653307
0.8010872
0.9946627
1.1114442
0.8075668
0.5508860
0.5414354
0.6183665
0.5411740
0.6492971
0.8100334
0.7592531
0.7550039
0.8919313
0.8889816
0.7259933
0.8034453
0.9365448
0.7369218
0.5615027
0.6791893
0.9368047
0.7291155
0.5928714
0.6895647
0.6865479
1.2971236
2.3092010
4.7796764
8.5321903
12.9990578
16.2221947
17.2470455
15.6077795
24.8852062
61.7096443
106.0269623
114.8687286
76.3789520
40.3565102
17.2322693
13.1386728
7.7202229
26.8521538
74.3499985
84.7138443
85.3458633
103.8229370
128.7363586
123.2782059
110.9696884
102.3864594
91.5957642
54.9514580
27.7686195
8.4313450
1.0636144
0.2274120
2.1019020
18.2230759
33.3044739
25.8492088
7.8748875
1.4201117
0.8739381
1.3949647
1.4682544
1.0457033
0.5181783
0.6241657
0.6565269
0.7432127
0.7682043
0.5746835
0.7164006
1.1895261
1.0974950
0.6317992
0.5389981
0.7013707
0.8344232
0.6550393
0.6346594
0.6652676
0.7465576
0.5846947
0.5805907
0.7314932
0.7173665
0.6385465
0.7780528
0.9277071
0.9335379
0.7955848
0.8326005
0.7753841
0.8147284
0.5930601
0.5035486
0.6696234
0.6676188
0.6900409
0.7585900
0.8737734
0.8777618
0.8281544
0.8737326
1.0712615
0.8764911
0.7209079
0.6016067
0.4513587
0.8089682
0.8639817
0.9569985
0.9452834
0.7248274
0.6570957
0.6983925
0.6837154
0.9276091
3.4521267
56.4797211
157.1112366
212.6077881
172.9161682
99.0273972
73.6217041
63.9170570
48.8839722
35.4843521
22.7849541
16.7514420
30.0487614
39.3556976
35.2577400
20.7832108
16.8158493
27.0551758
40.8973122
67.2478561
90.6881638
80.7298813
45.7780075
19.9559193
10.9425488
8.0129375
8.2877474
7.2778883
3.4167774
1.6613035
2.2407494
2.7759118
2.8528101
17.6696377
52.0365944
77.4945908
70.3601303
39.9564285
19.8287849
13.3898153
13.6158495
10.8097496
8.5841112
6.6283779
5.5395041
11.8856564
31.0238667
47.3346291
50.3444977
41.9785728
28.4665985
18.8251286
21.0784607
23.7844143
23.8873043
17.6235771
9.3002214
4.5372219
1.8426516
0.9729553
0.5816293
0.8400638
0.9332595
0.9621607
0.8217105
0.5712119
0.6505872
0.7602762
1.0539558
1.1406391
0.9439689
0.6172113
0.6082550
0.7563297
0.7458630
0.7188087
0.5663236
0.5986201
0.8176855
0.8823639
0.6533945
2.6716189
8.1497202
10.6955414
5.9063401
0.2519816
0.3543114
0.8354467
1.0655537
1.0342084
0.8392559
0.7164017
0.6277136
0.6687371
0.5641361
0.8197520
1.0421971
1.4852979
1.5150421
18.1657658
77.4726868
165.8704529
225.6430359
202.2016449
114.3798752
43.2358284
20.5603333
22.0927982
19.2828598
10.2507801
15.5268517
26.7943363
19.6644402
9.4144850
3.2700515
0.8634790
1.0345211
0.8951970
0.6386642
0.4600805
0.3570828
0.6591041
1.1022575
1.1225711
1.8998075
14.3419256
36.5673981
47.1132774
40.2458267
32.1064491
30.4131012
24.2512207
28.6808395
52.9634094
80.6791840
92.4972382
90.8356247
83.5234756
69.3792114
59.5590744
95.4656143
112.9586334
110.6066208
92.2677536
64.0273590
35.5867119
10.2950392
2.7876725
0.8802357
0.2090430
0.2946684
0.3850823
0.7959439
1.3612871
1.6588752
1.5686980
1.2270851
6.9897170
65.8519974
169.3030548
228.7323914
197.3524170
105.4259720
62.0100899
52.4404297
58.3610458
48.5831261
33.2719574
50.0182800
102.0303116
114.1357880
115.8188705
105.8938293
86.1784286
61.0356522
41.0863533
70.2562256
99.0500946
80.3774185
31.2903328
4.8691683
6.6338139
15.1872692
19.4951515
13.6536083
3.1836443
0.3243702
0.0797761
17.3757420
121.4970703
250.1294861
293.8515930
218.2109528
125.2662659
78.0699768
44.6798058
107.1626587
81.4143066
65.1776962
104.4900436
130.0339050
120.6293640
98.9728622
88.6119003
92.8996658
101.1332855
118.6588745
128.4317017
107.8786697
66.3776627
26.8413410
30.9281063
12.4557962
2.2773187
0.8537191
9.2174454
46.6499176
68.0209198
49.6321487
26.2017479
10.3276234
2.2303882
6.8965435
15.3514547
22.7763042
51.1972580
73.3662109
80.3855972
70.7389603
48.8457146
24.9496460
15.1970854
14.9700966
18.2704659
15.4099350
5.2818346
18.0460072
71.2134705
126.4711838
122.1147842
60.3195343
17.6023617
11.3442535
22.7354774
14.9123278
5.2489438
9.1825953
14.6052666
11.8508434
7.8922586
5.6567292
5.0020819
5.7068806
21.7304535
62.6743202
98.5729675
94.9375992
64.3207016
40.5514946
46.8015976
59.3757858
60.2722473
49.2437897
37.3968239
24.9779835
16.3884506
16.0318851
47.4214325
114.5465698
161.6200562
137.8264313
80.9766998
39.0930977
25.1303730
12.8845873
6.0978670
4.9559226
24.8633575
71.3002853
94.8833923
73.6430130
39.6557007
46.7712936
62.8055496
57.7519875
39.1381950
39.9784660
32.7615204
21.1599426
11.8364563
7.8754001
9.5037155
12.5600977
14.8183956
16.7945309
15.8183765
14.1470633
9.7328339
5.3596535
2.8568304
2.4420929
2.4742320
2.1317091
1.7355171
1.1957949
0.7223004
0.5721132
0.5423599
0.6415938
0.7546966
0.6096718
0.4636463
0.5747862
0.6843179
0.7270472
0.8480546
0.9410675
1.1305401
1.2211335
1.0213852
0.6841110
0.6816650
0.7458113
0.8387008
0.5394111
0.7086357
0.7545885
0.8983407
0.6395723
0.4888938
0.5953254
0.8615308
0.8591193
1.1645420
4.5866752
12.9322605
22.3234711
26.5547371
23.2966156
27.9823132
47.4953270
62.2041016
58.4389877
39.4116211
15.8534708
5.7882819
9.3223228
56.5148773
144.8062134
179.5831757
154.3509521
124.4106216
80.1022873
38.1831665
34.3502922
37.7080879
49.0998993
39.7838516
17.5037479
7.1228900
11.0720749
40.9154663
71.5227356
57.7702484
28.3903599
12.3636389
5.9991822
8.5488338
22.4015293
26.4674816
24.9598141
19.7124977
22.6681290
25.1360569
19.6744709
16.0620804
17.0458946
45.1077614
63.1687126
44.0457954
20.6276970
10.7304859
16.3407993
28.0986214
52.3148232
77.0129013
70.0544586
42.1602592
18.5665588
11.0028687
8.2106571
4.2270889
2.5179687
2.2905874
4.8545542
23.5549107
65.6143951
102.8438339
98.0410156
56.3888130
27.7003975
15.7130365
20.8503475
21.9133167
17.9856453
18.6040039
40.3789482
68.3128586
80.8823471
77.4484787
76.8486938
79.8236694
80.8682404
74.2084427
70.1486053
72.1431351
71.0614853
54.5497704
36.3571281
32.4602737
29.2278843
18.4442844
9.6891584
12.3403091
16.2531147
9.6834631
24.2333393
48.8007584
46.8331833
23.5833511
10.1631651
7.2142639
4.6651335
7.7079778
16.4685402
46.6253433
78.0552292
88.6091003
90.4905243
87.3450470
72.4573593
49.8338165
35.1164856
37.8975563
43.8332901
47.6249886
35.5231094
22.8080769
15.7180405
10.2349157
6.8587675
1.3002347
0.5901729
1.1623073
3.5170667
3.9824495
1.1748186
0.5712437
0.5340175
0.4439384
0.6720750
0.9267138
1.1003959
1.3168544
1.4780639
1.6862135
1.3681937
1.0044725
0.9714952
0.9331132
1.1619308
1.0828966
1.3540459
1.2121375
1.1436648
1.0524491
0.8329551
0.7156919
0.6931893
1.0051303
0.8420830
0.6991732
0.6675445
0.7712997
0.8580922
1.0235906
1.1100271
1.1443263
0.9237791
0.7061570
0.6114994
0.7853609
0.7177374
3.4287257
21.0234146
43.4143562
45.9600525
33.7497864
36.5416985
50.2084541
45.7783661
37.4580231
37.8195839
30.1830978
16.5935898
2.5654767
3.6958573
9.2401867
8.4087162
1.7860110
19.5095654
77.0923691
128.5548401
125.7880249
97.0389404
83.6023407
81.1524124
70.2553787
47.8508759
48.0047607
39.0503387
32.5747375
43.3737030
53.1890755
39.0928230
24.3747730
32.9970932
32.4682388
26.4708290
59.5291023
123.2176208
125.8611298
83.6924438
52.8473396
31.0355225
26.7994576
31.3992519
24.5255718
10.2061672
4.0227447
6.0530901
31.5654659
42.7877846
26.4709187
13.8881216
20.8826199
22.9734116
18.3021412
12.8488255
10.8007135
7.8105974
3.7687390
4.5534325
5.4723992
2.5145733
4.7444215
14.5509319
22.6370411
23.0673599
20.2766323
16.4227390
16.7470608
20.5723381
23.5297546
35.0861931
49.2559052
55.0840263
54.4754791
50.6701584
43.7753067
35.2705650
26.2834206
20.1594105
29.1325722
32.9998779
19.1451569
3.6684694
0.3543497
0.4958630
2.8640623
9.4338598
15.5434017
16.3803635
17.4364376
30.0287342
52.1826477
60.9995804
45.1351967
22.1655941
17.3374653
23.3514099
40.1457291
44.1035118
28.0646439
18.3170090
12.2794628
9.6890059
13.2604427
22.4027691
31.7338467
26.6871834
16.7690201
10.3283176
9.2490578
6.5292230
3.8097425
7.0977221
12.7291584
14.7000513
10.1410961
9.1410313
11.6015234
8.7147636
2.8727541
1.9241897
2.7174463
5.7534842
15.5547466
29.2856579
34.2092018
31.2363701
30.1063747
29.9830780
22.6834812
19.2523060
18.9512482
19.6937428
21.5458012
24.6945896
25.9651279
17.5153408
8.4082918
6.2540359
8.4331417
10.5593233
11.8909092
8.8268843
3.7544143
5.3784404
8.1005507
6.8614583
5.0270033
3.4492183
2.1202700
1.5060892
1.1919309
1.1524810
1.3204327
1.2709336
1.0616841
0.8619833
0.8276340
0.7983846
0.9042135
0.5961183
0.5588948
0.5134983
0.8042598
0.9076449
0.7621744
0.7579513
0.8366928
0.9977528
1.1976495
1.5384487
1.3585759
1.0453300
0.8757948
0.8560882
0.9349337
1.0447172
1.2425100
1.0911999
0.8224282
0.6595146
0.4954989
0.6757482
1.1292419
1.3085977
0.9851002
0.7341236
0.8104475
3.4152784
14.6322203
29.5990467
38.0770302
33.3362236
17.9108391
12.7772703
36.0824280
81.7365799
80.3415680
46.3497047
31.7368603
24.0912838
16.4704094
11.8579235
5.9215603
6.3798370
12.8762102
14.3320007
10.5910521
8.1987724
8.2739248
8.1653423
8.4669466
4.9501133
2.0977826
8.4451561
29.0062943
44.7033119
38.6883698
23.5643063
18.3677711
13.3717384
9.2192822
11.8296299
25.1789551
38.1286240
35.9533615
22.1890068
14.3044682
11.6498260
15.4231243
16.5882339
20.3476315
19.5576229
15.2128582
13.9524441
25.9968929
17.6143303
7.1290665
4.8850465
1.9628824
1.9602635
3.1834459
4.5458398
6.7978811
7.4635372
5.0300307
2.5581694
1.6520672
1.4461402
1.3347907
1.1824279
1.0618230
0.8412254
0.8400767
0.6492856
0.5371028
0.8260399
0.7821019
0.7428632
0.7721593
0.9275824
0.8905075
0.7559095
0.7861081
0.8771644
0.8098738
0.7203867
0.7297325
0.7779261
0.8909708
0.8249747
0.6905527
0.9310043
0.9174014
0.9608936
1.0330153
0.7646179
0.9370244
0.9896396
0.7223579
0.8865886
0.9929395
0.9314024
0.8261701
1.0963100
1.0775920
0.7441896
0.8005996
1.2194198
1.2080371
1.0030936
0.9718254
1.0051255
0.8518250
0.7893765
0.8568287
0.9684858
0.9718614
0.8613617
0.9411458
0.8715842
0.9311671
1.0185959
0.9979860
0.8734300
0.8933306
0.9085500
0.7822424
0.6250590
0.5207719
0.7581905
0.8799249
0.9564728
1.0284417
0.8636160
0.8483970
0.6096621
0.5892888
0.7886968
0.8841854
1.1561924
1.2933185
1.5327117
1.8178914
1.5357345
0.9164772
0.9326326
8.6679630
28.0499325
44.4112320
41.8441544
21.7236881
13.1731691
20.4095039
25.9047928
16.7239189
9.4685297
10.9309177
8.0256424
6.1793728
6.6603565
6.9149756
3.2002540
0.8667195
0.7946656
0.4204439
0.4206157
0.8452337
1.6127423
1.6098238
0.9134916
0.4459422
0.6460519
0.7590296
1.0500168
1.0261595
0.9184440
1.0832615
1.3769614
0.9786385
0.7699875
0.7952247
0.6964280
0.7180506
0.4590090
0.6589628
1.1439036
2.2619517
3.4465070
3.2545335
1.8853265
1.0924554
8.4456997
39.0892792
70.3001404
75.3433838
57.9339333
29.3398590
12.8637486
4.1288061
1.4230866
6.7047348
20.0076141
25.1946678
17.0693550
6.5661087
9.0304041
33.8964386
65.3173904
81.3891525
79.4961548
62.5240173
43.6172943
25.6816750
14.2264910
4.4749780
2.7666318
7.4782896
18.0310574
16.9343624
13.8097448
28.7717304
53.4607849
66.8294830
54.3886147
27.0667076
9.1009769
3.0252647
1.2457103
0.6797215
1.6778402
8.8787212
18.8899784
26.5016041
26.3498707
18.4627514
10.4469156
6.8341193
3.4108186
1.8600260
3.1338642
4.3657870
4.1010790
3.6908975
2.9025712
2.1842759
1.5254886
1.3339928
1.4285274
1.2355860
0.9500995
0.7560823
0.7447042
0.7541505
0.7062989
0.7138861
0.7760737
0.9278538
1.0059385
1.0340890
0.9786607
0.7563291
0.6967601
0.6817483
0.6494506
0.5590598
0.4830551
0.9349989
1.0030277
0.6190676
0.5165279
0.6019022
0.6570016
0.7005430
0.5600121
0.5809411
0.7933592
0.8255566
0.8389727
0.7339792
0.7296454
0.6808147
0.7671719
0.7453458
8.6287899
36.7683029
70.3949966
81.5790558
63.0781059
34.6266441
11.9507980
12.4339695
21.0799160
29.0138912
25.3068352
17.5778866
14.1802006
12.7146587
5.5902810
2.9586773
1.5853239
0.8945700
4.4727430
16.8947048
27.1554661
23.2294312
12.9150238
7.6490908
8.5549879
11.6468658
19.5080452
21.9953613
10.9366474
4.3900986
2.6508517
2.7827735
3.5880792
3.9477563
5.8051505
9.7108088
10.4154549
4.5383964
2.4469614
2.7705789
3.2580085
3.2004628
2.8548882
2.6428390
2.0315716
1.6591122
1.3917894
1.6068263
1.2871298
0.7934863
0.6462157
0.6373457
0.8310668
0.8484772
0.7924477
0.6886715
0.5322762
0.8337604
1.0296503
0.9000050
0.8119092
0.7965556
1.0350227
9.0636988
24.5902691
31.2707329
20.7819881
7.5672960
4.6117535
6.6241102
4.6523066
14.2035084
47.5009308
75.6152954
74.9629288
48.2265320
30.7937737
25.7626762
15.1171207
5.1186566
0.6880028
0.4109034
5.5532665
22.9994259
12.0483971
7.9135284
3.5640883
2.3133845
4.4398928
8.1830635
8.9421244
4.0855222
1.1067963
0.4663639
0.6962286
0.7408971
0.3931668
0.3566310
0.6768816
0.7091503
0.8672342
1.0504036
1.3283973
1.4909543
1.3323046
1.0316777
1.0586277
1.0074307
1.0837561
1.1839228
1.3526686
1.4504110
1.5124967
1.2123548
0.9822434
0.8569672
0.8935971
0.7291749
0.2565012
0.0339051
0.0006621
0.0000000
0.0000000
0.0000000
0.0000000
0.0000000
0.0000000
0.0000000
0.0000000
0.0000000
0.0000000
0.0000000
0.0000000
0.0000000
0.0000000
0.0000000
0.0000000
0.0000000
0.0000000
0.0000000
0.0000000
0.0000000
0.0000000
0.0000000
0.0000000
0.0000000
0.0000000
0.0000000
0.0000000
0.0000000
0.0000000
0.0000000
0.0000000
0.0000000
0.0000000
0.0000000
0.0000000
0.0000000
0.0000000
0.0000000
0.0000000
0.0000000
0.0000000
0.0000000
0.0000000
0.0000000
0.0000000
0.0000000
0.0000000
0.0000000
0.0000000
0.0000000
0.0000000
0.0000000
0.0000000
0.0000000
0.0000000
0.0000000
0.0000000
0.0000000
0.0000000
0.0000000
0.0000000
0.0000000
0.0000000
0.0000000
0.0000000
0.0000000
0.0000000
0.0000000
0.0000000
0.0000000
0.0000000
0.0000000
0.0000000
0.0000000
0.0000000
0.0000000
0.0000000
0.0000000
0.0000000
0.0000000
0.0000000
0.0000000
0.0000000
0.0000000
0.0000000
0.0000000
0.0000000
0.0000000
0.0000000
0.0000000
0.0000000
0.0000000
0.0000000
0.0000000
0.0000000
0.0000000
0.0000000
0.0000000
0.0000000
0.0000000
0.0000000
0.0000000
0.0000000
0.0000000
0.0000000
0.0000000
0.0000000
0.0000000
0.0000000
0.0000000
0.0000000
0.0000000
0.0000000
0.0000000
0.0000000
0.0000000
0.0000000
0.0000000
0.0000000
0.0000000
0.0000000
0.0000000
0.0000000
0.0000000
0.0000000
0.0000000
0.0000000
0.0000000
0.0000000
0.0000000
0.0000000
0.0000000
0.0000000
0.0000000
0.0000000
0.0000000
0.0000000
0.0000000
0.0000000
0.0000000
0.0000000
0.0000000
0.0000000
0.0000000
0.0000000
0.0000000
0.0000000
0.0000000
0.0000000
0.0000000
0.0000000
0.0000000
0.0000000
0.0000000
0.0000000
0.0000000
0.0000000
0.0000000
0.0000000
0.0000000
0.0000000
0.0000000
0.0000000
0.0000000
0.0000000
0.0000000
0.0000000
0.0000000
0.0000000
0.0000000
0.0000000
0.0000000
0.0000000
0.0000000
0.0000000
0.0000000
0.0000000
0.0000000
0.0000000
0.0000000
0.0000000
0.0000000
0.0000000
0.0000000
0.0000000
0.0000000
0.0000000
0.0000000
0.0000000
0.0000000
0.0000000
0.0000000
0.0000000
0.0000000
0.0000000
0.0000000
0.0000000
0.0000000
0.0000000
0.0000000
0.0000000
0.0000000
0.0000000
0.0000000
0.0000000
0.0000000
0.0000000
0.0000000
0.0000000
0.0000000
0.0000000
0.0000000
0.0000000
0.0000000
0.0000000
0.0000000
0.0000000
0.0000000
0.0000000
0.0000000
0.0000000
0.0000000
0.0000000
0.0000000
0.0000000
0.0000000
0.0000000
0.0000000
0.0000000
0.0000000
0.0000000
0.0000000
0.0000000
0.0000000
0.0000000
0.0000000
0.0000000
0.0000000
0.0000000
0.0000000
0.0000000
0.0000000
0.0000000
0.0000000
0.0000000
0.0000000
0.0000000
0.0000000
0.0000000
0.0000000
0.0000000
0.0000000
0.0000000
0.0000000
0.0000000
0.0000000
0.0000000
0.0000000
0.0000000
0.0000000
0.0000000
0.0000000
0.0000000
0.0000000
0.0000000
0.0000000
0.0000000
0.0000000
0.0000000
0.0000000
0.0000000
0.0000000
0.0000000
0.0000000
0.0000000
0.0000000
0.0000000
0.0000000
0.0000000
0.0000000
0.0000000
0.0000000
0.0000000
0.0000000
0.0000000
0.0000000
0.0000000
0.0000000
0.0000000
0.0000000
0.0000000
0.0000000
0.0000000
0.0000000
0.0000000
0.0000000
0.0000000
0.0000000
0.0000000
0.0000000
0.0000000
0.0000000
0.0000000
0.0000000
0.0000000
0.0000000
0.0000000
0.0000000
0.0000000
0.0000000
0.0000000
0.0000000
0.0000000
0.0000000
0.0000000
0.0000000
0.0000000
0.0000000
0.0000000
0.0000000
0.0000000
0.0000000
0.0000000
0.0000000
0.0000000
0.0000000
0.0000000
0.0000000
0.0000000
0.0000000
0.0000000
0.0000000
0.0000000
0.0000000
0.0000000
0.0000000
0.0000000
0.0000000
0.0000000
0.0000000
0.0000000
0.0000000
0.0000000
0.0000000
0.0063603
0.2142911
0.8442972
1.4925123
1.5560731
1.1873429
0.8685767
0.8157609
0.6130468
0.5865464
0.6937283
1.1949999
2.9711399
6.9673524
11.0224152
12.8365946
13.3390551
28.9358444
69.6675949
114.8977203
147.0387115
156.2536469
147.1031952
132.1958618
112.6007919
78.6001511
46.8249397
28.2085266
29.5013485
78.3178864
108.2946472
100.9186783
89.6577072
93.2519379
104.4036179
99.8302765
78.8648300
46.1260262
41.0571022
39.4484673
34.5598717
28.7059555
10.0673304
1.8708402
4.8027835
16.2353725
18.0686932
7.3898020
3.7966895
2.9408417
2.2371798
1.4466423
1.0392398
0.9742190
0.6171838
0.5767687
0.6851557
0.9910747
1.0275795
0.7975908
0.6753721
0.6830382
0.9791946
0.8649721
0.4959995
0.5808014
0.6702484
0.9036335
0.7732251
0.4339654
0.3570074
0.5148689
0.9449883
1.0860572
0.9791254
0.7489434
0.6642666
0.6130964
0.6472884
0.8953713
0.7709885
0.7567058
0.8044530
0.7284810
0.6850337
0.7840356
0.8551497
0.8651786
0.8308101
0.8170816
1.2564744
1.9987458
1.9542865
1.0864031
0.6135934
0.5319859
0.4966906
0.6650389
0.8681517
1.2764053
1.6113380
1.9068252
2.0430069
1.9548049
1.2555548
1.1983683
1.8296043
2.3698375
2.3514271
1.6652101
1.1629074
0.8225412
0.4618371
0.3764006
0.5712450
0.9315165
1.0903339
0.9193058
0.6907626
0.9486926
1.5219936
1.7896628
1.2832307
0.8148153
0.7046556
1.0129577
1.0541755
0.9160753
3.2736564
11.5661659
17.0449963
10.7825127
0.6329533
0.7535030
0.7185982
0.6797319
1.0436764
14.8446436
55.3079491
105.5370178
139.8060150
137.5315399
114.3314133
74.9748383
50.9515686
23.4806194
9.9083300
74.6119080
221.6673889
282.8658752
213.6607361
138.9365387
68.9256821
65.4033661
38.6919594
28.1657658
53.3303986
153.4673462
267.6034241
276.6015625
244.5750122
179.4172516
100.5224686
51.6149216
19.6254959
9.2529011
11.8769121
12.7723179
13.7456932
53.3628616
104.0720291
108.9180450
94.9835587
92.7375870
92.3397369
77.8727112
95.1409607
121.9603195
134.2160034
159.2579803
166.1882782
144.7694092
117.3917160
93.2803802
46.8748856
15.5478086
5.8415432
24.5271492
118.3860168
225.0326233
211.6562805
105.1428528
27.9504642
8.0271873
2.8440392
20.0934486
77.0917358
132.3328552
152.9300537
117.5516052
54.3718796
27.2386723
42.7760086
80.8788071
111.5484238
101.3203506
52.0146790
6.4891281
3.4063685
0.9194034
5.2072840
20.2417679
26.1752453
44.2700500
89.2801743
132.8063507
138.7139740
104.6603012
46.3976555
11.6757307
2.8750875
0.9762298
0.2938547
0.1911449
12.1783409
49.8398819
71.8005371
55.2328949
28.8044147
17.7551460
15.3777390
12.1091681
15.4579754
33.7140732
40.9266930
34.2024994
30.4147282
33.2066002
35.5956917
28.8280163
21.1534138
17.4163551
19.8432198
19.9551144
17.8410206
16.9284325
15.6434240
14.7410002
13.1709728
9.3910961
5.9105253
3.7905872
3.4474268
5.1091537
7.4784017
6.3764744
5.9190173
8.5703535
7.7664680
3.0795054
1.1411545
1.4541653
1.6227484
0.8737209
0.6685113
0.8709810
1.2552886
0.9288334
0.4035944
0.7499074
10.4259548
31.8060875
44.4414673
44.3572464
46.3356514
47.1819916
27.6981812
4.4329233
1.6310331
4.5088592
12.4799223
25.1145706
50.1009369
81.8623047
112.8394394
134.4094086
141.9605255
107.9009247
74.5421295
28.8133221
65.6395950
61.1801071
26.7013950
26.0853081
65.4406815
102.5883102
107.2126465
98.7700500
69.4660339
37.8333626
20.5954189
15.0525303
29.1577148
54.0775528
90.5053864
106.3975601
97.9410706
64.5395508
44.0661850
40.5831566
45.0159149
46.2328491
38.3475266
28.5515099
16.6731434
7.0824480
3.9605639
7.1388621
5.4536099
3.4739823
2.4114227
1.6906362
1.2930658
1.1848029
0.8828070
0.6120567
0.4436702
0.5411875
0.5393430
0.5797600
1.2387805
1.2976540
1.0453737
1.1260296
1.1149644
1.0869913
1.0770582
1.0131466
1.0090368
0.9973718
1.3555571
1.5310268
1.7215222
1.4785700
1.0547366
1.1415540
1.2042464
1.0768530
0.8807972
0.7524481
0.7883264
0.8811961
0.9808372
0.9282222
0.9858695
0.8846685
0.7369304
1.3819908
2.7143645
3.4716692
5.5015283
33.8115425
84.5049591
107.5634155
82.0140076
45.2836304
14.6231642
8.4486332
2.9253263
9.0832434
20.2618217
39.5001984
68.0282059
111.4479523
153.3479614
150.5166168
102.4382324
58.1919022
33.3736649
23.1089802
21.2753162
11.7694702
10.0507002
9.9206915
8.7471437
5.9624825
3.1021063
4.7128034
21.9578209
80.1062775
150.9949036
168.8794556
149.4720459
122.1484604
104.4664078
72.9161682
48.9564362
41.8342781
84.2828293
83.0337601
72.2897568
46.8472557
28.8706245
42.3210640
49.3937531
40.1658783
14.3774328
3.3845670
0.8740377
2.1569018
15.6242237
32.6137772
32.7784271
18.4889126
6.9581218
3.5317273
2.7015390
2.5280323
2.0730581
1.6067053
1.1587331
0.7267865
0.8267319
0.6956105
0.8039855
0.6345157
0.8488108
0.8999927
0.9149808
1.2038889
1.4800298
1.5273619
1.7779495
2.0122480
1.6344190
1.0772400
1.0730140
1.0821735
1.3583041
1.6389602
1.7395777
1.4233551
1.7954206
4.2770910
15.2336597
60.2407417
138.0366364
180.7253723
136.8212585
37.5691109
5.8734226
1.3460087
4.8009620
39.2443695
90.8949509
102.6882401
84.5457764
74.2823105
67.7251129
74.1313171
121.9377213
173.7941895
147.9619904
83.0863190
38.5165024
18.0336914
25.1509838
20.5774021
21.3666725
33.8676300
43.0190048
46.8416901
41.5277634
26.6189995
15.9530334
54.0873756
132.3028412
172.5701294
134.6224213
67.2833252
29.0426407
17.8754597
16.4257278
13.1732044
26.8708839
43.9402733
49.5997658
38.6563683
15.0741949
5.0059557
3.0043283
1.0189942
0.4374096
1.7928946
27.3127155
75.1071396
115.8366165
133.7086792
130.1618042
100.7817993
75.4073334
49.0774345
43.3118706
44.6622429
34.9233131
22.4956036
32.9237289
29.3179035
28.7508488
39.8442764
43.6204834
39.1995354
32.5751457
34.7326279
79.7573853
124.5560379
124.4359283
99.5334549
96.7860413
103.1652451
89.7994156
50.0854340
25.0110188
27.1343689
50.6365013
61.0310745
62.4617157
46.8273048
25.4369545
15.9683952
18.0874481
25.6452103
26.5193214
22.8589573
21.0959129
19.4701881
19.8204079
18.9624977
17.1425018
17.0747509
14.4035015
9.8570614
5.9203053
2.2563071
1.0440643
0.7114998
0.4419192
0.4874853
0.3204193
0.3321756
0.6202024
0.7727508
0.7574845
0.9476602
1.2698888
1.4765388
1.3447785
1.4240953
1.5495363
1.3859890
1.3127127
1.2128817
1.0727971
1.1138363
1.1380011
1.3201172
1.4324753
1.4812735
1.4163982
1.3051988
1.3890191
1.4937690
1.4752063
1.2469263
1.0927268
1.1107687
1.1173177
0.9475372
0.9723686
1.0140239
1.3156790
1.6394979
1.5990026
1.4920706
1.3191493
1.3033018
1.4049999
1.5660136
1.5349394
1.3873734
1.4524914
1.7458491
1.7524219
1.5922930
1.4564054
1.1933062
1.1207044
1.3889657
1.6847649
1.4253705
1.0849855
0.8354180
0.9833311
3.1274059
13.6669178
24.4534912
47.5058174
105.7259674
161.2529449
162.4123840
112.2769089
79.6211777
47.6405220
27.0923119
45.9932251
52.5190468
35.2584267
16.8818150
19.3444557
15.4846935
7.7161417
17.1271744
33.6425552
33.9499817
43.6022873
66.0830994
98.5120316
114.4283447
101.0766907
68.0040436
39.6451035
34.4630470
45.2678909
45.7681503
45.7223740
60.4022064
44.9890709
24.1356697
32.8967590
34.9934540
34.2738762
23.8807640
26.8661346
30.6417389
27.7963448
12.6436090
4.6930690
5.2347021
48.2250175
147.1212921
190.2628937
136.9490509
65.0388794
16.9664879
8.9484720
4.5140500
8.4848518
36.2977676
63.5068817
67.3820038
63.7301216
69.7710953
86.4624100
128.1477509
166.4555359
165.7112427
124.2157059
88.0393906
114.0730820
117.7574615
99.0780029
98.1612549
140.9417419
159.7659912
136.6931305
140.1403351
153.3595581
180.1813507
207.5932007
228.8644562
223.1652985
192.1914062
107.3719788
56.0804367
50.5579185
90.0078125
102.3019638
73.1028137
44.9180794
25.8211555
24.2840557
40.1975021
55.8459396
71.6260300
52.7761841
29.8428574
27.9911613
16.1862183
9.4395952
6.3111191
3.3743310
2.5861716
2.3703194
2.4207783
2.3367257
1.6854151
1.2241133
1.2143029
0.8055577
0.6107885
1.3135034
3.0539999
4.0933332
4.0244102
3.5052183
3.0917015
3.1800044
3.6336527
3.6036947
3.6714637
3.7114429
3.4211779
3.4975369
3.1168411
2.5400906
1.3778241
0.6952527
0.5728492
1.0945988
4.0906205
5.9856811
2.9147775
4.4361939
37.7223167
99.9600677
148.8006287
158.4624023
119.1891403
66.4954987
39.4769096
33.3484077
21.0498695
18.9731388
45.0649910
26.9889145
11.3430424
21.0060921
19.5548096
39.6377869
45.6491852
31.4977455
15.0696611
10.7542076
9.7435284
8.3815136
6.5861578
4.5233440
9.5201292
8.4341936
4.8202882
3.8318837
12.4840803
49.6748352
86.7197571
83.2613602
53.7379608
38.6748161
53.8024025
54.7155571
37.5649147
16.7258739
21.9154205
52.1588326
80.2659378
101.0168762
123.0162964
118.2848053
85.8552551
43.4011192
49.1845093
61.0581474
52.7913704
52.3563156
43.3236923
17.3568954
5.3910203
0.6363996
2.7209227
13.8627892
21.2223511
13.7530651
5.9052362
3.4313235
1.7599511
1.0061340
0.7167100
0.4493467
0.5109085
0.4644936
0.5153987
0.7768188
0.7507560
0.6494895
0.6909072
0.4558076
0.4471388
0.5433351
0.8655603
0.9257705
0.9115066
0.8822715
1.0939842
1.2028533
0.8834335
0.7315131
0.7497149
0.5121266
0.8561406
1.0095365
0.7466804
0.4875142
0.5396787
0.8542659
1.1340796
0.9097775
0.6749285
0.7225542
0.8706269
1.1173546
1.1348636
0.6290472
0.4810868
0.5406865
0.6842383
0.8942527
0.8652535
0.8829096
6.9406528
29.2150936
49.3123055
56.2076187
69.3844452
111.4059982
168.5794220
191.8936310
171.0382080
151.6088867
145.6812744
152.7967072
151.2492218
133.8838806
80.4310684
18.0309200
3.5811942
1.8716335
0.7529042
0.4169407
0.3313956
0.4358586
0.4237128
0.6956305
0.9476820
0.9269302
0.7889793
0.6511514
4.9077387
48.6127129
136.7810822
198.3435364
169.4628906
70.0871277
11.9042768
3.3184569
3.3893762
11.4929771
36.2802315
56.5299072
50.6680679
30.6810646
8.1601906
5.9603753
8.4411488
22.3908081
31.5572529
24.4623566
16.3205204
9.4093370
33.2590752
73.1165619
96.4164886
90.1903000
67.1032028
52.8681564
52.1156044
51.8569183
62.5424538
50.3060532
38.8305283
50.2448616
55.5579567
49.3476028
56.4150429
77.3854446
91.1192169
72.8728256
33.9668198
16.4645596
11.7941389
34.6187706
68.9353561
68.3490219
48.9169846
33.1145668
30.3335991
28.1997643
21.0124607
15.1778479
20.8120079
40.4653053
45.1828117
30.2255669
9.7816458
19.9520149
16.3470173
8.8001051
6.1997123
6.0908747
7.2779570
8.3916655
5.8482366
1.9903244
1.2264702
1.6148250
2.0616400
12.4300308
33.0797920
40.3736763
29.9348068
23.0479622
24.0798454
19.9765949
12.5214520
11.2768850
14.7832432
8.5100727
1.0623022
0.5269040
0.3594884
0.6432477
4.6979189
21.0141239
44.2438698
71.5075226
96.9143524
104.6304703
92.3663177
76.4098740
66.1345139
61.1772385
67.6153030
72.5158157
83.6113663
104.1940613
126.4752655
179.6373901
217.5785370
194.1506805
154.4793701
149.4778900
160.1768951
184.2940369
167.1986389
99.9430618
31.8612633
4.3547535
4.3929815
5.4065742
9.3727665
11.0754213
7.8123488
4.3516850
2.4111114
1.2775079
7.3294311
44.5032005
100.6685257
140.9270630
152.4237671
123.9603500
77.1336899
25.2997856
9.2311354
2.8179324
0.8916575
0.3484287
0.3276410
1.1093663
1.9472356
6.9115634
11.2766953
8.9020624
4.6803703
9.5544090
27.8337402
42.6924286
39.8985634
24.0425491
7.1315660
8.3858891
4.6282420
0.2441086
0.7523817
7.5911851
25.9653511
39.3795929
34.2156067
32.1681557
60.1283035
99.8674850
109.6692810
76.3342514
43.6562500
20.1955891
7.1763315
33.9860878
49.8112717
32.7016335
16.3426476
42.0179024
67.6660767
54.1617584
38.3285027
20.7211971
10.9883862
5.0543833
6.5531735
17.0305271
40.0604630
47.0149574
28.8898888
28.3336887
48.6103668
63.7235718
69.3090057
78.6485748
88.4526443
79.6624603
51.9046249
25.9688625
22.8993492
21.9546223
17.9578686
11.1957655
7.0552597
17.9766121
39.8861427
59.0499954
69.3580627
71.4974060
61.9297905
34.6047554
16.5019302
13.3175488
9.5474491
2.2996652
0.9059418
0.7281274
3.3237488
25.3948250
40.6679840
43.9950905
35.6044235
39.0939560
64.0913696
97.3287201
119.3094406
142.6590881
187.4342804
206.5006104
154.6934357
73.8333817
42.4784813
21.2017536
11.4890881
4.7116752
2.0661364
2.1447136
2.5956342
3.9741459
3.5336490
1.7827203
0.8441232
0.4837140
0.2793944
0.3372062
0.4444488
0.5237967
0.6199391
0.8944114
1.1035113
0.9349489
0.7858927
0.6474084
0.6140658
0.6252072
0.7386146
0.9060280
1.1590519
1.0319644
0.7778186
0.8632268
0.9854306
1.1478984
1.2730279
1.0575297
1.1163836
1.3157637
1.6903541
1.5899076
1.2097189
1.0915086
1.0987716
1.2494971
1.4697505
1.7153320
1.7839934
1.6933614
1.4165998
1.5664828
1.5755683
1.4658663
1.2787654
1.3042026
1.0029755
0.7946930
0.7001402
0.7707259
0.9980758
1.3595814
1.1404343
0.7620901
0.7242197
0.8461800
0.7123288
0.7377018
0.8540988
1.2790312
1.5073061
1.4331558
1.2456118
0.8799033
0.6197532
0.7708801
1.2322364
8.5346155
55.7587242
145.5750580
230.9490967
270.0059814
272.5406189
266.0468750
209.2022705
171.7353668
152.8395386
141.6082458
133.1101990
127.6228714
95.4363708
51.8202400
32.4545898
23.4834251
21.2657375
14.9637451
5.0227747
1.3186934
2.2021108
12.3478603
16.8625603
4.0143809
0.5173579
0.8787134
0.8008094
0.5437708
0.3878945
0.5457001
0.8113772
0.8175175
0.6237352
0.4808762
0.6849525
1.0247402
1.3520221
1.3647865
1.5824410
1.6014132
1.2563515
1.1880698
1.0968908
1.0136397
1.0861400
1.0967908
0.8815283
0.9058042
1.1127690
0.9737335
0.8161809
0.6060783
0.6188810
0.8576623
1.1066200
1.0218818
0.9008344
0.9068452
1.5083494
5.3259091
14.9388466
41.9058952
83.4909973
103.4836655
81.3136215
33.5320702
8.0525064
1.8523295
3.6354234
10.5202723
19.2562256
17.8659058
11.0048809
5.8983326
16.5547371
71.1889343
149.4723663
201.5238037
199.5997009
154.6140900
112.3660507
81.7153320
65.7244186
38.2570343
24.9202785
23.7378864
13.1490202
1.9217011
0.4464952
0.7392908
5.5132651
9.8784266
4.2294626
0.2821018
1.7389889
27.4978523
77.6342697
101.5037918
77.3230133
28.4763794
13.4576626
41.5248795
88.0791397
99.6747208
78.6375351
55.2148399
36.6617546
26.4259167
50.1530342
93.1788864
94.7963867
70.0424881
43.7133179
33.7833176
30.7346745
17.5265236
9.0390568
6.0850549
6.6927376
8.0818138
10.1978197
9.8876190
8.5968590
7.3829985
5.8603435
4.3702035
3.0504251
2.7009006
4.6617675
7.0754137
5.9770985
1.8627967
7.3343658
35.4376488
55.7206650
38.4499321
8.2861452
3.1848192
5.2949009
13.5861607
27.1320763
36.2423477
37.6970062
33.7315369
27.2464905
24.3671055
23.4438629
21.3098679
20.5487595
18.0103493
17.9857292
22.2996445
27.7688751
48.0999718
79.5875397
101.3586807
102.1640625
88.0430298
82.1895065
75.8456573
64.1209641
44.1472092
19.3410053
6.2581515
1.6260815
2.3519895
16.9611759
55.8233528
77.7253799
61.4382172
43.3117027
36.6213226
38.1600990
31.4786472
14.3064270
5.0326886
17.8114166
34.9515038
58.7408867
50.2504501
32.6877441
17.7580242
7.6252427
1.0133584
0.8289191
0.9743925
1.4349375
2.7932043
3.7632487
2.8279314
2.7569160
4.5066934
5.5445604
5.5584178
5.2434855
4.8794446
4.1025763
3.1245072
1.7227103
0.7489008
6.4691029
39.4130249
77.2049103
80.3234253
54.4619904
28.4239082
18.0117989
16.5708580
25.8952351
34.2205238
26.7664375
12.9229660
4.4611435
0.8857648
0.7317795
7.1213837
18.7815094
18.4265327
7.0570755
2.7432821
0.4390937
0.1341765
0.1087891
2.0937765
16.6501045
44.1158104
84.3430176
125.5967560
130.5544128
87.8907547
34.0111923
13.2137089
5.2366185
4.0088110
3.8259287
6.5949397
7.0468488
6.9932332
18.1712208
58.5127411
111.5253906
137.3246460
120.4240646
98.6335297
98.0308533
97.1406937
89.0207062
71.6871796
42.9275475
52.4291573
79.1546326
62.0022278
43.3125496
24.2365627
10.5740843
14.3976746
9.9236279
12.1019878
12.8251333
22.5659943
32.0448837
35.9303627
30.4696293
21.0267315
15.1983395
15.3370762
13.7547445
9.9168282
4.8625717
1.5919349
0.8564550
0.6721274
0.3630401
0.5626267
1.6964314
17.5698624
50.0760803
94.6279221
143.7838745
166.6317902
132.3519135
48.7566528
6.8184209
0.7306504
0.6236354
2.6168454
16.9010277
37.4993210
62.8630905
95.4471283
112.1488953
96.9439697
67.6668472
37.3562927
24.3760853
38.3620758
51.9213905
79.3454666
95.7858658
81.2670517
49.8423309
13.3315630
9.3113174
16.4777279
36.8920364
52.1634827
54.1298256
52.1959343
55.4669037
52.2625160
44.2602081
36.6720810
32.0852356
37.5380707
43.3112640
36.3871803
28.6928177
21.1472301
21.3230724
16.5935001
6.0176353
1.9137439
0.9506112
0.4977663
1.3810389
5.2172327
5.6962409
1.8627306
0.2717882
0.3211215
0.5471700
0.8529379
0.7582722
0.7593983
0.6573815
0.8455521
0.8062442
0.9534642
36.4519768
183.7551727
370.8571777
428.2592773
341.3022461
276.7394409
240.3141632
138.9026489
54.6808815
29.4038010
19.4614658
6.3093500
1.2178742
0.4006292
0.7766297
0.5295991
0.8261162
0.7614053
1.1947018
11.7268295
39.5634079
89.2112198
148.5270844
164.5672455
109.8737640
39.9941521
12.9165716
5.8300409
3.6875658
4.2537889
8.3554049
30.9014416
63.3910217
77.0396652
60.7869987
37.9478073
40.1884842
41.5316467
25.3621750
11.5987186
8.4712601
9.6499586
25.3499451
91.3461151
194.9437866
238.5690765
172.1853790
79.3356628
27.8167400
27.6532421
24.0895939
10.5322962
9.4388351
12.3627558
12.3076839
11.6859560
12.9441967
11.8959799
13.2570782
26.2976646
40.3642120
35.4957428
18.3294258
20.0280609
25.2082996
33.1635704
42.0444260
50.7992020
56.1054573
49.4625511
33.6489944
35.4481773
67.5717316
60.2708626
58.3274269
70.3622131
91.9158020
108.1614532
98.7676392
81.7428131
73.3530350
65.6231232
59.1650391
60.3415222
48.1313744
35.8961334
25.3883686
19.7394829
12.6978016
12.5072308
7.6854906
1.3982117
0.7913431
0.6225199
0.6543355
0.6446854
0.7942090
0.9087808
1.0537341
1.1097519
1.0100698
1.2075804
1.3888541
1.3304021
1.0335926
1.0791383
1.0777254
1.1263261
1.3033706
1.5121068
1.6589719
1.5045872
1.4338307
1.3170564
0.9665365
0.7665995
0.7855959
0.8003643
0.6660179
0.5931855
0.7491454
1.1526856
1.1601249
1.0180246
0.9218931
0.5328658
0.7095392
0.8608738
0.8017864
0.8728817
1.2665166
1.4974965
1.4424437
0.9980204
1.9920205
11.8855524
27.4033813
42.2863541
68.4550934
131.1570740
211.1507416
236.9779510
208.9417419
149.7265778
95.5470581
62.6835747
58.1776619
48.6076126
25.3103752
9.3205805
1.2832830
0.4085674
2.6698961
16.9844360
24.5700722
11.5266953
1.9092870
1.3392018
1.1192982
1.0307167
0.8176135
0.9429320
1.0922320
1.9012226
2.0978956
1.0717934
0.5643832
1.0053883
1.2394407
0.5807644
0.3300511
0.9522809
3.8850336
10.6326122
16.5349503
15.6619568
13.2501535
26.0557251
58.5484238
93.0211868
97.8554459
76.8702698
56.0600243
35.3147392
18.9752789
10.8752489
8.0054111
13.3453779
9.9129925
3.3031530
0.6991389
8.6844320
34.8357010
52.4307556
42.6133919
21.8718719
11.3691273
10.2785721
18.5820999
36.4311104
47.2977524
39.0479469
19.2728424
9.6057787
9.7592793
9.3172331
9.5332718
4.7341213
1.2473387
1.6915207
8.8213491
13.7209949
6.3984132
3.7910311
1.4156821
1.1947250
1.0482444
1.0623753
0.8175950
1.0257490
1.3731182
1.3206650
0.8205969
0.6445897
0.9349265
1.1967958
0.9761854
0.5872146
0.5403500
0.8168481
1.0667627
0.9670499
0.7723845
0.6893663
0.5872048
0.5794747
0.6667575
0.7288207
0.8815759
0.7417663
0.8196872
0.8705559
0.5953577
0.5630639
0.6228194
0.6469191
0.6944918
0.9183382
1.0441251
1.1898513
1.5723126
1.6950587
1.4860562
1.4653521
1.6721976
1.8739918
2.0851593
1.8868226
1.5352964
1.3171966
1.2805681
1.4181732
1.5308632
1.2143505
1.0965698
1.4406531
1.5838556
0.8624784
0.8405964
3.2530060
7.5739760
11.5674114
14.5795403
15.1993914
14.2094183
11.9554129
10.8933363
10.4215784
11.8649845
15.8762016
23.9474831
34.5441513
40.1373711
34.0699577
20.1422043
11.0249987
9.8272657
10.5492077
6.7151203
6.3217611
8.4078445
7.9958916
6.4967566
7.5791154
5.4726777
6.1603689
8.8205299
13.7281227
20.1048298
19.6933022
7.0485373
1.3160069
3.0744998
10.0987673
17.8566818
17.7659798
13.2255535
9.9189262
15.3363075
46.3274956
91.0738831
108.4715881
79.6903687
37.0331993
17.9402084
15.6550045
11.6928663
3.4256146
0.9957436
0.7872117
3.4713199
10.5252714
11.6703787
7.0511665
2.5661330
0.8314787
0.7371323
1.7038395
8.5749445
19.7384911
28.8087883
33.1497040
29.4088478
21.5844250
22.6106415
28.6816349
26.3907986
19.2798939
20.7283058
45.7534904
67.6401825
67.5087128
47.6833191
28.5676899
16.8246307
10.2345161
5.2083945
8.1744967
18.9664936
33.4554710
23.4945297
6.9140615
3.3523457
27.4589348
62.1037064
70.3274231
49.6869736
25.0568256
17.4674187
35.7957268
58.3601799
60.0658188
49.4331398
42.0482140
46.8209190
49.2209206
43.7432709
31.9601192
21.9354420
18.2866211
31.1751709
39.2241631
33.7182655
35.1292686
37.9796028
33.7685738
24.6592331
8.7951889
12.6941185
27.8956757
23.9324532
36.1074295
52.1713371
54.9522743
49.4468155
37.6036339
29.1425171
18.3699951
10.2882967
8.7736206
9.3380537
9.7790451
8.8342619
10.4745464
10.5690546
14.7903309
19.8640423
17.4612961
10.1280899
6.0875969
4.3893685
3.0879123
2.3608277
1.7743318
1.4191029
1.0542901
1.3082980
1.3997949
1.3171192
1.4772017
1.3388171
1.1136453
1.5816221
2.7167778
3.3682251
3.3391252
3.3824224
3.7481525
3.7300987
3.5089822
3.2852139
3.3495746
3.0495119
2.7270987
2.6878586
2.2366750
1.5780528
1.1336370
1.0488760
3.9205446
9.0845261
8.2436409
1.6709499
0.6752086
1.5165625
5.9774861
17.3029938
26.3340549
25.9404259
21.0620403
18.0834198
14.1051807
11.0648994
6.2340355
1.9948596
0.5961195
0.5291528
1.3140036
9.5891228
21.9275055
21.4817257
13.6770363
10.6057625
9.7033377
7.2537193
5.5388050
6.2087526
6.8451214
6.4877930
6.8005080
6.8428583
5.9654412
5.8241425
11.5727892
27.1394577
54.2346725
78.8123398
77.4489288
63.1762161
44.8540268
51.7355614
52.9122543
53.3493690
47.4966621
48.4753113
49.4020882
40.6318817
31.8089218
41.6644974
74.6112061
129.7726288
147.5449524
99.6642075
50.7882500
26.7996597
26.5081558
50.0553398
81.9850235
100.0629578
104.1631165
120.8162079
142.5678864
146.4788361
124.7051468
92.2766953
79.8694229
126.1666565
197.7821350
191.7225647
147.3746796
77.7510757
94.3754272
157.4677734
153.8677979
88.3510437
18.8559837
5.2453437
2.8189733
0.8290749
6.6949258
38.9800758
36.9002609
10.5307808
2.2675378
0.7711527
0.9499303
0.7819808
0.9422337
0.8043683
0.5035303
0.4124447
0.5613010
0.5873013
0.7132044
1.1458510
1.4082478
1.7174274
1.7252693
1.0835655
0.6959658
0.8654854
1.4112375
1.3733946
0.8398252
0.6053423
0.7262285
0.8488377
0.8570636
0.8493531
0.9637154
0.8324728
0.6728409
0.5183597
0.4778405
0.8339393
3.2080257
6.3273230
10.8685360
40.2067795
86.5375748
110.8770370
93.1217957
47.3893394
27.2289429
27.1315746
24.3545818
23.1607208
21.0910683
32.5348473
51.8974419
62.1627541
75.9519806
81.0880585
70.1415253
49.4217148
13.0233259
2.8918867
3.0151341
2.8139982
6.4887743
57.5375099
150.0138397
210.9485168
190.7548523
128.2276459
102.0636215
85.5005722
93.6324768
69.0972290
37.2612076
23.2431316
17.3026867
15.7383986
16.9814720
40.6184235
95.0531616
174.3377686
184.4788208
114.2894821
34.7194061
10.3666973
9.1913109
42.3336067
66.4335327
80.3749771
103.4164886
114.3076019
108.7154312
113.9050980
113.5615387
103.8927155
104.1406937
120.7292786
143.0223541
154.6724396
133.4178925
75.1905136
34.0152245
15.9113302
15.4096756
9.5259752
6.8753090
4.7378650
2.5974550
0.8279142
0.5805697
13.0209370
42.7334137
51.4977531
29.5929718
4.7526708
0.7094203
4.9911494
20.2643108
33.9869652
35.9081383
38.5744934
53.9871979
84.0074005
105.3323669
89.7465591
55.4449081
29.0057716
28.3584290
25.5131493
35.6602859
30.8207016
21.1722717
20.2913475
17.9063206
16.2926750
12.8561649
8.9532022
5.1839323
2.7425456
4.3913202
15.6389990
35.6634827
59.2322845
72.5809097
66.2631760
49.9087830
39.1530075
31.2273750
23.4001217
14.1381140
3.4770160
1.1569076
0.5812191
4.6389475
15.8617325
22.1384354
16.0127678
7.6718564
3.6648071
2.6792970
2.0637691
2.3192658
1.8897618
1.5654165
1.3884809
1.1636091
0.9090454
0.7726741
0.8476709
0.9121857
0.9198154
0.8907267
0.8549137
0.5211425
0.4757475
0.4465658
0.5692595
0.7925646
0.9396297
1.0805899
1.0272994
0.8975253
0.8256720
1.1300610
1.3306682
1.1770904
1.0481794
0.7152498
0.7549219
0.7965401
1.3090022
1.4467251
1.1798978
0.9585996
0.8533619
0.7261664
0.7375652
0.9455344
0.9563495
0.7655711
0.6298076
0.6507365
0.7323513
0.6591299
0.7497064
0.7947336
0.9129177
1.0705686
0.7278088
0.5757420
0.5753900
0.6832006
0.8943797
0.8553488
0.5968032
0.5786021
0.6375488
0.7673364
0.5648706
0.5990676
0.5520760
0.5411981
0.5755777
0.8462270
0.9453768
0.8582427
0.7152339
0.8433356
0.8559815
0.8954648
0.9319893
0.8953969
2.7465518
10.1739807
19.5704708
23.1428909
21.6773949
18.2758598
15.4073381
16.8657951
23.1386967
37.4725990
41.9257050
39.1461067
38.1613426
43.3101959
52.7065392
56.7138710
42.4648514
17.6423740
1.0840842
0.6629393
0.2622162
4.1338549
55.4782143
134.2782288
163.1332703
112.0854034
47.6877785
18.9237919
12.9266500
9.3977566
7.0604038
29.1143703
59.7280846
62.3939743
42.8842659
23.9997005
12.9702587
5.8720369
7.0518022
13.4192562
26.7566681
40.0312004
40.7353859
34.1052551
30.7477016
25.2520027
31.2904816
32.0916595
20.1952324
4.8784156
0.5923074
1.4016521
10.0793266
52.0388985
88.3170624
90.3633957
67.7534027
36.6283836
16.7828140
8.0578594
5.0126114
1.1601666
0.4666603
0.5398505
2.4730997
12.5770807
12.7806330
4.8582582
0.5946453
0.5055825
0.3554701
0.4653189
0.4742963
0.7089338
0.9093071
1.1524128
1.6208320
1.6142884
1.0578094
0.6450028
0.8120767
0.9926564
0.9614888
1.0134152
1.2535288
1.6889622
1.5550088
0.9520031
0.6261873
0.7861799
1.0661259
1.0509691
0.9183660
0.9070894
1.9988906
9.4182644
18.8280869
17.3687172
5.0207505
0.6150669
0.1533889
0.2392243
0.7352262
1.4001825
1.6004665
1.2697902
0.6517624
0.3840318
0.6008792
0.7830495
0.9472008
0.8696069
0.5402726
0.2238428
0.0288681
0.0142141
0.0000169
0.0000000
0.0000000
0.0000000
0.0000000
0.0000000
0.0000000
0.0000000
0.0000000
0.0000000
0.0000000
0.0000000
0.0000000
0.0000000
0.0000000
0.0000000
0.0000000
0.0000000
0.0000000
0.0000000
0.0000000
0.0000000
0.0000000
0.0000000
0.0000000
0.0000000
0.0000000
0.0000000
0.0000000
0.0000000
0.0000000
0.0000000
0.0000000
0.0000000
0.0000000
0.0000000
0.0000000
0.0000000
0.0000000
0.0000000
0.0000000
0.0000000
0.0000000
0.0000000
0.0000000
0.0000000
0.0000000
0.0000000
0.0000000
0.0000000
0.0000000
0.0000000
0.0000000
0.0000000
0.0000000
0.0000000
0.0000000
0.0000000
0.0000000
0.0000000
0.0000000
0.0000000
0.0000000
0.0000000
0.0000000
0.0000000
0.0000000
0.0000000
0.0000000
0.0000000
0.0000000
0.0000000
0.0000000
0.0000000
0.0000000
0.0000000
0.0000000
0.0000000
0.0000000
0.0000000
0.0000000
0.0000000
0.0000000
0.0000000
0.0000000
0.0000000
0.0000000
0.0000000
0.0000000
0.0000000
0.0000000
0.0000000
0.0000000
0.0000000
0.0000000
0.0000000
0.0000000
0.0000000
0.0000000
0.0000000
0.0000000
0.0000000
0.0000000
0.0000000
0.0000000
0.0000000
0.0000000
0.0000000
0.0000000
0.0000000
0.0000000
0.0000000
0.0000000
0.0000000
0.0000000
0.0000000
0.0000000
0.0000000
0.0000000
0.0000000
0.0000000
0.0000000
0.0000000
0.0000000
0.0000000
0.0000000
0.0000000
0.0000000
0.0000000
0.0000000
0.0000000
0.0000000
0.0000000
0.0000000
0.0000000
0.0000000
0.0000000
0.0000000
0.0000000
0.0000000
0.0000000
0.0000000
0.0000000
0.0000000
0.0000000
0.0000000
0.0000000
0.0000000
0.0000000
0.0000000
0.0000000
0.0000000
0.0000000
0.0000000
0.0000000
0.0000000
0.0000000
0.0000000
0.0000000
0.0000000
0.0000000
0.0000000
0.0000000
0.0000000
0.0000000
0.0000000
0.0000000
0.0000000
0.0000000
0.0000000
0.0000000
0.0000000
0.0000000
0.0000000
0.0000000
0.0000000
0.0000000
0.0000000
0.0000000
0.0000000
0.0000000
0.0000000
0.0000000
0.0000000
0.0000000
0.0000000
0.0000000
0.0000000
0.0000000
0.0000000
0.0000000
0.0000000
0.0000000
0.0000000
0.0000000
0.0000000
0.0000000
0.0000000
0.0000000
0.0000000
0.0000000
0.0000000
0.0000000
0.0000000
0.0000000
0.0000000
0.0000000
0.0000000
0.0000000
0.0000000
0.0000000
0.0000000
0.0000000
0.0000000
0.0000000
0.0000000
0.0000000
0.0000000
0.0000000
0.0000000
0.0000000
0.0000000
0.0000000
0.0000000
0.0000000
0.0000000
0.0000000
0.0000000
0.0000000
0.0000000
0.0000000
0.0000000
0.0000000
0.0000000
0.0000000
0.0000000
0.0000000
0.0000000
0.0000000
0.0000000
0.0000000
0.0000000
0.0000000
0.0000000
0.0000000
0.0000000
0.0000000
0.0000000
0.0000000
0.0000000
0.0000000
0.0000000
0.0000000
0.0000000
0.0000000
0.0000000
0.0000000
0.0000000
0.0000000
0.0000000
0.0000000
0.0000000
0.0000000
0.0000000
0.0000000
0.0000000
0.0000000
0.0000000
0.0000000
0.0000000
0.0000000
0.0000000
0.0000000
0.0000000
0.0000000
0.0000000
0.0000000
0.0000000
0.0000000
0.0000000
0.0000000
0.0000000
0.0000000
0.0000000
0.0000000
0.0000000
0.0000000
0.0000000
0.0000000
0.0000000
0.0000000
0.0000000
0.0000000
0.0000000
0.0000000
0.0000000
0.0000000
0.0000000
0.0000000
0.0000000
0.0000000
0.0000000
0.0000000
0.0000000
0.0000000
0.0000000
0.0000000
0.0000000
0.0000000
0.0000000
0.0000000
0.0000000
0.0000000
0.0000000
0.0000000
0.0000000
0.0000000
0.0000000
0.0000000
0.0000000
0.0000000
0.0000000
0.0000000
0.0000000
0.1284947
0.8331174
1.9375962
2.4135492
1.8093191
0.9071143
0.7533977
0.6831061
0.7577521
0.7801717
0.8104568
0.7728947
0.5538662
0.7086569
0.7977737
0.9686860
1.0613035
1.0574154
0.7634858
0.9715818
3.2598045
8.5230579
14.1949158
16.8812790
15.3316269
13.8441658
17.7464561
53.1671448
135.6061249
198.5771637
176.5746765
111.4525299
73.5929031
74.7402649
134.1528015
135.5339203
93.6378708
52.5112457
23.5389919
38.0039558
67.7029266
69.3956833
56.5440292
40.8338890
15.9449129
3.3740091
1.5565040
0.4779662
0.7001786
1.0981933
1.3785393
0.6949139
0.7490923
0.7507454
0.6284847
0.6118604
0.5179174
0.5304348
0.7199786
0.5935663
0.7767486
0.9581873
1.0782555
0.9414598
1.0588804
0.9356012
1.0035843
1.0093141
0.7271620
0.5389675
0.4761744
0.7822883
1.1528326
7.1006179
39.0809441
112.2001953
186.0233612
192.6044464
125.9225845
66.6804810
28.7216492
11.0617876
8.7709007
12.0635099
68.8305588
166.0519104
216.8253784
187.4434204
133.2640228
133.8582916
134.2839966
118.9247284
138.0492859
148.2304993
154.1683044
158.2987671
166.3293915
137.0866394
95.2870483
165.1046295
212.2374878
157.8533478
83.7089767
45.3093605
33.5079613
30.2821484
29.1859818
19.3619041
14.9307775
18.3031559
17.7430878
13.2409210
13.6197414
36.2582512
78.7922745
112.3254852
110.2003555
78.8817902
46.2711716
16.8893909
4.7919464
0.8447565
0.5382434
1.0758305
16.8587494
48.0598946
61.1291199
50.7425766
44.0453224
46.2870903
45.7505417
42.0073013
34.4781265
25.7923336
4.6856604
1.4671475
15.5713558
76.4043350
143.6799469
147.3981476
116.7206955
89.9151840
62.5755539
48.8045082
39.7270203
30.6068420
22.0139961
62.9649734
133.2982635
157.0338287
118.5198288
81.7943115
47.8871803
35.5327568
23.0858212
9.7386236
2.3597476
0.9834945
4.7149749
22.6294708
53.2338791
95.2318954
129.9441681
119.9082260
63.2624207
21.5501976
15.0120840
10.3802080
12.3805943
46.2874756
82.9086685
54.4673538
8.6337881
3.1355023
5.0201097
19.1969757
38.2036934
44.3699875
28.5227890
7.0067458
1.1289387
6.9371204
45.8207092
111.0797577
141.4239197
112.8803482
68.7146378
39.2392235
21.0234470
9.2339668
5.4531097
5.7636051
11.7395926
40.7094154
87.2603760
116.3259506
104.0649796
59.1383438
23.9226933
12.3880911
10.1248169
7.3033972
4.7691631
16.7997856
44.1729965
59.4460335
51.8203888
26.6395588
13.3482418
9.7189913
4.0386982
1.1855588
0.6352323
1.7782555
8.2058554
17.1889687
24.1396179
26.4533558
20.3091431
9.2809010
11.0776653
24.2141228
31.3358841
24.0163498
12.1746759
5.3100991
9.4693012
23.9612675
32.3954506
33.2478867
30.5404797
24.8395157
16.4817314
12.0534077
17.5584469
25.0136127
31.5651436
47.7000542
56.8052635
53.2620430
44.7750244
27.7908020
13.4343653
4.0537157
4.5937991
6.2382107
3.1044347
0.6227236
0.5338131
0.3981262
2.9741921
10.3391914
17.6470661
19.3678818
15.9537077
14.6906166
26.2691135
57.5686264
94.9522095
111.6257477
96.3000259
66.4774323
31.7686043
21.5608063
18.0897942
17.7960205
29.4002113
90.0013657
99.2534637
85.2921066
89.4394608
89.3356018
58.9202499
23.7751541
7.4363379
4.7137499
8.3892984
31.1636620
67.9894485
122.0470123
155.8531494
145.0976868
90.2166290
58.1838722
35.7395363
51.9930687
96.4706116
71.3242645
32.0602150
20.2573681
16.0546913
6.8626256
1.7179855
4.6985230
14.8007174
37.0740662
67.3277817
74.0874329
59.5390816
47.9434929
45.9526558
44.2009964
35.5135193
29.5557308
31.1780109
34.0166969
36.5514374
41.0688019
47.8172150
48.0558319
47.5998230
46.7337456
55.4615707
59.6227036
66.0893478
76.7907715
58.7847519
28.6450233
14.5286293
3.0965009
0.5153213
1.2103919
0.7345250
0.8609343
1.5950980
2.0202954
1.2574146
0.8480992
0.8891187
0.6471773
0.5653709
0.6669802
0.6177737
0.6580838
0.5568061
0.8082772
0.8513694
0.8824880
1.0374455
1.3235356
2.2921100
3.7070622
3.3257446
1.7559814
2.6338077
5.2180529
6.4305067
5.1246243
5.4246273
8.4673729
11.7178135
19.1584702
33.9717598
45.8444939
46.4771385
40.8913116
29.9237614
15.9426899
11.7981167
13.4240742
14.0902348
13.8580751
12.0031786
8.4613743
4.3742313
3.6465855
2.0517511
3.8920641
12.3989086
21.7778454
24.3587189
26.6233158
27.1059093
21.4164600
14.5594149
10.9452629
9.1577930
6.4550648
3.9053364
3.2941763
4.8371472
4.9425979
3.7704265
2.6477318
4.3769836
5.0289822
2.5454478
0.5256538
0.4333754
0.2478434
0.7774479
0.6723964
0.7080317
0.8204972
1.1814206
1.2563353
1.0146064
0.8939142
0.7828673
0.9000772
0.9640393
0.9867868
0.8786842
0.7031395
0.5763502
0.6887404
0.9274940
0.8012640
0.6954019
0.6984732
0.7509648
0.6789932
0.4917881
0.2247376
0.0479868
0.0083341
0.0001310
0.0000000
0.0000000
0.0000000
0.0000000
0.0000000
0.0000000
0.0000000
0.0000000
0.0000000
0.0000000
0.0000000
0.0000000
0.0000000
0.0000000
0.0000000
0.0000000
0.0000000
0.0000000
0.0000000
0.0000000
0.0000000
0.0000000
0.0000000
0.0000000
0.0000000
0.0000000
0.0000000
0.0000000
0.0000000
0.0000000
0.0000000
0.0000000
0.0000000
0.0000000
0.0000000
0.0000000
0.0000000
0.0000000
0.0000000
0.0000000
0.0000000
0.0000000
0.0000000
0.0000000
0.0000000
0.0000000
0.0000000
0.0000000
0.0000000
0.0000000
0.0000000
0.0000000
0.0000000
0.0000000
0.0000000
0.0000000
0.0000000
0.0000000
0.0000000
0.0000000
0.0000000
0.0000000
0.0000000
0.0000000
0.0000000
0.0000000
0.0000000
0.0000000
0.0000000
0.0000000
0.0000000
0.0000000
0.0000000
0.0000000
0.0000000
0.0000000
0.0000000
0.0000000
0.0000000
0.0000000
0.0000000
0.0000000
0.0000000
0.0000000
0.0000000
0.0000000
0.0000000
0.0000000
0.0000000
0.0000000
0.0000000
0.0000000
0.0000000
0.0000000
0.0000000
0.0000000
0.0000000
