0.0000000
0.0000000
0.0000000
0.0000000
0.0000000
0.0000000
0.0000000
0.0000000
0.0000000
0.0000000
0.0000000
0.0000000
0.0000000
0.0000000
0.0000000
0.0000000
0.0000000
0.0000000
0.0000000
0.0000000
0.0000000
0.0000000
0.0000000
0.0000000
0.0000000
0.0000000
0.0000000
0.0000000
0.0000000
0.0000000
0.0000000
0.0000000
0.0000000
0.0000000
0.0000000
0.0000000
0.0000000
0.0000000
0.0000000
0.0000000
0.0000000
0.0000000
0.0000000
0.0000000
0.0000000
0.0000000
0.0000000
0.0000000
0.0000000
0.0000000
0.0000000
0.0000000
0.0000000
0.0000000
0.0000000
0.0000000
0.0000000
0.0000000
0.0000000
0.0000000
0.0000000
0.0000000
0.0000000
0.0000000
0.0000000
0.0000000
0.0000000
0.0000000
0.0000000
0.0000000
0.0000000
0.0000000
0.0000000
0.0000000
0.0000000
0.0000000
0.0000000
0.0000000
0.0000000
0.0000000
0.0000000
0.0000000
0.0000000
0.0000000
0.0000000
0.0000000
0.0000000
0.0000000
0.0000000
0.0000000
0.0000000
0.0000000
0.0000000
0.0000000
0.0000000
0.0000000
0.0000000
0.0000000
0.0000000
0.0000000
0.0000000
0.0000000
0.0000000
0.0000000
0.0000000
0.0000000
0.0000000
0.0000000
0.0000000
0.0000000
0.0000000
0.0000000
0.0000000
0.0000000
0.0000000
0.0000000
0.0000000
0.0000000
0.0000000
0.0000000
0.0000000
0.0000000
0.0000000
0.0000000
0.0000000
0.0000000
0.0000000
0.0000000
0.0000000
0.0000000
0.0000000
0.0000000
0.0000000
0.0000000
0.0000000
0.0000000
0.0000000
0.0000000
0.0000000
0.0000000
0.0000000
0.0000000
0.0000000
0.0000000
0.0000000
0.0000000
0.0000000
0.0000000
0.0000000
0.0000000
0.0000000
0.0000000
0.0000000
0.0000000
0.0000000
0.0000000
0.0000000
0.0000000
0.0000000
0.0000000
0.0000000
0.0000000
0.0000000
0.0000000
0.0000000
0.0000000
0.0000000
0.0000000
0.0000000
0.0000000
0.0000000
0.0000000
0.0000000
0.0000000
0.0000000
0.0000000
0.0000000
0.0000000
0.0000000
0.0000000
0.0000000
0.0000000
0.0000000
0.0000000
0.0000000
0.0000000
0.0000000
0.0000000
0.0000000
0.0000000
0.0000000
0.0000000
0.0000000
0.0000000
0.0000000
0.0000000
0.0000000
0.0000000
0.0000000
0.0000000
0.0000000
0.0000000
0.0000000
0.0000000
0.0000000
0.0000000
0.0000000
0.0000000
0.0000000
0.0000000
0.0000000
0.0000000
0.0000000
0.0000000
0.0000000
0.0000000
0.0000000
0.0000000
0.0000000
0.0000000
0.0000000
0.0000000
0.0000000
0.0000000
0.0000000
0.0000000
0.0000000
0.0000000
0.0000000
0.0000000
0.0000000
0.0000000
0.0000000
0.0000000
0.0000000
0.0000000
0.0000000
0.0000000
0.0000000
0.0000000
0.0000000
0.0000000
0.0000000
0.0000000
0.0000000
0.0000000
0.0000000
0.0000000
0.0000000
0.0000000
0.0000000
0.0000000
0.0000000
0.0000000
0.0000000
0.0000000
0.0000000
0.0000000
0.0000000
0.0000000
0.0000000
0.0000000
0.0000000
0.0000000
0.0000000
0.0000000
0.0000000
0.0000000
0.0000000
0.0000000
0.0000000
0.0000000
0.0000000
0.0000000
0.0000000
0.0000000
0.0000000
0.0000000
0.0000000
0.0000000
0.0000000
0.0000000
0.0000000
0.0000000
0.0000000
0.0000000
0.0000000
0.0000000
0.0000000
0.0000000
0.0000000
0.0000000
0.0000000
0.0000000
0.0000000
0.0000000
0.0000000
0.0000000
0.0000000
0.0000000
0.0000000
0.0000000
0.0000000
0.0000000
0.0000000
0.0000000
0.0000000
0.0000000
0.0000000
0.0000000
0.0000000
0.0000000
0.0000000
0.0000000
0.0000000
0.0000000
0.0000000
0.0000000
0.0000000
0.0000000
0.0000000
0.0000000
0.0000000
0.0000000
0.0000000
0.0000000
0.0000000
0.0000000
0.0000000
0.0000000
0.0490195
0.4029689
1.0862249
1.4795859
1.1831937
0.6918545
3.6035829
16.4895363
33.1234741
39.5880241
33.1609535
24.0139046
20.5074768
31.0091610
53.2996216
79.3327560
83.1316528
62.2992859
32.8122520
46.9492912
67.1920471
57.0065079
21.3623962
11.3428631
9.9951401
5.0591855
7.7763753
27.6317329
66.0511246
100.7823257
99.9205551
67.1232681
38.6279907
18.1151390
23.1377373
20.7309494
32.8417549
51.3911552
65.9231186
60.9134903
42.1620789
33.1255569
12.0146370
7.3246593
6.8972378
6.7715435
41.3773766
91.4105301
96.1876907
51.8205986
15.0086689
7.1506338
4.1586967
4.2560377
11.6295795
27.6439934
30.8889999
18.0874271
7.0126324
4.1494870
2.3724279
1.8790647
1.7076222
3.3141956
17.5086975
54.0144463
92.5090027
104.0708618
86.7080841
69.2578506
60.0618744
65.2944412
64.1753540
44.5290375
33.7287025
28.4395542
22.5632668
15.3484869
6.8851810
2.7571936
17.2825298
37.9602051
37.6610947
17.4739017
7.0038795
3.7536259
2.8941545
1.9858744
1.6546791
1.4823766
0.8277355
0.4751101
0.3673763
0.3573697
0.2511700
0.3163807
0.4010381
0.3748070
0.3300130
0.3196338
0.3221762
0.3250641
0.3921030
0.4832151
0.3243327
0.2433665
0.2843080
0.3751047
0.3798660
0.3166977
0.3589888
0.3668967
0.3811044
0.4172139
0.4483102
0.4345940
0.3490140
0.3604476
0.3719229
0.3410175
0.3626643
0.3009719
0.3158664
0.4421178
0.4173119
0.3815765
0.2869134
0.3021736
0.3887282
0.5075616
0.4506788
0.3202035
0.2562404
0.2648830
0.3401583
0.4389658
0.4855812
0.5676687
1.1004552
1.8871458
2.0301745
1.2193418
0.5494567
5.7964458
24.4195232
49.8008690
64.9274139
57.3384056
40.7807999
38.6254349
43.1082420
37.3209267
22.5728645
19.0424194
66.6172409
136.8009338
162.6623383
121.3989487
60.7695236
14.7353773
1.5009710
3.7629635
16.9183521
24.7416344
17.7391529
3.8923769
0.9721206
0.5703967
0.4870170
0.8795213
1.1908838
2.0666418
15.4988308
71.0057907
146.1615601
177.6472626
143.3171997
94.3860626
60.6268349
44.1877708
42.3913765
42.6663742
39.9465942
39.3447075
35.1967621
28.6195984
18.4146290
10.0359440
7.8076591
10.3565264
9.7633715
4.4858656
4.6246581
6.3626804
5.6326680
2.6660719
0.9387713
0.4425885
0.2256371
0.2437168
0.3034377
0.3140082
0.3206320
0.3365069
0.2641081
0.2843557
0.2232009
0.2719586
0.3871948
0.6383857
0.7325646
0.4965030
0.3204325
0.3494503
0.3571377
0.4679108
0.4230137
0.3243685
0.3228958
0.2916013
0.3267027
1.2947232
4.7988834
20.7918301
49.7498245
68.4144592
60.7692986
38.0666046
26.4764519
23.2003250
23.1240997
17.2666073
10.5438681
7.9799252
23.2902718
66.6178589
145.6039276
213.7791748
211.3644714
159.9683533
135.4207458
119.0682755
95.0274277
45.1886597
7.4812360
1.2173764
0.1145449
0.0554980
0.1741143
1.6151217
4.6998558
6.3830485
5.8831792
4.8156610
7.6176701
18.0678997
34.8256454
47.1641159
48.6641464
50.4704933
61.7900391
78.4931183
76.5358658
48.1221924
23.7481594
13.1860905
19.6341209
58.3436661
63.4433975
37.2611618
19.4471855
9.2686605
8.5543804
12.3715706
16.3352051
17.0915298
13.6757526
8.0195904
4.5262299
6.1514621
16.7441521
39.3378525
69.2938690
96.0967865
107.2300873
86.3778458
50.1687126
21.8090000
16.3035297
9.9651775
4.2664933
1.9734597
5.1728363
22.0425167
37.5656815
43.4384270
36.9670372
27.2975273
36.5046463
52.1648026
54.6592140
49.2851410
40.8620758
28.7813606
19.2037697
15.5735683
16.1397266
18.0111847
19.6313934
17.2210217
11.6201391
3.0858679
0.9393436
0.9038759
0.6295157
0.3009436
0.3557725
0.3518573
0.4845515
0.7946565
0.9114845
0.9246795
0.9353184
0.7088443
0.3764508
0.4003399
3.2214479
20.5162544
39.6707802
44.2049065
40.3003616
42.2964363
39.5570183
31.9464321
23.6287174
20.3196106
26.5936451
12.8392982
9.1041012
9.9458904
11.3326015
13.0616360
17.9265938
21.0603600
19.3190861
16.6355629
15.3504448
17.3592014
42.2946777
119.1157761
215.7915344
254.4335022
202.8034363
124.4357605
62.1397934
25.8773937
20.5751724
70.3268738
145.4103241
109.6978149
85.1121750
63.5115433
47.6848526
30.2612419
24.5179539
43.3786812
89.4723282
120.4362335
106.5372696
76.9309998
47.6193924
20.4911823
5.6993632
0.7655039
0.1014750
0.1818700
4.1062808
29.4569664
78.0164795
135.0433655
174.7771454
165.7277985
113.6837997
69.6707764
43.1169586
21.6723633
16.9157791
35.4433670
56.9145775
60.3717537
52.2917976
44.0850945
30.9452896
29.9791603
41.0429192
37.5194588
23.1828785
14.0656395
10.2345314
11.6832399
16.7425652
19.1369228
15.8287134
17.4250050
39.3987503
67.1147766
69.5580902
43.5692062
20.2340298
11.1811705
7.8285961
7.7440414
12.0442390
14.6256437
13.2939510
10.7891588
8.9226646
6.8496943
4.8274364
4.3387527
3.2642543
1.7869414
1.0521141
0.4317451
0.1979336
0.1133287
0.2989121
0.4965997
0.6951549
0.7025005
0.5741751
0.5037784
0.5280113
0.5825547
0.6172994
0.6858149
0.6735240
0.5761182
0.4601060
0.3954822
0.4348444
0.5612471
0.6036650
0.4327242
0.2950678
0.3726611
0.4632294
0.5563188
0.5287790
0.4406166
0.4106101
0.2727304
0.3954304
8.9870853
37.0505562
67.3972702
68.3902283
39.4116364
14.7990074
9.7313309
7.1702633
3.5530882
1.6470940
1.3203297
3.5705075
26.4730530
66.1883469
84.1468887
71.0398560
50.1172791
48.4704704
42.8480034
33.2464638
37.2371101
52.4490089
66.8692322
67.4458923
62.3347702
61.2518921
66.9093552
60.4468498
33.8434982
9.2139044
4.3016515
0.8821968
0.7806594
0.8182825
0.5968022
0.2237816
0.1455946
0.2301885
0.4068550
0.4507556
0.3536784
0.4219226
0.4749051
0.4827490
0.5323563
0.3886958
0.3215081
0.2523849
0.2602584
0.3010356
0.3860395
0.4453673
0.5058262
0.4046802
0.3151293
0.4651344
0.5936334
0.3970381
0.2818335
0.3033670
0.3119977
0.2874928
0.3334317
1.2242731
3.0100350
3.5185053
1.8787775
0.4486010
0.5465879
4.5534849
25.6338577
67.7581940
105.9395599
106.8730011
82.5605774
50.1045914
40.0309563
49.5949478
71.8510666
81.9802704
65.0909576
45.0284920
24.7490406
13.5450077
10.7128515
20.0579605
63.9632111
82.9701385
60.3410034
28.9790688
15.5341711
9.2263412
14.1937037
18.7885189
15.3805246
12.3809700
11.2725124
9.9531002
6.8506045
3.0607414
2.4474642
12.4069262
75.4012527
151.6183167
167.5453491
134.0336304
87.5132294
65.8911362
40.8045845
21.0383720
15.9051962
10.3582373
2.0789454
0.7117275
3.9189854
29.8739567
42.6523552
32.5770683
18.3496227
12.6336155
8.1334276
5.1207085
2.8837440
1.6233089
0.7397457
0.3799893
0.2362140
0.3730654
0.4283552
1.0930588
1.9444261
1.8343807
0.5405471
0.2776076
0.2854525
0.3480009
0.5471463
0.6573725
0.5074471
0.3567672
0.2480349
0.2449732
0.2300163
0.3896064
0.6333923
0.6870058
0.4932103
0.3459458
0.2736682
0.3578077
0.3474110
0.3145491
0.3881471
0.4650578
0.3855691
0.3216558
0.3836750
0.4096843
0.4040449
0.3039340
0.3312564
0.4662678
0.6238269
1.6422317
5.2436724
12.2623978
22.1283588
37.5748482
77.9280090
127.1770248
138.9082794
95.9952240
47.9409676
20.0853081
14.5917053
16.3579254
9.8051910
1.9048772
0.9214649
1.0641160
3.3058934
8.1500330
10.3506546
12.0381737
64.3541718
211.6039734
350.8262329
374.2803955
278.8727417
165.9496155
92.9736328
72.1242371
61.4575310
40.4244919
14.9227324
3.2828827
13.1184454
41.5170021
62.0336151
50.3157768
24.6706047
8.1700058
2.1221478
1.2606889
0.7710274
0.3471437
0.3146023
0.4304971
0.3509937
0.2403975
0.2470647
0.2226330
0.4024065
0.3715335
0.2477942
0.2183049
0.2789656
0.2826142
0.3052292
0.2721886
0.3673956
0.5831099
0.5114416
0.2934681
0.2805451
0.2612806
0.3013905
0.4707763
0.4908369
0.4586039
0.4450764
0.5546619
0.7314382
0.6013185
6.2252293
30.0957718
63.6719818
79.0718765
56.8464813
17.1208534
2.6987085
4.7858224
75.9955444
194.2989044
274.6847229
324.7789612
267.9441528
169.0506744
92.7160645
68.7385025
43.5831909
26.4047966
32.5482941
49.3147011
44.3816948
49.2655563
69.2734375
82.2164688
75.4525757
66.8450623
74.3162918
56.5995331
36.5370522
23.1475754
13.6396122
3.0363755
0.9034128
1.7785345
8.2599506
16.6986809
16.7479248
11.0652742
5.0857973
1.8108503
0.9193553
0.6294481
0.3360889
0.2216458
0.2237614
0.3648694
0.4149531
0.4123414
0.3486473
0.2999185
0.3392951
0.4399107
0.4985447
0.4850392
0.6272227
0.7250178
0.5982246
0.5268703
0.4807639
0.4279493
0.3960394
0.4623033
0.3945538
0.3452148
0.3280247
0.3794455
0.3565050
0.2743264
0.4421298
0.5053905
0.4534242
0.3305393
0.3939051
0.4307281
0.3175563
0.3364757
0.3551808
0.4419384
0.5313575
0.4730057
0.3836455
0.3389673
0.3165013
0.3168279
0.3813104
0.3531358
0.3955070
0.5528132
0.6287982
0.4384497
0.2666561
0.3106856
0.4774256
0.4906109
0.3298899
0.2666368
0.2621552
0.3585819
0.3002945
0.2906789
0.3585359
0.3157445
0.2653583
0.3200167
0.4444433
0.6516069
0.6401352
0.4339282
0.3545056
0.3729076
0.4843588
0.8336797
1.0718539
17.9884377
109.8743668
256.4769287
342.5957642
301.9306946
216.9078979
175.9486237
221.8707275
177.1033325
116.5053711
44.7728806
47.2442017
70.7754211
57.6780853
163.0504913
409.9112854
586.0605469
554.2749634
488.1940613
415.2160034
279.7087402
154.3955231
64.7443008
41.6431656
29.9820843
20.9297218
27.2240143
46.6706467
77.2045670
154.6929016
250.2769775
272.1421509
177.3191528
101.8831863
40.6492157
84.7864456
88.9477768
41.5643654
19.2646904
7.2813244
1.5324912
1.0640755
0.6809087
0.5838518
0.5391691
0.4858156
0.4041476
0.4070421
0.4521202
0.3432973
0.5783657
1.4450855
1.7274916
0.5970289
0.1895419
0.2019546
0.3276105
0.4396289
0.3998558
0.3940403
0.6240430
0.9512994
0.7833591
0.4225366
0.3343038
2.2539380
15.0019779
35.1809959
54.6832771
61.6292114
55.1736221
37.4906883
24.0957508
21.2971344
36.2900429
39.7598114
25.1819515
15.7548780
23.1607380
47.8204651
85.9776611
128.2157745
140.8574371
124.8549271
90.8518600
50.1756783
19.2006779
18.8832245
32.4423218
37.4733887
38.5776062
52.3422241
77.9750977
88.4683304
85.4405518
71.1761932
68.1930847
75.0932617
138.2612000
208.8022766
216.3701019
141.6726837
79.7755051
58.7251053
62.7073936
62.8327751
71.5317535
49.8842545
20.9770126
12.1695204
4.5543022
0.8838905
0.5053741
0.4701712
0.4789350
0.3188334
0.2347409
0.2589242
0.3029002
0.2720385
0.3568015
0.3695567
0.3720071
0.3738418
0.3722621
0.5701969
1.7409146
2.5802784
1.9167496
1.1581489
1.3522085
1.5061343
1.6593146
2.3138363
3.7226806
5.1920714
22.2000580
104.6777039
234.6533356
299.3815308
224.5802307
85.8561859
28.4298306
16.7778816
11.9402399
18.1862640
76.3368835
133.6663818
136.9522552
69.4744720
11.0716667
7.4542084
54.9224586
170.2374115
189.4908752
125.9992828
73.7878494
42.6809425
21.3056030
14.6236639
16.5439968
22.4294720
39.5875626
73.7014465
91.5610580
75.5208435
52.3299026
36.5245857
28.0564117
18.9076710
4.5326681
1.2112229
0.9333947
7.0915585
16.8337822
18.5736313
8.1977711
2.0382161
0.7933273
0.7451835
0.8970309
0.2725958
0.0988690
0.1967458
0.2987787
0.4267607
0.3404899
0.2540619
0.2290882
0.2237177
0.2921630
0.3501413
0.4103016
0.4070203
0.3885146
0.3255345
0.2971134
0.3171204
0.4309485
0.4905465
0.4638748
0.3888583
0.2717011
0.3062607
0.3978447
0.4786690
0.4777701
0.4602230
0.5667187
0.5531105
0.3816290
0.3155107
0.3509549
0.4496322
0.6057101
0.7187501
0.7691856
0.4148389
0.1974303
0.1753826
0.2471727
0.3519909
0.3613712
0.3266080
0.2372513
0.2483988
0.2942367
0.3393402
0.3277513
0.4268806
0.5079631
0.4974645
0.5580261
0.9121963
1.1464778
0.9479072
0.6338731
0.6174507
0.3694645
3.3720665
17.3290405
38.4037056
47.3241386
33.1892128
8.5727463
5.8465805
42.2703857
110.0878067
127.0788422
77.7702484
40.6351204
35.3998489
24.7069492
18.3506851
67.0207367
80.9607544
54.7905388
26.2741737
12.5186882
3.8206296
1.5941603
5.1836109
31.2963638
71.7714691
78.7448730
48.4870567
22.5449066
12.3864145
8.3599434
4.9366069
16.3105698
44.1964493
62.9628639
48.8777275
30.6289387
27.3855381
22.3449497
14.2504349
15.1373043
21.2410965
19.1768398
21.4419041
27.5583000
25.8489838
22.3934021
42.0941315
81.0995483
92.7847214
62.3044739
23.8806210
9.7336836
6.6715851
5.9910803
5.4876614
15.9857330
32.7651596
40.8632889
29.5421371
17.7630405
11.2708712
9.5551786
11.9254856
26.7155476
41.3533287
35.0829086
16.2454243
5.0625892
4.2803111
8.9859371
21.9038849
38.6290131
55.3945656
68.7420273
59.6332626
32.3858452
15.7194557
10.7093067
7.0589237
3.3673127
0.2180024
0.0190542
0.0472994
0.1516162
0.3712059
0.5486119
0.5608384
1.8212302
7.1671829
15.4139519
22.4373837
27.2269440
30.2997360
32.5440636
31.0239449
29.5770721
25.7301178
40.1695595
62.9740067
66.6259537
50.9769325
34.9813232
28.5433712
23.3038120
20.1234722
22.7752151
24.8031101
23.0956345
20.0259666
13.3579750
7.8581681
4.4909182
2.5978894
1.3825551
1.0401891
0.5460986
0.2275462
0.2294150
0.2279461
0.2551774
0.3190943
0.2882532
0.3642968
0.3797673
0.3447091
0.3505674
0.3333559
0.3366712
0.3264356
0.3325943
0.3511100
0.4771354
0.5544651
0.4279187
0.3213631
0.3042896
0.2999650
0.5431584
0.4812826
0.5742093
0.5790767
0.4917420
0.4651979
0.4032284
0.4489259
0.2742486
0.2841142
0.2737601
0.3651382
0.4870160
0.6653995
0.6184021
0.4747699
0.4550762
0.4101464
0.3176829
0.3225310
0.3764017
1.8663937
7.6425462
15.7939425
20.0735188
20.6420956
22.8645763
26.4011421
29.1417370
33.6770325
36.8203087
43.4510078
47.2395134
41.3644333
35.4496574
27.4550171
23.4656582
16.1082458
7.3877416
9.8125830
17.3605022
19.3402424
21.2508354
22.8757133
24.5148354
21.2160816
12.9568176
7.5512638
7.0157919
9.7203236
9.5584106
4.5540504
3.6948044
7.8833647
10.8263969
8.0867386
5.0401073
3.5617235
6.0154810
44.2778549
107.5218430
128.7476654
85.2721786
23.1686134
13.0686188
13.0524368
10.6184320
4.4473729
1.5376625
9.7081604
33.1745567
44.7096558
24.8363457
0.2679686
0.0954216
0.1063928
0.1696961
15.7105951
38.6660156
39.7907791
16.7114906
0.9319618
0.3950198
5.8356833
43.8875313
75.2199020
68.1749725
40.3276711
21.6127205
17.0395432
9.4031763
3.5768063
2.0215397
0.5143679
0.4164580
1.2166084
1.4831355
0.6419402
2.3461518
16.4148483
33.9504280
31.2325420
10.7852287
2.1162708
1.2878473
0.9900432
0.6300008
0.3563585
0.2734104
0.1469081
0.0210062
0.0006074
0.0000000
0.0000000
0.0000000
0.0000000
0.0000000
0.0000000
0.0000000
0.0000000
0.0000000
0.0000000
0.0000000
0.0000000
0.0000000
0.0000000
0.0000000
0.0000000
0.0000000
0.0000000
0.0000000
0.0000000
0.0000000
0.0000000
0.0000000
0.0000000
0.0000000
0.0000000
0.0000000
0.0000000
0.0000000
0.0000000
0.0000000
0.0000000
0.0000000
0.0000000
0.0000000
0.0000000
0.0000000
0.0000000
0.0000000
0.0000000
0.0000000
0.0000000
0.0000000
0.0000000
0.0000000
0.0000000
0.0000000
0.0000000
0.0000000
0.0000000
0.0000000
0.0000000
0.0000000
0.0000000
0.0000000
0.0000000
0.0000000
0.0000000
0.0000000
0.0000000
0.0000000
0.0000000
0.0000000
0.0000000
0.0000000
0.0000000
0.0000000
0.0000000
0.0000000
0.0000000
0.0000000
0.0000000
0.0000000
0.0000000
0.0000000
0.0000000
0.0000000
0.0000000
0.0000000
0.0000000
0.0000000
0.0000000
0.0000000
0.0000000
0.0000000
0.0000000
0.0000000
0.0000000
0.0000000
0.0000000
0.0000000
0.0000000
0.0000000
0.0000000
0.0000000
0.0000000
0.0000000
0.0000000
0.0000000
0.0000000
0.0000000
0.0000000
0.0000000
0.0000000
0.0000000
0.0000000
0.0000000
0.0000000
0.0000000
0.0000000
0.0000000
0.0000000
0.0000000
0.0000000
0.0000000
0.0000000
0.0000000
0.0000000
0.0000000
0.0000000
0.0000000
0.0000000
0.0000000
0.0000000
0.0000000
0.0000000
0.0000000
0.0000000
0.0000000
0.0000000
0.0000000
0.0000000
0.0000000
0.0000000
0.0000000
0.0000000
0.0000000
0.0000000
0.0000000
0.0000000
0.0000000
0.0000000
0.0000000
0.0000000
0.0000000
0.0000000
0.0000000
0.0000000
0.0000000
0.0000000
0.0000000
0.0000000
0.0000000
0.0000000
0.0000000
0.0000000
0.0000000
0.0000000
0.0000000
0.0000000
0.0000000
0.0000000
0.0000000
0.0000000
0.0000000
0.0000000
0.0000000
0.0000000
0.0000000
0.0000000
0.0000000
0.0000000
0.0000000
0.0000000
0.0000000
0.0000000
0.0000000
0.0000000
0.0000000
0.0000000
0.0000000
0.0000000
0.0000000
0.0000000
0.0000000
0.0000000
0.0000000
0.0000000
0.0000000
0.0000000
0.0000000
0.0000000
0.0000000
0.0000000
0.0000000
0.0000000
0.0000000
0.0000000
0.0000000
0.0000000
0.0000000
0.0000000
0.0000000
0.0000000
0.0000000
0.0000000
0.0000000
0.0000000
0.0000000
0.0000000
0.0000000
0.0000000
0.0000000
0.0000000
0.0000000
0.0000000
0.0000000
0.0000000
0.0000000
0.0000000
0.0000000
0.0000000
0.0000000
0.0000000
0.0000000
0.0000000
0.0000000
0.0000000
0.0000000
0.0000000
0.0000000
0.0000000
0.0000000
0.0000000
0.0000000
0.0000000
0.0000000
0.0000000
0.0000000
0.0000000
0.0000000
0.0000000
0.0000000
0.0000000
0.0000000
0.0000000
0.0000000
0.0000000
0.0000000
0.0000000
0.0000000
0.0000000
0.0000000
0.0000000
0.0000000
0.0000000
0.0000000
0.0000000
0.0000000
0.0000000
0.0000000
0.0000000
0.0000000
0.0000000
0.0000000
0.0000000
0.0000000
0.0000000
0.0000000
0.0000000
0.0000000
0.0000000
0.0000000
0.0000000
0.0000000
0.0000000
0.0000000
0.0000000
0.0000000
0.0000000
0.0000000
0.0000000
0.0000000
0.0000000
0.0000000
0.0000000
0.0000000
0.0000000
0.0000000
0.0000000
0.0000000
0.0000000
0.0000000
0.0000000
0.0000000
0.0000000
0.0000000
0.0000000
0.0000000
0.0000000
0.0000000
0.0000000
0.0000000
0.0000000
0.0000000
0.0000000
0.0000000
0.0000000
0.0000000
0.0000000
0.0000000
0.0000000
0.0034991
0.1604269
0.6357552
1.2447798
1.4974253
1.1264130
0.5476211
0.3802934
0.5015057
1.8081422
9.1000338
16.2023945
38.0419922
134.1041565
277.4985046
351.4552917
315.6392212
264.3794556
238.0927429
172.9095001
103.8590012
65.8688049
30.9225349
19.8488197
41.8059883
94.7304688
193.4028168
290.9566040
313.7568054
238.1707001
116.9253616
33.3516693
9.0079613
3.2157540
5.7853184
24.4670734
51.9551735
58.2182465
46.0380783
32.4839745
30.8936882
26.4537392
21.3369713
17.9502106
19.7578831
20.0695210
10.0032682
0.4607836
4.2694521
29.9312916
55.1906281
53.1824799
42.6428108
45.0300407
38.1563034
22.9679890
15.2294588
7.5053115
14.4348478
23.4604454
26.4988632
26.7732735
28.2149487
29.3511963
26.0852585
22.2190361
18.7769356
15.9473772
15.2166901
17.6470947
48.3479004
118.1571503
176.5323486
220.7652740
288.4022217
317.1443787
221.3658752
82.6809082
38.8508682
87.8465729
181.1132507
232.8506165
211.7313080
169.7754517
139.0663605
134.6407471
130.8194275
100.7006683
78.3366241
61.9389839
32.0561447
5.5802102
4.1134410
3.5889621
2.3379853
0.6291960
0.5319139
0.5054856
0.8655410
1.2594357
0.9765019
0.3234539
0.2302969
0.1687067
0.2195300
0.2681207
0.2162071
0.3085110
0.3981498
0.3959363
0.3728799
0.4593966
0.4778712
0.3550754
0.2495198
0.2298575
0.2846210
0.3953965
0.4302160
0.4247165
0.4407697
0.4087467
0.3391570
0.3200362
0.3882255
0.4820683
0.6770561
0.6219549
0.4995196
0.8620910
1.7456727
7.3601618
21.3794975
37.6273766
43.7319565
36.8808174
26.6144390
17.8844223
14.0296326
12.5370607
29.7230663
79.6154861
171.3784485
259.8639221
277.4730530
204.1617584
126.8023682
45.9323387
29.9286461
13.2196770
4.3302364
19.5818520
48.3626404
62.4018517
59.7669716
50.8896751
42.5073776
47.5733223
76.5872040
107.6679840
101.5936813
76.8841629
49.5379753
27.0018692
5.0580974
15.2723322
23.1492176
19.3094559
25.1932659
41.4182625
44.2644310
36.2973633
27.9068165
24.4323196
42.9092369
70.3367081
74.4110336
49.4506493
25.9063454
12.2653332
31.6139317
107.6413498
169.0600128
139.1605377
56.0207596
11.7578573
3.8694942
3.7398651
8.5542459
16.2744408
26.2139454
37.8292046
43.0786247
34.1695938
18.8419609
4.9348030
6.5714359
17.1238995
32.2429276
41.8261604
47.5257301
38.3087845
28.4625206
20.9083672
17.3591747
16.9296188
15.3651142
35.3509674
51.8920593
45.7756767
65.0051880
84.8319778
86.5476608
61.7571678
34.9104462
41.3894043
89.7128754
191.6784515
238.3722534
169.8119659
102.0223083
53.2768555
33.5647469
28.6036129
5.0474529
0.6320937
0.1868447
2.2377331
9.9247475
8.3577938
3.1513586
19.6055641
48.9038887
62.9694328
52.2133904
24.5416508
7.2050619
1.3729919
0.3845045
0.4285210
3.3005908
35.5307236
69.2849884
74.1915741
46.4091949
21.4860992
9.0313702
3.3817759
2.3588874
2.2699256
1.9623597
3.1401179
14.1245871
35.4152908
63.0534897
96.9089432
120.5818176
119.4982452
113.5871201
154.1927032
163.3416138
128.8829498
89.0192642
62.6203690
39.8274498
62.2384224
95.8127899
61.9318504
34.1286430
21.6850166
52.2893219
82.8018494
81.3901672
56.5148697
34.4547272
23.7142944
24.0737877
27.3253059
21.7381287
7.8715882
1.8770838
9.5290756
46.1596642
52.2007828
14.9960108
5.9465261
3.8334944
2.1572309
1.1139281
0.5940697
0.3830671
0.3097981
0.3060935
0.1826513
0.3880443
0.3952560
0.3357841
0.3017416
0.3280421
0.2508643
0.3075568
0.3369663
0.3421805
0.3999640
0.4381904
0.3708640
0.2819414
0.3807425
0.3937798
0.3807247
0.4172493
0.4147488
0.3778835
0.2685065
0.2420591
0.3357184
0.3824820
0.5829237
1.2687017
10.1540518
55.2656670
134.4658813
186.7762146
165.5821228
90.3769455
24.6612339
5.3292651
1.1409359
2.1707997
14.5804882
47.1954155
66.9042587
75.0538254
59.7387314
31.7993031
16.0244007
17.7906914
24.1438484
30.7746086
31.9475632
27.4412441
21.2917118
33.9684601
64.6079865
118.9442291
156.5807343
121.2438202
54.4354324
18.0836983
8.4429703
2.3233247
0.0673700
0.1350849
3.8785067
40.2021446
85.0731277
113.7922363
110.7984085
80.5578613
45.3435783
27.7514668
10.2493887
10.0958920
10.6425486
6.3393745
2.5066338
1.2339662
3.3197160
3.3987379
1.7390676
0.4963298
0.4116161
0.2110118
0.1476208
0.2264081
0.3714440
0.3272013
0.2906481
0.2587845
0.2198108
0.2698961
0.3487014
0.3335634
0.3745301
0.3542715
0.3868434
0.4127178
0.3933265
0.5214550
0.5840281
0.3995222
0.3038394
0.3297737
0.3807227
0.4818791
0.5651155
0.5034331
0.4239985
0.3448318
0.3163393
0.3164997
0.3900178
0.4700838
0.4490854
0.4704917
0.4578603
0.4804785
0.5056190
0.5105786
0.4782687
0.5224335
0.4560432
0.3987333
0.4873199
0.4950439
0.3358845
0.3692945
0.2899570
0.2543283
0.3647516
0.3370491
0.4013715
0.4144630
0.4424106
0.4478058
0.4096668
0.4150214
0.2751229
0.2616892
0.3564733
0.3782541
0.2852703
0.2440787
0.2569071
0.3348318
0.4643915
0.5086553
0.8174091
3.8847775
17.7344456
33.5522270
51.9992905
72.4974823
63.9163742
34.9700432
28.8821850
33.6520996
34.6232948
30.7328339
20.3687649
10.4355745
9.9673414
18.7843609
32.1172485
62.6777382
111.2048035
134.3805389
109.5393829
73.3730316
54.7062263
43.0347176
27.6561432
20.7039413
23.5605602
16.8093147
7.4723449
3.6839192
0.4405189
0.7764634
0.4341384
0.3964999
0.3329719
0.3691096
0.1691991
0.1341875
0.2195813
0.4060851
0.5315501
0.5045490
0.4409347
0.2863904
0.2498852
0.3634517
0.4269134
0.4405673
0.4454921
0.4232771
0.4460248
4.7553906
16.0504055
33.8672256
77.1299438
160.1645813
260.7749023
346.7683411
388.4040222
358.5721436
284.6109924
208.1483307
167.7146301
136.8652954
105.8526611
63.7384262
41.6753044
33.1006317
19.8645611
49.8432770
99.2289734
127.3384857
153.5896912
142.1674042
90.6117249
44.0707932
49.0895767
67.3603745
37.3585320
17.1863651
11.8747330
12.4057856
12.3725395
5.6363277
2.8849881
19.8963966
76.2633133
137.0456848
145.1184082
110.3607483
82.6941452
76.4662781
80.8623276
69.4789658
53.1243668
43.7358093
43.0017776
44.0489960
35.2805710
30.6883450
28.1310844
14.9072123
12.4302921
58.2416458
106.1339188
102.8408661
60.9425201
45.5543556
48.5868034
39.4297142
26.8850365
24.7969913
22.4882317
15.0362806
13.1011543
12.2539444
6.8753948
1.0160639
0.0466135
17.1720905
72.3025818
111.6731949
87.6096191
35.6030884
35.0425034
47.1406136
83.0100174
139.2763062
175.3240051
162.0605164
113.9145203
64.3393402
36.2209435
76.6494064
70.6003036
44.3408089
30.5939598
27.9809875
26.0110550
30.5683289
40.2013206
60.3925438
55.3646965
44.3323746
39.1305237
37.2717323
36.1219788
34.9580231
29.0095901
20.3484592
7.6890116
1.2730023
0.3583252
0.6724156
1.4357994
1.6376915
0.8425137
0.3211769
0.3217959
0.3053089
0.2290619
0.2344883
0.2499148
0.2590008
0.3002038
0.3834143
0.4936454
0.5618852
0.5647389
0.6018456
0.6405815
0.7080177
0.7097512
0.6455207
0.6763937
0.7987122
0.7671467
0.7135912
0.7631738
0.7083276
0.5975670
0.4227566
0.3124370
0.2950476
0.2712815
0.4319064
0.8200743
1.3542972
1.5254174
0.8807581
0.3834389
0.3058440
0.2503125
0.2609285
0.3077335
0.3647338
0.4399563
0.5758306
0.5405513
0.3523987
0.2705714
0.2908494
0.3802236
0.3726054
0.4518876
0.5247968
0.4148933
0.3002093
0.2664423
0.4181519
0.6324257
0.7447028
2.7098868
23.5592537
81.3491364
139.7723541
138.5441284
70.1510086
9.9362478
2.1450038
0.2270775
1.6921170
45.7861748
124.1679230
117.2597198
61.9240112
32.5171432
44.5740891
86.0752411
166.8210602
216.5553894
197.9141693
196.8120575
221.0151825
233.4263611
124.1312332
33.0611076
11.2789621
17.5278835
15.3475904
5.6433253
3.2989435
27.7200356
94.2120285
175.4589691
212.2918701
174.3757629
114.6045837
70.5955353
51.2301598
32.5705986
22.0527515
11.8005486
4.2633820
1.1513290
0.2154940
6.2409811
42.4247284
115.2289734
168.4814453
166.3453217
139.5541534
99.5051727
48.2454147
21.6756210
37.2793388
75.7054062
81.9738464
47.9461327
25.7782249
17.7915268
21.9928818
17.6525230
10.7153807
4.4550805
1.1382009
4.0051060
15.9989681
34.0760040
37.7371140
24.2321835
9.5361900
4.8628669
2.4081030
1.5332224
1.2811080
0.9474732
0.5816682
0.3905994
0.2969010
0.2441529
0.2508045
0.3373077
0.3758098
0.3437288
0.2471627
0.2474311
0.3417522
0.4635586
0.5762591
0.5480382
0.4174549
0.3265998
0.3780554
0.3416493
0.3014700
0.2584562
0.3223426
0.3803943
0.4227838
0.4875526
0.4747232
0.3873131
0.3466717
0.3918138
0.3089564
0.3167130
0.3150295
0.2467698
0.2429819
0.3673422
0.4252314
0.3453215
0.3841377
0.4084053
0.3364838
0.2836262
0.3367037
1.1691608
11.2301598
45.9999046
99.9935913
131.3956146
112.0211639
78.9743118
52.1300278
37.2184448
20.1214676
17.5350494
55.2904396
77.5228806
47.7495880
23.7007904
9.3572092
1.2255235
0.6146680
2.2841773
33.8184967
93.0213852
122.5811310
106.1697845
47.1205177
11.4779778
0.6878538
0.2443551
10.7774086
79.3295288
155.9557190
161.5273743
102.9859161
76.7031021
98.6290665
123.3050308
124.0777206
111.1219406
86.9942856
88.7562714
93.1521225
89.9284744
88.2650146
66.1341858
41.4636574
23.3181210
34.8982620
30.0415897
15.9970703
8.2139282
4.7111731
8.2779331
10.1690073
8.9301643
7.3271780
6.2036800
5.6911983
5.4077973
3.9212379
2.2672439
0.8295573
0.3288034
0.2485132
0.1180408
0.0760870
0.2117251
0.3793337
0.3798099
0.3725505
0.3441344
0.3141722
0.3726654
0.3988703
0.4203787
0.3555008
0.2947821
0.2523287
0.3999193
0.3773984
0.3005888
0.3308941
0.3497195
0.4177660
0.5157393
0.5411277
0.4858225
0.3197978
0.2215405
0.2615185
0.4428806
0.4428488
0.4096990
0.3321506
0.3641970
0.3445380
0.3654915
0.3238575
0.2751221
0.4763373
0.5120909
0.4035790
0.3115389
0.3057477
0.3515293
0.2943769
0.3463808
0.3762255
0.2491370
0.2159715
0.2952943
0.3725116
0.3305466
0.2795254
0.3059623
0.5484961
0.7980909
1.2539847
1.3833051
1.0095260
0.3866964
0.2557193
0.1831454
0.2749920
0.3647418
0.4174864
0.3677197
0.4125412
0.4009345
0.3992680
0.3881084
1.0302122
2.2088032
2.4463489
1.3095998
0.6923940
0.5008493
0.9320058
25.6262035
100.4630585
177.4323120
180.7807312
101.7840576
41.0844002
30.8290653
44.6958389
51.9148064
40.8402939
17.8248405
7.1993952
5.4069738
3.5517781
1.9707614
0.9227918
0.4405871
0.3159131
0.4527147
3.2703795
18.2914295
40.0478592
58.8536072
89.6632004
145.1800842
207.2099609
252.9851837
246.2956390
221.7265167
198.7916870
180.2895355
152.9650116
117.3389282
82.9981613
56.1580925
37.0806923
30.9197521
33.2453575
29.4550056
20.6529922
14.1253853
8.0823326
8.6832619
40.7124367
87.6533813
95.3404236
59.1041489
24.1539497
23.2146721
36.9154701
44.4218750
40.7413216
32.9057159
29.6502056
33.8522377
30.9417133
28.0238132
26.6368294
28.4810390
28.5464420
22.1522522
11.9917774
8.8258467
7.6326976
7.7059541
8.7344160
11.7618017
10.6733732
7.1536250
4.0329995
1.6841031
1.4551815
0.5473936
0.3329886
0.3399548
0.2739319
0.3550978
0.4540820
0.5075112
0.4090562
0.3237894
0.4291890
0.7400087
0.7097169
0.3847104
0.1963835
0.2933557
0.4155787
0.5407849
0.6069843
0.5568920
0.5389905
0.5450283
0.4995290
0.2948729
0.2532836
0.2916952
0.3994008
0.4377276
2.0278978
12.9504147
40.9704704
76.0835342
91.1484680
66.8040390
20.7237473
7.4654222
6.6370049
9.4398823
14.6190434
13.6665449
10.6936626
25.4761410
52.6251717
63.1966858
46.8088951
26.3833046
10.7779293
4.4835081
4.8127294
8.5494757
22.7687473
20.6590824
11.4145851
5.2741294
3.9634907
0.6937912
0.2193643
4.3185234
18.7981052
26.0622501
15.4301786
3.8440652
7.7495365
53.7505798
125.1904831
149.1624451
121.4934158
82.0498886
45.2177200
17.8673744
9.1330376
5.7768631
6.4928446
10.2683468
13.3804064
6.6732450
2.7712355
1.2240459
0.2483113
0.2004915
0.2438197
6.9219999
22.3512344
25.3751087
12.4911900
1.1311995
0.3998362
0.1520367
0.2531523
0.3313575
0.2936666
0.2795638
0.3888600
0.4429827
0.3527770
0.2550760
0.2797747
0.4643191
6.1878285
22.2134781
44.6690140
64.7677307
68.2665863
44.6186142
14.4497728
3.3873458
0.6222343
0.2508599
0.0686384
0.1092242
6.1068153
28.2653255
44.2983170
34.8579826
8.4783697
1.7171054
0.7758358
0.5279095
0.4138997
0.2036264
0.1464225
0.0979860
0.0185691
0.0048634
0.0001409
0.0000000
0.0000000
0.0000000
0.0000000
0.0000000
0.0000000
0.0000000
0.0000000
0.0000000
0.0000000
0.0000000
0.0000000
0.0000000
0.0000000
0.0000000
0.0000000
0.0000000
0.0000000
0.0000000
0.0000000
0.0000000
0.0000000
0.0000000
0.0000000
0.0000000
0.0000000
0.0000000
0.0000000
0.0000000
0.0000000
0.0000000
0.0000000
0.0000000
0.0000000
0.0000000
0.0000000
0.0000000
0.0000000
0.0000000
0.0000000
0.0000000
0.0000000
0.0000000
0.0000000
0.0000000
0.0000000
0.0000000
0.0000000
0.0000000
0.0000000
0.0000000
0.0000000
0.0000000
0.0000000
0.0000000
0.0000000
0.0000000
0.0000000
0.0000000
0.0000000
0.0000000
0.0000000
0.0000000
0.0000000
0.0000000
0.0000000
0.0000000
0.0000000
0.0000000
0.0000000
0.0000000
0.0000000
0.0000000
0.0000000
0.0000000
0.0000000
0.0000000
0.0000000
0.0000000
0.0000000
0.0000000
0.0000000
0.0000000
0.0000000
0.0000000
0.0000000
0.0000000
0.0000000
0.0000000
0.0000000
0.0000000
0.0000000
0.0000000
0.0000000
0.0000000
0.0000000
0.0000000
0.0000000
0.0000000
0.0000000
0.0000000
0.0000000
0.0000000
0.0000000
0.0000000
0.0000000
0.0000000
0.0000000
0.0000000
0.0000000
0.0000000
0.0000000
0.0000000
0.0000000
0.0000000
0.0000000
0.0000000
0.0000000
0.0000000
0.0000000
0.0000000
0.0000000
0.0000000
0.0000000
0.0000000
0.0000000
0.0000000
0.0000000
0.0000000
0.0000000
0.0000000
0.0000000
0.0000000
0.0000000
0.0000000
0.0000000
0.0000000
0.0000000
0.0000000
0.0000000
0.0000000
0.0000000
0.0000000
0.0000000
0.0000000
0.0000000
0.0000000
0.0000000
0.0000000
0.0000000
0.0000000
0.0000000
0.0000000
0.0000000
0.0000000
0.0000000
0.0000000
0.0000000
0.0000000
0.0000000
0.0000000
0.0000000
0.0000000
0.0000000
0.0000000
0.0000000
0.0000000
0.0000000
0.0000000
0.0000000
0.0000000
0.0000000
0.0000000
0.0000000
0.0000000
0.0000000
0.0000000
0.0000000
0.0000000
0.0000000
0.0000000
0.0000000
0.0000000
0.0000000
0.0000000
0.0000000
0.0000000
0.0000000
0.0000000
0.0000000
0.0000000
0.0000000
0.0000000
0.0000000
0.0000000
0.0000000
0.0000000
0.0000000
0.0000000
0.0000000
0.0000000
0.0000000
0.0000000
0.0000000
0.0000000
0.0000000
0.0000000
0.0000000
0.0000000
0.0000000
0.0000000
0.0000000
0.0000000
0.0000000
0.0000000
0.0000000
0.0000000
0.0000000
0.0000000
0.0000000
0.0000000
0.0000000
0.0000000
0.0000000
0.0000000
0.0000000
0.0000000
0.0000000
0.0000000
0.0000000
0.0000000
0.0000000
0.0000000
0.0000000
0.0000000
0.0000000
0.0000000
0.0000000
0.0000000
0.0000000
0.0000000
0.0000000
0.0000000
0.0000000
0.0000000
0.0000000
0.0000000
0.0000000
0.0000000
0.0000000
0.0000000
0.0000000
0.0000000
0.0000000
0.0000000
0.0000000
0.0000000
0.0000000
0.0000000
0.0000000
0.0000000
0.0000000
0.0000000
0.0000000
0.0000000
0.0000000
0.0000000
0.0000000
0.0000000
0.0000000
0.0000000
0.0000000
0.0000000
0.0000000
0.0000000
0.0000000
0.0000000
0.0000000
0.0000000
0.0000000
0.0000098
0.0962171
0.3813114
0.6918808
0.8174427
0.6825131
0.5079645
1.1759892
9.8191624
55.4038391
158.1449280
262.3781433
282.8322144
208.4438019
102.2916946
41.9832497
12.4668159
0.7179199
0.0611227
0.0340006
0.2765234
0.5183370
4.2551117
29.1506119
73.9639893
120.7239151
169.1308136
215.4027557
235.3676300
208.3593597
155.7681122
110.9419708
92.1261978
76.4851456
67.1190872
71.8142166
76.2133179
72.4606018
71.2192078
78.6681442
138.4649658
157.6839447
152.3504791
143.2919312
131.1601410
101.9343872
65.9359818
38.6735115
27.2264271
23.1352654
23.3583965
23.6920471
27.3871651
74.3531113
179.4498138
241.3916473
215.9174805
199.2790375
170.4214783
189.5456238
124.0364456
42.6757698
11.0158634
3.5079689
4.1494846
4.4858503
15.4936876
20.9932365
8.3230572
4.1964283
27.7119999
74.8209305
88.7144699
63.3791275
44.5855942
37.2482758
32.0369072
19.6024380
14.8581123
37.0661888
96.6918869
108.5440140
92.7289963
77.4687424
79.0894470
44.4606400
10.4503422
2.1704645
7.9267187
103.4053955
187.3789673
181.0405884
139.3095398
108.2017365
104.1191483
99.5261688
82.0784760
46.9496078
22.3767319
13.5739231
15.1920691
17.1104317
16.7200279
14.6427555
12.7931595
10.7283134
9.1800575
8.4670086
7.9498496
7.6042023
5.8682461
4.2562156
3.2252450
2.5632963
2.1000347
2.0980413
1.9002903
1.1919345
0.6444546
0.3509073
0.2504372
0.3481452
0.3901496
0.2745683
0.2380149
0.2625675
0.2958583
0.3663491
0.4063423
0.4866490
0.4348731
0.2956779
0.3714513
0.4129806
0.3352426
0.2516804
0.2712263
0.2667028
0.3683963
0.3443531
0.2954406
0.2995605
0.3221577
0.3171640
0.2920868
0.3744330
0.4850323
0.5588525
0.5359225
0.3133551
0.2584388
0.3544332
0.3479170
0.2812198
0.3090618
0.3574603
0.4316554
5.9537201
22.8573227
40.0696106
42.6254654
30.1853046
27.4360561
33.1384773
38.2069321
44.0273209
53.3218918
60.6093636
54.9040604
54.0181694
90.5066986
132.3023529
141.5713501
109.2877502
58.9676971
28.9745731
11.8314867
1.7554684
0.5294030
9.2939558
56.9020538
92.0050278
57.4058647
6.3383188
0.6684916
0.0335424
4.3107386
23.4936409
33.9317245
21.6756325
11.1216021
36.0926399
121.0331497
200.4890442
199.0339508
129.3835754
63.0203896
45.7874451
64.5476990
58.5000496
34.0192299
21.7142429
20.4714890
21.6709576
31.0521336
50.5700302
68.0069122
64.6231079
57.6679726
40.2736130
18.6227322
8.6549520
4.4075856
7.2942362
10.9583464
8.3783607
4.4877181
2.3442268
1.2550943
0.8143051
0.3581820
0.3388182
0.5236748
0.7304651
2.9285786
7.1381154
7.0030928
2.2088637
0.2439299
0.4426424
1.3520166
3.1980669
3.3984468
2.7092967
1.6812724
0.9112436
0.4909011
0.7297629
20.3863392
106.5619965
212.0033722
227.4555969
123.7264099
17.4866943
3.5741692
0.4784350
7.3574934
40.0889931
129.5113068
248.2627258
316.7462463
268.2460632
165.7282410
130.9854431
168.7489929
194.6705933
198.3556671
176.7987213
142.3894806
103.4929352
108.2562561
146.1617279
178.1780396
163.2732239
108.0035553
62.2044563
41.9344788
29.5921516
38.2014847
56.4560394
83.3317566
124.3576813
133.1110840
88.1768646
52.0082626
33.5814285
39.5170097
68.2111130
102.1574478
175.2014923
212.2026825
200.6122894
131.8014526
56.5289230
21.2424622
15.2265968
15.7922812
20.5080833
20.8998375
15.4141350
8.8239279
5.0279117
3.0456753
1.0495087
0.6632022
0.9970967
1.6983151
2.5982018
2.4625611
2.3213708
2.5447378
2.7331018
2.7724557
1.6151862
0.9790744
8.4285889
34.3718414
69.7101746
84.7720566
63.7450409
37.8754425
22.3478680
11.3761501
9.3872337
41.6021729
81.3177795
100.5916672
84.7465591
33.1699371
7.1172833
0.4077120
0.3351142
21.2807884
103.2939224
207.0984192
283.3638916
262.3955994
156.0632324
87.9279327
101.5165100
134.1567993
155.2157745
147.9934845
103.2137299
101.5932693
117.5637817
130.9892731
197.7608185
226.9221802
166.6208344
88.8957214
48.5563889
33.8975105
19.5450726
7.6469259
6.3595767
67.6188889
204.5461884
304.5116882
286.6770935
182.2417603
83.8399429
22.4149151
11.9627342
12.3756523
46.6504974
120.0664062
129.0250854
97.8331604
71.7498932
41.2032318
20.7979851
19.4342842
17.2670898
11.6900816
5.0776672
15.9461489
18.0771847
36.8020859
88.3950729
128.4369202
118.3822632
79.6973648
55.5622444
36.6978836
20.5066299
12.2520199
3.0794480
1.0002511
6.8768091
24.7741375
48.7577705
68.4849625
75.6977158
71.5407944
60.4714470
43.9032211
22.1107445
41.7242012
48.0646133
44.5884171
33.6238937
21.8068562
12.5698357
6.3624487
4.6381311
4.9468474
4.8962584
2.3776994
0.9205154
0.5129729
0.3579122
0.2806820
0.1863713
0.1969935
0.3085431
0.5132079
0.5605767
0.4757199
0.3920825
0.3213993
0.2713153
0.3894399
0.4277852
0.5612393
0.6257092
0.6276499
0.4711038
0.3383240
0.3366672
0.3280877
0.3281989
0.3483383
0.2965904
0.3846503
0.3685459
0.4423550
0.5182359
0.5164297
0.3975884
0.3073847
0.3379097
0.3633053
0.4385375
0.4138921
0.3738140
0.4836505
0.5989628
0.4729095
0.3902745
0.4748237
0.5598681
0.5595189
0.4763563
0.3173176
0.3671284
0.3612327
0.4962823
2.7133651
9.8580723
35.9519157
89.4753571
128.6541290
115.6256409
74.1778793
35.2944679
28.5055027
16.8279610
12.3072863
27.3961582
134.8550568
219.4607849
275.0831299
294.0162964
247.1877747
172.6259308
119.4013290
61.8548737
22.1038322
4.9435434
1.0413151
0.4881599
0.7902346
9.9835482
22.4558868
30.9255619
39.3890457
48.3359108
46.9981766
38.6487122
35.3301888
34.0022545
23.3732662
9.1178265
7.3210645
3.8583083
3.5286231
6.9930210
4.7711945
0.4324415
0.0494556
0.1966833
0.1728115
0.2953053
0.4492958
0.5341544
0.5041609
0.3813884
0.2628720
0.2473450
0.3321318
0.5487479
0.5094779
0.4145573
0.3130198
0.3085707
0.3708978
0.4173702
0.4758320
0.3818889
0.3200874
0.3913558
0.3600302
0.3388000
0.4615025
0.4794974
0.3336726
0.3289713
0.4831290
0.5945535
0.4446499
0.3028343
0.3057911
0.5292481
0.8048958
0.7271515
0.4832004
1.4434543
7.1726990
16.2391682
25.4290771
36.8743134
50.8741570
75.6927948
108.0334015
131.3243256
141.1197968
129.6615753
115.9599609
111.0627823
102.1801910
64.5010223
31.5873833
13.5760098
5.7363024
28.4066238
150.8560333
285.2627869
312.6024170
218.6562042
114.9407196
47.3515816
9.2456503
2.1096277
0.1400450
0.5881003
5.6559916
7.2199001
0.9477124
0.1796269
0.0839665
0.2434813
0.6974347
0.5424490
0.3703316
0.3187314
0.2364953
0.3018760
0.4050660
0.5883535
0.8280665
1.2298748
3.5364537
23.1917076
83.2293167
150.4024811
163.6134491
121.3174438
65.1088943
23.1040936
19.9078293
28.8454304
89.6576462
208.9311981
290.5619812
278.8003540
245.0328674
266.2408752
230.9619751
118.7798843
26.8369808
6.6620069
7.3114033
13.0601616
29.1094570
39.9879646
59.0774422
97.0633850
134.3845062
165.8751831
180.9864197
180.0671692
177.5938110
158.2022858
82.6725845
35.6130714
21.9357662
15.0004978
8.2259808
10.6774893
4.8817396
1.4903792
0.1405506
0.1424761
0.2634407
0.3683028
0.6370227
0.4593288
1.0755190
5.1265426
12.0081024
18.1718025
23.2442627
30.9074993
44.5164948
68.9693451
98.3082504
113.6026230
99.8895340
65.5161819
25.3308468
3.0082550
1.4981266
0.8883228
0.9197303
1.1922337
1.5686734
1.3471828
1.3387086
1.4746339
2.0524721
2.7923012
1.9728992
0.7962111
10.4177256
66.2425003
171.9214935
271.3000488
302.9519653
248.0604095
175.1815338
113.2218018
121.5829315
112.0454102
67.8468246
39.1292114
24.0579624
7.8159294
22.8180218
83.4665451
133.6683502
156.3055878
131.9802399
62.7270546
42.4067345
53.1104660
91.4611359
79.0230789
14.4869089
4.8856392
1.2986891
1.5096338
25.1205807
70.2138290
80.1502762
66.0985107
56.9007416
52.7638397
64.5658340
107.7070465
174.4270782
226.6471252
221.0779266
184.3724823
140.4589386
87.9095688
185.8690643
136.0622711
59.9589653
41.4827995
33.1378136
34.8728714
38.7653275
25.0158710
3.6922557
1.4816610
1.8981214
0.3889255
0.2542256
0.2191191
0.3446527
0.9590325
2.4295783
9.2115068
32.7495651
72.5947342
97.2928391
80.7441711
43.0106163
30.5928478
19.4351521
8.6059723
24.6683006
50.2786140
60.9477882
58.2438812
38.3808556
27.0960026
53.9313583
64.5836792
85.6772614
134.7806244
169.4019928
136.3191681
61.7201920
22.0603619
11.2987013
8.2551661
23.0304241
119.0192642
211.8031158
180.4850311
65.1228485
15.8424473
24.9774284
111.3163452
233.8946991
301.9414062
227.1771545
112.7536316
48.8694496
46.8032265
40.5069351
58.1602402
150.9576416
264.9085999
298.2048950
255.7917480
175.9841614
101.3157425
37.7421112
22.0447636
24.2893677
1.0047301
0.0970781
0.0167521
0.0859539
0.7384002
3.1273527
7.9555240
17.1822643
27.9296875
32.8820992
28.5501366
21.7343388
34.7226410
93.8348618
174.0274811
203.0993195
185.5718689
166.9205322
156.3806915
132.2960205
78.3747101
86.8483582
155.0159607
93.9791183
27.5569992
50.0059013
76.8880539
38.4180908
27.5676346
23.6478138
15.5548964
10.1620331
5.5184693
8.1288557
10.7116375
5.9357271
2.2460742
1.2409899
1.0602659
0.7232416
0.3615229
0.2599071
0.2238706
0.3640355
0.3542792
0.2502414
0.2728394
0.2696715
0.4111632
0.4159899
0.3702886
0.5640302
8.9164028
32.9751282
63.7093163
79.0438309
63.1799126
39.8739281
28.5185719
21.8753281
40.3928909
105.0297699
154.3179932
149.3856659
102.1436462
83.9043121
85.4048615
62.1625557
24.0556812
5.3020916
1.4895337
13.2050610
41.5918617
66.9795532
89.9819946
120.0611038
119.7221222
74.9664536
51.2742577
53.4514236
100.7602692
182.9076080
195.2391663
127.8325500
64.2464752
19.3864346
5.3086982
2.5983586
3.5133476
8.8873920
12.0542850
13.0434065
31.6206627
73.1412735
100.3601990
97.9068222
77.8458862
65.0664062
53.5060539
44.5137749
43.1814766
87.1023788
117.0932846
113.3192139
99.2317352
83.4871597
58.0522575
30.2933369
12.8310003
3.2888856
0.4784595
0.3319620
0.2222088
0.2861911
0.2782111
0.2232018
0.2836171
0.3832676
0.2870588
0.2504124
0.3011287
0.4110738
0.4952597
0.5416691
0.4848689
0.4649927
0.3255360
0.3188912
0.3175752
0.4079505
0.4002757
0.3918799
0.3144118
0.3782117
0.4724470
0.4046705
0.3603550
0.4533512
0.4316777
0.4631416
0.3553099
0.2363291
0.2855918
0.4351248
0.4547639
0.3819231
0.4083490
0.3903661
0.4060114
0.3625987
0.3405653
0.2651281
0.2982332
0.3913239
0.4151446
0.3428498
0.4012948
0.4649625
0.3060629
0.2445274
0.2034517
0.2943496
0.3656251
0.4132658
0.4079729
0.3875392
0.2996577
0.2542886
0.3249792
0.5228392
0.5738146
0.3967153
0.2966299
0.2698406
0.3039509
0.2588249
0.2534555
0.3792329
0.4580657
0.3299206
0.3181654
0.3181097
0.3407979
0.2993245
0.2320430
0.3403300
0.5197724
0.6642392
0.6087064
0.5184305
1.2109972
25.7626114
94.3922501
160.8850250
166.8295593
116.7050476
60.0042496
19.2918186
2.7426772
0.3596152
0.0624577
0.0376159
6.3140197
54.0408440
105.1878510
103.1035919
62.5149193
47.5182228
71.7740173
107.7697067
146.7862701
166.0874634
134.6174469
105.1853180
146.5312500
211.1008911
228.1118164
167.5260315
106.5480194
58.3989258
18.5897083
2.0434535
2.7136660
20.1248093
53.8082161
100.4718933
129.9565887
136.3206635
99.1868439
53.4617691
42.8704033
65.2674637
135.4664612
181.5994873
160.5870514
124.5625687
98.3175659
31.5859108
7.5934491
6.1880627
7.4428959
13.1363430
19.0841236
24.5884552
31.5188141
42.4006958
51.3357010
55.5822144
57.9934425
65.5424652
63.4171829
50.4752426
39.5698395
33.6414070
23.7351494
10.8007221
3.3099368
0.7769907
9.6488485
65.5758591
119.7035980
121.2654724
91.0700607
56.0878029
22.6026154
7.4760585
16.3210697
24.2168236
24.1334515
12.9916239
12.3886518
54.3189354
100.1570663
99.7687302
68.0539932
39.8074799
19.6885223
6.8688860
9.3111248
19.8357105
38.1000938
39.9417839
31.7113857
23.4290104
11.9940681
4.8098917
2.0874743
6.2671132
38.4460182
77.8658600
72.1372375
30.0253849
15.5245066
36.3596878
51.4281349
44.6761894
28.5813961
21.7480755
14.1582260
7.0276732
4.7363706
6.4908533
10.4431753
13.5731220
14.9619656
13.8194313
11.3094215
9.8603029
8.2065992
7.1513720
6.5350385
5.6996951
4.0653763
2.0846448
0.6353594
0.2757306
0.4041238
0.4223101
0.3453276
0.3873386
0.4633501
0.5300966
0.4577151
0.3664683
0.3162015
0.3115705
0.4294999
0.4088275
0.3090930
0.4046172
0.4562442
0.4537126
0.3854794
0.3239259
0.3752753
0.4017221
0.3796932
0.3221276
0.2660298
0.3104464
0.2976833
0.3253599
0.5220502
0.8103781
1.6503648
3.1384082
3.2649958
1.1339880
0.1635945
0.2858151
0.2967092
0.4076404
0.4032536
0.4023360
0.4263595
0.4674636
0.4167507
0.3628988
0.4147418
0.4416762
0.5121457
0.3974247
0.3217094
0.3037271
0.4796906
0.6326904
0.5524688
0.3613084
0.3235510
0.3395624
0.2690406
0.3144763
0.2879411
0.3449679
0.3906966
0.3506353
0.3584257
0.3836363
0.4311274
0.5880181
0.9977957
1.2116923
1.2215583
2.5648329
8.9437180
23.6414375
69.5796814
183.4835968
314.1683044
348.1564026
260.4354248
152.9085083
99.5525970
71.5299149
63.4252090
42.9212608
15.2261496
1.9355366
1.3081523
12.0506344
30.8030891
33.8598175
16.8386211
5.9428511
3.2537198
1.5177894
0.8440549
0.6357474
0.4034239
0.2357617
0.2177494
0.1344546
0.3120939
0.2730321
0.2603942
0.3743153
0.3588167
0.3765441
0.3440946
0.4365486
0.5022767
0.3721857
0.3181368
0.3258420
0.3538077
0.3808730
0.3189696
0.2612441
0.3604965
0.3374822
0.3247492
0.3605034
0.3316164
0.3477863
0.2897252
1.5683013
18.2310219
50.1523018
68.7292633
54.0527191
18.6517105
3.3011796
7.6242352
75.1843491
203.6617737
243.1250763
191.8761139
133.4508209
95.0794601
67.3805618
40.2158813
16.2629375
18.7966328
36.9688454
45.3334961
73.7297134
118.8864975
135.9571381
116.5998688
90.4418640
54.8081055
27.9285641
2.3982925
0.2872844
0.6985094
5.6106691
17.9969044
16.5475903
5.0294247
0.9334605
0.5466940
0.2666268
0.1050265
0.0445139
0.2466095
0.4915974
0.5269848
0.3447070
0.2693083
0.3246878
0.4777726
0.4853134
0.3696453
0.3105185
0.3368469
2.0972040
17.8295326
41.9468498
53.4565811
47.4157143
32.3202362
24.0642605
29.3342209
35.9442215
32.8730927
24.7911453
16.9845295
15.5848541
21.2199993
22.0112953
18.5354500
17.4546604
18.7902679
18.3462963
17.3122177
16.0336857
15.4755421
15.0006514
13.7743664
13.4538918
12.5912399
11.7468166
10.8957243
10.5063734
10.9132042
11.9548759
12.4028358
13.2596664
12.1002274
9.9010553
12.0774441
21.8903255
43.3848419
69.5314407
84.0238342
70.8145294
54.0464706
37.7171288
48.6379242
60.3915977
35.8376160
11.8800001
9.0572720
35.9706726
88.7818451
115.3304443
105.8638535
96.0637894
83.0360718
66.0510406
41.8213463
37.0076866
76.5519791
79.5911865
68.2500381
43.8114014
22.6718540
8.9646788
3.9959762
1.4519556
0.3639158
0.1864117
0.2291751
0.1858856
0.2551758
0.4688549
1.0148492
1.2926087
1.1470419
1.4355924
1.6076087
0.7706469
0.2080063
0.1218190
0.1690950
0.2306160
0.2950332
0.5643742
0.6278979
0.4629487
0.2056791
0.2175869
2.2617862
28.9296379
81.8957443
131.1873016
152.2214050
131.0222321
89.0934448
46.1841507
37.2585869
10.1014328
1.3890883
0.1474721
0.0301273
0.2078227
2.4438591
12.5224161
25.4394836
31.6982021
28.2501526
19.8549919
12.4548626
9.1539268
6.6681566
5.5304623
3.0391591
0.7185656
0.1235769
0.0750596
0.2040277
0.1473577
0.1189780
0.0242530
0.0022187
0.0000000
0.0000000
0.0000000
0.0000000
0.0000000
0.0000000
0.0000000
0.0000000
0.0000000
0.0000000
0.0000000
0.0000000
0.0000000
0.0000000
0.0000000
0.0000000
0.0000000
0.0000000
0.0000000
0.0000000
0.0000000
0.0000000
0.0000000
0.0000000
0.0000000
0.0000000
0.0000000
0.0000000
0.0000000
0.0000000
0.0000000
0.0000000
0.0000000
0.0000000
0.0000000
0.0000000
0.0000000
0.0000000
0.0000000
0.0000000
0.0000000
0.0000000
0.0000000
0.0000000
0.0000000
0.0000000
0.0000000
0.0000000
0.0000000
0.0000000
0.0000000
0.0000000
0.0000000
0.0000000
0.0000000
0.0000000
0.0000000
0.0000000
0.0000000
0.0000000
0.0000000
0.0000000
0.0000000
0.0000000
0.0000000
0.0000000
0.0000000
0.0000000
0.0000000
0.0000000
0.0000000
0.0000000
0.0000000
0.0000000
0.0000000
0.0000000
0.0000000
0.0000000
0.0000000
0.0000000
0.0000000
0.0000000
0.0000000
0.0000000
0.0000000
0.0000000
0.0000000
0.0000000
0.0000000
0.0000000
0.0000000
0.0000000
0.0000000
0.0000000
0.0000000
0.0000000
0.0000000
0.0000000
0.0000000
0.0000000
0.0000000
0.0000000
0.0000000
0.0000000
0.0000000
0.0000000
0.0000000
0.0000000
0.0000000
0.0000000
0.0000000
0.0000000
0.0000000
0.0000000
0.0000000
0.0000000
0.0000000
0.0000000
0.0000000
0.0000000
0.0000000
0.0000000
0.0000000
0.0000000
0.0000000
0.0000000
0.0000000
0.0000000
0.0000000
0.0000000
0.0000000
0.0000000
0.0000000
0.0000000
0.0000000
0.0000000
0.0000000
0.0000000
0.0000000
0.0000000
0.0000000
0.0000000
0.0000000
0.0000000
0.0000000
0.0000000
0.0000000
0.0000000
0.0000000
0.0000000
0.0000000
0.0000000
0.0000000
0.0000000
0.0000000
0.0000000
0.0000000
0.0000000
0.0000000
0.0000000
0.0000000
0.0000000
0.0000000
0.0000000
0.0000000
0.0000000
0.0000000
0.0000000
0.0000000
0.0000000
0.0000000
0.0000000
0.0000000
0.0000000
0.0000000
0.0000000
0.0000000
0.0000000
0.0000000
0.0000000
0.0000000
0.0000000
0.0000000
0.0000000
0.0000000
0.0000000
0.0000000
0.0000000
0.0000000
0.0000000
0.0000000
0.0000000
0.0000000
0.0000000
0.0000000
0.0000000
0.0000000
0.0000000
0.0000000
0.0000000
0.0000000
0.0000000
0.0000000
0.0000000
0.0000000
0.0000000
0.0000000
0.0000000
0.0000000
0.0000000
0.0000000
0.0000000
0.0000000
0.0000000
0.0000000
0.0000000
0.0000000
0.0000000
0.0000000
0.0000000
0.0000000
0.0000000
0.0000000
0.0000000
0.0000000
0.0000000
0.0000000
0.0000000
0.0000000
0.0000000
0.0000000
0.0000000
0.0000000
0.0000000
0.0000000
0.0000000
0.0000000
0.0000000
0.0000000
0.0000000
0.0000000
0.0000000
0.0000000
0.0000000
0.0000000
0.0000000
0.0000000
0.0000000
0.0000000
0.0000000
0.0000000
0.0000000
0.0000000
0.0000000
0.0000000
0.0000000
0.0000000
0.0000000
0.0000000
0.0000000
0.0000000
0.0000000
0.0000000
0.0000000
0.0000000
0.0000000
0.0000000
0.0000000
0.0000000
0.0000000
0.0000000
0.0000000
0.0000000
0.0000000
0.0000000
0.0000000
0.0000000
0.0000000
0.0000000
0.0000000
0.0000000
0.0000000
0.0000000
0.0000000
0.0000000
0.0000000
0.0000000
0.0000000
0.0000000
0.0000000
0.0000000
0.0000000
0.0000000
0.0000000
0.0000000
0.0000000
0.0000000
0.0000000
0.0000000
0.0000000
0.0000000
0.0000000
0.0000000
0.0000000
0.0000000
0.0000000
0.0000000
0.0000000
0.0000000
0.0000000
0.0000000
0.0000000
0.0000000
0.0000000
0.0000000
0.0000000
0.0000000
0.0000000
0.0000000
0.0000000
0.0000000
0.0000000
0.0000000
0.0000000
0.0000000
0.0000000
0.0000000
0.0000000
0.0000000
0.0000000
0.0000000
0.0000000
0.0000000
0.0000000
0.0000000
0.0000000
0.0000000
0.0000000
0.0000000
0.0000000
0.0000000
0.0000000
0.0000000
0.0000000
0.0000000
0.0000000
0.0000000
0.0000000
0.0000000
0.0000000
0.0000000
0.0000000
0.0000000
0.0000000
0.0000000
0.0000000
0.0000000
0.0000000
0.0000000
0.0000000
0.0000000
0.0000000
0.0000000
0.0000000
0.0000000
0.0000000
0.0000000
0.0000000
0.0000000
0.0000000
0.0000000
0.0000000
0.0000000
0.0000000
0.0000000
0.0000000
0.0000000
0.0000000
0.0000000
0.0000000
0.0000000
0.0000000
0.0000000
0.0000000
0.0000000
0.0000000
0.0000000
0.0000000
0.0000000
0.0000000
0.0000000
0.0000000
0.0000000
0.0000000
0.0000000
0.0000000
0.0000000
0.0000000
0.0000000
0.0000000
0.0000000
0.0000000
0.0000000
0.0000000
0.0000000
0.0000000
0.0000000
0.0000000
0.0000000
0.0000000
0.0000000
0.0000000
0.0000000
0.0000000
0.0000000
0.0000000
0.0000000
0.0000000
0.0000000
0.0000000
0.0000000
0.0000000
0.0000000
0.0000000
0.0000000
0.0000000
0.0000000
0.0000000
0.0000000
0.0000000
0.0000000
0.0000000
0.0000000
0.0000000
0.0000000
0.0000000
0.0000000
0.0000000
0.0000000
0.0000000
0.0000000
0.0000000
0.0000000
0.0000000
0.0000000
0.0000000
0.0000000
0.0000000
0.0000000
0.0000000
0.0000000
0.0000000
0.0000000
0.0000000
0.0000000
0.0000000
0.0000000
0.0000000
0.0000000
0.0000000
0.0000000
0.0000000
0.0000000
0.0000000
0.0000000
0.0000000
0.0000000
0.0000000
0.0000000
0.0000000
0.0000000
0.0000000
0.0000000
0.0000000
0.0000000
0.0000000
0.0000000
0.0000000
0.0000000
0.0000000
0.0000000
0.0000000
0.0000000
0.0000000
0.0000000
0.0000000
0.0000000
0.0000000
0.0000000
0.0000000
0.0000000
0.0000000
0.0000000
0.0000000
0.0000000
0.0000000
0.0000000
0.0000000
0.0000000
0.0000000
0.0000000
0.0000000
0.0000000
0.0000000
0.0000000
0.0000000
0.0000000
0.0000000
0.0000000
0.0000000
0.0000000
0.0000000
0.0000000
0.0000000
0.0000000
0.0000000
0.0000000
0.0000000
0.0000000
0.0000000
0.0000000
0.0000000
0.0000000
0.0000000
0.0000000
0.0000000
0.0000000
0.0000000
0.0000000
0.0000000
0.0000000
0.0000000
0.0000000
0.0000000
0.0000000
0.0000000
0.0000000
0.0000000
0.0000000
0.0000000
0.0000000
0.0000000
0.0000000
0.0000000
0.0000000
0.0000000
0.0000000
0.0000000
0.0000000
0.0000000
0.0000000
0.0000000
0.0000000
0.0000000
0.0000000
0.0000000
0.0000000
0.0000000
0.0000000
0.0000000
0.0000000
0.0000000
0.0000000
0.0000000
0.0000000
0.0000000
0.0000000
0.0000000
0.0000000
0.0000000
0.0000000
0.0000000
0.0000000
0.0000000
0.0000000
0.0000000
0.0000000
0.0000000
0.0000000
0.0000000
0.0000000
0.0000000
0.0000000
0.0000000
0.0000000
0.0000000
0.0000000
0.0000000
0.0000000
0.0000000
0.0000000
0.0000000
0.0000000
0.0000000
0.0000000
0.0000000
0.0000000
0.0000000
0.0000000
0.0000000
0.0000000
0.0000000
0.0000000
0.0000000
0.0000000
0.0000000
0.0000000
0.0000000
0.0000000
0.0000000
0.0000000
0.0000000
0.0000000
0.0216945
0.2621624
0.6877226
0.9022273
0.7702427
0.6453092
0.6878278
0.7261215
1.0611421
2.3269641
3.2282388
9.7640715
27.6533184
82.1780701
188.6896210
281.9195557
293.1372070
216.2893829
127.3169556
41.6377220
4.1713676
3.1565332
3.7528763
24.7622051
102.4808807
169.5126038
207.8152008
194.8349152
146.2017059
93.0227661
39.6915932
60.9235916
53.8330116
26.3882885
14.7095556
12.3974676
21.1158161
38.9468689
33.8521347
6.4656148
0.7312089
0.5000789
0.8748406
0.7311909
0.8215468
1.0358124
1.0885361
0.5677676
0.3372407
0.2510104
0.8996901
21.3697338
84.1116638
158.3439026
190.6395264
166.5550842
90.9670563
37.8974228
43.2890701
101.7518463
160.5702972
148.1069946
68.3033981
13.4282436
6.4075499
14.7004318
34.9818726
58.8286324
72.2375946
73.2936020
62.5029449
43.0348587
47.5011139
42.0961761
34.8061371
50.3314056
105.0766678
149.9421692
191.1597290
212.6627197
190.2536316
117.0390701
80.8781128
59.3757744
88.9592361
123.0615234
99.8624039
50.1666336
59.6394691
50.9259300
24.4735680
8.5780268
17.8320465
40.8677063
50.4478035
63.7650681
72.6414871
66.4319458
52.4462585
36.2476997
43.2320023
59.9281960
56.2267876
54.4664307
55.8445511
50.8436050
39.2042542
25.3354321
13.3037949
5.8393431
1.3527126
0.4461597
0.4481391
0.3901195
0.3107675
0.2751135
0.2306881
0.3401881
0.6912035
3.3390734
8.7076740
16.0426178
30.9482269
72.2038422
135.6256409
175.1187134
164.0902863
113.7471237
76.1442566
41.6973495
27.2604408
62.7532463
153.0933838
209.6146545
151.6561432
51.4626541
11.0782681
5.1728864
27.7288094
97.0332870
122.8949585
92.4091339
59.0839844
32.6129608
17.1532383
11.3326969
15.1906815
37.9023285
38.4341507
34.0873718
28.0829849
40.3798447
81.6330414
138.2065125
160.7894897
141.6132202
100.3114548
44.5692520
23.8835182
26.3692894
41.8179131
32.7793541
17.0936470
13.3467913
7.9484305
5.9168320
16.8902435
33.6779594
55.0861092
81.0499344
88.9487762
93.0304642
102.5586548
115.3473511
106.5873718
90.5643005
84.3509216
76.9804459
56.9934387
36.7594681
19.8057899
8.6766644
2.3347514
0.9116758
0.4778059
0.2143470
0.1928231
0.1644169
0.2734057
0.3213060
0.3295611
0.2936277
0.3398976
0.3596902
0.3406968
0.3705980
0.4192511
0.5556449
0.5054423
0.4908316
0.5554067
0.6140814
0.5243832
0.5192760
0.4887349
0.4969335
0.4412603
0.4350351
0.4495443
0.4377153
0.4076081
0.3821627
0.3907234
0.3092551
0.3318456
0.3210440
0.3921196
0.3238001
0.3205422
0.3946014
0.3685469
0.2621728
0.3005971
0.3918528
0.4095844
0.3304034
0.3391346
0.3198688
0.2959436
0.3460477
0.5684758
0.5565048
0.4808877
0.4838813
0.5449598
0.4637415
0.3832182
0.4846570
0.5404378
0.5416518
0.3782501
0.3488106
0.2687972
0.2296492
0.3468153
0.4896177
0.5614930
0.5935031
0.5039172
0.4683271
0.5266064
1.0442734
1.8412896
1.7599044
0.9022099
1.1378474
21.4864388
109.9060974
224.8671417
259.6744080
181.1446075
105.4658508
51.5354271
59.5373688
51.4054413
10.7694435
0.8999932
3.8886466
15.6389523
33.2407036
45.3591232
45.3293343
33.6463928
15.9219837
4.9603171
1.6527469
16.7082882
111.4116516
244.4501495
299.6140747
258.5112305
232.2764587
197.0829468
151.1608734
135.9208069
278.1964111
316.1121216
252.2827606
191.7813873
152.0448151
123.9053650
90.1999817
55.2809906
39.5487862
28.8540726
19.7359810
18.4117489
11.8277969
2.7361183
0.5167790
0.2320776
0.2803335
0.3935581
0.7989835
0.9127005
0.7280746
0.7678638
2.1180820
5.3156509
6.7934742
4.2864242
1.1823945
0.8436345
0.6482365
0.4946294
0.6277156
0.6272719
0.6228296
0.6622418
0.8167844
1.0789132
1.0442771
0.9191061
0.8463020
0.7562495
0.7837036
0.6155003
0.5187396
0.6035572
0.6193870
0.4007940
0.4045791
0.3969581
0.4512758
0.4280787
0.3683847
0.3066399
0.3741942
1.5879164
5.1043653
15.3390579
63.1533470
183.3341980
350.0102234
444.5103455
366.2102661
211.9942017
102.5594940
52.3255196
28.7701511
20.3344917
76.3129196
169.9003296
231.9286499
221.2041168
157.4411011
89.9720612
88.1322556
68.7045135
43.0401001
32.3977890
28.4673176
65.8174744
188.6805573
343.5855713
413.9614563
324.4648438
202.7856445
133.4704742
89.6736832
74.4633255
205.6988831
221.5143585
170.4242554
112.4381180
62.5223351
35.5890846
25.5533104
13.2754974
5.8280745
12.7460709
11.2857685
2.9128780
1.9531572
22.6510239
102.9653244
196.0314331
211.7211304
145.6566315
76.6256256
40.2592392
33.6623650
20.3483887
13.1000328
47.6702156
120.4853592
128.7089386
102.5092545
55.7834511
31.6280937
16.1709328
8.0153255
29.2130756
88.6193542
138.3247681
114.9700928
64.5367813
28.9464188
26.7952271
52.1931076
72.2512817
50.4204445
18.7769909
6.5508294
7.6912804
33.5641289
62.6860199
66.5441742
66.4885254
70.0938950
53.5422592
33.6983223
23.0961876
25.0908813
43.5715675
44.6570435
40.1479568
25.6113834
20.0172215
18.9915333
17.5542564
8.2776337
1.8496803
0.3592088
0.1168242
1.8827024
55.8998070
180.9722443
287.8123474
278.2394104
158.9097748
92.4186554
83.1749496
76.8731537
41.9914398
27.5103130
18.2873688
13.8843756
15.6567764
22.0024261
29.7589245
54.6301117
100.1521454
127.6817474
102.3581543
38.1471748
13.1337681
7.9955716
30.2120056
94.8561020
128.6794586
119.2349396
109.1408234
127.1440735
157.6398163
139.1872101
84.2496567
42.5391006
21.7797318
8.9136553
1.7515558
0.2853904
0.4239182
0.7884588
0.9978733
0.5581696
0.2180026
0.2323810
0.2769065
0.2793140
0.3289725
0.3354247
0.3715366
0.4589574
0.4919971
0.5601223
0.5689575
0.5155408
0.3587881
0.3485102
0.5032445
0.6041193
0.5579513
1.8382025
5.5347857
11.7490473
18.4768448
42.0017319
88.0174103
113.7435684
83.8742065
27.2540684
9.1058922
11.5031300
40.2089310
104.4091797
72.6946182
11.8857374
1.4487784
0.3061930
0.0792722
0.1315609
0.3400791
0.6449091
3.8580723
35.3462563
87.7292023
114.4418182
104.7831116
76.6035385
52.6617012
72.0696182
147.6864166
288.1338501
360.9511719
285.7406616
186.7023926
105.6725998
63.0397873
60.6620407
50.2987556
29.5954723
30.3940716
36.0683250
40.3861198
49.5394821
119.7284851
201.5451355
191.6036530
79.6999207
11.3075943
0.8674269
0.4506991
5.4223843
13.3236465
35.0342674
104.9568405
187.9622650
194.9409637
119.2001801
52.0460014
21.7669506
15.1109676
14.3528433
12.8646841
8.5381718
13.6910248
19.8390903
22.1168385
19.6139793
15.8258743
22.2120171
48.5902557
70.5580368
66.9384384
41.7821274
20.1536827
12.3047018
10.1019030
7.7079773
9.4217854
15.8328915
20.9130497
19.0769386
13.1787930
9.1172209
7.0379424
6.6238008
5.6618309
3.6799870
1.9198630
0.7500432
0.3039260
0.1764144
0.2541097
0.3422169
0.3195700
0.3189047
0.3722140
0.5007123
0.4553981
0.3711244
0.3281047
0.6254801
0.8749636
0.6041081
0.3186610
0.2966751
0.2869524
0.3023655
0.3248217
0.3244793
0.3298367
0.3247580
4.0210829
38.5828323
109.5410690
161.3538666
149.1021118
99.2974319
43.3702126
20.5854359
4.3831539
0.6725440
0.5279101
9.5779886
112.0018921
241.3235016
311.6447144
288.8254700
223.1650238
171.1451416
140.6178436
120.4892120
104.4893951
74.5192719
40.0978165
14.1638508
0.9057314
0.3416770
0.3055221
1.4686165
1.4084066
0.2493212
0.3022568
0.3555588
5.3180594
20.4202023
33.9096298
38.6759109
32.3249168
20.9437733
12.3764677
3.2124395
5.5446157
5.3168654
17.1982250
39.1965904
41.6941223
22.6146984
9.3635597
13.2388248
37.5630760
72.0025787
101.0718613
103.9273071
78.0677872
44.5934143
36.9773064
30.2139034
19.4610806
19.3671837
14.0455618
6.7515888
6.3443756
14.0391827
23.2893314
22.4780693
13.0304985
5.5328488
3.7720134
3.4336338
2.3156800
0.6649015
0.5247416
1.0356807
2.0792971
2.1248183
1.2410146
0.8139121
0.7967148
0.5706993
0.6182061
0.6168197
0.5410569
0.7498590
2.6653626
10.1865377
19.2854042
25.5679359
30.8370056
37.0200768
42.6005707
47.8205566
60.8062286
83.7103195
111.4446259
130.9340668
132.4607697
122.2033920
114.5419006
109.7843170
104.2153015
86.0359726
59.7157059
41.3614197
52.0760574
52.0948792
39.2462273
27.5891495
17.4310951
8.1261587
2.2015893
0.7338592
0.3830661
0.4065484
0.5103176
0.4186894
0.4012943
0.5006188
0.6017426
0.4670447
0.2544129
0.3168459
0.3962667
0.4227411
0.4050728
0.4189167
0.4520294
0.4676363
5.6550889
24.3308849
50.8696556
71.3969116
70.5652542
54.5418472
38.0356598
21.8295002
39.6020546
25.9079990
8.0151644
1.4808763
1.8255916
29.2833500
90.4914780
130.6412964
116.4090195
83.3931198
59.7622910
65.6556778
89.4152374
113.4674911
123.3312988
104.2721024
59.6680641
33.3995399
51.0413094
114.8142090
147.2329102
102.7045517
84.4120331
73.6590652
45.4200439
27.5228481
18.9121151
15.7869511
7.3927298
0.9671160
0.0664029
28.1147938
175.3114624
378.6958008
504.6023560
496.5555725
406.0418701
288.9453430
191.8203125
127.3548279
78.3283920
39.3869781
17.2077103
15.3391819
19.8518410
21.0865898
22.9187145
54.1972580
85.9971085
76.9326553
32.0196991
6.5080447
1.5932335
0.5519382
1.4688027
22.9581852
48.9358978
50.0598412
36.2841873
25.4977589
16.5059299
9.7531376
6.9640851
10.9905930
23.7129955
28.6412048
18.2366943
4.0556026
0.1874204
0.1208899
0.1093521
0.1321943
0.2010850
0.2090189
0.2547554
0.2824168
0.4551020
0.5200148
0.5015815
0.5319790
0.4668319
0.3013428
0.3291462
0.4570055
0.4789021
0.4532715
0.4484552
0.3775351
0.3453043
0.2463646
0.3064098
0.3711399
0.4302423
0.4517469
0.9079678
2.7557559
5.5606089
10.7486095
27.1857986
62.1783676
92.5137329
91.3584213
69.4507446
46.2648468
27.6549473
13.6852369
22.5072289
52.4298248
58.3786125
10.0233831
2.5180857
0.2070932
0.2068530
18.6100140
67.5702896
81.2634964
61.5947838
59.5161591
100.9880524
147.8661194
176.7651215
188.2520447
148.8854980
75.6023865
24.9686337
10.8832693
10.7173691
12.1466103
20.0328159
47.3668213
67.4085159
46.1320686
7.7283506
0.8894264
0.4913560
9.2470436
54.5719986
97.4512558
97.3459167
59.7955322
27.0800438
11.7174740
14.3570251
19.6158066
24.6659737
35.6315765
66.1960144
75.2676163
46.5111847
15.9237232
27.5514183
39.4453430
34.2705536
21.3990898
12.4237385
8.4993353
6.8186002
28.2629013
94.1627808
160.2265930
178.8845825
136.1348572
79.8421326
43.1708527
22.9293041
16.8955307
82.5122681
117.8722305
76.5025024
28.2459984
13.7536411
16.2703171
9.1073160
16.0541916
36.2004318
48.1735153
43.7743912
33.0766716
28.9416618
62.0014420
165.5582275
276.9228516
287.5601501
176.3952789
55.8048859
24.3000374
11.7067766
6.8592596
8.3305569
11.2980938
11.7844868
35.9054184
126.4231644
213.8844910
215.2958374
135.9097595
57.9673653
21.7843380
11.8766985
26.2528324
39.3646278
36.6844788
23.3391342
16.6926422
18.0569878
21.0859680
25.5568695
35.2633362
70.2368317
169.0410004
297.3509521
354.4233704
345.5361938
250.7899475
142.5042267
27.1513577
0.5689808
0.0216527
0.6844052
36.3635712
128.4392853
178.5036316
170.6251984
109.1425323
39.1843185
16.7740593
11.1263552
15.8867817
14.1632204
12.0142221
7.4316983
3.3982482
2.6261108
3.2779799
5.1981602
7.1905231
9.0640316
10.0355539
7.4163942
3.8095891
1.3300039
0.7566227
0.5415723
0.7985937
2.1915286
2.7659123
2.4149442
2.0373516
1.6429626
1.1957711
1.0094531
1.0601031
0.9273068
0.9170173
0.6789010
0.4128391
0.4247005
0.4035520
2.8847907
13.5402279
47.2446136
124.9677277
201.7975159
187.5249023
81.8163681
46.0287361
74.3412476
118.7047729
119.9257355
67.0737762
30.2855282
17.6023464
10.0268526
6.1087108
4.1155481
2.9127936
2.5717943
3.6846788
38.8739624
111.1788483
169.1302643
190.3689117
214.6830444
288.9543152
344.1886597
315.2056274
253.3050690
219.0502777
185.8946228
145.3690186
90.0663986
76.8878479
141.0521393
146.5000000
132.9549561
112.5995407
73.5499039
35.6888542
26.7395592
19.7566853
11.8888121
8.0586338
42.4468269
94.9806442
118.4034195
102.4398041
74.0382004
63.3765945
65.5583496
66.9875565
68.1144409
62.1904221
45.1960564
31.7681389
24.2863598
19.4184132
12.6444912
8.0782881
29.7120972
83.1762238
119.0290833
111.0244751
73.2398682
32.8856659
12.7333784
1.9387227
0.4296617
2.9659424
10.6255360
17.6737156
18.5751457
19.3255768
52.4741821
120.8243408
167.9971008
149.1397705
74.1596527
29.0363770
15.8547783
6.2842898
3.5921328
13.0482941
44.4269676
65.8400116
52.8623962
25.1711235
15.7210445
17.7050152
17.8626747
16.9772549
48.7395058
91.2008209
90.9030228
73.2113113
54.5783348
40.0312386
33.7126427
16.4800243
9.9431419
13.6178036
17.5105724
30.5107765
71.5746460
123.5815887
161.2017212
189.8988037
187.8342743
133.3015900
52.6967201
3.9887557
0.8926030
0.1370852
5.6619921
52.9316673
107.6814728
137.1221008
124.5317459
76.3483810
33.9986382
15.7704334
14.0950375
23.9102612
18.2813034
12.2935333
6.0884280
2.7188108
2.8591194
1.6280974
0.2441503
0.1677818
0.1360195
0.2504370
0.3250843
0.4006689
0.4616276
0.4497948
0.3636741
0.3492281
0.3902867
0.3087767
0.2842890
0.3566042
0.4923857
0.4685107
0.3061267
0.2885484
0.2478150
0.2778377
0.2927163
0.3257800
0.3805798
0.5107164
0.6506230
0.5292985
0.3628361
0.3781154
0.5185459
0.5220885
0.4606397
0.3193801
0.3224468
0.4231525
0.4321939
0.3899173
0.4088692
0.5466933
0.6454129
0.8175052
0.9036318
0.9566050
1.0329825
0.9670238
2.3003185
12.2433033
28.1440430
35.3986893
33.2590904
39.0245514
64.8689575
103.8281097
137.6713257
161.0197144
165.8634644
145.0518188
106.7254257
56.4077911
36.6837883
30.5556335
28.2525864
40.3649101
53.7260628
56.8386116
46.0303345
31.7583828
16.1995373
5.7636304
1.2330904
0.4843634
0.3269378
0.4417742
0.3126458
0.3266363
0.4062581
0.3451382
0.3981397
0.5994264
0.5513503
0.4944587
0.8341549
2.3746529
10.2526321
33.8092918
59.7332153
61.1699028
40.3448944
20.9669914
10.9276791
7.8168387
4.0051336
16.5250492
42.3095703
57.9506264
35.7120018
12.7212162
4.7628493
4.5051498
3.8347592
26.8030605
49.0938263
35.8748360
16.9044571
7.3401370
2.9949341
9.8993158
38.4626503
87.3849716
116.1959076
92.3276825
49.5877342
30.9125900
28.6683102
25.3770027
24.3551464
27.5368366
22.9353409
17.9829407
27.2559013
23.1786861
9.0514736
22.4804935
22.4343987
20.3856487
45.5072098
87.9407120
98.5534515
67.9911041
28.5953560
15.3788309
9.4805431
8.6479921
9.9063187
13.3064871
17.8850803
23.5610180
26.6519051
29.4144287
28.2593098
22.3996754
11.8033695
4.1919365
1.1872189
0.2439614
0.0798751
8.1311378
44.9818649
87.7213211
108.6595306
93.8565445
61.1693840
29.2535152
7.8106704
3.0737312
4.1065469
10.1580677
15.2839165
11.8693790
7.1416311
15.3135157
22.0236588
14.3806801
1.0874367
0.3245383
2.8007050
9.1346178
13.2073622
13.6298637
7.8893757
2.2436068
2.7463148
4.2342596
4.7620549
4.8006401
4.0902095
8.7940607
22.5520630
33.3958130
31.4063911
19.5926342
13.6751490
8.6027288
3.6192560
3.0811949
14.6416349
29.8906116
29.0857182
16.3120880
7.2321067
2.5097623
1.5033946
1.0227882
1.0977129
0.5110502
0.2386066
3.1333218
8.7319813
7.7226219
1.5243032
0.1871685
0.1670664
0.1455448
0.1365097
0.0852292
0.0206792
0.0017802
0.0000171
0.0000000
0.0000000
0.0000000
0.0000000
0.0000000
0.0000000
0.0000000
0.0000000
0.0000000
0.0000000
0.0000000
0.0000000
0.0000000
0.0000000
0.0000000
0.0000000
0.0000000
0.0000000
0.0000000
0.0000000
0.0000000
0.0000000
0.0000000
0.0000000
0.0000000
0.0000000
0.0000000
0.0000000
0.0000000
0.0000000
0.0000000
0.0000000
0.0000000
0.0000000
0.0000000
0.0000000
0.0000000
0.0000000
0.0000000
0.0000000
0.0000000
0.0000000
0.0000000
0.0000000
0.0000000
0.0000000
0.0000000
0.0000000
0.0000000
0.0000000
0.0000000
0.0000000
0.0000000
0.0000000
0.0000000
0.0000000
0.0000000
0.0000000
0.0000000
0.0000000
0.0000000
0.0000000
0.0000000
0.0000000
0.0000000
0.0000000
0.0000000
0.0000000
0.0000000
0.0000000
0.0000000
0.0000000
0.0000000
0.0000000
0.0000000
0.0000000
0.0000000
0.0000000
0.0000000
0.0000000
0.0000000
0.0000000
0.0000000
0.0000000
0.0000000
0.0000000
0.0000000
0.0000000
0.0000000
0.0000000
0.0000000
0.0000000
0.0000000
0.0000000
0.0000000
0.0000000
0.0000000
0.0000000
0.0000000
0.0000000
0.0000000
0.0000000
0.0000000
0.0000000
0.0000000
0.0000000
0.0000000
0.0000000
0.0000000
0.0000000
0.0000000
0.0000000
0.0000000
0.0000000
0.0000000
0.0000000
0.0000000
0.0000000
0.0000000
0.0000000
0.0000000
0.0000000
0.0000000
0.0000000
0.0000000
0.0000000
0.0000000
0.0000000
