0.0000000
0.0000000
3.0503840
5.5460978
6.6714153
7.9318123
9.9756317
8.9339323
4.2615891
3.0602190
3.5482817
4.7941408
5.7186518
6.1268487
5.8837385
5.6376667
6.0299392
5.9018698
5.3371658
5.1184936
5.1025119
4.9695358
5.2010064
4.4299808
3.9513245
3.2792835
3.2043319
3.4975080
4.1552649
3.9877326
3.1025834
2.3912787
2.0433013
1.7538453
2.0036249
2.1083612
2.3350000
2.2559605
1.7868177
1.6408343
1.7327187
1.2035978
1.0909940
0.9902775
0.6796120
0.7060506
1.0218658
1.9105358
2.3535533
1.2544076
0.7694874
0.7970413
0.8469504
0.9498923
2.0996697
4.5438514
4.7063737
1.4481043
0.1482744
0.1054259
0.2873594
0.4154187
0.6025462
1.2685189
3.5191147
6.6542912
10.7611828
16.1352139
23.1942577
29.5858097
30.0522518
25.0094662
21.7727203
23.0831985
28.4436951
28.9424706
24.1847286
21.5199394
21.0815392
21.4337215
18.7643032
16.5468388
16.6025124
14.5264759
14.3026924
13.7360668
12.9835415
14.0390158
15.1451473
14.7790184
15.5300980
16.5967503
16.7712555
16.0501728
16.2011585
17.2410812
15.4542961
13.1978273
13.9108047
18.1049881
21.3408413
20.1724606
18.9374161
16.7941494
15.8358135
16.2227993
17.3472824
16.4089298
12.1473999
11.1488457
11.4375916
12.4935112
10.7831221
7.9759197
6.2924585
6.7145886
7.0350204
8.2478352
9.5755768
7.5491681
5.9590816
5.1289797
4.9382486
4.1354785
3.7553635
4.2817817
4.8025327
4.1848931
4.3475590
4.6599550
4.3971596
3.9292669
3.2411695
2.4572866
2.7167697
3.0912480
3.5420487
3.3053696
2.9841580
2.8352418
3.0843391
3.2795515
3.7816982
4.4305573
4.9966249
5.1868243
5.0544834
4.3290372
3.5265422
2.7475231
2.2471399
2.2704849
2.2645128
2.5223680
3.5783188
3.9122155
3.7064986
2.5545464
1.8589021
2.5036952
2.1939669
1.8274741
1.4955008
1.3418579
1.3933221
2.2297075
3.6917074
4.6236010
4.9509397
5.1835656
4.8576140
3.7851799
2.3015404
1.4057776
1.1346178
0.7642549
0.8194113
1.4456365
1.6039441
1.5588472
1.8289946
1.8985395
1.5888155
1.2370750
1.1294349
1.0931205
1.0155846
1.4980582
2.3093648
2.9114754
2.3307011
1.6054951
0.9248467
0.6501051
0.8216125
0.8687221
0.9131207
0.9315051
0.7506204
0.5587707
0.7386336
1.0972867
2.1122828
2.6306982
2.2503061
1.8449113
2.2192144
2.2840333
2.0114858
1.5819204
1.1975629
1.0367355
1.2708966
1.5000336
1.5616698
1.2094463
1.0317671
0.8064393
0.7952355
1.2651260
1.9923180
2.1835775
1.4379348
0.5836189
0.3466788
0.3326055
0.7391787
1.6314459
2.3567967
2.1458614
1.2969545
0.7378099
0.6431061
0.5912157
0.5197114
0.3994559
0.4351233
0.4618006
0.5283991
0.5637019
0.3526629
0.4385598
0.5808586
0.6491152
0.4927669
0.4341074
0.4117526
0.4650516
0.5658318
0.8584049
1.0751055
0.8688481
0.7411928
0.7535450
1.0594856
1.3313950
1.4806126
1.7399186
1.9298407
2.8201842
4.2022238
4.9423089
4.8531318
4.9488955
4.6696987
4.0084763
4.4138269
5.8587723
5.4481568
5.0280309
6.6236582
7.2247524
5.7010379
5.4165897
6.2433090
6.3161049
5.4744258
5.5912695
6.7454138
7.2580481
6.5307188
5.7898526
5.3653388
5.3998222
6.1933155
5.2289219
4.6493583
4.4912491
4.8225660
5.2301092
4.5751314
4.0245290
3.9636033
3.5156765
3.0142412
2.8535266
2.7418470
2.3592730
2.1150365
1.5698249
1.0266771
0.5563227
0.4435376
0.2902535
0.2775502
2.4482164
11.3506374
26.0048027
45.0797348
61.1398315
67.3921509
67.0521698
67.8019257
72.0808334
72.3315125
65.4770050
58.9799728
57.0284653
56.5694008
56.5491753
46.7191811
42.1610565
36.0651703
33.9946861
31.9801559
27.9441147
26.9546738
27.3192902
27.5774765
26.3750973
22.4996185
16.3352871
15.4810085
12.8314848
13.7051706
14.7298956
14.5622444
11.2347174
9.8955231
10.4602757
10.2922926
10.4599533
10.5603714
10.2925301
10.5862360
9.8106098
8.7505159
9.3582306
10.4158115
10.4736309
10.9543037
9.9778433
9.4157124
8.5408230
8.1172819
8.8618088
8.5964212
8.7469597
8.5607100
7.9602213
8.5066223
8.2179356
7.5265880
6.7361388
7.2095819
11.9069586
18.6119919
23.4308624
24.9674549
26.2703781
29.0211239
28.2948685
24.9733734
27.7073059
44.4049835
76.3383179
99.3964996
105.4148331
112.4449615
119.2749557
124.0566406
108.9117813
77.7496109
49.4888496
37.0783882
56.3347740
92.1917038
115.0653687
124.6719055
145.8802338
163.0660706
143.7159729
117.5439224
97.5696487
82.3120041
66.8673401
62.6000633
69.0044785
89.7079468
124.4601517
140.9579773
152.7934418
152.2799377
138.7193451
133.2851105
98.2056580
31.4192581
26.9902992
49.2500572
21.3158684
16.4551678
29.7896843
36.3693237
27.0228329
18.9101868
13.5453396
10.0674305
5.3369832
2.5218146
1.3189255
0.6475821
0.6437169
0.4983449
0.6997492
1.2597858
2.9153645
4.1817622
6.0585527
8.1234608
8.9536324
8.4642401
7.5235910
7.2017431
8.0526581
8.1755991
8.1909428
8.4588242
9.0302887
8.7956057
8.9647999
9.0210075
8.0964508
7.9023027
8.1731396
8.6613684
10.9981174
11.9978161
11.8289881
9.7367229
8.3106222
7.7465086
6.7897625
6.3493071
5.6054397
4.2031775
3.6088564
3.9552536
3.9703610
3.6960874
2.9111466
2.4005051
1.7684858
1.3375199
0.9963406
0.5945109
0.5573611
4.0370560
25.1809044
57.2442398
74.1483612
65.1943512
53.4945984
42.9603119
43.3441238
54.3062057
47.6337929
36.6544113
27.9448547
30.1999359
36.6184883
42.7881622
60.2982903
75.9088669
66.3781738
64.5841064
127.7388763
232.6837311
279.8837891
246.8670349
194.5089569
246.8662262
219.7525177
111.8163986
30.2427711
11.2078323
2.2386761
39.7635345
184.4432220
278.1618958
231.9462433
150.6076813
88.8055573
69.8054886
55.5384140
49.4983292
41.3297386
52.5875359
79.2779846
47.6959991
19.4349308
18.3828049
27.6301212
61.8611412
94.2540741
105.2469254
114.0605621
124.9745636
160.8364716
178.9685211
168.8117523
136.7207794
110.7144165
106.2913361
131.8174438
160.0989838
176.7055206
176.6974792
167.8579102
163.1290283
116.8761292
60.4840279
70.8684235
79.4017410
63.7802086
21.7421398
4.2625232
2.4309576
34.3805046
117.6346970
208.5774384
241.6801910
245.7490997
282.0697327
321.3312073
291.6016846
213.8197479
108.6025772
105.7843857
135.3167877
90.4551239
61.6699982
42.8108597
62.5121384
58.0635109
46.4002914
30.6840172
11.2661810
3.4043331
16.7433147
100.2123489
172.4231720
138.4154358
97.4405441
78.5520401
91.2082214
112.5366058
101.1206207
74.3140411
51.7210045
44.7335358
62.4122467
47.3584328
32.9313583
23.5461788
34.5044479
86.7050323
171.8757629
245.9299011
277.2329102
266.5180664
227.3895721
197.0079956
177.8108826
140.9857635
92.4044571
50.0051880
32.7811813
75.3512955
120.8952866
128.7539215
130.2305756
130.6854095
94.0065613
74.9728012
84.4977341
105.9358368
120.3539124
115.2627487
37.9658318
47.2047768
47.8508415
68.1747894
76.9753647
26.9528599
9.0320473
3.5758371
1.4139543
2.1984847
6.3777518
13.6649017
20.7039948
36.8935013
54.5569077
58.9199715
59.9819107
60.6193581
61.9132576
51.7981911
38.6736526
32.1183434
27.5226288
28.6311703
31.6729088
37.5702667
43.4980164
43.1644249
37.5597343
33.6845169
28.1330376
20.6648960
15.5611486
16.9588566
39.9497147
68.3398209
74.6817093
54.9334602
42.6693039
31.3057613
21.0607033
19.9085827
39.2499809
80.1343994
103.2252655
84.3945236
46.5340385
30.0062695
22.7095203
23.6294842
30.4061527
26.4355202
7.7852168
16.2967682
94.1152878
201.4138336
260.2918701
214.9486389
138.3764648
77.4446411
53.1987762
19.5606403
7.9630194
31.2259064
75.4276352
87.8823700
79.4714432
83.3236542
93.4827499
120.3052063
146.4187164
141.3358765
104.0252380
55.2200699
41.1936302
37.6309738
6.9663033
12.1304684
18.2680397
28.3048038
28.7171974
26.6988831
28.1308022
42.1751785
82.6284256
118.2870865
121.2041779
104.5852432
106.5033112
145.7105408
206.2222137
221.8424683
156.1476288
71.5469894
18.3159065
2.7252836
7.0364304
35.3954582
111.0601273
169.2159882
192.4938202
218.4204865
235.9117584
206.7596588
150.7573547
105.2277222
76.9088287
46.2668190
58.4037628
64.2325897
42.1797142
125.7035065
139.7776184
103.3762817
60.8390121
36.8668900
69.6018295
54.9441528
86.3972702
100.3286133
92.4015503
67.5220032
22.5566254
69.3206253
75.9775238
45.2877464
24.1515026
20.6093597
17.0688362
12.7645874
6.6862144
1.8244042
0.7678798
1.0518476
6.1867504
17.5561390
22.9728470
23.8207512
21.8730812
19.1331100
17.2395191
17.0268955
17.2628841
16.0068169
14.6980629
13.9229927
14.3917503
13.8570824
13.0556755
11.4971209
10.1195793
9.3454723
6.9292874
4.8764682
4.1974273
3.7069180
1.6742779
3.6933029
23.4001312
82.0601196
152.7990265
184.8526154
156.2350464
90.9127960
57.8387604
28.3385963
14.6938782
14.9951458
53.3915901
144.0339355
203.9685822
209.3807373
204.7243958
180.5390472
135.8438416
79.1957779
36.6842117
39.3002853
81.7880096
97.2467651
79.7445831
52.3439980
42.4905434
58.9277344
53.9439468
50.2147789
102.1957855
91.4631729
31.9802246
11.9054546
2.5749168
12.6424227
41.1357346
65.1430969
75.5565414
85.7774353
109.6240311
130.7798767
147.0342712
144.6193085
135.6175385
91.1437149
83.2107315
78.9841537
30.4164200
29.2656593
57.9968376
72.6284409
67.6774902
52.9512253
55.8344574
75.2029877
105.7381516
137.3020325
178.1181183
182.2236481
144.0650787
106.3047104
79.5973663
56.8930740
35.3110466
23.4612732
18.4328136
16.0144386
9.8994150
13.4240332
23.1339455
34.1742020
44.6835480
49.4266319
47.6824608
42.4453506
38.4444885
31.7427635
24.7463074
25.1350098
26.2598152
31.0626602
29.4830017
24.6397610
21.8594971
21.1984596
18.2964115
19.5972290
21.9097099
22.4641609
20.1847153
18.4691601
17.6321945
17.8631706
17.9878998
17.3400326
18.1063042
18.5530472
18.7426109
19.1980762
12.8913603
3.2210131
0.4078533
0.0730439
0.0785077
0.1714552
0.4319109
6.1821690
32.3346825
79.5725250
127.1630020
149.8673401
143.7601166
126.1725769
111.4683456
107.1859589
100.9277039
110.9187317
125.4306870
129.8324585
132.0957794
130.4801941
166.8164825
127.1816711
96.7521515
77.0178528
76.8480453
75.3969421
86.7538147
87.4377670
79.3105164
73.1173553
70.9288254
74.5613251
66.9869385
38.6251373
10.0223207
1.0803689
0.8928311
0.8723686
0.6397011
0.4533819
0.3646269
0.5075047
0.6141135
0.7398056
0.7324539
0.7625326
0.7441045
0.7961260
1.1708813
1.3500119
1.2050984
0.9404695
0.6213610
0.4523397
0.4537863
0.5551125
0.6411204
0.6882309
0.7747958
0.8492377
1.6684105
2.8086441
2.7170739
1.0100317
0.2699653
0.3112515
0.6509457
0.8136551
0.9362773
8.1306858
31.6179237
50.4843216
40.1563187
10.3919468
3.1728671
4.6144991
5.2536736
1.0050616
0.1207295
0.1106412
0.2845018
2.8246293
9.0476503
13.6589031
13.3455429
13.5487623
24.0947685
82.3830414
231.4712677
417.1593323
497.1925049
399.3951416
247.5092926
109.6631470
46.7557068
37.1988678
8.5126896
3.3484886
34.0342522
116.3450546
159.3395691
133.0151062
85.7435989
62.2514420
65.4988098
79.0824051
99.6408920
97.1533203
62.9795570
35.7942772
32.8671074
38.3080826
40.6988373
69.5718689
118.7188034
159.4924622
192.2979431
194.7087402
170.2388611
152.2578583
136.8917236
112.0822372
97.3870850
90.3833542
76.8504562
56.4931030
35.0541763
15.8017483
3.9805217
0.8293293
3.4716983
14.5192757
21.9708996
21.7369614
21.4071445
22.2122974
21.7903748
21.6981659
22.0341644
21.8586769
19.1837730
19.7695293
20.4566498
19.9377556
19.5435753
21.2365704
22.5643654
23.7122269
23.3714180
20.5783215
19.2757797
19.6419067
19.2915497
19.3475533
19.6265354
15.0038052
6.3510094
11.3702316
74.6428833
199.0009308
257.5806885
193.4796295
96.6371078
79.8403244
93.2269897
67.3598404
38.0665627
29.6776524
10.4908504
5.2118769
24.4180470
88.5075607
147.8554688
198.3178711
205.2716675
141.7762756
69.8321075
26.2208900
18.1968365
24.5939312
38.7108994
41.2368202
42.7888336
34.7559509
31.8045654
43.4851990
52.6221428
57.1266479
52.4509430
42.8529434
45.8088341
41.0907211
28.3633385
45.2502213
108.2848434
183.3971252
231.3916168
236.0921326
202.9576111
169.9676056
125.1514664
82.3872452
72.4724274
65.4133301
50.4299164
43.9526711
28.1130524
14.9550037
33.1925125
61.5174065
61.4452515
54.8695831
64.3397598
68.4985123
61.0707283
53.1924438
48.8571472
51.9360352
102.9797211
204.0990753
274.4974976
293.7431030
308.7179565
337.2535400
365.1267700
374.4097290
327.0644226
259.4442444
202.3054199
163.4695587
118.5946198
61.8028717
9.2722244
11.2430897
14.8872519
18.4988174
39.5084419
124.4149857
226.6029205
278.1453857
256.9345703
207.1181641
178.9115601
174.9004059
169.5852814
147.7310181
131.7294159
141.2817383
208.4251709
246.3192596
139.2675018
28.4860363
2.0716715
0.2529218
0.0624000
0.4802163
61.6157303
225.9963226
424.0711060
606.0386353
690.4830933
627.7268066
541.0313721
492.1259460
423.8163147
367.6716919
310.1084595
258.2674866
227.5366821
199.4052429
288.6192322
445.3099365
524.1188354
428.8292236
299.2142944
356.6816711
438.0663147
472.4874878
437.3090515
387.9595337
319.8675232
266.7719727
258.8721619
266.1791382
239.1652985
173.3437653
86.4990845
44.8261337
96.3840790
63.4826126
76.7153168
138.0867462
110.9127045
73.3006287
53.2820244
43.5136566
34.7027740
28.1604996
31.5018730
55.7002296
137.8263245
214.9960632
216.0664520
151.2850494
115.4253311
79.0605011
48.8162842
30.1864319
26.7750721
24.7914486
60.0572319
79.8087158
53.9174042
19.3220215
23.2139225
35.4422226
18.1909428
4.0357270
7.5905185
57.8923607
128.3046265
133.8818665
77.3032379
26.8671207
10.4331779
12.2018023
15.4801311
46.0526810
73.2960510
59.4343643
42.2675209
66.4309235
83.7064285
112.0350037
132.0305939
114.9034653
82.1158676
37.9698296
21.0458565
27.0632057
32.0927696
27.6270199
13.6882410
9.1627960
7.1051450
6.4953513
7.0198379
17.0834656
30.4405708
31.8515511
26.7125092
19.4467964
11.5227642
14.3279819
13.6172314
22.9268665
30.9234505
30.9763184
33.9494171
32.5534134
22.6208267
16.2922707
39.3231697
78.3306122
99.0096664
80.9568481
51.3786812
22.0199070
13.0907583
14.0954266
8.5105886
12.7633686
17.0749626
20.0230465
20.3921528
34.5820580
80.0810623
127.9487991
148.9168396
146.6731110
131.3858337
109.2139740
85.2966995
82.6124802
122.8313522
157.5739594
131.2173920
108.6399307
100.5840836
93.8298569
72.2670135
49.7463188
22.9296780
18.2572670
22.5240555
23.2684174
34.1610527
37.8749123
16.2380657
3.4313433
5.6352677
3.8181312
5.8913641
7.2973585
3.8671145
10.7455473
44.4950981
81.2888184
90.8398209
94.3313675
86.0130844
72.7552261
52.0151558
54.5083961
82.3088226
68.6800766
26.4825821
8.5250072
25.9634647
87.4782028
147.5298004
151.1869049
121.2128143
96.7134552
58.3973007
25.1113148
10.0970726
6.7786851
14.6226864
44.5384827
69.0596161
80.9898758
84.0952911
80.0915985
66.1009140
51.1021156
42.7699890
42.8774033
41.0600128
36.5636864
24.1552868
10.5638132
4.7925105
16.2103500
36.6308899
37.5654373
17.8975372
5.4928250
1.5179564
0.6076405
1.9250937
8.7702255
17.2571869
20.0582581
20.7323551
19.9345665
17.8751831
16.6253700
18.0794296
21.0910492
21.1257515
16.8504295
13.9612274
14.5999069
16.6396942
17.8191147
17.1317329
16.8416576
17.6642914
16.5028286
13.9820766
12.4607782
12.5415726
13.3746471
12.9419460
11.6523056
11.3702602
11.7651892
10.3137331
8.8949986
8.9071283
8.5411835
7.0725489
7.0868497
6.7875452
5.9534450
5.5218840
4.6883955
4.1180253
3.3929768
4.0145564
4.8013563
4.8013124
3.6518896
2.2045982
1.2388861
0.9494132
0.8080091
0.6682302
0.7029905
0.5641771
0.5551502
0.5074434
2.9179552
8.5804005
15.1889610
22.5020180
29.2989407
32.7472420
35.7686310
42.0507622
48.7990952
48.9263039
48.0039101
50.4274902
51.4593506
48.2373962
46.0583115
45.9374275
42.8527527
38.1946487
36.4530792
36.3025818
33.8107338
34.4049835
35.3039894
32.5331993
28.0244331
24.2426414
24.3248978
27.0120754
25.9776268
26.7894993
27.2988014
27.2415562
26.6795845
23.5979843
21.6936169
20.5216866
21.1290131
20.7557602
18.6207142
14.6511955
15.2807932
15.3201456
13.3811159
12.7351675
12.2450924
10.3158922
10.5558434
10.3755970
10.2680540
9.7240267
9.2206278
9.5981035
9.0160141
9.8080425
10.3390074
8.8454380
7.4202614
6.3250074
4.9133825
4.8271933
5.4333158
5.3726530
4.8659267
4.6443272
4.7987566
5.5627956
6.5119605
7.4919558
7.2988963
6.1231613
5.3461356
5.1232910
4.7071590
4.7235346
4.1758814
3.8333154
3.5274606
3.0599358
2.7782130
2.7173009
2.5805750
2.4374995
2.3217430
2.6072562
2.7346864
2.2911959
1.9956696
1.5855527
1.3575923
1.3770899
1.4636401
1.9760976
2.3497043
1.9682617
1.6491331
1.6859187
1.7003124
1.3814789
1.0289462
0.8241490
0.6194177
0.3025817
0.0527403
0.0037567
0.0000542
0.0000000
0.0000000
0.0000000
0.0000000
0.0000000
0.0000000
0.0000000
0.0000000
0.0000000
0.0000000
0.0000000
0.0000000
0.0000000
0.0000000
0.0000000
0.0000000
0.0000000
0.0000000
0.0000000
0.0000000
0.0000000
0.0000000
0.0000000
0.0000000
0.0000000
0.0000000
0.0000000
0.0000000
0.0000000
0.0000000
0.0000000
0.0000000
0.0000000
0.0000000
0.0000000
0.0000000
0.0000000
0.0000000
0.0000000
0.0000000
0.0000000
0.0000000
0.0000000
0.0000000
0.0000000
0.0000000
0.0000000
0.0000000
0.0000000
0.0000000
0.0000000
0.0000000
0.0000000
0.0000000
0.0000000
0.0000000
0.0000000
0.0000000
0.0000000
0.0000000
0.0000000
0.0000000
0.0000000
0.0000000
0.0000000
0.0000000
0.0000000
0.0000000
0.0000000
0.0000000
0.0000000
0.0000000
0.0000000
0.0000000
0.0000000
0.0000000
0.0000000
0.0000000
0.0000000
0.0000000
0.0000000
0.0000000
0.0000000
0.0000000
0.0000000
0.0000000
0.0000000
0.0000000
0.0000000
0.0000000
0.0000000
0.0000000
0.0000000
0.0000000
0.0000000
0.0000000
0.0000000
0.0000000
0.0000000
0.0000000
0.0000000
0.0000000
0.0000000
0.0000000
0.0000000
0.0000000
0.0000000
0.0000000
0.0000000
0.0000000
0.0000000
0.0000000
0.0000000
0.0000000
0.0000000
0.0000000
0.0000000
0.0000000
0.0000000
0.0000000
0.0000000
0.0000000
0.0000000
0.0000000
0.0000000
0.0000000
0.0000000
0.0000000
0.0000000
0.0000000
0.0000000
0.0000000
0.0000000
0.0000000
0.0000000
0.0000000
0.0000000
0.0000000
0.0000000
0.0000000
0.0000000
0.0000000
0.0000000
0.0000000
0.0000000
0.0000000
0.0000000
0.0000000
0.0000000
0.0000000
0.0000000
0.0000000
0.0000000
0.0000000
0.0000000
0.0000000
0.0000000
0.0000000
0.0000000
0.0000000
0.0000000
0.0000000
0.0000000
0.0000000
0.0000000
0.0000000
0.0000000
0.0000000
0.0000000
0.0000000
0.0000000
0.0000000
0.0000000
0.0000000
0.0000000
0.0000000
0.0000000
0.0000000
0.0000000
0.0000000
0.0000000
0.0000000
0.0000000
0.0000000
0.0000000
0.0000000
0.0000000
0.0000000
0.0000000
0.0000000
0.0000000
0.0000000
0.0000000
0.0000000
0.0000000
0.0000000
0.0000000
0.0000000
0.0000000
0.0000000
0.0000000
0.0000000
0.0000000
0.0000000
0.0000000
0.0000000
0.0000000
0.0000000
0.0000000
0.0000000
0.0000000
0.0000000
0.0000000
0.0000000
0.0000000
0.0000000
0.0000000
0.0000000
0.0000000
0.0000000
0.0000000
0.0000000
0.0000000
0.0000000
0.0000000
0.0000000
0.0000000
0.0000000
0.0000000
0.0000000
0.0000000
0.0000000
0.0000000
0.0000000
0.0000000
0.0000000
0.0000000
0.0000000
0.0000000
0.0000000
0.0000000
0.0016397
0.1913788
0.7374739
1.3200114
1.4970796
1.2480751
0.8236771
5.8218145
52.5728226
167.5155182
294.4516296
330.3841248
256.0494995
177.6932678
169.0898438
213.4245453
217.7438507
199.6264801
170.1431732
169.2293701
167.5715485
139.6263885
121.9860687
97.2057800
84.4728470
112.6179962
110.3132172
83.6194763
64.4955215
59.4711609
42.4985466
42.7438049
43.3565140
44.2860527
41.7353401
46.0853882
46.9569244
42.9701691
37.9812050
30.1705666
17.5125008
9.8656235
4.0363493
1.2398539
0.2800418
0.2336967
0.3604345
3.7302642
32.9650269
93.5438766
152.3903961
170.4781647
142.4213715
112.3069611
84.7805634
76.2823029
74.2859192
54.3603516
31.1450500
40.6370163
94.2055664
147.3426666
145.0493622
105.0935974
80.5783615
63.0589867
59.6075668
51.9228897
50.2664795
54.6030807
53.6602402
50.4923019
46.1603966
36.9930344
28.5436249
24.8401947
24.5608711
27.6821747
28.2435188
22.3784561
20.3921165
19.3537617
23.6503983
22.2042675
8.4607430
3.7401078
6.0773478
10.2206078
15.8364601
16.5356770
15.5954704
14.9154062
15.7289495
14.2184763
14.2453861
13.1363144
11.5600929
9.5207214
7.8299594
5.9038348
2.8502290
1.6054401
4.2307587
21.6914635
65.1168060
144.5698090
237.1007538
278.1399536
250.0305634
178.4825897
117.8478165
86.4851379
82.2647552
162.9789581
174.0479279
156.8846130
176.3399200
196.9698639
133.2010803
115.7428207
279.5959778
320.9234924
158.7680359
63.8410263
83.5843964
222.4127960
373.6227417
355.5304565
233.1416473
107.3203125
46.7207947
67.5031967
156.6169739
207.3393250
167.6374817
114.0052948
85.1875381
76.8648453
62.0343552
60.4350624
64.4183502
65.4693298
57.1505051
46.9584618
64.3460236
138.0201874
240.1898346
306.1210938
295.4565430
282.4621582
268.4780273
269.6764832
295.3125000
328.8326721
347.1099243
322.9948730
265.3259888
204.2664337
154.0097656
137.1461029
163.1726379
188.6570282
159.4826508
120.1359634
86.8040619
52.3729401
47.1813812
148.4485626
230.3244476
266.6221008
197.3892365
140.7167206
105.9102249
101.1454315
85.6381836
61.0981140
37.8092003
25.4956436
30.4963169
67.8547211
92.8288040
53.5810547
14.2663536
7.9956875
10.4365911
11.9577236
12.1961441
11.3917122
12.3217144
11.8544006
12.5535202
15.4000740
17.2038345
16.4515266
16.6060104
13.8068829
11.8449049
11.3408928
13.0618916
18.9065990
20.2949104
28.5107021
67.2317886
123.0021439
165.0628204
193.5133362
205.8476562
177.0127869
116.9474106
88.8553162
98.5416946
88.4896774
64.2290878
61.7199478
85.1907501
86.5112152
77.4661331
70.1841965
58.1830406
42.1400795
42.4264984
49.0477905
45.6411934
38.6972504
61.8612900
85.0343704
69.2553024
24.3799572
3.4601488
14.8717117
80.3515701
167.4931641
196.2266235
167.8012848
150.3098145
191.6587372
205.4283752
165.9921112
125.5802765
125.1383514
166.2868500
195.2371368
208.3009644
175.7394867
144.8939972
103.8646011
59.9865036
44.6785278
80.1194992
55.4926147
34.6575699
26.8626499
23.1670074
24.4371300
27.0603580
27.9448166
26.9413261
29.1017513
27.7373905
23.9942284
16.0647736
7.6809835
1.9486343
0.2358094
0.2453723
0.3324897
0.2774908
0.5788875
29.2190590
152.8587646
345.7823486
482.2846069
448.4062195
313.2359619
205.7210083
114.8722229
68.7843018
19.0212669
0.5986955
2.2042940
14.5213175
39.5779419
67.0889740
85.0809174
94.5907745
114.3057861
170.1946259
221.3230896
229.3116760
204.7917023
197.7340088
198.9074402
183.3657684
160.1300049
157.0570831
214.2271729
286.4956360
286.5716553
217.6728973
157.0032349
156.9459686
195.8191681
170.0509033
98.8348694
44.8139954
12.4036226
10.6218414
50.8008499
104.5811615
96.3340225
62.9025612
91.6638107
111.1097031
105.3839264
103.3877640
101.0966797
88.0918121
63.4315643
59.8413849
39.1647034
20.1805325
11.8914690
26.7271290
54.3768997
95.2986069
126.5075607
161.6967621
178.7237701
172.5525055
150.3103027
128.9088593
111.2258453
97.7007446
87.1985703
81.7365112
83.6193619
98.6730194
89.8867264
60.6237869
39.1567383
74.1263351
115.6041641
139.0491943
108.7397919
72.0824890
34.3399048
10.3662310
10.1118450
14.7514458
26.4270496
29.1222782
21.5167580
14.1758165
36.4455070
127.1355286
273.8692322
359.0596008
346.1436768
286.2845764
191.5966339
93.8605194
40.5030823
25.2618523
16.5971947
34.2856064
59.7771835
58.7088280
60.5496712
61.3479881
67.1169586
92.4480438
137.2894592
165.9212646
150.3764801
111.9325027
120.1703644
181.3375854
222.6456604
183.5738678
101.1514282
38.0896492
20.1638870
10.6794434
14.5348845
20.2800083
27.6597786
23.0090179
5.3081894
0.8200043
0.3405512
0.4238527
3.9424562
12.2942400
16.6869736
17.6538677
17.5627518
16.7427044
16.0735016
15.3716402
13.9090366
12.7504416
12.5406876
12.9458809
11.8209133
12.2472763
13.0731268
10.8667917
8.5688410
7.1460934
7.2149029
6.3636198
5.5279675
4.4329958
3.5458269
3.5771737
4.1071873
3.6153817
2.3456268
1.9718813
17.2952099
57.0512848
141.0638733
284.4642944
382.6647339
321.8287354
190.1789551
122.6022720
68.0367355
161.7594147
249.5702515
237.9391479
199.2321625
134.7362823
53.4205093
33.8518867
65.5076599
139.8793945
142.1609802
118.0868530
87.6364136
82.4584198
77.8306198
70.0141144
56.8909912
48.7694702
42.3045654
38.7822189
42.9189987
54.9238281
97.1719055
151.0744476
175.6191406
146.0219727
104.7267609
73.5193405
48.5118065
27.3861103
10.3170996
9.3505774
22.3804588
39.6460114
44.2055779
31.3084240
16.2264633
12.3354015
9.1417446
12.2706938
22.2083607
34.1391563
38.2756920
35.4607162
35.0787964
32.7177277
31.2281475
30.7690334
23.7128544
14.0528297
5.1708384
7.9449058
15.0787592
16.7594547
14.5522575
15.4781704
17.2941532
15.7714691
11.9203968
6.8810625
3.6972184
0.8497989
0.2800578
0.4990159
3.4937325
9.7001286
12.0208282
11.9495087
11.6236362
10.2227116
8.9918976
7.4826865
6.9111590
6.2737617
5.6304102
5.5378141
5.8141747
6.7688580
7.6993198
8.2701721
8.0183687
5.9375863
4.7546172
3.9050348
2.9989135
1.8409281
1.2422153
18.0789890
73.6762619
137.2929230
181.5298462
193.5207672
155.1760101
100.9524231
67.4755554
39.3425484
39.5300407
51.5680771
34.9819603
41.8018036
87.8696899
108.2581406
78.8914032
52.8065109
37.0379715
35.4506950
41.5074844
45.9495621
41.5806427
41.1078949
42.3795700
56.0310020
61.6132126
52.1789360
44.9248009
40.2689705
35.8796005
32.7312393
31.8080750
32.4230728
42.7713242
63.7909164
74.6000671
65.6526413
56.8593140
43.2004662
21.2657318
11.8064680
14.0321846
25.2000008
56.8560181
81.9284134
114.0374146
188.8887024
312.9083252
377.8204346
325.6523438
184.3239136
62.2574768
53.3380241
18.2001877
18.0387840
51.4182205
77.6958771
69.8032150
45.1303864
27.1391716
18.3028469
18.4440365
34.2831192
100.3931427
189.3029785
244.0194397
234.6064148
188.0879059
132.7249451
74.1000900
84.8900909
212.2305298
274.1244812
316.2489319
321.2865906
285.2351990
214.0063934
146.9459381
101.6510849
161.2434540
257.7151184
213.9586029
111.2417068
52.0281067
42.0414162
112.9153595
252.4841309
344.2627563
364.3040466
335.6412048
279.4594727
198.4484253
146.5876465
113.0529099
89.2768936
72.1543808
73.7721710
77.6825943
50.5681305
18.0686951
23.4317265
87.7348709
171.6764069
167.7722778
98.7452698
70.8601685
59.0716553
51.8174477
34.2313690
5.7165437
6.3675208
36.1057587
71.8916016
80.8348541
92.2254486
153.1938629
201.2641754
233.6541138
232.2312927
195.0251160
110.8217545
67.8149414
30.4943314
2.5353332
19.2415638
57.0389366
83.7909241
111.7521057
134.6105194
163.6316376
209.3975067
224.4544830
167.4265442
68.2802887
18.0144405
7.5926085
11.4665709
85.1342773
242.8771057
319.5687866
299.7119751
238.8162842
173.6413269
170.6546631
97.5162888
27.0725250
3.8942335
0.9325319
10.7666874
78.9926300
147.5321960
163.2207947
196.7876892
196.4549866
159.7118225
74.9280243
49.4907646
10.9824696
3.1802783
14.7276192
73.5770645
147.6596527
179.3419037
228.3235626
266.8951111
254.8323975
215.0371399
179.4777527
141.2042847
229.3040771
277.5935059
169.9210968
40.9376030
47.0984764
83.5287781
41.4764137
21.1512184
29.0063858
81.6382370
138.2731018
112.5773544
80.3634033
73.7756195
112.3911438
79.4712219
28.3041325
12.7379427
37.1934090
61.9123802
56.8486977
35.6924896
33.2515831
50.7239380
123.4461060
237.7795410
297.2446899
253.1301727
185.5712128
138.2679443
184.1248779
332.5971069
340.7705383
286.6376343
258.0260010
219.8645325
183.3576660
157.1688232
112.1333008
195.5101776
172.6166992
83.5405807
71.2796402
130.1329193
207.6745758
203.5865021
152.5017242
110.0916977
77.5291672
64.5682373
74.3257980
145.1147461
269.6348877
348.1207581
332.4245605
227.8246765
185.4893036
320.8695374
484.0978394
559.6791992
459.0897827
214.1891937
123.5036621
113.8982925
65.9718170
28.2594109
14.8883991
12.7196236
6.8460469
4.2601671
2.9102454
1.7531270
1.8268001
19.5507069
78.8032837
143.5292358
150.4097137
105.5742188
80.2929077
73.7449722
68.6386719
59.5682755
55.5626068
58.3016968
61.7399139
62.0228882
60.1706390
58.4826660
49.2047729
50.1255569
63.7737122
83.7948074
91.5535355
73.8811951
43.6972084
17.4566536
6.6721673
34.3635788
140.4964142
235.3149414
251.0019226
207.5369873
165.1546631
127.0654984
97.3468323
78.0160217
67.0027084
70.6875916
61.5080452
66.6185455
110.3207016
180.4029541
264.4059753
304.9497986
242.5237427
135.1098785
127.1090469
141.9878540
86.3355865
42.3154335
29.7459106
25.9941788
23.8229218
26.6833000
66.7456284
130.2492371
209.3384247
253.1976166
259.7204285
249.7469330
216.1387329
112.2625504
68.3032150
38.9883614
19.9215565
9.7024660
4.1003995
2.1642451
1.1609644
9.8621483
45.3526268
71.9377060
82.3750381
89.4985275
84.6759491
78.7856445
76.4633789
69.7823334
63.3538628
67.3137207
63.8319397
54.1498032
52.6827812
54.7642670
50.4878578
46.0739250
43.3627014
41.6415329
36.5227661
28.2667923
25.0111465
25.2323704
29.0956745
29.5174599
23.8514843
18.3143978
16.1908855
17.7316399
16.7201748
15.0504761
13.6503201
13.1389360
10.0651226
5.4656105
2.2244489
3.6735222
21.4312687
78.3268585
144.4585876
198.4980927
227.8531494
242.6608429
235.6320190
190.0756378
151.8724823
123.7471924
121.7100525
232.5423431
215.8538666
175.2203979
154.4645386
140.8201294
140.5753784
142.7090149
141.2254639
141.3284607
146.3855286
133.6832733
118.8930740
108.0880966
105.3608322
92.2140427
84.6285095
72.1962814
69.0711136
63.8389320
49.1509781
52.1565590
46.7498741
38.8270683
40.4898605
33.2229042
28.4756260
23.8255787
19.9980621
18.6412067
15.9762993
16.2412872
15.8455143
14.8960848
13.8428555
9.5312786
3.5935910
1.0896349
1.9016968
13.3072262
36.5652771
46.3019943
41.2360039
33.8230972
30.7190247
31.5090179
30.7975922
28.7941475
28.7708359
27.7625046
25.8717804
26.3247681
27.8772202
30.0213318
30.6136055
27.1246300
20.4759731
16.4641857
15.0310097
13.2015972
14.9642982
16.6980305
19.0869560
17.6064415
13.8625717
10.7225475
9.6521902
9.3437881
9.0868540
8.5994978
8.6853886
9.0932665
10.2433529
10.1426535
9.6853065
7.9915318
6.5246391
5.7837667
5.4988070
4.0829010
3.6663072
3.4090619
2.0986474
1.6811334
1.2769457
0.9983233
1.9883580
8.3460379
19.7622795
30.2156754
36.7901611
37.3551483
34.6662483
33.7245255
34.0188522
29.7977180
24.1394978
22.6734123
24.2421417
22.6246414
21.1290855
20.9051647
21.8254318
21.1281128
16.3815575
11.9591312
12.9396458
12.9983883
11.3655157
10.5274553
9.8827581
9.6059341
8.4839783
7.7402434
8.6349592
7.6513157
6.7265506
7.0436211
8.5563011
8.8084717
9.6645546
8.7699661
8.0238447
6.8374090
4.9765291
4.1637521
3.2963021
1.8620763
0.7502146
0.6114900
0.9612258
3.8541143
9.7752447
12.7013788
13.6556292
14.2999802
15.7686214
16.8212242
18.1311378
19.8971310
20.3202038
22.1879501
21.6217842
20.0578117
20.7470932
19.7739086
19.2738686
19.0458908
20.2168579
19.6311283
16.1661358
14.0698748
10.4384527
4.6922703
7.9483409
67.0000153
193.8719177
293.6273499
335.3021545
358.1324463
363.2639465
354.8275757
303.9023438
223.5158081
170.4759369
195.3630676
360.3074951
560.3276367
691.5352173
767.1729736
783.5009766
687.7465210
490.8864136
277.8543091
137.4767456
35.1629295
22.8284054
66.9204865
125.8013000
165.7307587
157.9966888
116.7996826
73.5759125
54.3082237
42.2429276
40.8674164
42.0457306
51.6040573
69.8553619
105.6515808
159.0868683
211.2585754
255.8699036
406.1076050
638.3551025
724.9818726
607.9139404
496.7833557
413.7455750
332.6077576
244.1409607
165.7153778
109.0053101
119.0621948
201.5359192
361.6124268
398.3157959
325.4309082
237.7239227
211.1330566
243.8825073
268.5310669
224.4013519
120.1324692
45.1612473
77.4658051
80.0758362
123.2921753
157.5294800
163.1919250
137.9649048
59.4728012
15.6179886
29.2428551
117.3578186
309.6632080
465.7592773
594.2016602
681.1657715
743.9063110
679.2788696
510.2609863
356.6516724
250.0655518
189.2969360
161.7236176
178.8660431
243.9274292
394.4983215
240.1169739
86.1515579
44.7177505
29.9519081
20.6958542
85.5196533
291.8326111
420.2855835
390.6699219
295.7075500
198.7878418
148.4396667
242.4339752
315.4547119
264.6647339
199.4278107
119.4156265
85.3896103
233.4752197
235.7306519
164.0337067
68.3391190
68.0038147
204.8230133
320.8054504
334.8373718
232.5143433
144.9166412
109.1419830
124.2429504
196.7375183
220.7851257
192.5360260
195.6920929
235.2602844
277.8952026
318.3756104
296.3481750
226.5750122
150.5168152
242.1828918
425.8942566
372.9911804
319.3938904
316.6755676
366.7433167
386.9183655
395.8836060
451.0848694
517.0000610
501.4260559
390.1261292
239.1972809
102.5163116
49.6994781
19.5838528
10.2381611
15.1666241
37.8241768
52.9060555
51.5663300
55.3721504
75.7797241
90.2638321
96.4940033
106.8015518
129.2758789
193.0563965
242.5840759
260.9596863
259.7440186
278.8078003
298.9558105
298.5520020
259.0527039
210.9531097
174.6543121
153.7412415
153.3280334
159.9135590
159.1151733
140.1112976
113.1306458
71.2389069
43.4264488
49.7360573
102.1877289
117.1931229
104.3547592
67.9569550
24.9354458
3.8370841
0.3662158
1.3708789
11.0253325
21.8570023
22.6645451
22.3709507
22.6065140
21.1227665
19.4355164
17.9401398
16.4536972
16.7525558
16.8090687
19.3472748
18.2741947
14.1335812
13.0558586
13.8857288
14.7624044
13.6194706
15.4142056
15.8599682
14.7544050
11.1672964
8.4895220
8.7965002
8.6270819
7.7947860
3.9617238
3.5992093
24.3339367
96.3132858
213.3679504
314.9852295
313.4275208
192.3544922
81.5511169
19.1546707
11.9343691
37.6741371
182.0893097
361.7648315
404.2420044
299.8054810
207.7355347
130.2090149
86.8681412
83.1663666
42.4573059
27.6972466
39.8844185
50.3240814
58.0129051
56.6394119
53.9484749
52.0832863
45.9831505
33.4398956
31.6421680
42.1017952
64.9848557
117.5643616
145.6669006
126.2958221
81.6231689
59.0117874
68.6509705
139.5987854
162.9729919
150.8209991
126.5237274
110.8236847
84.7207413
58.5821648
45.6472816
47.7196274
113.7368011
226.1037903
309.0185852
294.5624084
242.5207825
181.2385559
140.7794647
104.8521271
75.7593994
41.2106552
12.4846287
32.6134491
50.1220436
79.8613434
95.1357193
48.9759636
9.6845493
5.6190524
6.0732679
66.7107925
108.7376328
106.7639923
89.1898346
92.9397736
102.1015015
81.1630936
57.6290512
41.6887131
33.5687637
42.3704338
29.3795166
10.4409647
6.2184234
6.3480263
51.0929337
116.6682892
114.7581863
79.0192032
47.9880829
63.5281181
81.0058823
69.2895203
58.0863762
41.5316429
22.4786625
10.6675787
28.7585163
28.9933567
17.8924866
17.7052765
32.1432190
43.2912979
52.0605202
48.2034340
22.8802490
7.9889030
13.9313393
92.7727356
136.7829590
91.9779205
39.1739845
44.3710938
52.7943916
54.9095345
46.6237869
43.4894714
74.6092758
114.4865417
130.9351654
119.0857468
94.0031662
72.1282501
47.7159653
39.0601578
122.6543961
144.3180695
153.2958527
161.6372681
184.8582001
209.2744293
216.1672974
218.3637390
222.9885254
197.3805084
122.9482269
46.1340332
26.1912441
48.7949371
143.9174194
273.7420044
284.1508789
202.5819244
179.4704285
179.0649109
161.4344330
118.6318817
96.5691376
79.6692657
81.8863678
103.2837372
108.3663177
87.0994110
59.9956512
30.2572956
18.2922058
30.6632004
66.8413391
99.5051727
115.7786407
102.7731628
70.4457932
36.4994125
18.5129566
17.7172775
17.3658371
11.2551785
2.5425427
0.2293305
0.1863533
0.2680929
0.6972751
1.1563903
2.3615532
3.0699720
2.1833420
0.9843903
1.6376643
18.0878677
62.0737610
109.2738953
143.6945801
168.3386993
172.2337036
150.4235535
110.2849197
89.5440903
82.5153275
78.3362122
72.5573578
63.7077484
55.8540115
52.5633545
51.0046539
40.0565071
34.8908386
36.3580780
36.7705154
39.5936089
38.1322212
32.6580162
26.0608711
26.1541557
25.4404163
23.4187584
23.7867546
22.4570045
22.5742035
21.1511002
17.8564758
16.9890251
15.9542551
12.8013763
12.3725548
10.9356222
7.4517832
4.1837406
1.7584516
0.7183448
0.6944965
4.6377015
16.0939789
23.8408051
27.7946682
27.7046452
24.0323448
19.4935837
17.0862122
16.0601006
14.6089096
14.5922298
15.5363560
15.4491510
14.6562252
15.0872374
16.3138046
18.0305653
16.5097809
15.8242474
16.3604698
15.0473804
15.2189445
13.6871510
11.2281160
9.9814281
10.7571983
10.8310680
8.0333958
6.4876289
5.6884451
5.2388277
5.0491972
4.4842277
4.2131534
2.8267283
1.3548688
1.1086991
10.0770302
91.3365631
230.4725647
295.9849243
227.6450348
118.5094604
84.6167603
91.9351578
96.3792038
108.5380096
143.5279083
185.3782349
224.7096558
259.6022644
256.9690552
243.1907196
303.8988953
383.3767700
242.5192719
83.1178589
19.5728168
13.4083729
11.4466095
36.4034119
154.5185394
239.2425690
223.9291382
202.4425964
166.4423523
131.9468536
58.9675217
13.2675877
0.8380933
0.2375258
2.4782910
42.8710556
123.1182022
197.8787537
275.9949341
325.8036194
277.1917725
209.2472229
162.4436188
145.4160767
349.8244324
504.0410767
391.6439819
222.7687683
127.2042236
63.9278259
10.0104961
1.7026173
23.8685818
146.3424225
229.6918030
189.2838287
105.9499817
58.9183426
45.1532440
45.8822937
58.0839119
71.4728699
87.0261230
107.3471909
134.3096924
149.4190369
180.1403809
291.3097534
455.9288330
584.0233154
599.3239746
576.3614502
496.1887207
369.0605469
295.0662842
287.6636047
299.3739624
259.2295532
210.8987122
188.8741913
190.6164246
205.5100861
224.7822113
196.3582458
112.7441788
35.7949142
11.1329031
4.5117674
15.2962990
68.1568832
131.2968445
187.9143524
281.0530701
315.9097290
257.9596863
200.1923828
191.9669495
186.3311005
155.3934784
173.8513794
189.8159027
126.1098862
41.4229622
3.0434494
0.4055328
4.7157359
28.7540474
53.6548882
53.3772812
64.1884460
97.9318390
140.5930328
186.1494751
222.0452881
210.6650085
182.8032532
161.6333160
140.8496704
126.5996933
146.6224365
171.2967987
161.6525879
115.5421448
48.8757629
32.5519562
73.7284393
140.0327911
206.9223938
207.9385986
169.7564240
91.6231079
47.1019897
86.7081299
47.1182404
99.8246765
120.8948898
102.0181046
109.8457489
139.9534607
152.0589905
139.5626678
116.1194611
114.5007172
120.5799103
117.6278000
102.9954605
75.2070084
58.6147385
61.9672928
73.5915527
84.6519470
77.8767242
73.6454697
45.6655121
10.0473728
1.7526313
0.4308550
2.7419035
37.0417366
82.2757263
79.6944427
46.3804512
15.6815119
6.9718761
20.6146851
57.0997276
70.7359543
42.1879845
29.8035870
47.7116241
66.5740433
76.6678009
78.0827484
71.0045700
63.2986641
58.0043678
42.4164772
24.5404873
20.9901981
14.7674417
17.0877724
19.8858986
31.6677780
43.0323792
62.3749084
95.0278168
135.4733887
162.5630493
177.9555664
165.3017120
139.3058624
119.1619492
113.7820511
110.3388519
90.9123077
60.7532806
30.2573757
35.0923767
60.6769867
65.9181442
69.1225357
85.9520798
92.5632095
72.0664444
49.1450844
38.3298111
102.4058990
89.2394638
61.0034714
39.6434555
19.8165512
14.4866982
17.3104916
19.7391624
19.5328484
21.1041470
26.6465511
31.9620972
36.1699944
36.0135994
29.7680359
25.8901062
23.6655731
21.5019550
19.9741173
19.9022980
20.3092499
18.8229866
16.2397480
14.3150473
13.7268295
12.2176600
10.3296738
10.6534824
10.8869629
10.4072809
9.7907677
8.5945797
7.5711269
6.6018376
5.7569532
4.3900542
2.4072552
1.3902793
0.8046717
0.5695382
3.4728880
10.4458447
16.5833931
17.8616276
12.7221041
7.7009587
7.1244326
7.5904846
8.1890249
8.2081223
8.2481766
8.7410812
8.5544462
7.3764009
7.4166975
8.3189592
8.5404530
7.2819042
6.2741094
6.1835527
5.7147188
6.2166424
7.2665424
7.9093761
6.9836712
6.7863388
7.1115160
6.4499121
5.1266489
4.7008986
4.4622321
4.0823216
2.8354392
2.3121216
2.5182753
2.6177077
2.4644728
1.8910604
1.5358989
1.2987428
1.2042761
1.2135122
1.5184852
1.8819278
1.8297156
1.6802115
8.1873226
26.3517723
52.2702255
73.8986359
86.2578583
96.4746552
104.1578522
96.1005096
83.3607864
79.5335083
80.4516907
64.8731613
52.1483765
44.7371140
39.4564247
34.4163208
26.6265049
18.2629795
13.4620495
11.2188835
22.0715027
42.7118225
48.9328918
45.4508209
47.2651863
45.2969131
36.5263481
40.5888748
56.5599823
56.2424774
55.8725510
57.1346855
46.0863953
21.4294090
11.4580364
11.0075150
19.9534092
39.5005722
54.4340668
52.6154099
45.5660629
34.0919724
26.3458481
21.3739586
20.5495033
21.9445496
27.2446842
37.2829514
38.6973152
41.6352654
51.0852356
62.8157921
58.7953262
47.9416199
35.5471649
23.7983475
20.8834381
28.2434120
27.8222122
28.5997925
29.1177769
26.0899811
22.7927818
21.1522694
20.4423962
18.3843021
14.0393820
8.4087191
3.9031224
2.4329691
2.2411315
2.6670339
2.4057384
2.5279942
2.0128479
2.3033092
2.6082585
2.1189201
0.9103484
0.4339052
0.4485516
0.5860221
0.6560724
0.7958250
0.7806336
0.7803116
0.8284001
0.7089207
0.5891268
0.7127699
0.8282278
0.7339649
0.5450697
0.7034650
0.7469080
0.7863547
0.9941065
1.3717633
1.0896611
0.4230431
0.3903317
0.6061373
0.5380151
0.4478725
0.5378813
0.7189875
0.6868165
0.7221715
0.6068374
0.8202661
3.5061097
9.1253757
11.7046776
7.7369871
5.2977219
8.2436275
8.7644253
2.5238161
0.3382161
0.2059332
0.2572736
1.7101176
3.2739446
1.9307102
2.5900033
13.6934042
43.6279144
92.9624100
139.9315338
159.3034821
155.9114532
142.4624023
100.3104706
56.6423798
75.0497971
79.1851807
32.2487946
5.3209848
9.4858646
77.2873611
150.7395782
124.2381592
57.8778458
21.3863602
6.1177888
8.0871420
40.1050797
91.0453949
112.3153610
107.5201263
113.9352112
129.1416931
126.2610550
91.2658844
75.7687225
46.4043312
28.0180035
18.7192593
29.6438713
59.7643890
125.9506760
186.4017944
215.3088074
231.7314606
243.7193604
221.9099426
181.1966248
147.8062744
156.4482269
192.5824432
197.3772888
186.1984863
177.5840454
158.2992554
123.8049545
88.8000565
60.4989395
53.2295876
91.9117813
94.0323334
76.1674881
74.6956787
39.6991348
12.3581800
5.0215888
5.4454331
34.8282738
88.4787903
97.9843826
75.2815094
65.7822723
95.8607025
112.6512451
104.3548431
68.8761215
71.0113373
131.9331665
171.1030273
183.9690857
176.3859711
143.2443237
87.4290161
32.8869820
10.3064375
1.9167287
12.1003580
84.6486588
191.2827454
234.2507477
234.1826324
199.5144196
149.9928284
72.7026672
35.2395630
14.2936106
1.8705194
7.5095468
34.1336632
73.2732010
88.2400970
86.7615204
93.8152313
126.7023010
143.5674744
103.2983627
63.3206749
23.2676506
45.6301422
67.9456863
46.4392776
26.5647640
31.5280647
28.9446945
36.1446228
78.6399460
162.7012329
196.0991974
158.2036285
86.8858337
35.7068825
13.2017660
6.9254675
4.8703260
15.9185410
50.4189796
57.5382690
27.1298714
1.9706117
0.9753132
10.0339355
60.6152153
110.1917267
103.7811432
73.2604065
43.5378494
20.3945560
21.4228840
10.3898354
8.5603371
24.7740154
52.8614616
85.4976349
111.9141693
130.9777527
108.5025406
73.0762100
52.1256294
65.8895874
121.5613785
176.8827972
205.1839905
154.6783295
98.4245682
35.1815987
27.2500019
31.9763565
17.6393604
24.0797100
61.5898056
113.0954514
99.7867355
81.6750488
65.9068756
34.7104645
27.9018040
69.0883255
79.5033112
88.6948853
93.6295471
76.2951813
38.4274216
11.1244421
5.1950474
0.6436610
3.3904552
12.9675112
23.7765961
23.6783905
20.5371304
18.4368553
18.2569523
18.5942230
17.5356827
17.7907562
17.3291473
17.9539566
17.4931774
17.4651604
19.0028934
20.9705143
19.8887596
16.4036999
14.1148643
17.1100655
18.4687347
15.9419470
15.2505970
13.4613695
10.4943295
10.0084000
9.2478447
8.4485826
5.4966669
3.0615494
1.6410818
2.7712245
43.4595528
135.6116638
191.0426483
181.5130310
171.0896759
163.3932343
177.1193848
205.2236328
166.8990479
70.9639664
33.6234665
22.6673546
12.3616037
10.1643095
9.5710316
15.3919392
80.4431763
209.6584473
305.4346313
321.4396667
300.3771667
253.2628479
189.1562958
129.5103149
72.6589584
73.5356598
64.6162491
51.1872368
28.2893066
8.7610664
0.9894706
1.2165480
12.2851686
47.6126480
90.1150360
126.5772324
161.9358673
205.6948242
228.7561646
198.6636353
139.7548981
100.5286407
82.3095627
85.6533051
89.7741547
84.0321350
73.4232178
77.2962723
39.4768486
14.8908873
18.4068642
64.5598145
183.3985443
247.8668823
251.3702545
220.6264191
164.6318665
90.2713928
58.0441818
61.3180466
62.2302895
112.9695892
236.1588745
284.1734619
237.6127930
237.1851807
266.3218079
260.2405701
148.6028748
69.0528488
32.9971199
23.4443607
21.9583130
25.4379768
16.1487484
5.4210582
8.4512339
33.5645065
90.9276886
176.9804230
233.0782776
217.1906738
165.8331146
111.3033447
62.2178230
52.0263672
52.2917099
28.7485313
6.0888715
0.6170715
7.7046247
36.2623138
63.2084503
66.2181168
73.8092651
99.9947510
131.3836212
147.2939606
146.8970947
149.0292206
177.7944031
211.2940521
150.9373627
93.2639465
60.6164436
50.2042580
58.8402061
66.0825195
69.9621277
72.7632294
69.0638809
56.7995529
44.2416992
45.5084686
40.6674461
39.0264282
41.2749100
41.3507881
43.3289871
45.0316124
49.4124947
47.8065071
39.3224640
35.4409142
35.2394066
28.3534756
22.6144600
15.6552420
12.2430687
9.8010445
7.3202968
7.0600333
6.1734943
4.1929617
2.1299062
1.1491621
0.5253918
0.5636004
2.6052563
9.5671921
14.5982513
15.8309193
15.2562761
15.0255833
15.4209366
14.4383173
11.0447006
10.1925020
12.1409721
13.7917747
12.4108429
11.0650883
11.1438570
10.7660751
10.4173279
9.5629730
8.3175526
8.4868011
9.8104897
7.8304319
7.9798722
7.9795122
8.5875425
9.0937576
7.7969513
7.1224141
7.3648982
6.6397238
5.8392925
5.3840237
4.1449647
2.7800233
1.8338889
1.2667928
1.6264122
12.2781925
44.8049774
114.7604523
210.9318848
284.6139221
317.1123657
310.4785461
261.6876831
156.7923584
55.5774689
17.0680046
7.8613706
60.7231789
209.1558533
246.0067596
174.6145477
141.8935089
135.5977783
183.3498688
207.1379547
145.1563568
82.0092316
51.0705452
27.8221588
38.2264824
162.0312195
343.0743408
403.1336670
333.8178101
209.8892975
130.9146729
67.7785797
52.7561417
39.5800133
34.1912346
35.4395065
75.5992126
181.3062439
272.0811768
322.6510620
341.3764038
362.0237427
375.8264465
339.7258301
259.3759766
180.7398224
122.8849106
81.0006638
90.4535217
149.3219757
159.1102295
139.9003906
101.5940094
73.7739182
61.8790359
47.4888306
36.3297577
35.5107460
46.2392464
77.1526947
110.8883820
138.3618011
217.4365387
374.2871399
505.7842102
477.1218262
404.8465271
327.6696777
266.2792664
256.6772461
256.7279358
227.5680084
162.0523682
77.0478287
151.3298492
166.2826996
110.8095551
74.4605865
55.8430328
47.5590363
33.7487373
27.4024067
31.9949741
44.1817322
94.9505157
189.9407196
289.0538330
322.3732605
258.8317566
191.6357422
155.8072662
135.4517212
119.3153687
91.8563004
60.3169365
41.0815926
37.0594292
74.1220551
155.6241913
231.9567108
262.5558777
236.5423279
172.2431793
137.6280975
108.6867676
73.5706787
186.7198486
227.0888062
179.5900574
127.9918900
70.2556076
40.6006699
42.5938683
65.3013916
142.8631439
164.0597229
151.2466431
121.1545486
67.5642242
79.1076050
174.0680389
142.1473389
90.5992355
45.8897324
19.4908543
12.7008514
43.8877144
111.4363403
159.4983215
126.3180771
75.1083374
26.4244823
37.7731209
44.5583496
27.9532127
15.4019136
15.6634083
23.3602695
30.4341640
45.6655426
73.8416672
89.6791687
88.3431549
56.4045334
22.8848763
3.0404720
0.3514811
0.1753200
2.0048358
23.8784199
85.4207230
172.5923004
244.1017456
263.0455627
212.6577759
169.8726044
163.3215637
169.5057373
159.4361115
131.8117218
112.6679306
114.6956024
135.0898743
145.6125641
128.0775757
115.1428604
111.5895081
123.8448257
141.1884766
119.5946960
55.0694046
16.2599125
17.0672474
12.8808765
55.8677826
180.8257141
271.7404480
299.9618225
278.5137634
208.3790588
98.6576080
17.4364643
13.9019451
46.5862770
114.4813690
144.5450897
120.8130341
63.3145714
35.2200394
17.3160038
17.7252617
22.3422852
22.8808060
26.9542274
22.1482258
11.8766928
8.1062469
3.3347044
2.4851162
1.3996751
0.6192129
0.3251538
0.1872817
0.2764529
0.4670165
1.0070881
2.6933186
8.4616051
17.5364780
22.5295982
19.9219952
12.2992725
6.4844561
4.4935093
5.6927156
7.3505983
9.0802326
9.4823141
8.3902397
6.8194137
6.1218433
6.6740608
7.2597790
6.7901993
6.0304680
5.8271523
5.1621680
5.1587806
5.8680601
6.0816522
6.1818633
6.0137410
5.5524421
4.0377316
2.2649121
1.3782271
8.0761709
27.5898762
83.3748856
190.7164612
289.9694214
281.7873230
169.4188995
101.4539108
68.5746384
88.9940491
165.4802399
189.3280792
165.2777252
113.5603027
39.5335846
19.7307301
27.6100426
62.7148018
87.3091965
77.2282867
71.0596542
67.5359116
50.4353104
33.9966316
28.2159386
31.4625778
36.7574921
33.6820107
31.0230160
32.1831741
29.2550869
25.3993301
27.2443314
28.4420090
28.7372246
26.8045063
23.6245041
20.5647583
17.5489578
16.0651627
16.6748962
16.3393707
15.8230247
16.5411015
17.1510735
14.5569382
13.4285793
15.4226055
15.4389849
14.1414261
14.4769154
12.5199337
11.4678459
11.3987970
10.6587448
10.0200138
9.1804638
7.2707286
6.7803240
20.7186146
66.1089859
128.9747314
194.6058197
240.7126617
193.8255310
75.4041138
13.8597965
8.8691788
8.4559517
10.4942789
60.7734108
141.8826904
165.3721466
128.9120636
62.3085861
65.0273209
60.5718880
55.0977898
49.1001320
75.8169861
135.1578369
164.0711670
181.5961151
211.5304413
203.3748932
179.7716217
130.9046783
129.0550537
164.3272552
126.0978165
146.6859589
276.4154053
405.0192566
429.3866577
396.3075867
328.8252869
280.6622009
241.9139404
198.1695251
144.2727661
108.1502762
98.8242874
110.1558456
142.1216431
174.4737701
211.5620117
228.0864105
224.3440399
160.6750793
95.3945389
59.5360985
52.8990479
28.3528118
12.8592672
28.4737339
155.3014221
206.1858978
151.9853058
105.6010056
64.3374557
59.1985245
133.5066681
165.7571106
117.2618561
48.6793823
35.7222023
25.5383205
68.6581345
142.5406189
159.9440918
127.8783417
96.4609375
55.1072731
15.2780056
2.5797620
8.6242666
53.5787506
106.1712952
75.5170898
53.1638069
32.7801437
33.2813606
53.0561142
58.5587769
49.0721436
31.3887348
16.5144882
8.7483511
62.2183380
193.7220459
329.7024231
390.1352539
335.2405090
225.0640259
81.8038254
71.2358856
56.4410095
13.5464706
11.3868074
23.6139603
42.6706848
149.1989899
246.4268799
272.8424377
231.3817902
186.1250305
132.4874268
92.2430725
61.9046402
43.6794243
42.2052956
22.4552612
2.7240651
7.8070097
27.5993576
68.9055862
100.6039581
133.9208374
155.7223511
141.7065887
96.4377289
61.2274132
35.7826767
33.2353897
115.4461899
194.5070801
208.0922546
177.5036621
131.0703125
86.6602097
47.9284744
29.9059753
20.7562809
7.5513678
5.9703321
25.4257278
43.1323204
42.2668610
34.8087463
49.1517906
52.3834534
35.7117882
20.3933678
72.7211761
192.8260193
264.3455505
225.1175232
196.0865021
202.9870453
233.8842926
205.1532288
114.5118408
55.3821983
24.7840099
4.5115743
3.1067507
8.3837633
14.6680756
16.6486092
15.3863659
10.6234636
4.5747623
1.7263805
0.9986508
0.4671286
1.7870165
6.9429178
12.4937286
15.0594931
15.8168793
14.7647696
13.0916300
11.8118439
11.6677027
11.9321146
12.2022858
13.9642868
15.5860310
15.2785130
13.2428188
12.3475275
14.5859604
15.6397381
16.3123512
16.3263416
15.8366928
16.4492779
17.3952217
17.2884083
16.9813366
15.4200420
14.7763596
13.5790443
11.4501152
10.0536823
10.4197464
10.3803244
9.7434130
8.6904144
6.6569295
6.4294434
6.1009874
6.4673181
6.4190149
5.7799196
4.6961188
3.5160470
3.2233391
2.8083529
1.9727318
1.7395200
1.5388294
1.7724217
1.9600720
1.4464257
1.0261436
0.6637131
0.3876125
0.2790587
0.4114184
1.9779476
8.1513624
18.2617798
30.5895061
40.9746170
48.5772400
56.4317474
64.6316147
70.1715088
73.5515289
74.6942291
71.0245972
64.4397125
59.6411247
50.9306984
41.6296082
36.8621178
31.0836754
27.0987167
24.3439980
24.6540833
25.4955559
24.6680183
27.3187943
28.7094707
28.4183769
25.4391212
25.6959896
23.9304180
21.0322857
19.2216167
18.4520741
16.8616333
15.0857325
13.6889277
12.7388830
13.1670876
13.9224367
14.4179096
12.8837690
10.3600044
9.0744953
7.9129786
6.6537638
7.2601705
8.4638243
9.5688763
8.4205599
6.2280970
5.1719608
4.4277825
3.8415072
3.5137858
3.0518820
2.5746684
1.4941608
0.5550334
0.2867081
1.8898777
8.4401913
14.0166588
16.7063465
17.4845848
16.8526592
16.9794331
17.8026905
18.0111275
18.6699181
19.3867588
19.0665932
19.0369072
20.4942627
20.1902676
21.5675774
20.0993061
15.6863537
13.2170544
13.9980469
14.2950449
12.1107368
8.3849411
4.6320395
1.6975670
0.7886356
1.2224984
6.6915703
14.1756248
21.0943699
39.3505173
65.8447571
85.1603394
85.5815277
91.7628937
122.3352966
134.6480408
103.3325653
68.6934738
56.8637581
80.4536133
87.8292084
74.7115936
88.8529663
155.1282349
248.5120239
289.9216309
296.9553528
335.3323975
373.8623047
337.0813599
239.7912445
165.3591309
136.3717041
126.4668884
119.5916824
84.1171265
23.9985504
22.5859947
31.1979523
36.7280006
55.2096214
66.1276398
60.3971100
39.4604683
28.2588234
47.1696167
55.0255508
66.3235474
77.0098495
77.7554626
55.3197632
21.2194824
4.2469249
5.5178118
40.9743881
111.8615799
139.3076324
137.2057343
158.2996521
174.9128723
163.6792908
131.6981659
92.2972183
82.3135986
109.4866409
148.8537292
137.7864380
95.2603531
57.7106171
87.4704208
131.6585236
128.5787659
91.1325455
48.3717117
34.6299896
56.4326019
101.5417404
158.7311554
186.5904541
181.9115295
174.5253754
152.4435883
120.6092300
91.2309113
72.7105255
52.8985443
26.3342876
90.8902054
194.6053009
201.4750061
180.3058929
144.2120361
121.2229691
119.8376083
106.9408417
69.7451859
26.2602425
18.1084824
24.8542404
19.2599792
9.5996609
8.6804457
14.2251043
29.5420685
57.3479042
78.9589310
95.7456665
112.4780273
119.6068268
115.6501694
100.4118347
95.5160522
117.3436661
141.1276245
144.7143860
135.2315216
110.3533783
72.3461838
43.8381195
57.2035942
65.1198273
26.1568718
22.1312561
48.7700768
48.8856659
85.9781799
57.3858490
29.2258358
15.6661100
37.4965820
33.1714020
20.9768715
43.9879303
36.5715561
18.5534058
2.4477878
1.2473044
5.7155867
21.1266003
30.6938324
25.7728844
34.5791702
57.0950623
65.5425949
55.6234398
44.9045906
35.0966988
24.3235493
15.1452484
13.1843662
23.6311283
25.5417747
18.4686718
13.5165787
18.9259129
53.4772110
85.7993011
87.9326859
66.7309494
46.6394920
39.4255753
40.7501297
46.7256813
34.1654549
22.3989143
20.0695019
16.2282677
8.2135677
2.9725475
0.4700720
0.3177738
2.9112778
37.2930527
80.8835831
98.0239487
88.5161438
68.5029144
48.9517593
29.1092472
38.6749840
67.8823166
101.4805756
149.9092407
146.0603027
91.8088150
35.6676598
12.1182308
6.5522861
9.0214806
4.1645384
16.7506542
48.7577744
71.5772247
81.4480743
84.5591660
79.1982956
53.2245026
17.3428707
1.7450154
0.7406753
0.4616091
11.8078699
32.8124847
40.1212616
39.5250511
48.2407570
72.3362885
110.5724182
145.5763550
143.7316589
101.8513947
74.3909531
54.2145538
28.2973824
8.9498129
10.0102043
23.9597969
54.6988144
42.9090271
27.3946190
22.9783897
19.8137589
21.9687214
29.6896496
33.0467148
33.0181389
36.4779778
29.7675304
19.8201828
27.7657776
49.6435585
47.4607010
25.4485874
13.6505213
8.8402491
6.2288771
10.3459101
39.8605499
74.6658401
101.9780350
118.0314713
98.7808685
67.3029404
36.1690369
34.7454376
90.0984955
124.0699463
128.7564697
111.0276871
82.7008362
62.9883766
54.8029404
202.1243439
285.9781494
300.8122253
263.0279846
217.3376007
168.4608765
103.5403290
35.7568283
23.8267117
17.7684040
6.3142409
4.5819297
10.0581932
25.7311573
53.3320656
73.4262390
84.6607742
91.0916443
109.5028763
129.7592316
130.5043335
104.9971619
78.2921448
43.7467117
73.6649933
67.2045975
32.7831573
29.3781605
21.3188057
55.9573441
54.5498352
20.9252071
6.3431220
9.6264858
5.7434268
1.3896871
1.2109147
7.0084782
21.8871040
28.1304836
24.4914799
20.8387375
18.9745884
16.8815250
14.9064617
12.8890610
13.0821228
13.6356173
12.5069513
11.4630623
11.3203688
11.6199751
10.8936901
9.1150761
8.9827747
8.8700886
7.8563066
7.8887167
8.5672388
8.4983606
7.5169740
5.6011400
3.0059764
1.2657983
0.5999780
1.2572925
6.7044458
29.8626060
76.2300720
128.6719818
182.4818878
278.6610413
406.9784851
482.1819763
467.2631531
440.4550781
454.1905518
491.6062927
441.4177856
360.0348206
293.2677307
247.2505646
456.8976440
1094.2763672
1019.0673828
571.8762817
204.0554352
80.8370285
59.2706757
83.7089005
199.6873627
246.0027771
258.0260010
241.4839020
182.4104614
121.3657913
83.8849411
75.9660263
70.4439392
61.2946892
51.6603012
51.8668900
45.9136810
34.7426605
24.8323288
18.8830490
14.1652660
9.8742046
6.6946182
3.6888690
2.3401303
0.9601537
0.5346682
0.4547495
0.6852987
0.5779433
0.6397154
0.6975945
0.6906990
0.9969304
2.4356539
6.2808709
12.7827854
20.3812771
24.6898384
21.6119747
15.2982578
14.2200174
16.6580982
16.4694157
14.9358387
14.6479168
15.3764715
16.0690308
15.5902767
14.3916740
12.8744135
10.6755791
9.3537073
8.5469284
7.9177270
7.9088535
9.0358038
9.0556021
6.4170637
2.9384902
1.1706781
10.0369606
78.6144028
187.6927185
233.7440491
180.6346283
142.2234955
206.4997711
373.7660217
505.8826599
504.0431213
472.0087585
486.6583557
536.7862549
590.1192627
626.9579468
720.5440063
947.6309814
1016.1960449
848.9981079
615.4954224
457.5260620
338.4595032
249.2797546
163.1362610
171.1860352
348.9093323
290.1449280
200.7444763
130.9382477
93.8434448
98.5846710
194.0434113
523.3977051
863.9841309
987.8239746
868.7997437
616.4903564
451.2484741
361.7864075
309.1747131
335.1525269
346.5663452
253.4872284
149.8474884
86.5641937
60.2774429
41.7500267
34.6874161
151.2552795
390.7923584
531.8253784
526.0128784
485.2131042
339.4804993
240.6594238
173.2985535
109.8082581
37.1618042
8.4131317
5.1902714
15.5370550
171.9035950
410.2222900
518.5261841
417.0693970
286.3391113
251.9652100
185.7500763
208.2541656
121.3275986
38.2822037
9.4469252
15.6228008
24.3886051
25.6119270
59.8115311
133.6152039
188.4580383
187.3836365
159.1331482
130.5728607
113.3545990
115.1918259
113.3572006
108.9191208
116.4508514
118.3812866
121.3212280
121.7539673
110.0827942
97.6835327
83.6609344
67.4465179
46.8843842
21.0691681
7.1036530
18.9520569
94.5426483
206.3699799
274.5268860
282.2910156
241.0399933
169.3054962
93.9838486
20.4733162
45.8769417
71.7182617
147.1202698
298.7491150
383.3119507
475.0386047
531.7668457
420.9518433
267.9913330
201.8650208
206.0405579
191.0319366
128.7776337
65.9258423
211.9385071
455.8747559
554.6340942
518.8967896
422.2867432
362.6760864
285.5352173
220.2101898
164.6084747
93.0272980
36.1924591
11.6789055
5.5447016
29.2600269
103.1944199
156.1898041
222.6987610
308.6976318
385.7885437
428.5167542
428.2117920
383.3808899
347.7811279
303.1133423
224.6007538
144.9959412
41.6563721
157.7435150
139.0305176
77.1552734
43.0469437
28.5901108
22.8447323
13.7848129
13.9251261
14.0114107
12.3517780
11.5304689
9.8174295
7.8474121
6.0152793
3.5700541
2.4514251
1.8298005
1.4153730
0.8049231
0.8230378
2.7068892
11.5439959
23.1166859
32.3814735
38.7450752
39.2491684
36.0337296
34.8228455
35.4684792
33.4727097
30.0257301
29.9285507
30.4262619
26.8957520
23.0637684
18.9773636
17.2917442
14.3395510
11.3691511
11.0775347
12.4279232
13.8950367
13.7828083
11.7567062
10.9101820
9.8767891
8.5263958
7.1177759
6.0829024
4.4569206
4.8191347
6.7236700
8.2420645
10.6274719
10.7749691
9.8796587
8.6128130
7.3357553
5.1327496
2.5449080
1.6957316
0.9628502
1.6852000
17.6121082
55.2229614
95.8691101
127.1597290
130.7311859
112.7662735
114.3808670
136.4291382
152.2261200
156.5756836
141.5095367
111.9265060
133.6357269
133.7829590
124.5107880
109.6730423
99.5146866
101.8064880
86.8139420
65.3002472
52.3780975
54.2784042
56.8278770
53.2595444
48.7793274
45.3970222
47.7893639
39.9433517
34.2093239
35.0437851
33.3905869
35.6203766
36.6026802
30.5212708
27.6866493
25.2534676
21.1471424
14.8791628
10.9286098
8.8016815
6.3830252
4.2852368
2.1066780
1.0197592
0.4382190
1.3603826
5.8867354
16.1038246
24.0642757
24.8637333
21.4292717
19.8551865
18.7662144
16.7093773
14.5609093
12.9833431
12.0066433
11.5791969
12.6880131
11.6361780
9.6215305
8.8480539
8.0266466
8.9728508
8.9650230
8.4319210
7.9033484
8.4006300
8.4301453
7.0740986
5.3614755
6.1384668
6.5077868
5.8839588
4.8767743
4.1682529
4.8854437
4.9673696
3.4186273
2.0541663
1.7145908
1.5464214
1.2610486
0.7690002
0.5324756
0.4149404
0.4411460
0.2495542
0.4510218
0.6448799
0.5256048
0.4084146
0.3311928
0.3973719
0.5338937
0.5537877
0.6383579
0.6450857
0.4679182
0.9366882
3.8892126
8.9280109
13.5320072
18.3498268
23.9234314
28.5738335
31.5830002
32.0659599
29.2117615
23.4424229
20.8456535
19.9995918
19.2029228
19.5688877
19.1831417
19.8095207
23.7704811
26.5643978
24.1761074
23.4987640
25.4580688
27.0560513
26.5198746
26.4882889
27.9272614
28.7253532
30.2851067
28.8810692
29.1473465
27.0263939
22.5333633
19.9796600
19.3121872
16.5649490
12.5314484
11.7951775
15.8227081
15.2538233
12.6219444
11.9197206
12.2391911
14.5429058
15.5736656
14.0957813
12.1366491
10.2525921
9.4695873
10.0688257
10.9210863
10.1659851
9.8835192
10.3256187
12.0854168
14.1797256
14.6827145
14.7938833
14.0302296
11.9271498
11.1717224
9.3037786
7.3542070
6.8796835
5.8758698
5.1517711
4.2491407
3.7550147
3.2621741
2.9626193
3.0408201
2.6764979
2.1989338
1.3879228
0.7453446
0.4708512
0.2727406
0.2947564
0.0522145
0.0088174
0.0014607
0.0000000
0.0000000
0.0000000
0.0000000
0.0000000
0.0000000
0.0000000
0.0000000
0.0000000
0.0000000
0.0000000
0.0000000
0.0000000
0.0000000
0.0000000
0.0000000
0.0000000
0.0000000
0.0000000
0.0000000
0.0000000
0.0000000
0.0000000
0.0000000
0.0000000
0.0000000
0.0000000
0.0000000
0.0000000
0.0000000
0.0000000
0.0000000
0.0000000
0.0000000
0.0000000
0.0000000
0.0000000
0.0000000
0.0000000
0.0000000
0.0000000
0.0000000
0.0000000
0.0000000
0.0000000
0.0000000
0.0000000
0.0000000
0.0000000
0.0000000
0.0000000
0.0000000
0.0000000
0.0000000
0.0000000
0.0000000
0.0000000
0.0000000
0.0000000
0.0000000
0.0000000
0.0000000
0.0000000
0.0000000
0.0000000
0.0000000
0.0000000
0.0000000
0.0000000
0.0000000
0.0000000
0.0000000
0.0000000
0.0000000
0.0000000
0.0000000
0.0000000
0.0000000
0.0000000
0.0000000
0.0000000
0.0000000
0.0000000
0.0000000
0.0000000
0.0000000
0.0000000
0.0000000
0.0000000
0.0000000
0.0000000
0.0000000
0.0000000
0.0000000
0.0000000
0.0000000
0.0000000
0.0000000
0.0000000
0.0000000
0.0000000
0.0000000
0.0000000
0.0000000
0.0000000
0.0000000
0.0000000
0.0000000
0.0000000
0.0000000
0.0000000
0.0000000
0.0000000
0.0000000
0.0000000
0.0000000
0.0000000
0.0000000
0.0000000
0.0000000
0.0000000
0.0000000
0.0000000
0.0000000
0.0000000
0.0000000
0.0000000
0.0000000
0.0661984
0.5120660
1.2480431
2.2917025
22.4887924
72.1740723
146.6320953
268.6324158
433.4095154
557.8986206
544.9133911
424.4584351
361.7426453
312.6361084
274.6738892
184.7980194
103.8565903
139.7702179
87.6473389
151.5370941
205.6508789
165.5120239
168.4220581
255.8479919
238.9697266
192.4921570
145.9794922
110.6328354
82.5156860
62.2113609
50.9515839
35.1888657
20.4169750
75.5059052
160.4395294
268.1646118
367.2169800
392.9209595
366.8855286
321.7694397
258.8660278
227.1642609
247.2707977
290.7440796
221.6056519
82.7805939
100.2926636
227.3561707
224.3983612
178.1631012
120.3678665
79.8228302
61.4052315
54.3677216
59.8215485
78.5774689
84.6443634
77.6753464
65.9112701
59.4756203
80.0447769
126.0804672
181.1108093
258.7326965
340.4685364
366.5240479
266.5623474
146.9162903
118.0951462
99.6079102
99.8794937
135.6646118
133.3662415
124.3359985
95.9223633
70.3956375
48.6576347
37.2816887
25.7944832
20.4828148
13.5969057
9.0706205
3.1502080
1.9707582
0.6158260
0.7136062
5.0701494
17.4133720
25.5938854
28.7579880
28.2081223
26.2468758
26.1119804
27.1889076
27.0727425
26.3970509
24.5124283
22.9076099
20.6627903
19.0029469
17.9488163
20.2685814
20.5978642
19.4508057
17.0090084
15.7677736
13.2917290
10.0269728
4.0253558
10.2570829
65.4200134
197.4955597
344.0231018
430.5238037
398.0610657
315.9908447
265.4589233
221.5767822
164.1041107
99.8506165
46.4147034
51.6788025
187.2678833
289.1500244
229.2308807
78.3492966
15.4291782
6.2494760
63.2228813
265.7339783
337.5961304
237.0020599
90.6803055
42.4500542
28.0291119
17.9613781
70.8188324
190.1569672
215.5548096
162.7766266
144.6982574
159.6387634
137.6047516
73.4804459
44.5544548
25.2894840
92.9801941
199.3608398
253.7922058
301.3804321
295.8620605
173.7793427
77.7005310
41.4763718
52.1915665
58.4897270
46.5227890
49.6485901
53.7488251
74.9507751
136.9618683
175.2357635
173.8378906
154.4730988
161.5888519
154.6344757
127.7903442
200.6072235
318.1387939
345.6422729
289.6054688
180.5597687
84.8829651
23.7155876
25.6891403
93.4487839
188.1735840
162.4327545
68.9796524
42.9200134
42.4712639
56.4656258
49.1372871
36.9290390
64.5565109
188.2881622
280.5246887
334.5253906
474.7593994
520.1653442
410.6705017
227.0501709
159.0956421
231.8626862
251.6583710
291.4218750
389.7886047
400.8291016
359.1532593
303.4066772
214.5643158
152.7168732
159.2243958
174.3762970
183.3239136
192.1159973
206.1649780
239.8938599
314.7338562
469.6244812
657.2803345
882.7188721
904.9793701
619.6431274
296.2240295
227.9908295
179.4622345
124.5310516
136.4133911
537.3109131
611.6120605
396.8114929
193.3386230
99.7571411
88.7417145
67.6235809
45.7080994
36.1916885
30.6528664
29.8183937
85.5196304
224.1337128
354.5023193
378.3494263
272.2523193
215.1784363
283.9891052
490.9858093
464.8612976
232.5342102
120.5125504
92.9434662
49.4574013
24.7971268
22.6059189
41.0169601
105.5087891
144.5161896
152.9160767
129.4135742
147.7711182
256.5514526
308.0405884
223.8221130
100.1477585
45.3582344
27.1287861
10.8116760
4.9578571
3.1768150
2.1160123
10.6898003
56.5097809
111.4479370
128.9559174
119.5426636
115.8539047
119.6599884
113.7374191
98.7526398
78.1092529
68.4873123
68.4940872
72.4145355
73.0852890
65.7215118
58.9597778
54.7495461
55.5418701
49.0563278
47.2715302
46.4748459
49.4125862
50.8580856
49.2791824
50.2874527
48.7870216
40.0702209
34.9321518
22.1095238
9.7385740
4.0967317
7.1455874
61.2736702
167.6943665
224.1596680
212.4556885
204.5529785
184.0278625
153.0654297
107.7146072
66.2863007
30.7074852
54.0861549
57.3832626
53.5569534
106.0119400
212.0550995
407.6086426
559.5114746
582.4746094
485.3621216
287.0829773
106.2091293
62.8094025
58.6332893
57.1507416
54.9707298
46.1947403
33.6780701
29.0682888
24.6957378
21.5629883
23.7949905
20.9544907
13.0359383
4.5706425
8.3378572
17.2779274
19.0086880
12.3423491
4.1420751
1.6350025
0.5456283
0.1492811
0.2024374
0.3409683
0.5181513
0.6438813
0.8052730
0.8853417
0.8134280
0.8367748
1.3528202
2.1272395
1.7450418
0.9696122
1.7723907
4.0292668
4.4442573
1.7240803
0.3677867
0.4457204
1.7547742
2.9337974
1.2844329
0.2365479
0.4429880
0.9576491
1.4771546
1.1787760
1.1644696
1.4005489
1.5369335
1.2568216
0.8110485
10.9205046
44.2275848
72.1850128
61.3836899
20.2712650
2.0183625
0.8440599
0.5146360
0.2864296
0.4120230
4.3300767
22.2674236
51.6486855
70.9368820
95.9202118
191.9089966
326.6790466
404.1145325
337.5292053
248.3048706
168.8256531
115.5178146
147.3022003
98.2857285
28.4623108
21.8083954
39.6617126
34.8437958
4.0960603
8.5279827
65.1672821
178.8906250
243.1672058
215.8269348
192.8608093
229.1913300
330.4209290
381.0086365
308.9364014
255.7585449
201.5360413
143.2031555
206.7077484
227.7907104
112.1186829
39.9680977
20.0136623
7.7766023
2.1123681
17.2708626
88.7067795
212.3999939
344.8533936
472.6752930
520.9192505
470.8503113
359.4679260
279.2000427
243.9216003
223.5231018
217.4328003
198.0933533
183.0042572
206.0086823
219.4317169
209.8389893
192.7643890
169.4623260
156.7228699
137.4470062
97.7182999
37.2620049
90.8992844
124.7140732
117.7753677
93.6797562
69.3488312
49.0688972
43.9548607
44.3612022
27.2362785
23.4532566
26.9726315
87.2101135
164.2216187
187.1768341
167.9079285
134.8249054
86.3051605
38.2316170
35.1835175
16.1034698
5.3100667
6.7578692
29.7497444
69.5078354
101.0562592
149.5804291
229.5821838
265.4977417
221.6784821
150.1079254
97.3934174
71.3799057
102.0893707
59.5917931
32.6049385
43.4629402
128.9044037
227.8244781
289.2821960
268.8522644
231.6606903
196.3623199
157.8793945
130.3342438
85.7687149
33.5558090
5.9289775
0.4236830
0.1388369
1.4053843
24.1522713
68.0655594
102.0512238
124.3757324
139.3373566
135.2957153
111.2845001
88.2070923
77.7653046
75.1658325
79.8927612
92.1701279
102.2362137
101.8710480
84.1253204
69.0237808
61.5408745
91.1563492
135.1181335
140.1983948
99.7153625
63.7262688
55.4935608
88.6130905
139.4924316
167.6549377
146.0502472
98.0611115
36.7221069
10.9503899
3.4454632
1.1098771
1.8946143
39.3608932
107.1773529
142.1381531
110.6536713
39.9237289
20.3887730
26.8741913
39.2013130
84.2296295
168.1487427
214.1882172
161.8234253
78.3526535
19.5275116
4.8130293
2.0395355
2.8655620
43.9371300
142.2349396
167.9286194
130.3654480
82.4444656
53.6704025
25.1980934
2.9117599
1.3087164
16.9939537
76.1489029
161.7769012
178.5912476
106.4271927
23.5159588
6.4358735
2.1048129
2.6081986
38.5609093
93.3801804
71.8745575
17.3735600
7.7098360
31.0526886
74.9494324
141.6508636
169.9921112
172.3618622
158.7080994
116.4646988
69.5413132
31.7061672
14.7955837
3.8648143
4.7679248
34.9545898
88.9443665
133.1404419
169.4862976
170.7974243
134.4145203
81.1609573
27.8725014
4.3170729
7.9504795
14.2134619
50.5636787
129.5969238
215.1245117
289.7791443
299.4682922
246.7052612
178.3752594
121.3290329
83.7249069
56.8420258
46.6621056
43.3876038
81.9046707
110.7878571
73.2710571
13.8554726
2.7804067
0.3790805
0.1462389
4.4711280
28.6415100
47.7499924
83.0664749
173.0394592
281.7862244
356.2431030
382.8023376
359.1240234
302.1255798
229.6853180
149.9302521
131.1403809
126.2873306
133.7196960
181.6485291
275.8879700
373.5034790
398.2193909
342.6296082
245.3621521
218.0512238
164.8199158
89.7195053
55.4756622
44.1096497
48.2858505
50.0156555
51.2403183
38.9665375
19.6372623
6.6072340
11.3953342
20.9821892
22.0419998
22.9615192
25.6467590
23.6912022
18.1787338
16.3130322
15.9188166
15.4552536
13.1487770
13.4417295
12.1689329
10.2933159
6.9666667
3.4435360
1.4445752
0.7914540
0.5403218
0.2877676
0.5578762
32.0625801
154.4088593
333.6367798
442.7886353
425.3087769
352.8219604
281.5927124
179.6998749
63.9328957
56.5413094
12.0058117
2.5904660
1.4891649
2.3926988
47.5033417
151.7720642
250.5779724
297.9683228
270.8054810
206.1347656
161.1332092
133.3062439
124.7873611
123.2878189
92.6853638
33.4561310
9.6707487
47.4954758
197.1405334
257.6212463
143.1794586
72.0887299
61.7985153
66.9557800
94.6296005
129.4360809
182.5224762
257.5395508
324.0165100
375.0485840
430.7721863
479.2001648
456.9299927
345.7699585
199.9394836
67.4845734
7.0727863
5.6191030
0.6137301
0.3847820
0.2187221
0.7604716
1.8093524
5.5221152
30.3590240
81.2011871
123.7834930
129.4197083
88.6539154
31.7351074
5.5477190
13.5319605
45.0345154
70.4383698
106.3454666
125.2829437
135.5567169
142.2420654
136.4414978
121.7040939
108.0764389
78.3821335
52.2961006
46.1530228
46.6040230
51.0576019
50.2097778
90.0624313
199.4832001
304.3471985
313.0330811
280.1352234
220.5255890
197.6838989
136.1439819
68.4261780
75.6267014
132.3631592
87.0401382
33.2718964
24.5165825
21.3930168
19.2742348
16.9692421
26.1497498
35.0440407
30.5695992
18.5508614
11.3668594
12.4661083
8.9659567
18.1487942
77.9496613
188.6407166
269.5010376
269.6820984
260.1911011
256.5548096
273.1041565
179.6257019
57.8152122
25.1811771
66.2440262
140.0295868
195.7357788
208.3248901
166.4597778
132.4804993
123.8784714
121.5166168
122.6273727
115.7916183
76.0720215
46.0812378
21.5186501
53.3810310
145.1724091
193.8942108
167.4420624
153.7794037
131.2526245
95.4391785
56.0935173
44.1623917
108.9797897
106.8234863
60.4201546
38.5626640
41.0279465
32.6592293
21.6295815
35.1264572
79.0933456
146.8650055
201.4053192
172.4083099
98.8261414
47.0797234
20.8299999
8.1152296
1.8040911
22.8699722
52.2966423
56.0002708
41.4550896
43.5174637
41.8817139
41.8375015
52.2064781
63.5213051
74.0545807
77.4960327
41.9383278
10.0345974
12.8556786
44.4385223
106.8280106
160.4925842
151.0389557
114.0656052
95.6062546
88.6141052
101.0786591
125.4323578
134.0437012
112.0147324
101.3514404
129.3545074
149.0730286
152.0337677
153.5307770
123.3616638
63.8853645
23.4604988
15.5667572
20.6837502
26.7956982
29.3968201
24.3746204
16.8335934
16.5839233
43.6577873
89.1212692
126.3241196
162.4607391
185.7848358
170.1321411
167.5353546
209.1640625
219.1587677
173.5113831
119.2116318
147.4622498
106.8996658
45.3679504
12.4886713
9.1877060
20.9182358
97.0483704
88.0700760
35.7330208
7.5591760
3.1189573
7.6400037
42.9658318
110.4903488
128.3011780
91.9197083
59.0150299
43.0712776
37.1934509
25.9634209
21.3153057
22.8123245
12.4197178
6.3360286
4.8409810
13.6269751
37.8162766
79.6041031
119.9351807
124.4425049
98.8342361
84.7834244
65.9343491
33.2958221
28.8497353
45.2004242
30.8918362
14.9461842
4.8167300
9.3441420
45.5242195
66.5004425
57.3783684
41.7316437
29.1030159
34.5774803
25.7596378
10.6578903
6.1712642
29.1533909
63.7880402
48.7927628
28.8760242
18.3373165
22.5705662
24.5267639
26.9884567
30.5395470
29.7397995
23.0159149
12.4146156
7.1033921
1.2681267
0.2206872
1.2843342
6.6309824
12.2932453
15.3984661
15.2203255
13.1309147
10.9732943
9.2699528
7.7956347
7.5320253
7.2077088
6.0542765
5.6660714
5.2417870
4.2133436
3.1429331
2.3848817
1.6224163
1.1933373
0.6976618
0.5285236
2.8224282
12.5143261
19.8439522
27.0275230
67.6970444
127.3522644
177.5275574
207.7193146
190.3632507
136.9504395
79.7462692
70.3283691
53.7797966
50.8027344
91.6047058
94.1430054
97.0084076
94.1960754
73.7425690
76.0336075
81.8119431
92.8120499
87.9651184
58.6298141
20.1129837
7.0437083
1.4056667
0.2488954
0.2914532
0.8958026
6.6309156
42.8388214
108.1816711
170.8153839
203.5679474
190.3048553
132.5794373
83.7388687
46.5336075
27.2280502
9.4996586
2.4522696
0.6483898
0.2495991
5.2783308
46.4931908
92.4414368
108.5344009
86.8999329
42.6412430
19.8338432
10.6024323
9.7697983
43.1005363
101.3859863
107.0417557
94.2567139
83.9762650
75.1374283
52.6417618
20.2550545
6.6802101
15.4693241
61.0719299
99.1313858
65.1768265
21.5756245
19.6372185
50.7644577
95.4897461
80.8273163
23.0580902
6.5551453
4.5797901
3.2123928
3.4821267
15.5730801
53.0035286
68.5834656
48.0901260
22.0078659
25.7180576
36.3408241
36.5691948
34.5553894
29.9841614
17.1001930
10.0602465
31.1944618
108.9353333
196.4313354
231.6636810
183.2726898
110.3288422
60.4907150
33.5215149
38.0363731
16.2980499
6.0447497
9.3423958
35.1396217
60.7965240
61.2205467
69.9085541
81.9796295
86.0135345
73.2548065
52.2851639
33.3671684
18.5437088
10.1679564
8.8668756
6.0692062
6.0289197
7.5375361
4.3231511
15.7617540
47.9792595
80.6228256
97.2384033
100.3617401
93.7630920
77.9438019
59.0777397
61.4523506
76.2168884
61.8654251
71.9861526
75.2923737
54.3507233
36.7999420
15.0977259
8.5377150
1.5519346
0.3061705
0.4250433
1.9949768
8.4944620
9.7898560
8.7408485
6.8259826
5.7296085
5.2609391
5.3419724
4.3751497
4.5047617
5.0148954
4.3858824
3.1427884
2.9387484
2.4543114
2.3800306
2.0772688
1.4067615
1.0514727
0.6941187
0.7494186
7.9422178
31.6442261
60.6202316
77.6362381
71.4615936
58.0484657
60.0223694
70.7105713
72.2803192
59.1406708
48.0882111
46.1651726
47.2093315
42.3259888
31.8270149
23.2287216
19.0654621
14.3326101
12.3924789
11.0832939
11.4804630
13.5517597
15.8568726
17.2574425
19.5305099
19.2341614
17.9635601
17.5163918
17.9986992
18.8744755
17.2428455
14.7801018
14.1776552
13.6529484
12.1881104
10.5676594
8.8712406
8.4134388
6.7295594
3.6458001
2.6166110
1.3376889
0.5817149
0.7500581
3.6496663
10.5566101
12.6689415
11.7095032
9.9083424
8.1876345
6.8813658
6.6145530
6.4544806
6.5867796
6.9670029
7.8028412
8.6209450
7.8824072
6.8866043
7.1636019
7.4824057
7.6869054
7.5268621
6.1430764
5.4778705
5.3489819
4.4748759
2.6532283
1.1155899
0.8642154
6.0424590
27.3140602
54.0978699
67.2216949
64.0926819
62.2695770
66.4266586
53.2407494
29.1270943
81.4031754
199.1733704
304.3250427
343.2136841
320.9178162
295.3808289
255.3893280
199.5622559
137.9128571
104.9376602
72.2270050
44.2164307
12.7758179
7.4254642
23.6285324
94.2492142
129.8973541
103.0861664
66.5209656
43.4238930
35.1641579
38.7749901
35.3834877
30.3804436
38.6999435
51.8137169
46.5170593
33.4526100
22.6702938
25.1897602
47.5237274
64.0077209
57.8663864
37.6582718
24.9501247
26.9916496
38.0907249
56.1275215
71.0088120
75.3699722
72.2277069
59.4728508
32.4705544
24.6705818
65.5941849
127.9456635
153.9092407
151.0641174
137.8571625
107.5080032
59.6847954
18.7651405
7.0230174
15.4670429
49.6853180
42.5502777
14.3689432
7.6325445
6.0740724
11.6244030
24.1018581
35.7817993
50.4123688
72.5591125
92.4476852
96.8737488
90.3807526
79.0681381
54.0923462
49.7818298
43.8415604
24.1579895
9.9288464
4.0857148
15.4195938
38.3327484
48.3823891
40.4907684
48.1525955
75.8485031
98.0093384
85.0986633
55.8690605
23.8444386
9.3681440
23.2783051
51.8293381
56.3663063
38.9963684
38.8364830
40.1015205
41.6215477
43.1647301
38.6541023
24.4100437
10.1679239
7.9119205
5.9595246
7.6614642
8.4659395
10.4805441
15.5445776
23.9971161
35.7832108
52.6044998
64.6688843
74.3086243
79.0894470
70.4241714
56.9960899
51.1687813
52.6036873
39.9589005
30.7932186
30.9219322
27.7746372
29.0548916
27.3846054
23.9148846
19.6347275
14.5816898
9.4307013
7.5247898
6.6641321
6.9222188
7.2978868
7.5495296
6.5690570
4.4447250
2.8288598
1.8489516
1.5086553
1.8039608
1.8773196
2.0806832
1.7190914
1.4535496
1.2955616
1.1762605
0.8162273
0.5205889
0.3509911
1.2187099
3.1618598
4.3659477
4.8833365
5.0774260
4.6285934
4.5592937
4.5143890
4.1014848
3.9800050
4.4036794
4.9575949
4.8631024
4.2111187
3.8734386
3.6366725
3.0929556
2.7996504
3.2211390
3.4776745
3.0278196
2.6051710
2.6930802
2.8942533
3.4471607
3.0083408
2.2781229
1.4975798
1.3961987
1.7773225
1.6415420
1.7746123
5.8248496
15.6237011
32.2827873
61.4462967
89.4982071
92.4538498
71.1666336
43.4939117
18.2654991
17.6209717
7.1472354
6.8740921
18.5234032
37.5000076
61.2871399
77.5256729
82.1761093
80.7072525
91.0261536
99.3484116
101.3735657
85.1974030
56.9236755
29.5235004
33.0079155
81.2089310
145.6132202
192.2104797
188.3289795
146.8470459
99.2977371
72.2785568
49.6011200
27.5580177
30.8148499
107.2110367
163.4060211
140.1539612
90.6261749
58.9098358
52.9283752
54.0725822
44.2406387
25.5288582
16.1590443
18.6644764
16.3701286
13.7937918
10.5130882
9.8449593
12.6741476
20.9209862
36.5553780
61.3936882
85.5585022
102.0872192
112.2309265
119.4793625
127.6753693
137.3713379
134.5996094
113.7031860
81.6308365
48.1510353
49.5205650
46.2434196
32.8755646
18.8464279
11.2047672
6.5502143
4.3040943
2.3624578
1.6624813
1.0193269
0.4777822
0.4198042
0.3748944
0.2946589
0.1403341
0.0484538
0.0042034
0.0000401
0.0000000
0.0000000
0.0000000
0.0000000
0.0000000
0.0000000
0.0000000
0.0000000
0.0000000
0.0000000
0.0000000
0.0000000
0.0000000
0.0000000
0.0000000
0.0000000
0.0000000
0.0000000
0.0000000
0.0000000
0.0000000
0.0000000
0.0000000
0.0000000
0.0000000
0.0000000
0.0000000
0.0000000
0.0000000
0.0000000
0.0000000
0.0000000
0.0000000
0.0000000
0.0000000
0.0000000
0.0000000
0.0000000
0.0000000
0.0000000
