0.0000000
0.0000000
0.0000000
0.0000000
0.0000000
0.0000000
0.0000000
0.0000000
0.0000000
0.0000000
0.0000000
0.0000000
0.0000000
0.0000000
0.0000000
0.0000000
0.0000000
0.0000000
0.0000000
0.0000000
0.0000000
0.0000000
0.0000000
0.0000000
0.0000000
0.0000000
0.0000000
0.0000000
0.0000000
0.0000000
0.0000000
0.0000000
0.0000000
0.0000000
0.0000000
0.0000000
0.0000000
0.0000000
0.0000000
0.0000000
0.0000000
0.0000000
0.0000000
0.0000000
0.0000000
0.0000000
0.0000000
0.0000000
0.0000000
0.0000000
0.0000000
0.0000000
0.0000000
0.0000000
0.0000000
0.0000000
0.0000000
0.0000000
0.0000000
0.0000000
0.0000000
0.0000000
0.0000000
0.0000000
0.0000000
0.0000000
0.0000000
0.0000000
0.0000000
0.0000000
0.0000000
0.0000000
0.0000000
0.0000000
0.0000000
0.0000000
0.0000000
0.0000000
0.0000000
0.0000000
0.0000000
0.0000000
0.0000000
0.0000000
0.0000000
0.0000000
0.0000000
0.0000000
0.0000000
0.0000000
0.0000000
0.0000000
0.0000000
0.0000000
0.0000000
0.0000000
0.0000000
0.0000000
0.0000000
0.0814917
0.4752162
1.0166209
1.2226795
1.0466821
0.8281373
0.7424122
0.6319009
0.5709987
0.7776116
1.0887566
1.1216613
0.7093540
0.4772534
0.5236995
1.1121738
1.6192212
1.1109017
0.3797732
0.4083349
1.3920453
2.2317257
2.8651185
5.4750013
8.5053968
11.0270996
15.2648430
21.2088413
39.0926666
122.7315445
263.1464233
445.1499329
618.6812744
640.9064331
554.8289795
435.5783386
460.8171082
331.2463989
204.5559845
128.1890869
76.8813095
36.4632797
17.7263069
8.9862022
5.5246029
6.5568733
3.3698437
1.7997487
6.9089060
18.3477325
27.2146225
30.7744617
27.9248505
23.9210663
23.8160286
22.8493576
18.9151840
14.8966379
12.2586174
10.8044834
9.3039675
7.9936609
5.7082272
3.0528049
1.6378598
0.9839408
0.7725278
0.6806118
0.5878784
0.6423752
0.5167366
0.4483920
0.3370181
0.3209870
0.5066869
0.5952659
0.4457429
0.3769079
0.5376954
0.6024102
0.5697078
0.4220999
0.4643560
0.4327745
0.4180733
0.4522221
0.4411329
0.4155644
0.4696464
0.3959435
0.3053997
0.3274292
0.5574679
0.7622296
0.6759061
0.4549222
0.2683461
0.3235202
0.7629576
0.9490665
0.7310110
0.4544803
0.3863760
0.4501147
0.4573584
0.4831191
0.5084351
0.5576075
0.7053419
0.5787802
0.4442593
0.5715725
0.7821428
0.9108281
0.8657560
0.8167459
0.9673716
1.2459890
1.0107770
0.7950181
0.6670078
0.4614100
0.4189515
0.5627049
1.6663779
2.5767865
2.0438938
0.6877571
0.4497525
0.4591926
0.5020936
1.0222609
1.3847744
1.4755166
1.2989528
0.8946467
0.6343086
0.5322080
0.4778691
0.6540779
0.7060075
0.7466011
0.5366276
0.4245041
0.4859892
0.3876413
0.4822828
0.9099308
1.3460048
1.0294530
0.7710656
0.6892012
0.8122432
0.7227042
0.5869714
0.5856938
2.8236482
35.0271187
100.6140747
159.4204407
222.8518982
316.5687866
408.7627258
434.2524414
334.5351257
183.0619049
99.9335709
57.6749382
39.4493065
35.1417160
103.2782593
164.7582092
140.3101501
75.2469177
57.2096138
80.9227066
105.2486191
107.5272217
101.8969727
79.5602493
53.5197716
37.4654388
31.4274788
52.6914291
99.3962708
123.3321838
111.5123978
83.6805267
69.0587158
59.7093315
43.1340370
26.7276955
13.1142006
5.4867535
2.8046293
3.5787892
3.7943347
4.3255444
6.5007639
5.0043230
2.6623847
1.4112161
0.5510215
0.4951614
0.4759034
0.4617640
0.4411035
0.4305659
0.3889944
0.3324718
0.3662612
0.4004392
0.3978934
0.4281967
0.4249581
0.4462277
0.5908172
0.5896507
0.4098918
0.3848630
0.5575842
0.5539363
0.4006460
0.3993606
0.4344154
0.4381012
0.4666955
0.4140460
0.3720640
0.3717810
0.4069375
0.5297166
0.4957457
0.3602830
0.4703850
0.5233917
0.6981734
0.9675115
0.9059694
0.6244014
0.4579398
0.4281148
0.4409590
0.7104442
2.8084064
6.6942191
7.5633020
3.7615275
3.2619171
17.5343380
52.2688484
107.7168274
178.7821045
246.9013062
271.1141663
232.4093628
156.6353149
83.3732147
55.9406700
49.5470314
21.1465988
51.2411537
155.1016388
214.0233307
182.8099365
147.8633728
126.7266464
95.6701965
66.1471558
43.2627525
25.7591400
22.1742668
31.9996891
72.1616516
202.3376617
383.4445801
486.0506287
430.5387268
309.2118225
224.4912720
152.1119080
66.5673904
31.0360909
83.7770920
46.8266144
19.2765198
16.9708710
16.9582062
9.9618988
2.3635755
0.1761494
0.1917411
5.9381981
30.3561954
35.1085663
19.0253754
4.3251028
0.9102601
0.3598069
0.5419496
0.5260972
1.2931623
2.0508995
1.0620971
0.4815833
8.1072435
38.4401665
88.8792648
124.3119888
107.9338303
59.7198715
38.5351067
27.2296238
14.4177036
18.2036610
14.7378521
39.8582001
64.3719482
53.7704086
22.4210358
32.7749176
78.9111557
142.2001953
176.5554962
137.4542389
81.8879929
76.9517212
140.6348572
175.5796204
181.8940430
174.1733856
131.9600983
94.1419373
70.0468979
46.4481277
23.0928078
8.0448799
3.0390201
1.2479013
3.9585624
3.9397974
4.1492014
3.8891988
5.6687984
9.7490854
12.9772053
14.1015015
11.7889214
8.2878838
7.9238091
8.6885509
7.9473901
4.9738283
4.0737028
4.3532310
4.6093826
3.6095402
2.1684828
1.2529695
0.9672520
0.7356985
0.7504883
0.5420466
0.2644973
0.2710756
0.3308546
0.3693592
0.4557416
0.4610064
0.3945647
0.3628371
0.4611802
0.5498649
0.5422289
0.6149701
0.7366016
0.7724972
0.7485247
0.9052403
0.9622308
0.7194704
0.8394414
1.2140715
1.0220983
0.5589411
0.4587357
0.3264591
0.3067431
0.4974284
0.6329291
0.6093721
0.6663885
0.7633679
0.7944572
0.5801094
0.4660607
0.4193873
0.4476815
0.5823728
0.5257202
0.4589419
0.5584902
0.6479988
0.6026239
0.5663421
0.6783144
0.5393134
0.4773068
0.5479146
1.3600972
3.7897139
4.8445368
2.6276541
0.5391546
0.5896194
0.6885855
0.9959409
1.2486432
0.7258032
0.3508683
0.3621621
0.5887809
0.5231592
0.4239128
0.5936813
0.7385920
0.6549207
0.5858815
0.6627179
1.0500811
1.1572757
0.7463094
0.5267136
0.4315899
0.5618004
0.7026392
0.7067194
0.7788469
0.9152228
4.2415204
55.6855545
159.2294006
216.9246521
166.6041718
78.6121445
48.2180862
44.5632019
47.8329430
50.9561615
71.4425812
126.9524231
123.9775238
68.3814240
33.3837433
52.7674179
71.6809235
67.9291458
153.1350250
364.8178711
564.0860596
599.3900146
385.6395874
116.7432480
57.2118530
25.1237297
10.3428068
8.2399826
45.8831139
153.4893494
236.2982178
205.5060120
111.7020416
60.4870567
51.6854362
46.2073174
30.3505878
29.0892029
88.6371536
124.5136642
110.5443573
66.6058578
21.4198627
2.1465671
0.2630114
8.8681078
99.5545349
181.0957947
172.7460480
117.0813675
42.7207680
8.4121304
0.2996119
4.7599554
36.1884155
153.3172760
245.8398438
348.1748047
381.5035706
300.5751648
200.1329193
126.3486252
69.9648361
36.6509895
18.5227642
26.3908901
46.9821053
61.9414062
67.5720291
60.2961502
44.4647598
30.4827042
23.4064655
18.3158855
7.2106881
7.5240221
37.9752502
81.1299438
75.1891403
34.0288696
23.6079903
35.6415710
41.1854973
39.4138985
41.8373718
45.0712166
43.0138931
33.7574539
23.6598473
16.1079521
10.9861050
9.4635048
9.1101675
8.2428102
8.5018930
8.0786343
5.5977359
3.2126353
2.2585776
2.2460485
2.3337357
2.0158906
0.9771318
1.3316230
4.1722198
7.5826464
8.5614061
9.3347759
12.8954000
20.6026688
32.1754761
42.8294525
49.2958832
54.7334290
64.6201477
74.0805054
69.1582413
44.1416321
45.8586578
194.9117584
563.2555542
884.8215332
827.4242554
497.6474304
154.9993134
96.9577484
209.5392151
635.5297852
791.7836914
687.5013428
594.3713989
427.5797729
207.0382080
98.3045120
66.4890366
24.6127148
71.5921860
282.5914307
554.3251343
610.1712646
518.9277344
450.5392456
470.6333008
518.0250854
545.6041260
685.4326782
1158.3719482
1733.0592041
1928.9763184
1664.3558350
1295.8481445
855.6236572
459.6915283
195.7845306
79.3173828
62.3791084
55.3291435
34.4766388
13.7508688
6.4575539
1.5581706
0.4015423
0.2910463
0.7897804
2.5506182
4.4279127
4.6931310
3.9814138
3.6297793
3.2381525
2.7678871
2.5693886
2.6085579
2.1988969
2.2805529
2.3103340
2.0768805
1.7070436
1.7940196
2.2474968
2.4176204
3.2931550
4.4178042
4.7436152
3.3743401
4.8244352
43.1375313
140.6292725
364.4251099
655.1669312
784.6055298
670.6264038
388.6627502
160.3283081
45.0965271
5.5212765
16.5903015
96.2135315
281.0494080
348.7993164
369.2214050
517.6387939
689.0142212
712.9840088
546.3725586
334.1169434
126.8341217
45.5405006
54.6890373
129.3306580
124.5310593
94.7603455
77.8295059
169.9301453
490.9552002
933.5388184
1296.9226074
1478.6269531
1535.8677979
1659.1877441
1429.1779785
919.9730225
624.5596313
403.5099792
263.6564941
92.2558212
2.7409401
2.1722083
23.6509666
69.8473740
100.1209030
91.4867477
76.9437027
71.9995041
80.9560699
154.0576782
323.0647278
475.2217102
484.5744629
356.6822205
268.7800598
210.6378784
183.2819519
124.2459412
66.5626678
44.9635086
54.1587639
50.8817215
48.2023201
134.0732727
254.2604370
280.4223633
210.3993530
140.3103180
117.8740845
72.5387192
24.9833145
8.4494076
3.7167647
4.3309937
40.9543686
192.6749420
362.0368958
482.8469849
580.5174561
596.2362671
502.4444885
333.3552551
244.5755920
233.4865417
278.4815674
300.3890076
226.6376038
112.9556198
55.8257141
53.5762253
63.0042648
35.7252502
8.4292212
20.9657917
55.1203423
92.2097321
85.2858734
71.2857895
56.3275108
45.8685303
32.8783112
54.7966690
272.0786133
736.2363281
1151.1520996
1164.3190918
841.0046997
375.4527283
159.5408478
221.9063721
442.2819519
712.4460449
709.6055908
645.5461426
448.0540161
224.4918213
144.4641876
122.1628113
66.5502625
35.9703789
100.6466293
193.7176666
281.8207397
242.0738068
176.7846680
127.2164917
107.6376953
140.0676727
232.2924194
385.3922729
632.8963623
905.7056885
1055.9791260
933.3816528
733.7928467
474.4858093
277.3329163
189.8635559
143.5694580
121.9440231
90.7225723
55.0709572
23.3384476
11.0017090
6.2678814
3.8572378
2.5846660
1.0736789
0.5838202
0.7053627
0.6936183
0.7148944
0.3174565
0.2360046
0.3304543
0.4227945
0.5408483
0.6046157
0.6018726
0.5527298
0.5312306
0.5446382
0.4216703
0.5076274
2.0511155
7.9467859
21.8635197
48.7914581
78.6092987
90.8050766
82.3460236
69.8825684
128.6921692
243.9001312
310.2138672
261.5385742
133.1887512
38.6329231
7.5112562
32.3018036
89.9871216
107.5528259
104.3664169
73.8233643
36.3524971
26.1269703
31.1131382
30.3705215
40.2918549
63.1974335
69.5520935
65.3075562
62.4014473
68.1791077
61.6110649
44.7978516
30.5901489
24.1230431
22.2063389
12.5911827
5.4222565
10.4149294
36.1576767
59.3231735
115.3680344
193.3895264
226.5540466
173.6674957
108.6734314
42.8999138
27.5717659
19.6994114
7.6542544
14.9257269
26.8658180
35.7645760
44.6900444
51.2369766
54.6528931
81.2402191
155.6646118
234.7604065
265.5601807
289.8334045
312.0793152
307.2526245
218.8443451
146.4083252
105.3146820
78.1691895
58.5817261
48.7169838
43.7833595
37.4227867
23.0940437
12.2048283
18.5804253
24.2724800
15.7066517
1.9641228
0.7668864
0.6219663
0.2967313
0.3407735
0.2421314
0.2431033
0.2072417
0.2466431
0.3921391
0.5165821
0.3996870
0.3559081
0.4387911
0.4822659
0.5343153
0.6841941
0.6914241
0.4504094
0.3114205
0.3105572
0.3552659
0.3760166
0.4931741
0.6196463
0.5634099
0.4294683
0.4065619
0.4575257
0.4583509
0.4967372
0.4946277
0.5868745
0.5746310
0.5615103
0.5659843
0.3782815
1.4458705
18.3055248
56.4088364
85.1895599
79.1813202
55.6967316
39.4069977
34.3194733
25.0145245
9.4450130
2.9445238
2.0360050
3.3182933
29.8421211
93.0263214
142.1875916
142.9500732
108.3057556
91.8350296
79.6050415
61.8798256
45.8666916
49.8578682
62.5106506
71.4236069
68.9609756
63.5174408
53.0714722
35.9595528
16.8629475
6.4102244
5.7357016
4.0694394
1.8793200
2.1144915
1.8621709
1.9501328
1.4883854
0.6670216
0.3873637
0.4593299
0.5494956
0.5119697
0.4100562
0.3418643
0.4590580
0.7874997
0.8910652
0.6486130
0.3017889
0.3559118
0.3280394
0.3832483
0.4161126
0.4946449
0.5066944
0.4549268
0.4210668
0.4054774
0.4772485
0.4157647
0.5023466
0.6085626
0.7801713
0.8149151
0.5658004
0.4624174
0.4561008
0.3972511
0.4077779
0.6992912
1.2042822
1.3782663
1.1204391
0.6035250
0.2705811
0.2194440
0.3987247
0.4435937
0.4162737
0.4532641
0.6300185
0.7121536
0.6952806
0.5939817
0.5645592
0.6565140
0.6551446
0.5266388
0.4258923
0.4435520
0.6180750
0.4974847
0.3232858
0.4285464
0.5579280
0.5875115
0.7199312
0.7985836
0.5667701
0.4391573
0.4796797
0.5129932
0.6871543
0.8131977
0.6172038
0.4935908
0.4935908
0.5643650
0.6717607
0.6500037
0.5459641
0.5855918
0.8905857
1.0821625
1.0236703
0.8650922
0.8950977
0.9486572
1.1996229
1.7641219
10.3995361
37.8759041
71.7234116
86.9881592
80.1063614
73.0936966
102.4277496
190.9018860
258.2967834
285.3374634
351.6863403
490.2639465
626.0474854
696.7603760
601.1829224
413.3085327
252.7315826
114.4348068
89.2257080
104.0339584
40.7171021
22.5470772
51.4938850
67.6596222
133.2327271
261.0736694
329.1305237
282.2308044
208.5534210
182.2968140
277.5839233
361.0058289
287.2498169
133.5485229
31.0976696
10.1525784
4.3455887
5.3360729
14.8990211
73.2736816
132.8790283
173.9172058
171.9215546
135.1368561
73.8738251
17.3409386
2.3041263
1.8900901
2.2729568
4.2347589
9.7430019
11.0351629
40.2497940
144.6371307
261.3041992
311.3601074
306.2941589
290.5505676
225.9011993
171.8979187
138.0610809
104.0159683
48.9070663
15.2976885
9.0396976
16.1007977
12.7860546
12.3776274
15.6399736
13.2921085
7.0662041
2.8545854
1.3212482
0.6471611
0.2389087
0.1401874
0.2339570
0.4138241
0.7870880
0.7709506
0.6046554
0.4301716
0.4753897
0.6632632
0.7781250
0.7925837
0.7465900
0.6297676
0.6187299
0.5747786
0.6944287
1.0620204
0.9832845
0.6571790
0.5645116
0.9019165
1.0819784
0.7962121
0.7107861
0.6031948
0.6210302
0.7166985
0.6744128
0.5698283
0.5465940
0.5069317
0.5219901
0.5415505
0.4506060
0.6149856
1.0147234
1.0879912
0.8671653
0.7166408
0.5851423
0.6578877
0.8053858
0.8703436
1.2868240
3.3359649
19.7211990
54.9535370
84.9151230
91.7544861
96.9592972
119.9687958
163.4745331
207.0903625
244.8360901
268.4018250
273.1875610
184.8878784
115.8078308
129.2335358
187.7133179
212.6717224
182.7220306
125.3235245
95.1405792
18.2122631
1.2388980
6.4132171
57.9238892
136.1087036
148.8473816
117.4674988
71.4037323
37.1539497
21.3160515
22.7500992
82.7896347
282.6388550
542.4538574
691.5494385
632.6408691
520.5952759
317.0849609
131.4957428
12.6370668
0.2584557
0.2341988
3.6076369
12.4718981
7.6873899
0.3512079
3.3138485
85.2743378
259.4188843
383.9344482
364.3554688
247.0716400
183.8058929
114.9450073
53.3044815
28.1056232
19.8711548
19.5128803
7.2521467
13.3883400
17.8354168
20.0198383
17.0814762
10.4795055
4.7736335
1.7956136
0.7767572
0.7557578
0.8487005
8.2979393
31.0543289
67.2944260
107.5893860
131.4773865
124.1100998
89.5856781
63.9820099
27.4579468
10.2640543
8.8054085
9.5024881
34.5235596
144.8313904
260.7511292
311.7119446
277.5397949
218.3098450
144.3668213
72.8165359
37.9172096
16.5344543
14.2392254
24.8957863
45.5812836
52.4209061
38.7344284
23.3368683
13.0059242
4.4789772
2.4802258
6.9812260
6.8721747
8.6460705
13.7868309
15.2836132
13.1536217
10.1227217
8.1991787
6.6428747
6.2349482
6.4194899
5.4600325
3.7486520
2.0760446
1.0665751
0.5622541
0.3127404
0.1891203
0.3515798
0.4452728
0.3543662
0.3330082
0.4758503
0.5939960
0.6472737
0.7023638
0.7110255
0.6520072
0.5378745
0.5325194
0.4999268
0.4330797
0.3267295
0.2667363
0.3707660
0.6234437
0.7513071
0.6881940
0.6204916
0.7635819
0.9701271
1.4983851
2.2657385
2.0536861
0.7701591
0.3105008
0.3928423
0.4877893
0.3919970
0.2983505
0.3169509
0.4103598
0.5863571
0.6027704
0.5322654
0.5914904
0.5614774
0.5682434
0.5480792
0.4487737
0.3326662
0.3997576
0.4529593
0.5002113
0.7646597
0.9612001
0.7300708
0.6568964
0.7041429
0.9385027
0.7914912
0.5192269
0.5000116
0.5383821
0.7129373
0.8961386
2.8343472
74.5747757
282.3923950
507.2847900
571.5393066
413.8096619
185.8723755
64.9961243
47.8099518
59.3203812
41.1119804
8.1891003
7.0606828
22.2624931
40.0697098
48.0350723
36.2498550
22.2550392
5.7234058
1.4203463
30.0547848
149.3249512
257.0545349
255.8523254
199.2840729
120.5301285
82.2613983
138.2081757
190.9827881
145.0772095
78.5611115
37.2088661
30.5626221
57.4683113
114.8079681
125.2791748
77.0636749
58.9005508
44.2990494
21.6243553
26.9831505
27.1964779
16.6592121
7.5086517
5.4656272
15.4559517
46.0257454
69.7003098
62.6832619
50.8546982
49.6130905
45.5539932
36.5836792
62.7993927
130.1398773
170.5094910
148.8383026
113.1264877
79.7126617
41.8642197
16.0946407
5.5639014
14.4789448
24.8911476
16.6542168
7.0680647
4.6454239
3.5298626
2.2916231
1.6806524
1.0594337
0.4640384
0.1358061
0.1665445
0.3448758
1.6104845
3.7344594
6.0765433
9.5539103
14.8216858
23.3008518
33.8643379
41.1641312
44.3266983
42.0523300
33.6795197
18.6311302
7.2282567
3.5481155
2.6917100
2.4117265
15.4125252
95.8117371
191.7916870
258.7511292
312.7549744
326.6997681
248.4356689
89.2310562
75.5497208
258.7386475
714.6203613
1659.0917969
2693.7932129
2628.4375000
1302.7810059
551.6857300
291.2162781
122.6251221
155.0391846
434.9713745
566.4403076
735.5739746
743.8355103
456.6329041
197.5647888
137.2761078
86.3686829
47.1697540
46.5290337
9.3691416
1.2283608
3.2297897
19.3228397
34.2376556
33.2199821
33.1654854
37.9421120
42.3305511
37.6556282
23.8959141
10.8795404
2.3425791
1.8173145
21.5948849
124.2906799
272.6916504
357.6965942
372.0546265
337.4721680
274.8374329
225.4569397
138.4378967
79.8036423
42.2883873
28.8341331
19.8166428
14.5817871
67.9580688
438.8599854
1086.2459717
2087.7265625
3397.9428711
3587.4853516
2208.2343750
1010.9709473
809.9973755
634.9251709
844.2565308
826.1757202
268.6467590
47.2344933
8.2393398
2.0607018
1.3261601
64.8374481
412.8078308
697.4552612
706.6917114
402.3278198
150.0593262
80.9634399
67.1017838
54.5392265
228.8978271
409.8848877
290.1512756
195.8119507
147.3191071
226.5133209
293.1459045
191.6998749
88.5442047
50.4364929
33.5835266
24.9526291
30.0812798
59.6228600
110.1785507
295.5363770
544.5569458
663.9938965
596.6963501
514.4178467
426.3504333
326.9277344
210.9859467
117.5475845
73.5977020
27.7703209
12.7774868
12.0140724
4.6203728
7.2296510
11.2663651
21.5047245
30.3877735
28.3441315
15.7133751
5.4355116
2.6767838
2.6602197
9.4591827
77.8931274
194.4234924
269.8684082
245.8003845
169.0775146
90.9333115
43.3638954
86.0814438
217.9073029
539.3802490
770.4526978
738.4943848
416.9135132
151.0363617
68.8105316
100.2403412
95.7029495
38.4150276
7.4734993
4.9142165
51.5720444
205.6115265
357.3664551
345.3255005
218.6823730
154.1761627
179.7805786
367.7252808
498.7486877
560.5167236
349.4790039
111.7821655
73.2965469
64.7039261
33.5071526
24.7203941
73.0796356
314.9753723
1298.9035645
3420.3090820
4938.1269531
3777.0922852
1038.3959961
529.3455811
632.4516602
805.2864990
528.9210205
557.0332031
867.1025391
861.6116333
441.7697754
197.1447449
29.5175114
5.0916929
97.1197739
458.5196533
880.3293457
971.5409546
960.7043457
893.2121582
789.4637451
596.1830444
664.1876221
635.9489746
424.2712708
286.2338562
278.0131836
325.3292847
276.9467773
167.7377777
126.6014481
173.0191040
292.4372864
460.9708252
645.1510010
637.9882812
435.7673645
205.0843353
103.8087692
59.8711777
25.0385799
11.4894228
5.7484107
18.8666840
68.0083084
88.6106491
75.2107239
50.1134605
33.1419754
26.9012451
14.8042936
12.9335194
64.4317169
303.6340637
695.7731323
918.5465698
739.8379517
344.9210815
76.7269135
22.8514671
9.2253456
5.3653998
13.8013935
29.6703777
14.9082689
2.1705432
0.7724266
23.7820873
177.0144348
456.6186218
752.8045044
1024.9884033
1257.0568848
1437.4962158
1414.4748535
1101.6842041
765.0377197
540.2214355
266.2216187
1017.5111694
812.0114136
287.0593872
68.0225449
15.2133389
0.7627755
13.5162268
148.5415039
343.5245056
437.6550598
453.3207703
561.8759766
917.4013672
1240.0426025
1273.2764893
963.3548584
516.1359253
150.9415588
18.8855515
2.4752371
8.1206503
78.4270630
156.5364532
145.0849915
126.1011429
160.0523071
205.9535217
252.0359497
294.8157959
284.7134705
290.4082947
287.5074463
232.3075714
159.6166382
95.6624146
49.6229515
31.8020401
29.0955658
13.7879181
3.4393401
38.9713554
108.4993286
138.0322113
100.0108414
69.4348679
123.5858994
161.8680725
123.8999252
54.0234566
18.8252983
9.9551592
10.2053499
9.3265152
9.9473190
13.9635963
24.3974171
25.9530792
20.6152115
15.1130610
11.8749123
12.6571732
12.1229734
9.9574137
7.8087158
6.9655437
4.3100119
1.6224444
0.7287920
0.3526818
0.4139282
0.3564135
0.2687793
0.2761294
0.3108180
0.3282481
0.4380862
0.5688513
1.0219839
1.2347245
0.8234789
0.3686216
0.2423869
0.3706009
0.5290140
0.4518443
0.4398861
0.6351489
0.7872066
0.6789296
0.4169335
0.4381178
0.3809818
0.4578114
0.4399208
0.4005499
0.5441953
0.6675123
0.6529507
0.5701401
0.5781649
0.4654223
0.4433086
0.4876665
0.4780416
0.4378048
0.4290174
0.3600745
0.5070220
0.7294283
0.7853196
0.4795002
0.2916610
0.3569577
0.5080456
0.5580710
0.5105593
0.5181262
0.4612075
0.4284760
0.4319634
0.3265508
0.3592544
0.4901615
0.7169976
0.6379462
0.5057251
0.4113181
0.4281820
0.5562099
0.6210177
0.5425801
0.5463245
0.6694999
0.9453607
1.3280810
21.5263233
81.2155075
131.4369812
117.3488312
56.6237488
29.1976719
19.9464684
12.5705624
17.3514938
16.4978142
40.6044388
95.9426422
182.5403748
295.8028259
418.3984070
507.2361755
530.5957031
476.9508057
353.7603149
186.6273193
68.9904480
10.2124519
6.8133707
0.4584258
0.1271513
0.1737503
6.6344113
28.4447784
58.6299744
75.0722809
60.8313141
30.4502964
12.6104479
6.4427853
3.4143355
2.2984066
0.7982339
1.0045254
0.8318887
0.8437710
0.4949771
0.4252102
0.4487987
0.7532629
0.7860818
0.5610366
0.4669693
0.6049844
0.6523608
0.4911616
0.4270623
0.3953001
0.4078432
0.4583410
0.5039450
0.4521488
0.5470611
0.6349995
0.6168607
0.4492108
0.2905312
0.3060045
0.4763310
0.5701712
0.5730237
0.4751405
0.4260679
0.5561992
0.6020154
0.6338598
0.5960979
0.5984541
0.5983969
0.5049390
0.5459697
0.5113367
0.5574106
19.5992680
116.1440735
261.8179016
316.6143799
218.8311310
115.2326355
24.4255276
17.3755112
13.2648849
5.0431991
1.7519248
7.1839151
60.2434120
142.5010376
189.1841736
212.6495667
242.6546021
300.3500061
343.5081482
309.8534241
182.4271393
41.5404816
3.6157222
4.8308964
37.6990280
94.4129944
134.7366180
132.0690308
145.4083252
171.8004761
163.3880768
103.8806763
42.4320221
112.2813034
288.6640320
325.7475891
255.5270081
201.5196381
162.0789032
151.7228241
102.2953339
25.7385159
10.5755157
65.7061234
195.7786102
287.1582642
267.9883728
196.9575348
213.4300690
247.3139343
243.3141937
243.3069458
241.6720581
189.1226044
77.8868637
72.4231110
28.8310280
26.3850517
18.7580967
13.5801086
12.1438112
13.5355930
16.1042595
12.8390627
5.5935307
1.7252051
0.6216005
0.3885805
0.3393462
1.2900186
2.3498156
2.0860059
1.4813418
1.3600318
1.4505827
1.6295857
1.6873831
1.6288512
2.0747154
2.5031893
3.0275972
3.0930743
6.3362556
41.0159073
95.7247467
116.6241379
89.1718445
53.7952309
46.4409523
61.2424545
107.6996765
117.3125992
91.6740112
122.6025543
313.5050049
549.5992432
644.2515869
514.6126709
401.4519348
354.5931702
280.5442505
120.1925049
15.1916742
1.7362772
0.1276725
0.3201009
12.8610687
62.7415695
166.3172455
293.0444031
378.4393311
469.6238403
617.5090942
848.7930908
1070.5841064
1011.9106445
781.3794556
542.8461914
386.1490173
231.9559631
119.7860413
67.1744003
46.8117027
31.1562443
18.6693535
16.2805386
16.7601070
22.0373383
18.6776237
9.4270477
2.3890839
0.7673280
6.6339493
34.6686172
43.6325684
15.0776577
1.2693219
0.4949230
0.5257067
2.4080184
7.4843712
9.5764704
10.9996843
11.6411190
10.8947449
9.4003401
7.1913285
6.1161842
5.9554510
5.0237527
2.5336955
1.2781957
0.7100193
0.9015811
1.1395854
0.9363467
0.3109789
11.3351440
109.8165817
274.3289185
396.9400940
491.8761902
650.3441772
807.7563477
825.6610107
676.5554810
360.9718933
109.7249222
17.7770786
1.2396202
7.6885333
52.9592934
98.0187836
100.4659195
107.0172119
93.1996841
79.4729996
128.5060120
177.3687897
152.7172241
106.4889755
98.4193954
87.0993042
51.7580528
16.2495499
28.3745918
90.4680405
131.0784607
126.1837692
113.3828201
102.1335068
51.0330200
27.7604389
30.1874886
26.4383163
39.7601471
78.8996887
103.6200333
94.0894470
97.1125946
146.5054779
219.8018951
255.8060455
206.7075653
158.9644318
166.3685303
192.3157959
194.2277985
187.2454681
194.3198547
171.6751709
111.0365067
45.7078590
24.1115913
12.0414076
7.8148732
16.7641411
15.8564272
20.4485741
69.0633316
170.0661163
262.8564758
262.2368469
210.2090149
164.1598816
186.0706787
200.6236420
133.3031616
92.8558044
67.6021271
43.5028267
28.2204609
16.0257435
7.8133445
3.0459788
0.7859903
0.7135158
1.7579499
4.1798992
6.9174929
8.6436291
7.4704084
3.8355794
1.2943442
0.4114093
0.2391581
0.4234953
0.9527668
1.8207145
2.0895774
2.0345824
2.1375620
2.0233481
1.9382871
1.8907499
1.8603766
1.6783993
1.5043151
1.5012451
1.7244743
2.3299437
2.8261216
3.7734609
4.6996775
4.8662133
4.8223715
4.8161478
4.2797561
3.0354424
2.1601226
2.1397574
1.9318891
12.6651220
131.2428741
334.7999878
440.2853699
336.8023071
139.6035614
39.9483643
22.0718327
9.4006481
3.3753681
8.1437445
40.9215698
124.9466858
189.4060059
197.7385406
162.6739807
94.0375137
51.4697762
41.9961281
50.2062912
66.2815704
51.5821114
32.8544617
38.5783386
58.5376587
72.4447021
64.7309036
62.1683540
67.1419220
59.0986481
28.1951618
3.2757158
0.2354985
0.0301546
66.5254822
499.7934570
1218.8742676
1768.8690186
1683.3781738
1083.7305908
449.6954651
237.3375092
201.8043976
199.2080383
206.7925415
167.3054047
87.5889664
34.9417458
22.5421352
26.3116798
40.7583542
57.0476341
52.3594475
34.0752258
24.0577831
22.2937050
19.0117722
14.5364523
12.2041492
13.3520613
18.2049942
16.8449039
8.5347843
2.7411680
0.9945682
0.5503953
1.1252251
2.7696431
4.2618618
3.9225717
3.6595659
3.8511956
3.8279517
3.5503957
3.3124530
3.3583000
3.3186312
3.7921472
4.7545161
5.4508262
5.6138759
4.8268275
4.4513783
4.8216772
5.4395218
5.7151637
5.2606182
5.2912107
5.6812129
5.7640400
5.1719475
4.0743260
3.3635249
3.3212485
1.9622639
4.4842129
121.3007507
390.0737305
607.4701538
632.1542969
480.8530273
271.0619202
103.4959641
21.9134331
6.4717541
6.4757729
79.1476898
334.0138855
519.0358887
547.3526611
438.2067566
237.2286377
65.2873993
14.6030903
18.0024529
59.6554260
81.9634323
47.9575119
5.0772605
1.5695467
3.0947196
3.2470181
1.2560697
1.0244645
1.6565063
3.6812117
54.7160339
519.6364746
2170.4387207
4477.6513672
5970.1000977
5981.3828125
4953.1972656
3755.7585449
2756.0937500
2311.6494141
2243.6037598
1991.1373291
1835.6298828
2077.7871094
1043.2987061
257.0557861
131.7530518
251.1327362
409.4285278
554.4215698
561.8483887
486.8730164
293.3390808
130.0029907
131.9864807
165.1489105
96.3916855
40.3828087
89.9340515
287.4223328
474.4854126
350.8852234
205.4189758
121.9076843
134.1379395
76.7769928
72.8029022
173.3549957
296.8782959
232.7124786
156.0138855
135.4981689
94.4181137
39.6001587
28.2877140
66.5226288
331.2710571
449.4434814
393.9068604
287.1456299
167.3094025
206.4124756
111.4809113
61.7106247
84.9682693
177.6377258
214.2568817
142.4432831
107.2060318
52.6980858
21.5518589
6.3944740
15.0357914
108.5831757
227.5258942
275.5751953
263.2922058
228.8825531
177.3881989
120.1102524
87.9418945
50.6863098
113.3188324
96.3620911
109.9133301
80.2955170
25.6259060
15.1026745
184.7193909
629.9286499
908.3958740
671.8814697
141.0803070
25.6435661
3.1195366
0.0893262
0.0441160
20.2233276
164.4663544
383.2556152
570.0408325
586.0006104
448.5367126
348.0061951
307.6518860
423.8904724
836.4801025
1005.4682007
645.1597290
223.2994995
33.6392555
2.4493704
0.3597939
12.4731789
124.9216919
237.3236542
279.1789551
366.5121155
420.0525818
343.0957031
299.6342468
265.3037109
241.0374298
191.9376373
174.1990051
145.8428802
98.5507965
29.3607330
20.3810768
90.3961258
169.6769562
172.6434326
129.7966309
89.6996536
65.7400055
37.4693069
21.2091408
16.1879883
19.2803173
38.6201477
113.0553665
284.2500916
480.6588440
559.1132202
514.1494751
366.0530396
176.0664368
56.4448929
30.1975365
30.7514973
29.1690426
24.7351761
28.6984673
32.7923431
20.7041168
7.7579861
20.8398151
34.8579674
19.7509613
1.0340096
0.1129944
82.1200790
459.5576172
1023.4988403
1757.9459229
2747.6806641
3174.3950195
2384.7363281
961.0336304
543.8047485
329.6872864
184.7963867
76.7180939
55.0378113
70.9776688
72.5236053
44.8241196
41.5750275
59.4699974
73.8418808
71.7659607
65.3598022
50.7633438
30.3095570
18.5187683
10.2400532
2.0602946
0.5152600
0.1433654
0.4378039
1.4136356
2.7308719
2.1931970
1.5472745
1.5182738
1.5271900
1.4569055
1.3270519
1.2956688
1.3047889
1.4229271
1.6238682
1.5673445
1.1665593
0.8022290
1.1800209
17.5334454
116.1145020
307.2688599
468.6198425
446.3178101
236.4396362
73.8738785
57.2760277
61.5305328
116.4684296
189.1922760
173.4471741
134.7121887
154.3177795
253.5518646
337.8042908
334.2761230
232.7427826
129.9196777
73.2696533
51.3914604
26.9348183
35.5591393
91.8965912
154.5898743
138.1426849
87.7354279
86.4590149
98.3866425
114.4628525
152.0372314
192.2528839
227.1293335
260.9036560
250.6989746
196.1324768
150.4854889
317.4748535
540.8046875
577.9766846
499.6065063
377.5238953
300.4420471
156.7942352
67.7742004
37.0808716
39.6495667
34.9480247
30.2844582
10.4865971
2.5036902
1.0227475
0.6464772
0.5584040
0.6147875
0.7952788
0.9693241
0.4430229
0.2492122
0.3172469
0.5346973
0.5124739
0.3453974
0.4607885
0.5848078
0.5642923
0.5387992
0.4694204
0.6427575
0.9696075
1.3308464
2.2731960
2.9422183
4.1501789
37.9555626
136.2541962
239.0479889
251.1055450
158.0003967
80.7289734
39.4346046
43.8564682
57.5707130
65.6943436
94.3343811
101.0152512
69.8423920
68.0670013
65.5935593
124.2673340
186.4715576
167.6149139
116.7127228
68.1568451
50.1009903
23.5670700
13.0055456
10.0310087
9.5781860
34.8470230
89.8902283
120.7638855
91.5742340
54.9969559
53.8501587
50.1156616
31.3503628
14.8746452
31.0448875
88.3441162
149.8765717
150.5547333
115.2851562
80.2819138
46.4134941
21.2136173
8.3375025
7.1539135
6.0476923
7.5979352
7.3483219
5.2869630
3.6218805
3.5185831
2.7593122
1.8611925
1.4068973
1.3508368
1.1103183
0.8240398
0.6822052
0.5187666
0.3680462
0.2800494
0.4551631
0.4372003
0.3650200
0.5707328
0.6047059
0.7231424
0.5358381
0.3441001
0.3291798
0.3668095
0.4493979
0.4882498
0.5677865
0.5198248
0.4582781
0.4886588
0.4470261
0.4094989
0.6172063
0.7885281
0.8860868
0.8046454
0.6154610
0.5533888
0.5163012
0.6533189
0.6514612
0.4092367
0.4244801
0.6042820
0.5676941
0.4130592
0.4076353
0.3749119
0.5169139
0.4901826
0.5067164
0.4829777
0.6133642
0.5642861
0.6430395
0.6689151
0.7492231
0.5387872
0.3990005
0.4830029
0.5820806
0.6098548
0.4834967
0.4020804
0.4290666
0.6704479
0.8983177
0.8948696
0.6200509
0.4638402
0.5179522
0.6093172
0.7936221
0.5895103
0.5861627
0.7191244
0.7798000
0.6013661
0.5590487
0.5442451
0.5554423
0.5696986
0.5124443
0.5430999
0.4153601
0.4243622
0.6052675
0.8527966
0.8255900
0.7024529
0.5412932
0.4529215
0.4295188
0.5271766
0.5594248
0.4956553
0.4823156
0.4362820
0.4080740
0.5507901
0.7413037
1.0051415
1.3343208
1.2689407
0.6648172
0.4583338
0.5446420
0.7277625
3.8652887
20.0875740
43.1925278
51.9508972
40.9502945
29.3687420
26.3432655
30.5907879
35.1825066
41.5513344
64.8253708
67.6066208
55.2103348
51.8417130
32.7479668
9.2309399
1.4681823
3.4949906
28.3380928
78.0868378
109.4914780
107.0571442
130.8455963
187.1701050
222.3323975
206.4963989
135.3044739
54.5308456
19.5230846
20.7842846
23.9763813
29.8197021
23.6829739
29.3884850
55.8242340
75.3106232
88.3776703
93.0282364
67.1483536
25.1880283
17.5939159
62.3820000
213.2103119
375.5653076
417.9915161
405.1922607
411.2383423
411.6664124
344.2085876
236.9290771
124.9239426
39.1668777
14.5286598
33.7013550
102.5746231
167.5477905
139.1637268
101.8318253
65.7754593
23.4581261
12.8220377
11.9678068
15.2716408
10.7870483
6.3924208
3.9616623
3.3056498
3.4044461
2.4542198
1.4739299
0.9823041
0.6420941
0.4651845
0.4187123
0.5141371
0.4853019
0.4794477
0.4324028
0.4987065
0.4806226
0.4001506
0.3927849
0.4096520
0.4452552
0.3828495
0.4420076
0.4409345
0.3939039
0.4024808
0.3916739
0.4906478
0.5824701
0.5944619
0.4781170
0.4036124
0.5109173
0.4995084
0.5486019
0.5836893
0.6178318
0.5250450
0.4173353
0.3890152
0.4825787
0.4816498
0.4143198
0.4052055
0.4186448
0.5001233
0.5717981
0.6698288
0.5866837
0.4953294
0.4396754
0.5266960
0.4943188
0.3733982
0.3203077
0.3941618
0.4019354
0.4896280
0.4059610
0.3479403
0.3815866
0.4266679
0.4231294
0.4976522
0.6216417
0.5426204
0.8875369
2.6316319
8.1145382
21.0482330
48.6859055
79.9753799
84.3312225
53.4596825
23.9115238
12.4783525
27.9871254
82.4777374
139.0457916
141.3828583
97.4506607
61.9243546
36.1698227
28.1381912
20.3062153
16.0796204
33.5188522
87.9155807
97.9685211
57.2279892
15.7353897
7.3065996
2.0336637
0.2384106
0.1479105
0.2954791
17.9415455
227.6350861
632.2724609
887.7715454
745.8390503
396.3051758
322.1385193
338.7995911
456.8972473
468.7545471
337.3015747
156.7054901
88.8242874
74.9659424
61.2028923
42.1238251
32.9952164
28.2226295
23.8687668
19.2255173
16.5855713
26.4214497
49.8778801
55.2938728
28.9039211
6.1472940
3.1215427
2.8924961
1.9212705
1.1265391
0.7052434
0.6995707
0.4096874
0.3859865
0.3582673
0.3340023
0.3177101
0.4158020
0.5594570
0.6629890
0.5173470
0.3477431
0.4258227
0.7095212
1.1374058
1.7340876
2.1790895
2.4675748
2.4397583
2.3694482
2.3120923
2.7463264
3.3986020
3.9420846
3.5870323
2.8797503
2.3449826
2.2028716
2.3656657
2.1397943
1.5878961
1.2335687
1.0867139
1.0516531
0.9470092
0.6044883
1.0397613
13.6364336
41.4705124
109.0746918
211.6456757
249.2577667
162.6757660
56.4548836
17.5972252
12.4746408
8.2238541
11.4315300
57.5991707
115.9509048
116.2181702
68.5620651
23.7125206
5.6660891
2.2342522
25.1001091
81.3173370
88.1499481
55.4603043
85.4982986
154.0957184
220.4722748
208.1744690
127.2832413
35.5868149
2.7395549
1.5061165
12.6882896
40.6414642
48.4184914
67.4141922
98.1264877
101.9444351
81.4114380
58.1357269
38.2020111
27.7448864
28.9308205
28.2007275
39.8345184
96.4384155
125.3300018
94.9340210
80.9255142
88.3111801
51.3174934
16.8860397
12.4972668
9.0957174
3.0074682
1.2057201
0.7691783
56.2468643
282.6633301
626.1185303
872.7592163
877.5239258
629.0194092
257.4302368
74.8538971
26.2998142
14.2174129
38.0194359
75.3665085
158.2231445
261.1563721
393.7627563
487.7893066
467.3593140
410.7609863
384.2389832
462.3277283
667.3795776
661.5328979
483.8159485
306.5357971
163.5284424
70.8527832
38.6558495
114.7377930
500.1085510
674.7097778
600.1170044
717.8839111
1130.7445068
1550.4575195
1342.6894531
831.2868042
348.8280334
180.2550049
63.6607285
44.7321510
91.0010910
177.7417755
263.0150146
372.5837402
584.1237183
782.2362061
882.2058716
1092.2993164
1275.2573242
1250.0605469
956.2979736
680.8446655
412.8818665
257.0708008
166.2271881
83.3530045
35.4660492
181.3586121
405.9593506
502.7474670
421.3950500
396.7617493
373.6368408
380.1778259
381.4087524
287.0652771
151.8316193
79.4478836
46.6292381
26.4199333
10.2974758
1.8532463
0.4338880
0.2094054
0.3611592
0.3981459
0.4025882
0.4162155
0.6634887
0.6572212
0.7089159
0.7115047
0.5813050
0.5860547
0.5419065
0.4029622
0.3810646
0.5786415
0.7301593
0.6423856
0.6330603
0.6395962
0.7160629
0.6039991
0.5535566
0.6517901
1.1963756
16.9276466
88.3517838
250.8251801
451.8380432
564.2362671
551.9472046
419.4084167
315.8001404
146.8153534
270.9227295
697.2455444
1179.2369385
1310.4763184
1115.6406250
812.8232422
603.8645630
507.7158508
492.4390564
202.3673248
97.1876221
50.8351288
22.4280128
49.7867661
141.7378540
254.8127441
348.3937073
485.8805847
673.0388184
734.3331299
677.7157593
631.0214844
701.9979248
575.9735718
307.1756592
126.8597641
47.2678337
57.4715614
58.1745148
56.8015594
145.5919495
370.8761597
559.1611328
601.3114624
495.0491943
330.3454590
199.8254547
87.2428360
200.4687347
252.0563354
196.1371613
152.1787109
116.5691681
90.0857925
85.6816025
79.4491730
69.9369812
34.4471741
80.0872650
497.3609314
1227.5598145
1821.1763916
2170.3154297
2601.7109375
2692.7985840
1864.1740723
830.1462402
470.5180664
307.2287903
257.9121399
288.6630859
225.5965424
125.9177856
27.1740551
1.0472531
1.4385401
17.9157448
36.5714645
37.6870422
14.8911486
3.6466455
0.7888072
0.1689680
0.1320449
0.6012937
1.2173439
0.8442457
0.6363304
0.6877992
0.8496495
0.7952350
0.6017201
0.7035173
0.9277221
0.8054708
0.5701361
0.4442014
0.4298611
0.3884028
0.4018268
0.4380328
0.5162917
0.5672519
0.4804385
0.5171518
0.4904211
0.5175017
0.6298295
0.6199453
0.4993067
0.3785642
0.2984695
0.3087923
0.3412505
0.3718478
0.3874303
0.4388143
0.4520846
0.4429019
0.3791265
0.3745029
0.5150874
0.7151901
0.9104924
0.7776024
0.3914116
0.3657740
0.4717728
0.5222770
0.5478778
0.8064513
1.5869390
4.3250351
12.9033737
33.5642624
75.5714111
128.0314331
157.0932617
156.9412994
165.7535400
222.0247955
313.8851318
514.6580200
847.5156250
1014.1133423
903.6031494
719.6875610
701.0007324
652.0908813
600.9365845
487.1778259
319.4154663
169.8508148
74.1220016
27.7505836
14.0138016
5.9581671
5.8362770
13.6217346
13.6635847
9.0272713
12.9457436
30.1449070
39.8132477
25.8395348
6.8991423
2.3674579
1.3325090
0.9933031
0.9193166
0.8883772
0.5133319
0.2815231
0.2723946
0.2200969
0.2567580
0.3232222
0.3644580
0.3425050
0.3315861
0.2760500
0.3205295
0.4813738
0.5474824
0.6269395
0.6095428
0.5391520
0.3888179
0.4767391
0.6248922
0.5403955
0.3431658
0.4012429
0.5271449
0.6301044
0.6541814
0.6982785
0.9431999
1.4062108
1.3996788
0.8767254
0.4778258
0.3119443
0.2704538
0.3593648
0.4534743
0.4452932
0.3804220
0.3213209
0.3769946
0.4209817
0.3661982
0.3049172
0.3860372
0.3954524
0.3824546
0.3689295
0.3363836
0.4141203
0.4210285
0.3936138
0.3996779
0.4906739
0.5342985
0.4196439
0.3948615
0.3535614
0.3241086
0.3249854
0.2759815
0.4280060
0.4866128
0.3418388
0.3563143
0.3061898
0.3082741
0.4159530
0.3759565
0.2680068
0.2650398
0.3398777
0.4372319
0.3638517
0.4131005
2.0300777
13.4108591
54.8010635
134.1368561
195.0899506
165.9363251
65.8638840
16.2912216
10.5144653
7.4522991
13.0191164
89.9720306
256.6563110
426.7986145
458.9513855
263.0847168
71.0320587
68.7972107
84.2649918
71.3114548
45.3034935
30.8953285
50.6609650
72.0962601
34.8855057
5.7664652
2.7565856
42.7468643
317.3674927
812.1352539
1242.4006348
1298.2983398
1080.9560547
736.4086304
404.3937683
170.5866394
83.6287079
64.7178726
35.3815498
26.0078278
25.7360096
20.7319221
12.5228920
3.1640084
0.9350548
1.4231163
13.6203775
32.9072952
40.2829170
31.4395676
17.8414841
10.2215309
5.3290482
2.3815014
1.0995693
0.5283364
0.2871421
0.1307989
0.1611170
0.3220628
0.4166655
0.4667938
0.4255790
0.5289463
0.5357699
0.5163944
0.3723873
0.2582927
0.3118700
0.4722783
0.5605518
0.4241260
0.4133351
0.5206355
0.5533265
10.1903439
42.7509193
77.0733948
79.9521027
51.4265213
39.5394669
52.9587288
61.5467491
49.1895447
39.1686134
49.0898972
64.5249863
76.8712921
73.5615540
55.4811592
31.9915791
12.6368027
21.2046242
72.9079132
161.8728180
157.1135254
98.3977966
55.6447144
28.6733017
25.2011356
44.9809723
63.0471878
67.8952103
70.5149460
78.2249985
65.8264465
34.3916092
11.8890610
3.1520398
2.2348049
9.6299915
34.8872795
58.8324509
83.4177551
108.2257690
112.2303009
85.5116501
56.3284645
37.4125366
22.0000935
13.4659414
18.0537643
19.6433640
15.0202694
14.9564056
18.4025517
19.0497303
16.6921940
15.8060942
17.8089924
21.4327259
23.2621765
19.3519135
10.7700520
3.6138182
0.6896556
0.2114572
0.1063892
0.1633393
5.5938625
12.1819363
10.9267845
3.7424066
0.4514905
0.3727592
0.1723884
0.2297510
0.3259876
0.3021118
0.1585385
0.0329050
0.0007612
0.0001417
0.0000000
0.0000000
0.0000000
0.0000000
0.0000000
0.0000000
0.0000000
0.0000000
0.0000000
0.0000000
0.0000000
0.0000000
0.0000000
0.0000000
0.0000000
0.0000000
0.0000000
0.0000000
0.0000000
0.0000000
0.0000000
0.0000000
0.0000000
0.0000000
0.0000000
0.0000000
0.0000000
0.0000000
0.0000000
0.0000000
0.0000000
0.0000000
0.0000000
0.0000000
0.0000000
0.0000000
0.0000000
0.0000000
0.0000000
0.0000000
0.0000000
0.0000000
0.0000000
0.0000000
0.0000000
0.0000000
0.0000000
0.0000000
0.0000000
0.0000000
0.0000000
0.0000000
0.0000000
0.0000000
0.0000000
0.0000000
0.0000000
0.0000000
0.0000000
0.0000000
0.0000000
0.0000000
0.0000000
0.0000000
0.0000000
0.0000000
0.0000000
0.0000000
0.0000000
0.0000000
0.0000000
0.0000000
0.0000000
0.0000000
0.0000000
0.0000000
0.0000000
0.0000000
0.0000000
0.0000000
0.0000000
0.0000000
0.0000000
0.0000000
0.0000000
0.0000000
0.0000000
0.0000000
0.0000000
0.0000000
0.0000000
0.0000000
0.0000000
0.0000000
0.0000000
0.0000000
0.0000000
0.0000000
0.0000000
0.0000000
0.0000000
0.0000000
0.0000000
0.0000000
0.0000000
0.0000000
0.0000000
0.0000000
0.0000000
0.0000000
0.0000000
0.0000000
0.0000000
0.0000000
0.0000000
0.0000000
0.0000000
0.0000000
0.0000000
0.0000000
0.0000000
0.0000000
0.0000000
0.0000000
0.0000000
0.0000000
0.0000000
0.0000000
0.0000000
0.0000000
0.0000000
0.0000000
0.0000000
0.0000000
0.0000000
0.0000000
0.0000000
0.0000000
0.0000000
0.0000000
0.0000000
0.0000000
0.0000000
0.0000000
0.0000000
0.0000000
0.0000000
0.0000000
0.0000000
0.0000000
0.0000000
0.0000000
0.0000000
0.0000000
0.0000000
0.0000000
0.0000000
0.0000000
0.0000000
0.0000000
0.0000000
0.0000000
0.0000000
0.0000000
0.0000000
0.0000000
0.0000000
0.0000000
0.0000000
0.0000000
0.0000000
0.0000000
0.0000000
0.0000000
0.0000000
0.0000000
0.0000000
0.0000000
0.0000000
0.0000000
0.0000000
0.0000000
0.0000000
0.0000000
0.0000000
0.0000000
0.0000000
0.0000000
0.0000000
0.0000000
0.0000000
0.0000000
0.0000000
0.0000000
0.0000000
0.0000000
0.0000000
0.0000000
0.0000000
0.0000000
0.0000000
0.0000000
0.0000000
0.0000000
0.0000000
0.0000000
0.0000000
0.0000000
0.0000000
0.0000000
0.0000000
0.0000000
0.0000000
0.0000000
0.0000000
0.0000000
0.0000000
0.0000000
0.0000000
0.0000000
0.0000000
0.0000000
0.0000000
0.0000000
0.0000000
0.0000000
0.0000000
0.0000000
0.0000000
0.0000000
0.0000000
0.0000000
0.0000000
0.0000000
0.0000000
0.0000000
0.0000000
0.0000000
0.0000000
0.0000000
0.0000000
0.0000000
0.0000000
0.0000000
0.0000000
0.0000000
0.0000000
0.0000000
0.0000000
0.0000000
0.0000000
0.0000000
0.0000000
0.0000000
0.0000000
0.0000000
0.0000000
0.0000000
0.0000000
0.0000000
0.0000000
0.0000000
0.0000000
0.0000000
0.0000000
0.0000000
0.0000000
0.0000000
0.0000000
0.0000000
0.0000000
0.0000000
0.0000000
0.0000000
0.0000000
0.0000000
0.0000000
0.0000000
0.0000000
0.0000000
0.0000000
0.0000000
0.0000000
0.0000000
0.0000000
0.0000000
0.0000000
0.0000000
0.0000000
0.0000000
0.0000000
0.0000000
0.0000000
0.0000000
0.0000000
0.0000000
0.0000000
0.0000000
0.0000000
0.0000000
0.0000000
0.0000000
0.0000000
0.0000000
0.0000000
0.0000000
0.0000000
0.0000000
0.0000000
0.0000000
0.0000000
0.0000000
0.0000000
0.0000000
0.0000000
0.0000000
0.0000000
0.0000000
0.0000000
0.0000000
0.0000000
0.0000000
0.0000000
0.0000000
0.0000000
0.0000000
0.0000000
0.0000000
0.0000000
0.0000000
0.0000000
0.0000000
0.0000000
0.0000000
0.0000000
0.0000000
0.0000000
0.0000000
0.0000000
0.0000000
0.0000000
0.0000000
0.0000000
0.0000000
0.0000000
0.0000000
0.0000000
0.0000000
0.0000000
0.0000000
0.0000000
0.0000000
0.0000000
0.0000000
0.0000000
0.0000000
0.0000000
0.0000000
0.0000000
0.0000000
0.0000000
0.0000000
0.0000000
0.0000000
0.0000000
0.0000000
0.0000000
0.0000000
0.0000000
0.0000000
0.0000000
0.0000000
0.0000000
0.0000000
0.0000000
0.0000000
0.0000000
0.0000000
0.0000000
0.0000000
0.0000000
0.0000000
0.0000000
0.0000000
0.0000000
0.0000000
0.0000000
0.0000000
0.0000000
0.0000000
0.0000000
0.0000000
0.0000000
0.0000000
0.0000000
0.0000000
0.0000000
0.0000000
0.0000000
0.0000000
0.0000000
0.0000000
0.0000000
0.0000000
0.0000000
0.0000000
0.0000000
0.0000000
0.0000000
0.0000000
0.0000000
0.0000000
0.0000000
0.0000000
0.0000000
0.0000000
0.0000000
0.0000000
0.0000000
0.0000000
0.0000000
0.0000000
0.0000000
0.0000000
0.0000000
0.0000000
0.0000000
0.0000000
0.0000000
0.0000000
0.0000000
0.0000000
0.0000000
0.0000000
0.0000000
0.0000000
0.0000000
0.0000000
0.0000000
0.0000000
0.0000000
0.0000000
0.0000000
0.0000000
0.0000000
0.0000000
0.0000000
0.0000000
0.0000000
0.0000000
0.0000000
0.0000000
0.0000000
0.0000000
0.0000000
0.0000000
0.0000000
0.0000000
0.0000000
0.0000000
0.0000000
0.0000000
0.0000000
0.0000000
0.0000000
0.0000000
0.0000000
0.0000000
0.0000000
0.0000000
0.0000000
0.0000000
0.0000000
0.0000000
0.0000000
0.0000000
0.0000000
0.0000000
0.0000000
0.0000000
0.0000000
0.0000000
0.0000000
0.0000000
0.0000000
0.0000000
0.0000000
0.0000000
0.0000000
0.0000000
0.0000000
0.0000000
0.0000000
0.0000000
0.0000000
0.0000000
0.0000000
0.0000000
0.0000000
0.0000000
0.0000000
0.0000000
0.0000000
0.0000000
0.0000000
0.0000000
0.0000000
0.0000000
0.0000000
0.0000000
0.0000000
0.0000000
0.0000000
0.0000000
0.0000000
0.0000000
0.0000000
0.0000000
0.0000000
0.0000000
0.0000000
0.0000000
0.0000000
0.0000000
0.0000000
0.0000000
0.0000000
0.0000000
0.0000000
0.0000000
0.0000000
0.0000000
0.0000000
0.0000000
0.0000000
0.0000000
0.0000000
0.0000000
0.0000000
0.0000000
0.0000000
0.0000000
0.0000000
0.0000000
0.0000000
0.0000000
0.0000000
0.0000000
0.0000000
0.0000000
0.0000000
0.0000000
0.0000000
0.0000000
0.0000000
0.0000000
0.0000000
0.0000000
0.0000000
0.0000000
0.0000000
0.0000000
0.0000000
0.0000000
0.0000000
0.0000000
0.0000000
0.0000000
0.0000000
0.0000000
0.0000000
0.0000000
0.0000000
0.0000000
0.0000000
0.0000000
0.0000000
0.0000000
0.0000000
0.0000000
0.0000000
0.0000000
0.0000000
0.0000000
0.0000000
0.0000000
0.0000000
0.0830774
0.6386321
1.4969367
1.9181629
1.6313453
1.0698493
0.8789555
0.9967917
3.8649311
11.9331341
45.6765594
137.3938904
218.3510590
195.6259308
146.4378357
170.9364166
217.2092896
191.9703369
105.3294373
63.2605858
36.9669647
35.3678436
97.4245071
236.1104889
259.3753662
86.7332840
14.1273909
7.0155602
2.3734589
55.3890800
222.8843994
357.4240112
383.3654785
315.8019409
241.6246033
207.7581482
192.6698761
208.0247345
225.7849426
206.5419769
134.8701019
56.0895348
26.2378445
14.5096254
10.8864565
26.4363365
42.5568810
56.3563080
89.5939560
130.4531860
169.1458740
181.5629120
150.5589447
93.4982681
43.5573311
39.0818977
77.6246490
91.9442978
78.3518982
48.5779839
32.5211983
39.8329430
52.9656487
43.1501694
37.1642342
50.9636459
60.9710732
57.7827187
65.5366974
95.0252914
114.5930710
93.9349518
71.2484131
62.5730362
70.9224014
73.2911911
60.3521004
41.7182159
23.7846336
8.3946047
5.3236508
6.8642612
6.4893169
3.9914141
2.6318164
2.4550788
1.7068602
0.9620752
0.4601742
0.3097890
0.2421290
0.2060477
0.2348498
0.3957583
0.7921931
1.4186759
2.0279832
2.4353964
2.9851012
3.9837086
5.9683084
9.8206787
15.3611507
19.1237450
17.6447105
9.4428234
6.5527420
25.4667835
117.6468658
307.9559021
484.6449280
488.8037415
339.3129578
206.9077301
104.3755112
55.2351723
65.2692490
81.2250366
84.8049240
66.9471054
55.0861359
53.8504601
55.0489769
60.4035492
86.6978302
147.6777954
220.1962891
274.9413147
303.2939453
303.0400085
339.7909851
319.3040771
234.6311035
149.2836609
108.9494019
88.3367233
71.6875839
65.6580658
59.5294533
55.0900574
100.0488892
156.5048065
173.1841888
171.2038269
157.2503510
116.9337769
78.3248825
55.3131981
43.2780228
37.2210770
31.8691635
21.4709759
10.7290058
6.0179873
4.1826296
2.2548976
1.2933751
0.9593173
1.2340304
1.9133092
1.6766520
0.6409191
0.4786563
0.4632414
0.4783947
0.4613290
0.3324374
0.2338560
0.2127220
0.2708684
0.2855303
0.3364780
0.5314106
2.5480263
8.8230400
19.6046448
33.3215027
45.8309097
50.7772827
51.2415237
60.0354042
68.4494934
68.4927902
60.9120941
46.8217010
30.8258247
19.0564117
44.3166695
205.5411835
548.5371704
865.9924316
890.4298706
680.2964478
581.1611328
529.9631958
410.5115051
233.8250275
105.5835953
42.2424088
22.2052612
15.3937998
53.0785904
137.6023865
149.6117859
89.6884537
34.3711433
34.8960495
32.8898888
34.5657501
36.5401802
30.0415630
39.0743980
106.0034637
186.0413513
207.7220917
167.2304993
134.1060028
124.5127792
117.1921463
93.1236267
75.6887589
60.7235031
51.0533066
34.6453629
13.1652536
9.3965397
9.7017708
2.3071814
1.2886240
0.5445281
0.2788383
0.3062158
0.4781342
0.5234889
1.0247283
1.2856259
1.0998546
1.1452473
1.0884690
1.0814408
1.0487682
1.0884801
0.9172710
0.7978312
0.5901846
0.4274756
0.5146415
1.3584371
1.9886961
16.8681030
58.5967293
94.5127487
88.8700485
54.7391434
37.2915421
24.1724720
10.2544680
4.6408768
24.5268688
90.1325378
161.1637421
202.2226410
207.8704529
164.0663300
110.1252899
89.3843918
68.4081116
37.0295410
15.9131060
9.7239761
30.7121334
110.5805130
251.5181427
368.3431091
395.8590088
352.0732727
349.1665649
311.6808777
223.2935028
185.8146515
165.5186005
131.3341827
87.1525955
43.5109711
12.2123394
0.9206302
2.6318040
23.9784355
59.9759216
94.3397217
99.2509613
78.0123138
46.5064926
35.4850044
32.3053932
31.3060799
27.7724628
23.6523514
23.8339081
23.8596916
19.8248730
15.5857973
12.2693424
8.7547541
5.5089378
4.0723610
2.5302401
1.0220982
0.3731266
0.1180880
0.1482660
0.1831086
0.2895328
0.4007416
0.3607072
0.3507065
0.3179886
0.3007547
0.3201099
0.3148551
0.3821065
0.4155253
0.3995299
0.4160184
0.3484164
0.8928300
4.4257283
27.6415348
67.6324615
90.0070267
75.4449921
41.2079468
24.1203194
19.4657059
25.8817806
70.9125977
126.4882431
141.4587708
126.8207855
118.8336868
97.6333466
62.7779274
31.2054367
26.6606903
35.0033035
17.7237034
31.8695049
76.0324326
100.2647781
93.0591507
98.6892014
107.8482895
103.8269577
100.4881516
84.0869827
50.7702713
17.0389519
8.4056377
7.6648750
7.8492785
8.9942989
17.5795918
35.9808960
48.2940407
42.4289513
30.4358196
20.0713711
12.0004492
10.1507950
16.1131210
25.7654648
25.9041004
24.0446892
26.3250980
27.4241600
21.3015575
12.7608509
9.3600168
5.9294786
14.3801918
24.5707664
27.6746006
22.6312332
14.4896812
9.9527121
8.3573990
7.6063380
5.1327400
4.1918321
4.6646562
3.2230229
1.6719394
1.0648199
0.5406222
0.2061950
0.1220459
0.3174173
1.4926349
2.1765342
1.4298879
0.9992052
1.1477165
1.3517797
1.3335813
1.3212779
1.3337911
1.2716647
1.1695573
1.0202953
0.8996319
0.8044723
0.8584002
0.8861431
1.0017660
0.9332829
0.8166158
0.7894729
0.6389667
0.4079568
0.3872781
0.4978689
0.5137606
0.4759638
0.4685666
0.5121043
0.4385791
0.3915309
0.3749459
0.5440253
0.8192199
0.7076989
0.4975476
0.6286410
0.9273586
1.3083329
1.3606908
1.4265647
1.5759112
1.5057056
1.2437502
1.1668314
1.0902544
0.8981817
0.9209648
1.0595293
0.9785003
0.6723917
0.5622311
0.5335472
3.6887944
23.2763290
64.0626221
108.8201599
126.0070190
104.5490265
60.5301018
42.4035034
48.7709198
23.4218063
13.7205143
12.8837299
13.6101017
16.4635563
30.8326950
109.8735199
246.5953064
349.9640503
385.1882629
376.3546753
320.0583801
259.3065796
222.9699554
427.7660522
711.7091675
833.5618896
677.0104370
514.9510498
527.2897339
587.6131592
517.9532471
393.1074524
303.2300110
234.5351868
171.3933411
85.6211090
22.2391548
5.0863867
1.8380414
0.5105769
0.2627991
0.6260802
2.3076200
5.1834254
5.8427081
4.9466076
3.8895569
3.0661652
2.2887647
1.3961058
0.6427496
0.3249164
0.3936374
1.4107592
5.4171739
9.8599472
10.9694099
23.3914776
150.3507385
413.4746399
655.0695190
710.4761963
606.3251953
517.5472412
413.8096924
266.0075684
100.5069580
11.7818871
0.6332414
1.1048136
12.9075766
52.9875183
62.9989586
39.5716019
12.8906717
2.9735765
1.0167125
0.2163271
0.0607052
0.2258708
1.3241200
1.9450517
1.4473796
1.4151433
1.4745666
1.7496639
1.8178675
1.7532915
1.8129036
1.8330593
1.3899659
0.5785878
0.5738700
13.8424778
65.5743942
140.0112000
189.5279083
179.8887177
137.5810547
115.1388855
98.0192871
87.2613068
86.3836670
72.1026001
53.2298317
36.9192238
39.6407394
55.2997398
74.5347214
101.7693329
180.4930420
306.1268616
373.6465759
352.0328369
360.6037292
444.1043396
655.5729370
671.6488647
585.4598389
454.6220703
374.1852722
278.3438110
155.9123993
44.8736305
15.3961630
2.1407905
21.1933079
72.9720764
116.6684723
129.8444366
116.9892273
94.0374756
59.0646744
23.4373417
18.3477211
95.8865814
221.8788452
265.5132446
221.0342407
179.5484467
104.1954346
80.2202301
40.1292610
24.1771450
20.9550171
21.1620827
13.4677334
17.3043098
48.1806793
79.6102142
79.5006943
53.9725113
36.0824051
17.0835228
21.3109283
23.3855762
82.8576508
253.5719299
423.6299133
507.3926392
469.1032715
369.1132202
282.2395630
201.3194885
59.8494148
296.3838501
414.6030884
362.1040649
288.4514160
248.2245941
213.9690399
144.5615387
73.0987854
68.3613586
51.0224075
68.1928864
94.5548019
94.6600342
73.9688034
51.6443367
58.2517319
190.2127228
395.0469971
424.9545898
323.0368652
286.2153320
239.0269318
239.8854218
212.8160248
175.0485229
187.7517853
213.9419098
214.2440033
187.5493164
162.9505463
131.7134857
94.4622574
49.7748108
31.6859016
85.3671570
189.1679993
278.5427856
345.2290344
346.9949951
257.1558838
176.5491180
145.9689789
133.7208252
102.4056396
155.6357727
416.2860413
787.1328125
1085.1677246
982.5859375
1127.8072510
2604.2768555
3816.2497559
2673.2690430
869.3120117
716.1773071
743.3184204
754.4461670
937.4038696
1019.4328003
338.0220642
29.0607891
0.9577352
0.3389753
13.0121632
77.2181244
123.7968063
138.1685791
116.3755264
76.9141006
54.0469131
45.9624901
37.5015640
27.7922440
21.8094025
20.7994461
17.9352150
10.5778828
6.3594332
3.7853920
1.7161796
1.0787182
1.1377096
0.8923699
0.6466165
0.5497070
0.4536658
0.3572735
0.2974878
0.3166741
0.5746162
0.5560719
0.5047212
0.3946644
0.2838442
0.3132915
0.3154265
0.4008359
0.4236430
0.3488779
0.3804878
0.3788864
0.3146521
0.3811918
0.5094523
0.4840966
0.3483332
0.3803454
0.5365767
0.7060082
1.0057895
0.9662586
0.6879607
0.6165557
0.8132662
1.1751102
2.1677375
4.5996242
19.3872337
51.1923485
76.0385056
68.5705261
38.2599869
17.1263103
19.2504425
28.0238609
49.8135262
77.7806244
66.1997833
49.8666000
55.1171036
58.3911819
37.6352768
15.8345633
5.9578424
4.1998825
20.1230793
58.9414215
76.6694031
58.2308502
48.9304123
70.6358948
90.8128510
81.3310699
57.8308792
37.1265984
31.8198204
74.0629654
139.3189240
173.8722229
152.3803558
111.6998749
66.3079987
37.0540390
21.7154121
15.7249928
37.5881042
67.0119019
65.9661484
44.3389816
53.1507874
48.0240555
26.6677132
11.7452784
25.8977795
40.6098137
50.9599037
37.0834312
19.0437660
4.9700336
1.3584269
4.0354118
16.6556034
31.0800495
48.9317360
73.8239059
76.6781387
45.3237877
13.3270979
10.6427212
10.7860994
6.4309807
1.6022091
4.6830740
19.3518429
46.5179749
65.6467438
53.1344604
26.0178108
12.7300901
12.9696169
15.8767691
12.8378229
7.8699107
5.2588339
3.3934345
16.8401661
26.7191238
21.0518799
14.6554117
9.2585764
15.4997959
22.6631947
22.1641674
21.4170666
17.8515644
13.3611174
7.7842097
4.6789832
2.8465385
3.1484401
3.0337300
1.7261382
0.6802087
1.8276246
5.2486587
9.7017765
13.3723507
15.5791397
16.5135994
19.4914513
25.4528503
29.4005833
29.7784557
25.7020035
17.8256645
9.2229385
3.8855195
10.7706909
35.9286766
67.4207611
139.8895569
317.6577148
516.8989258
538.7902222
336.5703125
107.3791122
50.1760712
32.5735817
16.2574120
27.5015125
224.6219482
422.3890381
441.1083984
298.5059814
148.3017578
100.8108368
68.9636841
57.7613487
48.4324722
69.9619446
89.8171463
131.7293396
204.9658813
271.0219727
296.0285645
280.1925049
229.6087646
177.6088867
126.4680481
135.8981781
203.7342529
197.1455383
268.7372742
473.5959473
708.0241699
730.2721558
527.7520752
289.4775391
100.7192078
70.5878906
100.3205185
132.9748077
112.6009521
52.4029541
46.0179405
22.6079731
38.6996880
68.4125366
84.0028610
87.4987411
88.4968185
168.9586029
333.6773682
442.9382324
421.1773071
335.4019165
244.5915680
182.6701660
202.1436157
334.7519226
385.7782593
246.5066223
119.0347443
53.5942078
17.2236004
36.7604904
245.0034485
419.6579590
380.8171692
220.1837158
113.3872604
67.0469131
76.2079010
190.4167480
316.4887695
304.6755676
193.4590454
89.1113892
94.4813004
139.0557251
140.2141724
62.8397903
28.3720703
33.6260185
88.8984909
130.3838196
102.8437195
65.4849243
50.9882050
52.6760292
56.5055122
57.4578705
52.7218323
46.2907677
40.2671127
54.3974342
177.7951660
416.3305359
631.2255249
669.9584961
626.1530762
685.3524170
722.6047363
653.1217041
509.0167542
344.8324280
169.7043610
83.7389450
67.4802933
71.6509323
56.0666962
64.2642517
101.0768738
172.9752045
205.3726959
174.3638306
137.1312866
85.8998871
54.5811691
35.2988586
24.9827232
18.1879463
9.7940674
6.8307734
8.9903965
9.7466450
8.8713169
7.9189205
5.8554897
4.3691726
2.2386930
1.0487298
0.7099677
0.3390433
0.3636093
0.6809098
0.8216299
0.3279961
0.1881050
0.3514020
0.5080374
0.4472633
0.1974906
0.0671472
0.0165498
0.0024008
0.0002228
0.0000000
0.0000000
0.0000000
0.0000000
0.0000000
0.0000000
0.0000000
0.0000000
0.0000000
0.0000000
0.0000000
0.0000000
0.0000000
0.0000000
0.0000000
0.0000000
0.0000000
0.0000000
0.0000000
0.0000000
0.0000000
0.0000000
0.0000000
0.0000000
0.0000000
0.0000000
0.0000000
0.0000000
0.0000000
0.0000000
0.0000000
0.0000000
0.0000000
0.0000000
0.0000000
0.0000000
0.0000000
0.0000000
0.0000000
0.0000000
0.0000000
0.0000000
0.0000000
0.0000000
0.0000000
0.0000000
0.0000000
0.0000000
0.0000000
0.0000000
0.0000000
0.0000000
0.0000000
0.0000000
0.0000000
0.0000000
0.0000000
0.0000000
0.0000000
0.0000000
0.0000000
0.0000000
0.0000000
0.0000000
0.0000000
0.0000000
0.0000000
0.0000000
0.0000000
0.0000000
0.0000000
0.0000000
0.0000000
0.0000000
0.0000000
0.0000000
0.0000000
0.0000000
0.0000000
0.0000000
0.0000000
0.0000000
