0.0000000
0.0000000
0.0000000
0.0000000
0.0000000
0.0000000
0.0000000
0.0000000
0.0000000
0.0000000
0.0000000
0.0000000
0.0000000
0.0000000
0.0000000
0.0000000
0.0000000
0.0000000
0.0000000
0.0000000
0.0000000
0.0000000
0.0000000
0.0000000
0.0000000
0.0000000
0.0000000
0.0000000
0.0000000
0.0000000
0.0000000
0.0000000
0.0000000
0.0000000
0.0000000
0.0000000
0.0000000
0.0000000
0.0000000
0.0000000
0.0000000
0.0000000
0.0000000
0.0000000
0.0000000
0.0000000
0.0000000
0.0000000
0.0000000
0.0000000
0.0000000
0.0000000
0.0000000
0.0000000
0.0000000
0.0000000
0.0000000
0.0000000
0.0000000
0.0000000
0.0000000
0.0000000
0.0000000
0.0000000
0.0000000
0.0000000
0.0000000
0.0000000
0.0000000
0.0000000
0.0000000
0.0000000
0.0000000
0.0000000
0.0000000
0.0000000
0.0000000
0.0000000
0.0000000
0.0000000
0.0000000
0.0000000
0.0000000
0.0000000
0.0000000
0.0000000
0.0000000
0.0000000
0.0000000
0.0000000
0.0000000
0.0000000
0.0000000
0.0000000
0.0000000
0.0000000
0.0000000
0.0000000
0.0000000
0.0000000
0.0000000
0.0000000
0.0000000
0.0000000
0.0000000
0.0000000
0.0000000
0.0000000
0.0000000
0.0000000
0.0000000
0.0000000
0.0000000
0.0000000
0.0000000
0.0000000
0.0000000
0.0000000
0.0000000
0.0000000
0.0000000
0.0000000
0.0000000
0.0000000
0.0000000
0.0000000
0.0000000
0.0000000
0.0000000
0.0000000
0.0000000
0.0000000
0.0000000
0.0000000
0.0000000
0.0000000
0.0000000
0.0000000
0.0000000
0.0000000
0.0000000
0.0000000
0.0000000
0.0000000
0.0000000
0.0000000
0.0000000
0.0000000
0.0000000
0.0000000
0.0000000
0.0000000
0.0000000
0.0000000
0.0000000
0.0000000
0.0000000
0.0000000
0.0000000
0.0000000
0.0000000
0.0000000
0.0000000
0.0000000
0.0000000
0.0000000
0.0000000
0.0000000
0.0000000
0.0000000
0.0000000
0.0000000
0.0000000
0.0000000
0.0000000
0.0000000
0.0000000
0.0000000
0.0000000
0.0000000
0.0000000
0.0000000
0.0000000
0.0000000
0.0000000
0.0000000
0.0000000
0.0000000
0.0000000
0.0000000
0.0000000
0.0000000
0.0000000
0.0000000
0.0000000
0.0000000
0.0000000
0.0000000
0.0000000
0.0000000
0.0000000
0.0000000
0.0000000
0.0000000
0.0000000
0.0000000
0.0000000
0.0000000
0.0000000
0.0000000
0.0000000
0.0000000
0.0000000
0.0000000
0.0000000
0.0000000
0.0000000
0.0000000
0.0000000
0.0000000
0.0000000
0.0000000
0.0000000
0.0000000
0.0000000
0.0000000
0.0000000
0.0000000
0.0000000
0.0000000
0.0000000
0.0000000
0.0000000
0.0000000
0.0000000
0.0000000
0.0703657
0.4871544
1.0633230
1.2268455
0.8473140
0.4150575
0.4735439
1.1787935
5.9530463
16.3617325
40.4112320
92.9285355
162.4030151
197.1277924
151.2227173
83.6978989
51.8366966
34.1892586
23.4100132
52.3284187
69.6058273
88.0998306
100.3873596
81.7646027
46.2210236
20.7490635
19.7645493
18.9428368
40.5110397
62.1150627
56.4349213
45.5228844
39.6230698
38.1101875
30.2620850
21.8712044
16.1032219
13.7839928
13.4259567
12.6662846
11.1051874
8.9450216
7.8474793
6.7309041
5.4297013
4.3764029
3.4806662
3.1143887
2.5589147
2.2228441
2.0117521
1.8609846
1.7703327
1.2743907
1.1721287
0.9998263
1.1755531
1.6127892
1.7766370
1.2179946
0.6271303
0.4251327
0.4016192
0.4988815
0.5380629
0.4562467
0.3896472
0.6507806
0.8679930
0.6060423
0.2799881
0.2402063
0.3568145
0.3488207
0.3021405
0.3599975
0.4243990
0.6373358
0.7562586
0.5378267
0.3477733
0.3051876
0.3509524
0.3396738
0.3450212
0.3640229
0.4121097
0.4552429
0.4719640
0.4428303
0.3362918
0.3075482
0.3501959
0.4733461
0.5528476
0.5246134
0.4415483
0.3871023
0.3821514
0.3794993
0.3957528
0.3374494
0.2811106
0.3047568
0.5576076
0.8133169
1.0932926
1.0058923
0.6015946
0.2594846
0.1851914
0.2509400
0.5728604
0.6482058
0.3952298
0.2636420
0.2052481
0.2564460
0.2594292
0.3200135
0.3567175
0.3443606
0.4138261
0.5232166
0.3982636
0.3045753
0.3120806
0.4407662
1.5382533
2.9427919
2.6476214
0.7128654
0.2379995
0.1627421
0.1914405
0.2730050
0.3609067
0.4747488
0.4377031
0.4891446
0.5165327
0.4395902
0.3968584
0.5524690
0.7390778
0.7565528
0.6917399
0.4933247
0.2881970
0.1837009
0.2410860
0.3516173
0.3928165
0.3802654
0.4042346
0.3927404
0.3550769
0.3721276
0.3508481
0.3594959
0.3294526
0.4408391
0.4771008
0.4457578
0.5014827
0.4787016
0.3934506
0.3147799
0.3536512
0.4395252
0.4637182
0.3090390
0.3184951
0.3900998
0.3667495
0.2498413
0.2142855
0.3342372
0.4669985
0.4686875
0.2610611
0.2588065
0.2667509
0.2908099
0.2706372
0.2463561
0.2924786
0.4753829
0.5195415
0.4449840
0.4367908
0.4324013
0.4946031
0.7014646
0.7459512
0.6717544
0.8931085
1.1103386
1.1815646
1.1074519
0.8835970
0.5440332
0.2803884
0.5789402
13.2313652
36.2017860
64.8666611
109.2108841
148.7726593
156.1752014
137.8731079
111.9385223
86.0291748
64.3887482
60.6616325
58.6570892
63.9166412
74.8031921
78.0491867
68.8959732
41.4325905
12.2868509
5.7976236
4.3472385
3.5711625
9.6959229
55.0783997
113.7561340
122.1732483
73.0908966
21.4332714
5.5335755
15.7767582
61.4312363
101.3374023
92.2662506
64.0659180
47.4494362
34.1308136
13.3431120
7.5059714
10.9506569
40.9294968
85.1645889
94.3828125
55.4267426
10.3742399
4.2915683
10.8543015
25.8758545
32.0448074
27.7740154
33.0386620
57.4740906
77.8761292
95.7403412
105.8475189
103.5641251
81.6836700
63.8587837
51.4741325
41.6802444
28.6346779
13.5397892
15.6367817
13.6963968
7.9334335
13.7022858
28.0168457
28.7790146
17.3312340
24.4842491
31.2181168
22.1474400
19.6952896
31.5182419
35.8493347
28.7627125
18.5716114
11.5116873
5.6123505
3.4253254
14.0141611
46.2235069
72.0231857
70.3939056
54.8860359
49.0951843
43.4975586
35.2729340
28.7570496
24.3757954
23.7687798
15.8532581
14.4907169
16.3412876
15.6746540
12.7097216
7.8063822
21.4032707
61.3448524
87.5448914
78.5863190
49.9272842
30.4102898
13.7171478
27.5730896
24.8962746
11.3372421
3.9834511
3.0536633
2.9183555
3.1022153
16.7299004
45.6976891
49.9507370
25.8891945
3.5609531
1.7408925
11.3527460
33.9246368
47.3625259
40.1793289
34.0145416
42.5813179
32.5152130
15.2646790
8.0962534
6.6258473
11.8567553
30.2850399
41.3656502
31.0859032
11.5825186
3.1970861
4.7329874
10.6040993
12.8590946
12.8277283
13.9725008
11.8950529
5.4754095
1.9057553
9.7704630
30.0361786
43.2877846
31.3203964
12.6587620
5.1676579
4.6664319
7.1082516
9.9611483
17.5581112
24.5502186
25.0903168
21.6839218
22.5328827
31.8925972
32.4129601
23.4883480
13.1966791
7.9481163
7.0763702
7.9877377
18.5574913
25.2160702
19.4630966
16.4492702
13.2622643
7.1004081
8.5042496
16.0687981
17.4970074
12.1077614
3.5609050
1.0773509
2.0433517
7.3587661
17.5254707
25.9394169
25.5675735
16.7650414
7.7858825
6.5781331
4.0813375
1.9685142
4.3608813
6.2356710
5.2905965
8.0678234
16.9762249
22.5784588
17.1899357
8.4926519
7.5790772
16.7010860
26.2894611
25.2836361
21.2000465
17.4308510
13.6681747
8.2332325
8.1092520
10.0931587
8.5602417
8.5940704
10.8233395
12.1160879
15.1811419
18.1777859
19.3255501
14.9458761
5.3579907
0.6235993
0.0934290
0.1450786
0.1850031
0.2028181
0.6428962
1.1908640
1.1412120
0.5014101
0.3169880
0.3018067
0.2851171
0.2956328
0.2349163
0.2730877
0.3058496
0.3585142
0.3282241
0.2692906
0.3733271
0.4201999
0.3703457
0.3856371
0.4585559
0.4319300
0.4014524
0.3398660
0.2391541
0.1851348
0.2522732
0.4527581
0.3702129
0.3000646
0.3623792
0.4489939
0.6196440
8.0769711
27.2752953
42.0393753
36.2610550
16.2765312
7.8257604
27.6048641
76.1897964
117.2157288
107.3365479
86.1651917
74.9759293
63.9660339
45.2451591
32.3760109
30.9569588
44.2551270
69.6486053
98.4999161
106.9005432
93.2118073
67.1387482
29.4363518
17.4390259
30.0556831
48.2443581
40.0754623
10.6433840
4.8317466
2.8984406
1.6841271
3.3007879
12.9866686
36.7393761
41.7515488
23.7570992
8.3664236
3.6856091
6.0326700
10.3710728
13.7102489
15.3729210
22.6268177
16.7890606
4.8297529
1.5159005
1.4486611
8.6732817
31.8158817
42.4294930
28.8757515
8.0854692
1.7280996
1.4107834
11.7675753
29.0733986
50.2252007
55.4778900
53.6024857
45.3810425
34.1667290
19.8537292
9.8048687
4.8985085
2.6757791
2.9186878
8.5836840
27.8932056
41.7808075
30.4106045
6.2083201
0.6628495
0.3361114
1.7465599
10.3383789
27.0585766
34.8686104
35.4618225
29.5674305
17.4776802
8.8271961
6.4784069
7.3336339
12.7333498
18.0418053
13.0921469
6.8744078
6.6483736
11.0118952
18.4060574
25.2424316
22.7788982
11.8652802
4.6233726
5.9103646
9.5176554
10.9430647
9.7298584
10.2510853
18.1895885
27.2063198
28.6545200
20.6574249
11.5772400
18.8068943
27.5639210
22.3887177
7.8585529
1.7101254
0.7015137
0.9940214
3.2106953
9.7204800
21.2593079
32.1142883
35.0165443
34.3377762
26.5973854
14.5732021
5.7897439
1.7706395
0.5241458
1.0834510
8.2676220
10.0228987
1.4534813
2.2301488
7.4754472
11.1938686
5.0898480
0.8058099
0.4739778
0.1802513
0.2774180
0.2042140
0.1205695
0.0642763
0.0181425
0.0005066
0.0000000
0.0000000
0.0000000
0.0000000
0.0000000
0.0000000
0.0000000
0.0000000
0.0000000
0.0000000
0.0000000
0.0000000
0.0000000
0.0000000
0.0000000
0.0000000
0.0000000
0.0000000
0.0000000
0.0000000
0.0000000
0.0000000
0.0000000
0.0000000
0.0000000
0.0000000
0.0000000
0.0000000
0.0000000
0.0000000
0.0000000
0.0000000
0.0000000
0.0000000
0.0000000
0.0000000
0.0000000
0.0000000
0.0000000
0.0000000
0.0000000
0.0000000
0.0000000
0.0000000
0.0000000
0.0000000
0.0000000
0.0000000
0.0000000
0.0000000
0.0000000
0.0000000
0.0000000
0.0000000
0.0000000
0.0000000
0.0000000
0.0000000
0.0000000
0.0000000
0.0000000
0.0000000
0.0000000
0.0000000
0.0000000
0.0000000
0.0000000
0.0000000
0.0000000
0.0000000
0.0000000
0.0000000
0.0000000
0.0000000
0.0000000
0.0000000
0.0000000
0.0000000
0.0000000
0.0000000
0.0000000
0.0000000
0.0000000
0.0000000
0.0000000
0.0000000
0.0000000
0.0000000
0.0000000
0.0000000
0.0000000
0.0000000
0.0000000
0.0000000
0.0000000
0.0000000
0.0000000
0.0000000
0.0000000
0.0000000
0.0000000
0.0000000
0.0000000
0.0000000
0.0000000
0.0000000
0.0000000
0.0000000
0.0000000
0.0000000
0.0000000
0.0000000
0.0000000
0.0000000
0.0000000
0.0000000
0.0000000
0.0000000
0.0000000
0.0000000
0.0000000
0.0000000
0.0000000
0.0000000
0.0000000
0.0000000
0.0000000
0.0000000
0.0000000
0.0000000
0.0000000
0.0000000
0.0000000
0.0000000
0.0000000
0.0000000
0.0000000
0.0000000
0.0000000
0.0000000
0.0000000
0.0000000
0.0000000
0.0000000
0.0000000
0.0000000
0.0000000
0.0000000
0.0000000
0.0000000
0.0000000
0.0000000
0.0000000
0.0000000
0.0000000
0.0000000
0.0000000
0.0000000
0.0000000
0.0000000
0.0000000
0.0000000
0.0000000
0.0000000
0.0000000
0.0000000
0.0000000
0.0000000
0.0000000
0.0000000
0.0000000
0.0000000
0.0000000
0.0000000
0.0000000
0.0000000
0.0000000
0.0000000
0.0000000
0.0000000
0.0000000
0.0000000
0.0000000
0.0000000
0.0000000
0.0000000
0.0000000
0.0000000
0.0000000
0.0000000
0.0000000
0.0000000
0.0000000
0.0000000
0.0000000
0.0000000
0.0000000
0.0000000
0.0000000
0.0000000
0.0000000
0.0000000
0.0000000
0.0000000
0.0000000
0.0000000
0.0000000
0.0000000
0.0000000
0.0000000
0.0000000
0.0000000
0.0000000
0.0000000
0.0000000
0.0000000
0.0000000
0.0000000
0.0000000
0.0000000
0.0000000
0.0000000
0.0000000
0.0000000
0.0000000
0.0000000
0.0000000
0.0000000
0.0000000
0.0000000
0.0000000
0.0000000
0.0000000
0.0000000
0.0000000
0.0000000
0.0000000
0.0000000
0.0000000
0.0000000
0.0000000
0.0000000
0.0000000
0.0000000
0.0000000
0.0000000
0.0000000
0.0000000
0.0000000
0.0000000
0.0000000
0.0000000
0.0000000
0.0000000
0.0000000
0.0000000
0.0000000
0.0000000
0.0000000
0.0000000
0.0000000
0.0000000
0.0000000
0.0000000
0.0000000
0.0000000
0.0000000
0.0000000
0.0000000
0.0000000
0.0000000
0.0000000
0.0000000
0.0000000
0.0000000
0.0000000
0.0000000
0.0000000
0.0000000
0.0000000
0.0000000
0.0000000
0.0000000
0.0000000
0.0000000
0.0000000
0.0000000
0.0000000
0.0000000
0.0000000
0.0000000
0.0000000
0.0000000
0.0000000
0.0000000
0.0000000
0.0000000
0.0000000
0.0000000
0.0000000
0.0000000
0.0000000
0.0000000
0.0000000
0.0000000
0.0000000
0.0000000
0.0000000
0.0000000
0.0000000
0.0000000
0.0000000
0.0000000
0.0000000
0.0000000
0.0000000
0.0000000
0.0000000
0.0000000
0.0000000
0.0000000
0.0000000
0.0000000
0.0000000
0.0000000
0.0000000
0.0000000
0.0000000
0.0000000
0.0000000
0.0000000
0.0000000
0.0000000
0.0000000
0.0000000
0.0000000
0.0000000
0.0000000
0.0000000
0.0000000
0.0000000
0.0000000
0.0000000
0.0000000
0.0000000
0.0000000
0.0000000
0.0000000
0.0000000
0.0000000
0.0000000
0.0090552
0.5046144
1.8994319
3.3241267
3.6300585
2.8162622
2.1137700
1.9950705
2.0276794
2.1087842
1.9729375
1.9870133
2.3077321
2.6824958
2.7251709
2.5217872
2.0956044
1.9747357
1.8450532
1.5467331
1.4962406
1.0906111
0.4534391
1.1202402
9.4268045
18.6036243
24.1307774
54.2169037
112.0610809
152.8478394
145.9537048
100.7197876
66.6132507
44.4079704
37.5020332
94.6485214
93.1944046
63.7855339
38.1077118
19.3157616
32.6836281
57.6016464
66.0974655
51.9868927
31.8092327
13.8570681
24.9695625
27.2983322
28.1081791
33.4061852
32.3531265
39.9591446
50.7004204
42.8090477
49.1623917
63.9176025
58.5819855
41.8279495
21.7914124
47.6553307
44.6549301
38.2798996
31.2297707
79.2689362
109.6097260
109.0597916
94.0578995
73.2311707
38.8510742
61.3414268
65.7399673
58.7780571
49.8638000
27.3544273
61.5270309
74.8661880
63.9173965
53.9511299
44.4154739
42.7248497
27.1768532
15.7569761
22.5629749
34.6305885
42.0030060
34.1652908
21.3716412
6.5617609
0.9880355
0.2823574
1.2103109
28.5323563
75.6570892
89.4866562
67.1396790
38.6007996
27.4036064
23.4975414
36.6406631
31.7249832
11.0993977
1.3930563
1.3669052
17.5694046
45.8286552
56.8185120
36.9403305
11.1037817
9.1540899
7.6367645
21.4887543
33.8688240
21.0485325
8.4361229
3.7552874
3.0287158
3.1808968
3.1496835
5.0618844
22.2892189
54.0321198
69.8916321
77.4088974
110.1472473
148.1524506
139.8087616
112.0368423
76.9688416
38.0781784
11.1354799
10.1012964
35.0361824
67.3542709
75.9367447
69.5877914
38.8319244
10.3576927
3.7608814
14.7646313
49.8068657
72.6339417
55.7889709
28.9826202
13.4922361
3.0816407
2.2415419
7.6057415
20.3496609
30.8283482
32.2513771
25.4510059
14.5583630
18.5276127
45.5533409
75.7463379
77.8981094
48.3476219
15.4596071
7.2624717
11.3584318
19.0860863
12.1347828
6.8865709
4.1869593
2.3514581
5.3391333
23.5229092
42.1307030
35.4148560
20.1780930
29.2367172
43.9778137
49.1474533
48.9116478
35.6110077
21.9579620
10.9375267
12.1767159
12.8439560
9.8252230
7.6201625
3.9854820
5.1991754
16.2235069
25.3394737
30.6940651
31.4065323
25.1871338
16.8209381
10.2805090
4.2345142
1.6706235
0.3114026
0.7706334
8.6259251
24.1465416
19.3934269
3.8903728
0.4068521
0.3640669
0.4687518
0.3757477
0.2906824
0.2903471
0.2257328
0.2634004
0.2681777
0.2576177
0.3206468
0.3760409
0.4968159
0.4141073
0.3990586
0.4430879
0.5452847
0.6855079
0.7417722
0.7355729
0.6585300
0.6643655
0.6577806
0.6841530
0.6958055
0.7693717
0.8065360
0.7543309
0.6627082
0.5335683
0.5263136
0.4345405
0.3654307
0.3390596
0.3374425
0.3916005
5.0775919
17.7990093
38.2436981
58.0819473
60.2107925
47.5633240
36.6735725
32.0794525
23.9828110
25.2404003
39.8193550
65.0212708
87.3439026
86.9169846
75.4861298
64.9670792
52.1160202
32.6223030
26.2571907
40.0251884
49.2687302
33.5314636
13.5964184
14.8937387
8.0486050
7.9671230
6.9337597
8.8515491
35.1538277
63.1169128
70.6750259
65.9631271
66.5213470
71.5125580
70.1725388
52.7113991
26.5655022
18.7030220
37.6681366
35.3929749
27.1774826
23.1450596
24.4374008
28.7289391
29.4709072
24.2167168
16.2926331
9.2708521
3.4728918
7.1591058
10.0446424
7.7508488
11.3764639
34.2546196
66.9470291
79.5887985
70.5999680
56.6472130
41.3361282
35.7407722
24.9286728
14.9158344
8.0370808
3.7325268
4.0338168
5.2410583
11.8059139
26.2033234
50.1899757
83.8867950
93.7392197
71.8940582
42.3676453
28.0489578
16.3266487
27.7520733
38.3356018
32.5585556
23.0752277
9.7365274
6.5681238
5.0023665
2.0096445
3.6402664
11.2608757
24.8406792
30.1666489
23.1720104
19.9601479
23.2253475
27.9392071
31.0814037
29.5238914
26.0363045
21.9636402
22.1632824
27.8948765
24.2432671
23.7716236
27.5198727
27.5108967
27.9132328
24.2888775
14.1216640
11.0438452
13.8554325
14.1147041
12.4300995
14.2339268
24.0459747
46.9490204
57.3793678
35.4860611
8.1245966
1.9238168
0.7956045
4.1476946
19.0388107
38.9818993
37.1634293
30.0189552
20.0609798
10.8165131
9.0074596
15.7482166
28.2147465
44.4540672
64.7462692
84.2717438
85.2438278
63.7198029
38.5861855
24.6439362
20.7701397
20.5712261
18.3902988
13.9203205
8.6833048
5.0172710
8.3765965
11.9464941
12.6229038
10.4766073
7.1561403
5.7010927
5.7249937
5.6747046
5.3056226
4.6769896
3.0780790
1.9360867
0.9818916
0.4947185
0.3187877
0.2243032
0.1505076
0.3126949
0.6949589
0.9304543
0.9521295
0.8522428
0.6973282
0.7239236
0.8429426
1.0959728
1.3129226
1.5783905
1.5967700
1.4479322
1.0563130
0.8991654
0.8497660
0.6344517
0.4091272
0.3312718
0.3904645
0.4650473
0.6030180
2.9025028
15.6157227
43.7646141
92.5317535
140.9505157
160.1658936
149.9118500
112.9926376
72.8433151
38.9117126
23.2144718
21.0932465
16.0797958
6.1338024
16.7708511
45.0563545
55.8674850
35.3166847
35.1691666
62.2434959
97.4329758
151.4616394
185.1714478
160.7574158
97.8432693
55.0811234
10.8839760
11.5516186
26.4606476
22.8710213
19.7282543
14.3187456
7.1299558
3.7926211
6.5447111
6.7936392
5.0707464
1.5961863
0.2842557
1.5730667
15.0592041
31.7306595
32.3589859
27.5233116
34.0549240
46.9603119
61.1657715
66.4714661
60.7739716
47.6638603
37.0550613
37.5312920
49.4916840
55.7392311
50.6696396
38.9940491
29.7097969
19.5125351
12.5460062
9.6784887
3.6228716
1.0816498
14.5063410
64.2443008
102.4291992
89.0488739
43.8574638
12.0509253
6.5460949
6.0253682
5.6609201
6.1272531
25.2814312
49.3496399
57.4116020
49.2092628
29.4423981
13.4501333
6.4363661
10.6255455
20.0737095
37.0724030
51.3135796
52.7652893
49.5848122
47.0117378
38.2918892
23.0272522
14.3696747
13.5269804
15.1082792
15.1159534
16.2526722
22.9921169
49.2406235
93.8959732
123.7269592
113.5719681
79.7281342
54.4553871
32.5982704
35.9717216
23.6177368
11.2532845
19.5455837
60.7672958
83.3514099
69.6036530
59.8326111
51.1989174
36.7539253
26.5046654
36.5755157
59.3099403
71.1378784
64.9952393
47.1623154
20.3382530
25.5955143
44.5801773
30.9115906
14.5480442
4.5462914
0.9245796
0.4274592
7.8744702
62.1517029
112.7246780
113.0919342
70.5980301
24.4558220
10.0258942
4.3162189
5.5817032
29.8824329
84.1618958
81.3696747
43.6146126
17.9255848
11.9433861
5.1622758
2.4161034
5.2858648
9.0779228
24.2085953
39.1158676
51.4214554
78.8185349
125.0278168
144.4778290
108.1048203
46.4160538
5.9104548
4.7591743
0.7157818
0.3028774
0.7675683
2.3453116
1.4053687
8.5849476
20.4416161
21.5518017
7.9649005
1.4724689
0.7874073
0.4483971
0.3613043
0.2017186
0.1230165
0.3296271
0.5320363
0.6244097
0.6501247
0.7697463
0.8050653
0.7891368
0.8537837
1.0789944
1.2432351
1.2247286
1.1780181
1.1725023
1.0338962
0.9275112
0.6625519
0.4461373
0.4110683
0.3899994
0.5048960
0.6761451
3.2655594
17.9527950
36.8836517
49.7430916
58.5037804
63.3391151
60.9029312
49.5764198
28.2981682
14.5132017
10.1929817
15.8950090
37.8090744
60.9544754
53.6854820
27.0725498
14.2296457
12.4861097
13.9723225
47.5530014
70.4014816
60.1505775
46.7155838
30.8100948
22.9099617
12.7619791
3.0326760
5.8601809
34.2927094
76.8350067
68.2971344
41.3462219
33.3074493
33.5479050
29.5467072
22.4949303
15.1842680
12.9993267
10.8098154
14.6186733
18.5254517
18.7737961
14.0443735
7.6880550
9.2347918
16.8811417
19.9603424
16.1295433
7.6158576
2.7057076
1.5021522
1.6358535
2.7143507
4.1983700
16.4016914
34.6885643
39.8358841
30.0973320
15.9664621
10.2582550
9.3017168
8.1831703
11.3811054
8.3189697
3.0573540
3.8852906
6.0148983
8.2340202
8.8198338
8.3900681
7.2267585
7.8222008
9.4519329
10.5179272
9.9496183
8.0256691
4.0818663
1.7428291
5.2507019
15.0233974
17.2105274
16.5404110
29.9106903
39.0721893
40.1303139
38.4015656
37.7534103
34.9034386
33.4934273
24.7291527
11.8278503
5.7995381
4.6106749
2.4259038
0.8104583
0.2981395
0.3598585
0.3877222
0.3965744
0.2332070
0.0722747
0.0189823
0.0024535
0.0000000
0.0000000
0.0000000
0.0000000
0.0000000
0.0000000
0.0000000
0.0000000
0.0000000
0.0000000
0.0000000
0.0000000
0.0000000
0.0000000
0.0000000
0.0000000
0.0000000
0.0000000
0.0000000
0.0000000
0.0000000
0.0000000
0.0000000
0.0000000
0.0000000
0.0000000
0.0000000
0.0000000
0.0000000
0.0000000
0.0000000
0.0000000
0.0000000
0.0000000
0.0000000
0.0000000
0.0000000
0.0000000
0.0000000
0.0000000
0.0000000
0.0000000
0.0000000
0.0000000
0.0000000
0.0000000
0.0000000
0.0000000
0.0000000
0.0000000
0.0000000
0.0000000
0.0000000
0.0000000
0.0000000
0.0000000
0.0000000
0.0000000
0.0000000
0.0000000
0.0000000
0.0000000
0.0000000
0.0000000
0.0000000
0.0000000
0.0000000
0.0000000
0.0000000
0.0000000
0.0000000
0.0000000
0.0000000
0.0000000
0.0000000
0.0000000
0.0000000
0.0000000
0.0000000
0.0000000
0.0000000
0.0000000
0.0000000
0.0000000
0.0000000
0.0000000
0.0000000
0.0000000
0.0000000
0.0000000
0.0000000
0.0000000
0.0000000
0.0000000
0.0000000
0.0000000
0.0000000
0.0000000
0.0000000
0.0000000
0.0000000
0.0000000
0.0000000
0.0000000
0.0000000
0.0000000
0.0000000
0.0000000
0.0000000
0.0000000
0.0000000
0.0000000
0.0000000
0.0000000
0.0000000
0.0000000
0.0000000
0.0000000
0.0000000
0.0000000
0.0000000
0.0000000
0.0000000
0.0000000
0.0000000
0.0000000
0.0000000
0.0000000
0.0000000
0.0000000
0.0000000
0.0000000
0.0000000
0.0000000
0.0000000
0.0000000
0.0000000
0.0000000
0.0000000
0.0000000
0.0000000
0.0000000
0.0000000
0.0000000
0.0000000
0.0000000
0.0000000
0.0000000
0.0000000
0.0000000
0.0000000
0.0000000
0.0000000
0.0000000
0.0000000
0.0000000
0.0000000
0.0000000
0.0000000
0.0000000
0.0000000
0.0000000
0.0000000
0.0000000
0.0000000
0.0000000
0.0000000
0.0000000
0.0000000
0.0000000
0.0000000
0.0000000
0.0000000
0.0000000
0.0000000
0.0000000
0.0000000
0.0000000
0.0000000
0.0000000
0.0000000
0.0000000
0.0000000
0.0000000
0.0000000
0.0000000
0.0000000
0.0000000
0.0000000
0.0000000
0.0000000
0.0000000
0.0000000
0.0000000
0.0000000
0.0000000
0.0000000
0.0000000
0.0000000
0.0000000
0.0000000
0.0000000
0.0000000
0.0000000
0.0000000
0.0000000
0.0000000
0.0000000
0.0000000
0.0000000
0.0000000
0.0000000
0.0000000
0.0000000
0.0000000
0.0000000
0.0000000
0.0000000
0.0000000
0.0000000
0.0000000
0.0000000
0.0000000
0.0000000
0.0000000
0.0000000
0.0000000
0.0000000
0.0000000
0.0000000
0.0000000
0.0000000
0.0000000
0.0000000
0.0000000
0.0000000
0.0000000
0.0000000
0.0000000
0.0000000
0.0000000
0.0000000
0.0000000
0.0000000
0.0000000
0.0000000
0.0000000
0.0000000
0.0000000
0.0000000
0.0000000
0.0000000
0.0000000
0.0000000
0.0000000
0.0000000
0.0000000
0.0000000
0.0000000
0.0000000
0.0000000
0.0000000
0.0000000
0.0000000
0.0000000
0.0000000
0.0000000
0.0000000
0.0000000
0.0000000
0.0000000
0.0000000
0.0000000
0.0000000
0.0000000
0.0000000
0.0000000
0.0000000
0.0000000
0.0000000
0.0000000
0.0000000
0.0000000
0.0000000
0.0000000
0.0000000
0.0000000
0.0000000
0.0000000
0.0000000
0.0000000
0.0000000
0.0000000
0.0000000
0.0000000
0.0000000
0.0000000
0.0000000
0.0000000
0.0000000
0.0000000
0.0000000
0.0000000
0.0000000
0.0000000
0.0000000
0.0000000
0.0000000
0.0000000
0.0000000
0.0000000
0.0000000
0.0000000
0.0000000
0.0000000
0.0000000
0.0000000
0.0000000
0.0000000
0.0000000
0.0000000
0.0000000
0.0000000
0.0000000
0.0000000
0.0000000
0.0000000
0.0000000
0.0000000
0.0000000
0.0000000
0.0000000
0.0000000
0.0000000
0.0043615
0.3930446
1.4035496
2.2039816
1.9472308
0.9386122
0.4399350
0.4327534
0.9171591
6.2655358
13.0608234
18.9669418
37.3087387
50.1932335
73.0769806
144.2561798
209.6313934
187.4105988
134.8546906
101.6398010
108.3554688
112.5560455
133.6543427
164.4758453
167.5750275
133.0617676
106.3722610
98.8619766
93.0577774
89.7210159
85.6766663
69.8352127
46.9083633
102.6505661
121.0980530
88.0583191
51.8783264
46.3004799
96.2483063
101.2816620
38.4649429
48.7610168
103.6176453
113.1803970
94.4167862
49.7279434
57.4736938
99.3179626
97.6345367
100.5800705
80.8282242
36.5333900
59.7520409
112.5700150
84.3228073
73.2334518
81.9839783
92.2056046
75.6140900
64.3457642
52.0253868
33.5413132
18.0445576
50.2910881
78.0586472
94.6684875
98.0992432
94.1261139
84.6159668
73.2489929
53.0364342
34.7675667
43.3640823
69.2471848
113.0162582
177.6033936
184.1861420
119.6730652
42.1422577
6.6851845
2.0795619
0.9648515
9.6780710
55.0620689
97.0893250
85.4408417
45.4204712
23.7360935
16.7728577
8.2542562
1.7688637
8.9780912
56.3652344
138.8601074
204.7747345
203.0298004
185.8440247
180.4779205
190.7206421
190.0902405
165.3047638
114.5295944
64.2676163
19.1581211
1.7989447
0.4240001
2.0010176
10.8334808
25.9976654
32.4499664
43.0721626
61.7850227
85.8372192
113.3484116
117.4773560
104.9046097
92.6318970
85.5559769
85.2256775
98.1157532
104.7033615
94.7635193
72.5432816
51.8538628
34.1568184
31.3217106
42.4720230
42.2441025
40.9323845
36.7102470
31.2191219
20.9932404
16.3314781
5.6315374
0.5429679
0.7350162
9.6181431
32.6268692
39.5008965
25.4793034
17.5649014
16.5286465
34.1371040
58.3749161
65.3408813
70.8208466
74.2485428
65.6795349
50.9556923
20.7583504
8.2390985
12.8488340
12.1770821
8.8991232
12.0869341
13.2597237
12.0416155
9.5414810
9.3159342
17.7526283
32.9250488
42.4035568
42.7432404
38.3012314
33.2312012
30.3330326
24.1300697
29.5113831
26.4578190
17.0633717
20.9082222
24.0906658
23.3447018
22.8817387
27.1235390
16.1352634
9.0154629
6.3439121
3.1323483
3.4936018
10.1638556
18.7313576
37.9711113
59.6944389
63.9129753
55.4379120
42.0792656
30.4653225
30.2866478
31.4017811
22.4902897
24.5578938
18.2021484
9.5667896
13.0422297
17.5282021
20.1354179
23.5442276
36.8623047
36.8801956
19.3676567
9.0837803
5.6703386
3.6568203
2.5702529
2.5838132
1.7213731
1.0827425
1.0034233
0.6793638
0.4301704
0.3030000
0.3312030
0.3151271
0.4014568
0.3852510
0.4030731
0.6239262
0.8256910
0.9622039
1.1268483
1.0794629
1.0872102
1.1278539
1.0191022
0.8906521
0.9230104
1.0723915
1.0337343
1.0303245
1.0265331
0.8981743
0.8128505
0.7074402
1.0900463
1.5346711
1.4186497
1.1943488
1.2400243
1.1646852
1.0935118
1.1287462
0.9043667
0.9250840
0.9179648
0.7981766
0.8592277
1.0310068
1.2026030
1.2405677
0.9650134
0.7174690
0.6735830
0.5565159
0.3793960
0.2249893
1.6376342
8.7353401
20.5588455
34.9025040
50.7163315
57.3990860
47.5039673
28.6350307
22.4248848
23.8121777
20.7382584
45.4045258
69.9409790
84.2429504
101.5478516
119.5433884
118.3585129
103.3612976
54.7014160
22.7565842
10.2442741
22.2083569
92.5132370
138.7668457
102.3495331
66.5175095
35.7433014
17.7004452
10.0604324
22.1843796
75.4306412
93.8932190
91.1684647
85.8331375
79.7708969
63.0517197
36.6501732
26.5962925
27.1033344
13.2614412
9.7295074
3.4455540
0.8442036
0.9624763
16.5145016
61.9079056
103.9301071
116.8337555
101.2195282
79.2301102
49.0656052
19.2551003
6.2035565
3.6973333
7.9656482
17.9513245
38.9583130
54.8717995
56.7955093
58.1077499
60.1067886
65.2186890
64.6478195
54.4636879
37.2867012
14.9211245
16.1300163
30.6015511
48.6979828
42.1002693
22.8575191
15.8696365
28.1818390
33.0046692
40.6213379
55.3088570
57.3507385
50.3969345
53.3733025
63.6711693
63.4859581
44.2146225
40.3009415
73.9569702
86.8015518
81.1965485
56.5878143
24.9120979
6.9886732
3.4090297
1.5506525
3.0029011
8.0465517
37.7899094
88.3085098
120.0365982
118.5572205
95.2513275
69.4934616
47.7772598
29.6556244
13.1487799
24.2689743
40.1467361
22.9911003
20.6232719
29.9722252
37.8612137
39.3828545
30.8056240
20.2644482
13.4567499
9.2219229
5.9484277
3.9476347
2.0335634
1.4347516
1.3207235
2.3122587
4.0574799
4.1401720
2.2576969
1.4936779
2.0762062
3.4790716
4.0243864
3.8783879
2.8942318
2.6857421
2.6140079
2.0420961
1.2785178
0.9400722
2.0528407
24.8608685
85.1901627
145.8683624
171.2932281
157.0827179
117.6960449
91.7109070
85.8539047
97.4647675
75.2814255
28.7759514
6.5886602
2.7971084
3.6467040
4.5989380
1.1353323
1.0105424
11.4362888
34.1809273
41.9051857
32.8559113
41.4051971
51.6530190
48.5304031
66.7849731
99.0395050
86.6963272
43.0900726
16.6651688
5.8560495
2.9593279
11.2361727
69.5628204
98.0302048
67.5451279
32.4825859
16.5402546
12.7861404
4.8579726
1.0171847
1.2198696
2.1435084
2.8735466
3.3813813
5.8635015
8.0834570
6.7690506
5.5504851
11.7443428
28.4279537
37.8512611
27.5860920
10.1104927
3.1704202
3.4873171
6.4088655
11.2288570
42.7191238
99.5349274
125.4658508
93.9599533
28.9447708
5.1588221
1.6853971
5.0755672
11.3415728
6.2779851
9.9922428
34.5213547
74.9552765
94.5098419
83.4062500
42.4064674
21.9459305
50.4815750
112.6637497
154.8747864
139.7348022
116.6162872
78.7405777
40.7819748
11.5346241
2.4228957
0.4755289
7.0998254
23.8246422
29.5012264
18.4484062
8.8622055
4.6293020
2.5185723
1.4118087
0.6490366
0.2255321
0.1324604
1.1973658
3.5350971
4.3536072
3.9732957
3.6455131
3.7300506
3.6137695
3.6136603
3.5577464
3.7068007
3.5915732
3.4899633
3.6112018
3.2389164
2.9264371
2.6658819
2.7958379
3.4426405
3.4329541
2.7027593
2.1682522
1.6266824
1.0736295
0.7406145
0.4714608
0.4019213
2.4604349
17.0007401
42.9823952
71.9070053
95.6258545
108.5430069
108.0437317
89.6830750
69.7242050
56.2461548
45.4122391
25.8849621
39.2612572
70.7261124
76.9165497
79.2274933
68.0791321
55.0419998
55.8253441
59.0698929
45.2756119
25.4892197
16.2504196
28.3910942
39.6852913
60.9412117
61.4479523
55.6195526
46.4757881
26.7956696
8.3284388
6.9107761
6.5655851
8.5630627
7.9422474
7.2643137
5.7563214
4.7475953
4.1087575
3.7255669
3.1287630
3.0717282
4.2257538
6.3491354
8.8833628
10.1193390
8.8858967
7.0522757
5.6557102
3.6612682
2.3411276
1.4150574
0.6421773
0.4903658
0.7603113
1.1619591
1.4599993
1.9093733
2.6958933
3.6182628
4.8973951
5.8252602
6.1259756
5.8346119
5.4507980
5.9779911
7.2836137
9.5509663
12.1715565
13.7305603
12.6631718
9.6856985
7.0683155
4.7215595
3.4282901
2.3223796
2.1859319
1.4252601
0.9442919
0.9369888
0.9022889
0.6664408
0.6512892
0.4880381
0.2871643
0.1933171
0.2878376
0.6487990
1.6133626
2.4793069
2.8755236
2.8917193
3.0537274
3.3301191
2.9686193
2.3557327
2.0577986
1.8933446
2.0804331
1.9724195
2.1507795
2.2567437
2.0689561
1.8300741
1.3111726
1.1495973
0.7325445
0.3526265
0.4304745
4.1249681
25.4398327
51.7043419
81.6956482
115.3150101
114.8529663
69.8229446
23.7681770
6.8872232
4.1365170
8.8926477
21.6073456
40.5036774
74.6148300
89.1740570
71.1918564
42.1597710
15.9218817
11.7149286
16.7860699
10.0903873
2.2278607
2.1560550
19.4914150
45.3931389
60.9616318
75.0771790
91.9147720
106.3296967
116.2985535
111.9598770
91.7497559
73.4438705
64.7977219
66.5606003
74.0695038
72.1981354
66.7741928
64.2504272
64.7757645
53.8435020
52.1053772
74.5793381
86.9273987
75.3747025
57.1037674
51.0157089
37.3284988
28.4657326
52.8693008
63.9003944
51.4255753
28.3761292
9.8787889
10.5301294
4.6559649
4.5181069
5.5521774
5.1282892
3.8903551
2.9415283
2.1699367
1.9721884
2.3712027
3.5848241
2.9211702
0.8242907
0.3170322
0.3887251
1.4246532
18.8054199
43.7503738
59.9931870
85.2525711
131.0511322
188.7930603
205.9096985
138.2059784
53.5284271
14.5213823
7.6480603
4.1666760
1.1494751
1.6518576
20.2349129
56.7383919
91.2037430
133.4835510
189.9739838
220.6279755
181.3760529
106.0908813
17.6927795
24.9460239
10.3066664
4.1501198
3.0801747
2.0631547
1.3205870
0.7598480
0.4830027
0.4717919
0.6620991
1.5968716
8.9905262
18.7640648
29.3040562
53.3778038
91.3111877
119.0469131
107.3579330
63.3489952
21.3291817
9.9826803
5.5620413
14.1470385
40.9556046
57.9078751
62.0438271
45.2871246
17.9846153
12.5259542
14.9972181
18.8066292
22.8397293
29.3179340
50.7666168
70.7204056
59.3534851
37.8004036
27.1833286
20.5936165
16.8136692
5.2370133
3.1361754
2.2231302
14.6875229
47.0656395
72.6581345
62.8048515
44.6535797
25.8959980
14.2750978
17.1762848
36.2936249
67.8735199
55.3752747
17.5437622
8.3579426
8.0875597
5.5792761
1.2598017
1.8506074
4.4290180
19.7524681
44.6627884
63.2720299
75.7519836
96.3117905
109.0317993
108.0295334
79.2711334
37.7763863
7.8702478
3.8455758
1.2674587
4.2222695
10.8634911
4.6907578
1.6627635
6.2004576
11.2829809
8.7998066
2.4580684
1.4390749
1.0033669
0.7277865
0.6995823
0.6232859
0.6036549
0.5070064
0.5087312
0.4018446
0.5100773
0.6893473
0.4694915
0.3758025
0.5102209
0.5685053
0.4009795
0.4405748
0.5245802
0.4486963
0.5299491
0.5461154
0.5832092
0.4852437
0.4499986
0.6462567
0.7396761
0.5894015
0.5661102
0.4837472
0.3574579
0.4939755
0.7751047
1.1946654
1.5572701
1.7487520
1.8542490
1.9231616
1.6149619
1.4498221
1.4249990
1.4818362
1.4454237
1.3700950
1.0863985
0.7694253
0.5865002
0.5153440
0.4058068
0.4109379
0.5360878
1.1772060
2.9310770
16.7134209
42.8023682
65.2039566
76.3411179
77.0092850
76.6695404
74.0303955
70.4637527
62.8646812
56.8217964
41.6802673
32.6514969
39.8631516
28.8035107
16.6561069
32.1933556
18.1705189
5.7426224
3.5612435
3.7449312
3.5629961
2.6090026
1.8545241
1.1315870
0.7976609
0.7881422
0.6046681
0.5757018
0.5309027
0.5576559
0.6913570
0.6652548
0.4327267
0.5782350
0.9331518
0.6342262
0.5845469
0.5752432
0.5762360
1.2008996
2.9226708
4.9804325
11.1909704
27.0443668
46.0720825
57.8669586
58.3052063
53.3106689
65.7533340
103.1467438
134.3258820
135.0896759
99.4471664
57.7382393
27.7512054
13.6809549
9.0423851
1.2871193
0.9898507
0.8323700
0.9251883
8.2859573
24.3680038
30.5931816
19.5710335
6.2104273
1.3721340
0.6207119
0.3261137
8.3190002
48.8804436
87.9434662
82.0027008
47.1918907
24.6914749
16.4800053
13.1720390
24.5780392
61.4832726
72.2630844
64.7379150
53.1382103
38.2756233
29.1259384
24.7675858
14.9445906
7.2026086
18.7044716
49.5529175
77.5235062
72.7434692
65.5211716
57.6553726
39.6267624
21.9436855
9.9462814
3.7385638
0.5821326
5.6895127
15.0152187
18.8882141
13.6902666
7.4461780
4.5189533
2.5669205
7.1549459
26.1405163
52.9665527
71.3774338
73.1777725
61.4854050
49.0668755
48.8912888
45.3688087
45.4490700
43.2036133
37.5049934
33.1750183
32.9074707
26.0505657
21.5145531
12.9463654
6.8526316
3.5834131
4.1771593
9.2197495
31.7671871
52.7400932
78.4318390
95.0119553
74.8401337
38.2210655
20.9201107
31.1410751
43.7639885
40.9391365
27.0874748
22.6102390
16.0639553
7.8246155
8.2651978
15.6526833
21.5480061
37.1555443
49.9318161
54.3100433
54.5443649
66.6138763
75.6114349
88.0156097
93.1902847
78.5820160
63.1169739
39.7380791
25.7784481
4.7442541
0.9704278
2.2858729
11.9969835
31.2161770
35.3016129
29.9089203
32.4479141
34.9887695
27.0099163
16.3882999
9.3202152
19.9261761
33.2809830
35.7911072
27.7972393
19.2822590
19.2808228
26.3729134
36.1122513
37.5160637
35.1452141
30.5557213
25.7975807
18.9204826
15.4004545
16.0126190
13.0002537
6.8287983
2.1343038
1.1085410
4.9244876
9.4789066
14.4893007
17.6640892
17.0190105
14.1316404
11.3738451
9.2611322
5.9814835
3.3900418
1.6519132
0.7216381
0.3549716
0.1930595
0.2960047
0.2983057
0.3295013
0.2493376
0.0392942
0.0016787
0.0006615
0.0000000
0.0000000
0.0000000
0.0000000
0.0000000
0.0000000
0.0000000
0.0000000
0.0000000
0.0000000
0.0000000
0.0000000
0.0000000
0.0000000
0.0000000
0.0000000
0.0000000
0.0000000
0.0000000
0.0000000
0.0000000
0.0000000
0.0000000
0.0000000
0.0000000
0.0000000
0.0000000
0.0000000
0.0000000
0.0000000
0.0000000
0.0000000
0.0000000
0.0000000
0.0000000
0.0000000
0.0000000
0.0000000
0.0000000
0.0000000
0.0000000
0.0000000
0.0000000
0.0000000
0.0000000
0.0000000
0.0000000
0.0000000
0.0000000
0.0000000
0.0000000
0.0000000
0.0000000
0.0000000
0.0000000
0.0000000
0.0000000
0.0000000
0.0000000
0.0000000
0.0000000
0.0000000
0.0000000
0.0000000
0.0000000
0.0000000
0.0000000
0.0000000
0.0000000
0.0000000
0.0000000
0.0000000
0.0000000
0.0000000
0.0000000
0.0000000
0.0000000
0.0000000
0.0000000
0.0000000
0.0000000
0.0000000
0.0000000
0.0000000
0.0000000
0.0000000
0.0000000
0.0000000
0.0000000
0.0000000
0.0000000
0.0000000
0.0000000
0.0000000
0.0000000
0.0000000
0.0000000
0.0000000
0.0000000
0.0000000
0.0000000
0.0000000
0.0000000
0.0000000
0.0000000
0.0000000
0.0000000
0.0000000
0.0000000
0.0000000
0.0000000
0.0000000
0.0000000
0.0000000
0.0000000
0.0000000
0.0000000
0.0000000
0.0000000
0.0000000
0.0000000
0.0000000
0.0000000
0.0000000
0.0000000
0.0000000
0.0000000
0.0000000
0.0000000
0.0000000
0.0000000
0.0000000
0.0000000
0.0000000
0.0000000
0.0000000
0.0000000
0.0000000
0.0000000
0.0000000
0.0000000
0.0000000
0.0000000
0.0000000
0.0000000
0.0000000
0.0000000
0.0000000
0.0000000
0.0000000
0.0000000
0.0000000
0.0000000
0.0000000
0.0000000
0.0000000
0.0000000
0.0000000
0.0000000
0.0000000
0.0000000
0.0000000
0.0000000
0.0000000
0.0000000
0.0000000
0.0000000
0.0000000
0.0000000
0.0000000
0.0000000
0.0000000
0.0000000
0.0000000
0.0000000
0.0000000
0.0000000
0.0000000
0.0000000
0.0000000
0.0000000
0.0000000
0.0000000
0.0000000
0.0000000
0.0000000
0.0000000
0.0000000
0.0000000
0.0000000
0.0000000
0.0000000
0.0000000
0.0000000
0.0000000
0.0000000
0.0000000
0.0000000
0.0000000
0.0000000
0.0000000
0.0000000
0.0000000
0.0000000
0.0000000
0.0000000
0.0000000
0.0000000
0.0000000
0.0000000
0.0000000
0.0000000
0.0000000
0.0000000
0.0000000
0.0000000
0.0000000
0.0000000
0.0000000
0.0000000
0.0000000
0.0000000
0.0000000
0.0000000
0.0000000
0.0000000
0.0000000
0.0000000
0.0000000
0.0000000
0.0000000
0.0000000
0.0000000
0.0000000
0.0000000
0.0000000
0.0000000
0.0000000
0.0000000
0.0000000
0.0000000
0.0000000
0.0000000
0.0000000
0.0000000
0.0000000
0.0000000
0.0000000
0.0000000
0.0000000
0.0000000
0.0000000
0.0000000
0.0000000
0.0000000
0.0000000
0.0000000
0.0000000
0.0000000
0.0000000
0.0000000
0.0000000
0.0000000
0.0000000
0.0000000
0.0000000
0.0000000
0.0000000
0.0000000
0.0000000
0.0000000
0.0000000
0.0000000
0.0000000
0.0000000
0.0000000
0.0000000
0.0000000
0.0000000
0.0000000
0.0000000
0.0000000
0.0000000
0.0000000
0.0000000
0.0000000
0.0000000
0.0000000
0.0000000
0.0000000
0.0000000
0.0000000
0.0000000
0.0000000
0.0000000
0.0000000
0.0000000
0.0000000
0.0000000
0.0000000
0.0000000
0.0000000
0.0000000
0.0000000
0.0000000
0.0000000
0.0000000
0.0000000
0.0000000
0.0000000
0.0000000
0.0000000
0.0000000
0.0000000
0.0000000
0.0000000
0.0000000
0.0000000
0.0000000
0.0000000
0.0000000
0.0000000
0.0000000
0.0000000
0.0000000
0.0000000
0.0000000
0.0000000
0.0000000
0.0000000
0.0000000
0.0000000
0.0000000
0.0000000
0.0000000
0.0000000
0.0000000
0.0000000
0.0000000
0.0000000
0.0000000
0.0000000
0.0000000
0.0000000
0.0000000
0.0000000
0.0000000
0.0000000
0.0000000
0.0000000
0.0000000
0.0000000
0.0000000
0.0000000
0.0000000
0.0000000
0.0000000
0.0000000
0.0000000
0.0000000
0.0000000
0.0000000
0.0000000
0.0000000
0.0000000
0.0000000
0.0000000
0.0000000
0.0000000
0.0000000
0.0000000
0.0000000
0.0000000
0.0000000
0.0000000
0.0000000
0.0000000
0.0000000
0.0000000
0.0000000
0.0000000
0.0000000
0.0000000
0.0000000
0.0000000
0.0000000
0.0000000
0.0000000
0.0000000
0.0000000
0.0000000
0.0000000
0.0000000
0.0000000
0.0000000
0.0000000
0.0000000
0.0000000
0.0000000
0.0000000
0.0000000
0.0000000
0.0000000
0.0000000
0.0000000
0.0000000
0.0000000
0.0000000
0.0000000
0.0000000
0.0000000
0.0000000
0.0000000
0.0000000
0.0000000
0.0000000
0.0000000
0.0729021
0.5019757
1.0918943
1.2680814
0.9578803
0.6450725
0.5699837
0.8021194
14.8043480
65.5788422
143.6550598
187.4933929
169.2375336
134.3719025
135.7241974
124.9820404
104.1808929
142.8901825
154.1472931
143.4501038
124.3111649
89.5123138
40.8672791
55.2030678
75.9101791
52.6049385
28.9074879
37.3506050
71.5464325
92.3370590
92.4352417
92.0496216
81.1421738
50.2194443
24.9913235
15.2646093
45.8413429
115.0253906
147.7914124
99.2914658
47.4840965
16.0807304
19.3776798
98.0134048
177.8841400
198.0597992
177.1359863
142.1976471
105.3962555
75.6168060
67.1816864
40.7329330
9.9969759
3.8839526
0.6810312
0.5333492
25.4566956
93.7016983
146.5652008
146.7367249
111.5749359
81.0635223
57.9294815
50.1389961
85.2916183
68.6284485
28.2470818
6.6801434
4.0642381
18.6925011
33.5880127
24.3625336
6.8395376
4.8918548
36.7103081
127.5936356
196.8114014
186.0546570
123.1571808
71.6303940
43.1289406
48.1199074
75.3164062
87.2660065
74.3257675
45.2966423
23.2492809
10.7916346
3.9683034
5.3641310
24.4140167
44.9861870
60.7402306
104.6230545
160.2797089
167.4499817
111.8478012
77.7040558
76.6415482
96.3456497
79.3235321
63.7040901
58.1498642
50.6714897
33.4514427
27.3673916
32.3114090
28.9096298
21.1006031
14.6263103
15.6448851
16.9023914
21.2273712
30.9537125
62.5496712
103.9790344
131.7347565
128.2039490
81.9067383
43.2271538
12.7521763
1.1666570
6.2436190
29.9238758
48.5337067
47.9916801
46.1418915
56.2947693
66.3482590
65.7188568
55.3809662
41.1065369
26.1259613
15.4452744
11.4590549
17.4738541
20.9195976
16.9937897
10.2683725
5.5045662
19.2465096
25.4494991
20.4430141
11.6799335
5.8720598
7.7908840
10.1219149
7.7586012
4.2835588
2.8281572
2.2547975
1.3488755
0.8390980
0.6479154
0.6575282
0.5249540
0.3136592
0.2728384
0.2575779
0.3324690
0.4981081
0.5619209
0.4652781
0.3449284
0.3455918
0.3996135
0.5212379
0.5804485
0.6592723
0.6133146
0.5654859
0.7253335
0.8684657
0.9097316
1.1260810
1.1944808
1.0933281
1.0707614
0.9818922
1.0859789
1.3173307
1.2068236
1.1758376
1.1099191
0.8863413
0.8925927
0.7431723
0.6775029
0.6953841
0.6356246
0.5424222
0.4587375
0.3348190
0.4533656
0.8298360
9.2486258
30.8326683
63.2601585
105.2481537
132.9704742
112.8276062
75.8443451
51.0163651
53.1321793
64.1521606
63.7389946
67.3074493
74.8901520
66.2882004
44.9643173
24.2010155
9.9350328
37.0343094
43.9209366
20.5124741
18.8168373
36.7106552
38.0278893
28.3627434
22.3321362
23.2849026
21.6989937
12.7451096
17.0427856
47.9461174
79.5097656
92.2297745
85.9744644
62.3850708
35.1905746
16.2195454
10.8315830
12.8549366
16.8337917
21.7378635
34.0052223
28.1479263
12.3573685
5.7818737
15.5250616
24.8316154
17.5138397
9.2410603
9.2405376
12.2823048
15.6503963
15.9304752
31.2744694
67.8496780
93.2423477
83.6436462
64.6072693
46.8110199
38.5672684
42.1053886
43.7277374
39.5166588
29.3876324
14.6861782
4.7785463
1.1954775
8.8608170
39.4317322
78.1638947
96.0966568
90.9299927
81.4989243
97.7546387
121.2615356
138.6842194
148.3770599
151.9593658
146.2563477
107.9233856
53.6389046
22.2873955
5.9021788
3.2640829
4.8486495
3.6600037
4.2460027
3.7973330
2.6000290
1.5467385
1.3114150
1.1020838
0.9875389
1.0268075
0.5914499
0.3442871
0.2333120
0.3276187
0.2833752
0.4240425
0.5223082
0.3332844
0.3145314
0.3968977
0.3989016
0.5118568
0.9155573
1.0833545
0.8066318
0.7612280
0.8691478
1.1281717
1.0397953
0.9358014
0.9151410
0.8598379
0.9054384
0.9396247
0.8215379
0.8544723
0.9232038
0.8195768
0.8294873
0.9575261
0.9805659
0.5765828
0.3616602
0.4319950
0.3408092
0.3708149
3.0343714
10.9915142
24.6893444
54.2116776
98.1677322
137.1413727
149.0729065
118.7032471
79.5711670
42.9471016
32.7975502
56.5435104
62.9109383
53.0933533
45.8414116
48.6186600
57.2842636
68.1742401
70.4545059
58.9964218
41.3855782
46.6639824
51.4793205
31.4003258
12.5953827
22.7386208
30.6156197
43.5523338
41.0684357
35.6116791
33.4880753
16.3968124
13.5247345
13.1612587
23.1408348
28.2306328
19.2113972
9.1389170
7.1257386
10.1850977
13.2517843
16.4470825
17.7009678
19.2086391
23.1246891
38.6636238
53.8776855
58.0671043
60.3430214
62.1100731
46.8126068
31.1040688
20.9186172
23.1496639
27.9638786
28.2273045
23.7568207
15.9674950
9.5500526
19.7803268
13.9503822
4.7156978
4.6867976
4.2085533
4.5791855
4.9169121
5.4364576
11.6489801
24.4247398
40.3280258
61.5663338
82.4528275
90.1553192
76.1906281
55.4463882
48.6180153
53.2705841
62.3922882
58.6020126
44.6925392
24.4106674
44.5004196
78.8429260
75.3040619
49.8459663
45.7103920
41.8404579
39.7560081
31.0038319
19.4315910
26.5738544
8.9475317
5.8231292
4.5406265
4.1943774
3.0212431
1.4663541
0.7670889
0.3803418
0.2471851
0.1607101
0.2282737
0.3644781
0.7187792
0.8745397
1.0147293
0.9622471
0.8200299
0.7125970
0.7111053
0.9336093
1.0724827
0.8961088
0.7549776
0.8910230
0.9758054
0.8913366
0.7530555
0.6574994
0.7150722
0.8931856
1.0716221
0.8482285
0.5154595
0.3712730
0.4116006
0.4567315
0.5184133
0.4388695
0.3934371
0.4524721
0.4124416
0.4257089
3.3603401
15.3332434
30.8458500
51.6371117
84.5951157
121.3973007
146.3462982
138.3607635
91.6975403
42.1720924
22.7562256
21.3134556
41.5817947
43.4314804
15.4419804
14.6926117
4.8432837
3.5492177
42.4477768
67.5166626
60.2436142
52.3017921
56.4688721
53.5696716
35.4190559
28.4863033
19.4067345
11.7055359
10.5191507
14.8615065
12.3434420
8.7163658
21.9359055
34.0679665
41.1188698
36.2155914
23.3885994
14.7631378
6.8350835
3.5476491
2.5744352
2.0620430
1.8038599
1.0177881
0.4686877
0.4485972
0.3392833
0.3111118
0.4636080
0.5656102
0.6723009
0.5829268
0.3672492
0.3201836
0.3524007
0.4253221
0.5127608
0.4381713
0.4113001
0.3111283
0.3647603
0.4885861
0.5038311
0.4731244
0.4611290
0.4301069
0.5007494
0.6723963
0.6699567
0.6327974
0.7839313
0.8540237
0.9042503
0.7999263
0.6797452
0.6370386
0.6638421
0.5498513
0.4775252
0.4585956
0.5664853
0.7296807
0.7254143
0.5305036
0.5198798
0.5366074
0.4662018
0.4360122
0.3282960
0.2669982
0.3570260
0.5566980
4.1994185
13.5121555
20.1755009
32.1932983
64.6872711
109.3067322
138.9091187
126.1238632
96.8151093
71.0541382
65.9225464
75.8777084
84.1847076
83.8534622
69.2310104
57.3407021
41.5556030
41.9647102
52.5681572
38.5744324
17.8221321
38.5824127
47.9529991
35.7958603
21.2103577
8.5136557
22.2571774
27.7502823
16.1643772
9.4391088
8.9806137
7.3247757
4.3148341
5.6605992
8.8048792
11.3087330
8.6351366
5.3777347
3.5416856
2.8587935
2.4923229
2.0511918
1.5060003
1.1178391
0.8638530
0.7089058
0.6671376
0.7866681
0.5910934
0.2418736
0.1936757
0.1936279
0.3823199
0.5572034
0.5302271
0.5382098
0.7617248
0.7005876
0.5831969
0.4626474
0.4681914
0.5182283
0.5507343
0.5928031
0.6667860
0.6303065
0.5389359
0.4892326
0.4252949
1.7015142
6.7501655
15.2445440
26.1746635
43.7762794
59.2689323
75.2627106
124.2840500
192.0116119
204.7707367
158.0197449
110.9933243
78.2463531
46.8341103
37.4921417
44.3154221
66.5179520
86.7637024
71.5661011
44.5727997
21.6458683
6.4434528
9.2172575
25.1181126
34.8373566
23.1679440
13.0352745
24.6666489
48.1363449
83.2390289
114.9377899
110.2749939
89.9131927
71.7738495
55.1954231
36.6363029
60.7333031
76.5862350
39.7105637
10.6506195
1.8074663
1.9962351
6.2967110
12.4174242
5.1983676
2.9427154
0.9682315
0.7915255
0.8196695
0.5470840
0.2950605
0.2311598
0.3999263
0.5179582
0.4763719
0.5765451
0.5224525
0.4039534
0.3161708
0.3870088
0.3990281
0.5596434
0.5482916
0.4042134
0.3141017
0.3320716
0.4353963
0.5279878
0.5408021
0.4636196
0.3483837
0.3961773
0.4912179
0.4068700
0.4209263
0.6240051
0.6515660
0.4906615
0.3322284
0.2996436
0.2663780
0.3177256
0.4461073
0.5933192
0.6918813
0.6294964
0.5512497
0.4702155
0.4375966
0.5456596
0.6418456
0.5773537
0.4337786
0.4232773
0.3850431
0.4339911
0.4843520
0.5812695
0.4894468
0.4164574
0.4537147
0.4280631
0.3765160
0.5103810
0.7058362
0.5085931
0.8270508
2.0576336
2.7740779
1.6690828
0.4734979
2.2228847
11.7181273
21.3780746
20.6025906
25.8687630
54.6890907
77.2722321
68.6446228
48.8679352
35.0113945
24.9455605
15.9089890
10.8901329
10.8125601
12.8979034
14.6477156
13.5493450
20.6841316
35.6773529
56.0430908
71.8912735
70.3910599
56.9379120
47.0653687
40.4219208
32.4038162
20.8737450
13.4158087
20.8237400
33.0963631
50.5630646
46.5064163
34.8819084
19.6320934
18.6925945
28.9835606
15.7058897
3.4295692
1.9895005
1.7717527
2.9164548
3.0615697
2.4504387
1.6429449
1.2554132
0.9904612
0.9476333
0.6561560
0.5520163
0.5008566
0.3360656
0.2670948
0.2814454
0.4308420
0.6563217
0.6323784
0.4780828
0.3264377
0.3607232
0.6046756
0.6558521
0.3938097
0.3370445
0.3762117
0.4943437
0.6691834
0.6216054
0.4374240
0.3455939
0.4350530
0.6514418
0.8457577
0.6766273
0.3599046
0.3245169
0.3936312
0.4357037
0.9128590
7.0181923
20.2000160
33.7259903
38.7825317
32.0805855
30.7854805
41.8347511
42.3186035
29.5101814
24.8914223
33.9847527
63.4675140
126.5482483
172.8355560
160.6216888
114.7917786
80.0079117
53.6507492
40.9845963
42.9861336
31.4707375
18.2463341
5.1614380
9.4789038
6.8786325
6.3703547
23.5069561
45.6771278
43.9084015
21.2981491
17.5703545
20.9410305
16.7663403
14.7260151
18.5768604
28.1070042
32.6991501
34.1165123
30.1787834
18.9447727
8.5049849
4.8055053
15.3379650
51.1639442
80.6330414
66.8125458
25.1917286
4.6092544
1.2385665
3.5317383
18.6988926
30.7494583
21.1076145
10.1826954
18.4433270
44.2242241
60.1331482
51.0528221
34.2690849
19.1365128
9.6336260
6.0786099
5.3518882
5.6931796
4.1339493
1.3762945
2.5075254
2.8642981
13.6376410
26.3181839
25.8264236
22.3517666
41.6595688
72.1255875
75.6079254
61.6468010
48.1502190
36.8965874
26.4547596
18.9654560
28.5965939
29.8009262
13.8256950
6.8670263
4.9709244
3.5552831
8.3502274
24.1556988
23.0652275
16.2174797
7.6347837
3.8134837
2.4007916
1.3006546
0.8361681
0.7118980
0.7188562
0.4562260
0.2751912
0.1316325
0.0604086
0.0120776
0.0002180
0.0000000
0.0000000
0.0000000
0.0000000
0.0000000
0.0000000
0.0000000
0.0000000
0.0000000
0.0000000
0.0000000
0.0000000
0.0000000
0.0000000
0.0000000
0.0000000
0.0000000
0.0000000
0.0000000
0.0000000
0.0000000
0.0000000
0.0000000
0.0000000
0.0000000
0.0000000
0.0000000
0.0000000
0.0000000
0.0000000
0.0000000
0.0000000
0.0000000
0.0000000
0.0000000
0.0000000
0.0000000
0.0000000
0.0000000
0.0000000
0.0000000
0.0000000
0.0000000
0.0000000
0.0000000
0.0000000
0.0000000
0.0000000
0.0000000
0.0000000
0.0000000
0.0000000
0.0000000
0.0000000
0.0000000
0.0000000
0.0000000
0.0000000
0.0000000
0.0000000
0.0000000
0.0000000
0.0000000
0.0000000
0.0000000
0.0000000
0.0000000
0.0000000
0.0000000
0.0000000
0.0000000
0.0000000
0.0000000
0.0000000
0.0000000
0.0000000
0.0000000
0.0000000
0.0000000
0.0000000
0.0000000
0.0000000
0.0000000
0.0000000
0.0000000
0.0000000
0.0000000
0.0000000
0.0000000
0.0000000
0.0000000
0.0000000
0.0000000
0.0000000
0.0000000
0.0000000
0.0000000
0.0000000
0.0000000
0.0000000
0.0000000
0.0000000
0.0000000
0.0000000
0.0000000
0.0000000
0.0000000
0.0000000
0.0000000
0.0000000
0.0000000
0.0000000
0.0000000
0.0000000
0.0000000
0.0000000
0.0000000
0.0000000
0.0000000
0.0000000
0.0000000
0.0000000
0.0000000
0.0000000
0.0000000
0.0000000
0.0000000
0.0000000
0.0000000
0.0000000
0.0000000
0.0000000
0.0000000
0.0000000
0.0000000
0.0000000
0.0000000
0.0000000
0.0000000
0.0000000
0.0000000
0.0000000
0.0000000
0.0000000
0.0000000
0.0000000
0.0000000
0.0000000
0.0000000
0.0000000
0.0000000
0.0000000
0.0000000
0.0000000
0.0000000
0.0000000
0.0000000
0.0000000
0.0000000
0.0000000
0.0000000
0.0000000
0.0000000
0.0000000
0.0000000
0.0000000
0.0000000
0.0000000
0.0000000
0.0000000
0.0000000
0.0000000
0.0000000
0.0000000
0.0000000
0.0000000
0.0000000
0.0000000
0.0000000
0.0000000
0.0000000
0.0000000
0.0000000
0.0000000
0.0000000
0.0000000
0.0000000
0.0000000
0.0000000
0.0000000
0.0000000
0.0000000
0.0000000
0.0000000
0.0000000
0.0000000
0.0000000
0.0000000
0.0000000
0.0000000
0.0000000
0.0000000
0.0000000
0.0000000
0.0000000
0.0000000
0.0000000
0.0000000
0.0000000
0.0000000
0.0000000
0.0000000
0.0000000
0.0000000
0.0000000
0.0000000
0.0000000
0.0000000
0.0000000
0.0000000
0.0000000
0.0000000
0.0000000
0.0000000
0.0000000
0.0000000
0.0000000
0.0000000
0.0000000
0.0000000
0.0000000
0.0000000
0.0000000
0.0000000
0.0000000
0.0000000
0.0000000
0.0000000
0.0000000
0.0000000
0.0000000
0.0000000
0.0000000
0.0000000
0.0000000
0.0000000
0.0000000
0.0000000
0.0000000
0.0000000
0.0000000
0.0000000
0.0000000
0.0000000
0.0000000
0.0000000
0.0000000
0.0000000
0.0000000
0.0000000
0.0000000
0.0000000
0.0000000
0.0000000
0.0000000
0.0000000
0.0000000
0.0000000
0.0000000
0.0000000
0.0000000
0.0000000
0.0000000
0.0000000
0.0000000
0.0000000
0.0000000
0.0000000
0.0000000
0.0000000
0.0000000
0.0000000
0.0000000
0.0000000
0.0000000
0.0000000
0.0000000
0.0000000
0.0000000
0.0000000
0.0000000
0.0000000
0.0000000
0.0000000
0.0000000
0.0000000
0.0000000
0.0000000
0.0000000
0.0000000
0.0000000
0.0000000
0.0000000
0.0000000
0.0000000
0.0000000
0.0000000
0.0000000
0.0000000
0.0000000
0.0000000
0.0000000
0.0000000
0.0000000
0.0000000
0.0000000
0.0000000
0.0000000
0.0000000
0.0000000
0.0000000
0.0000000
0.0000000
0.0000000
0.0000000
0.0000000
0.0000000
0.0000000
0.0000000
0.0000000
0.0000000
0.0000000
0.0000000
0.0000000
0.0000000
0.0000000
0.0000000
0.0000000
0.0000000
0.0000000
0.0000000
0.0000000
0.0000000
0.0000000
0.0000000
0.0000000
0.0000000
0.0000000
0.0000000
0.0000000
0.0000000
0.0000000
0.0000000
0.0000000
0.0000000
0.0000000
0.0000000
0.0000000
0.0000000
0.0000000
0.0000000
0.0000000
0.0000000
0.0000000
0.0000000
0.0000000
0.0000000
0.0000000
0.0000000
0.0000000
0.0000000
0.0000000
0.0000000
0.0000000
0.0000000
0.0000000
0.0000000
0.0000000
0.0000000
0.0000000
0.0000000
0.0000000
0.0000000
0.0000000
0.0000000
0.0000000
0.0000000
0.0000000
0.0000000
0.0000000
0.0000000
0.0000000
0.0000000
0.0000000
0.0000000
0.0000000
0.0000000
0.0000000
0.0000000
0.0000000
0.0000000
0.0000000
0.0000000
0.0000000
0.0000000
0.0000000
0.0000000
0.0000000
0.0000000
0.0000000
0.0000000
0.0000000
0.0000000
0.0000000
0.0000000
0.0000000
0.0000000
0.0000000
0.0000000
0.0000000
0.0000000
0.0000000
0.0000000
0.0000000
0.0000000
0.0000000
0.0000000
0.0000000
0.0000000
0.0000000
0.0000000
0.0000000
0.0000000
0.0000000
0.0000000
0.0000000
0.0000000
0.0000000
0.0000000
0.0000000
0.0000000
0.0000000
0.0000000
0.0000000
0.0000000
0.0000000
0.0000000
0.0000000
0.0000000
0.0000000
0.0000000
0.0000000
0.0000000
0.0000000
0.0000000
0.0000000
0.0000000
0.0000000
0.0000000
0.0000000
0.0000000
0.0000000
0.0000000
0.0000000
0.0000000
0.0000000
0.0000000
0.0000000
0.0000000
0.0000000
0.0000000
0.0000000
0.0000000
0.0000000
0.0000000
0.0000000
0.0000000
0.0000000
0.0000000
0.0000000
0.0000000
0.0000000
0.0002817
0.1213846
0.4769949
0.9298945
1.4792387
1.8167007
1.3961842
0.6087131
8.7429504
26.2501640
32.8255539
21.7084255
44.4349861
114.4869308
158.7446899
139.6911163
102.1023102
75.1510086
53.7839470
78.4235077
78.5092545
88.0283585
135.5682068
98.3731384
81.8891754
107.0703201
79.5037155
52.3098221
94.3101425
126.1810303
116.0986786
72.8610382
41.1887741
93.7195663
164.1162720
160.5325317
107.6913300
58.9389954
31.1831627
43.0915108
90.4641876
118.9600067
88.7130814
50.3941269
42.8121300
179.8548584
198.9938965
141.1696167
67.2249298
35.1387024
36.8309593
56.9752464
112.6012039
166.2561493
154.6344604
77.7313080
20.1489410
6.1459551
2.3661547
3.8218508
25.1892567
69.4045486
89.2979050
73.3326645
45.3363533
21.4769516
12.9840002
10.4246960
12.0570478
8.2145329
13.4659357
58.1049843
124.2478027
157.9782257
153.9805298
146.7741394
162.4392853
177.6614838
187.4464569
187.3330383
176.2917938
148.0160370
105.7707748
65.8734283
36.1890450
24.2908878
4.5324807
0.3775063
0.6868433
8.5202999
21.1869564
19.8771553
13.6920156
22.9737244
46.0812035
69.5514069
100.9804840
129.4986115
126.7182541
95.7382660
65.8398132
49.7290268
93.7030563
145.4308319
136.1641388
114.3434982
102.9628296
96.7597504
86.7652206
76.1252899
68.3002090
68.5311966
69.2512970
65.3598328
72.2321777
112.1844940
92.1987915
44.7649879
11.8159008
10.1380386
8.1076193
8.0262566
6.7751083
4.7228665
3.1893425
2.5241039
1.9929788
1.3022097
1.3455911
1.4175553
1.3110160
1.2421962
0.9815791
0.8040604
0.6361041
0.6529946
0.8213316
0.8350433
0.7898307
0.6596431
0.7014028
0.6782315
0.4983928
0.4565571
0.4826228
0.4648334
0.3848296
0.3550652
0.2954053
0.3178042
0.3546467
0.3969706
0.5424257
0.7780900
0.7351741
0.5766357
0.5551319
0.7321995
0.8449804
0.8175122
0.8198227
1.0593969
1.2944237
1.2902592
1.2083570
1.2088553
1.2259042
1.2067459
0.9161010
0.9366921
0.8660327
0.8434594
0.8093296
0.7142218
0.6514134
0.6900954
0.6019734
0.5929608
0.5969162
0.8399779
1.0408826
0.9434256
0.7481996
0.7133996
0.6607723
0.7779002
0.8328720
0.7316877
0.6432954
0.7139140
0.6223559
0.5654505
0.4378375
0.3552563
1.7881567
10.3404675
22.0830212
35.7323494
53.1240883
58.9736557
40.0912399
10.8188105
3.8289104
11.2722054
51.4615288
105.7378693
100.9969406
86.4531250
88.2483749
90.1766052
61.1335602
44.0591621
47.1741447
58.1292305
85.0626144
104.3049316
98.8364258
70.1105270
49.3345757
27.8129826
17.1348915
12.9338951
18.1121769
20.4395885
18.6513805
28.8444347
42.8412132
47.0587578
39.9117279
32.1240921
20.8976536
20.6036282
36.1863022
67.3630905
91.4681473
99.6357574
78.6004181
39.5351219
11.0544128
2.2544494
5.1253877
5.1149349
2.7741928
1.1696692
0.9505017
0.8294284
0.6580437
0.4530449
0.3441855
0.3926797
0.4301058
0.4627338
0.5305087
0.4133621
0.3648256
0.4548605
0.4574019
0.4024971
0.3731801
0.4977468
0.4923161
0.5354914
0.4806631
0.4537826
0.4291148
0.3590770
0.5900133
0.8666813
2.2434866
21.3794060
59.5821609
88.1318283
84.2413712
48.3029671
22.4374828
7.5249624
6.7352467
13.1235924
41.5154915
76.9678421
76.1389008
48.2826958
25.5834770
14.1540012
13.1710148
18.9804192
55.2849960
102.5352173
115.9986191
68.2403336
24.4749088
3.5389791
1.1026974
7.0791693
59.2657318
97.8917236
60.1830177
23.3767738
21.6090126
39.5882492
32.5384636
9.0549917
3.2160480
18.5109100
47.4241409
64.0886002
65.5301666
55.1889458
39.1175957
18.3190670
9.0197067
2.5292878
1.6312904
7.3029089
14.1845741
22.1958561
34.4742012
36.7250252
20.1574955
3.1095910
1.6287563
13.5378275
45.1712151
74.9953766
62.2761688
32.9526329
12.1609421
9.6322021
19.7163639
53.6285400
91.7789612
90.6452026
67.7612000
30.6691074
5.6455054
1.0290818
0.9495906
5.4035940
19.5119648
40.9359016
65.3336792
70.1605225
55.2341347
38.9005737
26.5270309
24.0985775
38.6899948
30.6424217
9.3965149
8.7415752
6.7772646
5.2847939
5.0223370
17.5277653
35.2641602
55.9253883
87.4080048
100.2065048
74.3993912
25.3920746
5.5762458
6.1690040
13.9035530
16.9558525
12.5331964
8.0104685
4.1034455
9.7499275
33.9857521
42.4538651
45.9088249
51.2596970
54.7473526
55.4202309
61.0198898
66.1565399
67.8431168
57.9753036
43.2992477
24.7841358
14.7953234
20.2085476
35.0904732
31.5693398
13.6453676
6.6689725
1.2220354
0.3517209
0.3224054
0.3180416
0.3966329
0.3124547
0.3567677
0.5594933
0.9357907
1.1789112
1.3266475
1.1993616
1.1249874
1.0453057
0.8937359
0.9396884
1.0078338
1.1718841
1.5005901
1.6471981
1.6435130
1.6469413
1.7240378
1.5468249
1.3035868
1.0648972
1.0245683
1.0807419
1.1834098
0.9027759
0.3660756
0.2912139
0.3590462
1.4713444
14.7506685
35.7915001
52.5779152
69.2214966
86.0873718
92.2429886
75.4533234
47.4241409
30.1620617
24.9978714
27.0223274
28.9830093
24.1668491
15.7232552
12.8730536
14.3146000
12.0269394
6.3684039
19.8971481
27.4853344
22.4815884
11.2394648
16.5397358
20.8087292
24.4282188
49.2074432
75.1242981
69.1600647
38.7368126
20.7320328
22.5053749
33.8887978
46.8755188
50.1162796
35.1348076
16.9374084
8.5567150
12.4086246
41.6836586
61.9157867
44.3272934
28.7224293
21.8120270
11.9785938
4.4045630
0.8668975
0.3386282
2.0926111
13.3210468
38.6417961
55.9678154
49.2318497
23.3523903
9.2302074
4.7172790
5.4660797
4.8072996
10.1660471
44.8376007
97.5466614
116.2368317
80.4503021
36.3419189
13.0031872
5.2343574
1.1936464
0.6718632
9.2696056
47.4321404
76.4870987
72.5752716
43.3506165
22.8466492
4.7387867
8.5900755
21.8957767
34.4793472
39.0919189
28.9164619
10.9062834
2.3834660
7.8759031
25.1274815
40.5983353
37.1637955
22.6565895
19.2008266
20.0897560
21.8334064
20.7820492
18.8517876
22.8466988
30.4356556
31.4914761
24.3064060
17.8207359
9.3093214
5.1342835
13.1103477
20.2722321
17.5921993
6.5919213
2.2784951
1.7081232
1.3350984
0.4914494
0.3163425
0.2093891
0.3713466
1.0032690
1.6833894
2.0918517
1.9398540
1.4241393
1.0860624
0.9973458
0.8425684
0.7326140
0.3320070
0.3143674
0.4614975
0.4799660
0.4109927
0.5673598
13.6250744
63.8826561
125.8437042
142.9735718
112.5772095
78.8224030
55.7892189
26.5483379
31.7494373
53.8945122
25.0718346
18.4002705
27.7933693
26.9836464
21.6250496
19.6792164
17.5922432
25.4352684
51.3893394
71.4839401
64.3553925
35.7720375
15.6987782
14.0927439
34.3135071
66.8647156
73.4572678
70.6791382
68.7672272
74.0801773
70.5677795
45.0992050
17.8701897
8.0855751
6.6830521
15.1220207
22.3802299
20.1845474
24.7429161
36.3455162
35.3955078
23.2539158
22.5887604
19.0795441
5.1961412
0.8404738
2.5737684
22.4350452
50.4872284
57.5741196
55.4241142
45.9685974
22.4584312
9.6138306
9.8427238
9.5693884
34.4773598
76.4364090
85.6154556
83.9725800
77.0613556
62.9184914
41.3624115
17.4147091
6.6547146
14.1845798
35.6775970
47.8841782
42.1110687
27.3783112
12.1153011
9.3951063
22.2879486
46.8919907
52.7531433
29.1968422
10.8516531
5.9385734
3.2598288
3.7936594
5.4708495
9.4028473
16.5858688
27.2756691
50.4486237
81.9482040
95.4805832
70.2288666
27.4610004
5.8631949
3.5706973
2.3456392
8.1423311
29.7279510
39.5055504
30.9513168
32.9010391
35.2643318
30.9493065
30.2897282
29.3558216
27.4809837
27.3917313
28.3002434
37.1977730
48.2077065
43.4621353
34.6576920
38.1103172
42.9759216
41.7841644
39.8625717
34.3141136
38.0257492
34.7961388
31.4005680
26.7670040
26.8348274
43.4039192
52.1081696
36.3475304
11.3640690
5.5968070
14.2521944
52.1075554
83.0686417
76.5389023
77.4380722
88.4385223
100.9806824
98.2276535
81.1883392
56.5415001
32.9044609
16.5469570
5.2629690
0.7512266
0.4491419
0.1483651
0.5113911
1.7782460
3.0269258
3.5747893
3.5196681
2.8938634
2.3424590
2.4516616
2.2699888
2.0542006
1.9176631
1.5756565
1.4634482
1.6374447
1.5534295
1.1257873
0.6228276
0.4966440
0.3179479
0.2458253
4.7240372
28.4105930
67.2403259
105.7985992
133.5903015
136.5767670
111.2636795
76.5754700
47.1980515
32.7259064
17.4481773
52.2956085
79.0158386
81.8863831
60.8823853
39.4501915
20.8549175
18.9392490
9.6621923
13.1212215
13.5117674
12.5255871
11.6629238
14.1648674
10.6281977
4.4957366
0.9913346
1.5647851
2.3626781
2.9772522
2.3004830
1.1679077
0.8422253
0.6965632
0.4958449
0.3798115
0.4788635
0.4205088
0.3813354
0.3882183
0.3549717
0.3544817
0.3012307
0.2393201
0.3032305
0.4029359
0.4429563
0.6644542
0.7709038
0.6763341
0.5143932
0.3199468
0.3853586
0.5480764
0.3918354
0.4082969
0.4119754
0.3786963
0.3747461
0.4991399
0.4898241
0.5430429
0.5845168
0.5340707
0.4960929
0.3337907
0.3593743
0.4541902
0.5555673
0.5202385
0.5466910
0.4141481
0.3874307
0.4840892
0.5779142
0.4047503
0.6500809
1.4284185
1.7807238
1.1960733
0.6889329
0.5881010
2.0437129
30.0102367
91.9582520
146.7241669
154.7063293
108.5533752
57.9629669
29.2615242
42.8776932
45.6260414
37.8789558
23.1152172
6.0465922
0.3519444
0.2564887
0.3823170
3.9782939
17.3547325
28.5143089
33.4735870
47.5349503
75.9280701
94.6216431
111.2766724
125.0529251
104.1094742
73.8557281
64.8434525
78.1430893
76.9007111
68.3082047
67.9275589
66.2756500
72.9630966
79.7600174
70.6322708
60.9855347
50.6717911
45.7890472
32.5950623
16.9409027
7.1094294
2.0943327
2.4898329
1.9872434
0.8318398
0.5271798
0.5021628
0.2890813
0.2481605
0.2784083
0.2790104
0.2735101
0.3277524
0.5705720
0.6208910
0.6438479
0.4621162
0.3794846
0.4742584
0.5038921
0.4104005
0.3353798
0.3961102
0.6105134
0.6838009
0.5611770
0.3915678
0.3100986
0.3142957
0.3912500
0.4822247
0.4080090
0.3850571
0.3525529
0.3000024
0.3787559
0.4542587
0.5379497
0.4984927
0.4360916
0.5145826
0.5329196
0.5556080
0.4973563
0.3806961
0.3626952
0.3646626
0.3805864
0.3721063
0.4360850
0.4881580
0.4815576
0.4653394
0.5314758
0.6004772
0.5879546
0.4185477
0.3683653
0.3134685
0.3678349
0.4215564
0.4422878
0.4117029
0.4622568
4.1752391
14.6585522
27.4796829
34.4571381
29.6793842
17.1800613
2.1672120
0.5556284
1.8892658
17.9326363
55.7253456
85.7237625
98.5349426
105.7456284
111.8969040
107.0083694
88.8448105
41.8640366
14.1408892
5.6578202
8.8374166
19.1415157
31.3642559
74.5278625
110.6439590
85.1029663
38.2733612
32.6951103
38.8194542
39.3168488
33.0356750
24.5227375
17.0451069
17.2189941
24.3098087
26.1490040
24.3879356
32.3862991
49.6343651
60.3667107
64.5753250
82.3783646
94.4556198
80.7863693
47.4850426
26.8011646
14.0016184
10.4506683
17.5391941
26.0909634
22.9004402
16.9517860
14.4663639
11.5238438
8.9650221
11.7885809
35.9003220
52.3368340
51.0304489
40.4412994
25.8614216
21.4743710
27.6972351
29.4696770
14.3222065
6.3381329
7.0989528
7.4758387
9.9234467
16.6001987
36.1022835
54.7415390
53.0416794
37.1495285
24.3180542
17.1154518
26.4719048
53.1023903
82.2950363
80.1161880
62.4656067
43.9320107
35.3893166
28.0918674
19.9584656
9.9237318
3.4642529
0.9264461
0.2512445
0.1342793
0.0868176
0.2666731
0.3215186
0.3408951
0.8614593
2.2923722
3.4511697
2.5352075
0.5769175
0.4376703
0.7277651
9.0795002
37.4622879
63.9484406
65.1495285
46.3587952
23.8469143
12.2243404
5.1995411
3.1694322
0.9565506
4.4105225
15.8438377
27.6181450
31.0894451
32.1857529
26.7646675
18.1653080
13.4134722
10.2589226
6.8198929
3.8575926
2.8350375
1.7564633
1.2624394
0.7141495
0.4755368
0.2855644
0.4107901
0.3467366
0.2706024
0.3543363
0.4252572
0.4670559
1.4190744
2.8158562
2.5318120
0.9233337
3.3352897
11.2546740
18.3191471
14.2801962
3.1152713
0.3211582
0.2579615
4.8905568
16.0967388
14.5467787
7.4982042
16.4870853
36.9578896
51.6046715
46.2360611
31.3294086
15.6178026
9.9076872
16.0950680
22.8526249
15.6579313
7.0107646
5.4405885
6.4843798
5.3063655
2.1003275
2.3304105
6.8347893
12.6075449
11.6481647
8.2024307
13.8232737
16.6993313
13.4043875
6.8164148
9.0780153
13.5865927
16.1914635
11.4172935
4.9883347
2.5535264
3.7303557
2.1312170
0.8844888
0.5571010
0.2444114
0.1324391
0.0796772
0.0101437
0.0001381
0.0000000
0.0000000
0.0000000
0.0000000
0.0000000
0.0000000
0.0000000
0.0000000
0.0000000
0.0000000
0.0000000
0.0000000
0.0000000
0.0000000
0.0000000
0.0000000
0.0000000
0.0000000
0.0000000
0.0000000
0.0000000
0.0000000
0.0000000
0.0000000
0.0000000
0.0000000
0.0000000
0.0000000
0.0000000
0.0000000
0.0000000
0.0000000
0.0000000
0.0000000
0.0000000
0.0000000
0.0000000
0.0000000
0.0000000
0.0000000
0.0000000
0.0000000
0.0000000
0.0000000
0.0000000
0.0000000
0.0000000
0.0000000
0.0000000
0.0000000
0.0000000
0.0000000
0.0000000
0.0000000
0.0000000
0.0000000
0.0000000
0.0000000
0.0000000
0.0000000
0.0000000
0.0000000
0.0000000
0.0000000
0.0000000
0.0000000
0.0000000
0.0000000
0.0000000
0.0000000
0.0000000
0.0000000
0.0000000
0.0000000
0.0000000
0.0000000
0.0000000
0.0000000
0.0000000
0.0000000
0.0000000
0.0000000
0.0000000
0.0000000
0.0000000
0.0000000
0.0000000
0.0000000
0.0000000
0.0000000
0.0000000
0.0000000
0.0000000
0.0000000
0.0000000
0.0000000
0.0000000
0.0000000
0.0000000
0.0000000
0.0000000
0.0000000
0.0000000
0.0000000
0.0000000
0.0000000
0.0000000
0.0000000
0.0000000
0.0000000
0.0000000
0.0000000
0.0000000
0.0000000
0.0000000
