0.0000000
0.0000000
0.0000000
0.0000000
0.0000000
0.0000000
0.0000000
0.0000000
0.0000000
0.0000000
0.0000000
0.0000000
0.0000000
0.0000000
0.0000000
0.0000000
0.0000000
0.0000000
0.0000000
0.0000000
0.0000000
0.0000000
0.0000000
0.0000000
0.0000000
0.0000000
0.0000000
0.0000000
0.0000000
0.0000000
0.0000000
0.0000000
0.0000000
0.0000000
0.0000000
0.0000000
0.0000000
0.0000000
0.0000000
0.0000000
0.0000000
0.0000000
0.0000000
0.0000000
0.0000000
0.0000000
0.0000000
0.0000000
0.0000000
0.0000000
0.0000000
0.0000000
0.0000000
0.0000000
0.0000000
0.0000000
0.0000000
0.0000000
0.0000000
0.0000000
0.0000000
0.0000000
0.0000000
0.0000000
0.0000000
0.0000000
0.0000000
0.0000000
0.0000000
0.0000000
0.0000000
0.0000000
0.0000000
0.0000000
0.0000000
0.0000000
0.0000000
0.0000000
0.0000000
0.0000000
0.0000000
0.0000000
0.0000000
0.0000000
0.0000000
0.0000000
0.0000000
0.0000000
0.0000000
0.0000000
0.0000000
0.0000000
0.0000000
0.0000000
0.0000000
0.0000000
0.0000000
0.0000000
0.0000000
0.0000000
0.0000000
0.0000000
0.0000000
0.0000000
0.0000000
0.0000000
0.0000000
0.0000000
0.0000000
0.0000000
0.0000000
0.0000000
0.0000000
0.0000000
0.0000000
0.0000000
0.0000000
0.0000000
0.0000000
0.0000000
0.0000000
0.0000000
0.0000000
0.0000000
0.0000000
0.0000000
0.0000000
0.0000000
0.0000000
0.0000000
0.0000000
0.0000000
0.0000000
0.0000000
0.0000000
0.0000000
0.0000000
0.0000000
0.0000000
0.0000000
0.0000000
0.0000000
0.0000000
0.0000000
0.0000000
0.0000000
0.0000000
0.0000000
0.0000000
0.0000000
0.0000000
0.0000000
0.0000000
0.0000000
0.0000000
0.0000000
0.0000000
0.0000000
0.0000000
0.0000000
0.0000000
0.0000000
0.0000000
0.0000000
0.0000000
0.0000000
0.0000000
0.0000000
0.0000000
0.0000000
0.0000000
0.0044204
0.2030775
0.7773716
1.5537364
2.3417270
2.8840082
2.9195473
2.6810410
2.8288078
3.2243190
3.3886366
3.5457551
3.7936766
3.9470983
3.9788160
4.0600681
4.1678867
3.9781046
4.9898577
5.5816188
5.9821806
5.6065559
4.8335781
4.2759442
4.7679248
5.1853857
6.0755835
6.7474227
6.6282845
6.3357697
4.4075532
2.0728321
0.7951201
0.3818780
0.3775488
0.8803584
3.5606027
7.2751842
7.1855369
4.6021886
9.2783136
29.0561085
56.1693802
91.2799149
153.2989044
197.7277374
165.1903992
109.0187759
77.2196808
87.4511719
79.5358810
51.7375221
61.1143265
62.6302109
57.9135437
59.3925858
55.2478981
76.6592255
88.0670776
72.8214569
55.8513870
44.4225998
63.1319351
81.5606155
107.1168594
135.4524231
117.5022583
98.1413040
120.7628326
149.0722046
109.9009857
63.1376305
36.8092117
36.6716232
57.3294220
116.1207047
141.3206635
158.0770264
145.9504700
96.6644592
48.0564804
27.6638908
20.9196434
13.4357491
8.0010681
58.7992210
80.5841980
70.1132584
60.6796341
78.7600174
98.8616562
90.0978088
70.2473068
63.6467552
116.5946198
214.8346252
289.0178833
308.7172852
330.9736023
368.7002258
383.0375671
364.7607117
322.6015625
236.3588867
151.6332397
40.8606644
344.9289551
344.7497253
281.9854736
228.3148499
187.2105560
159.7436523
143.7669678
139.9570312
150.0225372
158.7523804
147.7747345
98.1123886
41.8899345
20.4407444
12.7325354
7.2653499
20.1002483
133.3452301
202.6032867
179.9134979
116.2801056
84.0295715
58.2048569
84.4991989
83.6048813
25.6178303
8.8984880
3.8131521
22.1966076
59.5726242
80.8505478
82.9361115
86.2839050
85.1032867
59.6166077
24.6188145
12.6309805
7.0370698
3.0032792
2.0437150
2.1459413
4.6029377
28.1821518
77.2968597
122.4398956
146.4281464
191.3242493
260.9380798
307.8080444
260.8913269
138.3366547
39.9514160
10.5246668
10.4822931
27.5657864
59.2156258
57.0236626
34.8819962
23.1571922
26.2263565
48.0920143
69.3692627
57.2009544
23.1179390
9.3189030
5.8946624
5.5408721
8.1649914
45.0887833
108.6503601
154.8273926
186.6107178
196.3241119
164.2662659
85.8828354
72.2772675
119.7876434
127.8557510
78.5351257
25.7588062
33.7712021
79.9244614
134.4179535
163.2943573
157.7465363
128.5364532
93.7961578
73.3997040
62.8895340
58.6454544
51.4290352
38.0809555
23.2311420
7.8520851
3.4195271
23.7309761
64.2989883
88.2965469
81.1962738
63.5479622
43.1035118
15.7651911
3.9374247
2.8882880
18.4166203
46.9319115
57.0145149
58.4835205
53.1473427
50.8856125
48.2813683
58.0813560
81.5623322
94.3023605
85.4271317
73.4705658
61.3446960
54.0923691
50.6507988
45.3838501
34.7900314
28.4436893
28.2433548
48.9018021
122.0471725
156.4232788
139.4640808
122.9054108
99.3531570
95.4773026
93.3153000
171.9085693
184.5788727
162.4368286
138.5750580
111.0684586
91.4867935
84.2100677
77.8901215
70.1129074
59.7234840
47.1083794
47.4916496
121.5300293
176.3479156
174.2243652
130.5859680
82.2359772
38.9701843
11.4626551
6.2885189
5.1692605
15.4613924
87.5022354
182.6139984
243.4480896
217.2698822
163.0043640
144.0309448
163.3925629
201.0211945
203.3987732
156.5859070
119.7812271
87.5347900
55.1145744
51.6460686
63.9299393
63.1347084
52.2708054
57.9566612
59.1001778
112.5160370
190.5301361
207.0948486
177.2903595
144.7922211
112.5215912
154.8354340
188.8879852
154.1559296
118.2700348
88.7549973
124.3828354
183.1635742
208.5598907
175.1964874
99.4050217
106.5727921
210.0094910
195.9360504
182.3221283
168.7676697
137.2066650
91.6516190
94.8433990
135.4380341
135.9806366
121.0432663
105.1393661
58.7023621
57.8710938
21.4575272
24.8167229
67.5774612
132.0754852
148.8121643
116.8432465
91.1301422
74.2651825
61.9689865
57.2289963
45.5350723
16.4968472
2.4507799
2.1256185
8.6794863
20.4098663
29.6718826
33.0068855
35.3888969
41.1534615
45.2254791
44.0546722
39.3164558
35.4885559
34.9146233
28.5623379
25.1378632
26.2415466
26.3654156
22.4516335
22.6232433
23.4120178
23.5957985
23.6103954
23.9026833
24.1089077
23.1163635
19.6327324
17.2888374
13.7955856
10.4633780
7.2406855
5.1689520
4.5183897
4.0073614
2.5573387
1.2984865
0.8166822
0.7336562
24.3950233
114.3783569
264.4190674
407.6060486
447.6461182
354.5807495
209.6604767
105.5741577
85.6435089
114.1548386
197.9508057
249.9864960
232.2228394
198.5780945
173.3474731
145.2506561
200.9374084
160.0664062
145.4023438
158.4613342
190.1639099
205.7598419
203.2902832
203.6012268
201.7451172
187.0326691
155.5663910
117.7854996
82.5800476
61.0190010
56.2970238
50.4043655
43.0271835
50.2793770
43.2833519
24.7818489
49.4957161
75.3684616
95.8840332
142.9097595
234.7700348
366.2968445
463.1210938
405.4141541
270.8954468
119.4009628
58.1906281
71.5323334
152.7835999
217.4793396
215.0433960
182.7458801
145.1949005
121.1974564
103.5925980
103.7297440
107.4087143
114.7734451
92.6728973
57.7005043
16.4353790
8.0054359
13.8510151
37.4140778
55.7766647
54.7620697
55.4931602
59.5535202
53.8228836
40.0917587
25.6706524
21.8687286
20.2125244
27.1046143
72.6248627
120.4830704
175.2349243
216.5621033
226.3416138
188.4755249
143.5319061
154.7619324
167.0776520
126.7568970
88.4422989
115.6757889
103.5982361
73.2608109
71.2015533
78.4240875
71.9974213
54.1232681
37.7216110
33.1129189
42.4511299
40.4740105
22.7528553
20.8855457
37.8353310
36.1101913
11.3552494
13.5820961
25.2709637
28.2491131
28.7174072
28.1768761
26.0125389
27.8207741
54.4153748
93.2182465
100.8499222
63.2865372
45.0322266
62.8340149
90.9615631
62.9640884
25.8865280
15.0501118
11.7094660
5.0641146
1.7261603
12.5864019
39.2801208
35.7059288
10.8916225
11.2372561
21.5799427
30.5770912
32.1689529
31.7724495
42.0263214
72.6998215
109.0228806
161.8929138
246.3748016
337.2131042
347.5796814
258.0560913
143.2419128
76.1387558
23.3692818
127.0320358
120.3576736
92.4923630
92.2840652
132.3247375
130.4664764
109.4739838
66.2800369
37.8341599
36.4005394
53.0879517
37.7335320
7.4123545
6.2653461
12.3039598
18.7797813
22.3703976
22.0089569
26.3980503
37.6711998
58.1493530
101.5303726
158.9373016
191.2624207
153.6262207
105.8476791
89.6811066
186.3437500
331.4651489
367.6456299
346.1625977
322.8913879
292.1046143
216.9580841
122.9853821
52.1090469
17.2809963
1.5164673
0.1356013
0.0685974
0.1051405
1.0610214
4.2717600
11.0641479
46.6534348
124.6982651
189.8342438
164.5307922
60.5311470
5.2916517
1.3336005
5.0435767
26.3415947
51.5077362
48.2055664
31.0305328
22.4112244
39.6512527
64.9009247
67.1640625
59.4429169
106.0810013
182.5587311
213.2893524
154.4323425
109.4245605
81.6912308
77.7977829
149.8938293
145.5569916
115.4142914
67.5685425
42.0360756
151.2212677
228.3215332
275.1253967
271.0719299
189.3879395
107.3868408
74.5998077
54.4762535
49.1938515
39.1185226
20.1088867
4.9602394
0.7018163
0.4996911
6.6379080
34.5598373
51.9218636
34.4468422
10.2392111
0.6959364
0.0935454
0.1521617
0.9841927
1.6325129
0.4587473
0.2704385
0.2457373
0.4500660
11.9652300
81.7475433
194.1488495
254.6724091
249.3853302
246.2385254
277.3921814
269.7347107
224.0457153
169.0293427
127.2458801
109.0049515
78.2442856
137.5153961
210.6116180
107.9047928
31.5911369
12.0294104
9.3273048
6.0443120
4.4985728
4.9704552
19.6270771
40.5450172
57.0038757
59.3918762
51.1208420
39.7491455
31.8374062
28.1681652
25.7567215
22.5163708
20.3089828
18.5084629
15.8645306
13.8171921
11.6782341
11.5561190
10.9881172
10.3116608
9.3917847
10.0149384
10.7496643
11.5256271
12.6978426
14.0017567
17.6594620
50.9215126
104.9139328
131.8844604
106.5550919
78.2865524
75.7662811
75.3973389
60.9149132
39.1058846
72.6350555
111.7184677
124.9084167
148.5343323
188.0768890
213.4921112
218.3035736
225.0880737
220.0984192
228.7069702
255.2199402
242.3473358
175.0067749
105.9290161
71.3358459
38.9369965
17.5453110
2.5505776
1.9089127
1.4254111
8.9211102
31.1982937
68.4466095
105.1677704
105.5258865
62.7542877
24.5646839
13.9140463
11.6260786
35.8853226
118.5477753
199.6234741
209.2510834
162.6751251
115.0055466
74.0884018
71.0745010
106.5622635
104.1911469
79.0343552
75.9910736
73.2411194
62.9801559
101.6113434
52.6047249
7.7186661
0.4566596
1.1483427
9.3567162
25.5870209
34.9157524
34.6683693
29.0705013
23.3937702
17.8697891
15.7941322
11.5155468
15.2047548
57.7323990
145.2270660
245.8799133
322.0646973
351.9222717
335.1484985
282.5757141
195.1344910
123.3897858
83.7166214
27.1455517
57.2880859
66.9720230
20.3949108
38.8062134
95.6985703
197.8024902
205.6748047
169.0453339
98.3216858
128.4712524
198.1206207
151.4590302
115.2844620
81.4023743
43.6517754
17.2622223
26.6843548
122.6127396
296.2148438
341.1606140
200.0281982
102.9177475
92.0746384
80.9222794
172.7242584
280.9486084
187.1905060
100.2189255
32.4285698
55.5635834
19.9438286
1.4264678
0.1080293
0.0619750
0.1880645
1.1487415
2.9693551
1.9794078
0.5789634
0.5029552
0.5921985
0.6203035
2.0275950
10.0557709
20.0361691
22.2031021
16.8428955
11.3290462
10.1188145
9.7702179
8.8336496
11.0023508
23.4873295
35.3707962
32.4412537
20.7301235
22.5478668
38.8685532
73.6314316
122.9823151
166.9667053
215.0881805
230.8322144
184.6997986
163.1716309
179.8056946
171.7051544
100.0964737
19.3014240
1.7430826
0.2576504
0.3540457
0.3314996
0.6574068
0.5931069
0.4807332
0.7141967
1.0145094
1.2963723
1.2954985
0.9689726
0.7658581
0.6115623
0.5639007
0.4679759
0.4174249
0.3408773
0.4536451
0.6076844
0.5699652
0.6546240
1.1974670
4.4468431
8.8470039
8.4442434
2.9768920
0.3656438
5.3835750
41.4528618
125.7853012
225.8606262
318.8943787
412.1826782
454.0775757
380.8347168
259.2318115
175.6989288
116.1864548
66.2632370
38.7571869
61.8695412
74.9239502
84.1209564
86.3018112
82.2729034
70.6731644
70.6827393
96.6904449
111.2823029
61.6735191
5.8556757
1.3261970
14.6046247
55.1507378
76.1460648
63.8104706
50.2878494
54.2076874
76.6946106
93.3336716
82.8840637
65.9459534
56.4772491
50.2616463
52.4300804
63.3476295
56.7910271
34.3446960
20.6949406
15.1722126
24.1758766
26.2489071
20.8868732
18.1720734
15.1393299
15.2507172
12.0308609
5.2843580
1.0055697
0.8930793
0.9382475
0.7857443
0.6379654
1.0561798
1.5631418
1.1427382
0.5737020
0.3659284
0.4321605
0.7014750
0.9095604
0.9080676
0.6718788
0.5384995
0.4838434
3.2694311
31.7450256
94.1522675
143.4307404
143.9206696
133.1116791
175.9149323
221.6634216
211.4267731
169.8414917
144.2962952
117.9634476
66.6125259
46.4033699
75.6857910
61.9134521
34.2039032
11.9111290
2.1944094
0.3023602
0.4475000
0.2257008
0.2484756
0.3721087
0.5880707
0.5464232
0.7673942
1.1880394
1.4685891
1.1652906
1.1273510
1.5491453
6.5063267
13.8393927
15.6361942
19.6640759
30.8417530
36.4258270
24.8677826
12.3877659
7.2386465
6.2356653
5.6877570
6.5490246
7.5953870
7.9057293
5.3066454
6.2318492
25.7510300
48.8459969
39.9317017
14.5097580
14.6021500
46.9179993
131.4087677
247.0875854
324.0328064
297.3353577
196.9906616
157.3330994
137.5165558
272.8253784
303.9047852
197.9744263
129.2713623
247.3767090
213.0733185
118.6666489
35.8691216
193.5831757
108.3366165
50.6514626
15.5138073
19.5883942
23.7892094
6.7131476
0.8787948
1.1602534
3.0016701
41.6749725
135.4702454
257.0774231
377.9238281
425.8843384
365.4916077
229.5882416
121.7832413
40.2320023
65.1527939
170.6690979
148.4189606
99.5562515
91.8569260
97.6181946
70.5323334
23.9082737
11.6020298
47.7846947
165.8751526
285.3919373
254.3577271
189.3529663
199.2796631
257.4241333
251.3772125
103.3910675
7.8660173
1.2839739
0.3694288
2.7123375
8.5218439
7.2171283
9.6922188
17.6618462
21.2990894
26.6606617
36.9807930
46.2225685
49.4729919
47.5810089
87.6030273
240.7582397
419.1837769
488.3629456
417.3405457
269.9549866
166.4940491
88.4225159
47.0308380
164.4712830
144.2137909
79.5874557
45.8726578
53.5666237
31.3046360
27.9942074
82.3100433
67.1551743
42.3959999
15.6783028
6.6798196
8.7685566
15.2813597
13.4149036
21.2485085
42.6373215
51.9776726
46.4422760
31.2211189
27.0851727
46.6446800
72.1399918
67.4872437
33.8552322
12.9857817
2.0310345
0.3987973
0.7707854
4.1755743
8.3851576
8.7403812
8.6047783
8.3202839
7.8735662
7.4605279
6.6612959
6.0599151
6.0686703
6.7878861
7.8624105
8.1177797
7.8927803
7.8583031
7.7690635
7.4471560
6.7429910
6.3784246
6.8967638
6.9966593
6.4970436
5.1475286
4.4758692
4.8639627
5.6423402
5.8835640
4.8652782
4.8245506
5.2584219
4.8000803
4.2734861
4.6265140
4.9419169
4.6208782
4.1065664
3.3718710
2.7046006
2.5505962
2.3775632
1.8406591
1.6986490
1.9369221
2.1576025
1.4865217
0.8271407
0.6919944
7.7527542
26.4705868
52.4160919
106.3820648
149.8378143
123.9769974
68.5584259
45.3142624
45.8834381
48.3357086
34.3963699
35.7465096
58.4177437
63.0910263
47.3379326
38.8090363
48.5888176
56.6154633
55.2127838
48.9075508
40.1052017
26.5396786
19.4366055
36.1610069
36.1429596
42.5527763
39.8060913
33.1548843
34.7286987
61.1806145
56.9713516
47.9566460
40.7330818
32.6101265
29.0968723
61.3156929
100.3378448
96.3537140
72.9063568
43.4832458
18.2217674
33.6045113
17.2549686
14.0754633
11.9158974
12.4621983
9.4844475
4.8837252
2.2989211
2.4384651
4.9302588
6.6488523
10.8217449
42.2034988
105.6948395
150.2834930
133.4019318
93.0528259
93.3703766
118.9705124
126.8795471
122.3310318
147.6657257
204.7057800
311.4457092
303.3119812
229.1591492
140.0693207
74.3043747
102.1207123
60.2086525
48.6835175
47.5103264
15.4732180
6.7406840
3.1642983
9.9544001
98.7339325
220.8923035
280.4700317
234.6782837
155.7482452
100.1375427
52.8593559
49.7705078
65.7997131
49.9405403
52.8235054
190.9709473
272.6286316
258.0966187
228.4791565
237.6699677
231.0516815
235.5233459
246.9910126
277.7121277
308.3347778
296.6591492
242.4051056
178.6336975
121.9057083
53.2974281
10.0295334
5.6596332
11.5559416
54.8035393
109.8157654
107.8214874
77.7404785
66.5433273
58.1019859
36.8848305
17.1590004
32.4077263
26.3056297
17.7320900
12.8760433
10.9591618
8.0077114
4.6498799
4.1473947
2.7763438
1.3697598
0.8598036
0.4385156
0.4650913
0.5444705
1.5715710
3.4622552
4.4206924
5.1248002
5.2248454
4.3804770
3.2765217
2.6407812
2.6178489
2.9121132
3.2148080
3.4086411
3.3334146
3.0242465
2.8391066
2.8916426
2.9267240
3.3574657
3.9259574
4.6835079
5.0030079
3.8027501
2.0914896
1.4449416
2.1969407
4.6472030
16.2079678
48.9037857
148.2025452
297.6744690
345.3945618
224.6007690
118.4003220
94.2409439
167.6715851
218.2320862
171.1029053
108.9123383
65.9841385
175.5320587
291.0076599
258.3925171
163.7968903
91.2854462
118.3128967
202.6338806
200.6331787
183.1323700
179.0775452
154.3792572
112.9463348
96.3732147
111.9978714
95.2508850
41.1413383
13.2006025
1.6669005
1.0061638
14.5909052
56.3840904
78.9119644
88.1475983
102.6811523
100.9145508
82.3386765
56.3391418
42.5333862
29.9304008
22.7566242
18.1754932
36.8007278
82.7870102
110.6482315
123.7074661
157.1570435
189.9422760
149.4121704
72.4476242
33.1931763
26.1335793
55.4777031
105.8367996
122.6683121
103.8185806
67.3368683
58.9070969
47.0529442
43.4346390
62.3669014
67.6432800
58.2007713
46.8592873
40.6285973
58.3969498
83.8970566
83.6212463
47.7303009
30.5441456
28.4164505
32.6572647
32.0455437
23.9705505
22.8651829
30.0357647
45.1387444
45.3781586
45.0539131
67.8770523
94.4368439
91.1738968
51.2556076
26.9339294
21.0914898
14.0701771
9.7294483
11.4637585
11.2059364
5.5992422
2.4884703
2.6662977
9.8444500
66.2072830
167.6045380
247.0331116
255.3995209
212.8994293
155.3387604
97.3511200
62.3656921
29.3497257
18.2685699
58.0260315
88.0948181
81.9028244
57.9826050
39.2329941
23.6713200
5.4162297
0.7026861
1.0666430
4.6159735
9.1005592
11.9279613
17.8138008
28.3014202
34.4048424
31.4114647
23.9093475
16.6699295
12.3503857
9.4265556
7.0733633
4.0958982
2.7924266
1.7219832
1.1455342
0.6558026
0.3850349
0.3845165
0.3338562
0.3495653
0.3803706
0.4740519
0.6400453
0.8561169
1.2636125
1.5122608
1.5670598
1.4830267
1.6161755
1.7009952
1.8574200
2.0539808
2.2897360
2.1380601
1.8784703
1.6571107
1.5924273
1.4373599
1.5698001
1.8502337
1.9472804
2.1133397
2.2496367
2.2938337
2.3597422
2.2702022
1.5086038
0.7085945
0.7887097
0.8122187
3.1134729
26.6646214
56.6684494
66.4570541
55.8770256
37.6064758
24.8331223
12.4119005
6.2344427
4.2797260
5.1176429
10.2487535
50.0221558
124.7933426
166.4780579
148.6319733
105.0936966
60.8610458
25.8063030
8.0196333
1.6080518
0.1429985
0.7410691
40.2082672
116.2657928
149.2554779
135.6783295
80.2798767
28.1989746
7.0274215
2.4570158
0.8836403
9.2082167
24.7629318
24.0567036
15.5282288
12.3396349
12.0909061
13.2135925
15.4624290
12.4752207
12.7170601
20.6907864
27.0433712
25.2584553
19.1383228
12.5073471
7.0024920
5.6357675
13.4162207
24.8832569
37.8677788
38.2516785
26.6568470
12.0491447
3.6963537
3.5052657
10.8901234
21.3177910
20.3586159
20.9333134
19.8546906
13.4301395
7.2394214
5.2861004
3.7046242
5.7131829
7.5883036
12.7037907
16.3293457
12.8683414
7.9945073
4.9621868
4.1873837
10.1363411
18.9482632
16.1102581
7.0478177
3.2403936
3.2819982
3.4613240
3.3702035
14.1903362
42.8373260
62.3445892
51.7808075
31.6487389
42.2080650
41.7651443
32.2707176
26.9453945
24.5994205
22.4864559
25.5844460
44.2959480
81.4812546
129.8125458
181.2806549
223.3624725
192.1080627
79.3797302
15.0909271
3.8067498
1.1342822
0.3825740
9.5114698
181.8701935
471.9632263
674.2388306
655.7864990
455.0530396
256.7952576
91.5258026
19.1849003
3.3561265
1.9731815
0.6568191
3.0184066
12.6833134
31.6591797
46.0127907
66.4033585
106.7123718
147.3605957
153.0666809
123.7204895
121.6290665
167.9698944
244.2904358
285.1731567
231.6832733
175.3906555
127.0453644
86.9897537
118.9481201
111.6152191
130.9532166
232.5436249
412.8409729
516.2558594
421.4622192
198.8988647
46.6736679
100.1662140
266.9697571
469.6897583
334.1052246
105.5257492
37.3992538
19.5084152
21.9980278
32.3576927
42.3536606
81.8761902
208.1777191
358.3063660
362.1644592
185.2344055
54.7661781
30.1983547
25.2228737
111.3300705
204.8070068
152.1094666
69.7083130
120.6503143
143.4833374
79.5342789
21.2967224
35.4317360
93.4037018
143.7204590
143.1314697
116.0186844
76.4843292
23.8994350
12.7249699
32.5959320
63.0327148
105.3628387
101.8532562
56.2762184
15.6377373
9.4540501
26.3683586
36.4489632
60.4506226
120.3258057
170.3748474
168.0788727
117.0655746
68.7912064
29.9372368
12.2220650
6.5528793
19.9419689
76.1460800
155.1437378
141.6624451
76.7853088
23.1600189
9.1183310
4.0371437
8.2859344
51.2097015
94.3809280
70.9471893
38.0387039
25.9890594
17.0758095
14.6510859
23.6940365
67.6140442
94.7028961
97.0720825
83.2444153
75.5683975
74.0225220
57.1839638
30.1243114
20.7975292
15.0782204
6.8284702
18.5720043
44.8112679
39.7996902
17.6685658
16.8875999
24.4614754
31.3806992
16.3781738
2.4645128
2.1383247
13.2141685
43.0531197
55.1347656
33.6959534
8.1971664
1.1179805
0.4688922
3.1964235
32.4321136
62.4632721
51.9763412
23.0766125
10.0742970
11.7633104
20.0119419
15.6926489
3.4146347
2.1275525
1.9412324
3.1551852
8.8214378
17.4518642
20.6107960
17.9640236
15.0900650
10.0879841
6.8313122
4.5871735
2.5887551
0.9941523
0.4954240
0.6635835
3.4183917
9.8851824
10.4575348
4.6011744
1.3828886
0.8874915
1.0743694
1.0599082
0.8227181
0.5704924
0.3747738
0.2579780
0.0947407
0.0133342
0.0000245
0.0000000
0.0000000
0.0000000
0.0000000
0.0000000
0.0000000
0.0000000
0.0000000
0.0000000
0.0000000
0.0000000
0.0000000
0.0000000
0.0000000
0.0000000
0.0000000
0.0000000
0.0000000
0.0000000
0.0000000
0.0000000
0.0000000
0.0000000
0.0000000
0.0000000
0.0000000
0.0000000
0.0000000
0.0000000
0.0000000
0.0000000
0.0000000
0.0000000
0.0000000
0.0000000
0.0000000
0.0000000
0.0000000
0.0000000
0.0000000
0.0000000
0.0000000
0.0000000
0.0000000
0.0000000
0.0000000
0.0000000
0.0000000
0.0000000
0.0000000
0.0000000
0.0000000
0.0000000
0.0000000
0.0000000
0.0000000
0.0000000
0.0000000
0.0000000
0.0000000
0.0000000
0.0000000
0.0000000
0.0000000
0.0000000
0.0000000
0.0000000
0.0000000
0.0000000
0.0000000
0.0000000
0.0000000
0.0000000
0.0000000
0.0000000
0.0000000
0.0000000
0.0000000
0.0000000
0.0000000
0.0000000
0.0000000
0.0000000
0.0000000
0.0000000
0.0000000
0.0000000
0.0000000
0.0000000
0.0000000
0.0000000
0.0000000
0.0000000
0.0000000
0.0000000
0.0000000
0.0000000
0.0000000
0.0000000
0.0000000
0.0000000
0.0000000
0.0000000
0.0000000
0.0000000
0.0000000
0.0000000
0.0000000
0.0000000
0.0000000
0.0000000
0.0000000
0.0000000
0.0000000
0.0000000
0.0000000
0.0000000
0.0000000
0.0000000
0.0000000
0.0000000
0.0000000
0.0000000
0.0000000
0.0000000
0.0000000
0.0000000
0.0000000
0.0000000
0.0000000
0.0000000
0.0000000
0.0000000
0.0000000
0.0000000
0.0000000
0.0000000
0.0000000
0.0000000
0.0000000
0.0000000
0.0000000
0.0000000
0.0000000
0.0000000
0.0000000
0.0000000
0.0000000
0.0000000
0.0019762
0.2240420
1.0005239
2.0618465
2.8329651
3.1088948
3.1172826
3.4961412
4.0695310
4.4830723
4.6916542
4.6961079
4.9933915
5.5924726
6.6225233
7.4948916
8.5353222
9.3038855
11.4111338
12.8063421
13.1110010
12.1583624
12.7681093
14.9181709
17.3427258
19.6359825
20.8388271
17.0588341
11.3801851
8.8627777
4.0939298
1.6332270
1.0834839
3.6384826
7.9852858
14.8473587
31.5148773
42.7733231
90.5932083
235.4707031
390.7236023
441.0502930
377.0184021
313.2976990
329.9517822
384.1586914
426.1015625
351.0181274
278.7831726
380.6824951
423.4974976
366.2191162
268.6116333
173.3754272
91.6491623
36.6058502
88.9638290
234.8672638
263.8222656
156.1735229
115.7818069
150.5257263
102.5542297
78.2357330
66.8442078
47.3124313
32.9795456
32.5983124
69.4534683
85.2962112
93.1774368
96.3749313
71.3223114
29.5561676
55.0764847
57.5448761
33.2990265
18.2655296
26.7841606
51.0839882
59.1295090
38.5085678
20.0270519
42.0032806
67.3377991
98.1153870
75.4979401
51.5704460
132.3382568
193.3494720
180.3314514
199.2888336
224.1916656
224.7355652
180.7397308
111.2529602
74.3169174
92.6927414
85.8310165
43.9831581
61.0004349
88.5402222
70.8043594
28.5306206
6.2865839
0.7258846
2.2741494
7.2860951
18.3961391
44.1097031
97.2726669
132.4576721
114.0238876
88.2442093
68.9633865
62.1681213
58.0067520
32.4456367
45.8546944
76.0437546
63.3721542
48.8878555
36.6547928
21.0019226
39.9543228
45.2441559
42.3519592
48.6397171
86.5715790
105.8256454
52.6050911
8.3360033
1.4693359
2.0203066
0.5252779
2.1788471
61.5790825
195.4131317
291.7843018
253.1201630
155.9066162
95.8578644
120.9093323
166.3442383
132.6928253
94.4478912
52.6790466
4.6885304
6.2637706
0.8461766
1.9472158
33.4770203
95.2943268
120.8306274
102.6130295
100.2550812
111.5213623
97.3072815
70.5140533
38.0966606
24.9927235
28.7524700
27.8253746
38.2377739
27.3524818
19.4966240
20.1945362
19.6976566
30.3242378
49.1153107
54.0637932
44.3280296
26.0706863
19.6531544
37.2723923
43.2482491
43.8100014
31.1612091
7.1702175
0.6475791
0.7944624
3.0045269
3.8122771
2.5041173
0.9443108
0.4462551
1.4490659
7.7244349
31.4495831
103.0567245
208.3933258
281.8057251
301.9286499
304.2164001
265.2453613
204.0175629
164.9705658
146.0026093
126.3071213
122.6961060
127.4548264
135.0411224
122.6362991
100.1003876
72.9908752
61.3516121
54.9254875
29.3043861
1.7276621
0.0562170
0.0179147
0.0686672
0.3779242
1.8796897
4.0172067
4.1963339
1.6009483
0.1625475
0.1835019
0.2137913
0.3042846
1.7180879
11.4126263
40.4917603
94.0476227
136.9085083
125.9215164
79.9852371
40.5311089
30.0306187
15.7486238
5.4319263
2.1825819
1.6069591
2.7588816
4.9240327
5.5026212
3.4762270
1.7327843
2.4029200
0.8934277
0.4447813
0.6439382
0.5932342
4.8890715
25.0906029
67.9791794
123.9205627
163.4722137
150.8899231
87.9299850
28.4161453
5.9106531
0.6197870
0.3410563
0.0701029
0.1530015
9.4975786
44.5285988
83.2264862
93.0201263
87.5550308
94.4994049
108.9775238
117.4779663
127.8287354
113.8326950
79.0255814
64.3103790
68.2366486
136.2957153
99.3704529
50.1329117
17.9498730
5.8926973
0.7877710
0.4699171
0.3488895
0.4340498
0.5993034
0.5263864
0.5483692
2.3723350
10.8549013
23.0615044
27.4037552
18.1726036
5.1708407
2.2823317
5.4331241
7.1100283
0.5992315
0.0788569
0.1892322
0.5434453
17.3723354
75.1003952
162.5960083
214.1467896
200.0614166
114.9293747
46.3014870
19.8470497
17.5926991
34.3696289
49.4486504
49.7550583
47.9649467
41.2824478
34.1026268
21.2919350
12.4893856
44.0003738
79.2096252
88.1031036
82.5764542
67.6184998
55.0756912
72.2902985
121.1752853
202.5891113
255.1071777
245.3024597
225.7915649
173.7146912
167.7773132
159.8402863
118.9972610
77.2875977
51.5263748
36.5332260
21.1432648
13.3508892
17.6011181
37.7038498
49.6643867
41.4739990
28.8768864
20.6341782
17.6819057
21.5791206
27.6394291
30.0804520
35.0070724
69.5740356
99.2224655
84.5698242
63.2982368
60.2792664
99.2120514
126.8837509
102.6079330
82.3181305
70.9386749
61.6577988
48.8292236
45.6290398
51.2816010
45.5836639
28.7820778
23.4457493
33.6556435
41.0369873
37.3670464
30.7042122
24.2541924
18.5478058
16.2855091
11.4518375
10.2818022
7.1949234
4.4417682
3.0034394
3.6318669
3.9383996
3.6702113
2.2950406
1.2826167
0.7604747
0.7847895
0.9484794
1.0786351
1.3329260
1.8776010
1.8503753
1.9594314
2.5897825
4.3993287
9.0493956
15.7158232
45.4648399
108.3611603
139.3908691
84.9409027
7.3811255
0.9862996
1.1617708
1.1731983
0.2473064
0.8043814
1.6858358
2.4686308
3.0554190
3.2963040
4.4548368
5.6956716
7.2502403
10.4384575
18.2871532
23.8019295
17.4100132
6.3000469
4.1477289
3.8623111
5.3000355
6.9504466
7.3310232
7.7332234
7.2661176
8.4089842
9.6358242
8.3143845
6.5997610
6.3596535
5.8432174
4.3397794
3.1193504
2.9958739
2.9019575
3.4581733
4.4216380
4.9752536
5.9578190
6.1822991
6.1474628
5.0191684
3.2296145
1.7234924
0.9305401
1.0274860
1.9614778
2.2081943
4.9051766
29.2990246
84.2039337
154.4035797
197.7928467
176.5380249
94.6327591
38.9025345
48.3051071
107.3579483
217.0579681
293.0632324
280.5598145
246.4981995
153.7758789
60.9432945
20.8557892
29.9960365
165.5297546
253.6760559
187.2938843
122.0252457
133.8571625
169.3990173
164.2584381
134.8216248
87.0160141
34.0278587
32.1577950
90.4789581
197.3754272
188.9514008
129.3303986
67.9714737
36.8138199
10.2501144
4.6577015
34.2147751
150.0264282
224.1177368
226.7140961
183.3341827
97.2362976
79.3776627
60.3136177
28.8965683
31.2521973
54.0900002
97.8003082
112.2973633
110.8186417
109.0452042
120.3876572
140.6671753
113.9994049
70.9936981
43.9936409
93.2022095
114.8790359
117.8891678
120.6876984
131.1274719
160.1198883
196.5511322
214.6370392
219.5520020
220.9940338
188.6359253
134.0039978
56.0292664
58.2134972
100.8386536
82.3965683
65.8226166
48.4787827
43.4966011
38.0215721
36.4864807
39.3990097
34.8401413
34.9412880
70.1864624
163.4138489
326.8267517
483.8565674
548.8686523
508.2051086
473.1497498
451.8451843
424.2463074
384.8242493
332.0263367
322.8634949
352.5387573
368.5694885
347.3085938
295.2013550
220.3204041
133.1003571
38.7156944
106.1665497
99.2172012
131.8795013
157.0381622
73.2070694
24.4430389
11.2388830
5.6065435
13.6403427
139.6882019
301.3319092
364.1229858
317.5909424
284.5675354
259.0419312
265.0435181
232.3349457
212.4049225
190.0301971
143.1282501
97.4300995
205.9004974
146.4711761
111.7154999
184.1514435
175.2373810
114.2261581
81.8860626
108.1749420
183.3159943
269.7117004
327.2385864
281.7661743
197.8737030
120.8942947
78.3608170
58.3168449
28.6170692
8.1183643
2.9550972
0.9398723
0.7847676
1.3791485
7.4072027
46.2210197
119.2897568
172.2678986
156.1002045
98.8179855
70.7319946
63.4253387
53.3329048
45.3636169
67.2631149
118.8107910
117.9318085
128.4528809
171.2968445
175.3983765
164.3316193
164.8603058
157.5986176
135.6732178
108.6043854
72.1243744
62.6604652
86.9790115
129.7490692
193.8535004
219.5219421
151.6967010
80.9634323
43.9289513
13.0895061
5.7767015
9.3484612
29.9815788
74.8460083
114.5256271
124.8929749
87.4343491
42.8873825
33.1637993
31.0494499
27.1393261
28.8063641
54.9580994
58.6186600
44.0642052
28.0865269
17.7463570
12.3373671
15.9210424
13.8897228
47.6074944
122.2597809
163.8086700
116.5851364
32.2001038
5.5505552
20.9612846
52.6777992
67.3598633
57.2779198
49.5958862
41.1751785
19.5897942
5.3191428
22.7715740
112.5418472
209.8354797
205.7489319
115.5743103
33.9547653
25.3069401
20.9867859
14.4330759
13.8245525
24.0808849
28.0615578
23.8451786
22.2802277
23.0927925
43.0449753
91.9583435
133.1766510
143.5487213
122.4142456
88.8629608
49.1506042
67.1242599
79.9638443
35.5612411
40.6851807
49.0785866
30.4494953
15.6485672
98.2642365
121.0935822
99.4286728
66.7499542
21.8125572
16.1086845
19.2501526
11.7594528
9.9770555
9.0886202
11.8183823
13.8075562
43.4824562
94.7739868
111.8433380
86.5386047
63.8200836
47.6172676
37.4813843
34.2584686
28.0465412
25.3968315
28.9203148
35.6704102
43.1262512
51.2215919
56.2290688
39.9606171
16.2710896
7.0881844
15.6619682
26.8942165
33.8345222
39.8822937
48.9223328
51.5600433
43.9474564
36.3213654
36.2528114
34.3844261
31.1279106
25.7336960
21.0053978
16.5538673
15.7167206
15.8387775
12.2889309
11.0521421
11.2838955
12.0250998
11.2968426
9.7479248
7.3776979
6.5760427
7.0493779
5.2234821
5.0034761
4.5277700
3.8004854
3.4585469
4.2900820
4.4214959
3.7447309
4.2706070
4.3604550
2.5481358
1.2061759
0.7908638
0.5101606
0.5119759
0.6347938
1.3470666
3.6319633
6.3130932
7.9948149
8.5986118
8.5399036
8.6121387
9.1379814
9.9641943
9.2901831
7.7486000
6.2433720
5.2820477
4.0306959
3.6123857
3.4756212
4.0686092
4.8365083
5.5044560
5.8512650
6.0665359
5.5010328
4.8389702
4.5225430
4.4766030
4.7650843
4.5743270
3.9549201
4.5131636
4.8298078
4.0140100
2.8883605
2.5833759
3.4567399
3.9571104
4.8861561
5.4009485
5.5284834
5.1579514
4.0470848
2.7944922
2.4437964
2.5959818
2.6380715
2.4960065
2.5072231
2.3912039
2.0884073
1.8974369
1.5732810
1.1061194
0.7826402
0.8134150
0.9548092
0.5738713
0.2995776
0.2812164
0.4322860
0.4388412
0.3954600
0.5429907
1.0552573
3.6936083
8.6245375
18.5223751
37.9923973
59.5238075
66.9683990
56.5399475
37.6649323
27.5986729
39.7739677
60.7599792
65.3621521
58.6522064
47.7729721
60.2321815
68.2822571
59.1430321
52.6722450
35.0787315
10.4257345
1.4426823
16.4272060
112.1849976
241.9022217
293.5209045
273.0223083
251.4100037
237.5828857
217.2844696
197.4569702
195.8110352
200.2743378
181.2384949
150.4819336
91.4432755
49.3026543
41.4173393
86.3913422
189.4420319
192.8342438
146.6129303
108.3115540
95.7223587
85.8776627
57.5443535
18.5556946
23.5952206
20.0786247
9.3199577
35.5687904
57.9247513
70.4246674
64.6115265
50.4186287
59.4230385
96.9072418
139.2182617
167.7036896
190.4121857
185.7559204
158.0936279
118.6261902
93.3589249
115.6772461
148.7837219
130.5093842
108.6914520
100.5652924
90.0699463
94.5818253
124.5734634
159.2364197
167.0000763
138.6710815
82.7059555
39.0803871
45.8157043
80.2234879
157.0663452
225.3552246
192.3806763
108.8197403
57.8371429
26.6831818
17.3990974
22.8896542
32.2551727
39.1949463
41.9021912
36.8100204
24.1616993
6.1202989
5.3099365
62.3784523
150.0662689
185.2552338
156.4476471
121.4623566
114.5518723
126.1982651
123.4322357
96.3702927
61.4144745
59.5884399
99.6345749
132.6124268
131.2654724
105.1776276
70.1873322
33.3391495
14.5145941
30.4867840
47.6823692
60.5024910
72.2853546
104.7139130
125.3883209
104.0229950
63.3550835
32.8291969
21.2429543
36.5017509
47.8072662
59.4232597
63.9667702
56.0993538
50.0390625
45.6586266
44.6056633
41.9461250
35.5451202
27.2332249
22.6727486
20.9339256
19.4830284
14.6089268
10.4458084
6.0713139
9.9052753
19.8014317
30.5566616
36.3376884
38.4167786
47.0085678
57.8994751
57.4523849
44.7568893
34.7732620
33.6932831
34.9326706
30.4167862
21.1821022
20.4403973
58.6212769
120.6829834
153.0052643
136.4621429
103.9353561
76.6145630
63.4518356
74.0474319
97.0522842
100.5202713
66.2246475
41.7819939
31.4523792
35.8799591
61.6354637
77.1818085
74.9403229
74.1466904
59.9533730
60.8724060
85.2149658
96.7563248
78.6464157
45.0267143
23.9465790
19.0554504
21.7303200
19.0855656
18.9699039
15.5158253
15.3501005
13.1418324
18.1209621
18.4138203
15.9985933
12.6034813
10.3977108
6.5100183
3.0560451
8.0400553
11.7535858
10.5745678
6.4289217
5.5870543
7.9848824
6.1151915
4.7861505
4.8283100
5.1961117
5.7420106
6.0720797
6.1763721
7.3309779
9.5454350
8.6512232
6.2145844
4.4818897
3.9110034
3.7075515
3.4323463
3.4127502
2.9832957
2.4740357
1.7321582
1.6892970
2.2150011
2.5561628
1.9217379
1.0809213
2.0058610
3.8605886
4.2807102
2.7187514
3.1524472
4.3893933
5.0221367
5.2256098
5.2732625
5.2731590
5.1751466
6.1786718
7.7525835
8.0606575
7.9197760
7.9564362
8.2697411
8.2970972
8.2760839
7.1610746
6.4366498
6.8851748
8.1685686
9.2646217
9.7415714
10.0228338
8.7607059
7.1979942
6.3419790
6.2702694
7.1704168
6.9662895
7.1312437
7.7199726
8.0838766
7.1958752
5.5195007
4.0932751
3.2876987
2.9323688
2.6974087
2.8575199
2.3210902
1.9389708
1.9870262
1.7968016
1.3657537
1.0465524
0.7753313
0.6333587
0.9246460
1.4586129
3.8628407
19.2291546
48.5497589
75.3852386
93.7304306
112.0241776
123.8256836
127.3545380
115.2132111
83.6025848
46.3089371
25.4343109
18.1239052
50.3758430
122.9065475
130.2589722
121.4908066
104.4577408
83.0930252
48.6432037
96.3531952
192.6419983
205.4770355
192.1865387
168.4174500
118.2550735
56.0183258
11.4153652
2.1143572
0.5202666
0.1938218
3.1089144
19.3649235
38.9541779
48.5062599
48.4812469
43.0914307
35.5706711
39.6365662
60.0932159
80.3905716
103.3203430
141.4935150
180.2078552
188.2998962
168.1017609
143.0528564
123.1647491
110.3917923
101.9225693
96.4992142
95.2782364
78.8129807
57.1932144
50.4108124
50.5402832
45.9282990
32.3113213
27.6730957
28.9698639
25.8879242
20.2762337
17.9656067
19.9873447
20.3025856
23.0698662
22.1803055
21.6515770
22.2415962
22.9807320
21.4930534
17.3005104
14.5606718
15.2213383
17.3590984
16.5415497
12.7366619
11.9351416
13.5145321
14.3210526
12.8938408
8.6178646
6.9295187
8.3660984
11.2011786
11.7265968
11.1858788
9.5418940
11.0692558
10.4402704
8.4519014
6.7148738
4.9892979
3.9737096
2.8329225
7.2808061
16.8561840
23.5503807
23.1801109
19.7778988
21.9513130
24.7412052
30.2911930
57.4495316
104.8021469
143.5820160
144.1401367
124.7997131
116.8277740
125.6070938
122.2742538
105.0126266
81.6350708
55.2502747
37.3842392
24.2917423
16.6488037
24.9275951
18.4565754
8.5698032
4.3700147
2.4711339
1.2149503
1.2708133
1.2359623
1.1607630
4.8662090
28.1168671
69.0375748
104.7150269
127.6172791
138.5454712
129.4830017
113.6434555
96.5698776
103.9113007
129.7929535
127.4427872
93.5439148
61.0613708
29.2632980
33.0760841
57.1757431
39.9086761
41.0592384
47.0336037
23.9929161
12.5708113
28.6308594
51.4247513
81.7348251
87.7286987
61.2784233
36.6867867
25.9517097
29.5106258
17.7638111
9.6846218
5.1525726
4.9778104
6.3305230
3.0610023
0.5653934
0.5042459
1.0579962
1.5337322
1.8107494
1.7776406
1.7383029
1.3334472
1.3090382
2.6874335
5.1845007
5.3958468
3.4992852
2.1606700
1.6258870
0.9090974
0.6981408
0.9406140
1.2544549
1.5503874
1.2147485
0.9953929
1.1450779
1.0661800
0.8858581
0.7665322
1.1787969
2.5454142
3.7152758
3.2067540
1.9626206
1.3044322
1.2837423
1.2155211
0.7515340
0.4472507
0.4686984
0.5904121
0.9028690
1.8703525
3.2944813
3.0403829
1.2804034
0.2618654
0.2418413
0.4023039
0.5387778
0.5644183
0.2857766
0.0417950
0.0019977
0.0000000
0.0000000
0.0000000
0.0000000
0.0000000
0.0000000
0.0000000
0.0000000
0.0000000
0.0000000
0.0000000
0.0000000
0.0000000
0.0000000
0.0000000
0.0000000
0.0000000
0.0000000
0.0000000
0.0000000
0.0000000
0.0000000
0.0000000
0.0000000
0.0000000
0.0000000
0.0000000
0.0000000
0.0000000
0.0000000
0.0000000
0.0000000
0.0000000
0.0000000
0.0000000
0.0000000
0.0000000
0.0000000
0.0000000
0.0000000
0.0000000
0.0000000
0.0000000
0.0000000
0.0000000
0.0000000
0.0000000
0.0000000
0.0000000
0.0000000
0.0000000
0.0000000
0.0000000
0.0000000
0.0000000
0.0000000
0.0000000
0.0000000
0.0000000
0.0000000
0.0000000
0.0000000
0.0000000
0.0000000
0.0000000
0.0000000
0.0000000
0.0000000
0.0000000
0.0000000
0.0000000
0.0000000
0.0000000
0.0000000
0.0000000
0.0000000
0.0000000
0.0000000
0.0000000
0.0000000
0.0000000
0.0000000
0.0000000
0.0000000
0.0000000
0.0000000
0.0000000
0.0000000
0.0000000
0.0000000
0.0000000
0.0000000
0.0000000
0.0000000
0.0000000
0.0000000
0.0000000
0.0000000
0.0000000
0.0000000
0.0000000
0.0000000
0.0000000
0.0000000
0.0000000
0.0000000
0.0000000
0.0000000
0.0000000
0.0000000
0.0000000
0.0000000
0.0000000
0.0000000
0.0000000
0.0000000
0.0000000
0.0000000
0.0000000
0.0000000
0.0000000
0.0000000
0.0000000
0.0000000
0.0000000
0.0000000
0.0000000
0.0000000
0.0000000
0.0000000
0.0000000
0.0000000
0.0000000
0.0000000
0.0000000
0.0000000
0.0000000
0.0000000
0.0000000
0.0000000
0.0000000
0.0000000
0.0000000
0.0000000
0.0000000
0.0000000
0.0000000
0.0000000
0.0000000
0.0000000
0.0000000
0.0000000
0.0000000
0.0000000
0.0000000
0.0000000
0.0000000
0.0000000
0.0000000
0.0000000
0.0000000
0.0000000
0.0000000
0.0000000
0.0000000
0.0000000
0.0000000
0.0000000
0.0000000
0.0000000
0.0000000
0.0000000
0.0000000
0.0000000
0.0000000
0.0000000
0.0000000
0.0000000
0.0000000
0.0000000
0.0000000
0.0000000
0.0000000
0.0000000
0.0000000
0.0000000
0.0000000
0.0000000
0.0000000
0.0000000
0.0000000
0.0000000
0.0000000
0.0000000
0.0000000
0.0000000
0.0000000
0.0000000
0.0000000
0.0000000
0.0000000
0.0000000
0.0000000
0.0000000
0.0000000
0.0000000
0.0000000
0.0000000
0.0000000
0.0000000
0.0000000
0.0000000
0.0000000
0.0000000
0.0000000
0.0000000
0.0000000
0.0000000
0.0000000
0.0000000
0.0000000
0.0000000
0.0000000
0.0000000
0.0000000
0.0000000
0.0000000
0.0000000
0.0000000
0.0000000
0.0000000
0.0000000
0.0000000
0.0000000
0.0000000
0.0000000
0.0000000
0.0000000
0.0000000
0.0000000
0.0000000
0.0000000
0.0000000
0.0000000
0.0000000
0.0000000
0.0000000
0.0000000
0.0000000
0.0000000
0.0000000
0.0000000
0.0000000
0.0000000
0.0000000
0.0000000
0.0318709
0.3584585
1.0688260
1.5721462
1.3663054
0.7546919
1.1509699
15.8657856
48.5827370
64.7549210
40.9710007
2.0622120
0.2186626
0.2042615
0.2995622
0.5445888
7.6171374
50.3252907
138.9171448
230.6288300
275.7613831
261.1713867
213.6167297
163.7304993
127.0680466
82.7424698
277.8264465
294.4856262
225.1470184
163.1364594
109.2684555
52.3963432
46.3802032
102.3611984
123.8107300
117.6081696
127.1833649
153.1025848
165.8721466
140.3410187
90.4028015
32.6139526
81.5105896
93.8823853
64.2288666
18.0817909
91.9458923
128.8850708
130.4655151
116.8291473
65.9504852
97.9934387
115.5512085
55.8316307
21.9335632
68.5736694
74.1279068
52.4941330
28.0039978
16.2400227
10.1637335
15.3009653
13.0616951
7.0956368
3.7095549
1.1298188
0.3311677
0.1556454
0.2107528
0.7278060
2.7887697
4.3226318
4.2354779
3.6518040
3.5245306
3.5770347
3.3471954
3.4311647
3.5072341
3.4491160
3.1949258
3.1841149
3.3548045
3.0057409
2.5453157
2.0261495
1.4740423
1.1189349
1.3946379
1.3938594
1.0744550
0.5800869
0.4678966
0.8610286
1.0002749
0.8817710
24.2478161
89.4193420
167.7989197
224.2288055
255.7305603
261.1734619
231.1690674
216.1533508
292.0683594
330.3904419
225.1105652
147.6072388
123.9066772
96.4343109
62.3734512
62.0760765
82.3128967
63.2875137
37.3285446
37.0601425
153.7070312
217.2819977
173.5162354
138.2198486
96.1742096
94.8142166
35.4174309
0.7107040
0.4172057
14.5114603
59.9349632
124.2553253
184.3934479
194.1117401
160.5957642
108.9728546
68.5973511
59.2506638
82.9323730
80.2201233
59.9433899
29.0461292
44.6772308
62.3603935
54.1372452
34.3145370
14.7115049
5.1861353
15.1142883
38.6036530
38.4035454
9.1071186
7.4848852
8.1053438
36.1760712
47.2751083
38.2871017
43.4227676
79.1520691
89.5147171
71.6324234
70.8926239
68.5387192
53.6961555
44.0848846
42.2792053
40.5612030
32.2487068
25.1382732
28.1388855
28.7917233
22.4866581
17.2736092
15.2394905
11.6775637
9.7296114
7.2404470
8.5710402
10.5780144
11.1574631
10.1230268
9.3149338
9.9055071
8.6889811
7.8719745
6.9806390
7.8434725
8.3891697
7.3359094
6.2054005
5.6664982
6.4404807
7.0244665
7.1254082
6.2930250
5.9990387
6.4058905
6.6270218
6.6662569
6.2694082
5.5888109
5.3444223
6.1672621
6.1801343
5.4877205
4.1919107
3.2951200
2.4121499
1.7488884
1.6061871
1.7015579
1.4955239
1.2213521
1.4321353
1.5466884
1.1777129
0.8620948
0.8614293
0.9770644
0.9857993
0.5918024
0.3911867
8.5853806
48.9195938
106.7792740
121.4782333
65.2807465
4.6044521
0.4341916
0.0997434
0.3565502
0.9842849
3.9673607
8.0743265
10.3747110
10.2196846
8.1849747
5.7252007
3.9295087
2.8532095
2.3248687
2.3429079
2.4320598
2.1983042
2.0042415
2.0756469
2.0157261
2.1986547
2.4863961
2.5441554
2.2683244
1.7788928
1.4157150
1.3704126
1.6052957
1.7794970
1.3967400
0.6555241
0.5467227
8.5779152
58.4810104
151.9260101
229.2485504
253.1623383
255.2675171
213.7165985
148.5914001
95.7614136
57.6144867
16.9486351
31.9437962
72.8783569
122.3540115
135.2024231
120.4637070
98.3808289
76.7970886
34.0316315
9.4153404
22.6258392
82.0647049
179.1414337
166.3928375
123.3914185
85.7006073
49.4352150
24.8883820
2.6482675
1.8198377
3.5319588
22.0922737
87.2874222
135.3658295
122.7140503
83.6607513
62.8780403
46.8525238
24.5747757
29.5987663
31.4614944
20.9275417
42.0686836
120.3908234
204.8819427
252.1455536
265.5495605
228.0257721
169.7279053
129.5058594
70.6173325
71.9433136
59.0679245
36.5970764
38.0793686
59.8614731
91.3322067
94.2464905
74.5568695
53.5080528
42.4862213
28.1109886
22.9487038
31.1294594
40.5470810
49.8622055
65.8278503
99.9727020
141.0789490
204.4438477
270.8671875
282.9503174
208.5946198
129.5917664
91.1111755
64.6574173
126.5173874
126.9362488
72.7091370
36.1364326
26.1866989
10.9211578
4.7264400
40.3094482
159.4729767
251.3413239
239.9428558
166.4438477
109.2157593
73.2760010
51.6955299
26.1208553
19.3221092
34.6503334
48.7004242
59.4386444
66.2950211
52.0392914
50.8583908
112.5821457
173.5122223
145.9337616
104.4426041
115.7149734
200.0210571
229.1190186
187.7178040
155.7457275
123.9600449
88.5180359
83.2696533
70.9426346
43.5439301
31.1124783
7.8037806
8.9664984
12.7396526
46.2634163
120.3161621
168.4193268
168.7890015
160.0214539
133.7849274
92.3142853
66.8633728
60.2633743
57.0632553
45.3255692
30.0901527
20.5995693
10.9326754
8.9030399
17.5473289
18.9263802
12.5317593
4.2258320
1.7122703
1.4504894
0.8767413
4.7468700
14.9495535
24.7198906
37.1996880
46.0956650
38.7901039
20.2405472
8.8788376
4.3571982
1.9474174
1.0859182
0.5379670
0.2363857
0.4709620
6.0374699
15.3451214
24.5595646
26.4635582
28.4864502
63.6625061
146.0231323
255.2974854
337.0326843
346.8215942
283.2592163
186.4969177
87.5336761
26.4101028
18.3878326
64.7209091
162.6204224
165.9150696
121.9976654
94.6258316
68.7752914
41.0782890
18.4280548
24.2218533
10.1624231
25.5498447
55.4519958
75.2231750
75.2030182
59.8404770
44.4199333
30.8861618
14.2713909
3.7271819
1.6670828
18.3497829
75.3995667
103.7723312
93.7760849
96.3956223
95.1280594
107.2613983
144.4515991
167.0302429
146.3750153
121.3860397
98.8829880
92.3484192
74.8457642
36.5476341
12.3154106
17.1709843
14.9371309
8.2814674
13.6346521
31.7544804
78.0386887
132.8948975
142.2696686
87.0027924
30.4645748
16.6706200
15.2440233
18.2902756
28.1269798
29.7353935
21.9715424
17.0219059
18.3906021
17.6982441
17.8745670
16.4497967
21.2059917
28.4847260
33.1546021
30.5402184
22.9419479
40.9956894
88.8642578
124.3151398
127.9928055
109.2508011
96.9136658
78.5135727
73.2334595
67.8238678
46.2713547
36.1005402
28.9625416
21.8812466
23.4111652
19.5373478
9.7091274
5.1997933
5.9748650
13.1499643
18.4141178
15.3565311
12.0267553
12.3241444
9.4802656
13.6081009
20.4837894
17.6187534
11.6840601
9.3769712
11.3471231
10.3398705
7.5321627
1.5595957
0.6221415
0.5121222
0.7408589
1.8146080
3.7082338
5.6506200
6.2698212
6.0563941
5.6942573
4.8490529
3.9570825
3.9767754
4.3532763
3.9590607
2.8135529
1.8858416
1.5700555
1.2943403
0.7096616
0.3964542
5.8581085
32.9369659
92.9561081
176.2088165
220.6578064
184.6489105
124.0763474
94.7041321
72.4978790
63.5074921
66.5647812
76.8030167
95.4485855
73.6589737
37.7478447
15.4209366
14.0840130
61.2905655
172.8053131
317.6819153
426.6239014
482.9334106
466.7446899
350.9357300
177.7973022
76.1256256
7.8665295
4.2464514
46.3695717
207.7064667
357.5099487
390.4623718
322.4192505
205.7568359
149.2109528
158.5053558
173.6254883
156.7970276
121.2252197
101.2599945
70.6185837
54.3088722
42.5886078
35.9709969
39.1317139
18.5579987
10.1343603
3.3946562
4.9960680
16.3196487
27.9877701
40.9602203
72.9829254
132.7497864
161.6085205
109.6319733
42.8281479
16.7144337
6.3702898
6.7480588
19.3455524
53.8227997
73.8751907
58.7833862
28.0443783
5.9366751
4.0002656
10.6507683
27.5492344
59.4511833
107.8570023
151.3320465
151.0921173
112.1496735
60.5089951
21.3295879
8.2122307
18.6054478
53.5222015
85.0643311
95.7446289
110.1260452
143.0048065
146.2445374
103.9258881
66.8538055
38.4940872
18.3452911
44.1049500
70.4519653
74.8423691
58.3072968
40.9509544
29.1160870
19.3842449
9.8192387
5.3211889
20.6205215
63.3635445
83.4845200
65.6292038
52.0511475
54.9287834
71.5789337
74.9868164
61.0348969
45.3697624
40.7191696
35.5235519
30.3570042
20.0595551
21.7665672
23.3184299
11.8749790
6.0686922
26.3703480
35.7830887
23.8449574
9.6416283
8.7523022
4.4952321
1.8115420
0.8458435
1.0896320
1.8474094
1.6058134
0.4884238
0.4332297
0.9845611
1.6080189
2.4188194
3.0955269
3.6776619
4.1843653
4.5621672
4.1278448
4.2488608
5.0466800
5.1898851
4.8591361
4.7298098
4.7137880
4.5338793
4.3429308
3.8730299
3.7285671
3.2922158
2.8420644
2.8345881
3.0219264
3.5642581
3.4467075
3.3892183
3.9391291
5.2674518
6.1688695
6.0107489
4.9918957
4.2635713
4.5756321
6.2400417
7.5239491
8.9737759
10.1153450
9.5039368
9.1107693
8.9091387
8.2756081
7.0394201
5.3806281
2.7300496
4.2123804
39.4908714
133.9145355
247.4270935
309.1806030
261.6068726
156.3657074
106.6766739
115.9622650
133.1465302
114.6625290
64.3359680
43.5104599
23.2743778
68.3418427
66.7999115
47.9543762
58.8642654
136.5384216
247.7804413
278.2854614
236.2331696
166.8336945
120.8659363
96.9888992
96.2819290
76.2279434
61.1461411
74.0100632
53.1951180
50.2724075
101.0440903
134.4451294
119.9308929
94.1902161
71.0321579
44.8078079
110.2819824
170.0556335
129.4105225
95.8878632
111.8603897
165.4470215
175.6182861
129.1093903
82.6308441
53.4628639
50.0184517
25.9969254
8.8383045
25.3856640
65.9766159
90.8327789
79.2159500
51.8752594
40.0086632
33.8400650
22.9898224
8.1583357
3.4308949
53.7886658
210.6713104
313.2448730
271.5689087
175.9445190
113.8192902
90.8876801
210.1535950
230.6889496
150.4010620
73.5075531
36.3499298
20.5275078
108.7123260
145.0052795
110.2883911
85.3467941
91.7944489
119.7144012
144.6775665
132.3621063
85.2423935
31.0120621
17.2771835
9.3032551
14.4944096
59.6703224
120.7952728
202.8385620
269.7151489
281.1508484
238.7704315
171.6607361
108.5336914
58.3305016
41.0570755
34.6907997
19.2128677
23.5945263
57.1376266
90.0330048
85.3217392
78.2646408
69.4791794
65.7267685
58.5744743
40.4912529
20.8462887
16.4308033
40.6562691
84.1779861
100.2829971
69.6045532
41.8596382
29.5054989
19.6033859
9.7318201
3.1430738
2.9511766
15.7870941
21.8441467
12.1351452
9.3617172
11.4427795
25.3702030
80.4792786
140.5786133
152.0495911
115.9502869
84.0654373
81.0561218
84.3985062
72.0065536
49.5884705
27.9219475
19.7299805
37.5356102
55.8194656
55.5996857
47.6120338
32.5592422
19.3450546
29.7056122
42.8280449
47.5565262
39.1671295
52.4625740
62.0484734
47.6609421
23.4432831
19.2453995
47.7715149
147.8078003
269.8453674
340.6130981
325.3821106
262.2284546
185.8911591
130.4899292
90.2438660
56.4349861
41.2169571
52.0309219
47.3676491
25.7258453
35.6788979
41.9987450
37.6793251
47.5113983
72.6174164
62.0767212
33.9276543
13.1868954
8.6372099
31.9052029
91.6203766
125.4378586
104.2664795
76.4883575
52.8073807
33.8121147
16.1302433
27.9065628
56.3577461
50.8156204
37.2395248
20.2281666
6.4119272
12.0336657
15.9829149
40.1096382
56.5003471
57.7515335
51.8169212
36.7287560
17.1230202
6.0158367
1.1518079
1.5055344
5.3865118
16.0660591
37.8490257
50.2401810
50.8199921
49.4667435
44.9530449
30.5096207
16.0684566
20.0582218
44.0688972
102.4005356
116.0834732
78.8544159
43.0702858
27.9917622
18.3409462
10.3753548
18.1267738
22.7995605
31.8427391
67.1183624
140.2559052
207.1583099
222.2555237
175.8602600
153.0838165
131.1099396
78.8368073
28.1443462
6.9633002
6.0399427
52.9521523
134.1376343
179.4378967
169.9653625
129.3080292
92.6302032
75.5429001
69.6101379
51.6398621
20.0673943
4.3243380
0.6570170
0.3221158
0.2305384
0.2727686
0.4451336
0.4045489
0.4858272
0.6521841
0.6838355
0.4475493
0.3430323
0.5183687
0.5396647
5.3342123
23.1388130
67.7480621
158.8366852
241.3694153
235.4810791
167.1816101
159.9324951
267.7734680
370.5656128
361.5422363
278.4937134
220.2315979
224.4510040
301.0628357
305.6203308
186.9248810
84.8664093
46.6030235
55.1985283
75.7752686
91.0217133
81.7945633
76.3798370
90.7691116
168.3371429
186.2325897
143.3592682
91.9955215
76.9755630
68.7144852
45.8954659
43.0088577
51.7034149
157.0293121
241.0730133
229.3019257
183.6743011
131.8152008
53.0334473
13.8408222
72.1041794
197.7775269
272.0223999
230.4986267
137.5847626
77.4369049
45.3203163
25.8651447
11.0616894
13.1269360
32.6534195
45.7467079
38.4157677
22.1081848
14.9251041
16.2829933
22.3606644
25.1269379
27.8871422
46.0717926
75.0869293
102.7163086
124.1613007
112.8066483
62.8478317
16.0756645
17.5057793
73.1917114
171.6290894
183.7089691
162.5555267
128.4669189
85.0689011
53.5208549
34.7104950
42.9987640
40.7167969
28.0988274
17.9641171
12.1217337
11.2771864
8.5652065
4.2909632
1.4360012
0.6964757
0.7052633
1.2425704
6.2096624
11.5970154
16.5848331
24.6568737
34.2012863
43.6820412
51.6295395
57.6851196
56.8483429
47.6193008
31.8303204
19.5723438
8.2791204
2.1076570
1.1085469
14.8655930
79.8615494
130.3860016
121.6279678
95.1882782
76.4981613
106.2178802
151.0581665
166.4899902
114.6395035
67.8346786
58.7802277
147.7448120
292.8561401
328.4603271
276.5980835
205.1542664
165.4841003
150.6563721
128.4502716
87.5048218
49.3480415
18.7970219
11.7767401
8.8903732
8.0400953
27.8216152
56.2402878
55.1995010
44.9464569
30.5871830
15.8955431
11.6957731
22.7511425
33.9847603
36.0499878
25.5832863
16.2067451
8.1944437
6.1077232
2.8317485
2.3556583
8.9621258
42.8161011
68.8849792
60.8726540
43.3688278
48.7031212
42.3949203
28.8693428
35.9726868
60.0097694
67.3641891
32.6069489
4.9945059
0.9453722
0.4299213
27.2548752
121.4314117
221.4583130
272.9920959
266.3834534
230.3293762
164.9832001
105.3924713
105.6977692
85.0455933
37.0726166
26.3773422
34.3342133
29.7098465
28.3941612
20.7156143
15.2099810
6.1627131
6.8531618
12.3207569
6.3843746
9.9287567
22.9449272
43.9902649
68.2123566
93.0869904
110.2137604
113.0950165
97.1197739
75.1524506
57.0481453
44.6418839
47.6551323
50.1485329
41.9929428
31.3413773
24.1852760
24.0546131
26.6157875
31.4197521
25.5898018
22.7725048
41.1599579
60.1209564
84.2909927
109.0153122
124.8876724
104.2164688
63.8952370
33.7478180
24.5562687
29.1078949
44.3503799
63.2832870
56.9206009
37.3394508
19.3353481
21.9956894
46.3254433
48.4302368
44.4605865
30.2830467
20.9552212
13.3765621
7.7976222
4.0862846
1.3879939
2.0661769
2.2562261
1.5412190
10.7062273
45.1304283
88.1124039
102.5685883
74.8222733
29.3691368
5.6590118
1.1266264
0.5913600
5.0287361
22.1133747
46.9571304
56.7193604
42.2541733
15.8717728
4.4718823
1.5865514
21.6148415
116.4601898
244.0311890
301.9454651
286.5920715
294.2647400
357.4728088
415.1544189
464.5172119
498.8158264
428.6264954
307.5046082
223.3828278
129.4644165
280.4263916
449.5676880
273.3056641
152.9388580
70.6284485
44.6854973
25.4642887
8.8567533
4.4757476
0.5110570
0.0327175
0.0592841
0.2467850
1.3087616
3.3419492
6.7151723
12.2095480
19.5396442
23.1786575
23.3972721
27.7986736
39.3650742
59.4280434
79.3506927
90.1586304
89.0259705
89.2485504
85.8784409
74.0580902
57.5295982
36.9352989
20.6682281
7.7843676
9.6566124
37.5830116
76.4223328
89.9447250
83.3811951
59.0852509
60.3715897
53.1938934
43.3434448
45.5051727
49.7231674
38.9766617
28.5584335
30.2725868
57.8562508
59.5293388
71.0019531
73.5745544
45.1677322
10.4087820
1.1924800
33.7705307
121.9841232
175.9177094
147.3791351
103.1246643
73.4040756
86.0035782
204.1519775
226.9341736
168.1427307
97.6234741
52.1017151
29.2924271
15.8297844
10.5504951
20.9838085
56.3896446
90.2359695
115.5949249
116.6266174
79.1671448
44.8438187
35.7804413
26.8335552
16.5301437
13.3263845
22.1701088
40.5713921
56.1542740
51.2766647
45.2429543
32.6659622
24.4984207
21.3496666
16.7978497
7.8441401
2.6753910
1.1206108
3.0962729
19.2277699
27.9788170
26.6193714
18.1354256
7.2592463
2.7881761
1.2956737
0.7022092
0.5970453
0.8118745
0.9229784
1.7873844
4.2305040
6.8466167
7.0207295
6.7960577
8.0101976
8.8012180
9.3804550
9.0647459
7.1486459
4.3631506
1.8448920
1.3241196
2.0382700
3.3457115
4.2682929
3.8408594
2.8865025
2.4742932
2.1492972
2.1335998
1.7340827
2.3684754
4.0398741
4.6299620
4.2157087
3.8426604
3.3833995
2.6945522
3.8543563
10.0765457
21.0911484
28.9372253
27.8354454
19.7531986
11.4485579
7.0899224
4.5706868
1.7554235
0.5162380
0.4975611
0.4527773
0.6972687
0.9159157
0.8722786
0.8982296
0.9145868
0.7868899
0.6885951
0.5136949
0.5278848
0.4620649
0.5490076
0.7499164
0.9565660
1.4576168
2.8993046
5.2055655
7.5531874
9.0676975
8.7868795
6.4131551
4.6052637
4.2117276
4.4123931
4.5994616
3.9461417
2.4688478
1.8581277
2.6219440
6.7633328
12.0038166
11.6424751
7.1342196
4.2106380
2.0665116
5.2343359
16.9243870
24.4578590
26.0623455
24.4621887
20.8094692
13.6482344
6.5115461
2.3858206
1.1939896
0.6857185
0.5714809
0.7064644
0.6985546
0.3693089
0.0611261
0.0085936
0.0002471
0.0000000
0.0000000
0.0000000
0.0000000
0.0000000
0.0000000
0.0000000
0.0000000
0.0000000
0.0000000
0.0000000
0.0000000
0.0000000
0.0000000
0.0000000
0.0000000
0.0000000
0.0000000
0.0000000
0.0000000
0.0000000
0.0000000
0.0000000
0.0000000
0.0000000
0.0000000
0.0000000
0.0000000
0.0000000
0.0000000
0.0000000
0.0000000
0.0000000
0.0000000
0.0000000
0.0000000
0.0000000
0.0000000
0.0000000
0.0000000
0.0000000
0.0000000
0.0000000
0.0000000
0.0000000
0.0000000
0.0000000
0.0000000
0.0000000
0.0000000
0.0000000
0.0000000
0.0000000
0.0000000
0.0000000
0.0000000
0.0000000
0.0000000
0.0000000
0.0000000
0.0000000
0.0000000
0.0000000
0.0000000
0.0000000
0.0000000
0.0000000
0.0000000
0.0000000
0.0000000
0.0000000
0.0000000
0.0000000
0.0000000
0.0000000
0.0000000
0.0000000
0.0000000
0.0000000
0.0000000
0.0000000
0.0000000
0.0000000
0.0000000
0.0000000
0.0000000
0.0000000
0.0000000
0.0000000
0.0000000
0.0000000
0.0000000
0.0000000
0.0000000
0.0000000
0.0000000
0.0000000
0.0000000
0.0000000
0.0000000
0.0000000
0.0000000
0.0000000
0.0000000
0.0000000
0.0000000
0.0000000
0.0000000
0.0000000
0.0000000
0.0000000
0.0000000
0.0000000
0.0000000
0.0000000
0.0000000
0.0000000
0.0000000
0.0000000
0.0000000
0.0000000
0.0000000
0.0000000
0.0000000
0.0000000
0.0000000
0.0000000
0.0000000
0.0000000
0.0000000
0.0000000
0.0000000
0.0000000
0.0000000
0.0000000
0.0000000
0.0000000
0.0000000
0.0000000
0.0000000
0.0000000
0.0000000
0.0000000
0.0000000
0.0000000
0.0000000
0.0000000
0.0000000
0.0000000
0.0000000
0.0000000
0.0000000
0.0000000
0.0000000
0.0000000
0.0000000
0.0000000
0.0000000
0.0000000
0.0000000
0.0000000
0.0000000
0.0000000
0.0000000
0.0000000
0.0000000
0.0000000
0.0000000
0.0000000
0.0000000
0.0000000
0.0000000
0.0000000
0.0000000
0.0000000
0.0000000
0.0000000
0.0000000
0.0000000
0.0000000
0.0000000
0.0000000
0.0000000
0.0000000
0.0000000
0.0000000
0.0000000
0.0000000
0.0000000
0.0000000
0.0000000
0.0000000
0.0000000
0.0000000
0.0000000
0.0000000
0.0000000
0.0000000
0.0000000
0.0000000
0.0000000
0.0000000
0.0000000
0.0000000
0.0000000
0.0000000
0.0000000
0.0000000
0.0000000
0.0000000
0.0000000
0.0000000
0.0000000
0.0000000
0.0000000
0.0000000
0.0000000
0.0000000
0.0000000
0.0000000
0.0000000
0.0000000
0.0000000
0.0000000
0.0000000
0.0000000
0.0000000
0.0000000
0.0000000
0.0000000
0.0000000
0.0000000
0.0000000
0.0000000
0.0000000
0.0000000
0.0000000
0.0000000
0.0000000
0.0000000
0.0000000
0.0000000
0.0000000
0.0000000
0.0000000
0.0000000
0.0000000
0.0000000
0.0000000
0.0000000
0.0000000
0.0000000
0.0000000
0.0000000
0.0000000
0.0000000
0.0000000
0.0000000
0.0000000
0.0000000
0.0000000
0.0000000
0.0000000
0.0000000
0.0000000
0.0000000
0.0000000
0.0000000
0.0000000
0.0000000
0.0000000
0.0000000
0.0000000
0.0000000
0.0000000
0.0000000
0.0000000
0.0000000
0.0000000
0.0000000
0.0000000
0.0000000
0.0000000
0.0000000
0.0000000
0.0000000
0.0000000
0.0000000
0.0000000
0.0000000
0.0000000
0.0000000
0.0000000
0.0000000
0.0000000
0.0000000
0.0000000
0.0000000
0.0000000
0.0000000
0.0000000
0.0000000
0.0000000
0.0000000
0.0000000
0.0000000
0.0000000
0.0000000
0.0000000
0.0000000
0.0000000
0.0000000
0.0000000
0.0000000
0.0000000
0.0000000
0.0000000
0.0000000
0.0000000
0.0000000
0.0000000
0.0000000
0.0000000
0.0000000
0.0000000
0.0000000
0.0000000
0.0000000
0.0000000
0.0000000
0.0000000
0.0000000
0.0000000
0.0000000
0.0000000
0.0000000
0.0000000
0.0000000
0.0000000
0.0000000
0.0000000
0.0000000
0.0000000
0.0000000
0.0000000
0.0000000
0.0000000
0.0000000
0.0000000
0.0000000
0.0000000
0.0000000
0.0000000
0.0000000
0.0000000
0.0000000
0.0000000
0.0000000
0.0000000
0.0000000
0.0000000
0.0000000
0.0000000
0.0000000
0.0000000
0.0000000
0.0000000
0.0000000
0.0000000
0.0000000
0.0000000
0.0641137
0.6967312
1.9278229
3.0143991
3.4640360
3.6356196
4.0856876
4.7485352
5.0775151
5.4949350
6.7116098
7.8416500
7.8618903
8.3010988
8.8571272
8.2019081
7.3562756
5.7822638
5.3340082
4.5922360
4.3470020
4.4782853
4.2527447
3.8469889
3.5984631
3.3700771
2.7079115
2.1686277
1.7147740
1.4596313
1.4582052
1.5010059
1.0766071
0.9911303
13.5633755
36.1277237
38.2097168
39.0144539
113.8865662
218.4320221
240.2876587
207.0035858
198.3109741
188.9143219
132.3312225
72.6522903
57.7407722
57.4167023
53.8318443
43.8129730
48.7874985
75.7097473
86.8331223
110.5921783
141.9743500
173.1535950
203.4618378
256.4016113
297.7455750
267.7404480
168.9747009
84.4397354
41.5794907
18.4803734
18.2928944
24.4176445
32.2930679
40.5317535
35.5749664
23.1915703
16.9696503
18.0205956
30.8874550
38.6282768
53.7776070
88.6473465
138.6775360
164.3706818
156.0839691
140.4487915
111.6719971
78.3461456
65.2155457
97.0869217
66.6580124
40.7081337
51.2689171
169.2015533
171.4798279
169.4150085
133.4860382
87.2892685
70.8174896
124.3876572
106.9332352
49.3243828
22.2405758
11.0740471
4.6366844
1.1736168
0.7177151
1.0141435
7.3335257
14.8423872
13.8522015
9.4947329
6.1703434
5.0665312
5.9143815
8.3112698
7.3848472
4.1041427
10.2731934
48.4715805
119.4339218
214.6276855
316.8664551
384.6764221
392.8975525
373.6452332
283.8247986
164.8009644
55.0628204
52.9308395
139.4234314
72.2978668
23.4813976
21.8755226
33.6357574
32.9777794
19.6645031
4.2253618
0.8838395
0.6011578
2.0583167
8.5023727
11.9049234
10.1507187
8.4762135
9.1394854
10.2778721
10.5309286
8.9135580
4.6962967
1.5925958
16.7979965
77.7826920
156.0263824
204.8690796
211.3299713
195.8553009
166.7138214
140.4398956
107.4081268
166.5805511
166.7054901
57.4623718
17.1153126
7.5718222
2.6223204
59.2866402
228.3779449
374.3829956
382.4405518
281.4702148
212.4929352
242.2430267
333.5922241
254.4720154
126.8019104
39.2198524
88.6608505
100.4643173
43.2690849
6.5484095
8.4160261
53.3657455
186.1277924
215.8238220
143.0834198
94.3868408
60.9567032
126.5130386
138.6416168
97.4859009
83.0251083
146.9265442
113.6581192
83.3763809
67.8249817
93.9030609
36.8089676
12.2963772
9.4217615
12.3734856
49.9582291
96.8831100
111.7210541
138.2835846
162.9215088
154.3659363
130.6396027
128.0764313
130.5523529
114.4734039
59.4357872
45.1215973
82.7246017
52.6279755
102.7769241
81.0404510
50.2847061
27.6253777
11.6166697
20.6337776
18.6783657
44.7035713
111.3156662
165.1343384
151.1178436
101.7212677
79.1661377
61.8818893
72.2490692
106.0318375
59.7899132
11.3423500
4.6096535
17.0432110
57.0239410
99.0145569
104.2799454
74.4475327
32.9249229
22.3799229
19.0647488
16.9853191
21.1274490
78.5457077
108.0334167
88.9159546
54.9761543
56.4182510
73.5099945
82.4017944
53.1067772
42.4894028
50.3492508
25.5102119
23.9369869
18.4333496
27.5940342
61.1839218
125.6895218
214.3605347
281.3376160
273.3936462
202.9618530
130.8122406
86.5097504
77.7127609
76.8777008
40.9320869
45.0941200
51.4906082
52.7665176
52.1618996
71.1425705
120.6651306
162.2358856
183.6700134
196.6911469
194.3655090
156.3447723
111.5307846
69.1103134
38.4254265
43.7992821
86.8323212
101.7594681
60.5459900
26.8747520
22.6970730
31.4861546
114.1942749
179.6398163
206.8407898
195.6790314
183.8943939
172.7793121
158.9618225
111.3566132
59.4527359
22.1628857
27.9720154
17.3341446
5.7340779
5.5016708
5.4706602
6.8185997
23.1852551
70.0118103
125.0044785
142.3725433
110.4646225
83.3064499
67.6070709
86.6412201
119.6802292
214.4166565
308.0208435
315.0357971
265.4395447
201.1901398
164.7577209
146.7766113
106.3224564
68.9889221
56.3072968
47.5329514
35.9034462
45.9895630
80.2259064
151.7257996
229.2999115
291.1514893
359.0187073
431.0307312
472.7400208
433.1367798
314.4036560
195.4862366
147.1020050
118.2895737
86.7453537
56.0687752
18.5546436
156.3332672
203.1280518
200.5919800
202.7677002
246.3238525
352.2237244
461.0315857
464.3201904
332.6935120
181.4832916
106.4874649
121.7052765
133.2399292
80.5312958
42.2284241
81.0208817
153.0948181
134.0668793
82.4282608
40.9153442
36.0672913
63.0314789
60.5005531
54.3525543
48.6231232
26.5211887
18.1082859
18.6641788
11.3262396
4.6168013
4.5233111
5.5586967
10.5620861
22.5542412
34.7357864
39.3513184
37.6840668
35.1688042
35.1177444
41.7731628
48.6268311
48.3399353
43.8887939
37.3252487
30.5378838
26.4842739
24.2889557
20.0518951
17.2991028
16.4861755
15.8900261
14.8494282
14.7433252
13.8960018
9.8919563
5.1275516
2.1980596
5.5881548
26.5229797
55.0471039
68.6999969
70.8947601
64.6558380
56.3574562
49.7531967
46.5515518
48.7628326
49.5015678
48.0973434
44.6712837
34.2803383
25.3094482
21.0542107
20.3068810
15.8282394
13.7349281
15.1675014
18.2207699
19.3525238
18.4952774
17.6734905
15.2870331
15.3573484
17.3322124
19.2661591
16.8051567
13.3853359
10.8376942
9.0087109
7.4996362
6.0455127
4.8883834
3.5452757
2.7168338
2.4258537
2.6840987
2.9571807
2.9540586
2.9260805
3.3223381
4.1456480
3.9260116
2.6854310
1.5315245
1.2052915
0.7861034
0.4885679
0.5597094
0.5362666
0.3122029
0.3454710
0.4514613
0.6804538
0.8362004
0.8032812
1.2876886
1.9521416
1.4699402
0.3767055
0.2697214
0.4808954
0.4700852
0.5214449
3.2935269
10.0103951
13.1845503
12.7002954
24.4861450
47.1506805
69.4588776
94.3722229
113.4551697
124.9109802
139.8966370
155.3461456
151.2145996
126.6565857
94.9910278
63.5759888
40.0352325
36.4028854
47.8319778
53.6976166
72.9929733
78.8538895
61.6684799
33.6934814
12.7473297
39.7008743
43.1495781
41.4641800
75.9963684
88.3529892
62.4849358
41.9019470
50.8377075
61.6340179
50.7757263
37.2374573
56.3904610
37.3231583
29.9791183
99.9521027
115.7461319
99.8511505
62.9177132
53.5662079
56.6697617
51.6808205
45.0766754
52.1914673
62.5668030
56.8235283
38.6754227
25.8145981
19.4997616
18.7465324
19.2635841
22.6428509
19.5183010
18.8742008
17.1017475
18.0882473
17.7317715
17.6937771
17.3702374
18.0309410
16.9246330
14.3244905
12.8115864
12.5951233
11.9960423
10.5596781
10.2622004
9.4409428
7.5139685
5.9169831
5.2277193
3.9967012
2.9479136
2.7699549
2.8441079
2.7551394
2.1898086
1.7310271
1.8636396
1.7815396
1.5991496
1.7288200
1.9061632
1.6364627
3.5499887
18.3839207
38.9058418
55.1347084
95.3360443
159.0435944
203.5768738
188.2630920
157.3802338
127.7615891
79.2063217
36.9753685
20.2543602
6.3879800
0.9976362
0.3714118
0.5250785
5.0974693
44.6565552
106.1049423
160.4239044
181.3164673
162.5126190
129.8196259
145.5344391
171.9608459
167.3423004
157.8741150
132.1304932
100.2792435
71.8005524
49.5039940
41.8164749
57.0016975
58.1536102
77.1513443
133.0980072
159.5160675
147.9514160
115.8986664
82.2877960
61.8041000
53.1473999
52.9028168
49.3559189
37.0081367
30.1898117
23.4705582
32.7972336
42.0630722
33.4358368
21.4422798
33.8648300
61.3354721
78.4305344
76.0942612
54.8537979
38.7794800
31.8239479
32.2841377
38.8741684
43.1336823
40.5246429
35.6272163
52.7580605
106.0874176
195.0032806
303.0563660
369.9764404
348.8758850
237.2950134
177.9682465
200.4418030
261.6926575
299.2251282
259.3334656
189.8106995
135.5806122
74.2917557
107.9110870
241.4187775
275.3775940
200.0969238
118.9879608
48.5719147
96.0582733
244.1691284
323.7198181
238.8799133
151.6042633
72.6123199
62.4442444
182.8582764
283.8186035
237.9280090
162.8315887
124.9914703
118.8028488
120.9097443
97.4002380
65.3840179
69.3593292
53.6266670
32.3807869
10.5948381
24.6038704
29.0732784
40.6429100
47.0244675
47.6906357
49.6543198
55.5689621
81.0630341
53.4242668
11.3280926
0.9785099
0.3643727
0.4109414
1.0520524
6.2698512
12.0696859
14.4769535
14.2339678
12.2903700
9.7905960
8.5984182
8.4380941
9.1572943
8.5616169
6.8189859
5.0349011
4.5491309
3.9331708
3.4817863
3.3032870
3.9006479
4.1570449
3.7531109
2.7878478
1.3394066
0.7333596
0.7296247
0.7024561
0.5721964
7.0678072
46.8232117
126.8577957
220.8524170
282.8098145
287.7592468
216.0555420
155.7284241
116.4505615
117.0364075
162.0622101
149.5421448
136.4895630
339.4101257
402.8076172
281.8898315
135.8339539
89.9799576
167.8806763
245.4981689
241.9310150
266.2995911
351.8718872
407.4971619
378.6618958
263.0007324
129.0173798
45.8425446
83.0276489
143.0342712
99.0558777
55.1341629
45.6042099
35.2872734
28.7829628
19.8291225
11.2352524
22.8432884
23.0522499
8.0469913
2.8101745
7.8865843
20.4540081
28.3307552
25.1762104
19.8191376
14.8793707
10.0590191
6.8126445
3.8185871
2.0599427
6.8371482
52.0790825
161.5732117
301.6337891
388.1119080
339.0703430
227.9483032
160.9335175
131.5235291
86.3256073
38.5685349
19.0134182
4.5479650
1.2819769
5.2712650
63.8698273
179.2261353
272.5290833
311.5191345
277.1655273
191.8845215
108.8228302
100.1930313
139.5026245
131.6927032
68.3337860
31.7108631
8.0311308
1.1339591
19.8669033
140.2071991
243.2583771
243.9318848
172.0831146
82.7085037
36.4951630
21.7162457
24.2796764
27.7735424
26.5187969
10.8240871
21.4419365
41.0864563
37.3451080
50.0496140
122.4838867
210.5193329
235.0529327
227.2336884
230.9593353
213.2897644
172.0139313
127.3075180
93.1981888
71.0260162
43.7139969
57.7325897
92.5821457
71.1034012
67.5468903
73.7359543
70.5359802
58.2106552
43.2219467
33.7892151
24.6725426
17.1193962
24.7352200
63.8035469
126.7258148
172.3390656
179.4796295
129.2440186
69.1367645
21.0691624
6.7852778
22.6280251
111.2819138
162.1425781
119.9347610
91.3600006
106.5175858
89.6352310
21.4019737
2.3925838
10.9452658
30.3022156
41.4065018
33.3003769
15.5092125
23.7649326
53.7188187
89.3146286
117.0847015
115.3334198
88.5145569
67.5955658
53.5751305
73.1242294
67.4222641
47.0209351
49.0284996
55.6780930
51.1992683
35.2384758
26.5724602
23.9562244
14.5009279
4.9229383
16.6536274
52.2288895
111.9643326
138.9305725
119.1055450
106.1283875
87.0218277
76.9465637
92.6131516
109.8632507
93.2546387
60.4430008
36.1860695
35.6235352
25.9045944
19.6734638
11.9309626
3.9962978
0.8066263
0.2835135
0.1058235
0.1801301
0.3901713
1.0306709
2.8502939
4.1980810
4.0698037
3.0837722
1.1846522
0.3227376
0.4026100
1.3423116
4.2071953
6.6948895
6.8902240
5.8380170
6.3786879
11.2994604
32.2059631
65.1624298
83.0677490
74.8364563
52.9278870
33.3933182
42.4072266
50.5231285
55.3846130
60.4835052
55.8095551
46.3825760
37.5229187
35.1331062
18.3272324
5.2997122
1.9249706
2.9003150
3.8413270
2.2253325
0.4432240
0.2724162
0.4395648
0.8214828
1.4586186
2.5212708
3.8227959
4.6892614
4.8382058
4.6086664
4.7747579
5.0358114
5.2644091
5.8288393
8.6099386
23.7441406
61.4895935
101.9368591
117.0422211
107.8571548
104.2696915
109.2041550
98.7988663
68.5886459
27.5693817
7.6471214
1.6775644
1.8740860
0.1441385
0.2072748
0.2941986
0.4629279
0.6299015
1.0500506
1.6989777
2.2895298
1.7352637
0.5747337
0.4734634
0.3944945
0.3954749
0.5259889
0.4889797
0.4488475
0.4087991
0.5505111
0.6109692
0.6179066
0.6501523
0.6339823
0.6277738
0.5536135
0.5786216
0.6300312
0.6588891
0.7591017
0.7337459
0.4906421
0.3094302
6.0200224
60.3717537
154.5725250
197.9704132
153.3326416
83.1571579
56.7328568
38.6782494
29.9559937
34.8335533
49.6265068
50.9268875
34.2953300
20.7564526
25.1495972
47.4725761
62.6865616
35.6446419
7.0287056
0.7396419
1.4669088
16.6136417
43.5693092
53.4731789
45.8703346
32.6883774
29.4848919
29.3931236
29.4492645
30.3134460
31.1130600
30.3350468
22.7476368
10.9710894
6.6677108
12.4842052
11.5130539
9.4772863
8.7691355
5.8917689
3.5069163
4.6679840
4.9260569
5.0401897
8.1505289
9.0421438
8.2662573
7.0586762
11.8215532
10.7942982
11.0700836
13.4937124
10.6332483
5.0283895
2.0048089
1.5660279
1.2043180
0.6535990
0.5783476
0.4344055
0.4451818
0.3512967
0.2583421
0.4412510
0.5182509
0.5095204
0.7758051
2.0425110
4.1762142
6.5309420
7.7158589
7.5906911
7.4780316
7.1789727
5.5517645
4.7708335
5.8709965
11.9011612
21.4112778
26.1576653
25.1935024
19.0331039
12.1147823
10.2390366
10.7355919
10.0236340
6.9027257
6.5521011
7.9404445
8.2872410
6.8375363
5.4332237
5.6605482
5.7158275
5.4768839
5.1637878
3.8940701
3.5408201
4.1629314
3.7988760
1.8920200
1.1937218
1.4785366
2.2311635
2.9415109
2.6776810
1.9185672
1.1960633
0.7146855
0.9476206
2.1918890
3.5372405
2.3118238
0.9619615
1.1444937
1.4520750
7.0873251
23.4655609
38.9409523
52.2508621
72.8209534
100.3613205
115.0057602
107.9212646
90.6984711
68.7991714
47.7179298
39.7867584
63.8119736
89.8236084
75.3601074
46.1980133
26.7384682
19.7774830
3.8509846
0.3135242
0.2123447
0.4560260
0.7617515
6.2271242
26.1200371
45.9576492
43.2363968
20.0444031
9.7727833
29.1955662
64.0441284
86.6511307
90.5877762
124.4872742
183.5365753
246.9381104
288.8312378
293.9980774
280.6970825
224.2075653
136.1483459
75.9499588
45.2625504
17.7081738
27.8885498
48.7591171
24.2645569
13.0584793
9.4951468
8.0875645
5.5164485
3.9862061
3.0521204
2.3174124
1.9639949
1.7070394
1.1729019
0.7274498
2.7660210
8.9980717
18.8195648
39.7813568
91.2607651
191.5390015
271.2836914
247.3027649
186.6226501
137.1291504
104.0305099
80.3357773
106.5237503
165.9504700
211.1157532
211.6367035
164.4211578
103.4755707
38.3227539
16.7895012
88.2767715
61.4412689
27.7350197
51.2309799
84.9320908
49.7426605
10.4100533
4.6590233
3.5844116
1.3449174
0.7684404
1.4530898
2.6518939
2.1950383
1.7459384
2.2926848
3.9024453
6.3031340
8.7326422
13.6292200
37.4207916
90.5772781
132.2513733
116.5192108
77.5412903
55.5012703
106.9046097
165.7107391
118.4398499
74.5842590
30.6314697
66.9934311
76.1941833
29.6466045
7.8150058
9.6832476
7.3196120
0.5510447
0.3186996
0.5236748
0.6073750
0.7482133
0.8082635
0.6587950
0.4799963
0.1577081
0.0265725
0.0033502
0.0000000
0.0000000
0.0000000
0.0000000
0.0000000
0.0000000
0.0000000
0.0000000
0.0000000
0.0000000
0.0000000
0.0000000
0.0000000
0.0000000
0.0000000
0.0000000
0.0000000
0.0000000
0.0000000
0.0000000
0.0000000
0.0000000
0.0000000
0.0000000
0.0000000
0.0000000
0.0000000
0.0000000
0.0000000
0.0000000
0.0000000
0.0000000
0.0000000
0.0000000
0.0000000
0.0000000
0.0000000
0.0000000
0.0000000
0.0000000
0.0000000
0.0000000
0.0000000
0.0000000
0.0000000
0.0000000
0.0000000
0.0000000
0.0000000
0.0000000
0.0000000
