0.0000000
0.0000000
0.0000000
0.0000000
0.0000000
0.0000000
0.0000000
0.0000000
0.0000000
0.0000000
0.0000000
0.0000000
0.0000000
0.0000000
0.0000000
0.0000000
0.0000000
0.0000000
0.0000000
0.0000000
0.0000000
0.0000000
0.0000000
0.0000000
0.0000000
0.0000000
0.0000000
0.0000000
0.0000000
0.0000000
0.0000000
0.0000000
0.0000000
0.0000000
0.0000000
0.0000000
0.0000000
0.0000000
0.0000000
0.0000000
0.0000000
0.0000000
0.0000000
0.0000000
0.0000000
0.0000000
0.0000000
0.0000000
0.0000000
0.0000000
0.0000000
0.0000000
0.0000000
0.0000000
0.0000000
0.0000000
0.0000000
0.0000000
0.0000000
0.0000000
0.0000000
0.0000000
0.0000000
0.0000000
0.0000000
0.0000000
0.0000000
0.0000000
0.0000000
0.0000000
0.0000000
0.0000000
0.0000000
0.0000000
0.0000000
0.0000000
0.0000000
0.0000000
0.0000000
0.0000000
0.0000000
0.0000000
0.0000000
0.0000000
0.0000000
0.0000000
0.0000000
0.0000000
0.0000000
0.0000000
0.0000000
0.0000000
0.0000000
0.0000000
0.0000000
0.0000000
0.0000000
0.0000000
0.0000000
0.0000000
0.0000000
0.0000000
0.0000000
0.0000000
0.0000000
0.0000000
0.0000000
0.0000000
0.0000000
0.0000000
0.0000000
0.0000000
0.0000000
0.0000000
0.0000000
0.0000000
0.0000000
0.0000000
0.0000000
0.0000000
0.0000000
0.0000000
0.0000000
0.0000000
0.0000000
0.0000000
0.0000000
0.0000000
0.0000000
0.0000000
0.0000000
0.0000000
0.0000000
0.0000000
0.0000000
0.0000000
0.0000000
0.0000000
0.0000000
0.0000000
0.0000000
0.0000000
0.0000000
0.0000000
0.0000000
0.0000000
0.0000000
0.0000000
0.0000000
0.0000000
0.0000000
0.0000000
0.0000000
0.0000000
0.0000000
0.0000000
0.0000000
0.0000000
0.0000000
0.0000000
0.0000000
0.0000000
0.0000000
0.0000000
0.0000000
0.0000000
0.0000000
0.0000000
0.0000000
0.0000000
0.0000000
0.0000000
0.0429688
0.0605469
0.0776367
0.0917969
0.1113281
0.1186523
0.0952148
0.0952148
0.1015625
0.1054688
0.1152344
0.1201172
0.1220703
0.1274414
0.1293945
0.1308594
0.1318359
0.1289062
0.1313477
0.1333008
0.1362305
0.1342773
0.1333008
0.1313477
0.1240234
0.1186523
0.1147461
0.1118164
0.1044922
0.1035156
0.0961914
0.1015625
0.0874023
0.0776367
0.0703125
0.0668945
0.0600586
0.0800781
0.0913086
0.0898438
0.0952148
0.0966797
0.0839844
0.0791016
0.0747070
0.0683594
0.0634766
0.0551758
0.0561523
0.0556641
0.0566406
0.0561523
0.0546875
0.0478516
0.0458984
0.0419922
0.0410156
0.0405273
0.0410156
0.0410156
0.0415039
0.0400391
0.0405273
0.0400391
0.0405273
0.0410156
0.0439453
0.0454102
0.0463867
0.0473633
0.0483398
0.0483398
0.0483398
0.0483398
0.0483398
0.0478516
0.0468750
0.0449219
0.0410156
0.0375977
0.0332031
0.0278320
0.0224609
0.0239258
0.0253906
0.0302734
0.0366211
0.0957031
0.1752930
0.2622070
0.3447266
0.4301758
0.4414062
0.3637695
0.2817383
0.2045898
0.1230469
0.0654297
0.0620117
0.0649414
0.0668945
0.0703125
0.0727539
0.0732422
0.0722656
0.0698242
0.0673828
0.0634766
0.0644531
0.0668945
0.0703125
0.0742188
0.0776367
0.0795898
0.0761719
0.0649414
0.0541992
0.0429688
0.0322266
0.0219727
0.0205078
0.0273438
0.0322266
0.0375977
0.0449219
0.0551758
0.0571289
0.0581055
0.0532227
0.0478516
0.0371094
0.0283203
0.0366211
0.0859375
0.1499023
0.2236328
0.3076172
0.3901367
0.4228516
0.4296875
0.4233398
0.3984375
0.3725586
0.3618164
0.3422852
0.3457031
0.3369141
0.3041992
0.2451172
0.1972656
0.1445312
0.0878906
0.0527344
0.0615234
0.0639648
0.0625000
0.0571289
0.0532227
0.0512695
0.0380859
0.0302734
0.0288086
0.0288086
0.0219727
0.0205078
0.0209961
0.0205078
0.0292969
0.0830078
0.1430664
0.2045898
0.2680664
0.3315430
0.3002930
0.2529297
0.1933594
0.1367188
0.0727539
0.0512695
0.1152344
0.2026367
0.2924805
0.3803711
0.4555664
0.4667969
0.3823242
0.2929688
0.2045898
0.1254883
0.0571289
0.0410156
0.0419922
0.0434570
0.0429688
0.0434570
0.0405273
0.0371094
0.0292969
0.0283203
0.0493164
0.0629883
0.0659180
0.0683594
0.0664062
0.0541992
0.0283203
0.0317383
0.0341797
0.0898438
0.1591797
0.2241211
0.2441406
0.2456055
0.2104492
0.1455078
0.0820312
0.0458984
0.0463867
0.0478516
0.0468750
0.0463867
0.0419922
0.0361328
0.0317383
0.0283203
0.0263672
0.0268555
0.0288086
0.0322266
0.0400391
0.0473633
0.0541992
0.0620117
0.0683594
0.0712891
0.0712891
0.0688477
0.0673828
0.0688477
0.0673828
0.0649414
0.0644531
0.0615234
0.0581055
0.0561523
0.0605469
0.0644531
0.0688477
0.0732422
0.0761719
0.0761719
0.0717773
0.0610352
0.0507812
0.0410156
0.0317383
0.0283203
0.0332031
0.0375977
0.0415039
0.0522461
0.0590820
0.0629883
0.0649414
0.0693359
0.0678711
0.0688477
0.0688477
0.0693359
0.0698242
0.0673828
0.0629883
0.0581055
0.0541992
0.0498047
0.0463867
0.0463867
0.0488281
0.0522461
0.0561523
0.0600586
0.0639648
0.0683594
0.0683594
0.0683594
0.0683594
0.0688477
0.0693359
0.0693359
0.0698242
0.0698242
0.0698242
0.0698242
0.0693359
0.0688477
0.0688477
0.0688477
0.0683594
0.0678711
0.0678711
0.0673828
0.0673828
0.0668945
0.0668945
0.0668945
0.0664062
0.0668945
0.0668945
0.0668945
0.0668945
0.0673828
0.0678711
0.0683594
0.0678711
0.0659180
0.0571289
0.0473633
0.0400391
0.0566406
0.0756836
0.1201172
0.1674805
0.2128906
0.2495117
0.2509766
0.2490234
0.2324219
0.2363281
0.2275391
0.2255859
0.2343750
0.2377930
0.2412109
0.2436523
0.2568359
0.2563477
0.2641602
0.2690430
0.2539062
0.2421875
0.2412109
0.2500000
0.2558594
0.2719727
0.2753906
0.2573242
0.2495117
0.2177734
0.2041016
0.1904297
0.1840820
0.1596680
0.1596680
0.1401367
0.1064453
0.1000977
0.0903320
0.0786133
0.0722656
0.0771484
0.0688477
0.0654297
0.0600586
0.0527344
0.0463867
0.0419922
0.0385742
0.0390625
0.0405273
0.0415039
0.0444336
0.0483398
0.0561523
0.0639648
0.0703125
0.0766602
0.0800781
0.0791016
0.0771484
0.0776367
0.0834961
0.0883789
0.0961914
0.0893555
0.0820312
0.0673828
0.0532227
0.0444336
0.0859375
0.0971680
0.0981445
0.0966797
0.0971680
0.0561523
0.0444336
0.0483398
0.0546875
0.0605469
0.0644531
0.0629883
0.0620117
0.0668945
0.0664062
0.0668945
0.0737305
0.0820312
0.0869141
0.1040039
0.1240234
0.1406250
0.1386719
0.1323242
0.1171875
0.0971680
0.0688477
0.0468750
0.0576172
0.1127930
0.1904297
0.2749023
0.3632812
0.4331055
0.3979492
0.3144531
0.2280273
0.1376953
0.0498047
0.0249023
0.0214844
0.0214844
0.0297852
0.0522461
0.0722656
0.0854492
0.1069336
0.1020508
0.0913086
0.0610352
0.0493164
0.0332031
0.0229492
0.0268555
0.0512695
0.0986328
0.1474609
0.2065430
0.2553711
0.2802734
0.2534180
0.2041016
0.1508789
0.1030273
0.0688477
0.1049805
0.1215820
0.1259766
0.1206055
0.1269531
0.1108398
0.1225586
0.1591797
0.1928711
0.2304688
0.2246094
0.1840820
0.1557617
0.1269531
0.0971680
0.0917969
0.0942383
0.0756836
0.0673828
0.0507812
0.0312500
0.0244141
0.0439453
0.0478516
0.0507812
0.0566406
0.1137695
0.1601562
0.2402344
0.3251953
0.4086914
0.4345703
0.4038086
0.3388672
0.2563477
0.1645508
0.0903320
0.0644531
0.0512695
0.0654297
0.0771484
0.0849609
0.0844727
0.0839844
0.0810547
0.0766602
0.0727539
0.0712891
0.0703125
0.0673828
0.0654297
0.0668945
0.0634766
0.0600586
0.0615234
0.0952148
0.1582031
0.2392578
0.3217773
0.4228516
0.4907227
0.5332031
0.4697266
0.3764648
0.2919922
0.2031250
0.1132812
0.0678711
0.0786133
0.0864258
0.0913086
0.0986328
0.0976562
0.0947266
0.0922852
0.0834961
0.0732422
0.0610352
0.0502930
0.0415039
0.0478516
0.0566406
0.0590820
0.0727539
0.0839844
0.0747070
0.0678711
0.0639648
0.0649414
0.0605469
0.0629883
0.0590820
0.0551758
0.0625000
0.1088867
0.1884766
0.2783203
0.3681641
0.4448242
0.4887695
0.4433594
0.3476562
0.2568359
0.1665039
0.0854492
0.0322266
0.0405273
0.0522461
0.0649414
0.0756836
0.0742188
0.0756836
0.0742188
0.0703125
0.0664062
0.0664062
0.0693359
0.0727539
0.0756836
0.0791016
0.0805664
0.0795898
0.0776367
0.0756836
0.0712891
0.0664062
0.0571289
0.0581055
0.0498047
0.0419922
0.0390625
0.0849609
0.0913086
0.0839844
0.0834961
0.0849609
0.0751953
0.0449219
0.0683594
0.0688477
0.0737305
0.0600586
0.0688477
0.0600586
0.0566406
0.0756836
0.0766602
0.0781250
0.0717773
0.0756836
0.0717773
0.0664062
0.0717773
0.0766602
0.0810547
0.0830078
0.0834961
0.0810547
0.0756836
0.0693359
0.0571289
0.0444336
0.0332031
0.0253906
0.0195312
0.0190430
0.0395508
0.0961914
0.1738281
0.2700195
0.3745117
0.4692383
0.5190430
0.5537109
0.5625000
0.5634766
0.5634766
0.5488281
0.5283203
0.4931641
0.4628906
0.4189453
0.3916016
0.3750000
0.3623047
0.3535156
0.3540039
0.3540039
0.3530273
0.3530273
0.3515625
0.3344727
0.2709961
0.2133789
0.1562500
0.0991211
0.0507812
0.0454102
0.0449219
0.0454102
0.0454102
0.0454102
0.0458984
0.0473633
0.0493164
0.0507812
0.0541992
0.0551758
0.0546875
0.0546875
0.0546875
0.0532227
0.0537109
0.0556641
0.0532227
0.0483398
0.0463867
0.0786133
0.0961914
0.0942383
0.1259766
0.2084961
0.2597656
0.2250977
0.2304688
0.2182617
0.1533203
0.0688477
0.0483398
0.0590820
0.0629883
0.0693359
0.0771484
0.0791016
0.0698242
0.0659180
0.0610352
0.0541992
0.0615234
0.0693359
0.0747070
0.0781250
0.0800781
0.0708008
0.0576172
0.0556641
0.0571289
0.0668945
0.1210938
0.2099609
0.2983398
0.3852539
0.4682617
0.5249023
0.5390625
0.5449219
0.5458984
0.5439453
0.5146484
0.4223633
0.3232422
0.2343750
0.1469727
0.0673828
0.0576172
0.0610352
0.0620117
0.0634766
0.0644531
0.0639648
0.0639648
0.0639648
0.0639648
0.0644531
0.0644531
0.0673828
0.0673828
0.0678711
0.0678711
0.0673828
0.0654297
0.0688477
0.0693359
0.0712891
0.0756836
0.0791016
0.0781250
0.0815430
0.0825195
0.0795898
0.0781250
0.0766602
0.0727539
0.0698242
0.0693359
0.0683594
0.0683594
0.0668945
0.0576172
0.0610352
0.0698242
0.0747070
0.0722656
0.0859375
0.0830078
0.0751953
0.0600586
0.0512695
0.0400391
0.0380859
0.0312500
0.0332031
0.0312500
0.0791016
0.1362305
0.1948242
0.2524414
0.3222656
0.3432617
0.3520508
0.3642578
0.3837891
0.3862305
0.4018555
0.4184570
0.4052734
0.3930664
0.3583984
0.2885742
0.2241211
0.1572266
0.0966797
0.0498047
0.0458984
0.0439453
0.0449219
0.0405273
0.0454102
0.0473633
0.0532227
0.0532227
0.0566406
0.0541992
0.0527344
0.0541992
0.0649414
0.0747070
0.1162109
0.1162109
0.1210938
0.1352539
0.1166992
0.0878906
0.0888672
0.0996094
0.0908203
0.0771484
0.0805664
0.0727539
0.0791016
0.0732422
0.0874023
0.0913086
0.0844727
0.0830078
0.0854492
0.0722656
0.0805664
0.0898438
0.0976562
0.0849609
0.0903320
0.0922852
0.0800781
0.0761719
0.0722656
0.0698242
0.0615234
0.0541992
0.0834961
0.1718750
0.2700195
0.3710938
0.4702148
0.5493164
0.5649414
0.5463867
0.5151367
0.4389648
0.3608398
0.2978516
0.2236328
0.1616211
0.1225586
0.0981445
0.0781250
0.0537109
0.0478516
0.0507812
0.0581055
0.0654297
0.0703125
0.0620117
0.0532227
0.0468750
0.0390625
0.0307617
0.0239258
0.0195312
0.0190430
0.0195312
0.0190430
0.0190430
0.0185547
0.0185547
0.0190430
0.0219727
0.0234375
0.0336914
0.0341797
0.0439453
0.0532227
0.0654297
0.0742188
0.0859375
0.0961914
0.1020508
0.0952148
0.0874023
0.0781250
0.0673828
0.0502930
0.0439453
0.0380859
0.0566406
0.0527344
0.0834961
0.1157227
0.1547852
0.1494141
0.1538086
0.1508789
0.1230469
0.0937500
0.0830078
0.0859375
0.0761719
0.0678711
0.0620117
0.0610352
0.0615234
0.0551758
0.0556641
0.0507812
0.0541992
0.0502930
0.0483398
0.0400391
0.0415039
0.0458984
0.0366211
0.0468750
0.0654297
0.0732422
0.0659180
0.0654297
0.0791016
0.0820312
0.1005859
0.1357422
0.1665039
0.1894531
0.2011719
0.2153320
0.2114258
0.2084961
0.2192383
0.2182617
0.2226562
0.2124023
0.2041016
0.1865234
0.1650391
0.1323242
0.1059570
0.0898438
0.0834961
0.0830078
0.0869141
0.0908203
0.0932617
0.0854492
0.0800781
0.0742188
0.0747070
0.0722656
0.0717773
0.0708008
0.0703125
0.0703125
0.0703125
0.0708008
0.0712891
0.0708008
0.0727539
0.0698242
0.0673828
0.0620117
0.0532227
0.0458984
0.0444336
0.0478516
0.0522461
0.0551758
0.0566406
0.0605469
0.0551758
0.0537109
0.0585938
0.0649414
0.0634766
0.0634766
0.0610352
0.0600586
0.0595703
0.0615234
0.0659180
0.0688477
0.0678711
0.0590820
0.0659180
0.0712891
0.0659180
0.0683594
0.0771484
0.0791016
0.0693359
0.0766602
0.0766602
0.0742188
0.0791016
0.0810547
0.0844727
0.0747070
0.0664062
0.0541992
0.0385742
0.0239258
0.0175781
0.0175781
0.0175781
0.0170898
0.0175781
0.0180664
0.0190430
0.0200195
0.0322266
0.0424805
0.0512695
0.0615234
0.0688477
0.0668945
0.0634766
0.0590820
0.0600586
0.0629883
0.0668945
0.0673828
0.0678711
0.0688477
0.0683594
0.0620117
0.0605469
0.0566406
0.0478516
0.0400391
0.0312500
0.0278320
0.0268555
0.0327148
0.0312500
0.0307617
0.0302734
0.0273438
0.0341797
0.0341797
0.0380859
0.0380859
0.0380859
0.0336914
0.0415039
0.0576172
0.0874023
0.1206055
0.1528320
0.1835938
0.1992188
0.2104492
0.2158203
0.2246094
0.2280273
0.2250977
0.2299805
0.2250977
0.2177734
0.2172852
0.2167969
0.2187500
0.2187500
0.2163086
0.2138672
0.2114258
0.2041016
0.1992188
0.1977539
0.1967773
0.1899414
0.1860352
0.1811523
0.1748047
0.1713867
0.1733398
0.1772461
0.1772461
0.1791992
0.1791992
0.1733398
0.1645508
0.1655273
0.1591797
0.1538086
0.1508789
0.1479492
0.1425781
0.1328125
0.1235352
0.1059570
0.0854492
0.0722656
0.0751953
0.0698242
0.0727539
0.0761719
0.0820312
0.0786133
0.0639648
0.0605469
0.0551758
0.0546875
0.0546875
0.0551758
0.0566406
0.0576172
0.0551758
0.0527344
0.0498047
0.0522461
0.0527344
0.0498047
0.0522461
0.0522461
0.0527344
0.0527344
0.0556641
0.0576172
0.0600586
0.0576172
0.0561523
0.0546875
0.0541992
0.0556641
0.0585938
0.0615234
0.0625000
0.0625000
0.0625000
0.0620117
0.0639648
0.0664062
0.0659180
0.0639648
0.0561523
0.0639648
0.0996094
0.1625977
0.2314453
0.2949219
0.3217773
0.3115234
0.2778320
0.2504883
0.2368164
0.2485352
0.2421875
0.2299805
0.1835938
0.1411133
0.0917969
0.0517578
0.0527344
0.0532227
0.0541992
0.0546875
0.0546875
0.0551758
0.0556641
0.0546875
0.0546875
0.0546875
0.0537109
0.0463867
0.0410156
0.0346680
0.0283203
0.0229492
0.0273438
0.0356445
0.0410156
0.0483398
0.0561523
0.0571289
0.0541992
0.0571289
0.0571289
0.0595703
0.0620117
0.0644531
0.0673828
0.0673828
0.0683594
0.0712891
0.0698242
0.0717773
0.0732422
0.0732422
0.0698242
0.0688477
0.0678711
0.0683594
0.0664062
0.0639648
0.0566406
0.0488281
0.0405273
0.0351562
0.0322266
0.0327148
0.0341797
0.0346680
0.0361328
0.0371094
0.0361328
0.0371094
0.0390625
0.0537109
0.0742188
0.0888672
0.0996094
0.1093750
0.1123047
0.1074219
0.1025391
0.1020508
0.0942383
0.0869141
0.0751953
0.0776367
0.0800781
0.0864258
0.0913086
0.1049805
0.1127930
0.1142578
0.1215820
0.1274414
0.1318359
0.1313477
0.1303711
0.1274414
0.1293945
0.1284180
0.1323242
0.1289062
0.1254883
0.1225586
0.1181641
0.1103516
0.1079102
0.1083984
0.1069336
0.0932617
0.0830078
0.0791016
0.0688477
0.0605469
0.0615234
0.0693359
0.0678711
0.0659180
0.0649414
0.0625000
0.0625000
0.0629883
0.0654297
0.0688477
0.0712891
0.0732422
0.0727539
0.0717773
0.0712891
0.0712891
0.0722656
0.0712891
0.0727539
0.0742188
0.0756836
0.0761719
0.0771484
0.0756836
0.0756836
0.0683594
0.0639648
0.0703125
0.0664062
0.0683594
0.0776367
0.1000977
0.1020508
0.0961914
0.0903320
0.0766602
0.0590820
0.0439453
0.0839844
0.1723633
0.2685547
0.3491211
0.4052734
0.3881836
0.3120117
0.2236328
0.1435547
0.0742188
0.0659180
0.0659180
0.0654297
0.0634766
0.0615234
0.0605469
0.0590820
0.0571289
0.0527344
0.0561523
0.0522461
0.0551758
0.0551758
0.0541992
0.0537109
0.0556641
0.0556641
0.0571289
0.0615234
0.0595703
0.0654297
0.0688477
0.0673828
0.0639648
0.0634766
0.0561523
0.0502930
0.0473633
0.0488281
0.0527344
0.0556641
0.0581055
0.0615234
0.0625000
0.0615234
0.0585938
0.0571289
0.0478516
0.0546875
0.1000977
0.1572266
0.1767578
0.2416992
0.3105469
0.3369141
0.3173828
0.2890625
0.2436523
0.1748047
0.1210938
0.0722656
0.0708008
0.0722656
0.0737305
0.0766602
0.0776367
0.0771484
0.0771484
0.0761719
0.0668945
0.0571289
0.0541992
0.0541992
0.0688477
0.0927734
0.1484375
0.2109375
0.2768555
0.3295898
0.3745117
0.3686523
0.3696289
0.3466797
0.3085938
0.2958984
0.2675781
0.2353516
0.2036133
0.1733398
0.1445312
0.1210938
0.0952148
0.0771484
0.0585938
0.0488281
0.0361328
0.0537109
0.0478516
0.0600586
0.0703125
0.0859375
0.0869141
0.1005859
0.1098633
0.1113281
0.1152344
0.1132812
0.1157227
0.1225586
0.1215820
0.1162109
0.1240234
0.1220703
0.1162109
0.1176758
0.1083984
0.1044922
0.0986328
0.1010742
0.0996094
0.1005859
0.1000977
0.0971680
0.0781250
0.0620117
0.0517578
0.0385742
0.0390625
0.0444336
0.0468750
0.0439453
0.0395508
0.0390625
0.0717773
0.1342773
0.1958008
0.2753906
0.3291016
0.3217773
0.2617188
0.2075195
0.1411133
0.0766602
0.0541992
0.0468750
0.0424805
0.0351562
0.0307617
0.0527344
0.0561523
0.0571289
0.0639648
0.0649414
0.0473633
0.0424805
0.0429688
0.0429688
0.0620117
0.0849609
0.1171875
0.1586914
0.2031250
0.2514648
0.2802734
0.3110352
0.3305664
0.3266602
0.2685547
0.2119141
0.1484375
0.0932617
0.0390625
0.0273438
0.0297852
0.0283203
0.0288086
0.0302734
0.0327148
0.0346680
0.0327148
0.0317383
0.0375977
0.0375977
0.0429688
0.0527344
0.0566406
0.0541992
0.0498047
0.0458984
0.0405273
0.0312500
0.0249023
0.0224609
0.0190430
0.0200195
0.0283203
0.0361328
0.0561523
0.0927734
0.0966797
0.0971680
0.0942383
0.0820312
0.0415039
0.0292969
0.0253906
0.0224609
0.0200195
0.0336914
0.0976562
0.1328125
0.1381836
0.1406250
0.1396484
0.0913086
0.0449219
0.0415039
0.0429688
0.0424805
0.0439453
0.0449219
0.0488281
0.0502930
0.0541992
0.0566406
0.0507812
0.0434570
0.0454102
0.0576172
0.0654297
0.0805664
0.1044922
0.1118164
0.0976562
0.0991211
0.0947266
0.0800781
0.0781250
0.0830078
0.0942383
0.1035156
0.0927734
0.0903320
0.0893555
0.0664062
0.0463867
0.0424805
0.0410156
0.0424805
0.0473633
0.0463867
0.0488281
0.0551758
0.0590820
0.0507812
0.0590820
0.0708008
0.0717773
0.0708008
0.0678711
0.0615234
0.0517578
0.0502930
0.0502930
0.0566406
0.0634766
0.0708008
0.0791016
0.0834961
0.0883789
0.0922852
0.0849609
0.0732422
0.0610352
0.0454102
0.0297852
0.0219727
0.0297852
0.0395508
0.0498047
0.0605469
0.0673828
0.0659180
0.0527344
0.0434570
0.0332031
0.0253906
0.0336914
0.0336914
0.0336914
0.0385742
0.0424805
0.0302734
0.0336914
0.0371094
0.0366211
0.0346680
0.0380859
0.0351562
0.0366211
0.0444336
0.0532227
0.1152344
0.1499023
0.1503906
0.1474609
0.1435547
0.1015625
0.0639648
0.1005859
0.1313477
0.1362305
0.1337891
0.1284180
0.0942383
0.0576172
0.0444336
0.0429688
0.0678711
0.1074219
0.1416016
0.1499023
0.1562500
0.1503906
0.1196289
0.0815430
0.0605469
0.0522461
0.0463867
0.0463867
0.0473633
0.0566406
0.0712891
0.0717773
0.0625000
0.0537109
0.0419922
0.0336914
0.0366211
0.0419922
0.0517578
0.0600586
0.0649414
0.0590820
0.0498047
0.0434570
0.0346680
0.0239258
0.0170898
0.0239258
0.0234375
0.0297852
0.0341797
0.0400391
0.0400391
0.0395508
0.0390625
0.0395508
0.0410156
0.0429688
0.0493164
0.0532227
0.0537109
0.0449219
0.0532227
0.0634766
0.0668945
0.0776367
0.0820312
0.0742188
0.0581055
0.0517578
0.0434570
0.0419922
0.0537109
0.0644531
0.0761719
0.0883789
0.0898438
0.0893555
0.0761719
0.0927734
0.0825195
0.0908203
0.1127930
0.1342773
0.1293945
0.1303711
0.1230469
0.1074219
0.0908203
0.0830078
0.1157227
0.1318359
0.1357422
0.1528320
0.1547852
0.1254883
0.1010742
0.0957031
0.1254883
0.1054688
0.0942383
0.0791016
0.0581055
0.0249023
0.0000000
0.0000000
0.0000000
0.0000000
0.0000000
0.0000000
0.0000000
0.0000000
0.0000000
0.0000000
0.0000000
0.0000000
0.0000000
0.0000000
0.0000000
0.0000000
0.0000000
0.0000000
0.0000000
0.0000000
0.0000000
0.0000000
0.0000000
0.0000000
0.0000000
0.0000000
0.0000000
0.0000000
0.0000000
0.0000000
0.0000000
0.0000000
0.0000000
0.0000000
0.0000000
0.0000000
0.0000000
0.0000000
0.0000000
0.0000000
0.0000000
0.0000000
0.0000000
0.0000000
0.0000000
0.0000000
0.0000000
0.0000000
0.0000000
0.0000000
0.0000000
0.0000000
0.0000000
0.0000000
0.0000000
0.0000000
0.0000000
0.0000000
0.0000000
0.0000000
0.0000000
0.0000000
0.0000000
0.0000000
0.0000000
0.0000000
0.0000000
0.0000000
0.0000000
0.0000000
0.0000000
0.0000000
0.0000000
0.0000000
0.0000000
0.0000000
0.0000000
0.0000000
0.0000000
0.0000000
0.0000000
0.0000000
0.0000000
0.0000000
0.0000000
0.0000000
0.0000000
0.0000000
0.0000000
0.0000000
0.0000000
0.0000000
0.0000000
0.0000000
0.0000000
0.0000000
0.0000000
0.0000000
0.0000000
0.0000000
0.0000000
0.0000000
0.0000000
0.0000000
0.0000000
0.0000000
0.0000000
0.0000000
0.0000000
0.0000000
0.0000000
0.0000000
0.0000000
0.0000000
0.0000000
0.0000000
0.0000000
0.0000000
0.0000000
0.0000000
0.0000000
0.0000000
0.0000000
0.0000000
0.0000000
0.0000000
0.0000000
0.0000000
0.0000000
0.0000000
0.0000000
0.0000000
0.0000000
0.0000000
0.0000000
0.0000000
0.0000000
0.0000000
0.0000000
0.0000000
0.0000000
0.0000000
0.0000000
0.0000000
0.0000000
0.0000000
0.0000000
0.0000000
0.0000000
0.0000000
0.0424805
0.0610352
0.0805664
0.1054688
0.1318359
0.1601562
0.1313477
0.1420898
0.1523438
0.1455078
0.1469727
0.1420898
0.1455078
0.1484375
0.1499023
0.1474609
0.1455078
0.1416016
0.1333008
0.1235352
0.1206055
0.1220703
0.1245117
0.1215820
0.1210938
0.1225586
0.1201172
0.1166992
0.1186523
0.1098633
0.0937500
0.0859375
0.0776367
0.0664062
0.0625000
0.0742188
0.0737305
0.0751953
0.0815430
0.0800781
0.0854492
0.0927734
0.0952148
0.0927734
0.0917969
0.0893555
0.0834961
0.0795898
0.0781250
0.0766602
0.0732422
0.0712891
0.0693359
0.0693359
0.0693359
0.0688477
0.0678711
0.0673828
0.0678711
0.0678711
0.0688477
0.0693359
0.0698242
0.0708008
0.0708008
0.0703125
0.0708008
0.0703125
0.0698242
0.0698242
0.0688477
0.0688477
0.0693359
0.0688477
0.0693359
0.0693359
0.0693359
0.0693359
0.0698242
0.0698242
0.0698242
0.0698242
0.0698242
0.0703125
0.0708008
0.0708008
0.0756836
0.0766602
0.0766602
0.0751953
0.0747070
0.0708008
0.0664062
0.0659180
0.0654297
0.0649414
0.0644531
0.0649414
0.0668945
0.0659180
0.0590820
0.0522461
0.0458984
0.0390625
0.0288086
0.0283203
0.0273438
0.0307617
0.0322266
0.0327148
0.0371094
0.0429688
0.0468750
0.0502930
0.0561523
0.0605469
0.0566406
0.0527344
0.0473633
0.0454102
0.0454102
0.0454102
0.0493164
0.0561523
0.0610352
0.0659180
0.0673828
0.0605469
0.0527344
0.0444336
0.0346680
0.0302734
0.0302734
0.0351562
0.0380859
0.0439453
0.0498047
0.0649414
0.0805664
0.1049805
0.1210938
0.1186523
0.1123047
0.0937500
0.0678711
0.0468750
0.0419922
0.0419922
0.0488281
0.0610352
0.0717773
0.0888672
0.0932617
0.0893555
0.0874023
0.0786133
0.0708008
0.0678711
0.0727539
0.0732422
0.0756836
0.0747070
0.0683594
0.0659180
0.0668945
0.0654297
0.0610352
0.0541992
0.0463867
0.0405273
0.0332031
0.0327148
0.0322266
0.0322266
0.0312500
0.0307617
0.0297852
0.0288086
0.0273438
0.0263672
0.0258789
0.0253906
0.0307617
0.0327148
0.0473633
0.0727539
0.1342773
0.1650391
0.1665039
0.1630859
0.1489258
0.1103516
0.0703125
0.0664062
0.0683594
0.0678711
0.0673828
0.0668945
0.0659180
0.0659180
0.0659180
0.0649414
0.0620117
0.0576172
0.0502930
0.0502930
0.0463867
0.0483398
0.0625000
0.0673828
0.0659180
0.0634766
0.0664062
0.0859375
0.0786133
0.0810547
0.0795898
0.0825195
0.0576172
0.0698242
0.0883789
0.1420898
0.1411133
0.1367188
0.1157227
0.1049805
0.0517578
0.0332031
0.0297852
0.0239258
0.0219727
0.0205078
0.0205078
0.0205078
0.0200195
0.0200195
0.0200195
0.0200195
0.0288086
0.0297852
0.0400391
0.0400391
0.0512695
0.0761719
0.0898438
0.0917969
0.0966797
0.0952148
0.0776367
0.0532227
0.0517578
0.0454102
0.0458984
0.0463867
0.0605469
0.0659180
0.0678711
0.0981445
0.1201172
0.1547852
0.1469727
0.1445312
0.1176758
0.1010742
0.0864258
0.0908203
0.1015625
0.1074219
0.0947266
0.0747070
0.0561523
0.0424805
0.0488281
0.0512695
0.0527344
0.0512695
0.0556641
0.0541992
0.0585938
0.0605469
0.0629883
0.0664062
0.0546875
0.0424805
0.0371094
0.0307617
0.0512695
0.0888672
0.0957031
0.1152344
0.1337891
0.1499023
0.1181641
0.0913086
0.1342773
0.1127930
0.1010742
0.1035156
0.0966797
0.0668945
0.0454102
0.0371094
0.0278320
0.0239258
0.0244141
0.0249023
0.0258789
0.0263672
0.0263672
0.0263672
0.0263672
0.0263672
0.0278320
0.0468750
0.0463867
0.0493164
0.0571289
0.0639648
0.0517578
0.0556641
0.0644531
0.0644531
0.0673828
0.0673828
0.0688477
0.0678711
0.0625000
0.0556641
0.0463867
0.0380859
0.0292969
0.0336914
0.0498047
0.0688477
0.0854492
0.1088867
0.1528320
0.1909180
0.2280273
0.2592773
0.2958984
0.3017578
0.2587891
0.2075195
0.1630859
0.1113281
0.0629883
0.0517578
0.0546875
0.0556641
0.0541992
0.0541992
0.0527344
0.0522461
0.0512695
0.0522461
0.0488281
0.0444336
0.0410156
0.0463867
0.0561523
0.0756836
0.0996094
0.1274414
0.1479492
0.1606445
0.1679688
0.1748047
0.1767578
0.1840820
0.1899414
0.2055664
0.2211914
0.2255859
0.2241211
0.2084961
0.1835938
0.1523438
0.1240234
0.1035156
0.1035156
0.1108398
0.1235352
0.1533203
0.2099609
0.2436523
0.2578125
0.2700195
0.2719727
0.3095703
0.3212891
0.3198242
0.3198242
0.2934570
0.2314453
0.1586914
0.1425781
0.1176758
0.1098633
0.1230469
0.1240234
0.1401367
0.1523438
0.1704102
0.1860352
0.2216797
0.2421875
0.2500000
0.2617188
0.2602539
0.2343750
0.2128906
0.2075195
0.1958008
0.1855469
0.1821289
0.1826172
0.1826172
0.1772461
0.1855469
0.1909180
0.1855469
0.1831055
0.1835938
0.1762695
0.1704102
0.1674805
0.1655273
0.1635742
0.1601562
0.1494141
0.1411133
0.1396484
0.1401367
0.1367188
0.1313477
0.1206055
0.1054688
0.0844727
0.0717773
0.0751953
0.0805664
0.1206055
0.1181641
0.1250000
0.1157227
0.0874023
0.0512695
0.0415039
0.0336914
0.0283203
0.0327148
0.0415039
0.0478516
0.0473633
0.0473633
0.0424805
0.0327148
0.0322266
0.0415039
0.0532227
0.0644531
0.0815430
0.0937500
0.0888672
0.0820312
0.0703125
0.0541992
0.0537109
0.0483398
0.0488281
0.0654297
0.0708008
0.0649414
0.0517578
0.0483398
0.0336914
0.0268555
0.0292969
0.0317383
0.0351562
0.0410156
0.0439453
0.0434570
0.0390625
0.0390625
0.0341797
0.0336914
0.0390625
0.0424805
0.0434570
0.0458984
0.0576172
0.0629883
0.0668945
0.0781250
0.0830078
0.0781250
0.0717773
0.0620117
0.0585938
0.0488281
0.0444336
0.0385742
0.0356445
0.0346680
0.0356445
0.0371094
0.0380859
0.0385742
0.0429688
0.0888672
0.1787109
0.2744141
0.3686523
0.4648438
0.5273438
0.5478516
0.5566406
0.5615234
0.5571289
0.5009766
0.4003906
0.3056641
0.2055664
0.1206055
0.0615234
0.0644531
0.0673828
0.0698242
0.0708008
0.0693359
0.0688477
0.0683594
0.0678711
0.0673828
0.0668945
0.0659180
0.0664062
0.0659180
0.0654297
0.0654297
0.0634766
0.0551758
0.0463867
0.0371094
0.0283203
0.0205078
0.0185547
0.0292969
0.0341797
0.0434570
0.0527344
0.0615234
0.0683594
0.0644531
0.0659180
0.0649414
0.0644531
0.0634766
0.0639648
0.0639648
0.0629883
0.0620117
0.0644531
0.0639648
0.0620117
0.0620117
0.0664062
0.0693359
0.0688477
0.0722656
0.0727539
0.0712891
0.0654297
0.0615234
0.0527344
0.0795898
0.0913086
0.1127930
0.1420898
0.1972656
0.2207031
0.2739258
0.2929688
0.2709961
0.2314453
0.1831055
0.1386719
0.0927734
0.0717773
0.0673828
0.0610352
0.0556641
0.0527344
0.0600586
0.0698242
0.0742188
0.0732422
0.0673828
0.0556641
0.0498047
0.0473633
0.0478516
0.0483398
0.0493164
0.0458984
0.0439453
0.0463867
0.0517578
0.0483398
0.0483398
0.0483398
0.0449219
0.0375977
0.0366211
0.0361328
0.0380859
0.0385742
0.0405273
0.0415039
0.0488281
0.0791016
0.1166992
0.1811523
0.1865234
0.1811523
0.1547852
0.1147461
0.0463867
0.0214844
0.0195312
0.0190430
0.0190430
0.0493164
0.0600586
0.0673828
0.0727539
0.0786133
0.0571289
0.0859375
0.1635742
0.2548828
0.3554688
0.4575195
0.5107422
0.4462891
0.3847656
0.2880859
0.1914062
0.0996094
0.0898438
0.0810547
0.0659180
0.0527344
0.0444336
0.0351562
0.0307617
0.0625000
0.1406250
0.2294922
0.3168945
0.3974609
0.4301758
0.3608398
0.2753906
0.1977539
0.1152344
0.0581055
0.0478516
0.0507812
0.0507812
0.0512695
0.0512695
0.0517578
0.0512695
0.0512695
0.0512695
0.0522461
0.0561523
0.0561523
0.0541992
0.0512695
0.0478516
0.0449219
0.0883789
0.1352539
0.1855469
0.2290039
0.2456055
0.2138672
0.1660156
0.1142578
0.0727539
0.0478516
0.0478516
0.0444336
0.0405273
0.0371094
0.0341797
0.0322266
0.0351562
0.0371094
0.0371094
0.0371094
0.0415039
0.0493164
0.0615234
0.0986328
0.1757812
0.2656250
0.3261719
0.3925781
0.4111328
0.3613281
0.2919922
0.2309570
0.1826172
0.1469727
0.1352539
0.1362305
0.1269531
0.1230469
0.1142578
0.1137695
0.1166992
0.1083984
0.1118164
0.1127930
0.1088867
0.1044922
0.1025391
0.1005859
0.1005859
0.1015625
0.0961914
0.0957031
0.0893555
0.0898438
0.0898438
0.0869141
0.0932617
0.0888672
0.0800781
0.0722656
0.0737305
0.0566406
0.0527344
0.0581055
0.0644531
0.0698242
0.1000977
0.1342773
0.1718750
0.2011719
0.2192383
0.2299805
0.2407227
0.2343750
0.2333984
0.2207031
0.2241211
0.2119141
0.2153320
0.2148438
0.2163086
0.2124023
0.2158203
0.2104492
0.2148438
0.2080078
0.2192383
0.2163086
0.2133789
0.2099609
0.2021484
0.1958008
0.1967773
0.1982422
0.1997070
0.2045898
0.2065430
0.2124023
0.2172852
0.2348633
0.2475586
0.2548828
0.2524414
0.2485352
0.2280273
0.2084961
0.1923828
0.1865234
0.1835938
0.1787109
0.1850586
0.1811523
0.1713867
0.1557617
0.1372070
0.1162109
0.0981445
0.0805664
0.0659180
0.0610352
0.0585938
0.0600586
0.0786133
0.0795898
0.0869141
0.0839844
0.1132812
0.1372070
0.1484375
0.1455078
0.1391602
0.1147461
0.0771484
0.0390625
0.0346680
0.0366211
0.0375977
0.0375977
0.0400391
0.0571289
0.1352539
0.2348633
0.3457031
0.4331055
0.4584961
0.4272461
0.3642578
0.2929688
0.1914062
0.1489258
0.1401367
0.1137695
0.0747070
0.0742188
0.0742188
0.0708008
0.0708008
0.0703125
0.0673828
0.0600586
0.0522461
0.0449219
0.0458984
0.0473633
0.0532227
0.0620117
0.0698242
0.0698242
0.0610352
0.0512695
0.0429688
0.0341797
0.0292969
0.0234375
0.0229492
0.0229492
0.0224609
0.0214844
0.0214844
0.0283203
0.0375977
0.0498047
0.0595703
0.0703125
0.0766602
0.0751953
0.0766602
0.0800781
0.0839844
0.0795898
0.0771484
0.0712891
0.0639648
0.0532227
0.0502930
0.0502930
0.0498047
0.0493164
0.0502930
0.0512695
0.0541992
0.0576172
0.0629883
0.0664062
0.0688477
0.0688477
0.0659180
0.0600586
0.0527344
0.0454102
0.0410156
0.0380859
0.0371094
0.0444336
0.1162109
0.1743164
0.1772461
0.1801758
0.2104492
0.1689453
0.0952148
0.0908203
0.0961914
0.0747070
0.0668945
0.0659180
0.0605469
0.0522461
0.0424805
0.0400391
0.0371094
0.0375977
0.0429688
0.0454102
0.0434570
0.0395508
0.0341797
0.0288086
0.0244141
0.0234375
0.0244141
0.0327148
0.0390625
0.0449219
0.0444336
0.0444336
0.0356445
0.0292969
0.0224609
0.0209961
0.0224609
0.0234375
0.0249023
0.0263672
0.0327148
0.0346680
0.0371094
0.0405273
0.0429688
0.0429688
0.0429688
0.0444336
0.0444336
0.0473633
0.0551758
0.0605469
0.0634766
0.0600586
0.1025391
0.1743164
0.2495117
0.3286133
0.3984375
0.4433594
0.4492188
0.4453125
0.4477539
0.4321289
0.3994141
0.3281250
0.2504883
0.1699219
0.1064453
0.0468750
0.0449219
0.0434570
0.0429688
0.0424805
0.0415039
0.0410156
0.0410156
0.0439453
0.0502930
0.0537109
0.0585938
0.0620117
0.0639648
0.0615234
0.0605469
0.0595703
0.0571289
0.0556641
0.0517578
0.0483398
0.0444336
0.0410156
0.0390625
0.0385742
0.0390625
0.0385742
0.0346680
0.0302734
0.0263672
0.0224609
0.0190430
0.0175781
0.0175781
0.0175781
0.0180664
0.0185547
0.0185547
0.0185547
0.0185547
0.0200195
0.0375977
0.0605469
0.0908203
0.1220703
0.1494141
0.1713867
0.1875000
0.1938477
0.1928711
0.2021484
0.2021484
0.1972656
0.2041016
0.2114258
0.1958008
0.1958008
0.1806641
0.1616211
0.1308594
0.1235352
0.1245117
0.1152344
0.1132812
0.1147461
0.1381836
0.1220703
0.1083984
0.1171875
0.1303711
0.1201172
0.1303711
0.1689453
0.1909180
0.2192383
0.2265625
0.2397461
0.2451172
0.2597656
0.2714844
0.2851562
0.2929688
0.3037109
0.2949219
0.3100586
0.3188477
0.3305664
0.3310547
0.3325195
0.3413086
0.3422852
0.3281250
0.3193359
0.3208008
0.3115234
0.3061523
0.3017578
0.3120117
0.3085938
0.3056641
0.2988281
0.2851562
0.2861328
0.2788086
0.2797852
0.2680664
0.2592773
0.2373047
0.2153320
0.1762695
0.1420898
0.1137695
0.0898438
0.0615234
0.0532227
0.0639648
0.0742188
0.0747070
0.0747070
0.0712891
0.0634766
0.0507812
0.0400391
0.0454102
0.0512695
0.0483398
0.0439453
0.0410156
0.0356445
0.0341797
0.0356445
0.0400391
0.0439453
0.0478516
0.0478516
0.0473633
0.0478516
0.0483398
0.0517578
0.0556641
0.0585938
0.0625000
0.0620117
0.0659180
0.0693359
0.0727539
0.0727539
0.0800781
0.1318359
0.1840820
0.2377930
0.2890625
0.3291016
0.3374023
0.3081055
0.2397461
0.1845703
0.1323242
0.0942383
0.0507812
0.0512695
0.0546875
0.0532227
0.0512695
0.0512695
0.0493164
0.0458984
0.0419922
0.0375977
0.0380859
0.0444336
0.0664062
0.0947266
0.1220703
0.1523438
0.1708984
0.1772461
0.1791992
0.1811523
0.1811523
0.1757812
0.1748047
0.1767578
0.1699219
0.1733398
0.1728516
0.1772461
0.1743164
0.1718750
0.1655273
0.1621094
0.1577148
0.1494141
0.1430664
0.1396484
0.1381836
0.1381836
0.1357422
0.1386719
0.1342773
0.1425781
0.1357422
0.1406250
0.1386719
0.1386719
0.1347656
0.1376953
0.1479492
0.1694336
0.2070312
0.2377930
0.2314453
0.2065430
0.1665039
0.1132812
0.0595703
0.0209961
0.0214844
0.0214844
0.0219727
0.0263672
0.0341797
0.0395508
0.0449219
0.0541992
0.0610352
0.0605469
0.0605469
0.0634766
0.0644531
0.0581055
0.0566406
0.0551758
0.0561523
0.0585938
0.0717773
0.0825195
0.0927734
0.0991211
0.1054688
0.1093750
0.1059570
0.1049805
0.0883789
0.0815430
0.0664062
0.0546875
0.0468750
0.0498047
0.0537109
0.0581055
0.0654297
0.0693359
0.0688477
0.0693359
0.0664062
0.0654297
0.0629883
0.0629883
0.0654297
0.0654297
0.0649414
0.0620117
0.0620117
0.0585938
0.0600586
0.0585938
0.0571289
0.0556641
0.0532227
0.0488281
0.0458984
0.0424805
0.0361328
0.0322266
0.0288086
0.0322266
0.0380859
0.0439453
0.0517578
0.0766602
0.1098633
0.1123047
0.1328125
0.1391602
0.1376953
0.1254883
0.1093750
0.0927734
0.0698242
0.0629883
0.0668945
0.0678711
0.0703125
0.0761719
0.0942383
0.0898438
0.1059570
0.0996094
0.0976562
0.0927734
0.0937500
0.0727539
0.0664062
0.0693359
0.0825195
0.0883789
0.1069336
0.1093750
0.1025391
0.0937500
0.0937500
0.0766602
0.0659180
0.0629883
0.0683594
0.0610352
0.0693359
0.0776367
0.0688477
0.0659180
0.0634766
0.0629883
0.0551758
0.0781250
0.1235352
0.1083984
0.0986328
0.0781250
0.0581055
0.0000000
0.0000000
0.0000000
0.0000000
0.0000000
0.0000000
0.0000000
0.0000000
0.0000000
0.0000000
0.0000000
0.0000000
0.0000000
0.0000000
0.0000000
0.0000000
0.0000000
0.0000000
0.0000000
0.0000000
0.0000000
0.0000000
0.0000000
0.0000000
0.0000000
0.0000000
0.0000000
0.0000000
0.0000000
0.0000000
0.0000000
0.0000000
0.0000000
0.0000000
0.0000000
0.0000000
0.0000000
0.0000000
0.0000000
0.0000000
0.0000000
0.0000000
0.0000000
0.0000000
0.0000000
0.0000000
0.0000000
0.0000000
0.0000000
0.0000000
0.0000000
0.0000000
0.0000000
0.0000000
0.0000000
0.0000000
0.0000000
0.0000000
0.0000000
0.0000000
0.0000000
0.0000000
0.0000000
0.0000000
0.0000000
0.0000000
0.0000000
0.0000000
0.0000000
0.0000000
0.0000000
0.0000000
0.0000000
0.0000000
0.0000000
0.0000000
0.0000000
0.0000000
0.0000000
0.0000000
0.0000000
0.0000000
0.0000000
0.0000000
0.0000000
0.0000000
0.0000000
0.0000000
0.0000000
0.0000000
0.0000000
0.0000000
0.0000000
0.0000000
0.0000000
0.0000000
0.0000000
0.0000000
0.0000000
0.0000000
0.0000000
0.0000000
0.0000000
0.0000000
0.0000000
0.0000000
0.0000000
0.0000000
0.0000000
0.0000000
0.0000000
0.0000000
0.0000000
0.0000000
0.0000000
0.0000000
0.0000000
0.0000000
0.0000000
0.0000000
0.0000000
0.0000000
0.0000000
0.0000000
0.0000000
0.0000000
0.0000000
0.0000000
0.0000000
0.0000000
0.0000000
0.0000000
0.0000000
0.0000000
0.0000000
0.0000000
0.0000000
0.0000000
0.0000000
0.0000000
0.0000000
0.0000000
0.0000000
0.0000000
0.0000000
0.0000000
0.0000000
0.0000000
0.0000000
0.0000000
0.0000000
0.0000000
0.0000000
0.0000000
0.0000000
0.0000000
0.0000000
0.0000000
0.0000000
0.0000000
0.0000000
0.0000000
0.0000000
0.0000000
0.0000000
0.0000000
0.0000000
0.0000000
0.0000000
0.0000000
0.0000000
0.0000000
0.0000000
0.0000000
0.0000000
0.0000000
0.0000000
0.0000000
0.0000000
0.0000000
0.0000000
0.0000000
0.0000000
0.0000000
0.0000000
0.0000000
0.0000000
0.0000000
0.0000000
0.0000000
0.0000000
0.0000000
0.0000000
0.0000000
0.0000000
0.0000000
0.0000000
0.0000000
0.0000000
0.0000000
0.0000000
0.0000000
0.0000000
0.0000000
0.0000000
0.0000000
0.0000000
0.0000000
0.0000000
0.0000000
0.0000000
0.0000000
0.0000000
0.0000000
0.0000000
0.0000000
0.0000000
0.0000000
0.0000000
0.0000000
0.0000000
0.0000000
0.0000000
0.0000000
0.0000000
0.0000000
0.0000000
0.0000000
0.0000000
0.0000000
0.0000000
0.0000000
0.0000000
0.0000000
0.0000000
0.0000000
0.0000000
0.0000000
0.0000000
0.0000000
0.0000000
0.0000000
0.0000000
0.0000000
0.0000000
0.0000000
0.0000000
0.0000000
0.0000000
0.0000000
0.0000000
0.0000000
0.0000000
0.0000000
0.0000000
0.0000000
0.0009766
0.0541992
0.0751953
0.0800781
0.0874023
0.0883789
0.0405273
0.1152344
0.1977539
0.2148438
0.2255859
0.2343750
0.2036133
0.1015625
0.0708008
0.0859375
0.0854492
0.1040039
0.1020508
0.1025391
0.0898438
0.0859375
0.0737305
0.0634766
0.0664062
0.0644531
0.0625000
0.0634766
0.0649414
0.0639648
0.0654297
0.0659180
0.0659180
0.0659180
0.0654297
0.0620117
0.0605469
0.0615234
0.0615234
0.0615234
0.0620117
0.0620117
0.0620117
0.0615234
0.0615234
0.0620117
0.0620117
0.0629883
0.0629883
0.0629883
0.0629883
0.0629883
0.0629883
0.0625000
0.0625000
0.0576172
0.0507812
0.0429688
0.0346680
0.0268555
0.0239258
0.0429688
0.0615234
0.0756836
0.0859375
0.0893555
0.0898438
0.0737305
0.0708008
0.0747070
0.0820312
0.0834961
0.0981445
0.1083984
0.1137695
0.1240234
0.1303711
0.1357422
0.1396484
0.1279297
0.1293945
0.1196289
0.1152344
0.1054688
0.1040039
0.0996094
0.0961914
0.0996094
0.0981445
0.0996094
0.0942383
0.0883789
0.0722656
0.0693359
0.0727539
0.0673828
0.0639648
0.0625000
0.0649414
0.0551758
0.0585938
0.0644531
0.0712891
0.0722656
0.0727539
0.0722656
0.0693359
0.0600586
0.0566406
0.0512695
0.0454102
0.0395508
0.0356445
0.0332031
0.0327148
0.0332031
0.0336914
0.0351562
0.0361328
0.0361328
0.0356445
0.0351562
0.0336914
0.0336914
0.0336914
0.0815430
0.1528320
0.1831055
0.1831055
0.1831055
0.1582031
0.0903320
0.0371094
0.0366211
0.0371094
0.0371094
0.0371094
0.0371094
0.0375977
0.0371094
0.0371094
0.0366211
0.0366211
0.0366211
0.0366211
0.0371094
0.0371094
0.0371094
0.0366211
0.0371094
0.0371094
0.0375977
0.0375977
0.0366211
0.0361328
0.0527344
0.0913086
0.1250000
0.1542969
0.1850586
0.2006836
0.1894531
0.1723633
0.1616211
0.1518555
0.1494141
0.1538086
0.1552734
0.1508789
0.1489258
0.1508789
0.1484375
0.1430664
0.1391602
0.1420898
0.1396484
0.1323242
0.1347656
0.1386719
0.1420898
0.1381836
0.1416016
0.1416016
0.1352539
0.1416016
0.1459961
0.1445312
0.1474609
0.1533203
0.1650391
0.1904297
0.2241211
0.2597656
0.2729492
0.2568359
0.2387695
0.2397461
0.2373047
0.2500000
0.2758789
0.3056641
0.3007812
0.2895508
0.2788086
0.2651367
0.2553711
0.2392578
0.2221680
0.2246094
0.2192383
0.2207031
0.2246094
0.2021484
0.1757812
0.1474609
0.1142578
0.0761719
0.0722656
0.1230469
0.1782227
0.2500000
0.2543945
0.2524414
0.2109375
0.1386719
0.0703125
0.0585938
0.0898438
0.1342773
0.1674805
0.1982422
0.2236328
0.2495117
0.2377930
0.2255859
0.2143555
0.2026367
0.1884766
0.1728516
0.1630859
0.1630859
0.1572266
0.1582031
0.1484375
0.1459961
0.1357422
0.1298828
0.1147461
0.1010742
0.0952148
0.1035156
0.0908203
0.0883789
0.0727539
0.0693359
0.0605469
0.0458984
0.0468750
0.0473633
0.0566406
0.0502930
0.0576172
0.0556641
0.0507812
0.0463867
0.0400391
0.0336914
0.0302734
0.0312500
0.0341797
0.0341797
0.0351562
0.0341797
0.0327148
0.0424805
0.0488281
0.0478516
0.0498047
0.0512695
0.0473633
0.0468750
0.0986328
0.1235352
0.1303711
0.1528320
0.1977539
0.1967773
0.1679688
0.1728516
0.1762695
0.1508789
0.1040039
0.0961914
0.0839844
0.0683594
0.0507812
0.0405273
0.0639648
0.0664062
0.0742188
0.0795898
0.0795898
0.0649414
0.0668945
0.0673828
0.0698242
0.0708008
0.0668945
0.0615234
0.0527344
0.0458984
0.0502930
0.1289062
0.2026367
0.2792969
0.3569336
0.4448242
0.4780273
0.4980469
0.5136719
0.5351562
0.5180664
0.4252930
0.3276367
0.2304688
0.1347656
0.0473633
0.0405273
0.0415039
0.0424805
0.0419922
0.0405273
0.0625000
0.0942383
0.1186523
0.1391602
0.1772461
0.2148438
0.1889648
0.1572266
0.1396484
0.1210938
0.0673828
0.0541992
0.0590820
0.0571289
0.0507812
0.0439453
0.0498047
0.0742188
0.1728516
0.2788086
0.3393555
0.3486328
0.3212891
0.2480469
0.1508789
0.0761719
0.0688477
0.0683594
0.0678711
0.0678711
0.0649414
0.0590820
0.0551758
0.0522461
0.0468750
0.0400391
0.0375977
0.0356445
0.0336914
0.0302734
0.0595703
0.0605469
0.0595703
0.0644531
0.0698242
0.0493164
0.0458984
0.0493164
0.0473633
0.0434570
0.0400391
0.0366211
0.0336914
0.0288086
0.0268555
0.0229492
0.0195312
0.0219727
0.0341797
0.0419922
0.0468750
0.0546875
0.0732422
0.1279297
0.2026367
0.2773438
0.3618164
0.4453125
0.4765625
0.4506836
0.3881836
0.3007812
0.2128906
0.1289062
0.0844727
0.0781250
0.1093750
0.1254883
0.1308594
0.1196289
0.1162109
0.0893555
0.0717773
0.0776367
0.0766602
0.0820312
0.0859375
0.0766602
0.0664062
0.0556641
0.0600586
0.0493164
0.0502930
0.0595703
0.0708008
0.0649414
0.0629883
0.0576172
0.0517578
0.0488281
0.0971680
0.1875000
0.2836914
0.3886719
0.4946289
0.5688477
0.5751953
0.5737305
0.4960938
0.4311523
0.3881836
0.3696289
0.2836914
0.2363281
0.2084961
0.1665039
0.0776367
0.0444336
0.0454102
0.0444336
0.0454102
0.0468750
0.0507812
0.0522461
0.0517578
0.0649414
0.1054688
0.1157227
0.1596680
0.1831055
0.2338867
0.2163086
0.1967773
0.1669922
0.1425781
0.0942383
0.0708008
0.0737305
0.0820312
0.0766602
0.0717773
0.0581055
0.0454102
0.0317383
0.0278320
0.0258789
0.0273438
0.0556641
0.1367188
0.2236328
0.3085938
0.3720703
0.3828125
0.3203125
0.2392578
0.1586914
0.0830078
0.0610352
0.0541992
0.0532227
0.0527344
0.0517578
0.0546875
0.0517578
0.0502930
0.0493164
0.0473633
0.0410156
0.0366211
0.0341797
0.0273438
0.0219727
0.0229492
0.0239258
0.0239258
0.0249023
0.0258789
0.0263672
0.0268555
0.0268555
0.0288086
0.0302734
0.0283203
0.0253906
0.0336914
0.0444336
0.0561523
0.0561523
0.0805664
0.0903320
0.0927734
0.1059570
0.1196289
0.1313477
0.1420898
0.1542969
0.1562500
0.1538086
0.1494141
0.1411133
0.1323242
0.1254883
0.1225586
0.1098633
0.1049805
0.1059570
0.0883789
0.0815430
0.0732422
0.0717773
0.0571289
0.0541992
0.0502930
0.0483398
0.0439453
0.0434570
0.0434570
0.0454102
0.0424805
0.0375977
0.0356445
0.0317383
0.0278320
0.0244141
0.0366211
0.0454102
0.0507812
0.0615234
0.0751953
0.0776367
0.0952148
0.1313477
0.1611328
0.1606445
0.1499023
0.1416016
0.1166992
0.0825195
0.0659180
0.0673828
0.0693359
0.0664062
0.0620117
0.0634766
0.0673828
0.0668945
0.0678711
0.0688477
0.0649414
0.0581055
0.0493164
0.0395508
0.0297852
0.0219727
0.0200195
0.0263672
0.0332031
0.0429688
0.0532227
0.0581055
0.0590820
0.0556641
0.0473633
0.0415039
0.0375977
0.0351562
0.0336914
0.0341797
0.0332031
0.0297852
0.0273438
0.0268555
0.0239258
0.0205078
0.0205078
0.0229492
0.0292969
0.0405273
0.0478516
0.0517578
0.0512695
0.0488281
0.0380859
0.0322266
0.0346680
0.0439453
0.0478516
0.0551758
0.0610352
0.0595703
0.0590820
0.0546875
0.0527344
0.0786133
0.1396484
0.2016602
0.2783203
0.3686523
0.4428711
0.4941406
0.5126953
0.5009766
0.4907227
0.4599609
0.3662109
0.2670898
0.2055664
0.1362305
0.0605469
0.0468750
0.0468750
0.0410156
0.0375977
0.0366211
0.0341797
0.0341797
0.0336914
0.0336914
0.0336914
0.0332031
0.0332031
0.0346680
0.0336914
0.0307617
0.0273438
0.0263672
0.0361328
0.0371094
0.0395508
0.0590820
0.0673828
0.0791016
0.0766602
0.0883789
0.0825195
0.0756836
0.0864258
0.0937500
0.1079102
0.1245117
0.1450195
0.1489258
0.1572266
0.1738281
0.1801758
0.1904297
0.1948242
0.2001953
0.1967773
0.1918945
0.1953125
0.1904297
0.1909180
0.1914062
0.1914062
0.1831055
0.1801758
0.1684570
0.1650391
0.1679688
0.1762695
0.1865234
0.1904297
0.2026367
0.2070312
0.2143555
0.2089844
0.2109375
0.2094727
0.2133789
0.2177734
0.2124023
0.2138672
0.2114258
0.1953125
0.1777344
0.1699219
0.1684570
0.1386719
0.1235352
0.1176758
0.1015625
0.0639648
0.0527344
0.0527344
0.0537109
0.0463867
0.0517578
0.0576172
0.0551758
0.0458984
0.0400391
0.0371094
0.0292969
0.0317383
0.0341797
0.0419922
0.0488281
0.0590820
0.0678711
0.0756836
0.0732422
0.0722656
0.0693359
0.0600586
0.0478516
0.0434570
0.0390625
0.0356445
0.0361328
0.0405273
0.0429688
0.0454102
0.0493164
0.0463867
0.0415039
0.0419922
0.0434570
0.0449219
0.0478516
0.0556641
0.0615234
0.0620117
0.0537109
0.0639648
0.0756836
0.1191406
0.1948242
0.2802734
0.3588867
0.4418945
0.4941406
0.5190430
0.5102539
0.4472656
0.3808594
0.3027344
0.2597656
0.1738281
0.1582031
0.1464844
0.1718750
0.1264648
0.1357422
0.1293945
0.1132812
0.0937500
0.0712891
0.0498047
0.0488281
0.0498047
0.0507812
0.0556641
0.0654297
0.0732422
0.0805664
0.0869141
0.0844727
0.0698242
0.0595703
0.0463867
0.0346680
0.0263672
0.0258789
0.0302734
0.0375977
0.0424805
0.0507812
0.0581055
0.0639648
0.0644531
0.0644531
0.0595703
0.0566406
0.0498047
0.0424805
0.0405273
0.0434570
0.0429688
0.0444336
0.0488281
0.0488281
0.0415039
0.0346680
0.0273438
0.0258789
0.0292969
0.0400391
0.0502930
0.0590820
0.0615234
0.0585938
0.0507812
0.0434570
0.0429688
0.0673828
0.0766602
0.1230469
0.2148438
0.3002930
0.3784180
0.3959961
0.3691406
0.3071289
0.2290039
0.1372070
0.0805664
0.0830078
0.0732422
0.0688477
0.0659180
0.0727539
0.0766602
0.0825195
0.0820312
0.0830078
0.0830078
0.0771484
0.0649414
0.0541992
0.0429688
0.0327148
0.0395508
0.1093750
0.2070312
0.3144531
0.4091797
0.4833984
0.4531250
0.3623047
0.2631836
0.1679688
0.0888672
0.0585938
0.0620117
0.0571289
0.0561523
0.0546875
0.0517578
0.0517578
0.0556641
0.0556641
0.0556641
0.0537109
0.0517578
0.0454102
0.0473633
0.0410156
0.0356445
0.0297852
0.0483398
0.0634766
0.0659180
0.0698242
0.0781250
0.0761719
0.0483398
0.0488281
0.0498047
0.0488281
0.0468750
0.0444336
0.0405273
0.0390625
0.0366211
0.0341797
0.0346680
0.0371094
0.0410156
0.0419922
0.0400391
0.0375977
0.0336914
0.0273438
0.0288086
0.0600586
0.1386719
0.1513672
0.1552734
0.1562500
0.1499023
0.0708008
0.0375977
0.0312500
0.0273438
0.0244141
0.0273438
0.0346680
0.0424805
0.0410156
0.0395508
0.0361328
0.0283203
0.0200195
0.0185547
0.0195312
0.0229492
0.0297852
0.0405273
0.0483398
0.0561523
0.0615234
0.0644531
0.0590820
0.0507812
0.0556641
0.0590820
0.1005859
0.1650391
0.2324219
0.2846680
0.3486328
0.3847656
0.3842773
0.3930664
0.3945312
0.3588867
0.3041992
0.2519531
0.2070312
0.1542969
0.1337891
0.1230469
0.1259766
0.1054688
0.0957031
0.0878906
0.0805664
0.0727539
0.0654297
0.0595703
0.0458984
0.0634766
0.1103516
0.1699219
0.2426758
0.3105469
0.3803711
0.4038086
0.3657227
0.3022461
0.2304688
0.1621094
0.1074219
0.0649414
0.0605469
0.0620117
0.0600586
0.0537109
0.0502930
0.0493164
0.0488281
0.0458984
0.0512695
0.0546875
0.0585938
0.0605469
0.0659180
0.0698242
0.0722656
0.0659180
0.0600586
0.0551758
0.0449219
0.0307617
0.0302734
0.0371094
0.0385742
0.0405273
0.0458984
0.0463867
0.0400391
0.0385742
0.0434570
0.0556641
0.0605469
0.0610352
0.0625000
0.0615234
0.0537109
0.0419922
0.0429688
0.0444336
0.0429688
0.0439453
0.0410156
0.0424805
0.0776367
0.1401367
0.2197266
0.3056641
0.3271484
0.3076172
0.2587891
0.1801758
0.0908203
0.0385742
0.0356445
0.0439453
0.0429688
0.0463867
0.0566406
0.0678711
0.0620117
0.0625000
0.0581055
0.0527344
0.0468750
0.0429688
0.0390625
0.0395508
0.0390625
0.0351562
0.0351562
0.0336914
0.0312500
0.0283203
0.0292969
0.0332031
0.0463867
0.1206055
0.2172852
0.3212891
0.4213867
0.5126953
0.5527344
0.5664062
0.5683594
0.5688477
0.5712891
0.5756836
0.5498047
0.4707031
0.3798828
0.3486328
0.3173828
0.2485352
0.2187500
0.2236328
0.1811523
0.0961914
0.0756836
0.0688477
0.0576172
0.0473633
0.0458984
0.0493164
0.0546875
0.0585938
0.0654297
0.0786133
0.0893555
0.0986328
0.1064453
0.1176758
0.1210938
0.1010742
0.0839844
0.0644531
0.0449219
0.0258789
0.0317383
0.0385742
0.0468750
0.0527344
0.0507812
0.0434570
0.0351562
0.0317383
0.0288086
0.0263672
0.0273438
0.0288086
0.0244141
0.0263672
0.0229492
0.0346680
0.0468750
0.0527344
0.0541992
0.0986328
0.1865234
0.2553711
0.3325195
0.4301758
0.5122070
0.5361328
0.5351562
0.4804688
0.4155273
0.3276367
0.2294922
0.1840820
0.1557617
0.1254883
0.1162109
0.1264648
0.0864258
0.0869141
0.0942383
0.0922852
0.0781250
0.0654297
0.0488281
0.0346680
0.0239258
0.0224609
0.0224609
0.0229492
0.0224609
0.0224609
0.0229492
0.0229492
0.0224609
0.0249023
0.0244141
0.0249023
0.0283203
0.0366211
0.0424805
0.0473633
0.0507812
0.0493164
0.0454102
0.0434570
0.0444336
0.0507812
0.0581055
0.0639648
0.0678711
0.0654297
0.0610352
0.0571289
0.0532227
0.0507812
0.0532227
0.0581055
0.0576172
0.0585938
0.0566406
0.0507812
0.0454102
0.0434570
0.0434570
0.0429688
0.0512695
0.0571289
0.0615234
0.0585938
0.0532227
0.0463867
0.0361328
0.0268555
0.0195312
0.0175781
0.0156250
0.0146484
0.0141602
0.0166016
0.0239258
0.0322266
0.0380859
0.0395508
0.0419922
0.0454102
0.0385742
0.0332031
0.0395508
0.0473633
0.0468750
0.0668945
0.1308594
0.2119141
0.2929688
0.3876953
0.4667969
0.4565430
0.3881836
0.2939453
0.2089844
0.1298828
0.0693359
0.0615234
0.0664062
0.0668945
0.0732422
0.0805664
0.0839844
0.0878906
0.0825195
0.0795898
0.0756836
0.0703125
0.0708008
0.0722656
0.0722656
0.0683594
0.0659180
0.0625000
0.0649414
0.0751953
0.0849609
0.0932617
0.0957031
0.0976562
0.0791016
0.0649414
0.0683594
0.0556641
0.0424805
0.0390625
0.0390625
0.0249023
0.0166016
0.0175781
0.0180664
0.0190430
0.0195312
0.0214844
0.0224609
0.0239258
0.0258789
0.0278320
0.0288086
0.0292969
0.0297852
0.0302734
0.0302734
0.0312500
0.0312500
0.0322266
0.0322266
0.0322266
0.0317383
0.0317383
0.0356445
0.0434570
0.0458984
0.0468750
0.0517578
0.0600586
0.0571289
0.0566406
0.0561523
0.0585938
0.0522461
0.0498047
0.0488281
0.0581055
0.0668945
0.0673828
0.0771484
0.0791016
0.0771484
0.0737305
0.0688477
0.0654297
0.0600586
0.0541992
0.0507812
0.0551758
0.0522461
0.0561523
0.0625000
0.0683594
0.0668945
0.0629883
0.0610352
0.0532227
0.0473633
0.0410156
0.0356445
0.0332031
0.0332031
0.0332031
0.0332031
0.0332031
0.0322266
0.0341797
0.0356445
0.0351562
0.0380859
0.0395508
0.0390625
0.0346680
0.0336914
0.0317383
0.0283203
0.0249023
0.0214844
0.0180664
0.0234375
0.0278320
0.0527344
0.0834961
0.1132812
0.1440430
0.1484375
0.1450195
0.1367188
0.1357422
0.1225586
0.1196289
0.1235352
0.1279297
0.1298828
0.1298828
0.1347656
0.1289062
0.1352539
0.1352539
0.1420898
0.1513672
0.1557617
0.1684570
0.1718750
0.1865234
0.1821289
0.1777344
0.1757812
0.1733398
0.1567383
0.1411133
0.1489258
0.1435547
0.1337891
0.1118164
0.0917969
0.0693359
0.0551758
0.0366211
0.0283203
0.0263672
0.0273438
0.0351562
0.0371094
0.0458984
0.0498047
0.0581055
0.0551758
0.0712891
0.0673828
0.0634766
0.0678711
0.0869141
0.0859375
0.0991211
0.1240234
0.1372070
0.1196289
0.1132812
0.1025391
0.0903320
0.0942383
0.0957031
0.1123047
0.1210938
0.1250000
0.1250000
0.1220703
0.1254883
0.1201172
0.1123047
0.1225586
0.1103516
0.0952148
0.0849609
0.0639648
0.0488281
0.0312500
0.0219727
0.0180664
0.0175781
0.0180664
0.0190430
0.0195312
0.0205078
0.0214844
0.0278320
0.0322266
0.0371094
0.0405273
0.0488281
0.0556641
0.0551758
0.1074219
0.0986328
0.0922852
0.0771484
0.0639648
0.0366211
0.0000000
0.0000000
0.0000000
0.0000000
0.0000000
0.0000000
0.0000000
0.0000000
0.0000000
0.0000000
0.0000000
0.0000000
0.0000000
0.0000000
0.0000000
0.0000000
0.0000000
0.0000000
0.0000000
0.0000000
0.0000000
0.0000000
0.0000000
0.0000000
0.0000000
0.0000000
0.0000000
0.0000000
0.0000000
0.0000000
0.0000000
0.0000000
0.0000000
0.0000000
0.0000000
0.0000000
0.0000000
0.0000000
0.0000000
0.0000000
0.0000000
0.0000000
0.0000000
0.0000000
0.0000000
0.0000000
0.0000000
0.0000000
0.0000000
0.0000000
0.0000000
0.0000000
0.0000000
0.0000000
0.0000000
0.0000000
0.0000000
0.0000000
0.0000000
0.0000000
0.0000000
0.0000000
0.0000000
0.0000000
0.0000000
0.0000000
0.0000000
0.0000000
0.0000000
0.0000000
0.0000000
0.0000000
0.0000000
0.0000000
0.0000000
0.0000000
0.0000000
0.0000000
0.0000000
0.0000000
0.0000000
0.0000000
0.0000000
0.0000000
0.0000000
0.0000000
0.0000000
0.0000000
0.0000000
0.0000000
0.0000000
0.0000000
0.0000000
0.0000000
0.0000000
0.0000000
0.0000000
0.0000000
0.0000000
0.0000000
0.0000000
0.0000000
0.0000000
0.0000000
0.0000000
0.0000000
0.0000000
0.0000000
0.0000000
0.0000000
0.0000000
0.0000000
0.0000000
0.0000000
0.0000000
0.0000000
0.0000000
0.0000000
0.0000000
0.0000000
0.0000000
0.0000000
0.0000000
0.0000000
0.0000000
0.0000000
0.0000000
0.0000000
0.0000000
0.0000000
0.0000000
0.0000000
0.0000000
0.0000000
0.0000000
0.0000000
0.0000000
0.0000000
0.0000000
0.0000000
0.0000000
0.0000000
0.0000000
0.0000000
0.0000000
0.0000000
0.0000000
0.0000000
0.0000000
0.0000000
0.0000000
0.0000000
0.0000000
0.0000000
0.0000000
0.0000000
0.0000000
0.0000000
0.0000000
0.0000000
0.0000000
0.0000000
0.0000000
0.0000000
0.0000000
0.0000000
0.0000000
0.0000000
0.0000000
0.0000000
0.0000000
0.0000000
0.0000000
0.0000000
0.0000000
0.0000000
0.0000000
0.0000000
0.0000000
0.0000000
0.0000000
0.0000000
0.0000000
0.0000000
0.0000000
0.0000000
0.0000000
0.0000000
0.0000000
0.0000000
0.0000000
0.0000000
0.0000000
0.0000000
0.0000000
0.0000000
0.0000000
0.0000000
0.0000000
0.0000000
0.0000000
0.0000000
0.0000000
0.0000000
0.0000000
0.0000000
0.0000000
0.0000000
0.0000000
0.0000000
0.0000000
0.0000000
0.0000000
0.0000000
0.0000000
0.0000000
0.0000000
0.0000000
0.0000000
0.0000000
0.0000000
0.0000000
0.0000000
0.0000000
0.0000000
0.0000000
0.0000000
0.0000000
0.0000000
0.0000000
0.0000000
0.0000000
0.0000000
0.0000000
0.0000000
0.0000000
0.0000000
0.0000000
0.0000000
0.0000000
0.0000000
0.0000000
0.0000000
0.0000000
0.0000000
0.0000000
0.0000000
0.0000000
0.0000000
0.0000000
0.0000000
0.0000000
0.0000000
0.0000000
0.0000000
0.0000000
0.0000000
0.0000000
0.0000000
0.0000000
0.0000000
0.0000000
0.0000000
0.0000000
0.0000000
0.0000000
0.0000000
0.0000000
0.0000000
0.0000000
0.0000000
0.0000000
0.0000000
0.0000000
0.0000000
0.0000000
0.0000000
0.0000000
0.0000000
0.0000000
0.0000000
0.0000000
0.0000000
0.0000000
0.0000000
0.0000000
0.0000000
0.0000000
0.0000000
0.0000000
0.0000000
0.0000000
0.0000000
0.0000000
0.0000000
0.0000000
0.0000000
0.0000000
0.0000000
0.0000000
0.0000000
0.0000000
0.0000000
0.0000000
0.0000000
0.0000000
0.0000000
0.0000000
0.0000000
0.0000000
0.0000000
0.0000000
0.0000000
0.0000000
0.0000000
0.0000000
0.0000000
0.0000000
0.0000000
0.0000000
0.0000000
0.0000000
0.0000000
0.0000000
0.0000000
0.0000000
0.0000000
0.0000000
0.0000000
0.0000000
0.0000000
0.0000000
0.0000000
0.0000000
0.0000000
0.0000000
0.0000000
0.0000000
0.0000000
0.0000000
0.0000000
0.0000000
0.0000000
0.0000000
0.0000000
0.0000000
0.0000000
0.0000000
0.0000000
0.0000000
0.0000000
0.0000000
0.0000000
0.0000000
0.0000000
0.0000000
0.0000000
0.0000000
0.0000000
0.0000000
0.0000000
0.0000000
0.0000000
0.0000000
0.0000000
0.0000000
0.0000000
0.0000000
0.0000000
0.0000000
0.0000000
0.0000000
0.0551758
0.0756836
0.1010742
0.1269531
0.1464844
0.1235352
0.1401367
0.1508789
0.1547852
0.1679688
0.1762695
0.1767578
0.1738281
0.1762695
0.1757812
0.1752930
0.1772461
0.1743164
0.1718750
0.1689453
0.1640625
0.1606445
0.1533203
0.1513672
0.1538086
0.1508789
0.1499023
0.1459961
0.1430664
0.1264648
0.1044922
0.0874023
0.0605469
0.0473633
0.0449219
0.0537109
0.0507812
0.0605469
0.0703125
0.0693359
0.0654297
0.0717773
0.0717773
0.0649414
0.0615234
0.0581055
0.0507812
0.0454102
0.0507812
0.0595703
0.0673828
0.0751953
0.0825195
0.0854492
0.0830078
0.0795898
0.0761719
0.0708008
0.0629883
0.0522461
0.0449219
0.0454102
0.0454102
0.0605469
0.0791016
0.0957031
0.1147461
0.1308594
0.1318359
0.1352539
0.1464844
0.1450195
0.1435547
0.1250000
0.1044922
0.0878906
0.0712891
0.0576172
0.0576172
0.0639648
0.0673828
0.0634766
0.0561523
0.0517578
0.0517578
0.0517578
0.0556641
0.0625000
0.0717773
0.0727539
0.0732422
0.0722656
0.0664062
0.0590820
0.0517578
0.0502930
0.0561523
0.0595703
0.0605469
0.0771484
0.0937500
0.1015625
0.1157227
0.1308594
0.1425781
0.1420898
0.1406250
0.1396484
0.1352539
0.1186523
0.1147461
0.1215820
0.1269531
0.1303711
0.1289062
0.1328125
0.1137695
0.0976562
0.0805664
0.0795898
0.0742188
0.0747070
0.0747070
0.0742188
0.0732422
0.0727539
0.0742188
0.0683594
0.0712891
0.0727539
0.0688477
0.0717773
0.0820312
0.0942383
0.1030273
0.1206055
0.1391602
0.1469727
0.1499023
0.1542969
0.1533203
0.1440430
0.1210938
0.1040039
0.0839844
0.0693359
0.0502930
0.0512695
0.0566406
0.0522461
0.0546875
0.0551758
0.0581055
0.0576172
0.0537109
0.0478516
0.0419922
0.0356445
0.0307617
0.0317383
0.0380859
0.0444336
0.0502930
0.0571289
0.0600586
0.0585938
0.0590820
0.0595703
0.0595703
0.0600586
0.0546875
0.0483398
0.0424805
0.0366211
0.0361328
0.0390625
0.0439453
0.0498047
0.0551758
0.0566406
0.0566406
0.0571289
0.0566406
0.0576172
0.0566406
0.0566406
0.0561523
0.0541992
0.0493164
0.0468750
0.0449219
0.0854492
0.0957031
0.0957031
0.0947266
0.0957031
0.0727539
0.0439453
0.0498047
0.0546875
0.0576172
0.0571289
0.0566406
0.0561523
0.0566406
0.0561523
0.0561523
0.0566406
0.0556641
0.0556641
0.0556641
0.0546875
0.0556641
0.0556641
0.0546875
0.0551758
0.0551758
0.0546875
0.0576172
0.0600586
0.0585938
0.0566406
0.0571289
0.0502930
0.0463867
0.0532227
0.0483398
0.0463867
0.0532227
0.0546875
0.0478516
0.0458984
0.0454102
0.0380859
0.0366211
0.0317383
0.0327148
0.0361328
0.0366211
0.0346680
0.0400391
0.0561523
0.0610352
0.0605469
0.0615234
0.0566406
0.0429688
0.0297852
0.0292969
0.0288086
0.0292969
0.0312500
0.0395508
0.0483398
0.0581055
0.0683594
0.0815430
0.0893555
0.0830078
0.0742188
0.0644531
0.0522461
0.0351562
0.0317383
0.0307617
0.0292969
0.0322266
0.0366211
0.0458984
0.0551758
0.0639648
0.0708008
0.0747070
0.0747070
0.0742188
0.0722656
0.0673828
0.0590820
0.0498047
0.0449219
0.0371094
0.0317383
0.0317383
0.0361328
0.0458984
0.0556641
0.0659180
0.0737305
0.0786133
0.0771484
0.0756836
0.0712891
0.0747070
0.0878906
0.0981445
0.1059570
0.1113281
0.1210938
0.1103516
0.0971680
0.0859375
0.0791016
0.0722656
0.0639648
0.0703125
0.0708008
0.0688477
0.0683594
0.0683594
0.0673828
0.0654297
0.0644531
0.0629883
0.0615234
0.0615234
0.0615234
0.0585938
0.0512695
0.0439453
0.0375977
0.0317383
0.0273438
0.0385742
0.0478516
0.0561523
0.0629883
0.0722656
0.0756836
0.0771484
0.0820312
0.0893555
0.1015625
0.1132812
0.1240234
0.1328125
0.1411133
0.1337891
0.1235352
0.1127930
0.1015625
0.0913086
0.0820312
0.0771484
0.0712891
0.0668945
0.0644531
0.0629883
0.0625000
0.0649414
0.0664062
0.0659180
0.0649414
0.0625000
0.0581055
0.0532227
0.0493164
0.0454102
0.0415039
0.0415039
0.0415039
0.0375977
0.0336914
0.0312500
0.0375977
0.0717773
0.1152344
0.1645508
0.2270508
0.2783203
0.2939453
0.3134766
0.3232422
0.3266602
0.3237305
0.3271484
0.3149414
0.3071289
0.2900391
0.2856445
0.2890625
0.2875977
0.2856445
0.2880859
0.2900391
0.2827148
0.2802734
0.2734375
0.2661133
0.2485352
0.2377930
0.1997070
0.1801758
0.1826172
0.2070312
0.2309570
0.2739258
0.3232422
0.3408203
0.3437500
0.3457031
0.3413086
0.3242188
0.3159180
0.3134766
0.3144531
0.3232422
0.3154297
0.3144531
0.3066406
0.3007812
0.2846680
0.2705078
0.2646484
0.2685547
0.2709961
0.2612305
0.2685547
0.2719727
0.2768555
0.2583008
0.2670898
0.2490234
0.2426758
0.2124023
0.2011719
0.1850586
0.1845703
0.1875000
0.1894531
0.1909180
0.1894531
0.1835938
0.1718750
0.1674805
0.1557617
0.1557617
0.1542969
0.1528320
0.1411133
0.1308594
0.1181641
0.0957031
0.0761719
0.0605469
0.0512695
0.0571289
0.0571289
0.0551758
0.0576172
0.0527344
0.0556641
0.0537109
0.0664062
0.0712891
0.0605469
0.0771484
0.0722656
0.0566406
0.0610352
0.0615234
0.0551758
0.0737305
0.0810547
0.0800781
0.0830078
0.0859375
0.0844727
0.0585938
0.0546875
0.0532227
0.0532227
0.0498047
0.0463867
0.0473633
0.0473633
0.0478516
0.0478516
0.0473633
0.0478516
0.0478516
0.0483398
0.0483398
0.0483398
0.0483398
0.0483398
0.0483398
0.0488281
0.0483398
0.0483398
0.0488281
0.0483398
0.0488281
0.0488281
0.0488281
0.0488281
0.0488281
0.0488281
0.0488281
0.0493164
0.0502930
0.0502930
0.0522461
0.0517578
0.0517578
0.0498047
0.0483398
0.0410156
0.0361328
0.0361328
0.0395508
0.0708008
0.0961914
0.1210938
0.1440430
0.1577148
0.1601562
0.1528320
0.1538086
0.1572266
0.1616211
0.1665039
0.1694336
0.1806641
0.1762695
0.1733398
0.1674805
0.1674805
0.1645508
0.1582031
0.1567383
0.1577148
0.1538086
0.1435547
0.1396484
0.1318359
0.1259766
0.1250000
0.1274414
0.1284180
0.1269531
0.1259766
0.1230469
0.1191406
0.1196289
0.1313477
0.1323242
0.1186523
0.1059570
0.0942383
0.0708008
0.0605469
0.0566406
0.0610352
0.0634766
0.0605469
0.0566406
0.0517578
0.0463867
0.0419922
0.0366211
0.0332031
0.0302734
0.0307617
0.0341797
0.0332031
0.0629883
0.0805664
0.0776367
0.0776367
0.0864258
0.0776367
0.0566406
0.0659180
0.0742188
0.0854492
0.0927734
0.0957031
0.0971680
0.0981445
0.0937500
0.0893555
0.0869141
0.0859375
0.0854492
0.0839844
0.0830078
0.0815430
0.0810547
0.0800781
0.0795898
0.0786133
0.0791016
0.0761719
0.0708008
0.0634766
0.0566406
0.0507812
0.0449219
0.0419922
0.0429688
0.0434570
0.0610352
0.1362305
0.2163086
0.2929688
0.3925781
0.4887695
0.5170898
0.5366211
0.5454102
0.5317383
0.4619141
0.3618164
0.2709961
0.1796875
0.1040039
0.0581055
0.0668945
0.0712891
0.0747070
0.0781250
0.0781250
0.0766602
0.0756836
0.0751953
0.0747070
0.0742188
0.0737305
0.0737305
0.0732422
0.0722656
0.0722656
0.0717773
0.0712891
0.0703125
0.0698242
0.0688477
0.0683594
0.0678711
0.0673828
0.0664062
0.0659180
0.0644531
0.0639648
0.0629883
0.0629883
0.0625000
0.0620117
0.0615234
0.0615234
0.0610352
0.0610352
0.0610352
0.0610352
0.0610352
0.0610352
0.0610352
0.0605469
0.0556641
0.0488281
0.0527344
0.0561523
0.0522461
0.0551758
0.0732422
0.0922852
0.0986328
0.1157227
0.1367188
0.1572266
0.1669922
0.1728516
0.1835938
0.1870117
0.1835938
0.1772461
0.1723633
0.1630859
0.1582031
0.1577148
0.1572266
0.1562500
0.1538086
0.1464844
0.1362305
0.1259766
0.1186523
0.1044922
0.0859375
0.0703125
0.0761719
0.0722656
0.0659180
0.0717773
0.0766602
0.0698242
0.0629883
0.0659180
0.0668945
0.0654297
0.0629883
0.0629883
0.0629883
0.0629883
0.0639648
0.0625000
0.0576172
0.0532227
0.0620117
0.0732422
0.0766602
0.0771484
0.0864258
0.0810547
0.0703125
0.0644531
0.0693359
0.0688477
0.0693359
0.0693359
0.0698242
0.0698242
0.0703125
0.0703125
0.0703125
0.0703125
0.0737305
0.0722656
0.0737305
0.0717773
0.0747070
0.0859375
0.1025391
0.1142578
0.1372070
0.1645508
0.1713867
0.1738281
0.1752930
0.1684570
0.1406250
0.1186523
0.0932617
0.0761719
0.0659180
0.0688477
0.0668945
0.0683594
0.0654297
0.0629883
0.0527344
0.0429688
0.0351562
0.0302734
0.0244141
0.0209961
0.0288086
0.0366211
0.0454102
0.0541992
0.0615234
0.0664062
0.0649414
0.0654297
0.0654297
0.0625000
0.0541992
0.0458984
0.0410156
0.0356445
0.0664062
0.0830078
0.0878906
0.0917969
0.0922852
0.0673828
0.0351562
0.0312500
0.0268555
0.0224609
0.0214844
0.0214844
0.0214844
0.0219727
0.0214844
0.0214844
0.0244141
0.0292969
0.0400391
0.0517578
0.0600586
0.0678711
0.0722656
0.0751953
0.0742188
0.0761719
0.0791016
0.0795898
0.0791016
0.0766602
0.0747070
0.0654297
0.0561523
0.0605469
0.1264648
0.2070312
0.2934570
0.3852539
0.4716797
0.4931641
0.4208984
0.3344727
0.2460938
0.1572266
0.0693359
0.0332031
0.0297852
0.0297852
0.0312500
0.0371094
0.0439453
0.0512695
0.0537109
0.0498047
0.0527344
0.0561523
0.1015625
0.1923828
0.2724609
0.3134766
0.3276367
0.3076172
0.2138672
0.1289062
0.0766602
0.0483398
0.0498047
0.0571289
0.0595703
0.0629883
0.0639648
0.0590820
0.0551758
0.0532227
0.0502930
0.0468750
0.0473633
0.0424805
0.0356445
0.0463867
0.0732422
0.0830078
0.0825195
0.0903320
0.0849609
0.0649414
0.0498047
0.0571289
0.0585938
0.0610352
0.0664062
0.0673828
0.0668945
0.0668945
0.0668945
0.0664062
0.0664062
0.0649414
0.0561523
0.0576172
0.0556641
0.0649414
0.0673828
0.0634766
0.0634766
0.0756836
0.0839844
0.0737305
0.0771484
0.0844727
0.0698242
0.0498047
0.0419922
0.0356445
0.0224609
0.0141602
0.0161133
0.0156250
0.0195312
0.0229492
0.0297852
0.0341797
0.0410156
0.0439453
0.0463867
0.0468750
0.0483398
0.0483398
0.0483398
0.0488281
0.0493164
0.0493164
0.0498047
0.0493164
0.0615234
0.0615234
0.0708008
0.0766602
0.0854492
0.0839844
0.0952148
0.0908203
0.0966797
0.1284180
0.1567383
0.1870117
0.2319336
0.2719727
0.2963867
0.3232422
0.3369141
0.3457031
0.3452148
0.3535156
0.3027344
0.2412109
0.1840820
0.1298828
0.0800781
0.0449219
0.0507812
0.0537109
0.0566406
0.0566406
0.0590820
0.0595703
0.0620117
0.0644531
0.0571289
0.0693359
0.0571289
0.0458984
0.0395508
0.0419922
0.0380859
0.0302734
0.0371094
0.0659180
0.0600586
0.0668945
0.0781250
0.0791016
0.0756836
0.0664062
0.0830078
0.0678711
0.0698242
0.0693359
0.0854492
0.0864258
0.0898438
0.1250000
0.1162109
0.0932617
0.0825195
0.0869141
0.0600586
0.0498047
0.0708008
0.0800781
0.0854492
0.0781250
0.0776367
0.0654297
0.0473633
0.0400391
0.0581055
0.1513672
0.2539062
0.3486328
0.4482422
0.5463867
0.5664062
0.5395508
0.4492188
0.3720703
0.2768555
0.1791992
0.1059570
0.0908203
0.0756836
0.0634766
0.0576172
0.0498047
0.0415039
0.0449219
0.0473633
0.0478516
0.0419922
0.0336914
0.0278320
0.0249023
0.0244141
0.0239258
0.0244141
0.0244141
0.0249023
0.0244141
0.0249023
0.0244141
0.0249023
0.0249023
0.0249023
0.0249023
0.0253906
0.0244141
0.0302734
0.0561523
0.0761719
0.1030273
0.1245117
0.1440430
0.1518555
0.1479492
0.1293945
0.1147461
0.1049805
0.0830078
0.0703125
0.0605469
0.0639648
0.0561523
0.0639648
0.0791016
0.0922852
0.1059570
0.1303711
0.1274414
0.1420898
0.1572266
0.1679688
0.1743164
0.1928711
0.1982422
0.2270508
0.2290039
0.2177734
0.2324219
0.2504883
0.2358398
0.2441406
0.2397461
0.2373047
0.2246094
0.2114258
0.1860352
0.1977539
0.1972656
0.1972656
0.1997070
0.2250977
0.2490234
0.2846680
0.3037109
0.3183594
0.3212891
0.3139648
0.2797852
0.2436523
0.2280273
0.2148438
0.1948242
0.1889648
0.1943359
0.1669922
0.1372070
0.1289062
0.1210938
0.1098633
0.0878906
0.0913086
0.0810547
0.0590820
0.0590820
0.0708008
0.0961914
0.1181641
0.1196289
0.1118164
0.1108398
0.0737305
0.0507812
0.0522461
0.0576172
0.0639648
0.0678711
0.0654297
0.0595703
0.0527344
0.0454102
0.0380859
0.0361328
0.0380859
0.0424805
0.0556641
0.0727539
0.0893555
0.1049805
0.1362305
0.1767578
0.2153320
0.2534180
0.2944336
0.2534180
0.2119141
0.1640625
0.1103516
0.0654297
0.0566406
0.0629883
0.0698242
0.0712891
0.0751953
0.0791016
0.0791016
0.0722656
0.0659180
0.0644531
0.0727539
0.0927734
0.1210938
0.1420898
0.1552734
0.1572266
0.1469727
0.1337891
0.1235352
0.1279297
0.1352539
0.1503906
0.1665039
0.1669922
0.1435547
0.1196289
0.0917969
0.0581055
0.0449219
0.0512695
0.0546875
0.0566406
0.0566406
0.0620117
0.0683594
0.0678711
0.0639648
0.0629883
0.0585938
0.0498047
0.0493164
0.0561523
0.0566406
0.0517578
0.0454102
0.0395508
0.0390625
0.0429688
0.0488281
0.0532227
0.0541992
0.0512695
0.0517578
0.0551758
0.0659180
0.0659180
0.0834961
0.0957031
0.0922852
0.1010742
0.1127930
0.1293945
0.1435547
0.1630859
0.1455078
0.1293945
0.1127930
0.0864258
0.0585938
0.0551758
0.0537109
0.0478516
0.0410156
0.0346680
0.0336914
0.0390625
0.0449219
0.0478516
0.0507812
0.0502930
0.0463867
0.0434570
0.0439453
0.0625000
0.0732422
0.0727539
0.0703125
0.1020508
0.0903320
0.0703125
0.0566406
0.0527344
0.0058594
0.0000000
0.0000000
0.0000000
0.0000000
0.0000000
0.0000000
0.0000000
0.0000000
0.0000000
0.0000000
0.0000000
0.0000000
0.0000000
0.0000000
0.0000000
0.0000000
0.0000000
0.0000000
0.0000000
0.0000000
0.0000000
0.0000000
0.0000000
0.0000000
0.0000000
0.0000000
0.0000000
0.0000000
0.0000000
0.0000000
0.0000000
0.0000000
0.0000000
0.0000000
0.0000000
0.0000000
0.0000000
0.0000000
0.0000000
0.0000000
0.0000000
0.0000000
0.0000000
0.0000000
0.0000000
0.0000000
0.0000000
0.0000000
0.0000000
0.0000000
