0.0000000
0.0000000
0.0000000
0.0000000
0.0000000
0.0000000
0.0000000
0.0000000
0.0000000
0.0000000
0.0000000
0.0000000
0.0000000
0.0000000
0.0000000
0.0000000
0.0000000
0.0000000
0.0000000
0.0000000
0.0000000
0.0000000
0.0000000
0.0000000
0.0000000
0.0000000
0.0000000
0.0000000
0.0000000
0.0000000
0.0000000
0.0000000
0.0000000
0.0000000
0.0000000
0.0000000
0.0000000
0.0000000
0.0000000
0.0000000
0.0000000
0.0000000
0.0000000
0.0000000
0.0000000
0.0464902
0.3775509
0.9374979
1.3235568
1.2737304
0.8597524
0.4657087
0.4196341
0.4600819
0.5004098
0.6426755
0.7003362
0.5780835
0.5607676
0.5057405
0.5982419
0.5890483
0.4930621
0.3817534
0.3263595
0.3954407
0.4800186
0.5189437
0.3790338
0.4257975
0.6387672
0.9784526
1.5906274
2.5141046
3.7722712
5.7426310
8.2333965
10.8463802
16.0714226
31.8374462
53.9646835
68.2054749
64.7524109
43.8553848
24.6896515
12.0942793
7.2115006
4.4474993
4.6414886
1.4318225
1.0383177
5.6633067
24.3721981
50.4847870
55.7422981
50.6764717
45.2559738
36.1987267
30.1394005
27.1576023
16.9187202
3.5725307
0.1714215
0.0835156
1.0429341
23.4792004
62.1963081
90.4823914
95.5578308
74.5910492
54.0516357
38.1559486
24.2690163
22.1689644
45.1953926
41.9866447
32.2306404
28.1479702
20.1719036
10.4176340
6.4995732
2.8872685
0.7864506
0.3126565
0.7312382
3.0691881
18.2266350
49.9878349
78.3402710
78.9031601
60.2104111
39.5129395
22.6519108
13.2613564
8.7118750
4.1440878
2.7385871
3.1566224
10.9202776
27.9440422
33.9470062
20.0103455
4.6693573
1.8728592
1.6971128
2.5358040
2.7101851
2.2048306
1.5602025
1.3982815
1.3171091
1.0382791
0.9700455
0.6378250
0.4898885
0.5410559
0.3263589
0.3694457
0.3535319
0.4999281
0.7676931
0.6894721
0.4818009
0.3435565
0.4200922
0.4556489
0.3959818
0.4435184
0.4685318
0.4605675
0.4071611
0.6071995
0.6993451
0.4791087
0.4179460
0.5134076
0.5483791
0.6029241
0.6742637
0.5520182
0.6495442
0.7593592
0.6869954
0.4609449
0.3790668
0.4460058
0.5191655
0.6502364
0.8347539
0.9018870
0.7220159
0.5446373
0.4984775
0.5415470
0.5145777
0.6321930
0.4878873
0.3447639
0.3057419
0.3680523
0.4281064
0.4948344
0.6459257
0.6327727
0.5074719
0.3892515
0.4015068
0.5584768
0.5454256
0.5565297
0.4516665
0.6630077
0.6225327
0.5693083
0.4779730
0.4425318
0.6903174
0.6233463
0.4850708
0.3928072
0.3317299
0.3291954
0.7536035
3.1637583
8.1994820
24.3338432
55.5281677
81.2922668
84.1449966
68.3285980
50.5970230
39.0431633
34.6002579
17.6394253
6.3022461
7.3136735
11.7447357
15.4874535
18.0268497
26.6431808
43.1251640
53.3026047
49.5521393
41.0891991
40.5274048
45.1812363
55.0296860
57.4111595
42.2518158
39.3813286
49.8971138
35.6278419
25.1364155
24.4509125
18.4826946
13.5143766
11.4038391
9.8363695
8.4077482
5.5328460
2.8486106
0.9386093
0.4275175
0.4510923
0.5496571
0.9747763
4.4323163
16.9307384
33.1627007
43.3587990
47.6531715
46.1974525
36.4775467
26.4807415
22.6582966
26.4720592
29.2423248
22.2292023
11.8292389
13.2811136
22.9701481
24.5701294
18.7429085
21.8591480
19.8939800
17.0031757
19.5166740
17.3383236
11.2076120
11.4711971
12.0332022
5.7652388
3.8888612
6.8230405
8.3227339
6.0580106
2.8773115
2.1511126
2.2054057
1.5078429
1.0016325
0.7739875
0.5814192
0.5403013
0.5354305
0.4704540
0.4733177
0.6037824
0.5160064
0.3684329
0.3241914
0.4512310
0.3769386
0.3520282
0.4508975
0.4561518
0.4014654
0.4760613
0.6983845
0.6751744
0.4785705
0.4009990
0.4011862
0.4813049
0.7927100
0.6535679
0.4430939
0.4009880
0.4698882
0.6037228
0.6992497
0.5218120
0.5225214
0.5342485
0.6365217
0.6884624
0.6017583
0.5108662
0.5607058
0.6511752
0.8109087
0.9086236
0.6778342
0.6467002
0.5401257
0.6020757
0.5719502
0.5617323
0.7450889
0.8777462
0.6626881
0.4034104
0.3879082
0.5860567
0.6362464
0.7373017
0.9471707
2.9200461
13.3144350
27.9806042
32.4657898
25.5052853
18.0330048
14.1414843
8.7702312
22.4686127
75.8840027
118.3759613
116.0920334
73.9755402
27.2736320
10.4838543
1.7237643
0.1317125
0.0620261
0.2080075
3.0492671
21.8575516
48.4526100
52.8978920
27.8391838
6.3795061
4.7163043
6.3272505
18.9826393
47.3756294
78.3715820
96.1599045
107.9964600
93.2842407
73.1984024
51.1589279
22.2825584
16.6159191
14.3519497
13.7255182
13.5120659
17.1860428
19.5795536
17.0193501
11.5294132
15.5108547
28.5521164
39.9839134
49.8448982
57.2919312
55.9465294
48.5987816
40.5300598
34.7149353
28.0478382
23.7339058
29.9744339
23.1804523
10.2489452
4.6584640
0.5161881
0.1333782
0.1691507
2.5177212
11.5804310
18.3501663
17.4167843
11.8255215
7.2365274
4.6652689
3.3138623
2.1285801
0.9522793
0.4219322
0.4957129
0.4444498
0.3200495
0.3218564
0.2873052
0.4359985
0.4072286
0.4050493
0.3952819
0.3609331
0.3803310
0.5674645
0.6382287
0.5467578
0.3883142
0.4257711
0.3968217
0.3379999
0.5192331
0.4690439
0.4620357
0.5423911
0.4637264
0.3852654
0.3986981
0.4744304
0.5019703
0.7001698
0.7332063
0.6551405
0.6824495
0.6753415
0.7097409
2.6442540
10.5746288
18.0292988
17.4724388
17.5231438
27.1088982
33.8305244
26.9386063
13.6724243
7.0922232
4.9152641
14.3114090
20.5943623
16.7441864
16.9641857
19.5797405
18.7002373
14.1571417
10.0962591
8.8030472
12.1619825
20.4212132
23.8801956
18.7706070
14.8699932
12.3400660
15.4622736
16.0963955
10.9524755
6.1024475
3.9568279
11.2225494
33.0363159
31.3752785
19.5121307
15.0786610
14.6226616
14.1483898
13.4712820
13.7390957
10.7955599
6.3991127
3.9495993
2.6235793
1.5840133
1.6311709
1.3580676
1.9620414
4.3086791
6.3654051
4.6091194
1.5074152
0.8040154
0.5706677
0.3911939
1.2279203
4.3477049
7.8167524
7.8353562
7.6538324
10.3498936
15.7079391
30.6790314
43.1957664
43.3387680
34.6245308
25.0270271
24.0600395
20.7114201
16.4496784
13.3013477
16.8451271
20.0003223
15.3812017
8.1056948
3.1481400
4.6910658
15.9981604
14.3993092
5.0446401
2.3296995
1.1594239
0.5576645
0.5174364
0.5286570
0.3831843
0.2566931
0.3590528
0.3826025
0.4849481
0.5315421
0.6661351
0.5879230
0.5976409
0.6264169
0.5149784
0.3539586
0.3658307
0.6326881
0.7458154
0.5784932
0.4319743
1.4458909
6.4752030
14.4134054
20.7198963
20.9346428
16.7136612
20.3948402
31.4664669
34.9608421
29.4267063
24.0943470
26.1306419
22.6899414
18.0748367
10.8161583
2.9899595
3.7157972
7.7825584
7.4545484
11.0333214
12.3423004
6.5777273
2.1497712
0.9458481
0.5823973
0.5462794
0.5936968
0.5062343
0.9056321
8.1976776
26.6562042
51.2996559
68.4849701
65.4407501
49.2793770
23.0727348
15.9321680
15.6535330
14.9698582
11.6759014
10.5111971
12.4288969
11.8161764
17.7475605
29.9553089
29.9143982
16.8412609
10.6981068
8.1161747
7.6041908
13.7264605
16.8329163
14.3529406
9.7666502
9.1766672
11.8550558
16.0470486
27.6277103
30.5455284
27.8449993
23.2381096
18.1147079
10.4033489
8.2788258
18.4538040
30.5252686
32.0059776
25.8496552
18.1991310
11.2569952
5.5695763
4.6953382
2.3292465
1.0648017
1.0374113
2.4987514
1.8990663
0.9449968
0.5141991
0.3236042
0.3979546
0.5756209
0.5711002
0.3780774
0.3636248
0.4099834
0.4146290
0.4789441
0.3600366
0.4491439
0.4985515
0.4804013
0.3314227
0.3108336
0.4601091
0.5357978
0.6066419
0.5541310
0.4921535
0.4129077
0.3381750
0.5128916
0.6016284
0.5764346
0.5816208
0.5939877
0.4369260
0.3434658
0.4105517
0.4120235
0.4698208
0.5036249
0.5222412
0.5072855
0.3663890
0.2750565
0.3585572
0.5432339
0.7471499
0.6159502
0.4549040
0.4923419
0.4296548
0.4107781
0.3857747
0.4532240
0.5902910
0.7436818
0.7451851
0.4095421
0.3445954
0.4255782
0.4738575
0.4008447
0.4410437
0.3911510
0.4000809
0.4746951
0.4944784
0.5607861
0.5357262
0.5588592
0.6060109
0.5604093
0.4996638
3.3097284
25.1601486
59.5281258
74.5963135
57.9821396
27.0288200
6.9506760
2.6738217
0.6045682
2.6989284
5.8697758
4.2774100
5.4205775
7.2952237
11.6057634
19.3821144
22.2532234
19.3304825
18.3668022
18.8237152
25.7964439
44.3861084
66.0646667
73.6746063
54.7243042
26.5892029
24.1054783
18.4065056
5.4632196
1.1738713
6.1305761
17.0419941
28.8073463
33.8979912
35.2162781
27.9706879
17.7538319
17.2368622
28.7202473
48.3721161
60.2405815
50.3406754
35.7527428
24.1924248
22.7035694
44.2875900
40.6331749
24.2004967
11.9020481
10.4257832
10.4916449
10.3735094
11.6525021
13.3145390
13.1991978
11.0319033
9.8782234
19.9866791
38.3497658
47.7501183
37.4878502
23.7626610
18.1375122
13.0155745
9.0725307
17.6187344
19.3407574
15.4221630
10.4679699
4.3667183
2.0999320
1.8661674
1.5334678
0.7284297
0.4625812
0.4589971
0.4076030
0.3896470
0.3701498
0.4411874
0.5350082
0.4771223
0.3991534
0.3383356
0.3727949
0.4426766
0.4081997
0.3573348
0.4657580
0.5362755
0.5993285
0.4948544
0.3948205
0.4868186
0.4998249
0.3371150
0.2853539
0.3364625
0.3929415
0.5553129
0.5032446
0.4376813
0.4974552
0.5024312
0.4337497
0.3759803
0.3402437
1.0745447
5.8302188
15.9582996
23.6585865
21.6758137
13.9104748
8.3632355
5.7293453
7.0727506
5.8728619
4.9366031
4.2671828
8.0936613
25.7012405
44.0935593
48.6812553
44.4613724
40.5463943
34.2898331
21.8788223
23.7680893
21.3166428
14.7651167
9.7196579
7.3668294
13.6348677
13.3263721
10.0186625
10.1045637
11.8444138
12.2010727
12.2077045
11.7096653
11.4478073
11.5113258
11.5877399
9.8464670
17.1515751
37.0030746
52.8685875
47.6510773
30.5120487
17.6630859
5.9417238
9.7637968
22.6985645
19.0332451
16.5558834
13.2346601
6.7931929
5.5468869
9.9565811
7.4982934
4.2196226
2.0470929
3.2160449
7.9551411
7.5562277
1.8657106
0.9654695
0.6323135
0.5150366
0.5874571
0.6966588
0.4837469
0.3357971
0.4160718
0.3032671
0.4755487
0.3626775
0.3955439
0.3471495
0.3031321
0.3948115
0.6610346
0.5776199
0.3858706
0.3142709
0.3004573
0.4902127
0.6306888
0.5399409
0.5193955
0.6091747
0.6052370
0.4212971
0.3592252
0.3715518
0.4842621
0.4637664
0.4944758
0.5207983
0.6557453
0.6955586
0.5564162
0.4386706
0.4877190
0.4627544
0.4071491
0.4929816
0.5612034
0.5359882
0.5605907
0.4361896
0.5455434
0.5806099
0.5811722
0.6679583
0.7521906
0.7980191
0.5377489
0.4471639
0.4561286
0.5509750
0.5324118
0.3968819
0.5211921
0.8147504
0.9498656
0.6956706
0.4837900
0.4310337
0.3361708
0.4459990
0.5660707
0.6989045
0.5978962
0.5821317
0.6060802
0.6583750
0.8426480
0.9974284
0.8769809
0.6671177
0.6587864
0.7518075
1.0015967
0.9184264
0.5874587
0.6046073
0.5046123
0.4096219
0.4768867
0.4434707
0.6223193
0.5719912
0.4894606
0.4568150
0.4544798
0.4468427
0.5607593
0.6206856
0.5216948
0.4776166
0.4733395
0.4813605
0.4769423
0.5439509
0.6043895
0.5259795
0.4068116
0.4429896
0.5117804
0.3853562
0.4470967
0.3491779
0.5339707
5.3433795
17.2878132
29.2246456
37.4317474
49.4311638
71.0121536
89.2998505
91.1846161
78.3732452
66.2788239
58.4071503
49.8075218
33.7798157
14.3874140
2.7607429
6.9058022
12.0116749
15.4220028
16.6800747
17.8284264
26.7780075
56.3637123
88.7462082
104.4411621
108.7979813
87.7794647
53.4381561
23.8969345
7.0085192
16.2806854
21.4308128
26.8539772
26.0695152
12.8018932
7.2388716
8.2981472
9.1439600
10.7262402
23.9327717
30.8378735
22.6036205
11.6888857
8.9876118
13.9597597
26.0784645
34.5572929
28.3667717
15.4376974
6.2521210
2.6064899
4.8633513
9.0973310
10.9666138
8.6521530
6.6028924
9.8956022
18.6219425
25.7262516
24.2975712
19.1225395
16.6124706
16.4984894
17.2440281
22.6027031
35.3008614
43.3722572
38.2592583
30.1353683
21.6754303
15.7115240
13.0642853
10.2853575
9.6644211
8.8221025
7.0031781
7.0404663
7.9900098
6.2837811
3.8243730
1.9908030
5.3662791
10.1582441
9.4366646
3.7158549
1.2075797
0.6643648
0.8798400
0.9572623
0.7713096
0.6443420
0.6290869
0.8167705
0.8295938
0.6354727
0.5071971
0.4005553
0.3932996
0.4713417
0.7329882
0.5288448
0.4722157
0.5170378
0.5005463
0.4947138
0.6756717
1.6116450
2.6429629
2.1522541
0.8888348
0.5752559
0.2581801
0.2993002
0.3867345
0.5330245
0.7508643
0.7810122
0.6733295
0.5450224
0.6276228
0.6665891
0.7164005
0.5342433
0.3309116
0.2336650
0.3070228
0.4418190
0.8264759
1.2108163
1.1488030
0.6961032
0.4688639
0.3846266
0.3990260
0.4430304
0.5579679
0.6043967
0.6351954
0.7051200
0.6459622
0.4068561
0.5392769
0.8182827
0.8666130
0.7425812
0.6752434
0.5955064
0.4050273
0.3921840
0.8920385
2.3483188
7.1529241
14.8905764
18.5172844
12.5636492
2.9811425
0.8514102
1.0153368
6.5380416
17.8347969
28.0113258
44.7212601
53.0129662
44.2270813
31.4614105
22.3450661
18.5489845
14.4584303
11.6895723
9.0756950
7.9104023
5.1442919
1.1225435
0.3198589
0.1996591
1.1648729
3.3686233
1.3633122
0.4296338
0.5388768
0.6547371
0.9024890
1.4409599
1.9114641
1.5409917
0.6487680
0.3609299
0.3437908
0.3731761
0.3743521
0.4859626
0.4439335
0.5619726
0.6026503
0.4254071
9.5993481
54.7759285
116.0066147
141.7241364
119.5567017
79.2136612
46.8519096
33.8978653
25.8298950
13.0298519
15.8168106
21.3997841
15.5125370
12.6672220
7.8155990
3.9709458
8.2526445
8.3109951
5.0087743
2.2963185
1.7353632
1.1735314
1.7867882
13.7991209
35.2392693
38.5131531
22.0229416
13.1810684
18.8648567
24.5026703
24.3885880
18.7898693
13.1914759
10.4105587
22.0411873
47.2356033
58.8134499
45.7272606
31.1519928
23.6780148
12.9778872
15.1711559
19.0276947
11.2088451
11.6831303
14.5978327
9.8920021
11.4101753
21.0890350
27.5644455
39.8921013
39.4318008
27.4912720
16.6673794
6.9230247
7.8476920
14.4616079
12.1447744
10.0745239
8.4461899
10.8501987
13.7642288
12.3599491
7.9568467
5.0350904
5.2350359
5.9863582
5.5612640
4.2177234
3.3180356
2.3166909
1.5681286
1.1758485
1.0367335
0.9071823
0.7085502
0.4691459
0.2602552
0.3242534
0.6533298
0.5996570
0.3462780
0.2688358
0.3743355
0.7056477
0.7896101
0.6053467
0.6386370
0.5614414
0.4341094
0.3774115
0.3940017
0.6123167
0.9848067
0.9345207
0.6509827
0.6151627
0.6567694
0.7368025
0.8349345
0.8587949
0.8145225
0.5730089
0.5491656
0.6339056
0.6778281
0.6496449
0.5602030
0.5453582
0.4721053
0.5149630
0.6054441
0.4899448
0.3701386
0.4487743
0.5691674
0.7225742
0.7526790
0.5586800
0.4348103
0.4154963
0.4308875
0.3001138
0.2564865
0.4296167
0.6778023
0.5841416
0.4417894
0.4156805
0.4276196
0.4924052
0.4642793
0.4631044
0.6470405
0.5486407
0.3694375
0.3179188
0.2773406
0.4021827
0.7160063
3.2207952
14.2671585
29.5915604
38.0144691
33.3806038
24.4725666
25.0714855
29.1519165
40.2457962
40.4051476
25.6054878
19.0015907
24.6089706
30.6399250
29.0689087
28.4194508
46.9841881
65.2325516
55.8821335
26.8736935
8.0645285
3.6891291
1.1421059
1.4183025
6.0334287
14.4606495
24.6185741
32.1040344
36.8392639
35.6842842
31.2190647
34.6991196
47.3367538
49.3505745
40.3900528
22.3166752
20.6302643
46.9088898
50.9748535
40.9406319
30.0851135
26.5405159
31.7052956
48.2826576
57.2588844
49.7610550
34.8852425
26.3426151
21.2889862
18.6000690
13.4210024
12.1689034
10.0915165
14.9165049
55.5530930
111.4874725
129.3330231
100.9734268
63.5561905
33.1484642
13.1005020
28.2916336
37.5251236
34.1234055
27.1141529
18.1921597
10.7346420
7.2545490
13.9195099
15.6528931
11.9759712
10.0923605
11.5511503
9.0246487
3.4952111
6.0823584
6.0426245
4.4953489
5.1942673
3.5908487
1.6631887
1.1199795
1.1814065
0.9148971
0.7877096
0.6512932
0.6232882
0.5387810
0.5175989
0.4392759
0.5057070
0.5068719
0.5628894
0.3797477
0.3752505
0.4601065
0.4687749
0.4871742
0.3253762
0.3188784
0.3694774
0.5650015
0.5010788
0.4769444
0.4641820
0.5369847
0.4823713
0.3358701
0.4222389
0.6359271
0.6841375
0.5255047
0.4219540
0.4285836
0.4618177
0.5387884
0.4426684
0.4988049
0.3733169
0.3971966
0.5409347
0.6036324
0.5847657
0.5505666
0.5329326
0.5272573
0.4396170
0.3738864
0.5170023
1.2706558
5.7341523
14.8330841
21.9744282
22.0100422
17.5734692
15.8276129
24.8877144
46.5154953
53.6881943
44.5154419
36.1067467
38.7614937
47.7055435
41.3668709
25.7224922
14.6348467
10.3403149
11.1294231
12.0265160
8.5730219
8.4113340
16.6740150
16.8675880
11.3564320
5.3410354
4.7673688
28.4877110
69.5223999
85.4314041
65.1740646
44.8140984
31.2238579
23.8304443
32.5179634
42.8035088
36.7169113
27.2151165
15.9962978
10.7314854
21.7868996
23.2409039
17.5728703
11.3613691
7.2613373
6.1626596
7.6730599
8.3394861
6.5327740
3.9491479
3.0646529
4.1919022
3.6617875
1.7808682
2.1433074
6.6741147
9.1289482
4.3698463
1.4204271
1.4897246
0.4459707
0.4016433
0.4340554
0.5691664
0.5735484
0.4871440
0.4844326
0.4678182
0.3385807
0.5401920
0.6961951
0.5838600
0.3779368
0.2950989
0.2925219
0.4345470
0.5110159
0.5674909
0.6247808
0.5987515
0.7167718
0.5367277
0.3717339
0.4729714
0.5292726
0.4802033
0.4754303
0.5056332
0.3834013
0.4006910
0.3703321
0.3790958
0.4233755
0.5533846
0.5731078
0.4606408
0.4051532
0.5205175
0.8713243
0.7530444
0.4627896
0.2190516
0.2609820
0.4092927
0.5390573
0.5262020
0.5585791
0.7339894
0.6481632
0.4651524
0.4165237
0.3236864
0.3194689
0.3856559
0.3789403
0.5144478
0.6400394
0.5812530
0.5785191
0.5786131
0.4621863
0.5117169
0.5836707
0.5595501
0.4250480
0.4655774
0.5685995
0.5673583
0.5401264
0.5651074
0.5216215
0.5186785
0.4946928
0.5949640
0.6775649
0.5872848
0.5401141
0.5787744
0.4949148
0.3880056
0.6193532
1.5485042
9.5793085
25.6222706
35.5181770
30.5011044
20.2152405
15.4963064
13.9837074
14.9546671
17.6466179
22.4698830
25.9897423
24.0558567
13.1609287
9.4676800
14.3373775
13.8409443
8.8361120
9.0709238
41.6664124
88.7021027
129.2399445
148.7096100
128.9526520
76.3014526
27.8495045
10.5256624
4.6548643
2.0809612
9.0379457
18.3606205
21.5785084
21.9244938
23.4302425
18.5087318
12.6461010
11.9495945
19.2008972
27.9246140
41.5103607
49.8805809
44.1278839
31.1023750
18.2673035
10.8906069
8.1079798
12.0407190
41.6129951
43.3143044
37.9426346
30.2169533
27.9499550
22.7206478
21.4171696
31.9772224
28.0250931
18.2145157
8.0617313
25.1441212
32.4513397
28.3286705
19.5159512
7.5052629
4.0874186
4.2867308
4.1090956
3.0611701
3.0101559
2.9953735
4.3998923
6.8017931
7.6401491
4.8040891
2.6011240
2.5295901
3.1524429
5.0193663
8.7718945
10.4609041
7.5213823
3.4627390
1.9900093
1.6447541
1.2950377
1.1864949
0.9760927
0.4534945
0.3668714
0.5885171
0.7333975
0.5323501
0.2917874
0.2358519
0.3231443
0.4029775
0.4837102
0.3815143
0.3434926
0.3652937
0.3885750
0.4406392
0.5313542
0.4930326
0.3050882
0.2887073
0.4595038
0.6037721
0.5862845
0.4775040
0.3981708
1.3390801
5.3693104
8.4737530
8.8493443
25.6068802
56.9922905
68.5191879
47.6234131
23.3057632
13.9124489
15.0286903
9.4450865
5.0983491
11.0589809
19.7289982
20.5177803
25.0487576
23.0307827
14.8055382
12.6411371
13.7925644
19.9731712
28.7927456
35.2933540
34.3411980
23.4205151
10.3653173
2.9987218
1.5143549
29.6578846
92.8450546
99.2351608
70.8948669
59.3122940
52.0478172
33.5155830
19.3863506
18.1912060
28.9409809
32.7264671
22.6991100
11.8520260
4.5193763
4.2375202
9.1554604
12.9277811
11.3429680
3.3082118
0.3288491
1.4605145
8.1060543
16.0388870
16.8821983
10.7338352
4.8618155
2.7607052
2.6073570
3.0753253
3.5700631
2.7101631
1.6727636
1.1421087
0.8996373
0.8875144
1.2294977
1.0745646
0.6031016
0.3249265
0.2717426
0.3789990
0.4182253
0.3834247
0.2826540
0.3324085
0.3507466
0.3115880
0.3711535
0.4774813
0.5694484
0.6248630
0.5539985
0.4841096
0.5534322
0.6619942
0.5222237
0.3116696
0.3921152
0.5503147
0.4925171
0.4511737
0.4268401
0.4599371
0.4659736
0.4489560
0.4523503
0.5215704
0.6734224
0.5256294
0.5081749
0.7396755
0.7689728
0.6478606
0.5946302
0.4765478
0.3415755
0.4310775
0.4362291
0.5231757
0.3862000
0.3536370
0.3526940
0.4177226
0.3830142
0.3150574
0.4243273
0.5672506
0.5027429
0.4479897
0.5011967
0.5987143
0.6391709
0.7408560
0.7972963
0.5623401
0.4477570
0.4366678
0.4299513
0.5925427
1.0689636
1.0261593
0.5750008
0.3138411
0.3844652
0.4408643
0.4177109
0.4389205
0.4919205
0.5151717
0.4790784
0.4174504
0.5314817
1.3885512
2.8004944
2.9978766
4.8520064
11.9100342
19.0986137
21.9456310
27.9690285
41.3871803
51.8234596
54.5916252
53.0199280
51.8510818
53.5094643
58.6411552
59.3042145
54.1864433
53.7815399
78.4088593
103.3984528
86.7734451
68.3572540
58.6229134
40.5457344
16.2949753
19.2796383
25.2157249
19.8380451
16.9096928
18.2154312
15.4248848
11.0115900
8.3033886
8.9295387
11.5081367
11.3291149
8.8122520
5.9008107
4.2778187
4.1122737
4.4358282
4.2909245
3.4291754
1.6838150
0.8609002
0.6299863
0.7449263
0.8706397
0.7850743
0.5669081
0.4265833
0.4585752
0.5091684
0.5660589
0.5621914
0.6216003
0.6579082
0.8810213
0.6521493
0.5005805
0.6416458
0.7197461
0.6114247
0.6173010
0.9454954
1.8266987
2.8049526
3.7157161
5.8508654
13.9943371
29.1012173
40.1600456
36.2194481
24.6785374
13.3289833
11.5026484
8.1700687
6.4732451
4.2009993
2.8553355
7.0009289
8.4546556
6.5019069
2.4953752
2.4960837
22.6664505
73.9838715
116.5086594
108.1093750
73.9474335
65.8558044
66.6809311
68.8534088
65.4099350
57.4968414
42.5233879
20.7097549
7.7059426
18.0871086
8.9919319
10.2339067
9.2172699
1.9221904
0.6510601
0.5797693
0.9281271
1.3145241
1.2783011
1.0638518
0.9165114
0.8590125
0.7645723
0.6775017
0.6422917
0.5602943
0.7458252
0.8245821
0.7858222
0.7571284
0.4480930
0.3785001
0.3474875
0.3065638
0.3863348
0.5491871
0.6639086
0.5363665
0.3647501
0.4789691
0.5624223
0.6183283
0.6826091
0.6180193
0.5396266
0.4048733
0.4780513
0.5773322
0.6240534
0.6186341
0.7404732
0.9669617
0.9690092
0.8054992
0.5376495
0.5647047
0.4574331
0.4641790
0.4672134
0.4713823
0.5659962
0.7874306
0.8715623
0.6009722
0.4347737
0.4524589
0.7777669
0.6460286
0.3746077
0.4187696
0.4849851
0.6506171
0.5812724
0.3977101
0.3852578
0.3934945
0.5062193
0.6864818
0.5786808
0.7167409
0.9760605
0.6865730
0.5340756
0.3633983
0.2242020
0.3572636
0.7498988
0.8744441
0.6124681
0.3993349
0.3692160
0.3520750
0.3577732
0.4121673
0.3949485
0.4539823
0.4917539
0.3495276
0.3441709
0.3556617
0.4365822
0.5987579
0.7222182
0.6751788
0.5573666
0.4349233
0.5037991
2.8383636
10.1650372
20.3172874
25.6169014
21.0005322
9.7532482
1.9526305
0.4040753
0.2285168
1.3913878
12.2964020
38.8651810
60.3951073
57.0653687
34.4193115
18.4942703
18.5325909
25.1407890
23.5961857
15.4074345
7.3999777
3.8177805
4.4252706
5.0278974
11.5729446
20.0101624
20.9638615
21.7216301
23.7118530
20.7059574
21.9536247
36.4223137
37.0889359
22.7845726
9.2988720
6.9272232
6.9116559
5.8246469
3.0644023
0.9595103
4.3458123
13.6573200
27.5202217
42.0737762
36.4656410
22.0532722
14.0117826
11.5227175
9.7942209
7.7757626
6.5626001
5.2828145
6.6849623
8.0833902
13.4235373
19.2051220
22.3690472
24.0418892
21.3672104
11.4530964
3.0335693
0.5107208
0.2080447
2.7690699
11.9235249
26.4485245
31.1821880
23.1199360
10.9490404
4.9605341
3.2968531
1.8834498
1.5850424
1.9260399
1.7915679
1.8232459
3.3287034
6.9768538
9.8336792
8.4779854
3.6773486
0.8790746
0.6375171
0.6125759
0.7070619
0.7482353
0.4202929
0.2357273
0.2879785
0.3686900
0.5853291
0.4728091
0.4297502
0.5382676
0.5723279
0.4939676
0.4934259
0.4812573
0.3549168
0.3888078
0.4513553
0.3002961
0.3447364
0.5104241
0.4926082
0.6239672
0.7171694
0.6514115
0.3958287
0.4285246
0.5308518
0.5402036
0.4399870
0.4680071
0.5049294
0.3954912
0.3512063
0.4476929
0.5504568
0.4228731
0.5720984
2.2276173
4.1673617
3.2718434
0.5878056
0.2457295
0.4443820
0.6811034
0.8358189
0.7380574
0.7213163
0.7730986
0.7131454
0.9664893
1.9724872
2.9346216
2.4006772
1.5398657
1.0385692
0.8775314
0.7546114
0.7000352
0.6985617
0.7345167
0.7703199
0.6258150
0.5677795
0.7466784
0.8441165
0.8312941
1.0652328
1.7304516
1.9241287
1.3081053
0.9763002
0.8320601
0.6172153
0.5557103
0.5211151
0.5046617
0.5258707
0.5547022
0.5708873
0.4602349
0.4779707
0.6425274
1.0053475
0.9688071
0.6829695
0.5196253
0.4337157
0.5461010
0.5907836
0.5389978
0.5256037
0.4352179
0.4543536
0.7090325
5.9410214
26.4621506
51.3165779
59.8532333
52.7839394
41.0282555
30.3833885
24.2438602
14.9010735
11.3678665
14.9930792
14.4752531
10.7935581
9.0718880
12.7289066
29.3311615
49.5379028
56.7450027
53.4029808
47.7354851
39.9273682
46.4363899
68.3115463
58.3379593
33.3314209
21.1275196
19.1187038
15.7852335
8.6762686
1.3719879
1.0330775
4.6731272
8.8868275
13.1452236
14.5799904
11.1755981
6.0356159
3.5468061
2.6027431
2.1505041
1.4299177
1.9127132
1.5922577
0.9120327
0.7695681
0.5791305
0.5160950
0.4468959
0.4698153
0.4120495
0.4631232
0.6129364
0.5657792
0.5189655
0.4477660
0.3293490
0.4085961
0.4346461
0.4071314
0.5075961
0.6796932
0.5071950
0.3722245
0.3965843
0.4312534
0.4301980
0.4642857
0.4821179
0.5794516
0.6615703
0.6326619
0.5465072
0.4584122
0.4141502
0.3775331
0.5230334
0.5488687
0.5191189
0.4507360
0.5402166
0.6115366
0.6926312
0.6840342
0.4419389
0.4812825
0.4668157
1.0983967
3.8561282
8.4873056
13.0676956
16.6749611
18.7339058
19.8421993
21.5000820
21.7025852
14.2234030
3.8984621
2.8296871
9.8478088
20.8086891
22.2985611
17.5989151
17.0360203
26.7469158
57.8414116
85.3253326
93.4018326
81.7936478
61.5973282
39.2165222
20.8524494
6.1271057
0.6148993
0.0527177
0.0519715
0.4479699
1.1113763
1.0622153
5.5395765
17.1644306
26.2488823
26.4213181
20.5270729
13.0150318
7.7727242
5.9204526
4.6185598
3.8664858
3.4064760
4.9047618
12.4007711
24.9758797
38.3528976
43.7276382
34.1832466
21.6679478
15.8470640
15.5684490
16.0562992
17.9831467
20.5703049
17.5043812
22.2702370
44.5979881
55.1885567
44.3457298
22.1881447
15.9979744
14.0858288
11.6786327
15.5815859
16.6571732
11.6216345
13.7373943
35.1418800
63.9218483
77.0642700
78.1986313
71.1148300
68.6567612
66.0370026
52.7320518
34.0677528
17.9714146
7.8635664
2.0833299
0.5355932
3.9845660
12.6551228
19.4403419
18.9836826
13.6800137
9.9955797
9.6310539
8.8475838
8.0330095
6.8233738
5.5240159
5.7319989
5.5348625
4.6060691
3.8808966
3.3922563
3.3366270
3.4365075
3.2486150
2.2725360
1.3780117
0.7315980
0.7849903
0.5792131
0.4135466
0.3975976
0.4398660
0.6053559
0.5962404
0.5369235
0.5270259
0.8102814
0.8995286
0.6681454
0.3799962
0.3595010
0.6522425
0.8748908
4.5719075
17.5160007
30.3362942
29.3805161
19.0967941
14.9486237
13.9171410
9.6767664
12.3324108
23.2092705
28.3564224
27.5010681
19.2793694
10.9069300
8.5934563
9.4678354
9.1500397
20.6031647
56.5362244
101.1195068
142.9429169
164.3960266
134.8909607
85.6543198
51.5221710
22.5392265
24.5590477
39.4927177
36.5517311
10.9625750
24.4745388
24.7834282
14.2569952
6.3127675
6.4713116
8.2256851
4.1991539
1.6719074
1.0813017
0.8402151
0.8065426
0.6414097
0.4156300
0.2609467
0.2622475
0.3145528
0.3870866
0.5413968
0.5399312
0.6136612
0.6480467
0.5403032
0.4722865
0.4498777
0.4260852
0.4006318
0.4315420
0.4435651
0.7092007
1.3168645
1.3797480
0.6078066
0.3231802
0.3794231
0.4713872
0.5396706
0.5005113
0.4690591
0.4518194
0.4563508
0.4330256
0.3708094
0.3889721
0.4116449
0.5096206
0.5858469
0.5954404
0.4524011
0.5191796
0.5204902
0.5274159
0.6464118
0.9506013
1.1038668
0.9251376
0.4490906
0.4450278
0.5168618
0.4854985
0.4930704
0.4029484
0.4359614
0.5042988
0.5039784
0.4435497
0.4146020
0.4148764
0.3128568
0.4847155
0.6307542
0.6646925
0.3999366
0.3886874
0.3681771
0.3479862
0.3159429
0.2702694
0.4445520
0.5884104
0.6664596
0.6455038
0.4890960
0.3794903
0.3589651
0.3954036
0.3748636
0.3280520
0.5274431
0.4985683
0.3814198
0.3325149
0.3312475
0.5252054
0.4996684
0.4742140
0.4079506
0.4261264
0.4133611
0.3536897
0.3794366
0.3694009
0.3875332
0.3927825
0.4009985
0.4026001
0.4226145
0.4283012
0.3868559
0.3829215
0.3831472
0.4783514
0.5235891
0.6666378
0.8182713
0.7550266
0.5767615
0.3792417
0.3989615
0.4708941
0.4230363
0.4504448
0.5957465
0.6793626
0.5671754
0.3902871
0.3968403
0.3441027
0.3350829
0.3962682
0.4588230
0.5274370
0.4297631
0.4754113
0.4317088
0.4392774
0.4767489
0.5330548
0.5195618
0.5452231
0.5110225
0.5223237
0.5771359
0.4454856
0.3471839
0.4386575
1.0121779
1.7864797
1.8770828
0.9728583
0.5720080
1.0178068
9.6453648
34.8825798
62.2438011
73.0275803
65.3348694
53.5360565
28.3937149
13.5354023
8.2609882
4.6307154
16.6512203
34.6307030
74.4610977
133.8057098
168.8864746
143.4780273
90.9606171
64.4391632
54.3227844
125.9969482
174.4709167
148.3024292
120.5933456
80.5775833
39.6773834
12.2953157
8.0222034
5.2688498
7.4358640
9.0200863
6.9469800
2.8021388
0.9238651
0.4741485
0.3077122
0.6221551
3.2331815
4.5178518
3.1552262
0.9348433
0.3151999
0.2984673
0.2003525
0.3204954
0.4092742
0.3715940
0.4613483
0.9939376
1.5838909
1.2714596
0.5691999
0.4148837
0.2799458
0.2419953
0.3284042
0.4332731
0.5900198
0.7019661
0.6633140
0.4532576
0.4278876
0.5562712
0.5115061
0.4100377
0.4493699
0.4399359
0.5379695
1.6311233
3.0629363
2.6130514
1.6245997
13.0343008
40.9555511
66.3187485
68.4858170
49.3779526
30.5374832
20.6718502
37.4215851
53.5757599
32.0046272
9.1310387
0.8782429
0.5287125
0.3359594
0.2096931
0.2894295
0.5579891
0.5470869
0.6866004
0.9747672
1.2008030
1.1761981
0.5434340
0.2379832
0.3486009
0.3629873
0.3867030
0.5118898
0.6909513
0.7518518
0.5955297
0.4318036
0.5540845
0.5229415
0.4464269
0.4027663
0.4338344
0.4418849
0.5400676
0.5915741
0.8270575
3.8576546
11.9853058
19.1739445
18.3384590
12.2010450
7.6593862
5.3727064
3.1188407
2.0151024
2.1703835
1.2948266
0.5876511
0.3258528
0.3520987
0.3940857
0.3366196
0.4043299
0.4011493
0.4022263
0.6931955
1.0025014
0.8888945
0.6445984
0.4648153
0.5736378
0.5206171
0.2993629
0.2537780
0.3601149
0.4462371
0.5070265
0.5361041
0.4283333
0.3917521
0.4181068
0.4702854
0.5720035
0.5221401
0.4327764
0.4872454
0.5785508
0.6162149
0.4015270
0.3857065
0.3755823
0.3901171
0.4787592
1.0233690
2.2672346
4.5554347
13.9304514
28.6146049
33.9526138
24.1555901
14.4581661
9.7985420
10.2024965
8.1622400
11.7704716
27.4142342
30.7172813
22.5949059
12.7163973
9.9941292
3.8010504
0.3244740
1.6280369
10.7160110
28.3093624
34.6813126
23.4013309
10.9316158
8.9968872
13.6257906
31.1807575
60.1856308
89.5452652
99.7808762
90.3140564
72.9756851
48.8170280
24.3037300
27.2341099
27.3020000
24.7868614
23.2266579
22.4233913
18.3085690
12.6387043
20.1658363
25.3564892
22.8026447
19.9382591
17.6902008
12.6830902
8.2097397
11.4694128
13.4280777
14.6986303
15.0459146
8.9253912
5.3421202
8.0199223
5.3489370
0.8636016
0.6166933
0.8945998
1.2316105
0.8798273
0.4621506
0.4312211
0.5850845
0.4404994
0.3088909
0.4227215
0.5237793
0.6357135
0.5395381
0.4252729
0.3856295
0.4080291
0.4922674
0.6478153
0.6185020
0.4720792
0.3875097
0.4507670
0.7417955
0.9437811
0.6722156
0.4819748
0.3762709
0.6114274
1.2324711
1.6372766
1.1196756
0.7130519
0.5224380
0.4081449
0.3983037
0.3369998
0.4276439
0.5514252
0.5599393
0.4603384
0.4564695
0.4504234
0.6964665
1.2845956
1.3319446
0.8403330
0.4772009
0.3527676
0.2631370
0.4644930
0.8768216
0.8616289
0.7929164
0.8750362
0.9635414
1.2096778
1.5139210
1.6347680
2.0211837
3.3371096
4.3674703
3.4541049
1.7344180
1.0939333
0.9701421
1.0075221
1.5632701
2.0085530
1.9292274
1.7930651
1.6561103
1.5500438
1.3570453
1.1658738
1.2628264
1.3365955
1.4147199
1.2792430
1.3525808
1.3899895
1.1642313
1.1392968
0.9881295
0.9499022
0.8340715
1.0288513
1.0958786
0.8754584
0.8355720
0.8883913
1.0476319
1.0177360
0.6833443
0.5196344
0.4121768
0.4482264
0.3928920
0.4884024
0.5377597
0.5001538
0.3946381
0.3019045
0.3557310
0.3815407
0.5645233
0.7615994
0.8217371
0.8636374
0.6888655
0.3763090
0.3210427
0.3668010
0.3754992
0.4032943
0.4620941
0.4415465
0.5708067
0.6863157
0.7588914
0.6156064
1.1046576
1.9453998
2.3551226
10.2557268
27.7117119
40.6928215
40.8344536
34.5914879
26.3768940
21.1778221
13.6339226
7.8385673
1.5928128
6.6877155
21.4678116
33.8587532
44.7642441
41.5201492
32.9526482
24.9564228
19.5816708
13.3744869
6.8118033
13.5290470
37.2901802
35.6647682
19.8775082
9.7623167
5.2213035
7.7552853
17.7813931
23.6783867
24.1731319
23.8972797
22.9407749
21.0711460
18.2145557
12.2248106
13.2266130
6.6838813
2.2952471
1.2283719
1.8970143
1.7464435
1.4933364
1.2479823
0.9995283
0.7054996
0.6943266
0.6276401
0.6683303
0.5958694
0.5393219
0.5266754
0.4745571
0.4186342
0.4581784
0.4379510
0.6242970
0.7717704
0.7729250
0.7175655
0.6275890
0.7163271
0.7921926
0.6367832
0.5689315
4.1179872
31.9054070
89.0984573
132.9819183
117.6804504
62.6874695
13.3140545
5.7974687
1.5661424
2.9002576
10.0984316
14.5384541
8.9440308
2.6991148
3.1621227
18.3088493
41.6787910
50.3753090
38.8934669
26.0241814
12.7164888
4.8726482
0.4048807
0.4168503
2.9891918
6.8431730
3.2930408
0.9813876
3.8561952
10.1526442
14.5009193
14.5426893
12.0378551
11.5901489
16.3233509
25.5820007
29.9228287
23.5272942
15.0698109
10.8208332
13.6324787
13.3914165
13.6593103
21.7860050
26.4401855
24.2046738
21.4054241
22.8764534
22.9751015
20.5530930
14.5722647
11.2406521
8.7413225
8.3052273
10.1620874
24.6599541
30.0418568
18.0258732
5.0213199
1.2886815
1.3178637
15.8333435
50.4032631
65.7301102
50.7346268
37.4851761
37.8159523
32.9219818
23.6263046
12.8314962
7.5116563
12.7976837
13.8130074
16.1431046
14.3225775
11.0516863
8.3437824
4.9463973
1.3014477
0.3951821
1.5177714
8.1763420
17.0085487
20.1032944
17.8339577
13.2335262
9.3895550
5.8753424
3.7959342
2.3972645
1.0651737
0.6900634
0.5827917
0.5528026
0.6919492
0.7526037
0.7540423
0.6572053
0.5186822
0.2986234
0.3807851
0.7477716
1.1601428
1.0714374
0.4916290
0.3277428
0.2651860
0.4097804
0.4541495
0.3675091
0.3259378
0.3890361
0.4551504
0.5546255
0.5611904
0.5333791
0.5863701
0.6846679
1.0612233
2.3636451
4.5103073
6.8479013
9.5084000
12.5014858
18.7045250
26.8075638
25.4385910
11.0967979
1.5500575
0.5507022
1.7453110
7.7852235
15.8039532
21.7659626
29.6677742
35.2494011
31.4030876
19.4741211
9.6253738
2.6314220
0.2117798
0.9326906
12.0503693
50.3871307
78.7594452
71.3352509
43.8965378
21.9597282
14.0762510
10.3223352
9.3438578
6.2721558
3.2901285
1.8907360
4.3166285
8.2883224
7.9829149
6.3262544
3.7779584
2.7190349
2.2198327
1.4388196
1.4549068
1.6360786
1.5828037
1.3028821
0.9813111
0.8866124
0.8009869
0.8251324
0.9379793
1.1783128
1.4116752
1.7522880
1.8020782
1.5326434
1.7394111
6.4028568
16.0294743
21.2775173
17.1138744
11.4432421
7.9627032
6.6340299
7.2663736
9.1439018
11.6625128
22.3096771
39.1924438
53.9901161
58.8746376
52.8267593
38.8324203
27.4928226
12.3700876
6.2335601
6.3477998
2.0282905
0.3502844
0.4501337
2.3223367
6.6202278
11.1456032
13.4122925
11.7408733
8.5005074
6.4608212
5.6834745
5.0418854
3.9816701
3.3504856
3.9155979
4.0813661
4.2056379
4.3132596
3.7410009
2.9500577
1.8965703
1.4354441
1.1797527
1.1580379
0.8895277
0.6198113
0.5982094
0.8293976
0.8755796
0.4356254
0.3169984
0.3337380
0.3757951
0.5066281
0.4629896
0.3658987
0.3950738
0.5009584
0.4907911
0.3827604
0.2167601
0.0719168
0.0045748
0.0000812
0.0000000
0.0000000
0.0000000
0.0000000
0.0000000
0.0000000
0.0000000
0.0000000
0.0000000
0.0000000
0.0000000
0.0000000
0.0000000
0.0000000
0.0000000
0.0000000
0.0000000
0.0000000
0.0000000
0.0000000
0.0000000
0.0000000
0.0000000
0.0000000
0.0000000
0.0000000
0.0000000
0.0000000
0.0000000
0.0000000
0.0000000
0.0000000
0.0000000
0.0000000
0.0000000
0.0000000
0.0000000
0.0000000
0.0000000
0.0000000
0.0000000
0.0000000
0.0000000
0.0000000
0.0000000
0.0000000
0.0000000
0.0000000
0.0000000
0.0000000
0.0000000
0.0000000
0.0000000
0.0000000
0.0000000
0.0000000
0.0000000
0.0000000
0.0000000
0.0000000
0.0000000
0.0000000
0.0000000
0.0000000
0.0000000
0.0000000
0.0000000
0.0000000
0.0000000
0.0000000
0.0000000
0.0000000
0.0000000
0.0000000
0.0000000
0.0000000
0.0000000
0.0000000
0.0000000
0.0000000
0.0000000
0.0000000
0.0000000
0.0000000
0.0000000
0.0000000
0.0000000
0.0000000
0.0000000
0.0000000
0.0000000
0.0000000
0.0000000
0.0000000
0.0000000
0.0000000
0.0000000
0.0000000
0.0000000
0.0000000
0.0000000
0.0000000
0.0000000
0.0000000
0.0000000
0.0000000
0.0000000
0.0000000
0.0000000
0.0000000
0.0000000
0.0000000
0.0000000
0.0000000
0.0000000
0.0000000
0.0000000
0.0000000
0.0000000
0.0000000
0.0000000
0.0000000
0.0000000
0.0000000
0.0000000
0.0000000
0.0000000
0.0000000
0.0000000
0.0000000
0.0000000
0.0000000
0.0000000
0.0000000
0.0000000
0.0000000
0.0000000
0.0000000
0.0000000
0.0000000
0.0000000
0.0000000
0.0000000
0.0000000
0.0000000
0.0000000
0.0000000
0.0000000
0.0000000
0.0000000
0.0000000
0.0000000
0.0000000
0.0000000
0.0000000
0.0000000
0.0000000
0.0000000
0.0000000
0.0000000
0.0000000
0.0000000
0.0000000
0.0000000
0.0000000
0.0000000
0.0000000
0.0000000
0.0000000
0.0000000
0.0000000
0.0000000
0.0000000
0.0000000
0.0000000
0.0000000
0.0000000
0.0000000
0.0000000
0.0000000
0.0000000
0.0000000
0.0000000
0.0000000
0.0000000
0.0000000
0.0000000
0.0000000
0.0000000
0.0000000
0.0000000
0.0000000
0.0000000
0.0000000
0.0000000
0.0000000
0.0000000
0.0000000
0.0000000
0.0000000
0.0000000
0.0000000
0.0000000
0.0000000
0.0000000
0.0000000
0.0000000
0.0000000
0.0000000
0.0000000
0.0000000
0.0000000
0.0000000
0.0000000
0.0000000
0.0000000
0.0000000
0.0000000
0.0000000
0.0000000
0.0000000
0.0000000
0.0000000
0.0000000
0.0000000
0.0000000
0.0000000
0.0000000
0.0000000
0.0000000
0.0000000
0.0000000
0.0000000
0.0000000
0.0000000
0.0000000
0.0000000
0.0000000
0.0000000
0.0000000
0.0000000
0.0000000
0.0000000
0.0000000
0.0000000
0.0000000
0.0000000
0.0000000
0.0000000
0.0000000
0.0000000
0.0000000
0.0000000
0.0000000
0.0000000
0.0000000
0.0000000
0.0000000
0.0000000
0.0000000
0.0000000
0.0000000
0.0000000
0.0000000
0.0000000
0.0000000
0.0000000
0.0000000
0.0000000
0.0000000
0.0000000
0.0000000
0.0000000
0.0000000
0.0000000
0.0000000
0.0000000
0.0000000
0.0000000
0.0000000
0.0000000
0.0000000
0.0000000
0.0000000
0.0000000
0.0000000
0.0000000
0.0000000
0.0000000
0.0000000
0.0000000
0.0000000
0.0000000
0.0000000
0.0000000
0.0000000
0.0000000
0.0000000
0.0000000
0.0000000
0.0000000
0.0000000
0.0000000
0.0000000
0.0000000
0.0000000
0.0000000
0.0000000
0.0000000
0.0000000
0.0000000
0.0000000
0.0000000
0.0000000
0.0000000
0.0000000
0.0000000
0.0000000
0.0000000
0.0000000
0.0000000
0.0000000
0.0000000
0.0000000
0.0000000
0.0000000
0.0000000
0.0000000
0.0000000
0.0000000
0.0000000
0.0000000
0.0000000
0.0000000
0.0000000
0.0000000
0.0000000
0.0000000
0.0000000
0.0000000
0.0000000
0.0000000
0.0000000
0.0000000
0.0000000
0.0000000
0.0000000
0.0000000
0.0000000
0.0000000
0.0000000
0.0000000
0.0000000
0.0000000
0.0000000
0.0000000
0.0000000
0.0000000
0.0000000
0.0000000
0.0000000
0.0000000
0.0000000
0.0000000
0.0000000
0.0000000
0.0000000
0.0000000
0.0000000
0.0000000
0.0000000
0.0000000
0.0000000
0.0000000
0.0000000
0.0000000
0.0000000
0.0000000
0.0000000
0.0000000
0.0000000
0.0000000
0.0000000
0.0000000
0.0000000
0.0268382
0.4363194
1.2493591
1.7853701
1.7233878
1.2550269
0.8266755
0.5550943
0.4831065
0.3976263
0.4542862
0.8358300
0.8072345
0.6544783
0.7310500
0.7205654
0.5837879
0.3804788
0.3771191
0.4391888
0.4727423
0.4726310
0.4972956
0.4557520
0.3783252
0.4014302
0.6045723
0.6224747
0.4773312
0.6786959
3.5341384
15.5818453
30.9025574
33.7596779
20.5020866
10.9105597
9.6443825
8.7380772
13.2051582
28.8013477
37.1565933
37.7895279
30.7874069
21.6749744
15.6967945
15.2966213
17.1173229
24.1338196
25.6915264
23.7193775
33.4520798
55.5770645
72.7457047
65.4233017
46.5689201
33.8460617
37.1451073
55.2235909
45.5201607
23.5426884
14.1225996
13.3869133
11.9638462
12.6757860
14.3280878
12.9627762
7.8815107
4.3836212
3.1136305
2.2495909
0.8862573
0.5863782
2.6725914
12.3618402
26.5062065
35.3860855
34.7862129
24.1235771
16.1033421
8.4980059
5.1320753
17.5325451
47.0205536
82.7433777
98.0220108
78.3211823
51.2492981
22.8120232
12.4124584
30.7037926
31.2848282
18.2444191
9.0024137
7.7719283
2.1455636
0.4903478
0.7364890
5.9518905
16.9078941
20.1106224
15.0240641
7.9109750
8.9242783
15.4199991
18.7512894
14.9695530
10.7764711
9.3767290
10.9301147
14.8272533
18.4690533
22.7844276
26.9127808
28.7398643
26.6057835
21.1990223
13.6254778
14.5415049
12.5864458
11.3858652
10.7179766
13.4293442
20.0377026
20.3511009
16.2499294
18.0406723
25.6174335
31.6521854
27.3691177
20.8889942
10.9392376
5.0831389
4.6991386
3.6490114
2.1360331
1.5780828
0.7180858
0.5508392
0.7993398
0.9134150
0.6256367
0.4788717
0.5455720
0.6563915
0.4668868
0.4279019
0.4928899
0.4083212
0.3969329
0.5294317
0.6490722
0.4725496
0.3580109
0.3080823
0.3303277
0.3359025
0.4324890
0.6809546
0.8328128
0.6452214
0.4764421
0.3681376
0.3363745
0.4472096
0.5617692
0.5887156
0.3831887
0.3334374
0.4186459
0.5851665
0.7067401
0.7836727
0.6203172
0.4433090
0.3759018
0.4429253
0.7465020
0.7652893
0.6885313
0.5140011
0.4771246
0.4784583
0.7280402
0.7953255
0.5896853
0.4870765
0.4723206
0.5444119
0.3661721
0.3190620
0.4664622
0.6271974
0.6356533
0.6898509
0.6160609
0.4801722
0.4268602
0.4605442
0.4459536
0.6411027
1.3667591
1.9958608
2.1066394
7.7235098
18.9530201
26.5228119
26.9259872
25.6743221
26.4033222
28.6541920
26.5753326
21.9455910
16.3172798
13.9318676
13.0651932
11.5991459
16.6876640
36.4725571
48.5297890
52.8931503
52.7510872
50.7053604
39.5660210
34.9585381
41.3264389
48.7868423
45.6332550
35.7829094
19.3004875
10.1064949
9.8099594
9.2808046
5.7685795
6.3093009
18.5237427
29.4917297
30.1853218
29.8718605
33.3388405
32.9008713
23.0096436
18.3567848
19.1746216
17.9902630
13.6461258
9.3820438
21.3496780
49.0763283
71.8771362
67.3796234
42.5001068
14.2678013
14.5877743
8.2111425
13.1913643
16.0304718
11.1593990
6.9888353
5.4815292
3.6458006
1.9680235
0.5691885
1.2047533
6.7250757
15.3138580
12.6535912
9.5028257
13.9344063
16.0819969
12.6615028
9.3872623
7.0785785
11.0814314
17.5765610
20.1500626
19.8483257
17.4049816
15.5219135
16.2526627
18.2348022
16.2990494
12.9339485
12.3016367
10.9351673
12.3703976
15.5832729
12.5193691
3.8553944
0.4974838
0.6081271
6.6841407
18.4516850
25.7761345
34.8159943
35.9283524
26.7526112
21.1420956
16.6188564
14.1897583
6.9289160
0.7967847
0.7181191
2.1836543
10.3317547
16.6693039
12.0964050
8.1047802
6.9950171
9.7406979
15.3208103
23.5155544
32.0852814
41.2586594
50.3007698
50.6850967
48.9618301
38.7942085
20.5613804
7.5786982
4.7010946
3.0489066
2.1586027
1.0123444
1.2069634
2.3385758
2.3427608
1.4450769
3.2096238
10.5496998
19.2535324
20.3340034
12.1405964
4.8741860
2.0222263
0.9504366
0.6653793
0.5203220
0.5406477
0.3121159
0.1630691
0.1621884
0.4493602
0.4572366
0.3805122
0.3966132
0.3573740
0.3539999
0.4615053
0.4425654
0.5259181
0.5829873
0.5413411
0.4890859
0.4654210
0.4157543
0.4295683
0.3921792
0.4740083
0.5341266
2.4924288
9.9437160
17.8429680
18.8270569
16.1736698
17.1457253
15.3545294
6.8341742
4.3674212
12.3065338
29.6853752
38.4485054
33.7838745
28.3213749
21.8367767
13.0278711
5.5610161
4.8780293
4.3556161
1.7355150
2.6792164
13.7861004
26.4406853
21.5121078
7.4988265
9.2816496
15.7527561
15.1102591
8.7385569
5.9035897
6.9061408
9.2874508
10.9482718
13.3028231
15.2313557
14.7737360
14.5716581
14.0993776
15.4118433
18.0737705
21.0697727
19.4029388
14.1859503
9.8308372
11.2245617
15.0250711
12.8013229
7.3839417
3.6622679
2.0614371
0.9931607
0.4740140
0.3245500
0.3143960
0.3976456
0.2868493
0.3653066
0.4249368
0.5036166
0.4873937
0.3727013
0.4472924
0.7028425
0.8602127
0.7509975
0.6750494
0.6593294
0.9404434
1.0327042
1.0043132
0.8572403
0.9878752
1.2339690
1.2969797
1.4179306
1.2331463
0.7844756
0.6533386
0.7129554
0.7824797
0.9054351
1.0608759
1.0509495
0.8074389
0.6520080
0.7526376
1.0726095
1.0801389
1.0105778
0.9251823
0.8652827
0.9050098
0.8253000
0.9077739
0.8961089
0.6568421
0.6182741
0.6937080
0.7683111
0.9122782
1.0586782
0.9944187
0.9230592
0.8016557
0.6761031
0.6159455
0.6506642
0.5935907
0.6085563
0.5255246
0.5213042
0.6955714
0.8520309
0.8086039
0.7611235
0.9248389
0.9319338
0.7380644
0.5914789
0.5712063
0.7608869
0.6317562
0.5447873
0.5279390
0.4504584
0.4972594
0.7229121
0.6939361
0.5648676
0.5060591
0.4767374
0.4030171
0.4195230
0.6043391
0.5655724
0.3549455
0.2933710
0.4116758
0.6314687
0.7755723
0.6959227
0.5174174
0.6267173
0.5023526
0.4102243
0.4865826
0.9832138
5.0035119
16.8762493
30.4329662
35.8407936
33.7983513
33.1266937
44.1850815
50.1667328
44.1121140
30.0571747
19.7797852
30.7283516
33.7263603
27.5228672
22.3425426
15.7714653
5.7157602
1.8085908
1.9213812
1.7111473
3.0390725
19.3212357
40.1631088
43.4985466
28.7946205
15.3610249
3.7162664
4.1831026
2.8368003
0.3918629
0.7863231
12.2762756
32.6871147
38.6504745
27.6805191
16.9645729
15.5782003
13.0679960
9.3845959
8.4495125
5.3656645
3.7631271
22.6175804
60.5009880
82.4318237
70.5839539
50.7460022
36.5516129
16.0271873
16.2354927
15.3892841
3.2612486
1.2950516
0.5062547
3.3961892
14.6697960
23.6971912
21.8914833
16.0992527
11.5929356
8.4101181
6.0383072
4.1395388
2.4255176
1.5163825
1.2545556
1.1213254
0.7881269
0.6373621
0.7268332
1.2510363
2.2132528
2.0928190
0.9521546
0.3612288
0.3488584
0.4222591
0.4809709
0.5507696
3.5596781
12.2454767
21.2722301
22.0218868
15.4366045
9.8302155
10.3940382
12.5504675
9.6889114
5.6934142
3.6056073
2.8219934
3.1636014
9.8943462
27.3257561
40.4325256
38.2169838
30.9463539
27.9741497
27.7096214
29.4749546
34.7189980
41.5208969
47.7982178
42.6197357
29.5273972
18.9746628
8.3049574
4.6643138
6.6021767
6.9739466
6.3054557
5.0289879
3.3088915
2.4652164
2.4363716
1.9154807
2.3899837
1.9967400
1.3563795
0.8866041
0.4847421
0.4509100
0.4349215
1.5900079
9.6223183
23.9230099
32.9059486
27.8905029
13.0185061
2.5573595
3.0577056
10.1956987
16.1391964
13.8422089
16.6646862
33.4084015
49.5486794
55.2801323
58.0775337
55.0389862
48.8099861
35.3193550
24.1771545
30.2261257
33.7527962
30.8980026
23.9742451
20.5284462
19.2009087
19.3412266
22.1170959
33.5796471
50.3568611
65.8301849
81.2670059
86.0428619
74.8804169
52.9142532
34.4569855
17.8074417
44.7459679
49.8170357
31.7351170
36.9963799
51.5530396
25.6960506
7.7582440
21.3471928
11.4128342
5.1571131
5.6367230
4.2672029
2.9285824
2.0924942
1.1947324
0.7873418
0.7292830
0.7269161
0.5623475
0.3263034
0.2340850
0.2134918
0.4032861
0.4373892
0.3911912
0.4267529
0.4588496
0.4427825
0.4015060
0.3272659
0.3189747
0.3132736
0.4005973
0.5291432
0.6644734
0.7197968
0.6884837
0.4794490
0.3516987
0.3595330
0.3573878
0.4454128
0.4835587
0.6179390
0.6777585
0.5185777
0.3738865
0.3034669
0.3308730
0.3777553
0.6766208
0.5912749
0.3441917
0.4303679
2.7562704
9.2689476
16.7295132
23.7117882
26.5283585
21.8928661
15.3205013
22.5512390
36.7177429
34.3617554
25.1512299
20.4847374
16.6617184
11.0210514
10.1338968
13.7744627
19.2043571
26.2466545
31.9269276
31.9546280
25.5783443
21.3267040
16.8216705
19.0425987
13.6604280
4.7701859
3.3006549
1.2049609
0.7370259
3.9285502
14.8348942
25.3070221
25.4920406
15.9087410
8.3092623
7.1743484
6.2090130
4.8492603
3.8107457
3.3360400
3.1930926
2.9407015
1.5748971
1.1588565
0.8939002
0.9782507
1.3057766
1.5140811
1.2672909
0.9283465
0.4959479
0.3756301
0.5939693
0.8770163
0.8115198
0.4871037
4.8700337
16.1006813
24.5525799
20.6987419
11.7760925
9.6924667
12.9358940
21.4244404
41.5607681
57.5232887
51.1925392
35.1245270
23.2082424
16.9625416
16.5137863
15.5053129
11.5341110
13.3940849
11.3818769
7.7376804
7.6710749
8.4642286
6.5861111
4.0136871
3.1907420
3.7639847
4.9354434
5.2507310
5.0160651
7.7189589
19.2278309
30.9043694
29.2000427
17.7369175
14.5902815
23.3624439
33.8884087
37.8882217
39.6451683
41.4826279
41.4654503
33.0533981
19.0600910
5.8927464
1.6582952
3.5206425
12.2944450
14.6794710
5.2773027
0.6265027
0.5241225
0.5045926
0.8082759
0.7847747
0.5568891
0.3932876
0.2799058
0.3574305
0.4680706
0.5645044
0.4231757
0.3266679
0.4283822
0.4879447
0.5494704
0.4322340
0.3719551
0.3446675
0.4415132
0.5657175
0.5892457
0.5211658
0.4868338
0.4051822
0.3836159
0.4859912
0.5552939
0.7541108
0.7431936
0.6129959
0.4392176
0.4594918
0.4032775
0.5441015
0.4574800
0.3503943
0.3703795
0.3899854
0.4229171
0.4438124
0.3945526
0.4278049
0.4473037
0.4591238
0.5683814
0.6971910
0.6251097
0.4247307
0.4505408
0.4842978
0.3275102
0.4419169
0.5562539
0.4794039
0.3387108
0.3391808
0.5042723
0.7756119
3.5218058
10.5993166
16.4523258
15.2732925
9.5635242
6.1671648
4.4049230
2.9910986
7.4024725
26.4486618
37.8903236
32.2231483
14.7556839
6.3850546
2.4348462
5.4731994
31.3744621
76.0697479
86.9077148
72.1184845
49.6422844
32.7363358
20.9240322
8.1640911
5.0304656
5.5327358
1.0405260
0.9948065
5.8919611
13.4581165
11.6671982
2.3506346
1.9121977
8.4522514
18.8553658
21.6263561
18.7632103
13.9909182
5.9128733
2.7511914
4.3392096
3.4831941
4.2968469
5.2469363
4.8368440
4.0607119
3.9512236
4.2676268
3.3520403
1.9170141
1.2643753
1.5262730
1.9429715
2.4996085
2.1482239
1.1078007
0.5120631
0.3052710
0.3198222
0.3992444
0.3995173
0.3940827
0.5165684
0.9933174
1.4805858
1.7805810
1.8912696
2.0718532
2.5852685
3.2460470
3.4111159
3.4557886
3.2168074
3.2240787
3.7023687
3.8749588
4.0914521
3.7120116
3.5628028
3.3741024
3.1155608
2.7981534
2.9564538
2.6632242
1.9794604
1.6997974
2.0166562
1.8584602
1.4059718
1.1515799
0.9541188
0.6893732
0.5139290
5.4154673
24.2723427
45.1032143
48.6839600
31.7677784
10.7013292
5.5038495
4.4180236
6.6801386
13.5964890
26.9993057
30.7745934
23.9348030
19.1501160
13.9607592
16.2051697
10.6870842
3.5280657
0.6640297
1.7210646
26.1269283
79.3084106
117.2845306
111.7854233
84.4776764
70.4349060
74.4750061
74.4244232
65.9414215
67.3372040
67.1965332
51.9462013
35.9611931
27.9698772
20.1640968
14.6670456
21.1920891
27.0991364
18.4661961
12.7118149
23.8057957
23.3899460
12.8543262
7.3789206
7.4166260
24.4796448
52.2461510
51.8183022
41.8475761
27.3623428
21.5649147
14.0090828
10.2113276
8.1444740
10.2772198
31.9384956
56.3025169
55.8203773
35.8811722
24.9428577
18.2638836
12.9666281
10.6719084
6.6816735
2.9264190
0.4062078
0.3953982
0.3292150
0.2985052
0.2966065
0.2955609
0.4303376
6.3107958
35.5886688
75.2377396
86.2198715
60.9626694
40.6687088
31.4360485
31.7789764
48.7565384
58.3054962
60.2857704
65.1519394
74.7590485
69.3669281
44.3060532
13.2830391
12.2181988
20.4529362
38.2174454
35.1536484
24.8851223
19.0594215
24.3704662
24.5326614
21.9489059
18.1442966
13.5245667
10.7225647
9.6835718
15.0232267
17.5544796
14.2702398
10.7251854
10.4319954
12.1975822
12.1583252
11.5176725
10.8225594
9.9251261
8.5378094
7.2745090
6.2143135
5.1802378
4.7483873
3.8846951
3.4391994
3.3774958
2.9406271
2.2660732
1.7033620
1.5838618
1.3631835
0.8908259
0.6589856
0.5235741
0.4372364
0.2413725
0.2169173
0.2866681
0.2733523
0.5012050
0.9465948
0.8355553
0.4332153
0.3073749
0.3785479
0.4388175
0.6145486
0.5639843
0.4031696
0.3590060
0.4072238
0.7279781
0.6236196
0.4108619
0.4994184
0.4878112
0.3642196
0.4148600
0.6234855
0.6880410
0.5244744
0.4260263
0.3614477
0.4044314
0.5179760
0.4415573
0.3886569
0.4690158
0.6007126
0.7609053
0.7363671
0.6338056
0.5797592
0.4102998
0.3215478
0.3802956
0.3649566
0.4177590
0.4525912
0.5607726
0.4768379
0.3772782
0.4044860
0.4319908
0.5121421
0.5029107
0.4169163
0.3578930
0.3849545
0.5255573
0.5120909
0.4274576
0.4581106
0.5116586
0.6428045
0.5800272
0.5437614
0.5271481
0.4497835
0.4815764
1.9774525
10.8659763
23.4924355
28.7148876
23.4757347
17.3515587
11.6755819
17.5225201
23.9348183
23.6643829
21.7361813
15.8092709
12.5851040
22.4813728
36.5531540
37.1215858
26.4658642
15.1089840
9.0364380
4.0522161
2.1387334
16.5070019
20.8275185
24.8441715
45.6183701
71.3450546
81.3838959
77.2357864
67.3634491
58.3101768
42.8471489
22.8994579
17.1418056
23.9428673
42.3585052
39.4863663
21.2950249
25.9755840
37.4788208
23.6073093
7.2808819
12.4955873
57.4689903
122.9664078
145.7097473
123.6241837
94.6200104
60.7653656
36.4844360
23.1760616
24.1670437
33.9148674
27.9137650
11.8713865
3.0381227
1.2362913
0.3750663
0.2135192
0.1747134
0.3020924
1.5163708
7.9168057
20.4561462
31.6304016
33.3509789
33.2587509
35.3816299
34.3526535
27.1271744
19.4475498
19.3659058
32.0076904
47.3134346
49.0913429
33.1363449
16.4499435
6.8970017
10.9100380
7.4899306
3.0274932
1.3782126
7.6289377
21.8014469
39.8955574
50.6945572
46.4406738
38.3708611
30.2653275
22.0274086
16.5503044
13.4360847
10.1254101
13.1297188
24.5165100
28.7830639
18.9014988
7.7794247
9.3632050
15.4888611
15.7017422
10.9960747
7.5996547
8.4652405
11.5251989
10.6643715
10.2666187
19.3754578
22.3874893
19.4388294
15.8765240
10.6366425
9.5678368
25.5232124
25.8801422
14.6731434
4.2490387
0.3360638
0.9663056
6.3719988
13.9511013
15.4456482
13.3718071
11.2057104
8.0703325
4.5500021
2.7425046
2.1372511
2.0114446
1.8983121
1.7303269
1.7759160
1.1201299
0.8702495
0.5140828
0.3454849
0.3600501
0.4056937
0.5047460
0.5594592
0.5432284
0.5655438
0.5681721
0.5820546
0.4866427
0.5503092
0.5130025
0.5072262
0.6398857
0.7332854
6.1398845
20.6631775
40.4354858
57.5618973
58.2287674
40.2525520
22.1663876
8.1767349
4.2214127
6.3477182
12.9482479
31.7901649
46.6775818
45.0499229
36.9424095
27.6791172
24.0334587
23.8599911
39.3615608
52.5139465
54.3974457
48.1736183
31.8622055
18.2542858
5.7456150
0.9958978
1.2533472
7.0967388
16.3420181
19.9307003
12.0050449
4.9956751
2.8022079
2.7427073
3.6196871
3.9171846
3.1111999
2.0091040
2.8215880
3.3273771
1.8979154
4.9891200
20.8450432
37.4931450
37.5738716
26.4188385
16.3916302
8.1493435
4.3768787
1.8904231
6.1929488
21.8157749
43.6917267
48.2560883
40.1559830
34.2131996
32.8065567
26.5451393
17.5813141
9.5560703
6.5276761
7.7181382
10.2932234
10.4555244
9.4211864
20.9209366
31.7117672
30.0912151
18.0903397
10.5967693
12.0451193
20.2302361
23.8653564
19.6667328
13.7873726
11.4240694
14.4888935
14.6493282
9.9872494
5.0341930
7.2909989
11.7066317
17.3702393
19.8731861
13.2208300
10.1924429
8.3206205
2.7312248
1.0128076
0.8502250
0.6164660
0.6642654
0.5225499
0.5059757
0.5463402
0.6664046
0.4768253
0.3281801
0.3194859
0.3893558
0.5643106
0.4697718
0.3806216
0.4426215
0.4769075
0.4361122
0.3960973
0.4623877
0.3921965
0.4451348
0.4784338
0.5316125
0.5306450
0.3728835
0.3653877
0.4232630
0.4487460
0.4665148
0.5160323
0.6012109
0.7210377
0.6016426
0.4270998
0.4297771
0.5934213
0.7544548
0.7337421
0.8170698
0.8978529
0.9822502
1.4164662
6.4622121
17.7573547
26.5927181
23.9423351
15.5038147
8.6097469
6.9984136
6.6478090
4.7002468
2.7375762
3.7096870
5.9272184
8.1996641
13.9672689
31.0586376
53.9031410
64.6379318
59.9963226
41.8312798
41.6327629
37.5792427
34.8737679
27.4159470
15.2238760
9.0918150
8.6991472
10.4911556
14.7762623
15.8361950
10.9585028
8.1611938
9.4536362
9.2686462
7.9586506
4.7980728
2.3271008
0.6328264
0.5823369
0.4566596
0.4726188
0.5098742
0.5142618
0.6200148
0.6180730
0.4967068
0.2766148
0.2383794
0.2976336
0.4048775
0.5530324
0.7611440
0.7523239
0.5433047
0.3312635
0.3446094
0.3854145
0.4662917
0.4419558
0.2996476
0.3126069
0.3784598
0.5275496
0.6214582
0.5326146
0.4632795
0.4408604
0.4475965
0.3285918
0.3937398
0.3547769
0.3441091
0.5441418
0.6283172
0.6921782
0.6303794
0.4540781
0.4308714
0.6143293
0.5309735
0.4605077
0.4582039
0.5458529
0.6203222
0.5646986
0.5403081
0.7173588
2.0937769
5.0995917
7.2230835
7.6085300
13.6680851
31.6651878
50.1303177
56.9847984
51.0600052
39.8914108
29.3979435
18.2724495
15.0415430
20.6527138
27.5285263
37.1746979
33.6860504
22.8134308
13.8608952
7.8279986
4.5521183
3.4414349
3.6134422
6.7847519
5.3168855
2.7739024
2.0107696
2.3634973
1.5681518
1.3477490
1.3136525
1.2276795
0.8843771
0.8298073
0.8159536
0.5098473
0.5840796
0.8270476
0.7610921
0.7193106
0.4815788
0.3298333
0.4654855
0.4619308
0.3648707
0.3628252
0.5586156
0.6760992
0.7800829
1.1113167
1.5880142
2.2348242
3.0748355
4.3339119
5.3811588
5.1242967
7.1057453
24.4795341
58.7933121
89.8740082
100.4876862
84.1718674
50.3573990
20.4242573
7.4494400
8.9501209
6.6587763
4.4130778
2.0575180
1.1533915
2.7769403
5.6824727
5.9975309
7.3952718
10.9417849
10.0458708
9.2448006
8.9372692
6.5127592
3.1566494
1.1674153
0.9410024
1.3617369
1.5701265
1.4769372
1.0546173
0.4230425
0.2987779
0.5842663
0.4986042
0.4330608
0.4017590
0.3157881
0.4231308
0.4697013
0.3932497
0.4584646
0.5237238
0.6720937
0.8502363
0.9468504
0.9804308
0.6452671
0.4976708
0.5410538
0.4606885
0.5066543
0.4852517
0.4444333
0.4362888
0.4918903
0.7616043
0.8998736
0.7050068
0.6047521
0.5089948
0.6053635
0.6164166
0.7236335
0.9142674
1.0646991
0.7974411
0.6673127
0.5612299
0.6505061
0.6076425
0.6391671
0.7104412
0.7893072
0.8345119
1.0029149
1.0854771
0.9641291
0.9596487
1.0608774
1.2684482
1.5517664
1.4833959
1.3787410
1.6009216
1.7428021
1.7318012
1.8047466
1.9396927
2.1354384
2.3944626
2.3760712
2.0919104
1.9807107
1.7312990
1.6890315
1.9533346
2.1610575
2.2370369
1.8807114
1.8249803
2.0251455
2.0991807
1.9853138
1.7793210
1.5568519
1.3521369
1.0619758
0.8281759
0.6748872
0.4722726
0.3928193
1.0913661
8.5961094
23.3290062
33.8874664
32.0922318
17.0315514
7.2301102
9.8892126
30.7857723
55.8316383
45.0530815
26.8335743
21.9337292
24.0392113
10.3817377
6.9997058
25.8385944
51.0613022
58.5711365
39.0376129
24.4486198
18.7160320
14.4166136
9.9975786
6.5052519
8.4305658
8.9601231
7.2611818
19.4557590
33.9929199
45.4927292
61.7673759
76.9943008
80.3370667
79.6995773
80.8360977
75.4746780
62.1389122
65.4692383
75.9263611
78.2235489
76.7832642
85.8065720
93.2831345
79.5154266
50.0160942
27.0380363
23.2298737
13.6538630
13.6670589
15.7438078
9.4459372
14.3617659
38.9671936
55.9259338
47.8391037
25.7641258
20.7163849
22.3640709
22.6447315
21.1810684
17.7937889
14.4405766
23.8606739
30.8876762
26.0642166
18.9861679
11.7566748
6.7500257
13.4307232
15.0915785
17.1240749
19.9094486
19.4724159
16.1432228
13.2783489
9.0247536
1.0945411
1.0603597
8.1155634
23.7463531
33.1513176
30.2447968
22.2981911
18.8048038
17.7021179
15.9893942
12.3393688
10.0069189
7.8976011
6.5595937
5.6227674
5.5141459
5.7128553
5.3989782
5.2334795
5.7083325
5.4463682
4.6901808
3.7219613
3.1631343
2.1598752
1.5134817
1.4773180
1.4818395
1.6349747
1.5496496
1.1461153
1.0406228
1.0129306
1.1516027
1.3093888
1.2910572
0.9084158
0.6581562
0.5457534
0.5043087
0.7429143
0.8838942
0.7866597
0.5520099
0.3430708
0.3930438
0.4593923
0.5009137
0.4870048
0.6355460
0.5137893
0.4040597
0.3801875
0.3447310
0.4741807
0.5234483
0.5382069
0.6038543
0.7413858
0.5598426
0.3627653
0.3441911
0.3134518
0.3412156
0.3803879
0.6111174
0.7434652
0.5300648
0.4268534
0.4198698
0.4574752
0.6882445
0.9467642
1.1736090
1.9093196
4.4371605
9.7180204
15.1012297
14.9284306
9.5913792
5.2768126
5.6391311
9.2039204
10.4246550
8.6753111
5.7903271
4.8276362
1.7039609
0.3592789
0.1970452
0.4009052
0.6093291
0.5849471
0.5754042
0.9145864
5.4021049
13.3631458
15.5111647
9.0844173
2.7730131
2.3362501
3.8655801
6.6258602
9.2950315
11.0341072
10.6773663
8.5789824
6.9109201
7.4750896
10.0428038
12.3874435
11.8078051
9.6000023
7.3316259
3.5954695
2.4518237
2.3387120
2.2857866
1.2442002
1.8885000
3.6379747
8.0618944
12.8383474
13.5907593
10.0737114
6.7607045
4.8063350
3.9172397
2.6484287
1.5809319
1.1210647
0.8988093
1.0474677
1.2233524
1.1325810
0.7577322
0.7224772
0.7984560
0.7129911
0.4755828
0.3962815
0.4765897
0.4927955
0.4392153
0.3640451
0.3680253
0.4172737
0.5442606
0.5414966
0.4149083
0.4044597
0.4418759
0.3724134
0.3259688
0.3409514
0.5052898
0.6115957
0.6383562
0.5542864
0.4968669
0.5482154
0.3822836
0.4520188
0.4651357
0.5933218
0.5778315
0.4616050
0.3552849
0.3878654
0.3317046
0.3309411
0.6071461
0.8040256
0.7948716
0.5437141
0.3389489
0.3795787
0.5330750
0.5936254
0.3685454
0.4153590
0.4826649
0.5639772
0.3091984
0.2333904
0.3259544
0.5319183
0.5258301
0.4474875
0.5183968
0.5969460
0.5498984
0.5231290
0.5691261
0.4654831
0.4190159
0.5750712
0.4342133
0.4473039
0.5429767
0.5776474
0.4921424
0.5025073
0.4977081
0.7672400
0.7517627
0.6213003
0.5203501
0.4695721
0.4864678
0.7011982
0.7878760
0.7142201
0.5666744
0.5815517
0.7938300
1.0728129
1.0488604
0.9250148
0.9296043
0.9604421
1.1259286
1.2569237
1.3488314
1.2793487
1.3205409
1.4560049
1.6506530
1.9599638
1.7940437
1.7171898
1.5892507
1.7198975
1.6381440
1.5482743
1.7168337
1.7923853
1.8883637
1.9182703
2.1908069
2.3033597
1.9569874
1.6049874
1.4888324
1.3241702
1.4394972
1.6551741
1.5330329
1.3738220
1.1080191
0.9997344
1.1227306
0.9697104
1.1063299
1.0152717
0.7714785
0.5923586
0.5114101
0.7397212
1.1134157
0.8380107
0.5029485
0.4797084
0.3546076
0.5074128
0.5166653
0.4792637
0.2619361
0.2727315
0.4243637
0.5039223
0.6363388
0.6644387
1.1239668
3.3397737
7.5467377
12.0540495
15.6346073
17.9679279
20.2716141
26.1215324
34.7131004
41.1278000
39.8018684
35.9931526
32.9970551
32.9435844
32.6293106
31.7989159
29.8842945
30.3547249
31.2717876
27.4015808
23.3691521
21.8431320
19.1346111
17.8492813
16.2750473
15.1270828
14.3128605
13.9193258
15.3893280
14.0580711
13.3931313
14.8583717
14.5893965
13.0196209
11.2943897
11.1974497
9.5130644
8.0955038
9.5387774
8.7209778
6.2822328
5.9021525
5.7883148
4.6816182
3.8151276
3.8786793
4.2018609
3.8279591
2.8425426
2.5570235
2.5835218
2.5182028
2.1802583
1.9198470
1.4654679
1.5271696
1.5423638
1.1993945
1.0942752
1.6210685
1.7408206
1.3378668
1.0270349
0.9158320
0.7919199
1.1643072
1.2216157
1.0827750
0.8306983
0.6770703
0.8151482
0.8088189
0.8204482
0.7570355
0.7944363
1.0826019
1.0379546
0.3688489
0.0384366
0.0031370
0.0002069
0.0000000
0.0000000
0.0000000
0.0000000
0.0000000
0.0000000
0.0000000
0.0000000
0.0000000
0.0000000
0.0000000
0.0000000
0.0000000
0.0000000
0.0000000
0.0000000
0.0000000
0.0000000
0.0000000
0.0000000
0.0000000
0.0000000
0.0000000
0.0000000
0.0000000
0.0000000
0.0000000
0.0000000
0.0000000
0.0000000
0.0000000
0.0000000
0.0000000
0.0000000
0.0000000
0.0000000
0.0000000
0.0000000
0.0000000
0.0000000
0.0000000
0.0000000
0.0000000
0.0000000
0.0000000
0.0000000
0.0000000
0.0000000
0.0000000
0.0000000
0.0000000
0.0000000
0.0000000
0.0000000
0.0000000
0.0000000
0.0000000
0.0000000
0.0000000
0.0000000
0.0000000
0.0000000
0.0000000
0.0000000
0.0000000
0.0000000
0.0000000
0.0000000
0.0000000
0.0000000
0.0000000
0.0000000
0.0000000
0.0000000
0.0000000
0.0000000
0.0000000
0.0000000
0.0000000
0.0000000
0.0000000
0.0000000
0.0000000
0.0000000
0.0000000
0.0000000
0.0000000
0.0000000
0.0000000
0.0000000
0.0000000
0.0000000
0.0000000
0.0000000
0.0000000
0.0000000
0.0000000
0.0000000
0.0000000
0.0000000
0.0000000
0.0000000
0.0000000
0.0000000
0.0000000
0.0000000
0.0000000
0.0000000
0.0000000
0.0000000
0.0000000
0.0000000
0.0000000
0.0000000
0.0000000
0.0000000
0.0000000
0.0000000
0.0000000
0.0000000
0.0000000
0.0000000
0.0000000
0.0000000
0.0000000
0.0000000
0.0000000
0.0000000
0.0000000
0.0000000
0.0000000
0.0000000
0.0000000
0.0000000
0.0000000
0.0000000
0.0000000
0.0000000
0.0000000
0.0000000
0.0000000
0.0000000
0.0000000
0.0000000
0.0000000
0.0000000
0.0000000
0.0000000
0.0000000
0.0000000
0.0000000
0.0000000
0.0000000
0.0000000
0.0000000
0.0000000
0.0000000
0.0000000
0.0000000
0.0000000
0.0000000
0.0000000
0.0000000
0.0000000
0.0000000
0.0000000
0.0000000
0.0000000
0.0000000
0.0000000
0.0000000
0.0000000
0.0000000
0.0000000
0.0000000
0.0000000
0.0000000
0.0000000
0.0000000
0.0000000
0.0000000
0.0000000
0.0000000
0.0000000
0.0000000
0.0000000
0.0000000
0.0000000
0.0000000
0.0000000
0.0000000
0.0000000
0.0000000
0.0000000
0.0000000
0.0000000
0.0000000
0.0000000
0.0000000
0.0000000
0.0000000
0.0000000
0.0000000
0.0000000
0.0000000
0.0000000
0.0000000
0.0000000
0.0000000
0.0000000
0.0000000
0.0000000
0.0000000
0.0000000
0.0000000
0.0000000
0.0000000
0.0000000
0.0000000
0.0000000
0.0000000
0.0000000
0.0000000
0.0000000
0.0000000
0.0000000
0.0000000
0.0000000
0.0000000
0.0000000
0.0000000
0.0000000
0.0000000
0.0000000
0.0000000
0.0000000
0.0000000
0.0000000
0.0000000
0.0000000
0.0000000
0.0000000
0.0000000
0.0000000
0.0000000
0.0000000
0.0000000
0.0000000
0.0000000
0.0000000
0.0000000
0.0000000
0.0000000
0.0000000
0.0000000
0.0000000
0.0000000
0.0000000
0.0000000
0.0000000
0.0000000
0.0000000
0.0000000
0.0000000
0.0000000
0.0000000
0.0000000
0.0000000
0.0000000
0.0000000
0.0000000
0.0000000
0.0000000
0.0000000
0.0000000
0.0000000
0.0000000
0.0000000
0.0000000
0.0000000
0.0000000
0.0000000
0.0000000
0.0000000
0.0000000
0.0000000
0.0000000
0.0000000
0.0000000
0.0000000
0.0000000
0.0000000
0.0000000
0.0000000
0.0000000
0.0000000
0.0000000
0.0000000
0.0000000
0.0000000
0.0000000
0.0000000
0.0000000
0.0000000
0.0000000
0.0000000
0.0000000
0.0000000
0.0000000
0.0240023
0.3644394
1.0461732
1.5380538
1.4667611
0.9492459
0.6196489
0.6560768
0.7978281
0.5620317
0.4580186
0.5397788
0.6321946
0.5426319
0.4634818
0.4700732
0.5303978
0.6611898
1.2890619
3.0812492
5.2346115
7.3435650
9.7540464
11.7004070
12.3868446
13.0795422
13.4511852
11.2401342
15.8973074
37.5879021
63.9494362
81.0522690
84.6700439
71.4416504
61.6776428
56.5372543
53.9185715
47.1055336
39.8080368
26.0592918
8.5868120
11.8613091
9.8189869
5.6462464
11.5947876
21.4311905
29.4171467
31.5997391
26.2448635
16.2000198
17.1611691
11.5107479
13.2736301
20.9853325
25.6014938
24.4318047
25.6477184
18.4641781
11.6619339
7.2007732
13.3093071
17.3940125
15.6888752
11.7353859
6.6829066
3.4588625
2.8915060
1.4340773
1.1153804
1.2564793
1.0938817
0.8804579
0.6322323
0.5883595
0.4427488
0.5859028
0.8832501
0.7288463
0.4140707
0.4185541
0.5744838
0.5187004
0.4118356
0.4438534
0.4794034
0.4936900
0.5422018
0.4452909
0.5215135
0.4730993
0.3406040
0.3195386
0.3377838
0.4360809
0.4648918
0.4925609
0.5405284
0.4956941
0.4150780
0.4323302
0.5521373
0.5922360
0.4961010
0.6859093
1.0275260
1.5997354
1.4018791
0.7046794
0.4825197
0.4291804
0.5025869
0.6643453
0.8330794
0.6633044
0.5638377
0.4815386
0.4230320
0.4721509
0.4518523
0.4467189
1.0511941
7.6137519
22.1180573
32.3773575
28.3984566
12.8249111
6.1128531
6.9820952
6.9332561
3.9266183
1.1391382
1.1551859
8.7991743
26.1148796
31.5036335
28.0128460
29.3090229
37.9068871
43.4368286
37.3404236
15.2254810
2.9030533
0.3272404
0.8937783
14.9252977
45.1437378
79.6167068
109.8227844
115.4315796
92.8803101
78.9240494
68.1007080
56.7848740
39.9155083
26.7861786
25.0721569
25.1516323
56.2541237
58.9278641
43.1520348
26.5836716
23.2051163
17.6057072
22.6065331
46.9783936
63.0664864
46.2573814
12.3257170
8.4856462
2.8129122
1.0849375
23.1422577
76.5533295
97.8136902
72.0850525
47.4764862
32.4240303
23.1219978
21.2217770
32.6017075
37.2989197
25.0671120
5.6918101
0.6840112
0.7521894
8.4834328
21.8929596
23.2848549
18.4798489
26.1582756
34.2870064
35.2001228
33.7133102
31.9143085
23.3434925
12.8150082
4.7845478
9.1253719
16.1071568
14.6117611
16.6230125
18.8614178
17.3024292
13.7602949
9.8399105
8.5787315
15.3925123
21.0950737
17.4581852
10.0704451
6.8504620
8.5057125
16.0237389
20.9630013
20.6476421
17.2260971
14.7700062
11.9877491
9.0603809
5.2002048
2.7923753
7.1829891
16.0675468
26.9558735
37.8951836
45.7631187
39.1130447
18.2965393
5.3008604
0.2927843
2.6195216
24.8521862
68.3017426
72.4520721
49.9806747
23.5108223
11.6549892
11.8646936
11.2288828
8.4190111
17.2186203
29.0388279
32.3464737
30.4729137
19.8067570
13.7011919
6.5286007
3.3627024
3.5763834
4.3570871
4.3191199
0.8550467
1.6233042
11.8035440
35.4216385
55.4611282
59.6101341
55.8686371
54.8246231
54.1665688
50.6276054
32.4183273
16.9650097
31.0530186
31.4229183
23.5811234
18.9065628
12.9459248
3.2469418
1.1199408
1.8615096
3.3947110
8.8871927
11.2855740
8.0385008
5.5800743
4.5643282
5.0727596
6.2393551
6.9251399
7.7609067
7.7440710
7.6447964
7.0514474
4.9876409
4.1465111
4.0039573
3.6276169
3.3824117
2.8371778
2.1545780
1.5070328
1.0641615
0.7365273
0.3876775
0.4402256
0.4451635
0.4578950
0.5000501
0.5235478
0.4273466
0.3525394
0.3982503
0.5544013
0.6104352
0.5628619
0.5702572
0.4138706
0.3592647
0.3843808
0.4420534
0.4333371
0.6861030
0.8034456
0.5634668
0.3875463
0.5832735
0.8269541
0.8278626
0.8738249
0.8193663
0.6741037
0.5309092
0.4590847
0.3452111
0.5287770
0.6123810
0.6065301
0.4774465
0.5486727
0.6469004
0.6950183
0.5660169
0.4917130
0.4204456
0.3708325
0.5346774
0.7566069
0.8347084
0.6244077
0.3115436
0.2649211
0.4662855
0.6295140
1.0744648
2.6191339
5.3588681
13.6575499
26.0007610
30.9009972
22.9432259
10.5514050
3.1984162
1.2165413
3.6865866
14.6868172
16.8656540
16.4177094
25.0993595
32.5123062
32.1803894
27.0396576
20.0280266
14.2131891
9.6868048
9.7393160
7.7638068
4.2369103
18.3020992
66.9948349
121.7629166
146.7248993
137.7244263
112.0268707
78.1743240
45.6330299
17.1281681
33.7258682
14.6610737
2.6951618
1.3103259
0.4996489
0.3736394
3.8292987
17.0641804
20.2188702
10.5241985
3.6761863
2.3352163
1.9584926
2.0798516
1.7472779
1.1133938
1.0854702
0.9486803
0.8570288
0.8478061
0.6035061
0.4327017
0.3034751
0.3337911
0.6803823
0.7545218
0.5339053
0.3753443
0.4488273
0.4416400
0.4031062
0.2861255
0.3075435
0.4688960
0.6244475
0.5885427
0.6040210
0.6269932
0.5074911
0.4386225
0.3406578
0.4587809
0.6103932
0.5259138
0.3591807
0.5714656
0.5501293
0.4056900
0.4366393
0.4390272
0.3738826
0.4550135
0.5313824
0.5547973
0.4440422
0.3969419
0.4909023
0.5110913
0.6083508
0.5327226
0.4028694
0.3020996
0.4736854
0.7124196
0.6361865
0.3909471
0.3815275
0.4026745
0.4406292
0.4482441
0.3827531
0.4323921
0.5645202
0.5356076
0.3765427
0.4504812
0.3912248
0.3987427
0.4100073
0.3989501
0.4225464
0.4767861
0.6515903
1.3051823
1.8805587
1.4102335
0.3334952
0.1833216
0.3547567
0.6638979
0.5657444
0.4614185
0.4427564
0.4649085
0.4975390
0.4967344
0.4104781
0.3453295
0.4294196
0.4622574
0.5013355
0.6295547
0.5417101
0.5346554
0.7953512
2.4811440
9.1280069
17.4963608
18.8267574
13.1819811
9.0674591
7.7801352
8.0205355
12.5323544
17.8389282
23.2629776
25.1161404
25.3520184
21.8035202
12.9093294
8.0285606
10.5774565
25.2353230
38.0312729
36.7116089
26.1325989
27.0384464
24.5691452
19.4134312
14.1688471
10.5564003
8.3288994
7.4699712
9.1696682
25.8245983
42.5832710
44.4829445
42.9997330
46.7201958
57.2832603
61.9959717
53.6929550
36.3382187
22.5375175
11.3059797
3.9297984
0.3744282
1.1895195
7.5227284
15.2191057
17.3813400
13.1906939
7.5744271
4.6205645
3.2562032
2.5518062
2.3666596
1.6344918
1.1016388
0.5932022
0.5325648
0.5970135
0.4237726
0.2492726
0.2122926
0.3271614
0.5063282
0.4626235
0.3769480
0.5162266
0.6609231
0.7010631
0.5804085
0.4326180
0.3936464
0.4833446
0.4328214
0.4778999
0.3715379
0.2915832
0.2934108
0.3092435
0.5133778
0.5798630
0.5522839
0.4821054
0.4599982
0.4434344
0.3908461
0.4916812
0.5614657
0.5309881
0.5413136
0.5571321
0.4141915
0.4721383
0.5065776
0.5021685
0.3507253
0.3176416
0.4079137
0.4442354
0.4929401
0.4488953
0.4037565
0.4600585
0.7936783
1.1086457
0.9796903
0.7572097
0.6108073
0.3617001
0.5535650
0.7794734
0.5923711
0.7694417
1.2468410
1.2198025
0.5457179
0.1860556
0.2356281
0.6779472
1.2293749
1.0976551
0.6192505
0.3644243
0.4183754
0.4509816
0.4577153
0.5493147
0.6205532
0.5463518
1.2379359
4.0880842
6.6426497
8.7020302
12.7170391
16.7085342
17.1911640
14.4037971
11.1548071
13.6745424
19.7359009
24.1633034
21.1015987
18.0657425
19.5299873
19.1093235
17.3375244
17.8149548
16.5126305
9.5173550
8.1033373
16.8422012
23.5907421
19.6142941
12.0380592
7.2973042
4.5681071
6.6979022
7.5459466
12.0703611
32.1445389
59.8237228
73.0775604
64.0418091
45.5650177
24.7213955
15.9699335
7.3385625
2.4033105
0.7618716
0.6492515
1.0175860
2.6995442
4.6508241
9.5876875
34.4565048
62.6713333
60.7857323
29.2426662
11.4719362
7.6362414
4.2554250
4.8269215
3.7095220
2.6085529
1.0441408
0.9844649
1.5123605
2.0644505
2.0412476
1.5740893
0.6960250
0.5014200
0.3948731
0.2663644
0.3100107
0.3246197
0.5070283
0.6476750
0.5302818
0.4767300
0.5519127
0.6622285
0.5337384
0.4648105
0.3205276
0.2991895
0.5054992
0.7420071
0.7365478
0.5034533
0.3963779
0.3842269
0.4925315
0.4410051
0.4010596
0.4336823
0.5793684
0.5402545
0.4253618
0.3934018
0.4549528
0.5281003
0.4304276
0.4280541
0.5008464
0.5352517
0.4445964
0.3942836
0.3880357
0.3622098
0.3807356
0.4992889
0.4933137
0.4704548
0.4555812
0.5108206
3.5739412
16.6260719
32.9477386
38.6476402
36.4850159
32.4239273
27.4073029
18.0264225
8.1221266
4.7376142
2.7211545
1.0191133
3.1335845
11.1492996
15.5440216
10.6729870
9.3250046
16.8245640
20.7438316
15.9600124
8.9108372
4.9462729
2.0916650
2.0485840
1.5952044
2.0283411
2.6361175
3.4666877
4.6807671
4.6022768
3.3474250
11.1084938
23.6491508
25.6383533
15.2208061
5.4891100
3.1416638
1.6544511
1.2468836
2.4225311
6.5082607
8.0924692
5.3867335
3.8515916
3.8242249
2.8519638
1.9082887
2.4562633
2.5849075
2.1180692
1.5255656
0.9455799
0.7742832
0.4186099
0.1997473
0.2794957
0.3963712
0.4337555
0.4705490
0.5520614
0.5105728
0.4553864
0.4931716
0.4510644
0.4802092
0.7052345
0.8666893
0.7834095
0.5324026
0.5123377
0.4885119
0.6345584
0.5598481
0.6177087
0.7412484
0.8254259
1.4157500
1.5259535
0.9660929
0.6670698
0.7446011
0.9479149
0.8733351
0.6972679
0.7189142
0.9931962
0.9281017
0.9847682
1.2306972
1.2891982
1.4402072
1.6374085
1.3827411
1.0817862
0.9765439
1.1783785
1.6648928
1.6822926
1.3517848
1.6972827
1.9322240
2.0581553
1.8902414
1.6735399
1.4218805
1.5186993
1.3701224
0.9406514
7.3190422
42.2027512
94.9948425
132.2872925
132.6080322
103.2934799
64.7176743
30.7067547
22.9507027
11.6703281
1.5095053
0.2652076
0.3972377
3.5305707
9.1435242
17.7718201
61.8330765
125.4678345
147.5194550
121.7327271
110.1649323
99.9140472
78.3115234
53.7542725
38.2082520
53.8521271
56.6982765
56.9003181
46.2235870
24.7169476
3.4975781
0.2436903
3.0515480
22.3625889
74.3988876
88.4176407
72.2876511
44.4803352
20.3223381
9.9978714
3.5643251
1.9913291
14.1096926
30.9157104
35.5586700
37.0224304
45.6698647
47.8325081
37.4529381
23.0911102
12.1170521
4.8611116
10.3478041
17.4799500
8.7867393
19.1093254
83.5117264
169.5217133
210.1154022
170.6112671
122.2108459
80.8707199
48.6976624
37.0261955
90.4161148
94.3750534
76.9997406
48.9972610
21.4098969
8.2174540
1.3003911
1.7602756
6.7436905
18.0303574
17.9394646
7.4380565
3.6634810
2.8685787
3.1739616
3.5057628
2.6231563
2.3273067
2.1197302
1.6396109
1.1128850
0.9935420
1.1281904
0.8933299
0.8275743
0.7674985
0.6022531
0.4819016
0.4434164
0.3789219
0.4342438
0.3422168
0.4005814
0.5032063
1.0498580
2.4732137
3.0645912
1.8716263
0.5762453
0.5020213
0.6911337
5.1155543
21.1150227
39.3880463
40.2221375
22.3880043
4.0648928
1.0565745
0.5214760
0.4996418
0.2796293
0.3701554
1.1569016
4.7641759
9.1163464
8.8501625
4.9551239
15.3558245
51.2696075
105.5723114
148.9414978
143.0599823
90.0894318
48.3717918
11.1249895
12.3369207
2.4670186
0.2476979
4.6748347
32.7607269
80.5393066
80.6299591
55.0536728
29.8058033
20.4390297
16.8706932
11.5822086
8.4434576
7.2238503
13.4910088
39.8498764
72.4814148
76.2264252
55.3504639
41.3811340
27.5740166
11.7295113
6.5478640
6.9331074
7.0871387
7.2710896
13.9891434
30.2035275
49.2710495
70.4395905
80.5143967
73.8837204
57.6775703
37.1739426
19.4918308
12.6406021
14.7244854
15.7377157
8.7941799
7.2036686
9.4402285
8.7338400
7.0817256
4.6143022
4.6013360
8.0118990
12.3353519
13.5675087
10.8755217
7.6637888
5.8459558
4.9383426
3.7983484
3.7605836
4.1727786
3.9788728
3.2724400
2.5165563
1.8419088
0.8977899
0.5473835
0.3761827
0.2853607
0.2507039
0.3084757
0.4686298
0.4783782
0.4577289
0.4584581
0.4779898
0.4265607
0.4466286
0.5724389
0.6430156
0.5996762
0.6375207
0.6847438
0.6174097
0.4760129
0.4037650
0.5971636
0.7425020
0.5246466
0.4799624
0.4711159
0.4163647
0.3775306
0.4358771
0.4956873
0.4897854
0.4131649
0.3730479
0.3652329
0.4083319
0.3964410
0.4110157
0.5411748
0.7423329
6.0792570
27.7184944
51.9926910
52.2047501
27.3420906
10.4564400
5.7506528
3.7327986
5.8819079
24.1791534
51.4688301
53.1435814
37.8385696
26.8041344
17.8675556
16.6532631
10.5991611
4.6793175
3.9917438
5.3651175
15.0411406
45.8514099
73.6296539
83.8543549
77.2948532
61.9374809
42.8916168
26.4638119
22.9221745
25.5526657
20.0882587
10.1630669
4.1800442
7.2248492
14.7154913
17.5422649
14.2174053
15.7507629
25.3042965
28.8938751
17.5697441
10.2994366
19.1254787
25.9289017
20.2945137
8.5190029
6.4752197
8.8025484
16.4587917
20.0474873
18.0778656
19.3650665
14.2478027
6.0889931
1.7901018
1.2470255
6.4571815
20.2677078
35.0735435
38.3753281
26.9815369
15.3273020
9.6769896
7.0478129
3.2311330
2.8947415
7.2934451
8.7429295
6.5362644
4.3981256
3.1745715
1.9655561
1.9888893
3.8772151
2.7504299
0.6387876
0.4291407
0.4286376
0.4199253
0.2975218
0.3324321
0.3182837
0.3465513
0.6026978
0.7503858
0.6180009
0.4081258
0.3425943
0.3103369
0.3826972
0.5220774
0.5424755
0.6022972
0.4760084
0.3461197
0.3615146
0.4782794
0.6763874
0.6105355
0.3221044
0.3061816
0.3418427
0.3854289
0.3337274
0.3419050
0.4587687
0.5981235
0.5997579
0.4673887
0.4056445
0.6197069
0.5643240
0.3408113
0.3216994
0.3663467
0.3925235
0.3210007
0.3714091
0.4169209
0.4297627
0.3349292
0.3091288
0.4110448
0.4665883
0.4311119
0.4040151
0.3485674
0.4604648
0.4633742
0.4491919
0.4891806
0.4484537
0.3846909
0.4092322
0.4765393
0.5279181
0.5748211
0.7490706
0.6154947
0.4232434
0.4525356
0.5325319
0.5671903
0.5910340
7.4718499
26.4612198
47.1382713
51.8172302
35.2423286
17.3706722
9.1192331
6.7916985
20.5119877
72.3781815
103.0795441
81.1377563
42.1111603
23.1784096
20.7138596
10.6630306
9.0898638
10.2142401
11.1070938
19.0641289
43.2076035
65.8090134
73.9168472
61.1935349
32.0805473
19.1474323
25.2173042
27.5281639
25.2761097
12.8011017
3.3514256
0.4047273
0.4646143
16.7803650
47.8304787
55.7667389
32.9731178
11.2406349
7.7111425
7.2095928
5.6582723
6.0017285
10.3182287
9.5851097
5.7335806
2.8409641
2.4225488
6.9896140
13.0456161
12.8418293
7.8680291
8.1153240
11.1772041
13.9027424
10.6012688
10.1379662
11.2650166
10.7627087
6.6917005
1.7773080
0.3560494
0.3147317
4.8223920
15.5625944
28.7167301
38.4831543
35.0495148
21.3503380
11.3885031
5.2794137
3.9974072
4.8558784
8.2071218
9.1821108
7.9412842
7.9192343
12.9013147
10.9137754
5.8902473
4.0758214
2.5618250
2.5867140
1.5294901
1.9647740
3.4689732
3.5273175
2.4650028
2.1814973
1.2575898
0.6351958
0.6097530
0.5116080
0.4205107
0.5293037
0.8201733
1.0261199
0.5934776
0.3975834
0.5211129
0.5396056
0.3839253
0.4267381
0.4854089
0.5843788
0.5379990
0.6679850
0.7639739
0.7157835
0.6202808
0.5570861
0.5622076
0.6140418
0.7556453
0.7938644
0.8865991
0.8485930
0.6208187
0.4234578
0.3915419
0.3802845
0.4189068
0.4361620
0.4837319
0.4396765
0.4392148
0.4480848
0.5160393
0.5682377
0.4149978
0.4571308
0.4915956
0.5099462
0.4780978
0.4902764
0.4820113
0.4523336
0.6104108
0.6667640
0.6034026
0.4680019
0.5415083
0.8895175
3.3018475
11.0267305
20.6789055
34.3911705
60.4015427
80.1321716
73.1476669
49.7373238
31.9226456
23.2986145
15.0691433
3.9365859
0.2171587
0.2267617
4.9193068
24.8866997
55.8311615
82.5094604
81.3132706
51.2478638
34.9207916
47.1475563
67.6965561
91.8827820
100.2636795
76.1483307
42.8630981
17.5632553
21.4759274
11.2998314
8.0351191
19.5037346
25.7611580
19.8957024
19.1010780
23.9199924
40.3829269
44.8887711
41.7739067
48.6321411
55.8682861
51.1048431
36.4915237
21.2373772
12.4927692
7.6563869
6.2285938
5.4484258
15.2137079
30.3162422
58.0591545
70.9486389
52.1860275
27.5781803
9.5983458
6.9491253
13.6814804
16.5734005
20.4571247
33.5177116
41.3282089
29.9615269
23.8189049
17.9551392
14.1406908
11.6612864
4.9575558
1.5210948
0.3651656
0.3171542
5.1289096
23.6149940
58.7617912
88.6369400
90.9671707
70.0278244
52.7509079
49.5160255
67.1053619
74.4415741
58.4741325
50.9807968
55.6863022
63.7390976
56.8748131
41.8073158
35.6231232
19.7084846
10.3991184
10.9951668
20.4197845
33.8258553
25.7489319
14.1173191
8.4079876
7.0138674
5.5597010
18.3541279
61.2510414
80.4442749
60.4496307
35.4373131
19.3900814
19.3998833
16.8227348
10.0133104
4.3500538
0.9166311
2.2504203
11.3946733
19.9841423
26.5244999
34.6206818
39.5719719
39.8682823
41.1358566
51.1407242
55.5305405
66.6508408
91.4852753
107.9134445
100.5320206
77.8020477
45.9801941
20.1563797
13.9009428
14.4776344
15.2753134
9.6034746
7.7975845
25.1802177
43.5456390
42.6018333
25.6188431
29.6390991
46.3875084
56.0787621
58.4653931
49.0072784
39.2162018
21.3976593
5.8886228
8.3721581
10.5529289
9.3026285
11.9056749
15.8690882
20.8331566
23.8642960
22.6153507
18.8489838
16.4429264
18.4996243
20.6264362
21.6862602
16.5698452
9.2840004
6.7119913
4.8890252
3.4453304
2.9239151
0.9740130
2.2793982
4.1501069
2.5539374
0.6035168
0.3170024
0.2790596
0.3090726
0.5465638
0.4754546
0.2840947
0.3311390
0.6015048
0.8834207
0.6699338
0.5175471
0.5448065
0.5462548
0.4310866
0.4091268
0.5426356
0.6451495
0.7478421
0.6934418
0.4767181
0.4489834
0.3951266
0.3635052
0.4957814
0.6007140
0.5732834
0.3754811
0.3461458
0.4440283
2.0521851
12.5026350
35.6076965
56.0180168
54.3464622
34.1580391
18.9694977
9.5397835
4.9649687
11.1022320
15.0141783
14.9373283
13.6825724
12.7680826
17.6126461
20.2377396
16.1269970
9.7459431
3.3070199
0.5605225
1.0854950
9.1237097
35.7733459
62.6234779
68.2249451
55.0109673
41.1097527
26.7727566
20.8779354
33.3504219
46.1930046
37.6557999
22.6467285
13.7392483
24.0190830
19.3261852
10.6747646
11.6726952
12.2258101
7.9536843
5.6870971
5.7007794
4.1543980
7.0926294
5.9394770
3.1682308
1.9754938
1.1116319
1.0377775
0.9695306
0.8975304
0.8166558
0.5437940
0.4273904
0.3560978
0.3275077
0.3396453
0.5890693
0.7565962
0.5834990
0.4316901
0.5059718
0.5488836
0.4358094
0.3763610
0.3328106
0.3253715
0.5954937
0.6978846
0.6397241
0.5929093
0.5390366
0.3634028
0.3107713
0.4128476
0.4514295
0.4537929
0.4601813
0.5278807
0.5547628
0.5339373
0.3862116
0.3249568
0.3172111
0.4863787
0.9091409
0.7476718
0.4761940
0.3835741
0.5136698
0.6279757
0.5739028
0.5145198
0.3477169
0.3132307
0.5595266
0.5302789
0.4317585
0.3933049
0.4478363
0.5229278
0.5297540
0.4995496
0.4025376
0.3206517
0.3221257
0.3916543
0.5400946
0.7079896
0.8410777
0.5980065
0.3589544
0.3536293
0.4867557
0.4905970
0.4249618
0.4556169
0.4644807
0.3740587
0.3849924
0.4078239
0.5105127
0.5184456
0.5643262
0.5003124
0.4185007
0.3378626
0.4077941
0.3028511
0.3604956
0.3743897
0.4153214
0.5176405
0.7145028
0.7218795
0.5388585
0.5533453
0.6635752
0.6152112
0.5070741
0.4427237
0.5703005
1.5764692
4.0262413
10.3217630
22.4301987
32.2176323
30.4716816
21.7361927
18.8009071
23.0238609
25.8932858
32.0892067
37.1646271
33.5925865
18.1891422
10.6679611
29.5497417
53.7344322
50.3227882
32.5245819
20.7650089
14.8491039
14.3443127
19.9207249
14.4657593
7.2991366
22.7826366
56.6203995
72.0334091
49.2448082
22.5166988
11.4201174
11.2188158
12.6669846
12.7253809
13.8276644
14.0037498
11.8420601
8.5405312
7.7854333
9.0501909
9.0885410
10.1564112
11.5543861
11.1536255
9.4152136
19.3351116
43.4406281
66.9796906
77.9045944
75.2802658
69.0174026
55.9017372
49.0003853
59.4590912
84.3213806
96.5998306
79.9895325
59.4254913
47.1256676
53.8502464
44.6968384
21.3576069
10.3756571
13.2449379
45.7592735
52.6466064
38.2781982
34.2977448
30.1381912
15.9502831
11.0606346
9.9987268
12.1539402
14.6592255
11.1491566
4.6614695
1.1225371
0.2321663
0.2870496
0.4546271
0.4753716
0.3744304
2.3277223
19.2671432
55.1662865
88.0578842
103.2218704
109.4674377
92.8859024
77.4516754
76.9222641
121.6624146
131.2479095
106.3327026
88.2403717
67.1223145
41.2218552
21.2822075
8.1659212
2.5618560
0.6303177
0.6657661
1.4347162
4.8472428
10.1700897
13.7547665
14.3314362
10.3373337
4.6744747
1.9380529
1.4709275
0.9518440
0.7147787
0.4492376
0.5485564
0.2436427
0.2116749
0.2798774
0.6209469
0.9564568
0.7790059
0.5306573
0.4297833
0.6178581
0.7311146
0.7913643
0.9187361
1.1434348
1.2716941
1.4255095
1.3416319
1.0203677
0.6387608
0.5866830
0.6121593
0.4413064
0.4575107
0.4888617
0.3922805
0.3268645
0.3667365
0.4392426
0.4864461
0.4088649
0.4082114
0.6227483
1.5232080
4.1571074
9.2609692
19.5582447
29.9576302
30.6046505
23.1136742
21.2199020
22.6882305
24.9219227
28.2474232
29.6521778
27.6793194
23.4885292
19.4576950
12.3958378
7.2850647
3.4661369
1.6995826
0.9333147
0.5903430
0.7329046
0.5577550
0.4216421
1.6515781
6.9130030
14.5063782
21.5010414
23.2672119
16.1666279
8.2004147
7.3541908
12.6853886
15.6977062
12.8955259
12.7343483
16.7174625
20.6570606
20.3594189
17.2937012
13.9866581
14.6107330
16.3852844
16.3092461
17.5416298
20.9105625
17.8098488
14.5062103
14.8168564
13.8005209
12.3937874
10.7765284
9.1256838
7.0520997
4.6471043
2.3590689
9.1203709
20.7083626
30.5291252
40.6290054
44.4509468
46.9777603
38.7282257
32.9351540
28.8597240
24.3285904
23.6515636
29.1355057
31.9630203
29.7580109
29.7265587
29.4493027
23.3558693
19.3652306
19.3453236
18.9381199
16.9733372
9.5493689
2.3471231
0.4685776
0.8208087
5.4626637
13.6710453
11.0535326
4.9583673
2.6387856
1.5733680
1.2418513
1.1174986
0.8474511
0.5027308
0.4107589
0.3246365
0.4101430
0.6983922
0.5921989
0.4009031
0.4307125
0.4536411
0.6566353
0.7929828
0.7257373
0.3746022
0.3146238
0.3260474
0.3269978
0.3344163
0.3095416
0.3962292
0.4817467
0.5298162
0.6465746
0.5621829
0.5540879
0.5781044
0.4964811
0.4259858
0.4048457
0.8199887
1.2479088
1.7450597
2.2494369
2.7155137
2.7831862
2.4348385
1.8417852
1.0888864
0.8143231
1.1192600
2.2504179
3.6613612
3.3577631
1.6660030
0.8630431
0.5536553
0.5267208
0.5795802
2.1045456
4.2719908
4.7439437
3.1533506
1.2359149
0.7539452
2.1477823
5.9832754
7.6792598
4.6825433
1.4294832
0.6554555
0.3531230
0.3116401
0.4246182
0.4088141
0.4765892
0.5479115
0.5384959
0.3782908
0.3060926
0.2960111
0.4569080
0.6227577
0.5146245
0.4464771
0.4768602
0.6996962
0.8458691
0.6142387
0.7819061
1.8391178
4.9641600
8.9928780
8.3803635
2.4612670
0.1186863
0.1420120
0.2751757
12.3364697
58.8146667
121.8417664
163.5555878
154.0403748
111.3218002
45.0938263
3.7714252
0.8964148
3.6704938
21.8262730
34.5001907
25.2909088
15.4441347
15.0590239
31.0734901
27.5418777
21.2740650
54.4861984
111.2989731
143.1327209
108.3573532
57.2624779
38.6448441
25.2491741
41.1062889
55.3841591
37.9118004
14.6459150
6.1782660
1.7754087
0.5737270
0.1785730
0.2509608
0.3773893
0.4602669
0.4035323
0.3239965
0.3100363
0.4438183
0.5082058
0.5718746
0.5549621
0.4968395
2.2881684
10.4499235
24.0643768
42.8831596
64.8973770
77.9476395
65.0377808
34.5324364
20.3816147
13.0647774
9.7698174
12.3083220
22.3871689
35.8254547
43.3219719
36.8052139
24.4506912
18.6042118
43.4730225
103.6936111
133.9167328
114.7025070
66.7066498
25.4960098
3.7826786
1.8707509
11.6462336
39.7354736
77.0156250
99.3678818
95.1559753
68.6380844
33.3810043
50.1601143
32.8787270
17.0064030
4.8546972
2.8264968
13.4152050
34.6852837
47.6953964
43.3312454
31.3662186
31.7509518
49.0554047
46.5960007
29.3497753
15.4455433
4.0154524
0.7992722
0.2608241
0.3908196
0.4040529
0.3583809
0.3458149
0.4151589
0.5231558
0.4791343
0.4903086
0.5190393
0.4642937
0.4755955
0.4911337
0.5216932
0.5855403
0.5815749
0.4085125
0.4128852
0.3899438
0.4078604
0.4383435
0.3967638
0.2909604
0.3876877
0.4636199
0.6576704
0.6588609
0.4576674
0.3117042
0.3495277
0.5104544
0.4866716
0.5054762
0.3419897
0.4029010
0.4277220
0.4332387
0.5213831
0.5698780
0.4941846
0.4617614
0.4967827
0.7582722
0.7014906
0.5869343
0.6433372
1.0124211
1.1672522
1.1727113
1.0118753
0.9026501
0.5242665
0.4733106
0.7075095
0.9627740
1.2296406
1.0146761
0.8647473
0.7747933
0.7354069
1.0256362
1.3787643
1.6572537
1.5090957
0.8914255
7.1799607
22.4579582
32.8405876
26.4100780
9.0568800
0.9705248
0.5376382
0.5430377
0.4890982
0.8072509
0.4512252
0.4368393
2.2769980
23.2446976
54.7663116
59.6067047
27.4065838
0.5634202
0.2112269
0.1608047
0.2820760
0.3383431
0.4760857
0.3146400
0.3714560
0.3813810
0.5080751
0.8178757
0.8759173
0.7608625
0.4389790
0.4165780
0.3444297
0.4337338
0.5513194
0.5084789
0.4706011
0.4830427
0.4273066
0.3682035
0.4188320
0.4477274
0.5669050
0.7880377
0.8617746
0.7242339
0.5985299
0.5941544
0.4526505
0.4261606
1.0519601
2.2768044
3.4363289
3.4560797
2.5596137
2.7402008
4.1882882
6.1221633
7.6532192
10.2715588
11.8634510
9.5027456
4.3082108
1.8511882
0.8405526
0.4415988
0.4991869
1.0021169
1.7107203
3.5247521
17.5090523
36.2935638
41.3456726
40.7471657
54.9873009
71.0047455
62.5024414
33.7142410
15.7771397
6.3613424
3.1689239
2.5412145
1.2311504
5.9869452
24.5618534
37.6122055
33.4161339
22.9607925
14.1947880
10.4087229
9.5394764
11.5689230
17.4890366
23.9818649
27.5898743
27.7827644
24.5653553
19.7251644
10.9553919
8.5247374
17.7656078
30.6509266
32.6373558
19.9168797
7.8977809
2.0297968
0.6207791
0.3719409
0.2735896
0.2536711
0.3976498
0.8421769
0.8551999
0.5519838
0.4003866
0.6262110
0.6604592
0.6774765
0.8251315
0.8948228
0.6674168
0.4426937
0.3421718
0.2950951
0.3482566
0.4428784
0.6378641
0.6241409
0.4914196
0.4848850
0.4755831
0.5096693
0.4681852
0.4560676
0.3298355
0.4081190
0.4492784
0.5814471
0.7522287
0.5650686
0.4348408
0.4992205
0.5531226
0.5019915
0.4365966
0.5757499
0.6117501
0.5742773
0.7257914
0.7122940
0.4981219
0.3720317
0.5154623
1.9778059
4.5980639
6.2382188
6.0292130
6.0804930
6.9811287
8.2502213
9.0407200
7.7870488
5.5610275
3.6198373
2.6683514
1.6858034
1.3089269
0.9255865
0.7028236
0.4674665
0.5394485
0.5270306
0.4410558
0.4894753
0.5874453
0.6054504
0.5614395
0.6047852
0.7099320
0.6765244
0.4531683
0.3429298
0.3966288
0.4003479
0.4679076
0.6421083
0.9267367
1.0046576
0.9684281
0.9286185
0.8918734
0.8648326
0.8692912
0.5331954
0.3130010
0.2653716
0.3118999
1.1719068
3.2230031
5.7735476
8.7990255
16.4281731
57.2825050
130.3201752
181.2063599
161.6301422
96.5303116
67.4141922
43.7329674
16.0460777
9.0001993
14.0776291
14.9033117
9.1468906
3.1743364
0.9394133
1.0063176
22.1636314
67.1678619
96.2944031
90.5426483
66.8992767
63.6837997
63.9788628
57.0461693
41.7897720
37.0874977
19.8349667
1.1238104
0.3975368
0.4269481
0.3662131
0.3699881
0.2843472
0.5778774
0.5559904
0.3321782
0.3544524
0.6134332
0.6560564
0.5569672
0.5212358
0.5004864
0.5788113
0.4369908
0.4727809
0.5110767
0.4781466
0.4402360
0.3511235
0.3485547
0.3704509
0.4241697
0.4781687
0.4745979
0.4587578
0.5190980
0.6884615
0.6444560
0.4756902
0.4165421
0.4347579
0.4479123
0.5421273
0.5259725
0.9353483
8.1947012
29.2933331
56.2277985
66.0915985
48.9083290
27.6073647
17.8624535
22.4656277
35.1975365
28.9702454
12.1382465
4.5578079
3.6711938
4.7602401
35.0748901
94.3849945
119.4782944
82.4552917
40.2673225
21.9509640
30.5032520
78.2868881
72.2077179
29.1461830
13.5055923
10.1081543
10.5965443
6.7149911
3.5793178
1.4863054
0.3860558
0.1012775
0.1434530
0.3867894
2.6301498
10.6267862
42.6179771
98.7433701
140.1716309
137.6141968
93.5021973
36.8172035
7.0756083
0.8138418
1.0454875
1.9531088
28.1111450
110.3667450
152.9616394
120.4309464
57.7861862
23.9660664
20.6153603
65.1070633
73.4542313
50.4038277
26.4705620
54.6193237
55.3373756
53.0482025
55.0446968
38.8292198
39.3586731
63.8200989
81.7615662
78.5369568
48.2899399
14.8139763
7.6933765
12.3949661
17.5110455
14.5510044
4.4425993
0.6043047
0.4590012
0.3888431
8.9531488
37.4029846
62.3759079
70.5308456
57.9025154
40.6105576
34.0591736
25.4853687
29.1882496
32.8028946
29.2421360
25.5913143
30.2219353
40.3185272
39.0865135
31.5069561
27.0320606
20.5889683
23.9280491
47.8429794
68.4147491
61.6069069
37.8279305
37.0248756
45.2094078
46.2305832
37.7205505
27.7775364
25.5365067
31.3644619
42.5789261
49.5489426
41.5046768
19.5816956
7.5545931
2.5653315
1.5207654
1.9037927
1.6311193
0.4056228
0.1745505
0.2068293
0.2806285
0.5953737
6.3205872
17.2469368
20.8760624
10.9200010
0.3592333
0.1924314
0.1237745
0.1347335
0.2942723
0.4525462
0.3896562
0.3662759
0.4602814
0.5391005
0.5442854
0.5610652
0.4673055
0.5643597
0.4663088
0.5215454
0.6286533
0.4958223
0.4539924
0.4377111
0.4082958
0.4723813
0.6118211
0.4960670
0.4526103
0.5677286
0.5409125
0.5078433
0.5560659
0.4622246
0.4472823
0.5868854
0.6634758
0.4682846
0.4001448
0.4025792
0.6276042
0.4002122
0.3165047
0.4335864
0.4820302
0.5471544
1.3292191
2.6212523
2.5802634
0.9837523
0.3698326
0.8408585
1.2000726
2.6774054
4.4177389
5.3795233
11.0011215
20.9142227
27.7111320
28.6248703
27.5635452
25.8647327
26.8638954
29.5780830
30.7200966
22.3002300
9.3367786
2.5478930
1.3974091
1.3116986
0.6626946
0.1014536
0.2418418
0.2902113
0.3173635
0.4726315
1.3048993
11.3641233
34.1145134
53.7897720
53.4092369
42.1285286
43.4683838
51.8018494
42.0302544
14.1648254
3.5374818
3.6482646
28.5383873
86.7672119
95.0428619
68.8260803
42.3306313
23.1375198
19.7281399
34.7405701
50.1724167
51.9550018
45.3408394
37.3940086
24.9269695
9.0444260
3.6482785
2.3313456
1.3262610
9.3881226
24.5171509
26.3115311
19.7480049
15.8689804
12.6760292
5.6900649
4.4223647
23.1782684
86.2599411
165.7188110
193.4443054
138.2660370
56.9625130
6.1352577
3.4862032
6.7600102
7.0336905
6.6830649
6.0085802
4.6294923
2.1682484
0.9676257
0.6202033
0.4349563
1.0680544
15.2710285
43.0413055
71.5351105
83.6198959
77.4290390
57.0957069
34.6358070
19.5161095
16.0039730
14.8319759
11.4368744
6.2681465
2.1714108
0.6400473
0.3139110
2.7481275
16.2308311
28.3611145
24.9496365
11.9462891
6.1293192
3.3812819
8.0595789
24.6644020
32.4477386
21.2723351
43.0340462
107.8012314
137.8480835
100.2453079
55.0834465
64.1675949
85.8880615
52.9923477
5.1448879
0.4639002
0.1271309
0.6220940
12.1682453
89.1519775
163.7143250
157.1168671
71.9928818
20.2959213
14.9219055
35.1995888
38.4047241
24.6414433
7.1100059
38.9876785
50.7783165
63.8064880
101.8982239
105.4807892
86.4924927
48.1748505
20.0844898
3.9681945
0.6326801
0.3798441
0.1682899
0.3143205
0.4476849
0.6398395
0.7285001
0.6120129
0.4875199
0.6053997
0.5082304
0.4347018
0.5001743
0.5271708
0.4117272
0.4648360
0.6269954
2.8301284
6.6024685
6.8510809
2.5297804
5.6267967
35.0473137
79.6376419
100.1506653
86.4742584
54.3571510
20.6610260
9.7059288
1.7835648
2.8783767
4.5521336
12.7063799
48.3438187
68.7092514
72.3450241
70.4252548
69.5229263
52.6906357
31.5141411
23.1203823
42.1456795
72.2359085
93.7810669
88.7090836
59.6557159
34.0325203
12.6632957
2.9617960
0.3991805
0.2202640
0.1545231
0.2106237
0.2768160
0.5449820
0.5947014
0.5527838
0.5151615
0.5255057
0.4242194
0.5444436
0.6347539
0.6802815
1.1162888
1.7748077
1.8858205
5.1707344
18.1016655
35.6225357
47.5719719
49.1360321
40.1534920
22.4592533
8.4698515
3.6291275
12.1361609
65.3710251
116.5282440
110.5926056
92.8526840
88.5140076
86.4848175
69.0694427
41.2030907
14.7983208
4.7335811
2.7515583
4.7377100
16.5764503
29.6497307
26.6081810
22.4335251
20.7792587
26.8937950
37.1063919
40.0832634
25.3387623
8.8296070
1.2565594
0.5167237
0.4212809
0.8070338
1.1072344
1.3725899
3.8864875
7.6241779
8.3235588
5.1673994
1.9600446
6.8680110
27.2481766
60.4595184
103.2934570
144.1104736
156.2535858
129.7882080
88.3514404
51.7628708
27.5736923
11.0027294
2.2150059
2.0974629
5.9406343
15.2528582
16.4845543
12.4341936
18.5180092
21.3755798
12.9928894
1.2921400
0.3783226
0.4209926
0.6828352
0.9916144
1.8193765
5.3545241
11.0435543
17.3488541
26.9114113
37.7782936
49.8639679
68.6414185
82.6225739
89.4437332
80.9123459
50.7668839
10.4513617
1.5466895
1.1972177
5.0180063
26.0195789
70.4390564
105.9019623
94.7766342
50.0423431
27.1438160
39.9341545
97.4969101
151.3111115
149.2356262
86.1202621
21.0872059
9.1179724
2.3686440
0.6634587
0.3757625
0.2910396
0.2573481
0.4664216
0.5980608
0.5478376
0.5510659
0.5263262
0.6126113
0.6068231
0.5298707
2.3780603
33.7024078
122.9556274
276.4024048
432.7722473
453.0691528
292.3550110
193.1093597
146.2091064
98.5328445
38.2483292
115.5861969
106.0821152
74.8242722
45.9139786
50.2021523
129.4946594
123.8494339
100.5872269
70.1591949
27.6342754
34.2536125
44.9690399
30.0323162
60.1179810
93.3095856
119.8233490
136.9629211
132.9807281
106.5288010
65.9812698
44.9851379
24.6981850
15.0379906
9.0011587
3.4101560
2.5557566
2.4031825
2.0126719
1.0936415
7.8557906
22.9488678
28.8065243
17.1932335
4.4313436
4.1609364
2.6893787
0.7361854
0.3878996
0.1399083
1.1148443
3.8141391
2.5875976
1.1417859
1.1436960
1.0199316
0.8333024
0.5026200
0.4072767
0.3571045
0.2800050
0.3618143
0.4488757
0.5145060
0.5741932
0.6238514
0.6636607
0.7413183
0.8217415
0.6920345
0.4742856
0.4255956
0.5082641
0.6347451
0.3965531
0.5303153
1.1394105
1.6806754
13.5157871
74.9035950
215.0006409
356.6334839
370.3168945
264.1544189
167.5316772
122.5901337
85.0122833
60.9103966
42.3843460
37.1522751
27.4028816
17.8496361
16.0368595
14.0449276
25.2286224
47.5660934
52.6454964
29.4736404
4.6871858
0.3674839
0.4488949
0.4109136
0.3609436
0.4231701
0.3206377
0.2900417
0.4413267
0.6757333
4.4257898
16.5098495
40.6249428
64.1429825
66.1309509
44.7210770
22.4332428
7.4297991
3.1202078
1.1912124
0.6486587
7.0436106
42.7621994
80.9581223
68.4433441
21.7502308
39.7627640
95.3809814
126.0259476
81.3387527
23.2711143
23.7027016
41.6639595
38.1049232
13.0499191
4.3586817
1.1129943
0.3907018
0.4122443
0.6374178
0.7190725
0.6326177
0.4739227
0.6579522
3.3180940
7.4553752
9.9573250
15.5249910
26.8044872
40.6746445
76.8795853
134.7065582
149.5249023
118.9353180
95.2822647
104.3850632
117.8780823
102.5995026
84.7033234
64.0001297
49.2199440
27.3287868
10.7871485
7.9228239
21.2855110
86.8155365
140.9174347
134.1037750
94.6505051
88.2022476
81.7871399
47.7564430
10.2652407
14.3470478
37.2287140
71.2615280
47.1900291
21.7075577
8.5425167
3.0922937
2.2609222
1.5831972
2.5936425
3.0675476
6.5790200
20.6727657
44.2024460
69.7583084
85.2679291
82.8131027
58.9941673
48.5277023
42.6369858
33.8056908
24.1405220
14.3206749
46.5998077
67.5505524
50.9772148
33.0310249
23.0675488
12.9748068
13.9695415
15.0643930
17.3973598
26.7746372
26.1001225
21.0687008
9.0929642
0.2373204
0.2413053
0.2719825
0.4497218
0.5514936
0.5297652
0.4536662
0.4202912
0.4482287
0.4134125
0.3983009
0.6709635
8.1088600
38.5440445
110.7264709
187.3016510
204.5827789
149.8209076
106.5306091
79.2249527
52.7098694
43.9313126
41.4039230
37.5661469
21.1459675
14.9206905
30.1162624
27.4431858
55.6014137
70.4818039
63.2544556
54.5508652
46.1673393
37.9977264
28.1229229
17.5498123
6.8708811
11.0588942
18.2406979
21.3477898
29.5705967
49.5916748
73.6750565
93.2946548
87.2773056
53.9711304
25.1768570
13.0603094
7.9062662
4.7188873
1.2357510
1.1027279
0.4592668
0.4072441
3.0832443
9.6383133
11.2761135
4.6974277
0.1494810
0.0748843
0.1962892
0.2905993
0.3463524
0.3679249
0.3891155
0.6034282
0.5659047
0.4579687
0.4317838
0.3650503
0.3427460
0.3738469
0.4518473
0.4310287
0.3788469
0.4542916
0.5997010
0.7296687
0.6524032
0.5793846
0.4878955
0.3785988
0.3501446
2.0492771
9.2156067
16.8875923
15.9606895
9.2532244
11.6325684
26.0340538
72.4768829
166.9073334
263.5729370
292.0132141
243.8423004
176.1529694
111.9022980
115.3231964
74.3642578
48.0536232
38.5825462
55.8365250
73.3064346
67.8008423
44.3300934
24.6799679
7.0120826
1.9725934
1.0234234
0.5450419
0.6685639
1.4801259
1.2586074
0.5127383
0.5819048
4.6376066
18.8197060
33.3781281
39.4938507
35.7284203
24.5038471
12.1784124
4.6310430
1.5176353
0.3683051
0.3874145
1.2949610
3.0843728
2.5716248
1.1046884
0.4791265
0.1906874
0.2347673
0.9405848
8.3036041
21.5188866
32.1305695
36.7975540
35.7330017
31.3543167
26.3404160
17.5833626
9.2074738
3.7359557
1.3233532
0.7490356
1.7094778
9.6327677
16.7859707
13.9669905
7.2460065
4.3964729
2.7462239
1.5733600
1.1538630
0.8462675
0.7939202
0.5329190
0.5564862
0.4740022
0.4148445
0.4674646
0.5375839
0.6453447
0.7563369
0.5961112
0.4124567
0.5225855
0.7754563
0.7657663
0.6724759
0.6905512
0.9223202
0.7954160
0.4949838
0.6908469
2.7552485
7.5370502
11.9901524
11.5827084
5.6109309
1.6831915
1.2182306
1.9218309
6.4356503
12.6994276
13.0318222
8.0496902
6.1743217
5.2897792
7.9493680
7.8526754
3.6142721
0.5709084
1.7206315
8.7790508
18.0421925
25.8628464
37.2023697
42.9160614
34.5517807
18.3993797
8.3930998
4.1137667
1.5683250
2.5921426
12.3831282
23.1588840
21.2176151
10.6232014
1.3582591
1.1955367
0.6633101
0.3449912
0.4412179
0.7861332
0.9608115
0.9912924
0.9056721
0.6206123
0.5649439
0.5359724
0.4515755
0.4804659
0.5767526
0.7667925
0.6276314
0.5360534
0.6527381
1.3850764
2.3484440
3.0207098
2.8546460
2.1897690
1.3137730
0.5305715
0.6016319
0.5966393
0.5632270
0.3895268
0.3947200
0.6911911
1.6240124
1.8110174
1.0142474
0.3916299
0.2978194
0.3545530
0.4820292
0.4941226
0.5559254
0.5965358
0.4990400
0.4500684
0.5587892
0.7565097
0.6181715
0.4328224
0.4333409
0.9138326
1.2989894
0.9166293
0.5098865
0.5795283
0.7092775
0.5363855
0.5279867
0.8316674
0.8096696
0.4329507
0.3291998
0.2964995
0.4976921
0.4805002
0.6205905
1.3463165
1.9539372
1.5357587
0.5318638
0.2242772
0.4952167
5.5728011
54.7839432
145.9615479
197.5733337
160.4303894
86.0009537
36.9315643
24.9630032
20.5237122
17.5502625
13.1716671
13.4216709
8.3221598
3.5782156
1.8860297
3.6863699
23.9819984
55.2567062
66.5481567
57.5753174
38.1779671
20.6207848
8.8192568
2.6909604
1.0017517
0.5498656
2.6768591
12.6830273
23.7474937
29.9168587
32.4630928
31.2566376
27.4457226
24.0820885
22.6878204
20.3249512
16.9338665
16.2115707
11.4478760
7.6960616
6.6943069
7.9053602
9.0073709
8.4125967
7.2785482
6.3863544
6.5777454
8.0326357
10.9042320
12.9972382
9.7532463
4.1883311
0.9474143
0.6385267
0.4396504
0.3234199
0.3472362
0.4900290
0.5283756
0.4525258
0.3349848
0.3524393
0.3768528
0.4023270
0.4682417
0.5481512
0.4707882
0.3750461
0.4178931
0.6693025
0.6488429
0.5571758
0.6122944
0.5098728
0.2908075
0.2175213
0.3697112
0.5933509
0.6560777
0.5918012
0.5769799
0.4700148
0.3666454
0.3570687
0.3992863
0.4027579
0.4309092
0.6064268
3.3060765
12.2656689
27.7692032
50.3770447
71.0205231
71.4642792
50.8842468
24.7026062
11.6140356
4.9969859
1.4658822
0.5615237
0.2447570
0.1307753
0.2838165
0.5823063
0.6944746
0.5446138
0.5426403
1.3372976
2.1775117
2.0825949
1.1927282
0.5528684
0.4510372
0.3472667
0.3401342
0.3936361
0.4174792
0.4787830
0.4621404
0.4555838
0.4961269
0.5752788
0.6243668
0.5289534
0.4504208
0.3890350
0.5029970
0.5234223
0.6194192
0.5681123
0.4448650
0.4462459
0.4847829
0.6955125
0.7463564
0.6627575
0.5582873
0.5107250
1.1133684
1.6968925
1.2216520
0.4440937
