0.0000000
0.0000000
0.0000000
0.0000000
0.0000000
0.0000000
0.0000000
0.0000000
0.0000000
0.0000000
0.0000000
0.0000000
0.0000000
0.0000000
0.0000000
0.0000000
0.0000000
0.0000000
0.0000000
0.0000000
0.0000000
0.0000000
0.0000000
0.0000000
0.0000000
0.0000000
0.0000000
0.0000000
0.0000000
0.0000000
0.0000000
0.0000000
0.0000000
0.0000000
0.0000000
0.0000000
0.0000000
0.0000000
0.0000000
0.0000000
0.0000000
0.0000000
0.0000000
0.0000000
0.0000000
0.0000000
0.0000000
0.0000000
0.0000000
0.0000000
0.0000000
0.0000000
0.0000000
0.0000000
0.0000000
0.0000000
0.0000000
0.0000000
0.0000000
0.0000000
0.0000000
0.0000000
0.0000000
0.0000000
0.0000000
0.0000000
0.0000000
0.0000000
0.0000000
0.0000000
0.0000000
0.0000000
0.0000000
0.0000000
0.0000000
0.0000000
0.0000000
0.0000000
0.0000000
0.0000000
0.0000000
0.0000000
0.0000000
0.0000000
0.0000000
0.0000000
0.0000000
0.0000000
0.0000000
0.0000000
0.0000000
0.0000000
0.0000000
0.0000000
0.0000000
0.0000000
0.0000000
0.0000000
0.0000000
0.0000000
0.0000000
0.0000000
0.0000000
0.0000000
0.0000000
0.0000000
0.0000000
0.0000000
0.0000000
0.0000000
0.0000000
0.0000000
0.0000000
0.0000000
0.0000000
0.0000000
0.0000000
0.0000000
0.0000000
0.0000000
0.0000000
0.0000000
0.0000000
0.0000000
0.0000000
0.0000000
0.0000000
0.0000000
0.0000000
0.0000000
0.0000000
0.0000000
0.0000000
0.0000000
0.0000000
0.0000000
0.0000000
0.0000000
0.0000000
0.0000000
0.0000000
0.0000000
0.0000000
0.0000000
0.0000000
0.0000000
0.0000000
0.0000000
0.0000000
0.0000000
0.0000000
0.0000000
0.0000000
0.0000000
0.0000000
0.0000000
0.0000000
0.0000000
0.0000000
0.0000000
0.0000000
0.0000000
0.0000000
0.0000000
0.0000000
0.0000000
0.0000000
0.0000000
0.0000000
0.0000000
0.0000000
0.0000000
0.0000000
0.0000000
0.0000000
0.0000000
0.0000000
0.0000000
0.0000000
0.0000000
0.0000000
0.0000000
0.0000000
0.0000000
0.0000000
0.0000000
0.0000000
0.0000000
0.0000000
0.0000000
0.0000000
0.0000000
0.0000000
0.0000000
0.0000000
0.0000000
0.0000000
0.0000000
0.0000000
0.0000000
0.0000000
0.0000000
0.0000000
0.0000000
0.0000000
0.0000000
0.0000000
0.0000000
0.0000000
0.0000000
0.0000000
0.0000000
0.0000000
0.0000000
0.0000000
0.0000000
0.0000000
0.0000000
0.0000000
0.0000000
0.0000000
0.0000000
0.0000000
0.0000000
0.0000000
0.0000000
0.0000000
0.0000000
0.0000000
0.0000000
0.0000000
0.0000000
0.0000000
0.0000000
0.0000000
0.0000000
0.0000000
0.0000000
0.0000000
0.0000000
0.0000000
0.0000000
0.0000000
0.0000000
0.0000000
0.0000000
0.0000000
0.0000000
0.0000000
0.0000000
0.0000000
0.0000000
0.0000000
0.0000000
0.0000000
0.0000000
0.0000000
0.0000000
0.0000000
0.0000000
0.0000000
0.0000000
0.0000000
0.0000000
0.0000000
0.0000000
0.0000000
0.0000000
0.0000000
0.0000000
0.0000000
0.0000000
0.0000000
0.0000000
0.0000000
0.0000000
0.0000000
0.0000000
0.0000000
0.0000000
0.0000000
0.0000000
0.0000000
0.0000000
0.0000000
0.0000000
0.0000000
0.0000000
0.0000000
0.0000000
0.0000000
0.0000000
0.0000000
0.0000000
0.0000000
0.0000000
0.0000000
0.0000000
0.0000000
0.0000000
0.0000000
0.0000000
0.0000000
0.0000000
0.0000000
0.0000000
0.0000000
0.0000000
0.0000000
0.0000000
0.0000000
0.0000000
0.0000000
0.0000000
0.0000000
0.0000000
0.0000000
0.0000000
0.0000000
0.0000000
0.0000000
0.0000000
0.0000000
0.0000000
0.0000000
0.0000000
0.0000000
0.0000000
0.0000000
0.0000000
0.0000000
0.0000000
0.0000000
0.0000000
0.0000000
0.0000000
0.0000000
0.0000000
0.0000000
0.0000000
0.0000000
0.0000000
0.0000000
0.0000000
0.0000000
0.0000000
0.0000000
0.0000000
0.0000000
0.0000000
0.0000000
0.0000000
0.0000000
0.0000000
0.0000000
0.0000000
0.0000000
0.0085602
0.3402027
1.1375189
1.8893818
2.0442474
1.6008202
1.0550557
0.7294127
0.6768110
0.6429847
0.5948151
0.4671786
1.1243606
2.7920985
5.7556067
9.4154415
15.5731583
25.9386024
35.3382072
37.6097946
34.9115906
32.4766998
33.1345062
39.7902870
48.0824966
46.5074310
46.5006180
55.1347885
64.8597946
68.0507584
70.3228149
68.9339066
67.6641235
63.1692314
59.6689987
57.9259644
53.4343872
50.2996674
42.9338646
33.8507538
30.6097641
25.7750626
20.2728500
17.1536751
13.9102554
12.4159069
13.8338556
14.9425678
12.2523870
10.0892611
9.4681473
6.7121830
5.5812836
4.6335278
4.6334467
4.0500021
4.0819459
3.4927201
3.4657092
2.7036772
2.8786800
2.8158276
2.6571896
4.1373463
4.4797096
2.8149838
1.4616326
1.3717437
1.2217604
1.4872841
1.2863233
1.1408304
1.1260736
1.1242089
0.9358882
0.7369403
0.7958580
0.7851392
0.5428381
0.4749612
0.6316280
0.6808831
0.4043115
0.3418340
0.3760149
0.4197474
0.3846845
0.4861897
0.5504580
0.4174578
0.3592929
0.5260745
0.8022372
0.9203382
0.8774866
0.8634440
0.7994960
0.7743366
0.8745795
1.1625003
1.0644732
0.7936897
0.7218496
0.8045462
0.8961701
1.1503239
1.3449032
1.1641459
1.0435672
1.2015084
1.0482838
0.8084017
0.6634341
0.4985737
0.6671413
0.8961219
1.0364480
1.1042353
1.0551300
1.0214423
0.9126077
1.1363180
1.5218120
1.0198290
0.6270987
0.5096179
0.7360653
1.2127905
1.0912204
0.7378587
0.6049251
0.7645230
1.3890336
1.8321096
1.2908894
0.5959244
0.4676496
0.4332209
0.3651433
0.4939297
0.9206828
8.1362076
30.0680580
54.9555893
60.2441368
47.3206329
36.1272659
31.5189171
21.6672497
10.7308712
6.0024042
18.9206123
58.9621773
86.8352509
103.1684952
124.6194000
162.6139526
160.2425690
113.0565033
57.7284126
23.8742599
46.8261642
70.9223251
70.6451263
47.9643135
19.9707279
6.6052094
11.6303463
46.2317467
88.1781616
99.9350510
95.6300964
89.5642929
78.8027649
49.4960289
23.5775433
13.8488493
18.7435513
64.3950043
86.1517639
75.0899811
72.6622620
64.2280579
56.5766754
47.3490944
38.2851219
34.7973976
27.5577965
26.7768841
28.1296196
32.8510742
33.5709038
33.9851456
33.9186287
29.6659889
19.5708027
9.6603508
5.8267326
7.2753544
8.2544384
6.9123516
6.7091379
7.4259567
11.1939135
23.6759567
40.9870529
54.0050697
60.4681282
76.5882568
105.6809158
117.7565231
86.9524765
45.0661621
10.7163877
3.3380373
3.3556309
9.5098228
16.7402878
19.2578411
19.1434498
17.4766693
14.2835474
11.6832838
16.9939384
26.0303745
27.0473080
19.2698917
13.0849218
5.2482233
9.6723175
15.8357096
12.4535017
8.5091801
13.1240225
21.6964264
21.9587746
18.5124645
16.3554096
10.4202185
3.6741605
5.3433886
6.1987000
10.4942188
19.2956810
19.7524223
13.2480469
9.6203871
12.7665462
14.1333237
11.4369793
8.4749641
12.3665829
29.9445915
52.3897057
58.3635559
42.4241409
30.4413776
18.8168144
7.7779112
3.7012904
0.3431753
1.1901084
9.3674765
20.1669464
26.6088943
20.1062469
12.8598595
9.1502047
17.0393219
34.5750694
34.8476868
20.4775219
16.0269947
33.7304802
40.7599564
28.3802586
21.6499290
19.0421104
14.5428257
6.3151321
6.5892458
11.0532799
15.9805384
19.6342869
19.9732895
13.1484795
9.3864117
6.4418268
13.7933216
14.5662746
10.3258047
13.5886803
33.5683212
55.8872795
55.5073090
48.9531975
43.7543335
52.5622597
53.5340996
49.2832451
47.5377197
47.0565643
40.5678520
24.8840141
10.9642000
18.8196583
27.8243828
31.2056942
31.5507870
27.1199150
19.1163845
7.7049394
1.9969339
3.7652533
12.0144625
20.7229691
13.2417364
7.0290537
4.9856777
4.5174990
5.0106692
5.8498993
5.9280090
5.6605668
5.0804386
4.4555497
3.1315205
2.6092558
2.3928797
1.8840683
1.7311009
1.7553883
1.5276903
1.0613577
0.9255892
0.9183658
0.8353021
0.6211591
0.5792739
0.6400496
0.7888536
0.7179837
0.5676607
0.5843191
2.6567779
14.8395901
37.7148666
62.6259308
74.5201874
59.6791916
34.1885681
18.3490582
6.9673247
2.6155558
4.7463431
7.3548670
20.2262630
52.8594322
74.8696365
69.3706894
44.5825462
28.9186058
26.7768974
22.2726650
20.3770618
21.1461792
37.9807968
78.6260300
110.4557190
106.4113464
72.9302521
45.4886246
24.9073811
8.5925779
4.7541542
16.7712536
42.4582481
48.2583771
51.2704659
75.8419495
104.8463058
106.2362900
71.6195526
49.6200333
31.5964794
23.2917080
7.9416370
0.6797552
0.6681672
6.1023941
14.3408966
13.9515343
20.3412571
42.7837334
71.5286255
95.1941071
88.3533173
65.1170120
34.6865463
24.6878872
25.1843796
18.5753212
9.9429970
8.4993038
15.0530605
24.0157757
26.5833092
31.0593281
34.9867249
31.6695518
28.7905979
28.8356972
24.1664391
16.1356812
13.5700788
13.7696791
11.0272522
12.2511101
10.6245403
6.4695916
2.9592130
1.0320092
0.7007446
0.2951180
0.2191059
0.5243137
0.8932780
1.0435494
0.8726131
0.9619861
1.2638880
1.3373429
1.1301253
0.9774021
1.1389517
1.1515019
0.8326993
0.7025765
0.7646150
0.8657824
0.8582825
0.8182992
0.6458815
0.6537234
0.6745251
0.6924038
0.6462685
0.4823616
0.4118123
0.3669042
0.4806238
0.5267598
7.1406631
25.8294067
44.4780502
47.9687729
35.6409492
24.2289410
21.9285355
31.8086357
32.4433098
19.8378258
10.1449032
9.3136692
14.4627180
31.8288860
50.4026375
61.6238899
59.0897598
44.4145126
30.4957047
24.7745037
16.7579746
16.2696304
12.4858427
8.5690689
4.8155503
2.4414198
1.6473106
3.4748788
6.1770153
5.1880112
1.8691422
8.1005192
23.9753780
48.2497520
69.9480515
63.4247093
41.2193031
23.8797150
11.4069500
8.0078936
12.3548174
24.2597542
28.8980465
20.6860447
15.1255360
13.6136417
10.2798767
7.3631291
9.7788363
12.4368505
22.3208122
56.3569794
79.5270386
79.6982574
72.4932404
70.7716293
84.0707550
123.6251678
176.6259003
194.4221802
160.2913055
101.5608826
58.3319893
33.7999153
23.3452110
14.6385288
4.4482594
0.7404526
0.2788449
0.4192184
2.9933589
11.2938185
21.0160828
23.4805374
15.9251041
6.7763925
1.8492336
0.5939755
0.3352599
0.3051222
0.2333748
0.3458215
0.4488917
0.3328785
0.2832727
0.3539262
0.4246448
0.4865453
0.4435421
0.4559980
0.4342124
0.4870575
0.5714885
0.5342671
0.9876335
1.5501237
1.3240006
0.4363930
0.3540809
0.4958754
0.7213733
0.8159770
0.7111913
0.6347778
0.5986253
0.5784642
0.6078778
1.0150313
2.1106179
3.8653660
4.8166852
4.9003172
11.4308491
30.7433586
49.0624313
50.5341644
41.3387146
35.2481270
30.7171288
21.3658524
8.9238729
1.2468265
0.1950231
0.8692866
7.2640133
15.9067173
19.4607735
15.7763348
12.2885447
16.5794773
33.1912231
41.3859558
27.6405048
11.1016874
13.4181700
15.9773045
14.5066671
11.9609985
9.1035595
6.6142373
4.5027356
6.2333374
10.9096947
14.3154058
17.5857201
18.8187828
14.7161961
8.5011635
8.8839169
9.1742573
6.2098222
3.0842443
1.4267031
0.9230821
1.1403544
0.9591395
0.6757448
0.5058895
0.5422753
0.5239181
0.4970890
0.5980706
0.5516703
0.4834231
0.3361432
0.3011332
0.4280089
0.5006676
0.6734306
0.9887978
1.2734345
1.5931926
2.0032525
2.7562251
3.7972338
4.4188838
4.4600835
4.1901417
4.4389772
4.8016338
5.1646247
5.3231826
5.1847792
5.0761523
5.1179104
5.4824905
5.4223175
4.6357350
3.8861120
3.4433997
2.9254894
2.6284111
2.5242178
2.7324100
2.6777127
3.0416110
2.8272247
2.4048822
1.5617036
1.5357198
1.3376493
1.3416218
1.4024674
1.0703266
0.6892166
0.7972771
0.7643516
0.5576060
0.3448796
0.3885825
0.9060044
3.4793842
7.2999263
11.1516399
13.6508551
13.6696844
12.3160429
11.5106411
12.6207075
13.3688431
12.9564047
11.2927036
9.3461761
9.2353516
9.9533615
10.9054041
11.3973341
10.3539295
8.5165920
7.9782858
8.0178928
8.2068892
7.1798248
6.7349529
5.2352567
4.5533552
5.1082153
4.9957552
5.0445876
6.1123686
9.1429605
17.5187225
26.5253143
28.9721966
25.4414024
24.3338394
32.3936615
38.1100121
30.7425098
16.0425339
3.6665168
3.2609165
6.6746874
8.4029942
10.9094028
12.4300022
10.2074080
11.8125105
17.9966774
22.0447464
22.2875977
21.5334435
20.7286930
22.2337055
24.4035130
23.8942795
17.0698490
10.5142879
4.3262415
2.0795786
0.6563120
1.9535254
11.9135170
22.8311768
17.5002136
9.5937834
5.9244776
4.0268717
3.6986356
4.3296747
4.1878448
4.2349815
3.7392535
2.9957666
2.3328252
1.7436098
1.5762080
1.9343635
1.7619112
1.4220972
1.2287853
0.9567332
0.8813570
0.8877198
0.8003145
0.8335632
0.6285599
0.3985566
0.1730373
0.0421096
0.0015282
0.0000018
0.0000000
0.0000000
0.0000000
0.0000000
0.0000000
0.0000000
0.0000000
0.0000000
0.0000000
0.0000000
0.0000000
0.0000000
0.0000000
0.0000000
0.0000000
0.0000000
0.0000000
0.0000000
0.0000000
0.0000000
0.0000000
0.0000000
0.0000000
0.0000000
0.0000000
0.0000000
0.0000000
0.0000000
0.0000000
0.0000000
0.0000000
0.0000000
0.0000000
0.0000000
0.0000000
0.0000000
0.0000000
0.0000000
0.0000000
0.0000000
0.0000000
0.0000000
0.0000000
0.0000000
0.0000000
0.0000000
0.0000000
0.0000000
0.0000000
0.0000000
0.0000000
0.0000000
0.0000000
0.0000000
0.0000000
0.0000000
0.0000000
0.0000000
0.0000000
0.0000000
0.0000000
0.0000000
0.0000000
0.0000000
0.0000000
0.0000000
0.0000000
0.0000000
0.0000000
0.0000000
0.0000000
0.0000000
0.0000000
0.0000000
0.0000000
0.0000000
0.0000000
0.0000000
0.0000000
0.0000000
0.0000000
0.0000000
0.0000000
0.0000000
0.0000000
0.0000000
0.0000000
0.0000000
0.0000000
0.0000000
0.0000000
0.0000000
0.0000000
0.0000000
0.0000000
0.0000000
0.0000000
0.0000000
0.0000000
0.0000000
0.0000000
0.0000000
0.0000000
0.0000000
0.0000000
0.0000000
0.0000000
0.0000000
0.0000000
0.0000000
0.0000000
0.0000000
0.0000000
0.0000000
0.0000000
0.0000000
0.0000000
0.0000000
0.0000000
0.0000000
0.0000000
0.0000000
0.0000000
0.0000000
0.0000000
0.0000000
0.0000000
0.0000000
0.0000000
0.0000000
0.0000000
0.0000000
0.0000000
0.0000000
0.0000000
0.0000000
0.0000000
0.0000000
0.0000000
0.0000000
0.0000000
0.0000000
0.0000000
0.0000000
0.0000000
0.0000000
0.0000000
0.0000000
0.0000000
0.0000000
0.0000000
0.0000000
0.0000000
0.0000000
0.0000000
0.0000000
0.0000000
0.0000000
0.0000000
0.0000000
0.0000000
0.0000000
0.0000000
0.0000000
0.0000000
0.0000000
0.0000000
0.0000000
0.0000000
0.0000000
0.0000000
0.0000000
0.0000000
0.0000000
0.0000000
0.0000000
0.0000000
0.0000000
0.0000000
0.0000000
0.0000000
0.0000000
0.0000000
0.0000000
0.0000000
0.0000000
0.0000000
0.0000000
0.0000000
0.0000000
0.0000000
0.0000000
0.0000000
0.0000000
0.0000000
0.0000000
0.0000000
0.0000000
0.0000000
0.0000000
0.0000000
0.0000000
0.0000000
0.0000000
0.0000000
0.0000000
0.0000000
0.0000000
0.0000000
0.0000000
0.0000000
0.0000000
0.0000000
0.0000000
0.0000000
0.0000000
0.0000000
0.0000000
0.0000000
0.0000000
0.0000000
0.0000000
0.0000000
0.0000000
0.0000000
0.0000000
0.0000000
0.0000000
0.0000000
0.0000000
0.0000000
0.0000000
0.0000000
0.0000000
0.0000000
0.0000000
0.0000000
0.0000000
0.0000000
0.0000000
0.0000000
0.0000000
0.0000000
0.0000000
0.0000000
0.0000000
0.0000000
0.0000000
0.0000000
0.0000000
0.0000000
0.0000000
0.0000000
0.0000000
0.0000000
0.0000000
0.0000000
0.0000000
0.0000000
0.0000000
0.0000000
0.0000000
0.0000000
0.0000000
0.0000000
0.0000000
0.0000000
0.0000000
0.0000000
0.0000000
0.0000000
0.0000000
0.0000000
0.0000000
0.0000000
0.0000000
0.0000000
0.0000000
0.0000000
0.0000000
0.0000000
0.0000000
0.0000000
0.0000000
0.0000000
0.0000000
0.0000000
0.0000000
0.0000000
0.0000000
0.0000000
0.0000000
0.0000000
0.0000000
0.0000000
0.0000000
0.0000000
0.0000000
0.0000000
0.0000000
0.0000000
0.0000000
0.0000000
0.0000000
0.0000000
0.0000000
0.0000000
0.0000000
0.0000000
0.0000000
0.0000000
0.0000000
0.0000000
0.0000000
0.0000000
0.0000000
0.0000000
0.0000000
0.0000000
0.0000000
0.0000000
0.0000000
0.0000000
0.0000000
0.0000000
0.0000000
0.0000000
0.0000000
0.0000000
0.0000000
0.0000000
0.0000000
0.0000000
0.0000000
0.0000000
0.0000000
0.0000000
0.0000000
0.0000000
0.0000000
0.0000000
0.0000000
0.0000000
0.0000000
0.0000000
0.0000000
0.0000000
0.0000000
0.0000000
0.0000000
0.0000000
0.0000000
0.0000000
0.0000000
0.0000000
0.0000000
0.0000000
0.0000000
0.0000000
0.0000000
0.0000000
0.0000000
0.0000000
0.0000000
0.0000000
0.0000000
0.0000000
0.0000000
0.0000000
0.0000000
0.0000000
0.0000000
0.0000000
0.0000000
0.0000000
0.0000000
0.0000000
0.0000000
0.0000000
0.0000000
0.0000000
0.0000000
0.0000000
0.0000000
0.0000000
0.0000000
0.0000000
0.0000000
0.0000000
0.0000000
0.0000000
0.0000000
0.0000000
0.0000000
0.0000000
0.0000000
0.0000000
0.0000000
0.0000000
0.0000000
0.0000000
0.0000000
0.0000000
0.0000000
0.0000000
0.0000000
0.0000000
0.0000000
0.0000000
0.0000000
0.0000000
0.0000000
0.0000000
0.0000000
0.0000000
0.0000000
0.0000000
0.0000000
0.0000000
0.0000000
0.0000000
0.0000000
0.0000000
0.0000000
0.0000000
0.0000000
0.0000000
0.0000000
0.0000000
0.0000000
0.0000000
0.0000000
0.0000000
0.0000000
0.0000000
0.0000000
0.0000000
0.0000000
0.0000000
0.0000000
0.0000000
0.0000000
0.0000000
0.0000000
0.0000000
0.0000000
0.0000000
0.0000000
0.0000000
0.0000000
0.0000000
0.0000000
0.0000000
0.0000000
0.0000000
0.0000000
0.0000000
0.0000000
0.0000000
0.0000000
0.0000000
0.0000000
0.0000000
0.0000000
0.0000000
0.0000000
0.0000000
0.0000000
0.0000000
0.0000000
0.0000000
0.0000000
0.0000000
0.0000000
0.0000000
0.0000000
0.0000000
0.0000000
0.0000000
0.0000000
0.0000000
0.0000000
0.0000000
0.0000000
0.0000000
0.0000000
0.0000000
0.0000000
0.0000000
0.0000000
0.0000000
0.0000000
0.0000000
0.0000000
0.0000000
0.0000000
0.0000000
0.0000000
0.0000000
0.0000000
0.0000000
0.0000000
0.0000000
0.0000000
0.0000000
0.0000000
0.0000000
0.0000000
0.0000000
0.0000000
0.0000000
0.0000000
0.0000000
0.0000000
0.0000000
0.0000000
0.0000000
0.0000000
0.0000000
0.0000000
0.0000000
0.0000000
0.0000000
0.0000000
0.0000000
0.0000000
0.0000000
0.0000000
0.0000000
0.0000000
0.0000000
0.0000000
0.0000000
0.0000000
0.0000000
0.0000000
0.0000000
0.0000000
0.0000000
0.0000000
0.0000000
0.0000000
0.0000000
0.0000000
0.0000000
0.0000000
0.0000000
0.0000000
0.0000000
0.0000000
0.0000000
0.0000000
0.0000000
0.0000000
0.0000000
0.0000000
0.0000000
0.0000000
0.0000000
0.0000000
0.0000000
0.0000000
0.0000000
0.0000000
0.0000000
0.0000000
0.0000000
0.0000000
0.0000000
0.0000000
0.0000000
0.0000000
0.0000000
0.0000000
0.0000000
0.0000000
0.0000000
0.0000000
0.0000000
0.0000000
0.0000000
0.0000000
0.0000000
0.0000000
0.0000000
0.0000000
0.0000000
0.0000000
0.0000000
0.0000000
0.0000000
0.0000000
0.0000000
0.0000000
0.0000000
0.0000000
0.0000000
0.0000000
0.0000000
0.0000000
0.0000000
0.0000000
0.0000000
0.0000000
0.0000000
0.0000000
0.0000000
0.0000000
0.0003087
0.1830623
0.8011303
1.5662124
1.8650787
1.4741055
0.8627908
0.5597758
0.5557603
0.5922338
0.6851445
0.5868306
0.6473497
0.6748165
0.6207031
0.5772212
0.4310494
0.4905325
0.5762051
0.5069194
0.4397285
0.3868539
0.3180076
0.8098056
2.8187811
7.3846226
18.7806988
35.6137772
47.1408958
44.7195473
35.8334122
29.0014248
24.0475674
43.5818138
51.1139221
43.2205467
33.3465195
27.6693878
26.2776375
34.0411758
43.5424500
47.6564140
46.9398766
40.5842438
33.6688652
32.2776413
35.5902138
38.2898407
36.6959305
34.4851189
27.6646919
21.9215279
19.6325989
18.3891144
19.5620003
20.7087669
19.7971706
16.6566715
13.0676098
10.7920628
8.6199732
8.5593920
8.5881329
8.6541929
11.1943359
14.3628454
15.7304554
14.9654064
28.6753273
51.6255951
61.5427551
57.4672585
46.0675049
25.6613064
11.6718836
2.4907334
7.4485564
25.2215786
43.0178223
56.6676979
57.9315186
45.8534317
20.1302185
20.8140926
23.9518623
33.4197998
41.1306076
38.1305046
36.7361412
54.3400154
68.7202606
70.2692719
59.8601646
39.6442032
45.6587486
69.5715408
61.8998108
25.5825520
26.9486198
28.7339897
21.9001980
21.6032734
17.0461044
13.7071447
9.9381247
4.5725737
4.0362616
7.2171154
10.7328854
11.9501114
10.7421341
8.4557180
7.0752230
5.9942980
4.2089930
3.0288930
3.1629126
4.1568394
4.9845743
4.1695724
2.9939034
2.5933001
1.3317087
0.4397998
3.4411697
26.1278801
57.4552574
64.1368332
42.2191925
15.3573456
16.2098389
19.1563683
19.5350037
17.4708328
14.3971319
9.1358433
3.7495258
9.5643063
26.1951294
36.1254272
36.7656441
47.2467918
59.8674469
64.5715485
64.5808640
68.0057907
77.1642532
74.3322525
57.7910957
44.1496277
31.6636448
10.6128769
2.5572062
1.1456578
1.5207276
3.7635412
3.4389911
3.5681946
6.9434175
19.3990479
34.2511330
41.9828072
39.6632347
31.4616928
20.6493340
13.9807072
12.2571716
19.4630795
32.5867767
53.5817871
78.3397751
80.3726273
50.3177834
20.2382717
13.7404613
21.0904503
32.2412987
35.4079895
28.5419731
21.6034870
15.3412466
11.6848688
18.0358715
29.9958744
31.1036968
18.3753681
11.6772804
13.3080025
16.2407799
20.8141060
27.9932194
35.9183159
34.1431808
24.9326553
35.8119507
62.3420944
77.6575317
68.7844696
44.5371323
18.9899216
6.7647719
8.6001759
9.1568642
4.5153503
6.2394018
6.2235961
3.9742429
3.0128140
3.4876003
5.5785489
22.6889629
48.4058914
62.8643341
64.0708771
60.7802048
54.1373940
37.8826447
19.4006538
18.8037834
11.0008383
6.4576426
8.0599461
20.5659752
36.0918541
43.0939941
34.4048042
20.7147999
11.5695000
7.2156949
4.1159496
2.2523048
0.9362800
0.8620526
5.1041946
27.3162956
54.7120094
62.4015999
44.1138382
23.3220444
12.9545689
7.6647067
6.4565883
5.9206877
8.5006609
18.1951752
28.9587345
23.9300575
6.9962678
3.1272092
3.3229332
4.1605296
5.2802997
5.6471696
6.2644968
5.4685683
4.9454384
5.2881322
5.3602910
4.8353124
4.3915410
5.0411286
4.8123560
3.5900161
2.6674614
2.6329496
2.7863100
2.9095659
2.4050057
2.1331360
2.1994083
2.5122414
2.8181629
2.7839141
2.3908052
1.8311212
1.4727855
1.6091576
1.4148991
1.2530684
1.2329410
0.9594480
0.8146322
0.8774255
1.0082958
1.0123799
0.7911817
0.7288214
0.6690060
0.6070550
0.4300550
0.4616900
0.3853611
0.4351449
0.6012506
0.6960584
0.3993796
0.2791800
0.4182070
0.4757693
0.5468510
0.4868661
0.3727995
0.3735802
0.4293376
0.4628541
0.5303428
0.6169101
0.9513419
1.2560492
1.1556445
0.8501233
0.7208003
0.9428632
1.3254267
1.7452211
1.8752806
1.8461006
2.0813158
2.3054492
2.5951018
2.7465625
2.5555296
2.3830295
2.2095811
2.1604881
2.7946610
3.2205791
3.5474057
3.6660018
3.3753958
2.8358080
2.4285023
2.3155570
2.2453051
2.3592939
2.0535834
1.9102859
2.0344524
1.8627703
1.7479546
1.4789255
1.3504487
1.1673979
1.1722336
1.1157441
0.8440809
0.5612478
2.6746702
15.1309052
40.6663322
66.3107605
70.5574112
49.9326172
20.8227959
7.7134352
1.7929077
2.6093540
14.4966812
37.2762108
61.2585182
79.0160370
92.2553329
91.2336960
74.1064072
41.9950829
39.5232315
37.5557442
31.5038338
23.2905045
9.5122147
1.3802679
5.0116663
25.9723930
61.8496246
69.6014786
65.8139496
65.5855942
62.3613930
47.6363029
23.8883495
17.6799126
18.7645397
31.7819977
36.2622681
34.6919174
39.6061287
41.1197586
31.7286110
30.0028400
25.6773643
22.0172539
19.4302692
27.2847137
38.3913765
38.9105034
31.7904968
13.7117720
9.4167891
8.6732950
14.0079432
17.8175106
13.6716805
8.5761471
4.6660337
25.9403305
55.1332512
59.9543991
38.4666672
24.7223854
17.3286495
18.4886417
25.6747246
23.4387245
15.0955648
6.6484623
7.4832964
9.5588894
15.6340065
11.3565769
4.2614708
8.4312468
12.5426321
12.9259567
20.1851044
19.6713619
12.9910641
7.7267528
2.5988336
0.4656425
3.3432133
14.0892277
23.9869976
21.9400826
12.5034218
7.5502548
6.7879663
6.9989491
5.3813977
3.9672985
3.0729318
2.6751463
2.0724084
1.6019458
1.9118452
1.7992710
1.8386580
1.5814126
1.3088324
1.1954970
1.2360771
1.1316361
0.7231712
0.5888940
0.6623180
1.0271043
0.7533393
0.4186314
0.2432301
0.3319903
0.3243071
0.3814781
0.3545144
0.2936847
0.3023075
0.3970897
0.6066757
0.5324089
0.4274589
0.4647913
0.4935013
0.4940003
0.4760696
0.4396489
0.5210415
0.5483740
0.4895618
0.3917596
0.6243294
0.7589068
0.6086183
0.4524779
0.4102191
0.4653905
0.3491784
0.3730590
0.4630863
0.6271834
0.6564516
0.5258873
0.4961562
0.6241111
0.5155492
0.4248934
0.5433505
0.6297313
0.6246212
0.5887669
0.5165843
0.4905648
0.6675348
0.7409612
0.8426760
0.8519818
0.8883362
0.9031619
0.7148466
0.5246499
0.5540344
0.5326279
0.5744011
0.5656095
0.5598478
0.6307170
0.7272852
0.6796463
0.7604929
0.8727400
0.8300654
0.7830314
0.8613285
1.1271597
1.0425503
1.0289735
0.8738502
0.7019420
0.4507059
0.4127177
0.4926040
0.6258782
0.5428001
0.4033522
0.4224245
0.4859110
0.5899162
0.5786069
0.5489387
0.6954473
0.7993109
0.8122088
0.4743387
0.3583307
0.3704090
0.5348915
0.7611072
0.5860425
0.4074354
0.5297198
0.8377113
6.8336706
23.9218407
46.2145462
63.8525620
64.7903137
45.1084671
26.4393864
9.8744211
16.5303574
24.1104412
27.8359146
28.9047985
28.4952717
24.5401936
21.2499924
19.8938656
19.2566643
18.8283272
22.0021782
26.1116009
28.0923195
21.2598953
13.3739719
19.8902302
33.7864838
34.2114525
23.1345634
16.0995121
12.0980930
29.0968609
60.0923615
64.3272247
45.4795074
33.3723030
23.4307919
19.3187237
32.7522202
53.2933197
58.0025482
42.7659454
24.4996986
19.2549591
22.8843403
29.0004749
19.6423130
8.1107969
13.2898111
15.1799068
33.0987854
41.6177635
34.7719269
24.3402214
14.2931938
11.9263229
12.4398651
12.5876703
15.6977606
18.0840893
14.6407442
6.0104551
0.4392805
0.2296473
2.6663070
13.6436110
29.1554947
38.5400620
35.8776703
22.4375229
11.6388416
6.8213763
7.0285826
8.0719452
6.7611375
4.4300375
3.8210876
4.1486545
4.0601687
4.1165514
4.6727538
5.1609173
6.2689013
6.8829904
6.1190696
5.3196850
4.6606941
4.5317607
5.5209122
6.0104103
5.6870489
6.4562941
8.6146708
14.2263784
21.1925240
27.1238499
27.5258141
23.8629627
18.9303741
12.9493046
22.3228416
38.1399193
38.8152237
34.4814529
29.2099724
25.2721233
24.7879429
27.6486626
28.3366337
24.3262043
20.0987339
15.7686901
13.3212872
10.4826622
9.2507343
7.7369337
6.4602742
4.8872151
3.9122148
3.5109322
3.6852827
2.7997468
2.3238451
2.4223964
2.9402359
2.2358851
1.5487788
2.0637004
2.5390031
2.2045250
1.6186708
1.2827201
1.4351463
1.5501144
1.4815999
1.5273588
1.4608269
1.2796683
1.2091388
1.0843707
1.0096157
0.8432057
0.5652457
0.5772428
0.5448112
0.4972562
0.5014004
0.6466961
0.5186903
0.2842679
0.2831475
0.3639637
0.3396915
0.3845000
0.4048924
0.4023750
0.4924735
0.5568670
0.5086797
0.5532445
0.6256348
0.5787885
0.4429525
0.3207643
0.3721142
0.7484397
0.9085019
0.7356910
0.6216310
0.4645362
0.3813811
0.3392045
0.4200368
0.5423640
0.4796567
0.4955053
0.7589262
0.8507107
0.8395482
0.7946402
0.6353478
0.6132013
0.6378101
0.7680922
0.9786233
0.8612822
0.6751217
0.6297059
0.6566851
0.7427039
0.6336550
0.5592813
0.5281491
0.4361849
0.5503273
0.6665519
0.6256046
0.5846963
0.5554479
0.5209508
0.5233654
0.5421779
0.4794791
0.4059833
0.5414387
0.5937784
0.6327743
0.5692902
0.4950888
0.4525872
0.3155107
0.3766199
2.1484022
5.4181652
7.3286328
8.6046400
11.2700977
14.0761871
15.6534519
15.7709560
14.7347269
14.7342663
14.7089891
14.8065376
15.7641754
21.5780773
29.8718472
30.1324635
25.2969513
23.3512592
28.5001717
34.4505844
35.0938492
33.3329811
29.5687313
22.0742207
10.7947273
2.4563489
0.3294327
1.5523869
7.8710108
19.6399498
29.2990665
29.5773563
20.3994846
11.2733355
7.1494579
4.1592607
3.7246695
5.0124979
6.4667959
10.3465347
13.8887444
14.7939043
12.3750267
12.4861946
22.0460949
30.1934223
24.2443771
10.9104176
2.9999299
1.2385370
3.8984187
10.6206417
12.7283621
15.2529697
22.5421638
24.0976276
19.3102131
17.1089954
16.1731930
11.1762886
3.4009101
3.0741673
2.8697622
3.3251915
3.2546713
1.6286714
2.2661090
8.3807030
14.2555494
11.4717531
4.0331507
1.4768628
1.0181307
1.0178075
1.0326790
1.3227268
0.9891577
0.7457682
0.6272097
0.5798342
0.4275533
0.3620967
0.3999076
0.4137640
0.4715928
0.3936093
0.4579206
0.4261658
0.5003199
0.5905133
0.5379192
0.3439626
0.3933614
0.3788754
0.3181166
0.4017347
0.5022956
0.4913600
0.5411870
0.5090398
0.4717904
0.4618855
0.6099352
0.7153975
0.6166197
0.4511585
0.6122578
1.0680097
1.2428783
1.1284420
1.3386053
2.0941198
3.8023264
9.3452559
17.9819317
22.6773567
21.5724583
19.8233585
18.1905327
13.3044910
4.9621325
1.2432740
7.2408085
19.2399864
30.1674080
23.8860340
13.9475212
9.5904236
9.4552584
11.0228529
9.3447485
7.0893688
6.3367023
5.3808637
3.4904492
4.1703300
8.2127218
12.3089380
11.9716911
10.8152838
10.5938139
10.1278172
10.5338211
9.7532682
7.1222172
5.9788580
6.6947155
7.1524138
10.9053555
20.7002373
23.0647907
15.7002439
9.8097954
5.5177898
1.8693211
0.2105129
3.3100533
13.9383526
19.6083603
14.4880962
7.7921104
4.9692779
7.9191351
13.8661432
17.6316128
18.8004494
22.7489128
28.6829758
31.5370541
29.1940632
23.1949902
16.3502178
13.0225668
10.3683033
6.6628509
6.5885687
8.8988152
6.3170433
5.1750722
3.2867196
3.4936333
9.5700397
15.6208811
17.0362549
15.3136854
14.3052235
12.7978783
9.1542730
5.4372306
5.0545416
15.9371672
34.9664879
41.0470238
28.5969887
17.8557434
10.1740761
6.6147161
11.8805246
15.8487539
10.5815668
5.8239193
4.3893981
3.8912709
2.1436615
1.2223487
1.0702155
0.8110998
0.5595140
0.4045212
0.4831093
0.3600569
0.3635182
0.3984745
0.5005596
0.6481770
0.5647851
0.3861580
0.4418769
0.5045376
0.4608112
0.4242802
0.3851348
0.4581274
0.4269001
0.3548152
0.3957871
0.4014529
0.4883567
0.5461269
0.5469387
0.4103927
0.3139063
0.3012340
0.4050528
0.4424008
0.3694783
0.4392624
0.5612305
0.5382870
0.5012945
0.4905530
0.2832395
0.2899356
0.4773381
0.6487035
0.4420307
0.4393776
0.4289137
0.6369373
0.8436009
0.7248463
0.4020482
0.4051184
0.4622996
0.3959773
0.3310095
0.4858727
0.7878903
0.8402947
0.7358265
0.4916693
0.5924304
0.7137559
0.6361309
0.5079290
0.4974711
0.4315027
0.4107815
0.4135897
0.4367865
0.4592634
0.3575751
0.4091501
0.5479773
0.6969349
0.7006469
0.6582898
0.5955293
0.5622512
0.4372967
0.4859955
0.4192423
0.3949723
0.4054150
0.4432523
0.5404298
0.6874638
0.6714968
0.6242788
0.6475532
0.4933978
0.4284301
0.5003520
0.4597313
0.4762499
0.4975987
0.4165516
0.4931090
0.4212047
0.3243609
0.3764988
0.4538169
0.3382173
0.3885202
0.3975751
0.4748605
0.5519959
0.7002994
1.0069252
1.0667835
0.9556473
0.9035329
2.6571851
10.3502979
19.0330429
19.1358547
11.2259779
5.5433893
3.9981744
3.9433773
3.2963660
4.8962927
3.4110518
1.0333035
1.0891562
9.4906082
23.5536003
30.2037849
25.5880871
14.2234783
8.6797647
13.1888666
17.5327492
14.8463392
10.1180515
6.0930257
10.7403469
21.1677761
26.3208447
24.2805328
17.5131950
13.5332909
12.1905336
12.5879612
12.2930622
10.8395691
10.3854666
9.5309563
10.8028355
16.6415596
21.6742058
19.8854427
17.3952293
15.6814795
15.4325027
14.5128803
12.7955475
9.5082388
4.7543621
8.2356777
9.9620991
9.5073853
8.1047077
5.7246652
7.1322317
11.6915436
11.2595634
6.4635363
1.2932471
2.1318448
5.6215334
4.3490295
1.1580852
0.9557582
0.3816170
0.6234927
0.6137261
0.5046935
0.5209961
0.5335327
0.4069620
0.3570427
0.3244581
0.4368692
0.4892231
0.5491972
0.5875269
0.4059844
0.3533610
0.3931751
0.4667736
0.2402607
0.0367383
0.0025266
0.0001624
0.0000000
0.0000000
0.0000000
0.0000000
0.0000000
0.0000000
0.0000000
0.0000000
0.0000000
0.0000000
0.0000000
0.0000000
0.0000000
0.0000000
0.0000000
0.0000000
0.0000000
0.0000000
0.0000000
0.0000000
0.0000000
0.0000000
0.0000000
0.0000000
0.0000000
0.0000000
0.0000000
0.0000000
0.0000000
0.0000000
0.0000000
0.0000000
0.0000000
0.0000000
0.0000000
0.0000000
0.0000000
0.0000000
0.0000000
0.0000000
0.0000000
0.0000000
0.0000000
0.0000000
0.0000000
0.0000000
0.0000000
0.0000000
0.0000000
0.0000000
0.0000000
0.0000000
0.0000000
0.0000000
0.0000000
0.0000000
0.0000000
0.0000000
0.0000000
0.0000000
0.0000000
0.0000000
0.0000000
0.0000000
0.0000000
0.0000000
0.0000000
0.0000000
0.0000000
0.0000000
0.0000000
0.0000000
0.0000000
0.0000000
0.0000000
0.0000000
0.0000000
0.0000000
0.0000000
0.0000000
0.0000000
0.0000000
0.0000000
0.0000000
0.0000000
0.0000000
0.0000000
0.0000000
0.0000000
0.0000000
0.0000000
0.0000000
0.0000000
0.0000000
0.0000000
0.0000000
0.0000000
0.0000000
0.0000000
0.0000000
0.0000000
0.0000000
0.0000000
0.0000000
0.0000000
0.0000000
0.0000000
0.0000000
0.0000000
0.0000000
0.0000000
0.0000000
0.0000000
0.0000000
0.0000000
0.0000000
0.0000000
0.0000000
0.0000000
0.0000000
0.0000000
0.0000000
0.0000000
0.0000000
0.0000000
0.0000000
0.0000000
0.0000000
0.0000000
0.0000000
0.0000000
0.0000000
0.0000000
0.0000000
0.0000000
0.0000000
0.0000000
0.0000000
0.0000000
0.0000000
0.0000000
0.0000000
0.0000000
0.0000000
0.0000000
0.0000000
0.0000000
0.0000000
0.0000000
0.0000000
0.0000000
0.0000000
0.0000000
0.0000000
0.0000000
0.0000000
0.0000000
0.0000000
0.0000000
0.0000000
0.0000000
0.0000000
0.0000000
0.0000000
0.0000000
0.0000000
0.0000000
0.0000000
0.0000000
0.0000000
0.0000000
0.0000000
0.0000000
0.0000000
0.0000000
0.0000000
0.0000000
0.0000000
0.0000000
0.0000000
0.0000000
0.0000000
0.0000000
0.0000000
0.0000000
0.0000000
0.0000000
0.0000000
0.0000000
0.0000000
0.0000000
0.0000000
0.0000000
0.0000000
0.0000000
0.0000000
0.0000000
0.0000000
0.0000000
0.0000000
0.0000000
0.0000000
0.0000000
0.0000000
0.0000000
0.0000000
0.0000000
0.0000000
0.0000000
0.0000000
0.0000000
0.0000000
0.0000000
0.0000000
0.0000000
0.0000000
0.0000000
0.0000000
0.0000000
0.0000000
0.0000000
0.0000000
0.0000000
0.0000000
0.0000000
0.0000000
0.0000000
0.0000000
0.0000000
0.0000000
0.0000000
0.0000000
0.0000000
0.0000000
0.0000000
0.0000000
0.0000000
0.0000000
0.0000000
0.0000000
0.0000000
0.0000000
0.0000000
0.0000000
0.0000000
0.0000000
0.0000000
0.0000000
0.0000000
0.0000000
0.0000000
0.0000000
0.0000000
0.0000000
0.0000000
0.0000000
0.0000000
0.0000000
0.0000000
0.0000000
0.0000000
0.0000000
0.0000000
0.0000000
0.0000000
0.0000000
0.0000000
0.0000000
0.0000000
0.0000000
0.0000000
0.0000000
0.0000000
0.0000000
0.0000000
0.0000000
0.0000000
0.0000000
0.0000000
0.0000000
0.0000000
0.0000000
0.0000000
0.0000000
0.0000000
0.0000000
0.0000000
0.0000000
0.0000000
0.0000000
0.0000000
0.0000000
0.0000000
0.0000000
0.0000000
0.0000000
0.0000000
0.0000000
0.0000000
0.0000000
0.0000000
0.0000000
0.0000000
0.0000000
0.0000000
0.0000000
0.0000000
0.0000000
0.0000000
0.0000000
0.0000000
0.0000000
0.0000000
0.0000000
0.0000000
0.0000000
0.0000000
0.0000000
0.0000000
0.0000000
0.0000000
0.0000000
0.0000000
0.0000000
0.0000000
0.0000000
0.0000000
0.0000000
0.0000000
0.0000000
0.0000000
0.0000000
0.0000000
0.0000000
0.0000000
0.0000000
0.0000000
0.0000000
0.0000000
0.0000000
0.0000000
0.0000000
0.0000000
0.0000000
0.0000000
0.0000000
0.0000000
0.0000000
0.0000000
0.0000000
0.0000000
0.0000000
0.0000000
0.0000000
0.0000000
0.0000000
0.0000000
0.0000000
0.0000000
0.0000000
0.0000000
0.0000000
0.0000000
0.0000000
0.0000000
0.0000000
0.0000000
0.0000000
0.0000000
0.0000000
0.0000000
0.0000000
0.0000000
0.0000000
0.0000000
0.0000000
0.0000000
0.0000000
0.0000000
0.0000000
0.0000000
0.0000000
0.0000000
0.0000000
0.0000000
0.0000000
0.0000000
0.0000000
0.0000000
0.0000000
0.0000000
0.0000000
0.0000000
0.0000000
0.0000000
0.0000000
0.0000000
0.0000000
0.0000000
0.0000000
0.0000000
0.0000000
0.0000000
0.0000000
0.0000000
0.0000000
0.0000000
0.0000000
0.0000000
0.0000000
0.0000000
0.0000000
0.0000000
0.0000000
0.0000000
0.0000000
0.0000000
0.0000000
0.0000000
0.0000000
0.0000000
0.0000000
0.0000000
0.0000000
0.0000000
0.0000000
0.0000000
0.0000000
0.0000000
0.0000000
0.0000000
0.0000000
0.0000000
0.0000000
0.0000000
0.0000000
0.0000000
0.0000000
0.0000000
0.0000000
0.0000000
0.0000000
0.0000000
0.0000000
0.0000000
0.0000000
0.0000000
0.0000000
0.0000000
0.0000000
0.0000000
0.0000000
0.0000000
0.0000000
0.0000000
0.0000000
0.0000000
0.0000000
0.0000000
0.0000000
0.0000000
0.0000000
0.0000000
0.0000000
0.0000000
0.0000000
0.0000000
0.0000000
0.0000000
0.0000000
0.0000000
0.0000000
0.0000000
0.0000000
0.0000000
0.0000000
0.0000000
0.0000000
0.0000000
0.0000000
0.0000000
0.0000000
0.0000000
0.0000000
0.0000000
0.0000000
0.0000000
0.0000000
0.0000000
0.0000000
0.0000000
0.0000000
0.0000000
0.0000000
0.0000000
0.0000000
0.0000000
0.0000000
0.0000000
0.0000000
0.0000000
0.0000000
0.0000000
0.0000000
0.0000000
0.0000000
0.0000000
0.0000000
0.0000000
0.0000000
0.0000000
0.0000000
0.0000000
0.0000000
0.0000000
0.0000000
0.0000000
0.0000000
0.0000000
0.0000000
0.0000000
0.0000000
0.0000000
0.0000000
0.0000000
0.0000000
0.0000000
0.0000000
0.0000000
0.0000000
0.0000000
0.0000000
0.0000000
0.0000000
0.0000000
0.0000000
0.0000000
0.0000000
0.0000000
0.0000000
0.0000000
0.0000000
0.0000000
0.0000000
0.0000000
0.0000000
0.0000000
0.0000000
0.0000000
0.0000000
0.0000000
0.0000000
0.0000000
0.0000000
0.0000000
0.0000000
0.0000000
0.0000000
0.0000000
0.0000000
0.0000000
0.0000000
0.0000000
0.0000000
0.0000000
0.0000000
0.0000000
0.0000000
0.0000000
0.0000000
0.0000000
0.0000000
0.0000000
0.0000000
0.0000000
0.0000000
0.0000000
0.0000000
0.0000000
0.0000000
0.0000000
0.0000000
0.0000000
0.0000000
0.0000000
0.0000000
0.0000000
0.0000000
0.0000000
0.0000000
0.0000000
0.0000000
0.0000000
0.0000000
0.0000000
0.0000000
0.0000000
0.0000000
0.0000000
0.0000000
0.0000000
0.0000000
0.0000000
0.0000000
0.0000000
0.0000000
0.0000000
0.0000000
0.0000000
0.0000000
0.0000000
0.0000000
0.0000000
0.0000000
0.0000000
0.0000000
0.0000000
0.0000000
0.0000000
0.0000000
0.0000000
0.0000000
0.0000000
0.0000000
0.0000000
0.0000000
0.0000000
0.0000000
0.0000000
0.0000000
0.0000000
0.0000000
0.0000000
0.0000000
0.0000000
0.0000000
0.0000000
0.0000000
0.0000000
0.0000000
0.0311426
0.3973050
1.1120186
1.6265677
1.5388887
1.0075152
0.5732478
0.5076697
0.5129071
0.4894480
0.5384898
0.6978490
0.6186044
0.5580512
0.6314280
1.2735176
2.1839223
2.2732544
1.3097925
0.6453243
1.4843044
9.5941343
25.0937080
40.0825768
43.5233459
32.8011360
25.0699005
26.1658649
48.7510834
74.3441086
83.6731567
71.8437195
61.8844528
56.5524483
43.6897011
32.3125610
27.6712265
21.9826469
37.7393112
84.2008286
96.7809143
56.1286507
15.9211502
18.5478592
10.8292465
7.8180809
15.1647682
58.9580002
64.9725952
44.0655975
19.2659760
11.4144602
5.8783469
10.7219429
34.6738396
62.3091850
57.1301880
41.9604988
30.7441597
25.6711292
34.3991699
35.2992020
33.0998802
29.4785385
30.5965729
35.5854378
30.5505085
16.2191963
7.7793899
7.6285329
10.7399893
8.6894293
8.2480259
13.3967791
17.4835453
14.3578453
12.2282591
22.2230473
37.6199074
50.8822021
47.7547989
34.1540222
20.8280525
9.9977217
6.5147977
10.3906059
15.3931427
14.3085575
12.1608591
12.5436192
14.2633200
10.2943811
4.3625436
4.6837726
2.7419362
1.2959613
0.7661722
0.6257567
0.6968744
0.4332840
0.3306628
0.3319796
0.3154115
0.3704796
0.4313694
0.4658612
0.4609657
0.4162808
0.4906161
0.5004527
0.4978229
0.4905710
0.4340163
0.4245256
0.4073588
0.4738942
0.5456387
0.4780627
0.4183896
0.3263283
0.3818165
0.4310580
0.4180015
0.3752165
0.4373807
0.6035005
0.5505781
0.4885888
0.6267688
0.6801785
0.7389554
0.5142306
0.3956552
0.5016317
0.6229368
0.6195595
0.7231786
0.6229857
0.4423210
0.4235490
0.4087163
0.4064264
0.4498741
0.6520100
0.5683559
0.4246961
0.3532025
0.4300548
0.6014135
0.6599884
0.6308873
0.4707800
0.4564862
0.3887382
0.4597516
0.4751372
0.9243472
2.3141723
2.8172944
2.3786840
2.6366336
2.3389175
0.6515554
0.1322932
0.1913534
0.5279607
1.6995848
1.6400650
0.6724569
0.6064775
1.0750278
9.3157978
31.0523148
50.9942741
53.2132568
37.2782555
14.5104980
2.8415802
0.6012419
1.4147938
5.2936869
12.5570240
22.7371311
30.3548355
26.0980473
12.0393305
4.0627656
1.5390335
2.3441494
7.7713056
20.6756992
42.3225365
59.9273911
58.9395103
51.7540932
51.2307053
55.0364189
46.0840340
31.0979671
17.8158493
14.6712503
21.1375790
23.0588379
21.3603497
18.4703083
35.0199928
52.3625412
55.1846275
58.0909882
55.2922745
47.4005852
33.6678543
29.5318565
53.8379478
61.8224106
44.5325775
15.2063618
2.1597295
1.2531822
4.6335039
16.0650444
23.2740402
19.0617714
12.9047022
9.1319237
6.2746344
4.9467516
6.2523994
20.6814079
53.6622124
84.2711487
87.0661163
68.0750275
46.4694633
36.8822708
60.7511177
72.7568970
39.7189522
9.2342768
8.7436304
11.4895735
21.0660763
29.0175304
28.3831959
30.6965790
33.6243439
34.4332886
37.1384506
32.8434181
22.9675560
11.2401228
0.9770172
0.4533458
0.4222436
0.2402194
0.4890290
1.0599679
0.9947620
0.5384059
0.4429522
0.4131441
0.3102382
0.4206690
0.4213363
0.4308788
0.4833153
0.5883666
0.6122040
0.7468499
0.6647127
0.5437551
0.5068519
0.4202703
0.4504583
0.4367782
0.4124930
0.4871217
0.4777523
0.4889146
0.5301836
0.4052257
0.3762082
0.4177322
0.7588887
0.8572531
0.6219973
0.3825394
0.3097562
0.4902567
0.6125556
0.5894438
0.6213126
0.5349966
0.5040843
0.6394429
0.8484815
0.7592258
0.6923789
2.1224339
4.2172322
4.9989314
4.7898641
5.0870228
4.9785981
4.3468242
3.8868008
3.5366681
4.0497794
5.3114462
6.1185803
5.9630685
5.7887239
5.8189440
4.7176700
2.5897727
1.0140240
0.6065127
0.3814164
0.6355251
1.4084110
1.5546720
0.9428539
0.6169990
0.3259404
0.2751762
0.3409851
0.3962117
0.4747134
0.3610754
0.3294869
0.4406060
0.6532036
0.5160161
0.4022118
0.4569886
0.5693827
0.5725889
0.4679200
0.3864031
0.4041743
0.4823278
0.5323054
0.5528483
0.5977848
0.4910526
0.5647854
2.8840814
5.8935661
5.2083783
1.1885883
0.2960629
0.1907304
0.2955341
1.1456653
4.4396420
6.2896705
3.8037827
0.5647407
0.4117546
0.7631810
1.9978861
3.3260665
3.7125096
3.2494063
2.8182681
2.5687702
2.9088988
2.7470324
1.7098241
1.1341019
1.4547892
1.3360380
0.6118361
0.5386500
2.9185548
7.7709432
8.4868736
4.2573333
1.5505884
1.6035790
1.8669684
1.3396165
1.4976925
4.8270669
10.6425428
18.5213490
30.5848980
41.5588684
46.2838974
64.0635452
101.3690491
120.4390869
104.8679276
64.7874985
48.0692787
55.4291458
90.0021515
92.2418137
105.1812897
153.2984467
143.1563263
93.2929306
37.0204849
4.9827213
1.0853322
19.7900639
73.2279587
163.8751678
184.0191650
144.9814301
90.5759659
41.2857056
11.0742245
1.1021568
4.8675280
15.2924080
24.6084290
19.5889931
16.3089600
16.4047546
12.3625603
3.3913076
0.4618797
0.1382253
0.6568384
26.0843258
87.2245483
132.7112122
122.8608932
79.9552994
66.2478638
78.2046738
114.4132462
169.1187744
174.6312866
162.9887848
129.7694550
88.0938721
49.0416718
57.3882523
127.1111298
115.4097366
52.3785362
4.1401834
1.2360868
5.2665243
29.9742756
88.9171906
87.0240479
46.7486534
28.6107998
13.4671898
4.4053836
0.8017525
0.3358002
1.2916186
14.1423998
57.4985123
93.7111053
87.7565308
61.1061554
72.0017395
95.1158905
87.4841843
54.7533417
36.7323189
18.5809059
78.6848831
78.3723831
45.5549355
16.2296925
7.9660678
6.4437246
4.8990536
2.0740182
1.5685053
3.6582589
6.7586617
6.4565492
12.7744474
46.6977501
94.0550613
113.0320816
88.7051697
65.1446762
44.5256653
40.4869919
54.1399689
85.2005539
108.2325439
85.0842667
56.9431229
38.5821915
59.3480263
60.7710419
44.8815117
55.9626503
45.0315895
33.3311119
38.4142685
57.8476181
48.2776337
18.6995296
7.0905313
15.3047676
35.9567909
82.2512665
75.8609772
54.4383965
57.7968369
108.3796768
148.2426605
154.1229248
135.3046570
78.7943649
15.4347391
0.9396835
1.8298268
5.7818809
6.4685578
0.9086758
0.6287487
5.5131769
20.7487354
29.0031204
39.3247871
70.9184418
96.2311707
90.8878098
81.6507645
84.6760712
93.6651001
95.8379669
84.5246353
67.4649277
40.6198616
23.9529877
25.4401226
10.6344423
3.3670425
1.2940158
3.7095366
34.7743263
106.8883286
133.1739349
95.6080704
58.1830368
37.8057175
28.9726868
29.8814583
24.0206470
17.3421230
8.6928616
10.4867706
7.4653482
2.5685394
1.3244047
2.4972887
1.0942078
0.4973477
0.2819782
0.2800054
0.3144400
0.5261328
6.0091305
46.4885597
121.0336380
166.6311340
137.7960815
78.1931839
66.5463104
66.8152924
67.7154160
52.6026993
48.1539803
58.5709801
65.7753220
61.2716217
44.8750267
20.8485279
10.7355890
25.1832314
14.8117275
36.3766861
47.0338058
35.0168037
13.2237329
24.7170811
40.7675552
46.9698677
33.0721397
3.5634408
0.3857755
1.5852220
6.9276509
9.6485004
2.8417292
0.3423615
0.2412614
0.1780260
0.1632124
0.3365644
0.4424962
0.5095513
0.4245995
0.5140913
0.5371144
0.5108385
0.4440823
0.4248323
0.3881144
0.3286343
0.4246025
0.7008980
0.7126614
0.5759484
0.3829949
0.4771818
0.5600319
0.5566988
0.5678313
0.4474169
0.4047199
0.3721572
0.6133190
0.8500627
0.7545169
0.5995612
0.4904633
0.5094528
0.4054081
0.4643081
0.4428653
0.4302741
0.4816273
0.4667554
0.4065019
0.3900216
0.4200948
0.4659526
0.4543328
0.4562666
0.6581186
0.5610117
0.4153802
0.5248464
0.5408266
2.1549349
9.8751183
23.0650597
38.1075516
48.9753876
46.6171074
35.7954979
29.0373478
32.3563538
37.6417961
40.1224480
38.4700241
28.3216324
23.2659988
19.1459656
12.6656656
8.5804577
5.4550643
2.4308486
1.0709461
0.5778734
0.2216814
0.0731978
0.1816166
0.3424412
0.5205511
1.2878333
3.0062959
5.3814893
6.4557772
4.8077950
2.4691794
1.1568956
4.7603478
33.1417046
86.6343079
120.6871338
97.7758789
37.7166519
5.7110338
3.1175463
5.1919084
5.5224342
31.4350166
98.2629089
150.5349426
136.3962250
89.6982498
65.7926941
42.7692108
14.8727474
42.1753120
39.3935738
19.0016232
5.4676294
2.0360775
4.6072178
9.0236864
24.3983250
51.2417297
74.7994690
92.8239136
108.3576660
103.1947403
73.1222305
28.2424698
13.6180792
36.1532440
75.1815567
92.7777710
91.9594879
78.3579407
70.1532440
82.8930969
96.6665955
103.0274887
94.3986740
71.8274918
45.8976707
18.3955822
49.2909927
41.9435730
27.9214897
31.4216309
26.5493088
17.5982227
30.9445457
36.2588005
18.6958523
10.0971680
9.6500397
7.0460167
2.9153659
0.9865850
0.2526203
0.1530479
0.1630490
0.3202280
9.0732298
46.1471596
113.9481735
167.2974243
159.1021271
98.5532303
74.6435852
58.3942184
51.0507965
65.0210953
78.5545578
56.4785423
44.7151108
58.0383987
41.6888466
21.3174992
8.1043749
2.8145485
9.0681896
15.7899637
13.5173779
6.3083277
4.1008558
15.2071114
52.0342255
117.0793228
172.4297791
163.3455658
122.2740097
93.2266159
122.3019867
143.7528992
56.1671753
15.1727152
13.1818304
19.9231892
26.5185852
53.6594238
91.3796158
119.6467056
107.1864471
60.9667091
14.6605768
8.4893847
8.8846092
10.8415766
34.3679428
106.8203201
173.3990326
198.4482880
196.0138702
168.5887909
81.2745895
16.5543213
3.9092138
3.3387468
2.3148718
8.8818598
32.8667679
39.5733337
47.1850662
58.0997581
63.0916862
41.1523399
10.1446180
3.8267097
6.4352818
41.5071983
108.6977692
122.0031204
98.5837326
58.7811279
16.2197781
4.1189966
1.8813826
3.3841262
25.4612064
81.2003326
102.1545105
78.4287872
38.2755775
15.7134113
3.8244135
3.2013402
6.5767126
20.3572197
34.5410919
43.5596123
43.7504005
33.3748856
20.4371738
17.9869957
19.6784229
26.5732327
73.3294067
133.0975647
153.2451019
124.6163864
91.5518036
70.0613785
62.7881508
135.2018890
118.8043671
61.7808456
11.9444332
1.4775465
11.6596394
46.7291489
83.3762589
59.0061035
23.7744312
7.2047176
0.6034142
0.1561150
4.9221611
31.9731750
66.0713577
71.5222321
52.3298111
30.4634304
18.9358025
10.8072290
12.8954058
44.4927979
86.6849442
86.0137405
74.5868301
101.2743988
129.7529297
127.5393829
121.3893814
115.1405029
88.2632294
57.8832626
35.2275467
15.3891039
4.2346363
9.6636496
22.8780212
41.8833580
71.5896912
88.8862457
78.7765045
59.6022987
45.6460800
49.8196030
54.8479424
40.4739151
23.2915325
7.1180210
8.9712915
27.5803013
64.2182999
66.2919922
48.9517174
42.5712662
29.4871674
22.5964336
50.2900238
71.1578827
60.7660675
43.2073288
28.7093239
13.9918280
2.4176741
6.0875316
26.9324589
74.4291000
91.7852249
63.8627090
27.6760674
7.8237677
2.7210951
3.7526417
26.1029549
76.1670151
101.7631149
71.4610748
32.2986412
12.5918732
7.9322276
5.6853485
6.9662910
9.9325142
10.7418861
15.6423512
38.3311577
55.3717651
56.2688293
47.9319572
37.7208405
30.4278374
24.5338745
20.0877609
15.8508673
14.6823168
28.1911697
36.2157593
37.9209328
47.0607643
60.9686699
50.6270180
34.5357933
25.8763027
57.8367882
69.7698669
74.1036377
71.0194016
42.5683327
17.1906433
14.3700504
16.6653023
14.3467693
7.4336433
2.7404225
2.0443821
1.4478321
0.7870421
0.3319649
0.7292844
5.1518168
9.8982449
7.5732241
1.3601686
0.3473012
0.2038868
0.1939325
0.3280210
0.4063931
0.9804497
3.5150113
7.8872542
10.7061090
10.6588840
11.3525085
11.1558352
7.8459520
4.5431890
6.6819439
15.0316210
25.4918823
41.5525436
42.2792549
26.8888931
12.7639971
11.0958004
19.5255451
19.7879505
13.3962345
8.3364420
5.2813249
3.1854069
1.9962904
0.6485001
0.3633492
0.8988957
1.6632433
2.9623158
5.9189243
31.2611465
99.6765213
162.7621460
153.3967590
76.7619858
28.2765560
32.4809761
23.7811127
15.0858068
21.3850269
47.9369812
75.1674118
90.1051254
97.3015213
108.5097504
104.4326172
78.7436447
53.8002548
19.7785740
74.1610870
85.4223633
69.8837357
56.8149376
42.7490158
27.9881248
12.1744633
3.3914192
0.7365854
0.6544583
0.5376663
0.5630511
0.5478392
0.6682721
0.6576879
0.5210907
0.4876733
0.4402373
0.3195419
0.3866832
0.4047603
0.5466141
0.6620147
0.8870659
0.9617251
0.6558600
0.4340125
0.4551670
0.5078536
2.4841535
7.5393162
12.3719597
13.9883633
13.5238371
12.1827440
9.1072006
4.9714026
25.6866550
90.3181686
159.1274719
171.6034698
118.7678909
83.5311584
53.7439041
22.5491238
27.6796627
37.3587418
13.8416185
4.4460645
9.7312565
60.0846481
153.3608551
156.1184845
115.3604889
65.5974121
30.9951839
68.6247787
139.7413483
133.3954010
91.8782425
73.7983475
43.5818901
24.9828777
15.7298307
89.9456177
140.9168854
120.4905319
86.3473892
49.6256256
55.9697380
72.3958359
42.1440468
8.1001539
0.8535087
1.1253872
17.9996548
84.0517578
152.0104370
175.3232880
135.5575104
68.0132599
50.6788406
56.8241081
51.8592567
50.4286880
45.4865074
38.0921211
68.9328690
75.3514709
60.2447815
38.0983582
19.1240273
8.0119524
26.2778740
29.2240124
29.3342361
28.9709492
21.4301682
22.5561714
24.8050690
24.5449219
17.1040421
8.6551409
2.2398860
1.1822803
0.7939986
0.5173306
1.7158958
3.8147955
5.5992489
10.3238077
14.8489923
11.9100933
3.4354603
0.7241242
0.1821820
0.2078387
0.2978795
0.3396643
0.4265100
0.7044247
3.0559566
9.9562511
21.6494637
33.2743568
38.4528885
32.1182022
18.4256039
8.7005596
6.1318107
14.7132521
39.1705246
58.8986282
61.8698349
50.2921448
31.5840034
19.4980679
18.7075100
9.0298853
1.8911719
1.1647867
1.2613077
3.3279233
5.4771600
8.3757858
8.6894741
12.0058937
31.0117283
80.4177017
122.5137558
125.8454895
88.4246826
38.9034271
31.6723270
82.4350204
123.2063599
77.8084869
21.1593208
21.0887909
22.9109783
14.4228802
4.5614986
6.5883856
25.3598499
71.0685043
104.9386292
96.1343536
67.9396515
58.2824669
54.6683540
48.2561188
35.2037354
1.9809563
1.6334028
2.1591375
2.7650867
17.0020676
52.5577965
72.1584244
61.7641869
51.5460129
45.6551971
41.9799385
23.8166809
16.9198246
52.6437531
110.9383621
131.1900635
80.5280914
27.6484966
2.8212197
2.5908988
8.8815203
25.3462315
31.8870468
30.1173592
39.9856873
89.3858948
147.6935120
147.0125732
111.1630936
95.1585236
62.8107033
16.2043266
0.5441902
0.4142780
3.0787494
27.9730301
91.8587494
125.4803772
106.4245224
62.2750015
43.4982033
38.5693550
7.7990861
2.9172268
7.9331536
13.9480953
12.4872799
3.3726494
1.0042486
1.5854080
17.5964031
59.6149101
90.3047028
78.4828873
49.5824356
23.7810898
25.6031837
29.0904808
23.1689358
17.0023823
21.2749462
32.5017281
32.4685898
12.4262867
4.4895444
21.1223640
49.9548798
53.8346291
40.4185066
38.8016090
44.5309715
37.4764290
30.2528324
19.4502335
6.4875479
0.9149907
0.5515018
0.9324001
0.7359383
0.7574013
1.1214720
1.1113145
0.6141915
0.3521569
0.3264933
0.4251924
0.7393400
0.8066784
0.6210637
0.4595629
0.3354774
0.3514373
0.3156962
0.1555364
0.0306809
0.0020825
0.0000164
0.0000000
0.0000000
0.0000000
0.0000000
0.0000000
0.0000000
0.0000000
0.0000000
0.0000000
0.0000000
0.0000000
0.0000000
0.0000000
0.0000000
0.0000000
0.0000000
0.0000000
0.0000000
0.0000000
0.0000000
0.0000000
0.0000000
0.0000000
0.0000000
0.0000000
0.0000000
0.0000000
0.0000000
0.0000000
0.0000000
0.0000000
0.0000000
0.0000000
0.0000000
0.0000000
0.0000000
0.0000000
0.0000000
0.0000000
0.0000000
0.0000000
0.0000000
0.0000000
0.0000000
0.0000000
0.0000000
0.0000000
0.0000000
0.0000000
0.0000000
0.0000000
0.0000000
0.0000000
0.0000000
0.0000000
0.0000000
0.0000000
0.0000000
0.0000000
0.0000000
0.0000000
0.0000000
0.0000000
0.0000000
0.0000000
0.0000000
0.0000000
0.0000000
0.0000000
0.0000000
0.0000000
0.0000000
0.0000000
0.0000000
0.0000000
0.0000000
0.0000000
0.0000000
0.0000000
0.0000000
0.0000000
0.0000000
0.0000000
0.0000000
0.0000000
0.0000000
0.0000000
0.0000000
0.0000000
0.0000000
0.0000000
0.0000000
0.0000000
0.0000000
0.0000000
0.0000000
0.0000000
0.0000000
0.0000000
0.0000000
0.0000000
0.0000000
0.0000000
0.0000000
0.0000000
0.0000000
0.0000000
0.0000000
0.0000000
0.0000000
0.0000000
0.0000000
0.0000000
0.0000000
0.0000000
0.0000000
0.0000000
0.0000000
0.0000000
0.0000000
0.0000000
0.0000000
0.0000000
0.0000000
0.0000000
0.0000000
0.0000000
0.0000000
0.0000000
0.0000000
0.0000000
0.0000000
0.0000000
0.0000000
0.0000000
0.0000000
0.0000000
0.0000000
0.0000000
0.0000000
0.0000000
0.0000000
0.0000000
0.0000000
0.0000000
0.0000000
0.0000000
0.0000000
0.0000000
0.0000000
0.0000000
0.0000000
0.0000000
0.0000000
0.0000000
0.0000000
0.0000000
0.0000000
0.0000000
0.0000000
0.0000000
0.0000000
0.0000000
0.0000000
0.0000000
0.0000000
0.0000000
0.0000000
0.0000000
0.0000000
0.0000000
0.0000000
0.0000000
0.0000000
0.0000000
0.0000000
0.0000000
0.0000000
0.0000000
0.0000000
0.0000000
0.0000000
0.0000000
0.0000000
0.0000000
0.0000000
0.0000000
0.0000000
0.0000000
0.0000000
0.0000000
0.0000000
0.0000000
0.0000000
0.0000000
0.0000000
0.0000000
0.0000000
0.0000000
0.0000000
0.0000000
0.0000000
0.0000000
0.0000000
0.0000000
0.0000000
0.0000000
0.0000000
0.0000000
0.0000000
0.0000000
0.0000000
0.0000000
0.0000000
0.0000000
0.0000000
0.0000000
0.0000000
0.0000000
0.0000000
0.0000000
0.0000000
0.0000000
0.0000000
0.0000000
0.0000000
0.0000000
0.0000000
0.0000000
0.0000000
0.0000000
0.0000000
0.0000000
0.0000000
0.0000000
0.0000000
0.0000000
0.0000000
0.0000000
0.0000000
0.0000000
0.0000000
0.0000000
0.0000000
0.0000000
0.0000000
0.0000000
0.0000000
0.0000000
0.0000000
0.0000000
0.0000000
0.0000000
0.0000000
0.0000000
0.0000000
0.0000000
0.0000000
0.0000000
0.0000000
0.0000000
0.0000000
0.0000000
0.0000000
0.0000000
0.0000000
0.0000000
0.0000000
0.0000000
0.0000000
0.0000000
0.0000000
0.0000000
0.0000000
0.0000000
0.0000000
0.0000000
0.0000000
0.0000000
0.0000000
0.0000000
0.0000000
0.0000000
0.0000000
0.0000000
0.0000000
0.0000000
0.0000000
0.0000000
0.0000000
0.0000000
0.0000000
0.0000000
0.0000000
0.0000000
0.0000000
0.0000000
0.0000000
0.0000000
0.0000000
0.0000000
0.0000000
0.0000000
0.0000000
0.0000000
0.0000000
0.0000000
0.0000000
0.0000000
0.0000000
0.0000000
0.0000000
0.0000000
0.0000000
0.0000000
0.0000000
0.0000000
0.0000000
0.0000000
0.0000000
0.0000000
0.0000000
0.0000000
0.0000000
0.0000000
0.0000000
0.0000000
0.0000000
0.0000000
0.0000000
0.0000000
0.0000000
0.0000000
0.0000000
0.0000000
0.0000000
0.0000000
0.0000000
0.0000000
0.0000000
0.0000000
0.0000000
0.0000000
0.0000000
0.0000000
0.0000000
0.0000000
0.0000000
0.0000000
0.0000000
0.0000000
0.0000000
0.0000000
0.0000000
0.0000000
0.0000000
0.0000000
0.0000000
0.0000000
0.0000000
0.0000000
0.0000000
0.0000000
0.0000000
0.0000000
0.0000000
0.0000000
0.0000000
0.0000000
0.0000000
0.0000000
0.0000000
0.0000000
0.0000000
0.0000000
0.0000000
0.0000000
0.0000000
0.0000000
0.0000000
0.0000000
0.0000000
0.0000000
0.0000000
0.0000000
0.0000000
0.0000000
0.0000000
0.0000000
0.0000000
0.0000000
0.0000000
0.0000000
0.0000000
0.0000000
0.0000000
0.0000000
0.0000000
0.0000000
0.0000000
0.0000000
0.0000000
0.0000000
0.0000000
0.0000000
0.0000000
0.0000000
0.0000000
0.0000000
0.0000000
0.0000000
0.0000000
0.0000000
0.0000000
0.0000000
0.0000000
0.0000000
0.0000000
0.0000000
0.0000000
0.0000000
0.0000000
0.0000000
0.0000000
0.0000000
0.0000000
0.0000000
0.0000000
0.0000000
0.0000000
0.0000000
0.0000000
0.0000000
0.0000000
0.0000000
0.0000000
0.0000000
0.0000000
0.0000000
0.0000000
0.0000000
0.0000000
0.0000000
0.0000000
0.0000000
0.0000000
0.0000000
0.0000000
0.0000000
0.0000000
0.0000000
0.0000000
0.0000000
0.0000000
0.0000000
0.0000000
0.0000000
0.0000000
0.0000000
0.0000000
0.0000000
0.0000000
0.0000000
0.0000000
0.0000000
0.0000000
0.0000000
0.0000000
0.0000000
0.0000000
0.0000000
0.0000000
0.0000000
0.0000000
0.0000000
0.0000000
0.0000000
0.0000000
0.0000000
0.0000000
0.0000000
0.0000000
0.0000000
0.0000000
0.0000000
0.0000000
0.0000000
0.0000000
0.0000000
0.0000000
0.0000000
0.0000000
0.0000000
0.0000000
0.0000000
0.0000000
0.0000000
0.0000000
0.0000000
0.0000000
0.0000000
0.0000000
0.0000000
0.0000000
0.0000000
0.0000000
0.0000000
0.0000000
0.0000000
0.0000000
0.0000000
0.0000000
0.0000000
0.0000000
0.0000000
0.0000000
0.0000000
0.0000000
0.0000000
0.0000000
0.0000000
0.0000000
0.0000000
0.0000000
0.0000000
0.0000000
0.0000000
0.0000000
0.0000000
0.0000000
0.0000000
0.0000000
0.0000000
0.0000000
0.0000000
0.0000000
0.0000000
0.0000000
0.0000000
0.0000000
0.0000000
0.0000000
0.0000000
0.0000000
0.0000000
0.0000000
0.0000000
0.0000000
0.0000000
0.0000000
0.0000000
0.0000000
0.0000000
0.0000000
0.0000000
0.0000000
0.0000000
0.0000000
0.0000000
0.0000000
0.0000000
0.0000000
0.0000000
0.0000000
0.0000000
0.0000000
0.0000000
0.0000000
0.0000000
0.0000000
0.0000000
0.0000000
0.0000000
0.0000000
0.0000000
0.0000000
0.0000000
0.0000000
0.0000000
0.0000000
0.0000000
0.0000000
0.0000000
0.0000000
0.0000000
0.0000000
0.0000000
0.0000000
0.0000000
0.0000000
0.0000000
0.0000000
0.0000000
0.0000000
0.0000000
0.0000000
0.0000000
0.0000000
0.0000000
0.0000000
0.0000000
0.0000000
0.0000000
0.0000000
0.0000000
0.0000000
0.0000000
0.0000000
0.0000000
0.0000000
0.0000000
0.0000000
0.0000000
0.0000000
0.0000000
0.0000000
0.0000000
0.0000000
0.0000000
0.0000000
0.0000000
0.0000000
0.0000000
0.0000000
0.0000000
0.0000000
0.0000000
0.0000000
0.0000000
0.0000000
0.0000000
0.0000000
0.0000000
0.0000000
0.0000000
0.0000000
0.0000000
0.0000000
0.0000000
0.0000000
0.0000000
0.0000000
0.0000000
0.0000000
0.0000000
0.0000000
0.0000000
0.0000000
0.0000000
0.0000000
0.0000000
0.0000000
0.0000000
0.0000000
0.0000000
0.0000000
0.0000000
0.0000000
0.0000000
0.0000000
0.0000000
0.0000000
0.0000000
0.0000000
0.0000000
0.0000000
0.0000000
0.0000000
0.0000000
0.0000000
0.0000000
0.0000000
0.0000000
0.0000000
0.0000000
0.0000000
0.0000000
0.0000000
0.0000000
0.0000000
0.0000000
0.0000000
0.0000000
0.0000000
0.0000000
0.0000000
0.0000000
0.0000000
0.0000000
0.0000000
0.0000000
0.0000000
0.0000000
0.0000000
0.0000000
0.0000000
0.0000000
0.0000000
0.0000000
0.0000000
0.0000000
0.0000000
0.0000000
0.0000000
0.0000000
0.0000000
0.0000000
0.0000000
0.0000000
0.0000000
0.0000000
0.0000000
0.0000000
0.0000000
0.0000000
0.0000000
0.0000000
0.0000000
0.0000000
0.0000000
0.0000000
0.0000000
0.0000000
0.0000000
0.0000000
0.0000000
0.0000351
0.1759957
0.8542473
1.6456848
1.8446553
1.4289364
1.0001036
0.6783208
0.5507999
0.4447265
0.4205088
0.3036501
0.2412148
0.2993064
0.4283405
0.3966485
0.3813266
0.4815794
0.4852567
0.5674795
0.5266433
0.5016698
0.8348191
2.2807131
4.7234912
7.9551835
13.3056622
20.8684177
29.4770088
35.0888214
34.9405556
32.1731148
29.4247112
25.5214596
34.5047569
41.1613541
38.9824677
36.0837784
39.7315903
41.0685005
39.9234619
34.4816322
30.6796227
28.9749088
28.9449921
34.8625717
36.3368263
38.6355553
43.7607155
44.4166718
42.3260078
33.9195404
28.6003342
22.6402225
19.3015461
20.7791519
22.3240852
20.2076092
17.6727066
17.5544052
18.0101528
16.0559044
14.7575874
13.2016678
10.3817492
8.7986841
10.4905939
10.2689505
7.9985170
6.8199177
5.4778290
4.7918906
4.0462122
4.9670320
5.9243517
6.9860945
6.1224246
4.8068848
4.3293362
3.9913683
4.3418126
5.7263269
6.0032325
5.7637386
5.7184191
5.9309139
6.6325455
8.0483675
15.9901171
28.6118488
41.1348381
50.6175995
59.9343338
59.1749420
41.7788124
33.3840561
32.3278198
26.1169205
27.0143833
48.8417282
125.9885178
157.4482727
135.3743134
111.8794022
87.2627563
49.1261368
116.9878082
116.6244202
92.8716278
68.8665009
33.5828552
49.9767647
99.6919098
102.1222382
95.2011414
74.4828262
51.6274261
21.8403721
34.4019585
24.8210812
24.6096935
39.4077988
29.4448166
52.2994919
58.0089684
41.2144928
20.2192802
9.0852451
7.1914639
6.1528721
6.0308700
6.7540464
20.3140221
37.6581230
47.2676659
49.7473221
48.8455048
37.2796288
38.6018066
68.0265884
90.0831757
92.1977081
79.4274139
64.4158783
40.2000237
17.0356503
11.4446974
13.2877874
13.7935734
34.9454460
63.5464935
71.4946518
51.3056183
23.7474861
16.1772842
20.6851254
24.1630936
22.0683403
13.3212976
6.6568732
8.4216557
24.5060444
35.1877556
24.1559486
11.8318291
21.7965107
53.1112862
71.1671753
66.1458435
50.0806808
32.2829628
27.7186775
20.8929787
17.4693680
13.1664333
16.5080910
23.1552811
15.4578943
10.3680582
8.8424721
8.6909609
8.3526220
8.0340710
16.0411377
30.0988636
38.0366135
30.9590321
21.0608273
14.2484455
9.7019367
15.9407921
18.5252438
11.0442085
6.4598193
2.9228189
0.8028144
1.0481753
1.0691736
0.8426588
0.5813777
0.4859024
0.6116348
0.5302681
0.5600652
0.6226408
0.5376144
0.5939088
0.5984336
0.6108866
0.5254597
0.3766539
0.4487944
0.4285481
0.5164599
0.5754444
0.8354443
0.9071203
1.0738926
1.8991579
15.0118704
49.2098083
79.3457718
76.0599213
51.5440865
37.0072784
27.8094044
25.2523842
25.4474087
21.5194149
18.3543549
13.3208513
10.8516226
22.6184368
48.1627846
46.8014984
34.6367569
21.7273464
15.8690643
23.0313606
33.9533730
28.7913532
13.2600775
12.3681211
12.3987789
8.0407286
26.0718250
60.6865654
76.9668350
60.5436668
31.2703705
25.2193413
42.1966095
66.3542938
89.9362946
93.9904022
79.4091644
55.8837242
21.0916214
23.1285782
47.6704063
25.4965172
6.9922309
2.1270223
1.8274235
1.0076405
0.6206953
0.5464550
0.6120902
0.5925473
0.3406484
0.3709681
0.5354897
0.7835521
0.7819324
0.6412480
0.5491396
0.3970602
0.4328053
0.5913484
0.9375283
1.7685742
7.7635503
27.7338219
52.0001793
65.4824524
60.0175285
38.9009743
18.0669670
8.1469593
15.9753494
33.6809883
59.4371719
84.7423706
81.7545471
52.9980011
18.5881214
11.3494015
2.1252337
1.8141668
2.4392338
0.7697271
0.1438673
3.6317072
39.1627922
98.8930130
129.9325104
108.4843140
75.4669495
60.7755623
56.4757843
43.7009659
33.9018784
17.9609261
11.7825642
14.8116779
39.5288467
57.8829803
47.5573654
31.5463181
22.0398426
15.5197048
12.0591354
12.4103403
19.5338669
46.0464554
68.3501053
64.9485321
52.0998650
42.5404205
30.8806953
37.7700005
30.6193790
24.9305859
35.3062172
29.8484840
7.0928116
4.3581882
2.9452262
2.3474135
0.9434445
0.2498102
0.2145085
1.7112654
7.5965710
13.1623945
16.4846706
16.1092854
12.6661482
7.3938136
4.7785692
17.7944851
41.9256363
58.7950020
56.2489548
44.9475327
26.7413368
23.8134499
23.3373699
18.0354233
10.8553820
4.7227478
16.2410393
35.7994995
41.5153046
37.4376335
24.8079357
16.6995144
14.4810104
12.6730413
17.1585140
29.6617317
34.7534561
24.6806068
15.5012655
11.6430349
14.7422218
17.8282814
8.8243971
0.6227624
0.3401887
0.6199373
2.9912910
12.2652216
28.8668385
45.2439346
44.4775772
31.0062675
22.6028900
21.2759438
24.7126274
20.1088810
11.7373219
6.6124821
4.8904963
6.2874188
6.8604093
6.6984100
6.6731939
4.6700444
2.3115621
2.1352024
3.6737998
5.8856044
7.6146874
7.8960915
8.5314751
9.5607424
10.2830687
9.9561968
8.9253941
7.8349628
7.7237358
8.7167807
8.5551987
6.9316759
5.5146966
3.7507122
2.0743148
1.2710277
0.8324856
0.6873896
0.4087896
0.2332461
0.2397092
0.4367594
0.6071918
0.5090498
0.2885354
0.3053746
0.5186771
0.7520739
0.7295547
0.6664069
0.7347747
0.7013141
0.8520320
0.8226146
0.9290026
1.0305564
1.2151270
1.3369468
1.4669995
1.6613662
1.7931165
1.9165869
1.8412856
1.8793292
1.9899256
1.9566764
2.0458498
2.1470976
2.1805074
2.1674519
2.3010020
2.4456620
2.9859216
3.1788573
2.8941040
2.5287044
2.6558228
3.2078545
3.6463418
3.5312843
3.3122435
3.2446537
3.3631377
3.5604174
3.8613415
3.7237606
3.4102569
2.9993157
2.5125079
2.5650928
2.0379722
1.6964648
1.6957116
1.8233227
1.7298489
1.5932136
1.5919565
1.2733423
0.8023493
1.5662861
6.8202448
15.3441744
22.3073387
27.2688656
29.7595749
30.6904392
29.3909607
32.6606293
42.2640839
52.1279106
51.7827682
46.6602783
41.2283211
32.8546677
36.2270660
64.2059250
80.3327255
81.5535889
74.5661697
64.9319382
65.0433350
65.8131180
49.5196762
31.1277084
15.8034887
5.4605393
8.9012671
12.1529217
8.1339712
22.7935791
59.3258591
78.3708649
61.2195206
38.7927284
23.8207340
28.2780514
24.6417351
22.6242523
18.0597687
14.7519884
24.2755833
19.3235760
39.1985779
75.4980774
85.6543961
54.1384811
26.2263069
15.0859213
3.4720507
0.2428104
0.3833790
4.1418524
19.4230404
32.7003441
34.2144775
21.9723339
11.6743698
6.7548637
10.9138079
34.3687286
66.2905350
82.6816406
81.3263092
76.9304886
82.9050827
94.9802170
67.0658493
34.1496239
22.3550510
20.6209869
26.7158775
37.4789276
24.7503815
9.2923489
5.6046391
5.5458131
6.4454732
12.9483051
26.3329296
35.1714783
30.5205421
23.8400059
24.5038757
33.5851631
41.6881752
40.5047760
33.9742432
36.8963203
30.7623310
20.1862221
14.0228653
11.8787775
6.9854870
2.3033698
1.2200649
1.1965504
1.5640671
1.0735757
0.2944347
4.6796818
30.1395016
64.6759338
71.4100342
48.0420303
30.8354950
26.2626991
49.5884094
65.3604584
72.7711868
73.7685699
65.1196671
51.8226585
35.5995941
11.3274364
10.0850725
23.1680336
19.3790169
16.2653561
21.9506989
33.2475548
43.3489761
53.2218094
59.8454094
49.6557579
32.1246223
20.2540359
12.1217003
7.5221815
6.0890465
9.0140305
23.9504623
47.0806503
53.0189018
46.3151398
30.3299103
13.2442217
6.0958767
5.9290371
9.4704866
13.5449514
13.7815771
2.0965633
0.1190253
4.3092432
37.7550621
80.0873718
90.9252319
83.4198532
70.2462387
54.7604523
31.6784592
19.6427059
34.4310837
15.7259369
6.1042032
5.0593948
32.3868980
43.2455444
33.7198639
25.8747368
28.8006573
27.6950493
19.1658611
8.1987295
2.2693613
3.8764889
20.7111855
66.5717621
99.6091766
99.3524170
77.8496780
55.8799744
38.1168137
37.6434212
51.0122375
38.4617386
32.2533798
46.6826210
61.6908531
71.2740631
70.7448578
61.2458649
45.7766190
26.0311623
16.0900555
12.0129633
12.2674227
16.1502342
16.0475388
8.2268257
1.8630706
2.0293515
2.8346024
3.0936801
2.3597887
1.7258255
1.4846333
1.3388935
1.2894945
1.0912886
0.7147083
0.8579267
0.7925109
0.6527244
0.3008545
0.3201724
0.3063050
0.3604515
0.4386952
0.4549182
0.3505067
0.3503134
0.4671038
0.6823756
0.5995913
0.3712994
0.3683078
0.3983032
0.3533502
0.4648079
0.5806245
0.6361573
0.6675036
0.7626890
1.1295193
1.3246109
1.1766419
1.2607883
1.5993861
2.0941448
2.1669264
2.4212954
2.5881712
2.6496482
2.5679226
2.5520706
2.2529485
2.3417873
2.4056067
2.2298307
2.4480736
2.6900289
2.7311726
2.4528599
2.3503819
2.5294509
2.2950203
2.0121181
1.6047291
1.8975625
1.9613703
1.9456482
1.9581600
1.7862235
1.6424640
1.4585031
1.1037941
0.8334764
0.8278680
0.7143500
0.4395859
0.3515464
2.1708884
12.0065527
29.2442017
48.3145447
62.5097504
67.1652756
66.1245499
56.5923157
50.1810150
40.5438576
37.3392982
38.1497650
38.0065231
34.1423035
30.6593399
29.2774353
24.8582249
18.2740440
15.4465733
14.6647921
15.5843534
15.1255598
15.4931602
12.7426758
10.3667154
9.3218594
9.1826525
10.4265041
10.4915638
12.3068638
14.6169186
17.3277073
19.2339401
19.8158245
22.8051071
40.3829079
58.0518494
54.1305656
30.6631641
13.9829359
11.5522213
8.1392031
2.6202476
0.6241480
3.7988348
18.2226524
43.1706161
57.8909874
49.1603165
30.5396919
20.5538940
15.5724106
17.4377041
30.8007202
51.5983887
70.6706390
88.8513107
116.6637955
126.8042145
97.4762726
45.9788094
8.1694584
0.6494648
0.2461142
0.4057515
2.9847331
4.8638935
1.8225040
6.6374130
20.9473267
28.7156143
20.4563160
10.0293074
6.0694857
5.1036167
5.1376319
5.0351591
4.9529886
4.0681272
3.7278862
3.2291148
2.4164004
1.6481627
1.6205075
1.4542087
1.2941673
0.8329273
0.5771649
0.6135116
0.5842190
0.8117996
0.8952622
0.7769758
0.4092093
0.3018309
0.3214668
0.5280178
0.5585395
0.5608403
0.5827939
0.5251521
0.4434998
0.3844872
0.3774418
0.4959543
0.6114304
0.5526916
0.5401097
0.5102435
0.5135388
2.0192540
10.3347664
20.7254829
21.9415913
14.8746948
8.9401703
10.1200294
10.1794195
8.1230659
5.9229317
4.8753967
3.1983471
2.8444386
2.9931622
2.7867632
1.4759111
1.7331226
4.0111980
7.2405634
9.6409416
11.1181345
23.2820110
47.1826744
65.4249954
79.4939957
91.6101685
86.6613770
67.4571381
45.3337936
19.4613075
47.8795166
62.3753853
45.1379700
23.8105373
11.6615295
4.6501126
14.4600000
40.8686142
48.2560501
45.8250694
33.6284828
22.3696365
14.0706406
11.8474913
14.4631968
9.5914354
4.4448562
1.9370766
0.9100746
2.2443459
5.3923779
4.5169263
1.7620132
1.8784071
1.2303145
0.8461701
0.5592290
0.3848566
0.3202102
0.4920816
0.8009363
0.9172838
0.6221958
0.4590255
0.6327497
0.6007783
0.4659023
0.3502824
0.3367913
0.4749904
0.6136076
0.6644906
0.6297709
0.5233918
0.4672512
0.5292364
0.5467490
0.5361958
0.5615048
0.4899035
0.5462962
0.5535916
0.4811389
0.4021590
0.5753989
0.6225075
0.5257751
0.4970999
0.4506167
0.5434761
0.4894550
0.5441689
0.5070714
0.4722410
0.3463746
0.3274027
0.4179944
0.6133520
1.1071484
3.8219335
16.8270626
36.9928589
53.6760025
56.9647179
43.5287895
28.6080990
18.4404583
21.1301117
29.4570961
28.8174553
17.9489498
13.0896082
12.7267237
11.4587946
13.8688812
19.6359425
21.5445194
20.4313126
27.9148102
30.0076141
29.3932285
25.1552639
18.4171505
12.4075432
6.1561298
1.3126346
0.7955882
8.5773449
28.7505074
31.9605675
17.0915928
14.7434187
20.7233715
19.2510986
13.7228861
17.3546982
24.5864296
23.9733105
19.8122101
14.9282513
13.7787704
13.4723625
13.3661985
24.4593678
38.6200027
41.2665062
34.3663177
29.6765194
23.0683403
22.8157368
20.4448433
13.2056675
4.4400654
0.4394244
0.4455319
4.4949713
15.3568687
23.6831398
17.8226051
10.4899778
14.0846386
14.4321270
6.2990875
1.9837116
8.1929541
25.4411411
36.9767189
27.1134129
19.3013058
14.9154091
11.2369452
10.3637362
18.8293152
31.8358421
30.4845085
18.5642929
12.8193941
15.0717182
16.6828365
13.1058683
10.1808605
6.9407940
3.3040471
0.7021286
0.2797185
0.1896686
0.3029938
0.3748174
0.4517184
2.0238233
6.8815308
9.7329578
6.0596590
0.6752028
0.2816912
0.4365080
0.4245286
0.3510957
0.4132429
0.4466745
0.4573087
0.3770172
0.3053022
0.3312542
0.4970990
0.5113060
0.5282111
0.4979041
0.4806101
0.6495905
0.6287861
0.4038284
0.2748605
0.2794581
0.1339149
0.0159636
0.0012044
0.0000000
0.0000000
0.0000000
0.0000000
0.0000000
0.0000000
0.0000000
0.0000000
0.0000000
0.0000000
0.0000000
0.0000000
0.0000000
0.0000000
0.0000000
0.0000000
0.0000000
0.0000000
0.0000000
0.0000000
0.0000000
0.0000000
0.0000000
0.0000000
0.0000000
0.0000000
0.0000000
0.0000000
0.0000000
0.0000000
0.0000000
0.0000000
0.0000000
0.0000000
0.0000000
0.0000000
0.0000000
0.0000000
0.0000000
0.0000000
0.0000000
0.0000000
0.0000000
0.0000000
0.0000000
0.0000000
0.0000000
0.0000000
0.0000000
0.0000000
0.0000000
0.0000000
0.0000000
0.0000000
0.0000000
0.0000000
0.0000000
0.0000000
0.0000000
0.0000000
0.0000000
0.0000000
0.0000000
0.0000000
0.0000000
0.0000000
0.0000000
0.0000000
0.0000000
0.0000000
0.0000000
0.0000000
0.0000000
0.0000000
0.0000000
0.0000000
0.0000000
0.0000000
0.0000000
0.0000000
0.0000000
0.0000000
0.0000000
0.0000000
0.0000000
0.0000000
0.0000000
0.0000000
0.0000000
0.0000000
0.0000000
0.0000000
0.0000000
0.0000000
0.0000000
0.0000000
0.0000000
0.0000000
0.0000000
0.0000000
0.0000000
0.0000000
0.0000000
0.0000000
0.0000000
0.0000000
0.0000000
0.0000000
0.0000000
0.0000000
0.0000000
0.0000000
0.0000000
0.0000000
0.0000000
0.0000000
0.0000000
0.0000000
0.0000000
0.0000000
0.0000000
0.0000000
0.0000000
0.0000000
0.0000000
0.0000000
0.0000000
0.0000000
0.0000000
0.0000000
0.0000000
0.0000000
0.0000000
0.0000000
0.0000000
0.0000000
0.0000000
0.0000000
0.0000000
0.0000000
0.0000000
0.0000000
0.0000000
0.0000000
0.0000000
0.0000000
0.0000000
0.0000000
0.0000000
0.0000000
0.0000000
0.0000000
0.0000000
0.0000000
0.0000000
0.0000000
0.0000000
0.0000000
0.0000000
0.0000000
0.0000000
0.0000000
0.0000000
0.0000000
0.0000000
0.0000000
0.0000000
0.0000000
0.0000000
0.0000000
0.0000000
0.0000000
0.0000000
0.0000000
0.0000000
0.0000000
0.0000000
0.0000000
0.0000000
0.0000000
0.0000000
0.0000000
0.0000000
0.0000000
0.0000000
0.0000000
0.0000000
0.0000000
0.0000000
0.0000000
0.0000000
0.0000000
0.0000000
0.0000000
0.0000000
0.0000000
0.0000000
0.0000000
0.0000000
0.0000000
0.0000000
0.0000000
0.0000000
0.0000000
0.0000000
0.0000000
0.0000000
0.0000000
0.0000000
0.0000000
0.0000000
0.0000000
0.0000000
0.0000000
0.0000000
0.0000000
0.0000000
0.0000000
0.0000000
0.0000000
0.0000000
0.0000000
0.0000000
0.0000000
0.0000000
0.0000000
0.0000000
0.0000000
0.0000000
0.0000000
0.0000000
0.0000000
0.0000000
0.0000000
0.0000000
0.0000000
0.0000000
0.0000000
0.0000000
0.0000000
0.0000000
0.0000000
0.0000000
0.0000000
0.0000000
0.0000000
0.0000000
0.0000000
0.0000000
0.0000000
0.0000000
0.0000000
0.0000000
0.0000000
0.0000000
0.0000000
0.0000000
0.0000000
0.0000000
0.0000000
0.0000000
0.0000000
0.0000000
0.0000000
0.0000000
0.0000000
0.0000000
0.0000000
0.0000000
0.0000000
0.0000000
0.0000000
0.0000000
0.0000000
0.0000000
0.0000000
0.0000000
0.0000000
0.0000000
0.0000000
0.0000000
0.0000000
0.0000000
0.0000000
0.0000000
0.0000000
0.0000000
0.0000000
0.0000000
0.0000000
0.0000000
0.0000000
0.0000000
0.0000000
0.0000000
0.0000000
0.0000000
0.0000000
0.0000000
0.0000000
0.0000000
0.0000000
0.0000000
0.0000000
0.0000000
0.0000000
0.0000000
0.0000000
0.0000000
0.0000000
0.0000000
0.0000000
0.0000000
0.0000000
0.0000000
0.0000000
0.0000000
0.0000000
0.0000000
0.0000000
0.0000000
0.0000000
0.0000000
0.0000000
0.0000000
0.0000000
0.0000000
0.0000000
0.0000000
0.0000000
0.0000000
0.0000000
0.0000000
0.0000000
0.0000000
0.0000000
0.0000000
0.0000000
0.0000000
0.0000000
0.0000000
0.0000000
0.0000000
0.0000000
0.0000000
0.0000000
0.0000000
0.0000000
0.0000000
0.0000000
0.0000000
0.0000000
0.0000000
0.0000000
0.0000000
0.0000000
0.0000000
0.0000000
0.0000000
0.0000000
0.0000000
0.0000000
0.0000000
0.0000000
0.0000000
0.0000000
0.0000000
0.0000000
0.0000000
0.0000000
0.0000000
0.0000000
0.0000000
0.0000000
0.0000000
0.0000000
0.0000000
0.0000000
0.0000000
0.0000000
0.0000000
0.0000000
0.0000000
0.0000000
0.0000000
0.0000000
0.0000000
0.0000000
0.0000000
0.0000000
0.0000000
0.0000000
0.0000000
0.0000000
0.0000000
0.0000000
0.0000000
0.0000000
0.0000000
0.0000000
0.0000000
0.0000000
0.0000000
0.0000000
0.0000000
0.0000000
0.0000000
0.0000000
0.0000000
0.0000000
0.0000000
0.0000000
0.0000000
0.0000000
0.0000000
0.0000000
0.0000000
0.0000000
0.0000000
0.0000000
0.0000000
0.0000000
0.0000000
0.0000000
0.0000000
0.0000000
0.0000000
0.0000000
0.0000000
0.0000000
0.0000000
0.0000000
0.0000000
0.0000000
0.0000000
0.0000000
0.0000000
0.0000000
0.0000000
0.0000000
0.0000000
0.0000000
0.0000000
0.0000000
0.0000000
0.0000000
0.0000000
0.0000000
0.0000000
0.0000000
0.0000000
0.0000000
0.0000000
0.0000000
0.0000000
0.0000000
0.0000000
0.0000000
0.0000000
0.0000000
0.0000000
0.0000000
0.0000000
0.0000000
0.0000000
0.0000000
0.0000000
0.0000000
0.0000000
0.0000000
0.0000000
0.0000000
0.0000000
0.0000000
0.0000000
0.0000000
0.0000000
0.0000000
0.0000000
0.0000000
0.0000000
0.0000000
0.0000000
0.0000000
0.0000000
0.0000000
0.0000000
0.0000000
0.0000000
0.0000000
0.0000000
0.0000000
0.0000000
0.0000000
0.0000000
0.0000000
0.0000000
0.0000000
0.0000000
0.0000000
0.0000000
0.0000000
0.0000000
0.0000000
0.0000000
0.0000000
0.0000000
0.0000000
0.0000000
0.0000000
0.0000000
0.0000000
0.0000000
0.0000000
0.0000000
0.0000000
0.0000000
0.0000000
0.0000000
0.0000000
0.0000000
0.0000000
0.0000000
0.0000000
0.0000000
0.0000000
0.0000000
0.0000000
0.0000000
0.0000000
0.0000000
0.0000000
0.0000000
0.0000000
0.0000000
0.0000000
0.0000000
0.0000000
0.0000000
0.0000000
0.0000000
0.0000000
0.0000000
0.0000000
0.0000000
0.0000000
0.0000000
0.0000000
0.0000000
0.0000000
0.0000000
0.0000000
0.0000000
0.0000000
0.0000000
0.0000000
0.0000000
0.0000000
0.0000000
0.0000000
0.0000000
0.0000000
0.0000000
0.0000000
0.0000000
0.0000000
0.0000000
0.0000000
0.0000000
0.0000000
0.0000000
0.0000000
0.0000000
0.0000000
0.0000000
0.0000000
0.0000000
0.0000000
0.0000000
0.0000000
0.0000000
0.0000000
0.0000000
0.0000000
0.0000000
0.0000000
0.0000000
0.0000000
0.0000000
0.0000000
0.0000000
0.0390869
0.3787312
1.0199844
1.4663928
1.3692584
1.0582538
0.9770328
1.1502769
1.0064138
0.6268905
0.4803883
0.5959243
0.7925060
0.7742536
0.5641499
0.4983974
0.6955918
1.0094488
1.0478470
0.8398235
0.7415156
1.5453408
4.6182199
16.7562656
38.3267784
56.3807907
67.0224609
66.9644699
52.7668839
30.8290291
16.2376175
14.2294111
4.8608112
1.1277549
0.3604340
1.5205568
11.5195494
27.5544949
48.5697861
71.2341919
78.1163940
70.8556747
52.0677643
30.2996540
12.2436781
17.2881584
12.5986500
4.5984468
8.8855724
7.3774662
2.4056277
0.6530671
0.3584047
2.5640762
27.0281830
89.8594360
154.9187469
174.4690552
140.4683075
111.2040634
71.1928329
30.9737301
9.0664291
11.5005074
33.2634048
47.0288925
28.8976650
12.9291019
7.6739802
3.3348498
4.4412985
19.5478001
38.2451286
48.2789001
44.8785820
32.3498535
22.5310097
15.1503401
8.9262028
3.2964499
2.9270535
13.5967913
38.0008621
61.7200890
65.0637512
50.8220520
35.1662560
26.4906063
30.9131126
26.8480797
21.7518692
42.2115707
70.1135788
71.3229065
52.4719238
32.4842567
18.8019772
24.9816914
25.6471348
29.9999313
33.1272507
33.9183960
42.6113129
53.8032227
53.2059517
42.8900223
26.9794998
12.2498665
3.3048806
0.6374488
2.1458247
16.7701378
40.8130417
59.1404343
59.4527130
56.4222755
54.8347969
40.5131607
26.2554626
17.6722870
32.6770782
40.4708061
36.9548302
28.7205296
21.4183559
24.4293957
31.7579460
42.2788124
40.7269440
32.5046043
26.9240952
19.4406509
10.3543091
4.6379623
3.2848411
6.3071632
12.5009069
18.5320206
20.9789467
19.4840355
13.2669783
6.3770018
3.0651560
3.0245378
2.7240806
5.4323115
13.9430828
24.4206161
25.6487808
19.3050117
11.6237860
8.4641056
8.5289268
9.1389465
9.4920425
8.7642479
7.3218932
5.6240544
4.4840078
3.7146130
2.7694118
1.8827842
1.6465715
1.1952643
0.8530397
0.6979371
0.4512189
0.4584754
0.4992690
0.5463243
0.5253852
0.4004945
0.2642756
0.3855058
0.5214330
0.5948594
0.6105297
0.5028263
0.3417426
0.3301247
0.4416969
0.4688548
0.3706163
0.3719805
0.5795891
0.5764650
0.4297093
0.4746035
1.9054582
7.8710380
17.5129089
27.9348049
34.7842751
29.6138840
14.7957745
6.7322311
5.1313386
4.1386685
2.4019508
1.6429563
1.3759233
0.7003843
2.3505819
12.8472977
24.1427956
29.8619862
29.5249691
29.5906696
26.3911896
18.9020042
11.5156784
14.7675714
14.6662483
3.3416128
0.7173535
6.7184510
33.2580948
62.2864304
66.1260834
63.7522964
61.3607292
70.4831085
79.1635895
101.9797897
115.1189270
88.8357544
40.7026100
7.4259586
1.9479773
1.0167019
6.1797175
10.7816858
12.0677814
9.6515331
7.9931855
10.8255825
29.0860157
56.9738846
70.7592468
65.1607590
55.1482773
32.8493042
16.0385551
3.4254301
0.2613441
0.2466493
2.2902079
12.6476412
28.9588852
41.4373627
40.1425972
24.4251080
13.9060173
19.7882385
24.4153671
19.2869568
9.4983311
2.9370286
2.4102397
12.3473406
25.7874451
31.0392036
28.3687687
27.9739017
25.2906570
22.4090576
25.9298191
47.7810478
67.5283966
63.4390717
45.7174225
29.2432098
15.6787853
9.4208012
6.6186123
6.0833402
17.0311565
30.2915955
24.9832649
16.1026268
9.7700262
10.0410261
17.8088055
20.0647087
21.3850021
21.0922470
19.7161407
15.9834547
13.0564194
10.5772324
8.4122009
3.1292138
0.6043148
0.6180313
0.9550689
0.6792554
0.5955487
0.5624998
0.4883795
0.2607750
0.2706471
0.3059835
0.3717858
0.4288705
0.5450537
0.5632540
0.6004329
0.5582862
0.5107784
0.4534534
0.3398718
0.4179012
0.4817779
0.5481207
0.6128628
0.5289752
0.4611097
0.2913730
0.3864400
0.4107100
0.5855195
0.5361989
0.4487296
0.5058931
0.7450814
4.0892801
10.5653286
13.6693535
10.6115894
4.4687543
1.8817946
1.3569602
1.3244033
1.0607730
0.7868744
1.0259084
4.4004407
13.4303102
20.7255764
19.9690590
14.7054806
9.0171528
6.5410252
6.3897214
6.2679734
6.0363717
8.8729801
9.6108379
10.2395954
9.6726103
8.7294931
10.5653486
12.1589603
10.6242809
7.9842377
8.0213680
8.0578995
8.8112583
15.2866344
26.0108662
28.6778812
20.8861122
10.7417068
4.9616761
3.4014626
4.7206111
4.8386722
2.1697619
0.2471982
0.0765703
0.1466843
1.8801445
8.5450926
14.6950417
17.5496063
17.4278297
15.7851849
11.4562397
6.4359541
3.4466376
3.9121885
4.3495340
3.5832686
2.2596812
0.9234644
0.6678858
0.3927222
0.3586964
0.3710344
0.3519801
0.4843481
0.3326446
0.2626377
0.3483318
0.4259058
0.4178881
0.4460306
0.4933133
0.5220289
0.4882392
0.4509975
0.4177214
0.5563551
0.7048422
0.6287924
0.4457120
0.4484390
0.4633195
0.3737627
0.5153463
0.6597508
0.6873634
0.5403808
0.4476922
0.5343341
0.5716218
0.5403395
0.4362066
0.3071510
0.5044901
0.6688470
0.5642534
0.7197139
1.9366757
4.1759672
4.6324129
2.0329294
0.3695948
0.2617802
0.4104200
0.6638597
0.8054243
1.1034474
4.5794802
18.0576916
38.9663544
51.4400558
47.9786034
34.2233582
23.6663265
11.0822220
16.3983402
27.3108921
22.7160988
18.3693180
10.6821880
6.4481673
21.2147179
29.9956493
30.8714981
33.0440598
32.9700737
25.9544430
22.1198292
18.5232334
17.2869720
16.9925556
19.4409294
17.8577118
13.4152031
10.7974739
8.4686165
6.6552658
5.1429329
4.8839808
17.4815388
24.3787727
24.3317337
21.9775696
19.0867462
14.4215422
10.5526066
4.9883256
3.8537884
10.3447247
13.8919945
13.9332581
12.0697575
8.8026676
13.0161304
25.5805779
30.9050560
32.5045166
28.2855587
19.2576447
13.1934948
10.9706964
9.8281336
6.7619762
3.6252613
3.6286077
5.1947784
8.0628099
14.0637703
20.3675079
17.4041309
8.3895512
5.7969975
12.2384195
17.7097130
13.6669683
4.2065983
1.3402208
0.7223960
6.1517906
21.9638786
22.2322712
13.6480360
8.3802891
6.9092779
6.5050998
3.8587756
4.9129672
6.9158626
7.2914667
7.1820893
10.6619644
20.4578190
35.9448013
51.6854858
54.4089813
41.9972496
24.7993870
12.5354881
17.4913654
19.1926708
10.0474262
1.1549740
0.2466716
0.0578381
0.1489029
1.1015936
9.2757034
23.0665035
29.8854752
23.0553493
12.0051956
7.1831188
4.1993375
1.9054532
7.7589636
8.9881248
6.8085165
2.7671118
1.1674398
0.9380475
0.8449795
0.4535162
0.3716922
0.3607183
0.5815571
0.5908685
0.5612499
0.6042045
0.5353682
0.5789451
0.7810748
0.7860737
0.7451111
0.7028176
0.7412647
0.7307566
0.6218798
0.5999250
0.4508814
0.4240973
0.2908215
0.4121801
0.5736076
0.5751319
0.4092447
0.3162503
0.4709472
0.6257079
1.2852368
5.1309490
12.1080475
17.0555363
23.4378967
37.6312294
48.9351540
45.8260002
29.7322540
14.8052559
4.1635747
0.6737288
8.6671753
30.7688923
60.9687996
71.8638535
69.5254517
65.3655090
60.2823906
52.3545418
34.8125763
22.0057735
16.4798317
16.9609585
20.8600464
27.5429325
40.2084503
43.2319527
43.0904846
40.2521019
37.6816673
34.6670837
29.7150288
21.2199593
9.4568872
20.8412857
29.6450958
30.7888680
30.8432446
35.8398514
38.5586281
33.1034813
21.4364891
5.6871309
7.6172490
10.7287130
5.5554466
3.9460402
4.1405473
2.4199166
4.1003966
3.7477305
2.5801442
7.3573680
16.7399559
19.6973610
11.6238880
2.1145656
0.7718277
0.5758064
0.5063556
0.3601499
0.2854038
0.2603222
0.3060152
0.5408814
1.0832325
1.2404022
1.2601657
1.1497077
1.1418532
0.8971477
0.7304891
0.6803696
0.7141078
0.9552643
1.1490411
1.1876225
1.0248268
0.7792876
0.7390290
0.9456041
1.2302153
0.9490445
0.6521903
0.4065405
0.5251359
0.5264887
0.5957558
0.6806785
0.6524324
1.2187723
4.9783692
19.2689610
41.7886353
62.7308235
72.9977798
68.3753738
45.6607971
22.7380772
9.7587976
13.3959808
26.6739616
45.9367790
51.3979988
46.0999870
36.9917603
20.1009941
2.7688711
0.8152599
0.9232369
5.1782331
28.2269096
57.0148277
61.2270508
45.6779747
30.2988415
23.5977783
18.2228241
14.9364319
23.9549503
47.8082275
76.1205826
82.5241852
57.9889412
32.0347481
17.6371956
12.7091770
10.1035547
9.7775126
13.4122934
32.1530533
44.9682541
47.8074036
47.3127441
46.8262672
44.8876381
38.3783073
27.3547344
19.5356770
13.0019417
11.2082968
12.1433382
8.2846365
5.4846568
8.9836178
21.0721436
34.8414955
31.3963165
20.8550320
12.3007154
10.9882383
10.8725262
12.8202343
13.8480940
11.5783043
13.6897011
23.9595432
25.6867676
18.2531071
9.8924589
10.0212641
13.7499771
12.5242357
11.3008900
10.5762205
10.5766373
8.1748047
3.6363492
0.7224700
0.3378935
0.2404118
0.7959471
9.3986874
27.1306229
37.4235611
27.4510193
8.1621037
7.9651985
11.0328779
8.8430405
5.7538037
6.9393582
15.7718229
22.5729847
30.2339478
40.4155273
48.1112518
44.0495796
34.7316322
23.4621105
11.0934811
16.4550133
30.7651443
29.2303238
25.1982040
20.3535919
15.7783337
11.7256346
6.9650135
2.3844948
7.7437773
11.6868553
9.3111258
6.9532332
3.7219672
1.3531623
5.4577732
6.4997616
5.0459418
3.4090474
1.3763959
0.9864066
2.2437022
2.1580436
1.3786669
0.6049474
0.2526730
0.3428538
0.4556170
0.5924872
0.5184430
0.3134310
0.3468437
0.4523862
0.4099230
0.3633184
0.4158472
0.3969120
0.4478131
0.5696976
0.4980694
0.3790225
0.4763081
0.6554530
0.6499425
0.6204044
0.4841462
0.3963915
0.3791814
0.5532982
0.6577246
0.5728653
0.5441541
0.5632975
0.6122571
0.7375347
0.7213889
0.6689843
0.6253324
0.5651850
0.6046596
0.5706116
0.9001923
1.1205090
1.0328057
0.9263340
0.9085402
1.0906482
1.2313784
1.2989807
1.2629356
1.1991767
1.2274654
1.4203460
1.2953701
1.3420151
1.2746031
1.6375245
1.7535421
1.7048810
1.7475973
1.8604994
1.7952368
1.6148515
1.7195030
1.7433679
1.6399252
1.4334881
1.3090588
1.2669588
1.2064116
0.8801587
0.6050177
0.5296733
0.5317595
0.5178033
0.5255659
0.4547871
0.5095847
2.6254008
9.0377150
18.4204254
28.2616158
33.1624908
32.6759529
30.1770020
27.9793663
26.6337337
22.7010593
16.8081913
11.2607203
11.1178875
10.9960794
9.4944916
8.9200382
15.8981762
30.7025986
49.0309143
59.4145851
54.3833771
36.4054489
20.7074413
13.1951485
12.8077908
15.5407219
20.1197529
19.1722393
15.4165745
14.9229031
20.1095695
32.0682068
42.7085838
50.3852615
55.9334183
53.0423164
45.9135437
37.1422653
32.4542084
28.5256290
29.3961525
32.4781532
33.1615906
31.5346565
27.2959785
24.0974674
20.5143566
21.5937977
22.9477100
21.2647400
17.7193527
13.0653009
15.3312769
21.7361126
25.9844303
26.8759689
22.2502518
18.1177063
16.7353344
15.0815754
11.4812794
11.0159588
9.6628799
10.8568201
12.9480276
16.0190830
15.7937851
12.3526764
9.6662807
10.4047813
9.1306429
11.8345232
14.4082088
12.7930651
10.5465393
9.8159876
6.5317755
9.1920700
11.3279743
8.3307323
7.0745878
7.1632476
6.3098850
5.6040559
5.6068134
5.5169010
5.2860470
5.0152693
4.8158216
4.2941990
3.9076347
3.8332233
3.9931159
3.9328661
3.8638358
3.8253620
3.0062342
2.4452744
2.8702087
2.9570909
2.9776936
3.1692564
3.3812985
3.2891302
3.0199976
2.8908725
2.9138329
3.0348418
2.9879136
2.9786303
2.7007499
2.8025055
3.0587432
3.4195757
3.2370789
2.4766133
2.0997238
1.2811681
0.3666736
0.0367361
0.0048474
0.0000000
0.0000000
0.0000000
0.0000000
0.0000000
0.0000000
0.0000000
0.0000000
0.0000000
0.0000000
0.0000000
0.0000000
0.0000000
0.0000000
0.0000000
0.0000000
0.0000000
0.0000000
0.0000000
0.0000000
0.0000000
0.0000000
0.0000000
0.0000000
0.0000000
0.0000000
0.0000000
0.0000000
0.0000000
0.0000000
0.0000000
0.0000000
0.0000000
0.0000000
0.0000000
0.0000000
0.0000000
0.0000000
0.0000000
0.0000000
0.0000000
0.0000000
0.0000000
0.0000000
0.0000000
0.0000000
0.0000000
0.0000000
0.0000000
0.0000000
0.0000000
0.0000000
0.0000000
0.0000000
0.0000000
0.0000000
0.0000000
0.0000000
0.0000000
0.0000000
0.0000000
0.0000000
0.0000000
0.0000000
0.0000000
0.0000000
0.0000000
0.0000000
0.0000000
0.0000000
0.0000000
0.0000000
0.0000000
0.0000000
0.0000000
0.0000000
0.0000000
0.0000000
0.0000000
0.0000000
0.0000000
0.0000000
0.0000000
0.0000000
0.0000000
0.0000000
0.0000000
0.0000000
0.0000000
0.0000000
0.0000000
0.0000000
0.0000000
0.0000000
0.0000000
0.0000000
0.0000000
0.0000000
0.0000000
0.0000000
0.0000000
0.0000000
0.0000000
0.0000000
0.0000000
0.0000000
0.0000000
0.0000000
0.0000000
0.0000000
0.0000000
0.0000000
0.0000000
0.0000000
0.0000000
0.0000000
0.0000000
0.0000000
0.0000000
0.0000000
0.0000000
0.0000000
0.0000000
0.0000000
0.0000000
0.0000000
0.0000000
0.0000000
0.0000000
0.0000000
0.0000000
0.0000000
0.0000000
0.0000000
0.0000000
0.0000000
0.0000000
0.0000000
0.0000000
0.0000000
0.0000000
0.0000000
0.0000000
0.0000000
0.0000000
0.0000000
0.0000000
0.0000000
0.0000000
0.0000000
0.0000000
0.0000000
0.0000000
0.0000000
0.0000000
0.0000000
0.0000000
0.0000000
0.0000000
0.0000000
0.0000000
0.0000000
0.0000000
0.0000000
0.0000000
0.0000000
0.0000000
0.0000000
