0.0000000
0.0000000
0.0000000
0.0000000
0.0000000
0.0000000
0.0000000
0.0000000
0.0000000
0.0000000
0.0000000
0.0000000
0.0000000
0.0000000
0.0000000
0.0000000
0.0000000
0.0000000
0.0000000
0.0000000
0.0000000
0.0000000
0.0000000
0.0000000
0.0000000
0.0000000
0.0000000
0.0000000
0.0000000
0.0000000
0.0000000
0.0000000
0.0000000
0.0000000
0.0000000
0.0000000
0.0000000
0.0000000
0.0000000
0.0000000
0.0000000
0.0000000
0.0000000
0.0000000
0.0000000
0.0000000
0.0000000
0.0000000
0.0000000
0.0000000
0.0000000
0.0000000
0.0000000
0.0000000
0.0000000
0.0000000
0.0025602
0.1024708
0.3475654
0.5957609
0.6774934
0.5403666
0.3393828
0.2150676
0.2447334
0.3905382
0.5826725
0.6979491
0.7016297
0.7587655
0.8678949
0.9623297
1.2352767
1.5349085
1.7892144
2.6517901
4.4105453
6.1011825
5.6341195
2.3553960
0.4257770
0.1775590
0.5456170
11.3316689
43.4795837
89.9546967
145.5671539
172.3719635
153.2556000
137.3048553
133.7880554
123.7671432
100.2270660
70.4915085
56.6578369
50.8638115
30.9257965
21.0501842
22.2828102
18.8837891
12.7383108
6.8200207
2.3181391
0.6807137
1.3713548
3.7184956
4.5240879
2.9354560
1.0926542
0.2514400
0.2179506
1.5990782
6.3503184
9.4389572
12.0174398
34.8351860
84.7704849
121.4885788
113.2439270
76.4773407
24.5239010
11.0388927
2.2102089
0.9199065
0.7816219
0.4591017
2.7592897
16.7774925
36.3041267
47.3354378
47.3714027
40.2723846
32.1849289
23.5741272
15.6680307
9.2883368
6.4834080
13.4159451
35.1004486
52.4630127
40.2024193
15.8556709
2.1687040
0.3020445
2.0462513
20.6763077
52.8936234
82.6101456
118.6032486
135.9021759
110.0025635
70.0528870
37.4755287
26.9368248
18.1141853
15.3385344
16.9926224
12.7910385
6.3492951
3.2601099
5.4297280
7.6348209
4.9869127
4.4644723
3.7072110
1.7501718
0.7687614
1.8467610
4.4836879
6.7881908
6.9177504
4.7817183
2.1984808
0.8840014
0.4273677
0.2842507
0.1858750
0.2028017
0.2272803
0.2986983
0.2174179
0.1771453
0.1943679
0.2983780
0.3229816
0.2899615
0.3304945
1.0995450
18.2650127
72.3159180
138.4583130
185.0143280
192.1128387
152.0585480
93.5672531
52.7486153
39.9212418
38.6773682
49.5084877
58.8661041
45.9511948
23.8307076
12.0496607
7.8923216
17.4052830
47.0286636
77.1781540
91.1066284
76.2535095
42.6662674
16.9336662
13.8009052
28.2569275
39.2539635
39.2252007
32.0841637
29.4214554
33.1500092
32.4410591
27.2130127
22.3353958
22.4303970
24.3756409
28.2323761
47.4568901
103.4161072
185.5708160
228.2247925
193.3897400
120.0410614
63.8189583
23.8225651
11.8494253
15.0342188
55.9288101
98.8530121
94.2025223
75.6027832
50.4341698
16.9399872
10.8758545
21.3364677
27.4263783
16.6780434
4.2886858
1.0577384
0.5224349
0.3362885
5.9841280
43.1911964
117.6687927
172.4694214
148.1178589
87.4504852
68.0155869
72.0024338
74.3589706
64.1765289
44.9726067
40.3274269
57.7119331
39.3964577
21.7463188
24.1201935
41.6678123
53.1974144
36.3469543
18.3505173
13.0624075
15.4404097
28.1399765
29.8413525
15.2240534
4.8615322
6.8172417
23.0279217
52.3721008
57.7512817
26.5440521
4.0441060
0.6274593
1.4568307
6.9941568
12.0693913
10.2758236
6.3550110
6.2767124
8.8456678
11.4507971
10.0104866
5.2844038
3.0541048
3.4293203
4.4916840
5.5815430
5.2207613
5.9448934
17.1971569
51.3347855
87.1250763
91.8074951
70.7210541
52.6214676
60.8705215
64.2141495
64.2036591
57.6889229
34.0524788
9.7296658
0.7287205
2.1123450
11.1031799
26.4503536
38.5249825
43.4675674
38.4752045
17.3669205
8.1208649
13.8359556
42.7268600
103.2725754
153.5123444
160.3692169
115.5110321
61.4231300
33.1538010
46.3196564
95.5912704
79.5142822
35.7674599
25.4583454
42.4979286
118.3462143
199.6037445
169.3939209
108.6651154
66.7657318
35.3882103
76.0388947
192.3635254
167.0285187
115.6041031
59.0025101
22.8025684
3.9332707
2.0213289
6.0335851
10.9845848
11.7765818
7.7989416
6.3968434
6.1683807
6.1181574
6.9619217
5.7015333
2.5849147
1.0097250
8.0117044
44.8009682
104.7076187
129.2484283
89.1983871
30.4831200
17.9980316
13.5661936
8.4556904
10.5885401
40.5435677
66.0862274
57.3021698
24.9310875
8.1337090
4.6523509
1.7253330
0.8986714
0.4065659
0.3147052
0.2492855
0.1519177
0.2299901
0.2756481
0.3468933
0.4577048
0.5270714
0.5904624
16.2195129
81.4952087
187.1985626
249.6462555
246.7671509
260.6282654
357.5280762
398.4692078
298.4268494
138.8677063
80.2344360
54.8889732
38.8002892
35.9676018
68.6775208
84.3908157
56.5181198
31.4002705
20.9768448
17.1470432
16.3385143
15.3343792
13.5773335
11.7446918
11.8115187
12.2855053
11.5506802
7.8252802
4.7519660
6.3171673
12.0635233
18.7598896
22.7788868
32.2247734
39.1139679
40.2146149
40.5469971
58.6713600
75.5034180
73.1512909
58.0161362
39.3481255
28.0920296
31.3268070
27.1518192
27.8012562
27.2200165
37.2038116
83.8595886
128.2137756
126.2292099
82.7167130
44.5270233
25.3858986
15.9434547
9.9577417
9.5202827
7.4877801
6.9418325
9.2156305
8.0787258
10.2333202
9.9449358
7.7094755
6.2027812
8.6620655
17.5983009
30.2335339
53.9264679
92.1273117
137.0657959
160.2966309
140.9165955
94.5839767
67.1595230
50.5380936
34.9431953
21.3756313
8.4227715
12.7184305
15.1825686
16.1070690
11.9829807
8.7992525
4.8557944
2.3410330
6.2276812
11.0544415
13.9893494
11.2698002
4.5937557
1.1729255
1.9373509
5.0751247
8.8622360
10.0641689
8.7651072
7.7374706
6.3440809
5.2746782
3.8586915
3.5885525
3.7146988
3.6521604
4.3227119
5.0304990
4.1687036
1.9957831
0.7291518
0.7358077
2.9835641
6.5646372
10.4382696
27.2728481
69.5435028
125.4579544
151.4218292
124.0284729
80.8509979
70.6857681
64.0260391
78.5049057
63.8612938
33.8459587
22.2832756
15.0996370
14.3915949
11.3628206
9.5801182
7.2049813
5.6083832
4.1323228
2.0133896
1.3663788
1.9650164
2.6799285
2.0595469
0.9418209
0.3941854
0.2857940
0.4789995
0.7330812
0.6068565
4.5649023
23.1009903
64.6838531
119.9007416
154.6770020
135.4890137
84.8718414
53.7588577
41.0478745
75.2538300
48.1806068
13.1178064
1.6228466
0.9131181
0.9642661
0.7531929
0.9140335
1.3561227
0.9108664
0.2955349
0.2141927
0.2421565
0.2372255
2.9306901
20.1130543
54.6203995
89.7312622
112.0568085
135.9853058
178.0211334
182.5738983
110.3975067
55.9394302
28.8892784
41.7168999
82.2822800
57.1225471
16.4355202
11.2304287
12.9781618
19.4281998
33.6455688
45.9200859
40.5173187
32.5487595
43.9454384
87.3835754
137.1580048
125.6432343
55.3517990
13.7942696
9.0036640
8.4227943
12.7214365
31.7766075
26.1195316
4.5212460
0.8937914
0.0888896
0.0651222
0.1330144
2.1749346
13.7871227
36.9572906
60.7245216
72.9281616
84.0472336
117.0759430
161.9022217
192.3483887
190.0848999
161.6455078
126.2963409
103.5894547
52.8584785
8.0473862
0.4070131
0.2714946
3.4273510
16.3532505
25.4978943
25.5305195
39.6417160
60.0677681
59.7803841
45.7839279
33.2713661
14.4928455
3.1206295
0.4982054
0.8903811
2.2330441
4.8217258
5.5734763
6.8269801
8.3211117
8.3978491
7.0122447
7.0029850
43.2697601
176.0026398
305.7348938
271.6959534
93.9100800
9.6040134
4.0242085
1.3758177
0.4402601
1.9610977
22.2776699
38.7060699
18.4852524
4.1108127
15.4096203
42.0655365
66.6962204
74.4139328
73.5624695
59.8290176
39.3229523
28.4513035
27.0088882
24.2369061
24.5716648
23.8811169
24.6163979
35.4253769
42.6132164
31.3998089
10.4170332
0.3541168
0.1933333
0.1957493
0.3097357
3.2401049
15.6605797
37.9658165
64.1127014
91.6601181
107.1433640
107.7016296
90.2013474
79.7569656
70.4425507
94.6018372
98.4451141
57.0865631
27.7433624
19.5237122
31.2504749
46.6505051
55.5918808
45.1244736
36.6683197
37.2497864
30.9063053
31.8975143
56.1072922
99.6380615
114.4134827
74.3213806
41.0967026
19.8373852
21.4823093
18.6853523
9.1800795
15.1640520
67.1556244
116.8924332
138.0859070
114.7584152
65.7189636
22.3621750
12.5114107
7.1033211
4.3953085
12.9515572
40.5129662
57.5359230
74.6833649
109.1057434
153.3245850
146.4309082
83.9183426
23.1822395
2.7049325
0.4789648
2.2907214
6.1835709
9.5008192
8.3373260
6.5258646
5.3203616
4.5310478
3.4870832
1.9315122
0.9686562
0.7246199
0.3542328
0.2808591
3.2620018
23.3223267
59.5816040
90.6839752
105.3888702
107.1209106
100.9342346
85.9429245
60.4852524
35.4377441
23.6096649
25.6539478
31.9211292
38.6083450
62.5544395
102.3134003
114.4060135
106.6695099
100.0460663
126.7005157
106.3960571
70.3976746
33.5702057
37.4351044
18.5299416
7.6406446
2.3443427
16.4910183
86.2702484
176.0784912
202.3056641
147.6744232
86.5794830
34.8609276
7.1879239
2.4682472
15.6909771
66.9928513
70.4514847
48.4521103
42.4360161
50.7577515
37.8714371
15.8951111
13.0299606
17.6432762
62.1680489
105.0010223
90.5622101
73.7028732
60.6707649
44.6003914
40.5046349
44.8506660
47.6333313
51.5858917
49.3685608
35.6374092
25.5072708
23.3319855
24.4627285
19.8595943
13.8878355
16.5090485
21.8595810
15.3955212
5.4171352
2.4503665
1.1301990
0.7495813
0.5141203
0.2121325
0.1010661
0.1464159
0.3452396
0.4272947
0.5524725
0.7323004
4.3266788
13.9039574
23.6105003
35.8883476
59.7433243
104.1568909
158.4403687
174.5523529
148.9682159
94.3059540
63.0760574
62.9080734
76.2393951
38.2053337
2.1739919
0.1085581
0.0902505
0.2033127
4.5687780
19.4737148
27.9013786
25.3645420
31.8335552
63.4507217
99.3375702
114.7755661
99.3327866
82.7941360
70.4850311
55.6217232
41.2057419
23.2262669
49.5878105
62.9908371
29.1738548
10.4806929
59.3261414
186.2807922
288.2980652
234.8104095
103.2286911
47.5130653
22.7018795
17.1807156
13.6205072
17.6735802
41.7558594
61.9996109
57.1962051
35.9368706
12.8822384
7.9813895
3.7824354
24.1707077
47.7415771
44.9791985
34.4288750
15.5777779
7.1041522
1.1654296
0.1928970
0.3610680
0.4378411
2.3332207
17.1267738
47.0355377
75.5212173
85.3896103
86.9337997
82.1398468
58.6068497
67.6283569
82.6303558
84.6672287
69.1701279
43.3047676
35.6176071
68.2516861
88.0798645
89.6423187
73.9877014
51.4983749
32.5409164
28.3509979
30.5956230
18.5036774
7.6024685
2.2920880
31.4182663
99.6792679
149.6824188
142.7309265
93.1358261
56.8686523
27.7935047
7.4416523
1.2451588
1.0194334
11.1484966
35.9308662
58.1765862
61.2059708
52.8514023
46.0385590
42.0742722
37.2590408
24.1968098
13.7676086
11.7298107
22.9328098
59.9419594
75.1039810
66.4062576
58.6784134
44.5174675
30.9673405
23.0762882
21.3216076
27.3827190
44.2307053
63.7968292
76.8218384
65.2735443
38.1310692
15.2457418
7.9829121
8.9004478
14.4875259
7.0171757
1.0686847
0.3220910
0.2153633
0.1265640
0.5381643
0.6975784
0.6785681
1.6007934
22.7753563
78.0970459
139.2804718
172.8572998
223.6323853
323.1997681
349.4531860
263.0405579
68.9079895
22.4716606
5.5283117
1.2536956
3.3526413
8.0069981
11.6908808
15.4144583
23.1361160
24.8467598
20.2996597
16.9480991
11.9284592
7.8645945
8.6145782
9.8923378
32.1135941
45.0373917
43.4669189
46.5233231
64.1957855
82.3236084
103.9407120
149.7390137
177.9662170
160.3014069
105.9134521
44.4629440
41.3509254
12.2400665
11.0407248
12.0593672
33.8933411
56.6462250
57.2262573
51.9472847
56.2745972
60.6847458
29.5108967
5.9264235
3.2686374
6.1874332
17.8356705
28.3477325
30.4266186
32.2191582
29.3001976
25.8485947
24.4673519
17.9953232
7.0179176
1.6646492
9.8963413
76.1136093
198.4433441
313.0086975
354.7932739
295.6339111
197.1706085
156.1028748
127.4266663
83.4951401
50.0001945
24.8907738
10.9502277
23.7312431
82.7426834
86.2735596
44.3802719
20.1888218
20.6841946
32.1623116
38.7976379
24.8312111
17.7982807
21.3407173
12.3329811
12.9044590
25.4459000
29.9598980
35.2247505
41.2595520
43.8335495
50.2414246
69.3208847
96.9439926
100.3353806
75.9137268
48.1037560
29.3014240
20.1172428
30.3937092
40.8931313
38.8727379
30.6524410
41.9750366
89.0940628
125.2566757
113.9339066
76.7201691
56.1151161
38.3075371
17.8826866
9.8309469
4.3383260
9.3613358
34.8080444
79.4196167
99.0748367
104.6925125
118.2507324
134.5776215
136.6804047
77.8323517
79.4904099
137.1674347
141.2978516
86.9978409
37.9892616
24.1462860
7.2511086
2.7820868
0.3717932
3.5239611
30.1223030
54.8880234
57.5758362
54.2863693
57.2046890
80.2883072
141.2850342
220.4921265
264.4173584
259.2922974
219.9612732
149.3601990
60.8476906
11.2702990
16.7786140
39.2151794
97.7623291
142.9001770
85.2893448
53.5482063
42.7918510
33.3833237
18.8061409
9.7533951
5.5502014
7.3297739
17.9078922
21.7894745
27.0234337
47.8151817
72.2074966
72.0390701
49.3921661
32.9126129
18.0323677
9.4298058
1.0066762
1.3467276
12.1561193
50.3646660
63.7651253
51.6879883
27.2851353
10.8980961
3.8813539
4.3045368
17.1774940
44.3409195
69.8318481
62.3235245
34.9621735
19.9974575
12.1731272
6.7897191
2.2337384
2.6005747
8.3667068
17.0365353
21.0873013
17.9751549
13.1701012
11.7084789
15.6149445
34.4428024
79.6718750
142.9807739
189.5524750
178.7599487
130.5411835
91.7672119
60.3278427
80.6651840
113.1007156
93.8167725
58.3849220
82.5177383
91.3269501
25.0196438
3.4846139
6.9889312
28.1378841
59.5633545
70.7895508
54.8418427
27.7392540
8.4164457
14.4667807
50.4977913
79.6416931
57.0792923
24.8491879
9.6087208
5.3028574
2.3192000
0.7933020
0.8210588
2.2331049
19.9296227
47.8327560
55.2045975
41.5872040
34.8508873
40.5343781
42.1912231
42.7902336
33.7222176
28.3803558
37.2760735
59.8387718
74.3566284
97.8893356
152.4404755
205.4822845
198.9666748
112.6494522
32.2280388
3.8872204
1.0451735
3.8135972
42.7583199
121.2754745
151.8810883
111.9548492
49.8266754
12.5272331
4.8054395
18.9599495
99.9542542
153.1454315
178.9055939
204.3313141
246.6829071
231.9800873
175.7565155
114.7535934
47.7226105
10.5494728
5.5646048
0.9973233
0.4997455
1.7208116
6.6544328
12.0581360
16.2367287
19.6587315
21.5784969
23.8724327
24.8586674
21.4839916
12.5092583
5.1140218
2.2179058
0.8731714
4.1620288
57.0696602
134.9302826
148.9724121
86.6431580
15.8084116
16.8505726
27.6155186
41.4377823
39.9188156
31.1077213
27.2338715
30.3084927
42.9515114
66.5544739
46.5116463
20.1568718
11.5210838
10.0188198
12.8779831
10.2096615
6.9511719
4.1211209
1.7904867
0.9238690
1.9110882
3.3701150
8.1430283
30.9457359
71.9209671
116.6239014
147.2424774
153.9984131
162.1607819
187.2305450
175.1525421
100.7781067
28.1235371
1.7487319
1.4144769
0.2004687
1.6367592
44.0995102
107.1965027
125.2630005
102.3891144
54.3063240
22.0335827
2.9846983
1.0073009
8.2648830
43.0624733
77.7699432
69.9434128
31.4429359
7.0999770
9.6386318
37.5876350
68.8229904
74.5117645
54.5385056
27.8737755
15.3477745
8.5866547
2.9088812
5.5019531
22.1794815
31.9426918
34.8686676
65.4653625
127.1901321
160.8791351
136.5263977
93.1668777
88.7123260
111.5933609
111.7567368
64.4818878
30.4528999
26.3259754
35.0101357
31.4284248
23.6396465
24.0999775
44.8222313
77.2502365
84.6457291
87.7306366
81.0288925
59.8751297
19.7281952
2.7015254
1.0361876
10.3290682
28.6969757
40.6098557
36.7796707
26.3444500
20.3405457
19.6158772
17.1339016
14.6376896
15.8204060
22.2846069
30.9832687
30.7249088
21.1214199
13.7005110
22.0786552
82.8883972
181.4165497
263.7407227
266.0419922
181.5291290
107.4198151
76.9902802
52.6078072
73.7623444
44.1306381
29.6556358
37.7015114
59.0422592
48.9488602
31.4181881
12.0781155
21.9027176
37.7240791
51.1308098
67.8381805
72.7966614
59.4501724
52.2194519
32.3263054
28.8111458
65.8852158
47.1456223
20.6001186
13.1502590
19.6266689
44.5803299
93.4977188
125.8075638
109.9394073
69.3494644
24.9182682
16.4603367
2.3399086
2.2210157
16.5388908
35.5695229
42.1793938
28.3957195
11.8350277
2.7367637
0.6495132
0.1997667
0.1985854
1.8394506
20.9778214
64.2899170
109.6585159
136.8218231
121.6695862
85.1885757
67.4288940
122.6324844
219.3437195
239.6374054
185.4237061
97.3138428
54.1013069
38.2972336
12.1319017
6.1830130
21.4931164
46.2654076
44.0532227
23.7257156
6.3057580
1.4795663
2.5301061
8.6755276
17.1934471
18.2417984
16.8132801
15.4304724
13.8951912
14.9854136
14.3740482
12.8651810
14.0571165
16.5415249
12.2617455
4.3386879
8.8936977
67.3311081
183.4912720
245.0772400
184.6012573
80.1314011
28.6486244
12.4857616
13.0588770
30.7120895
30.9884682
12.7643852
8.3989954
7.9903355
14.0444431
33.1217842
38.4040070
30.7522869
20.1090832
12.4523430
9.2506409
11.3249493
12.5500154
13.1524563
16.8211136
21.2803574
20.5273495
16.5176716
12.0949316
9.6441536
7.8145423
17.8898849
24.9085846
25.9226475
26.8435574
29.1125107
28.5394611
28.2807827
30.6020794
31.3422012
29.0255527
26.8242340
25.5857754
26.9179935
48.3471031
98.3839340
147.3119202
211.7229614
279.2993469
270.1093750
165.5812531
60.5355949
38.3655624
25.7776470
41.1946335
117.7850342
117.4977951
82.8235855
35.3760872
35.0760193
52.6796150
28.6877213
60.6511307
80.7726669
72.3106689
60.0657616
34.3604965
14.1920185
1.5144227
7.3720016
31.4072323
65.5839233
72.7108154
59.3712883
36.6333809
13.5420542
2.9702811
4.2288766
19.8155499
38.0790939
47.1266747
46.5275574
58.4382477
53.9702339
39.2773247
25.3139458
7.9752784
9.0950136
3.3580034
0.2031980
0.0438579
0.0781403
0.2360913
0.3417135
2.0680816
6.1317892
8.3451967
6.9663849
5.7413135
6.8074903
8.8001938
10.4164066
12.3466988
18.2847042
27.1718082
35.1560440
45.3163757
65.2279282
80.0348816
79.4327545
59.0884857
38.4993324
27.5783825
22.2812767
18.2303581
15.5885391
18.8595886
17.6097050
16.3487778
15.0121117
13.7416601
24.8639832
39.4966202
36.1172714
18.5618095
8.6728420
9.4053688
10.9091368
6.5776696
1.5466293
5.9541392
15.5970936
24.9134903
25.9069672
18.1043777
8.1404581
2.5298870
0.5074583
1.7639443
4.7354412
6.4997125
6.4275508
6.3371105
7.3415885
8.4069481
8.3694897
7.2402725
4.9231510
3.3837585
3.2789607
2.9563022
2.6053958
11.1046419
41.9563751
86.1509933
125.7555237
133.8966370
123.0007858
112.9548950
93.8316116
62.5820198
37.9985352
15.5137930
11.9772167
18.9796104
26.3420620
22.8167076
15.1906519
7.7668147
3.4760802
2.5840483
7.9566097
9.4570150
17.8393631
51.5205307
85.3052826
84.0468674
49.4232903
36.3097305
29.6294022
24.2950344
8.5003500
0.7627634
0.1814024
0.1290869
0.5169974
1.7244979
4.2151728
14.7381687
28.9162331
30.3380318
14.8933964
3.1973357
1.1097425
0.6634083
0.5897861
1.8427554
3.8883617
4.8080173
5.5850716
7.5276093
9.2611027
9.0040941
9.6432314
13.1660280
19.2758312
27.9150791
48.0980415
77.0053787
92.9390030
100.2822342
108.6861954
109.8258057
71.6501923
38.9263802
41.1898499
21.7095966
5.2389345
1.6097635
2.7889843
10.9738770
32.0695381
52.9027138
57.6980286
39.9493980
13.0262203
3.7971947
1.7610416
5.4723067
18.2147751
35.9481544
35.9917259
24.9923382
14.7919884
13.6872387
7.8654504
1.9263709
0.3450813
2.7980306
22.5315018
40.5726547
36.1205635
16.4624176
13.4397163
38.3501472
88.4023590
142.0034790
154.3556366
125.1296463
86.2757797
38.9695930
10.2359438
16.0892773
37.2920227
72.5958023
86.6100616
77.5629196
77.0355835
88.3454056
70.1215973
36.8781319
38.7835197
30.0829277
30.8666286
9.6817493
12.1767931
29.3187809
35.2245445
21.5326824
7.0725665
2.7024074
1.3419021
1.5128269
2.0383902
1.6915861
1.1540453
1.2213517
1.8608624
1.8253596
1.1890383
0.6961922
0.2355218
0.1227403
0.1337741
0.2574378
0.6248832
0.7558057
0.7717624
0.7930000
0.9570718
0.7928153
0.3775538
0.1125640
0.0182094
0.0011920
0.0000000
0.0000000
0.0000000
0.0000000
0.0000000
0.0000000
0.0000000
0.0000000
0.0000000
0.0000000
0.0000000
0.0000000
0.0000000
0.0000000
0.0000000
0.0000000
0.0000000
0.0000000
0.0000000
0.0000000
0.0000000
0.0000000
0.0000000
0.0000000
0.0000000
0.0000000
0.0000000
0.0000000
0.0000000
0.0000000
0.0000000
0.0000000
0.0000000
0.0000000
0.0000000
0.0000000
0.0000000
0.0000000
0.0000000
0.0000000
0.0000000
0.0000000
0.0000000
0.0000000
0.0000000
0.0000000
0.0000000
0.0000000
0.0000000
0.0000000
0.0000000
0.0000000
0.0000000
0.0000000
0.0000000
0.0000000
0.0000000
0.0000000
0.0000000
0.0000000
0.0000000
0.0000000
0.0000000
0.0000000
0.0000000
0.0000000
0.0000000
0.0000000
0.0000000
0.0000000
0.0000000
0.0000000
0.0000000
0.0000000
0.0000000
0.0000000
0.0000000
0.0000000
0.0000000
0.0000000
0.0000000
0.0000000
0.0000000
0.0000000
0.0000000
0.0000000
0.0000000
0.0000000
0.0000000
0.0000000
0.0000000
0.0000000
0.0000000
0.0000000
0.0000000
0.0000000
0.0000000
0.0000000
0.0000000
0.0000000
0.0000000
0.0000000
0.0000000
0.0000000
0.0000000
0.0000000
0.0000000
0.0000000
0.0000000
0.0000000
0.0000000
0.0000000
0.0000000
0.0000000
0.0000000
0.0000000
0.0000000
0.0000000
0.0000000
0.0000000
0.0000000
0.0000000
0.0000000
0.0000000
0.0000000
0.0000000
0.0000000
0.0000000
0.0000000
0.0000000
0.0000000
0.0000000
0.0000000
0.0000000
0.0000000
0.0000000
0.0000000
0.0000000
0.0000000
0.0000000
0.0000000
0.0000000
0.0000000
0.0000000
0.0000000
0.0000000
0.0000000
0.0000000
0.0000000
0.0000000
0.0000000
0.0000000
0.0000000
0.0000000
0.0000000
0.0000000
0.0000000
0.0000000
0.0000000
0.0000000
0.0000000
0.0000000
0.0000000
0.0000000
0.0000000
0.0000000
0.0000000
0.0000000
0.0000000
0.0000000
0.0000000
0.0000000
0.0000000
0.0000000
0.0000000
0.0000000
0.0000000
0.0000000
0.0000000
0.0000000
0.0000000
0.0000000
0.0000000
0.0000000
0.0000000
0.0000000
0.0000000
0.0000000
0.0000000
0.0000000
0.0000000
0.0000000
0.0000000
0.0000000
0.0000000
0.0000000
0.0000000
0.0000000
0.0000000
0.0000000
0.0000000
0.0000000
0.0000000
0.0000000
0.0000000
0.0000000
0.0000000
0.0000000
0.0000000
0.0000000
0.0000000
0.0000000
0.0000000
0.0000000
0.0000000
0.0000000
0.0000000
0.0000000
0.0000000
0.0000000
0.0000000
0.0000000
0.0000000
0.0000000
0.0000000
0.0000000
0.0000000
0.0000000
0.0000000
0.0000000
0.0000000
0.0000000
0.0000000
0.0000000
0.0000000
0.0000000
0.0000000
0.0000000
0.0000000
0.0000000
0.0000000
0.0000000
0.0000000
0.0347242
0.2761928
0.6876485
1.0424852
1.1752372
1.0171224
1.0685810
1.6418104
1.9676960
1.3082538
0.8694617
0.8408093
0.5918541
0.3793285
0.3752510
0.3090917
1.8159056
14.0973473
48.9227715
94.2266769
115.3896561
93.7167282
52.0667648
19.4792709
6.4603109
0.4163481
0.8001270
3.1980400
5.6771421
4.9263735
15.7623043
58.4275513
103.4909439
104.4195251
57.3834305
15.5469618
3.0232968
0.2756572
0.2445729
0.1926417
0.1925670
0.2397149
0.2626301
1.2341985
8.2663240
39.5695496
87.3848648
107.2655869
78.4366379
42.4664574
50.7130241
82.7366180
90.9835663
66.4940109
55.6917992
63.4335175
56.3163948
29.1388206
20.3162785
57.6119270
106.6638412
123.0175934
123.0756149
102.1787720
62.8701248
24.3639412
6.3450985
1.9555910
1.3204331
7.9232950
61.5500641
114.0776520
117.7528076
80.7179337
45.2439232
33.1986885
70.8998871
152.7481079
179.4485321
103.0536118
18.0473709
4.9057813
2.0867362
27.2299824
85.2865448
123.1564941
122.4765015
111.8191986
98.3728867
52.9981728
15.0409632
5.5839553
2.6896000
70.8966675
221.3102570
249.1030884
174.9691772
130.4951477
102.3687134
82.1564102
50.1279106
37.4693298
33.8810120
30.0165977
33.7045441
52.4527779
34.6512985
9.5981865
1.8225372
1.4613390
16.3281841
50.4434319
46.9604568
29.9408073
27.7525368
42.5815659
36.9746704
20.8527584
43.0824814
92.7844696
131.2420807
133.4760284
131.6805115
127.4832153
93.8130722
45.0261078
11.4062233
9.1623230
2.9042158
0.8086007
1.4101281
7.1352353
14.7723703
18.2762604
19.1829643
18.1237984
15.6795063
13.0771065
10.3203201
6.7919216
2.3507354
0.5126380
0.2416408
11.8161526
70.1048508
116.6623459
101.0199432
34.5035629
5.9893761
0.4767428
7.2388239
34.7266731
66.2532043
66.8540039
58.4275742
76.6781769
98.1149368
90.8764496
74.7812881
64.3640213
53.9443474
53.8804512
83.1266403
129.4853210
155.3772278
112.1722412
48.5009003
17.9668198
9.9374580
2.0244236
0.5899191
0.4096672
5.1124859
53.2107086
122.9936523
141.7061615
103.9227371
61.4103699
40.9305077
30.4470749
32.1327057
26.9940777
12.2381430
13.9472437
33.2098465
85.2397003
166.6532440
187.5359039
110.0276031
19.9028816
5.0913477
2.0153210
10.9754620
57.4879570
83.6573257
66.1276474
32.5642242
11.9253340
2.7083445
2.8115325
36.6422195
161.1041412
250.1506500
263.2743835
241.5068359
206.5863800
157.3665924
124.4968338
137.2714844
160.8312683
123.8918152
71.6434860
49.7067299
41.2870560
26.0962963
9.7513981
1.2024704
5.2714481
27.9956150
53.1794739
57.1515007
55.4410973
54.8156815
42.8588486
24.5299187
30.8189583
61.6713257
84.2454453
97.2094040
114.0955658
105.7110825
65.8896790
29.1641312
11.2483540
3.8829701
3.2546153
18.8496284
46.7688904
52.8204422
34.1827126
15.5936604
9.6756277
4.0142703
2.8127398
34.7404861
111.8799210
165.1642303
155.0474396
104.7434006
55.1134796
26.3769455
6.6299334
1.3640906
0.7478017
17.4711781
99.3120880
173.1042633
181.8695068
126.1042480
67.7231750
15.1976042
15.7112026
30.0990810
35.5507011
67.0565796
161.6119537
288.6598511
354.0804443
293.0995789
141.6512146
67.8322449
56.9133720
42.7973785
23.0982494
7.3975277
4.6809082
1.9810612
0.5244371
5.7631578
33.8535118
59.6871567
63.8844986
59.4683228
59.3856926
73.5950317
79.9677734
67.5419540
55.3516312
49.8144150
50.8518219
33.7289848
17.1261044
9.6368189
8.7533684
10.0564966
13.4122877
15.2888279
17.5222797
34.3437958
76.9565201
127.9730759
187.9109955
228.8169403
188.2986145
119.2390442
77.1800079
67.6442184
68.6835175
95.2715607
67.5432510
64.7112579
82.8167419
159.3950500
83.8411102
11.5037298
1.1488566
15.4187136
71.1562576
163.6589508
179.9649963
124.9782562
46.5297813
12.8102341
34.3321648
73.3862991
92.6108398
76.2127075
36.3342667
6.6244140
1.1551411
3.3046567
13.7761393
21.1185951
19.9085102
16.8550758
18.5754871
44.4149895
111.2398682
170.0713043
181.0975342
160.4232788
136.0225372
97.6185913
41.1057358
12.7979660
9.5218410
3.7699111
2.4517279
2.9606771
15.0562630
42.7304916
53.7462540
41.7381744
32.9211693
34.5303879
66.1290588
99.7025909
97.6541061
85.4192963
95.9890442
101.3665237
89.7271576
45.3802605
35.9746742
39.9026642
27.0272141
10.4507246
2.7495766
4.5764613
49.7342796
130.2378235
151.5338745
107.1718216
58.0257072
23.8989296
8.1146402
25.1555176
103.3777771
222.8578796
238.8610535
151.5202942
51.2337608
17.4605942
4.1722641
6.0062985
1.5695148
4.9413371
25.3505745
49.4277725
57.1902847
45.0844460
35.5743370
22.9832344
28.5739269
93.9878693
191.6290283
230.4121857
195.6794739
131.1561890
56.3900299
12.7373714
11.3703089
16.1531162
26.9656658
79.7028885
141.9632721
129.5170441
61.3809166
20.7611256
15.3343353
81.1952209
200.4321594
212.7835999
143.5770874
74.4507217
42.7356949
12.6783695
4.8895020
3.0833712
1.8821763
2.9297295
5.2094097
6.8953633
5.2164884
4.4267449
7.5984917
47.1760178
146.3944244
236.3620148
277.0024719
292.1355286
270.6545105
188.7646332
107.4256592
85.9100723
116.4285812
266.5427551
217.2652283
98.8350830
49.3595009
53.9589920
42.6700974
32.9386253
19.9264565
12.5656738
7.6878176
17.8191948
71.5211258
158.9914703
236.9841614
243.6640930
178.2606964
104.6391602
44.9512444
13.6360798
12.9403868
5.7119980
1.5497314
1.4130235
1.6132643
6.9417124
24.3996773
36.2589149
28.8168640
17.4873390
15.2381058
14.7519264
7.0480652
1.6357900
1.8792495
3.0685062
8.8160725
15.2228394
14.5077419
10.7508383
6.7235546
3.4012766
2.3981910
1.9421561
0.9617606
0.6409779
3.7029412
29.5400066
63.3077393
75.2097015
56.6535416
16.9075603
5.4173851
20.3419456
83.0772705
158.2441101
161.0329590
80.6855545
28.5057602
18.6228542
14.9825144
11.9427156
23.6065445
45.4398956
47.1236420
28.9462452
9.5663414
4.4402394
1.2035909
3.1572626
29.6998062
77.4367752
111.5583267
132.1667938
137.4954987
125.8437500
100.4517593
71.2930832
44.0010796
32.2809792
36.0974121
52.8742752
87.3523560
109.3776550
118.3833313
115.6607437
89.8845062
49.5986404
21.9951038
22.5026951
36.7724457
90.2683029
144.4481812
148.9437103
112.4592667
54.1149292
34.5497780
40.4661484
48.6028023
31.8680954
13.8031006
7.1251159
6.7073717
23.4039497
36.0348663
35.2330551
34.6032104
45.5549698
44.8316345
29.5649509
15.6861782
16.6418438
8.6032276
5.4287186
24.8379841
104.6704254
196.3146057
205.8954773
144.7112579
83.2814941
54.7708626
42.5922356
42.5464325
40.8425140
37.3853989
35.3321686
34.8940353
23.1812973
10.2312155
16.0504398
50.0525169
78.0886307
70.8931503
50.0859375
26.8037567
13.5665989
18.0513802
27.2024555
50.3426208
64.4265366
44.5998230
23.8747406
20.2808247
12.0998936
9.7430153
14.1466360
19.3770809
23.9136486
20.9603958
12.1756163
5.8005934
7.6143174
10.8435364
15.4767017
17.7287426
21.9426937
31.3903294
36.3928719
23.9560738
5.3749337
1.0116580
0.3572657
0.4275227
7.2155919
32.8761635
53.3925323
46.3493347
19.3285542
4.4236865
3.8023915
9.8394976
19.3628311
27.0342350
22.6101074
17.8792458
16.6750908
11.4402523
5.9786301
2.1737936
2.3787043
2.7625320
1.9629738
2.9667695
4.6033721
5.0090480
11.3869324
43.7213593
104.2670593
186.6972046
261.9159241
300.1123962
295.4139709
288.2761230
217.0449219
101.8144302
32.3313255
32.3891373
33.2138176
55.2870064
71.4897461
61.7019882
47.1860161
27.7596455
20.4115868
38.6021652
31.8479576
41.4542313
48.4952278
48.7161713
45.3527298
29.8597488
30.9915810
36.9336433
50.7438011
39.9641457
27.6742382
33.2876740
63.6360931
44.5689468
35.1535378
38.1294785
22.4530621
5.7453966
14.8574677
29.2213173
33.8543358
27.7010422
19.5020561
15.5291815
13.5596857
13.0192871
12.6160221
12.5009594
10.3598680
7.2616329
4.1273241
7.2943501
28.1538544
68.4957275
83.5886993
60.8840141
32.7539291
24.2537041
13.2386093
9.1731052
9.2276354
14.2963629
25.4060249
57.1728325
102.7297821
134.3555298
122.4299316
115.6376724
110.2831345
66.7742386
14.5690317
3.0909786
1.1403250
0.6350592
0.3154662
3.5671046
23.5611877
46.8238297
55.1132660
54.7934113
54.0538521
44.7130775
25.0304661
11.9360199
7.2841029
10.9070663
35.3900452
49.6263504
36.0395775
22.3465843
26.1900635
27.8630600
16.6651249
4.8839278
0.9964501
2.8240271
6.3715458
7.1941090
5.4822750
3.2892056
2.4855185
2.2323544
2.1136134
1.5541413
0.6342592
0.9177532
2.8051438
14.0411119
59.9795418
139.9997406
187.7079163
146.3806458
79.6065445
71.5211639
80.4826965
73.2877121
45.6090164
23.7997990
28.6093178
24.2831802
26.2188511
29.6144981
69.9245453
90.0475540
75.9193726
50.4418373
43.1628227
31.7095261
19.6413212
4.3254261
4.0824552
18.8378468
35.8614044
58.3314819
47.8281174
23.6328659
7.9401245
2.9020834
1.9349813
0.7493230
0.3242752
3.1156108
37.0259323
84.0136185
95.2116547
74.2651367
58.7620773
58.1853409
48.5495911
26.3257332
16.0635223
14.4026375
24.1841240
18.9181290
7.6884289
5.3450136
12.8003597
30.3641014
33.0890236
24.5221882
13.5775299
25.4239655
68.1514053
100.9485016
83.3589020
42.3058815
17.8878803
5.3260741
2.0741928
4.7875385
9.7197723
21.2539253
32.3294487
32.7985573
25.1865578
17.4684715
10.1066675
3.4477415
0.9057725
0.7937109
1.1537644
6.4604144
22.1641350
37.7788887
46.9795761
59.1651764
65.3628311
57.5993462
38.4703865
24.9038887
14.1726494
6.3377442
6.5953794
4.0575013
4.0115285
1.8072393
0.3761094
0.6486822
0.8054979
0.4827878
0.2850565
0.2088527
0.3685236
5.2409530
37.3619766
86.1972351
114.4515839
106.2304688
86.7940369
76.1741028
68.0844116
71.1011963
58.8859367
42.8837318
38.5427551
47.2591171
56.5650406
48.6017075
28.7720032
11.7854624
13.7469044
10.6946287
18.5235844
35.3634644
46.9276657
44.3762665
45.9359245
75.5886917
73.4153900
39.9153824
10.3994513
1.7236668
3.0351324
12.4102783
25.5421085
27.5390549
18.5978985
9.2448483
5.4547844
5.8105392
7.4857626
7.7878313
4.5234532
2.8478072
13.0692215
61.1986008
127.7095490
142.8132935
86.9697113
26.7171135
15.1421919
7.8066025
14.4630899
42.5499382
55.9352226
60.7260780
64.3617172
39.3800011
13.2381325
7.2253189
3.1567762
1.1377708
2.7039657
37.1532898
105.1569214
167.4511871
175.6369324
127.0812912
87.7833557
74.4285278
81.3584366
88.4727402
134.7684784
96.7660904
38.6429787
19.8896694
25.8551998
29.7226372
19.4068718
17.4847183
21.1385746
20.9681950
8.7011414
2.0154257
0.5028409
2.3499389
6.2741680
7.9125223
6.8044324
5.6788077
5.5586767
5.2842426
5.2581415
6.5746007
7.7686830
7.5343800
5.5298963
2.6002576
0.8546197
0.6484659
3.6075354
12.5671473
23.5256958
32.3455238
84.6093597
215.3546753
344.6052551
364.1301880
254.9743958
139.2585144
76.2125320
41.8355522
17.2943516
12.1515951
13.1210823
14.9198093
56.9578209
144.1473541
193.4007416
171.4958496
127.0580597
72.8907700
25.8890686
5.6138368
1.1229429
2.7073238
23.5205688
47.2764282
46.4144821
34.0899200
27.0627708
24.2488289
21.2054367
31.3819942
62.8334007
74.0300903
73.5544586
74.3554230
60.8408966
34.9041290
13.1942625
10.9899464
30.0160084
47.6869240
38.4704285
24.5750027
19.8524513
13.3770638
3.5234790
7.5908051
22.7790070
29.8285408
30.6518402
24.9176064
20.0764236
12.8149920
10.9734325
7.9161935
10.9487963
30.3608303
43.5907593
52.3624954
71.0370178
108.2628021
135.8005371
121.9481812
72.5268478
34.5320663
14.5847006
18.0552235
22.1882076
21.7364349
22.8879108
26.7895927
31.3036823
29.2211876
20.4188766
26.6956291
46.8168411
57.6482086
49.5910339
37.2054825
44.8884583
63.0653915
67.3477020
59.7715187
48.7291794
31.5531883
14.6799583
7.4272218
17.6221237
54.3795967
84.5523376
86.2353516
91.0466080
93.3105164
64.4107971
36.8315506
11.6136513
37.9955788
46.3755302
15.2958689
0.8146933
0.3242610
14.3426409
83.8502350
128.1288452
108.0040741
53.5456314
20.8851643
29.2027168
61.2995682
65.5811920
20.4690228
3.1572948
0.6279209
0.6456817
5.6651425
19.4545078
22.9526176
15.6335545
10.4448748
9.6266556
13.6062841
28.3306236
41.3958015
50.3711319
56.7169189
56.0844040
46.9822273
32.6414871
29.4174995
34.4925423
41.9238319
48.6001129
70.7366333
103.8331833
125.1222610
133.1792297
119.0832977
94.9608078
62.2771339
52.4336395
130.3546295
174.2348328
170.5597076
164.8093567
143.0187378
97.7691040
43.6580162
23.2891960
23.5703182
16.3798466
19.9932652
30.5974045
37.9628601
43.2498627
49.3836136
51.8722725
45.4160042
34.9966736
30.0942726
25.0497284
10.2728605
8.7613983
4.8823524
0.8665538
0.2254971
0.2204764
0.2566259
0.1252913
1.1819034
4.2156181
8.7190828
20.6824131
43.2586327
70.4667511
93.6956635
101.5220337
106.6249619
118.1597748
125.1481323
89.4757996
44.9784737
20.2938519
14.2782545
15.8085642
40.4425507
73.4488068
86.9003830
78.8749924
63.4314537
24.0711651
5.3958125
0.4712652
0.4166217
0.4157529
0.1839277
0.1577990
0.2485870
0.3094171
0.4150049
0.4030198
0.3505829
1.3920196
22.4284191
96.1617126
210.0538788
275.6341553
234.2847443
162.4291077
97.4927521
78.5313568
55.9422798
14.7019234
5.8929992
5.9469433
15.1571999
41.5922165
46.1635284
28.8972950
9.6204729
1.5889877
4.3127542
23.9524536
63.8837280
113.4056549
146.6786346
137.4047546
80.3619995
46.6683044
46.0277367
38.3713989
24.3852291
25.3915691
37.9313698
52.3444328
42.5303192
31.1225357
43.6654243
62.8804932
74.2756348
70.3988037
71.9214630
86.1800919
126.4767532
179.7205505
182.6050873
124.3473434
72.3754272
30.8897667
14.6273174
10.6006927
18.5913658
15.0289211
6.6507249
9.3500500
5.1043625
2.0810649
0.6217853
0.3393014
0.3062897
0.5490601
0.5853603
1.2886832
25.2339401
89.1039200
148.7644196
158.2689667
144.8847961
134.1501160
105.2341690
52.4980049
12.9434347
7.5238538
2.7827890
0.7474841
1.1414865
4.2770777
20.5223904
101.4022217
261.2156982
370.2037659
310.7648010
182.2660065
125.1571274
94.2557907
71.8836899
45.2388344
22.1547699
20.0680828
42.9824219
40.1899643
69.0915222
77.5933533
82.4492798
100.2042770
124.1735992
142.0122986
147.0007629
138.0749969
103.0296707
50.9636192
8.7137375
0.3679474
0.1303620
0.1176734
2.4587655
7.6989994
13.0941019
15.8704548
14.3839664
9.7487774
6.5252790
5.3321118
4.5638413
3.9667237
3.5546741
3.8861303
3.9705608
4.0337477
4.5966830
6.1256304
6.6516733
5.7106400
4.3227720
4.8652658
7.5302877
7.8752146
4.4607239
0.9627787
0.2671755
0.1840105
0.1283877
0.0829811
0.1783377
0.3662513
0.4581250
0.3379551
0.2689731
0.2814676
0.3163480
0.2665951
0.1950704
0.1370649
0.0755996
0.0202994
0.0011714
0.0000038
0.0000000
0.0000000
0.0000000
0.0000000
0.0000000
0.0000000
0.0000000
0.0000000
0.0000000
0.0000000
0.0000000
0.0000000
0.0000000
0.0000000
0.0000000
0.0000000
0.0000000
0.0000000
0.0000000
0.0000000
0.0000000
0.0000000
0.0000000
0.0000000
0.0000000
0.0000000
0.0000000
0.0000000
0.0000000
0.0000000
0.0000000
0.0000000
0.0000000
0.0000000
0.0000000
0.0000000
0.0000000
0.0000000
0.0000000
0.0000000
0.0000000
0.0000000
0.0000000
0.0000000
0.0000000
0.0000000
0.0000000
0.0000000
0.0000000
0.0000000
0.0000000
0.0000000
0.0000000
0.0000000
0.0000000
0.0000000
0.0000000
0.0000000
0.0000000
0.0000000
0.0000000
0.0000000
0.0000000
0.0000000
0.0000000
0.0000000
0.0000000
0.0000000
0.0000000
0.0000000
0.0000000
0.0000000
0.0000000
0.0000000
0.0000000
0.0000000
0.0000000
0.0000000
0.0000000
0.0000000
0.0000000
0.0000000
0.0000000
0.0000000
0.0000000
0.0000000
0.0000000
0.0000000
0.0000000
0.0000000
0.0000000
0.0000000
0.0000000
0.0000000
0.0000000
0.0000000
0.0000000
0.0000000
0.0000000
0.0000000
0.0000000
0.0000000
0.0000000
0.0000000
0.0000000
0.0000000
0.0000000
0.0000000
0.0000000
0.0000000
0.0000000
0.0000000
0.0000000
0.0000000
0.0000000
0.0000000
0.0000000
0.0000000
0.0000000
0.0000000
0.0000000
0.0000000
0.0000000
0.0000000
0.0000000
0.0000000
0.0000000
0.0000000
0.0000000
0.0000000
0.0000000
0.0000000
0.0000000
0.0000000
0.0000000
0.0000000
0.0000000
0.0000000
0.0000000
0.0000000
0.0000000
0.0000000
0.0000000
0.0000000
0.0000000
0.0000000
0.0000000
0.0000000
0.0000000
0.0000000
0.0000000
0.0000000
0.0000000
0.0000000
0.0000000
0.0000000
0.0000000
0.0000000
0.0000000
0.0000000
0.0000000
0.0000000
0.0075472
0.1105319
0.4052727
0.7164544
0.7915891
0.7283418
0.8992519
1.3292965
1.5577946
1.3587965
1.3353660
1.5635289
2.1033850
2.6911740
3.2624612
3.3579216
2.8382545
2.0435917
1.5800970
0.9178772
0.3754674
0.2616738
2.8078945
10.2810278
17.2794704
23.1173286
43.1698761
86.7945251
126.2025070
128.9629211
84.6016617
44.7553825
20.9545574
12.7882328
7.3307815
4.7290783
4.9097514
4.0498009
2.6881468
2.4805877
2.0620530
1.8189228
1.2213639
0.8955022
1.2061015
2.7747755
5.9652843
8.5750637
10.0323582
9.5299950
21.7973881
61.6029243
105.2255096
119.5812912
97.6032486
71.2745743
46.9753304
30.6262951
10.4330673
25.5451813
45.9134178
32.4989014
18.8350601
12.2161760
8.1708727
18.9057903
46.3133125
63.1273804
51.4159775
22.9056549
11.0418882
4.3990002
1.2915163
1.6999557
2.1578646
12.1130571
31.7453613
40.4285469
31.3514767
21.2602081
23.2828236
35.2887611
55.8351212
82.6891556
95.1788330
79.8131790
61.0916672
41.8295021
26.2741585
39.7844620
47.1523170
29.9792118
22.0624619
20.8503876
20.2851162
23.4422989
32.1742668
43.7658691
39.6498413
39.5693207
50.9675751
61.4560547
54.5694962
36.7121048
23.4619637
6.6036501
3.7972403
0.4940017
0.4761794
1.4191098
4.6959414
6.1750846
5.8908558
5.7263136
5.4190702
4.7870173
4.0742412
3.0896068
2.0896914
1.2789536
0.6638622
0.4445546
0.4385523
0.8455152
1.1846259
1.2016227
5.9280171
22.3149376
50.4039078
83.9426575
107.1972351
98.1084747
64.0697632
36.5367584
23.9997292
20.5859127
20.6753864
24.9192867
23.2986412
10.4802732
2.5731368
1.1284784
0.3629345
0.2093064
0.2288918
0.2038164
0.1150161
0.2167610
2.6990836
23.3899174
58.3367996
74.9383392
56.3839302
28.0370789
19.3725033
11.3889875
5.7901692
5.6130724
13.0770359
36.0823402
60.7127419
65.8620300
60.7371597
53.2249451
56.5721626
39.2888641
18.2418461
4.0523520
5.1823578
7.0557947
6.2987528
4.8172154
4.0476952
4.9763265
10.1213808
19.8189926
28.0373802
29.8141937
26.9754791
24.7448788
16.7759762
12.1253233
8.6008320
6.8165445
11.1369324
6.0910974
1.5861777
0.3898066
0.2043720
0.6918803
3.3203795
8.1087151
11.3147125
11.9900990
10.2926311
7.7928820
5.8335776
4.4439840
2.9982452
1.8940318
1.2348309
2.2767777
21.9713383
53.3774834
65.7453232
50.7933693
16.1047268
2.8816411
9.8295984
37.5829239
78.6244125
86.2705994
64.6292038
38.4345512
25.0636921
18.8015976
22.3367462
34.6264915
47.6201324
56.6392212
67.0005646
77.3833084
67.0749512
33.7972412
9.7669907
0.3936069
0.0702224
0.1471669
0.1955830
2.1002965
10.2733507
19.2841110
21.0459003
14.2895451
8.2971106
6.8954506
7.7597661
9.4291048
17.7940140
43.3985519
82.1929245
106.4024582
96.4349365
67.5269241
49.7730103
31.6801262
22.8406334
24.7760887
25.7073822
33.9963684
47.3434792
34.1461105
18.4199104
16.5071907
21.1054897
15.5341654
32.2391319
65.4338837
60.6099243
38.2308426
24.4848347
32.0237999
25.6447926
6.8011518
1.8489341
9.8586788
23.1370144
45.3799934
61.0065498
64.5725784
50.8765907
45.9512672
31.8061314
35.5115547
39.6674423
29.4592400
16.8037033
12.0919943
7.1809444
12.9371414
19.8785973
20.2522507
17.5636387
13.5601130
10.6557875
10.6770096
22.4875813
56.3861351
91.7667313
95.1568985
75.3222504
65.9839783
56.0833626
80.3590164
78.2134552
58.8964691
41.4960213
31.8795967
49.9480553
64.2269516
47.9877090
31.3261127
16.2536716
7.9218087
25.9487152
30.9461117
45.8043900
67.4478073
53.6602440
30.7013931
12.9142714
3.1256278
0.5434282
4.8911767
32.7218590
68.4672089
60.9433975
31.4735279
14.5235577
7.4159617
5.0144591
3.3713708
1.9490795
1.0765160
6.8367224
13.7320890
17.0758553
18.3897305
14.3076687
5.4645600
3.8506317
6.5454206
2.7679739
0.5772348
0.0954595
0.1491614
0.2667121
0.3117183
0.2753792
0.3455726
0.3390933
0.4812691
2.6306043
6.5096626
10.1332426
14.1262045
19.6722107
25.5821762
30.2307663
31.5950375
27.4084015
27.1244812
37.3397522
53.5440826
57.1435165
42.0262451
25.9488544
15.9355364
15.2053871
20.5958252
16.1108418
10.3342323
10.4126949
23.1226425
25.0050488
17.3450203
7.9577990
15.0023623
15.4358673
23.6064854
53.0230789
68.6220703
83.7131424
119.5955429
167.1357727
195.0819397
188.6865387
157.4927673
137.8395081
139.8016968
132.9800110
90.4046478
36.4816437
27.3848495
49.1789017
76.1153412
67.7108231
41.0215759
29.4468803
18.1750278
6.6905308
8.3632612
12.7486897
17.0205708
29.6602688
42.5744858
43.5581017
34.6042862
24.7949638
18.9872513
18.5868664
10.7006931
1.7358592
0.1646247
0.1157300
0.5106802
6.1929417
17.9161568
33.0110397
43.2052498
38.5515976
21.2378883
9.2338028
5.1264329
3.9204578
6.7834668
16.5443306
24.7010784
21.7100353
13.5577869
10.4913139
14.9232922
31.4207516
36.4962387
36.0483971
33.9094925
32.0492783
26.6960983
20.5155525
11.2932529
14.8048496
31.2251511
37.8315811
47.2200890
60.1774712
92.4302826
138.5283356
143.7563629
103.1659927
66.2854691
65.1820145
70.7563477
66.2625961
46.9203911
27.7389069
21.0324593
53.6801109
81.9337311
61.4179955
14.8928404
1.9782896
1.0818161
4.5572858
16.9142342
19.5948086
13.6440706
8.1729336
6.2152681
5.3266287
5.7580423
6.8544192
8.7368212
11.6025515
15.0305138
19.6874237
19.8718815
11.9994030
5.5360446
18.5436077
75.2928696
136.9151764
132.2374115
69.7985840
24.8787632
14.9592781
9.3445568
6.6731415
15.7253180
39.3074875
38.6844025
22.3847275
11.7585936
8.2582254
2.7339690
0.6839623
1.2579200
1.2059934
0.3653826
0.1886643
0.3140040
0.5366427
0.6466956
0.7716974
0.8716211
0.9447563
2.5570900
9.2762804
19.8083878
27.6136303
46.0123863
91.6441574
126.5197144
112.7438354
86.5479736
104.5349731
137.4306488
138.8845673
110.8517151
68.0374146
68.5506134
81.2619019
42.1037407
36.5523911
39.8907852
31.5432205
16.1635094
6.2704830
3.5423653
2.9862578
5.1043944
8.4231243
11.2659378
11.7658958
11.9211187
17.4729481
22.3030090
17.8363323
6.2305470
1.1521190
1.2206463
11.7952061
35.2445259
61.2235336
83.8353882
94.4604416
95.2266922
82.0070724
59.4455299
43.3750153
35.7691650
31.9413204
34.7833862
14.5872688
8.2269707
7.5127296
10.6722775
15.7843456
15.3483276
9.8451529
8.1814365
10.4539165
13.6166906
13.6984520
14.1427412
15.9097805
16.1796951
14.5544357
12.7827158
9.6184368
6.6338763
5.3647361
5.4088297
6.1718564
22.5596352
133.7195435
322.8530579
401.4676208
272.4125671
77.8475952
32.4412918
38.0971260
21.8004494
11.6252966
3.7412989
9.3575993
44.5265961
100.0030975
177.3699646
245.7895355
242.2409210
186.9536133
135.5151367
90.8246765
49.0983887
21.4536533
10.8403311
17.3966160
43.8707008
85.0414429
128.6671143
163.0434723
188.0086823
171.0825806
123.6099701
88.3181229
55.3162956
24.1709576
19.5210400
17.3099823
22.9056396
16.4047680
4.0385480
5.3770905
25.2207737
50.7822418
61.0877686
55.3704605
47.1561623
31.5088100
21.6940689
43.9319992
92.8223038
131.6325836
138.7207794
96.7055817
67.9189224
45.9423866
48.2010345
87.0357590
113.4352951
119.6304321
73.6037903
37.7324181
27.7837925
53.5962753
73.4500198
76.0239716
48.8477554
19.0077515
5.6212664
7.0556569
14.4542665
10.7675161
10.6251221
19.5019417
26.0433273
30.8509769
33.4116669
21.2869282
6.2113085
3.1956391
4.4211431
5.7886558
5.8808575
4.5434675
2.3953094
1.3555673
1.2346369
1.0184757
0.7771155
0.5148261
0.4636609
0.4084345
0.3017708
0.2516739
0.1563690
0.1156364
0.1669665
0.2719321
0.4813547
0.5404209
0.3323556
0.2314473
0.3141098
0.3402860
0.4248432
0.4003747
0.2186166
0.0427835
0.0029930
0.0001766
0.0000000
0.0000000
0.0000000
0.0000000
0.0000000
0.0000000
0.0000000
0.0000000
0.0000000
0.0000000
0.0000000
0.0000000
0.0000000
0.0000000
0.0000000
0.0000000
0.0000000
0.0000000
0.0000000
0.0000000
0.0000000
0.0000000
0.0000000
0.0000000
0.0000000
0.0000000
0.0000000
0.0000000
0.0000000
0.0000000
0.0000000
0.0000000
0.0000000
0.0000000
0.0000000
0.0000000
0.0000000
0.0000000
0.0000000
0.0000000
0.0000000
0.0000000
0.0000000
0.0000000
0.0000000
0.0000000
0.0000000
0.0000000
0.0000000
0.0000000
0.0000000
0.0000000
0.0000000
0.0000000
0.0000000
0.0000000
0.0000000
0.0000000
0.0000000
0.0000000
0.0000000
0.0000000
0.0000000
0.0000000
0.0000000
0.0000000
0.0000000
0.0000000
0.0000000
0.0000000
0.0000000
0.0000000
0.0000000
0.0000000
0.0000000
0.0000000
0.0000000
0.0000000
0.0000000
0.0000000
0.0000000
0.0000000
0.0000000
0.0000000
0.0000000
0.0000000
0.0000000
0.0000000
0.0000000
0.0000000
0.0000000
0.0000000
0.0000000
0.0000000
0.0000000
0.0000000
0.0000000
0.0000000
0.0000000
0.0000000
0.0000000
0.0000000
0.0000000
0.0000000
0.0000000
0.0000000
0.0000000
0.0000000
0.0000000
0.0000000
0.0000000
0.0000000
0.0000000
0.0000000
0.0000000
0.0000000
0.0000000
0.0000000
0.0000000
0.0000000
0.0000000
0.0000000
0.0000000
0.0000000
0.0000000
0.0000000
0.0000000
0.0000000
0.0000000
0.0000000
0.0000000
0.0000000
0.0000000
0.0000000
0.0000000
0.0000000
0.0000000
0.0000000
0.0000000
0.0000000
0.0000000
0.0000000
0.0000000
0.0000000
0.0000000
0.0000000
0.0000000
0.0000000
0.0000000
0.0000000
0.0000000
0.0000000
0.0000000
0.0000000
0.0000000
0.0000000
0.0000000
0.0000000
0.0000000
0.0000000
0.0000000
0.0000000
0.0000000
0.0000000
0.0000000
0.0000000
0.0000000
0.0000000
0.0000000
0.0000000
0.0000000
0.0000997
0.2644738
1.2386651
2.5043232
3.0674462
2.6788924
2.0937090
1.7398940
1.6854695
1.5456765
1.4655716
1.7507179
2.0426648
1.7967336
1.3649373
0.8399585
0.5739477
0.5796149
0.8204675
1.4095426
1.7094202
1.3239303
1.3741045
8.6046562
25.6808968
43.6873474
51.7402115
45.6556206
36.1977272
26.7380009
38.8579025
102.9221649
161.7108765
158.5125580
98.4322815
44.1165085
9.6945906
0.9934478
0.0548255
2.4039633
39.0237236
101.7972946
136.0052643
134.3979950
125.5938416
129.1878662
112.5382309
65.3920517
11.4686680
0.7960095
6.9120817
40.8226089
103.9251633
150.4944458
154.4745636
147.7852020
130.7881622
95.4869003
44.7762947
20.7657528
51.2874641
98.4249725
121.1499939
101.2222366
66.2590027
26.3748188
6.9518881
1.7784894
0.7332705
4.7389421
67.9213562
133.5072174
145.9137115
118.7229385
75.3444061
43.8629570
24.4513874
13.8989048
17.3293114
21.1833782
20.1353264
24.5324821
58.0992813
115.6733780
146.9990997
123.8432617
82.2795258
48.0682297
27.4377270
8.7163429
3.2715278
0.8569763
7.4625263
23.1534462
37.7289467
55.5289345
81.3550568
100.2902985
99.4398804
81.5597382
51.7525826
37.5938759
35.1487465
29.9700279
17.1447983
10.8284540
42.0505066
82.4125137
88.0676804
69.4572525
52.4177094
47.3381081
45.2468605
29.8858204
8.6017933
0.8712419
0.1387546
0.1675379
0.1563679
0.2096768
0.3760971
0.4550501
0.3447362
0.2867190
0.3713107
1.1916351
2.9853067
4.2140141
7.7923884
18.7872887
34.0491104
45.0058784
45.4652634
30.9966450
27.4866562
54.7539062
121.9823608
165.0440826
149.5537415
108.3280411
74.9162292
45.4234238
25.6433411
33.8079567
68.2308655
118.5873718
143.5460663
139.6672668
120.6143188
103.2891312
107.4969330
137.9790039
182.9028320
126.8556519
88.9390564
104.5941772
118.8694153
82.8240967
38.6571884
17.3316364
8.2154036
5.1389556
5.8289504
22.0418396
63.7172852
90.3174210
96.5340195
78.9560547
58.8013077
62.9798622
115.9845428
153.4178467
118.0041962
73.7966537
86.0253372
162.6984253
174.3194580
126.4572906
66.4755936
52.0717239
39.8086739
20.2820644
5.8347626
17.9495239
67.4879150
114.5007019
106.4861221
77.5129547
110.6988525
130.1391907
72.7139740
15.2757578
8.7859831
34.9622917
91.0378647
101.2464218
65.0755463
24.3511028
19.7016697
4.3154979
19.2676640
46.3446808
93.4402313
116.6700821
121.5582581
93.6656342
71.9076462
35.0945168
20.8391685
27.1946983
79.8450317
92.4952927
61.0029221
31.5219917
19.4980431
35.8420067
14.4181376
2.6140435
0.1697006
0.5121830
2.6768923
4.4491658
3.2171047
2.7605870
3.1745296
2.6070080
3.9562383
7.8023033
10.9498129
11.1821594
12.7542734
19.8956738
54.6787872
103.8840714
126.2864227
121.3662186
108.0160675
121.0387802
111.1771088
79.1567917
50.2182922
28.0412388
13.3845091
3.2675591
0.4924414
0.2221285
5.0919309
17.0959816
23.5588341
15.9370041
5.0206199
1.9595922
1.1593962
0.3028726
0.0357927
0.0771966
5.8702245
32.3776054
64.3062592
69.6826706
42.4393730
8.8380127
7.0551763
25.6783352
63.2337341
105.4330368
133.0454559
131.7893677
96.5263901
48.8149185
24.1646175
17.0007191
13.8327618
7.9525776
5.4466934
4.1985669
1.5804446
1.0639151
1.5491751
2.6468008
4.1908212
11.4625149
45.0147057
115.2769394
187.8614349
205.0358734
154.2616882
93.2891541
53.6307755
6.5153441
65.1699982
119.5468216
75.7295914
29.9340858
16.4740963
24.7946129
44.7371864
55.0664825
39.4585648
21.8421421
10.8285942
4.4413462
10.0304117
45.1273460
67.8198700
63.8430710
44.9004440
28.9576073
13.5198669
53.1318436
122.1146927
180.8040314
199.4952545
167.7746124
107.0678711
57.2899399
32.0700417
9.2485580
10.9916763
14.2183304
1.9634578
4.9270892
36.5823021
75.5162277
96.8717041
102.2512817
108.0529327
114.4549713
138.2995605
136.8624115
96.2946472
51.7622375
40.8533554
25.5083771
8.1122131
3.8416777
2.4538705
1.1118475
3.4103005
18.3914623
35.1182480
32.0780258
17.9886360
19.0974693
32.4491005
49.9324646
75.0315094
112.1870041
169.9889832
211.6693268
220.9081573
176.8850250
128.1805115
46.7396889
27.9056053
37.9917755
47.5184669
40.9212112
37.9774818
43.7028580
41.2909164
46.6025848
40.1284676
31.0274315
22.1371441
37.6322060
42.9841728
26.5352859
13.5055380
9.5108976
5.6198311
8.3063049
21.8653946
38.8246803
40.7313309
31.4659061
19.1514206
11.3164825
7.7664280
5.2993708
3.4892378
9.2648182
50.8526878
131.8627625
172.7984619
137.1361542
62.9169617
17.7064037
3.9012284
11.0785809
31.1226158
46.6117630
29.6198654
7.2103615
4.7556930
19.8897896
48.4222908
82.8313217
108.7244415
118.6490173
102.2825317
69.8087769
40.5898972
38.0681801
64.7607269
61.8144875
21.0730209
4.2741270
2.2298768
1.0634091
0.2749017
0.1006032
0.2467572
4.5679207
29.1992378
73.6327057
129.9774017
175.5668640
178.8151550
130.8546906
81.6009598
60.1164169
67.8258362
84.2246475
124.1254654
127.7543716
76.2018585
20.1048355
4.0696325
5.2753530
27.0344009
57.5968590
75.7801819
71.1426697
56.0169601
50.5191765
63.5107727
97.3002472
150.7271271
186.6298523
166.7840729
104.5377274
36.8146553
13.9562054
11.8798370
9.9761372
39.4903374
120.1425705
121.8051682
119.3563080
116.5546570
100.6415176
70.6591187
33.8276024
62.9263000
80.6156082
130.2816162
187.0345764
148.5711670
91.8660812
41.5512772
17.8832378
10.2610226
7.5924892
4.8849659
7.0753031
12.6131964
14.4739294
8.8850603
16.6360779
50.8980789
93.3696060
128.1918335
153.7379456
148.0485077
81.9399796
24.7029858
10.8327599
3.9452338
0.7347377
1.2489399
4.7826939
8.5720873
9.4210176
23.4437847
88.4738617
167.9172363
192.3234558
155.3002319
106.2402191
53.8530312
12.4205275
7.9825697
4.2253828
10.0117817
25.0097980
27.0592194
16.4844360
16.9267082
46.6887741
89.4485016
90.7752609
49.7514267
13.9753523
3.3787255
3.0554450
2.5770278
1.9926718
6.3183479
30.5859184
63.2109146
84.4915314
83.3034973
62.7949371
39.7478294
25.5658627
28.9057484
37.6896744
69.5057220
95.6233597
64.3815002
25.7989616
15.2096796
20.4641457
31.0178642
31.3371010
21.2048569
33.7596474
45.9492455
58.5634422
68.3610764
65.7122269
59.2259064
57.1935158
44.9718399
32.6146889
11.6577015
3.8712168
2.0935271
0.7779878
0.3938740
7.6310158
61.3118935
150.2787933
214.7049408
214.3562164
175.6603394
114.1442490
94.7307816
97.7546005
131.9074402
111.7820587
42.7194519
14.7831945
13.0922117
19.3751450
25.0532570
45.2315254
71.0853424
73.7399902
42.0893784
16.5276070
5.3251057
3.4972210
4.6015415
30.6517220
67.6252441
67.3115387
31.2865181
4.6809335
0.9721828
0.0770072
0.5370639
5.8420963
19.6205139
22.9162350
15.1809034
4.0267715
1.3085589
1.0239038
1.7182084
7.5672846
19.5110703
28.1548214
30.5388298
26.5160885
19.9063625
8.6598577
3.5179572
2.1681538
2.2924347
2.3317530
5.0374322
9.2458582
11.1464939
18.1746902
39.5065346
66.7425385
80.2009201
86.6148071
140.1802368
209.8763733
206.7041931
132.7762756
73.0809021
53.8815079
56.5689049
69.2995224
66.9669952
33.1619110
12.2868738
5.5040574
13.4288034
55.5735435
87.4632111
84.9015198
75.1421661
66.6413956
52.5922813
36.5760994
38.7393494
30.8614330
16.1005268
7.0026140
7.9566088
11.7549229
12.7960224
10.4123306
10.0561275
17.1552620
25.6116409
20.2154579
8.1929588
4.2281628
6.0644660
20.5178432
49.8328934
69.5741577
63.4459000
39.4266891
13.8203259
5.0473456
4.5676880
2.1766129
6.5740294
55.8955154
153.1916656
205.4940033
175.3428192
121.8515396
128.9281311
175.5311890
190.9460602
164.2803192
92.9939880
19.6181870
3.1384857
3.6091466
73.1777496
235.7440796
250.1936188
115.6130676
21.6691952
8.1237879
5.4896588
4.3310227
4.4217396
43.5515900
137.9413757
227.3725128
255.0412292
235.0528870
208.1722412
167.5125885
92.8034515
34.2504997
47.0886726
150.0509186
217.7621307
185.1221161
124.2597809
104.1606445
72.3851395
33.0349884
16.4286308
83.1651535
171.7094879
177.4713440
101.4666061
58.6008110
45.7391129
22.3996887
8.0161734
5.4490585
13.7634344
39.0042267
89.2847214
156.5455322
170.3663635
117.8411255
76.4927368
53.3770790
63.5113602
94.9131622
113.8530273
94.2487717
66.0814133
46.2719612
41.4718170
47.6365929
55.2338142
58.6312180
50.7967377
39.9053841
38.2803497
41.2933807
35.7660446
19.5044746
16.5547047
5.7132282
3.9172974
5.6398201
9.9515457
12.9500408
37.7789345
122.6491241
217.2471924
240.9057617
212.1669312
117.1660080
38.3229637
7.8682141
13.7103081
29.3318329
27.8268814
2.2987442
6.9568362
66.9454041
186.7790833
214.5244751
132.4627075
30.9949837
22.8281307
80.5730820
145.4375916
177.2195587
204.5602112
257.8991089
316.7223511
303.0906372
180.4402008
47.0358734
32.4904022
77.9018707
97.3112106
76.8531113
48.1346436
31.0042839
12.6089697
17.9300442
37.4909935
52.2821426
48.9880829
41.4248123
41.3457794
49.0401955
50.3134232
59.8140030
68.2631989
89.8489838
90.3051453
62.3834000
35.2390060
22.3331890
21.3222713
25.3667564
29.0390587
30.7586861
27.2569618
21.6439381
15.9694796
10.6444998
5.4197373
2.1714180
1.2891002
0.7065178
0.4688957
0.7562596
1.2838168
1.3348409
1.1164989
1.0358120
0.7954111
0.3628913
0.4282910
1.1118017
2.2811713
2.4762371
1.5200735
1.0342369
0.7142102
0.3488648
0.1195112
0.0247305
0.0013645
0.0000000
0.0000000
0.0000000
0.0000000
0.0000000
0.0000000
0.0000000
0.0000000
0.0000000
0.0000000
0.0000000
0.0000000
0.0000000
0.0000000
0.0000000
0.0000000
0.0000000
0.0000000
0.0000000
0.0000000
0.0000000
0.0000000
0.0000000
0.0000000
0.0000000
0.0000000
0.0000000
0.0000000
0.0000000
0.0000000
0.0000000
0.0000000
0.0000000
0.0000000
0.0000000
0.0000000
0.0000000
0.0000000
0.0000000
0.0000000
0.0000000
0.0000000
0.0000000
0.0000000
0.0000000
0.0000000
0.0000000
0.0000000
0.0000000
0.0000000
0.0000000
0.0000000
0.0000000
0.0000000
0.0000000
0.0000000
0.0000000
0.0000000
0.0000000
0.0000000
0.0000000
0.0000000
0.0000000
0.0000000
0.0000000
0.0000000
0.0000000
0.0000000
0.0000000
0.0000000
0.0000000
0.0000000
0.0000000
0.0000000
0.0000000
0.0000000
0.0000000
0.0000000
0.0000000
0.0000000
0.0000000
0.0000000
0.0000000
0.0000000
0.0000000
0.0000000
0.0000000
0.0000000
0.0000000
0.0000000
0.0000000
0.0000000
0.0000000
0.0000000
0.0000000
0.0000000
0.0000000
0.0000000
0.0000000
0.0000000
0.0000000
0.0000000
0.0000000
0.0000000
0.0000000
0.0000000
0.0000000
0.0000000
0.0000000
0.0000000
0.0000000
0.0000000
0.0000000
0.0000000
0.0000000
0.0000000
0.0000000
0.0000000
0.0000000
0.0000000
0.0000000
0.0000000
0.0000000
0.0000000
0.0000000
0.0000000
0.0000000
0.0000000
0.0000000
0.0000000
0.0000000
0.0000000
0.0000000
0.0000000
0.0000000
0.0000000
0.0000000
0.0000000
0.0000000
0.0000000
0.0000000
0.0000000
0.0000000
0.0000000
0.0000000
0.0000000
0.0000000
0.0000000
0.0000000
0.0000000
0.0000000
0.0000000
0.0000000
0.0000000
0.0000000
0.0000000
0.0000000
0.0000000
0.0000000
0.0000000
0.0000000
0.0000000
0.0000000
0.0000000
0.0000000
0.0000000
0.0000000
0.0000000
0.0000000
0.0000000
0.0000000
0.0000000
0.0000000
0.0000000
0.0000000
0.0000000
0.0000000
0.0000000
0.0000000
0.0000000
0.0000000
0.0000000
0.0000000
0.0000000
0.0000000
0.0000000
0.0000000
0.0000000
0.0000000
0.0000000
0.0000000
0.0000000
0.0000000
0.0000000
0.0000000
0.0000000
0.0000000
0.0000000
0.0000000
0.0000000
0.0000000
0.0000000
0.0000000
0.0000000
0.0000000
0.0000000
0.0000000
0.0000000
0.0000000
0.0000000
0.0000000
0.0000000
0.0000000
0.0000000
0.0000000
0.0000000
0.0000000
0.0000000
0.0000000
0.0000000
0.0000000
0.0000000
0.0000000
0.0000000
0.0000000
0.0000000
0.0000000
0.0000000
0.0000000
0.0000000
0.0598871
0.3404472
0.7399343
0.9185272
0.8119910
0.5843884
0.4430958
0.3289053
0.6904885
1.0723839
0.8594868
0.3340759
0.2536871
0.3360672
0.4084818
0.3970446
0.3351528
0.3219086
0.3187814
0.2650169
0.2787991
0.2951344
0.4078054
3.1953344
18.0113163
37.9598579
43.4489708
30.5933113
31.5293884
88.1702194
200.1280670
255.9924011
212.7150574
118.0125961
68.2836685
68.0065002
55.8171692
27.9613209
4.6044703
9.0017910
37.1723366
64.8751450
83.5096588
100.5610352
97.9668045
65.0536499
55.9393959
69.6845016
118.5759125
124.0433197
76.3547821
30.3445816
1.7985626
4.5136528
0.9540508
0.4067801
1.1373224
2.2258797
3.5469041
3.5177672
3.5631423
3.0534389
1.6335783
0.6764687
0.8264651
8.9738712
49.1268616
122.2655182
175.7788391
152.9515686
74.3638916
15.4927082
7.4633055
4.4001937
3.2479165
1.8994210
1.2939134
0.3874885
0.1298011
0.4078413
6.6676006
25.8277740
62.9698906
112.4386597
136.9896545
109.9389343
66.5854568
32.8337021
31.0846958
19.1716652
17.9871979
19.1963882
16.8038292
17.8650837
37.8268089
69.2917099
93.5264435
99.1495895
80.8457413
54.8972969
61.9453239
97.1808701
159.6559906
200.0775146
178.1371155
99.1058350
30.7998276
3.6934040
0.4322685
1.5260396
11.0639696
44.2845230
43.8505783
17.9397297
3.5846055
7.7729311
24.0163021
62.1854973
99.4194336
135.1714172
169.4912262
168.7517090
98.2090225
29.8661022
11.7061081
11.0879993
10.5361996
11.1066265
14.9733810
40.1729660
86.7024612
122.4261093
135.7969360
142.9598694
116.6721802
57.6945801
5.9525018
3.3589158
2.0731719
1.2127004
0.8303128
2.5111487
5.7483273
7.1551270
5.9483862
4.4801555
3.7036028
4.5242891
4.9620833
3.1999574
0.8338488
0.2145699
0.0994610
0.0998182
2.2226398
21.0499821
54.5766983
82.0668335
108.8773575
125.6927032
96.8080978
42.6818695
22.0903263
10.7291336
5.6036539
4.7959476
5.0461783
4.6361413
3.2116213
1.6262362
0.6819218
0.4169727
0.2763146
0.6626732
6.7463093
20.3362007
26.3874702
18.3274994
7.7283621
9.7528534
21.9544182
27.3976936
17.5469112
6.3856158
4.3896465
5.3836284
3.5050287
0.9353650
1.6020774
4.5534182
7.9983068
7.9652743
4.9017243
2.5029376
1.3758268
0.5432185
0.2059252
0.1596725
0.1720386
0.4319208
0.4332623
3.3036196
37.3554916
106.6020508
167.3463593
213.2427673
254.5334930
254.2779846
175.4894714
67.9551239
9.6229219
7.2263699
43.7655067
146.5491028
187.6995544
93.4732819
15.9142551
3.2761374
7.3835225
44.9207916
122.4003220
183.5426788
193.2414246
152.0848236
109.5474396
75.6054382
34.6617470
62.9144096
41.3370399
6.2577543
2.8626547
9.3174896
64.0970459
160.3114471
198.2946472
164.5808258
121.5910110
62.5626869
14.2901411
5.2930117
1.2415931
0.4186290
18.3250675
71.8124313
119.2184372
129.3954010
105.7275238
77.1401672
39.3425179
26.4237041
32.6346474
86.7641296
141.8635406
124.0917587
77.8856125
36.1639748
15.2456398
17.4420071
43.2736473
61.8147278
55.2629967
47.8574905
54.7584229
63.3698425
71.3209686
74.8288040
72.2065277
66.2114410
55.5718307
53.6328468
63.7437057
80.7749863
75.6052780
41.2509537
9.6504297
4.3226342
0.6253721
1.7426174
17.2019749
78.6082001
142.7893372
169.3557434
170.1740265
155.3765411
148.6785278
123.6748428
89.2471848
59.3880005
80.6251831
108.7429962
73.2963181
69.3307266
91.1481094
53.9859390
36.5902557
19.5364857
9.3261423
16.0036106
63.2596474
158.4136200
178.8949432
100.2946320
27.3879738
9.0422897
10.6236296
17.1083889
51.4949455
106.9762802
113.1517487
60.9618454
15.3292809
3.9283633
1.1774182
6.4338765
26.2521667
68.2776108
90.8435135
75.8703461
30.4230366
9.2241001
2.1911135
1.3467563
5.6664100
36.4531441
61.6290588
88.8978729
130.4453430
187.4769745
213.2360382
178.6965485
130.0016479
79.6765518
58.2572899
32.4246979
32.4638100
23.8592834
11.7142105
6.7662263
5.6419258
6.0172758
6.4066458
7.8207378
7.6647410
7.3793087
23.0116882
62.4175034
97.0794449
87.2008591
34.8515930
3.7767413
1.4932698
0.5041133
0.2763990
5.2627711
21.5923405
56.4938393
99.8995590
127.5403671
133.7407379
108.0320129
68.1494141
34.3817978
25.4306622
27.8156395
75.8553314
171.3327026
238.6664124
197.3626709
110.8373642
26.4083061
10.5795240
0.6298332
0.1859446
1.5822285
18.9703789
63.3251724
103.9286957
119.3653641
106.3791656
74.3270340
57.1316452
43.2954178
47.0515060
76.4288101
78.8624191
52.1348534
22.7145767
9.8591499
3.3116846
7.5570946
34.1338921
90.9644394
128.0365906
114.6928864
70.7545242
33.0410576
28.2411633
36.8472977
39.9025116
37.9134789
28.6296272
10.4209490
8.2885637
28.6328335
57.6619034
49.7133522
10.9461946
1.9035282
1.1610984
9.4097748
28.9961662
33.9236145
25.2698612
17.0293503
18.3180122
30.4351578
46.9523277
67.5055313
87.0954437
100.8420563
113.5554352
151.7613678
188.0229187
146.5141449
43.5425491
4.0287652
0.4493536
3.5110559
13.6990414
26.7658558
34.6519089
32.7582664
30.2314224
17.1858540
5.0094695
0.6346520
0.2549033
0.1962736
0.1976985
11.6332989
91.4265594
232.5082397
305.7936707
218.7780151
72.5236053
25.0418015
9.2844238
8.2681856
21.6360283
43.7034874
51.6155090
40.2866478
26.0072403
24.7951813
27.4148922
33.0728607
76.3816986
145.7966766
168.7633209
124.8099365
117.9811859
126.6346664
120.6245880
56.8498650
28.9154549
35.8450928
36.7576294
32.3983803
38.8571167
64.2701569
77.6964340
65.9931107
56.0153236
51.6783562
66.2940826
72.6350403
46.9699631
18.2186317
5.8811307
2.3784330
8.5997953
14.3145866
14.1664352
12.0777206
12.4053898
11.9612455
17.8358536
47.1335945
113.4225616
186.6223450
209.3980255
169.4231262
119.7097549
82.9155273
123.0284653
178.9562225
191.0996399
143.5552216
93.5744781
62.9498367
42.5659866
21.9107876
13.2896204
21.2900944
43.2520599
81.5219574
125.6038971
181.9050293
220.9465942
200.5426636
151.9898376
121.9074631
122.5630188
137.3806610
132.2335968
99.1318359
95.2099304
147.4761963
142.6852417
92.4345474
53.5715446
76.5985413
106.5642700
109.9174805
82.2735519
49.8321953
39.2064285
63.1627846
78.5737381
78.8770599
67.0190964
42.3237419
6.3700900
1.3730263
5.8404489
24.0819817
40.6848335
39.2704887
32.4701500
33.9003220
26.8091145
13.2284641
35.4982338
110.7134552
185.8949585
234.3755951
275.8996582
256.8169556
174.2985535
120.0110626
83.4020386
54.2784119
129.5581665
177.3577881
152.2363281
134.9024506
135.7524109
137.2288513
123.6642456
101.3406219
90.1932373
81.2015533
71.3507690
49.9087563
67.3153534
68.3303833
28.5392170
43.6274567
81.0090637
190.8067017
328.2227173
368.0696106
249.8682098
92.1245880
17.9607620
4.1594701
31.5800171
143.8935394
216.9382172
149.9554291
41.9910736
10.8250742
6.5135107
3.2158556
0.7561870
0.4758261
1.2035744
6.1421723
16.6806049
35.1650200
54.3033981
58.0267639
42.3294220
27.1263466
13.6929626
13.9237041
7.8209577
2.5088968
16.7245235
25.5449581
31.0836964
79.1749802
184.0802917
273.0677185
258.1679688
225.7849731
222.1855164
278.5832520
266.7192993
138.4970093
52.8432312
36.9106789
38.7407990
35.6096573
30.2915955
31.0412827
25.5365772
14.2240810
5.9003973
1.0826195
0.2088664
0.3288774
0.1688722
0.2313381
0.3592100
0.3500044
0.2749796
0.2882340
2.8048635
30.1736870
91.9622726
166.2068634
221.8463287
227.5984650
198.0436859
157.8607178
106.2180176
121.3439026
64.8809433
46.9828453
33.8354301
65.3700409
112.6731491
130.3845367
113.5390854
79.9057465
102.2186432
132.4617004
106.0894928
78.6976013
62.7820969
55.2600594
37.5037689
15.2489986
8.0475636
5.7222967
8.3316107
29.0384827
33.4135895
17.0748100
4.3477025
1.6645079
1.3527815
1.0491924
0.7145274
0.7709550
0.9095721
1.1422071
1.2392081
0.9279621
0.4799092
0.2283457
0.2206067
0.3504681
0.5244554
0.7764235
0.5887237
0.4282283
0.7008872
0.6767336
0.2769598
0.0793208
0.0095915
0.0004833
0.0000095
0.0000000
0.0000000
0.0000000
0.0000000
0.0000000
0.0000000
0.0000000
0.0000000
0.0000000
0.0000000
0.0000000
0.0000000
0.0000000
0.0000000
0.0000000
0.0000000
0.0000000
0.0000000
0.0000000
0.0000000
0.0000000
0.0000000
0.0000000
0.0000000
0.0000000
0.0000000
0.0000000
0.0000000
0.0000000
0.0000000
0.0000000
0.0000000
0.0000000
0.0000000
0.0000000
0.0000000
0.0000000
0.0000000
0.0000000
0.0000000
0.0000000
0.0000000
0.0000000
0.0000000
0.0000000
0.0000000
0.0000000
0.0000000
0.0000000
0.0000000
0.0000000
0.0000000
0.0000000
0.0000000
0.0000000
0.0000000
0.0000000
0.0000000
0.0000000
0.0000000
0.0000000
0.0000000
0.0000000
0.0000000
0.0000000
0.0000000
0.0000000
0.0000000
0.0000000
0.0000000
0.0000000
0.0000000
0.0000000
0.0000000
0.0000000
0.0000000
0.0000000
0.0000000
0.0000000
0.0000000
0.0000000
0.0000000
0.0000000
0.0000000
0.0000000
0.0000000
0.0000000
0.0000000
0.0000000
0.0000000
0.0000000
0.0000000
0.0000000
0.0000000
0.0000000
0.0000000
0.0000000
0.0000000
0.0000000
0.0000000
0.0000000
0.0000000
0.0000000
0.0000000
0.0000000
0.0000000
0.0000000
0.0000000
0.0000000
0.0000000
0.0000000
