0.0000000
0.0000000
0.0000000
0.0000000
0.0000000
0.0000000
0.0000000
0.0000000
0.0000000
0.0000000
0.0000000
0.0000000
0.0000000
0.0000000
0.0000000
0.0000000
0.0000000
0.0000000
0.0000000
0.0000000
0.0000000
0.0000000
0.0000000
0.0000000
0.0000000
0.0000000
0.0000000
0.0000000
0.0000000
0.0000000
0.0000000
0.0000000
0.0000000
0.0000000
0.0000000
0.0000000
0.0000000
0.0000000
0.0000000
0.0000000
0.0000000
0.0000000
0.0000000
0.0000000
0.0000000
0.0000000
0.0000000
0.0000000
0.0000000
0.0000000
0.0000000
0.0000000
0.0000000
0.0000000
0.0000000
0.0000000
0.0000000
0.0000000
0.0000000
0.0000000
0.0000000
0.0000000
0.0000000
0.0000000
0.0000000
0.0000000
0.0000000
0.0000000
0.0000000
0.0000000
0.0000000
0.0000000
0.0000000
0.0000000
0.0000000
0.0000000
0.0000000
0.0000000
0.0000000
0.0000000
0.0000000
0.0000000
0.0000000
0.0000000
0.0000000
0.0000000
0.0000000
0.0000000
0.0000000
0.0000000
0.0000000
0.0000000
0.0000000
0.0000000
0.0000000
0.0000000
0.0000000
0.0000000
0.0000000
0.0000000
0.0000000
0.0000000
0.0000000
0.0000000
0.0000000
0.0000000
0.0000000
0.0000000
0.0000000
0.0000000
0.0000000
0.0000000
0.0000000
0.0000000
0.0000000
0.0000000
0.0000000
0.0000000
0.0000000
0.0000000
0.0000000
0.0000000
0.0000000
0.0000000
0.0000000
0.0000000
0.0000000
0.0000000
0.0000000
0.0000000
0.0000000
0.0000000
0.0000000
0.0000000
0.0000000
0.0000000
0.0000000
0.0000000
0.0000000
0.0000000
0.0000000
0.0000000
0.0000000
0.0000000
0.0000000
0.0000000
0.0000000
0.0000000
0.0000000
0.0000000
0.0000000
0.0000000
0.0000000
0.0000000
0.0000000
0.0000000
0.0000000
0.0000000
0.0000000
0.0000000
0.0000000
0.0000000
0.0000000
0.0000000
0.0000000
0.0000000
0.0000000
0.0000000
0.0000000
0.0000000
0.0000000
0.0000000
0.0000000
0.0000000
0.0000000
0.0000000
0.0000000
0.0000000
0.0000000
0.0000000
0.0000000
0.0000000
0.0000000
0.0000000
0.0000000
0.0000000
0.0000000
0.0000000
0.0000000
0.0000000
0.0000000
0.0000000
0.0000000
0.0000000
0.0000000
0.0000000
0.0000000
0.0000000
0.0000000
0.0000000
0.0000000
0.0000000
0.0000000
0.0000000
0.0000000
0.0000000
0.0000000
0.0000000
0.0000000
0.0000000
0.0000000
0.0000000
0.0000000
0.0000000
0.0000000
0.0000000
0.0000000
0.0000000
0.0000000
0.0000000
0.0000000
0.0000000
0.0000000
0.0000000
0.0000000
0.0000000
0.0000000
0.0000000
0.0000000
0.0000000
0.0000000
0.0000000
0.0000000
0.0000000
0.0000000
0.0000000
0.0000000
0.0000000
0.0000000
0.0000000
0.0000000
0.0000000
0.0000000
0.0000000
0.0000000
0.0000000
0.0000000
0.0000000
0.0000000
0.0000000
0.0000000
0.0000000
0.0000000
0.0000000
0.0000000
0.0000000
0.0000000
0.0000000
0.0000000
0.0000000
0.0000000
0.0000000
0.0000000
0.0000000
0.0000000
0.0000000
0.0000000
0.0000000
0.0000000
0.0000000
0.0000000
0.0000000
0.0000000
0.0000000
0.0000000
0.0000000
0.0000000
0.0000000
0.0000000
0.0000000
0.0000000
0.0000000
0.0000000
0.0000000
0.0000000
0.0000000
0.0000000
0.0000000
0.0000000
0.0000000
0.0000000
0.0000000
0.0000000
0.0000000
0.0000000
0.0000000
0.0000000
0.0000000
0.0000000
0.0000000
0.0000000
0.0000000
0.0030712
0.1255632
0.4924921
0.8898694
1.0390940
0.9822360
0.8327791
0.6720525
1.0728824
1.6841642
1.3960867
0.4518137
0.6899809
7.4153957
20.2333488
38.5771294
65.3769531
85.4773636
79.3784332
59.4168472
62.4742813
90.2067795
123.4565582
125.1650848
122.8557968
112.1200790
105.2697296
114.8186417
120.9567337
96.2856903
69.1639252
47.4851532
21.7119865
3.6106837
0.1739579
0.0509021
0.2040161
2.1504693
9.7609253
17.6201057
25.6548920
36.5223312
44.2212334
38.0173187
26.7454090
9.4030581
19.8566132
23.2460403
20.9741096
19.4894676
18.1588516
17.3388519
16.1053467
13.9482574
12.8817892
19.2025547
37.7273140
56.1759987
83.8624954
124.9807281
146.0065765
131.7763062
104.1597595
81.7101822
67.2516174
64.4339218
63.6962624
44.8804016
23.6906452
17.3612747
45.1141014
44.6344337
33.8178978
51.3305283
59.4916534
59.6009254
60.8513374
56.2990265
50.3740501
44.9673805
45.1538124
46.0486412
38.2788353
28.6085148
31.5818558
44.9943848
48.6657066
36.5389862
20.0462074
7.8210459
8.0010080
9.7235613
6.9336061
4.3658867
2.5959320
1.7546051
1.4696842
1.3025339
0.9730033
0.9208552
0.9071232
0.9057983
0.5984113
0.4415831
0.6117383
1.3956341
1.5100145
0.4058573
0.1688057
0.2307713
0.2679458
0.3141266
0.3946773
0.3412317
0.2966539
0.2972451
0.3105521
0.3055763
0.2639552
0.3373123
0.3491989
0.3183914
0.2345980
0.2067273
0.2638671
0.3839713
0.3734981
0.3442923
0.2988941
0.3343573
0.3477778
0.2938316
0.2765177
0.2776085
0.2964101
0.3679970
0.4040391
0.4587781
0.4306782
0.3432804
0.2688996
0.2770232
0.3536144
0.6496303
0.7029894
0.5559957
0.3789894
0.3448688
0.3284259
0.2820657
0.2960937
0.3841629
0.3956597
0.4281763
0.2587357
0.2296365
0.2357920
0.3650578
0.4486918
0.3378602
0.3130421
0.3397822
0.4422874
0.4971702
0.4831781
0.6013973
0.7672776
0.7498236
0.7575359
0.8347868
1.5160587
2.3646474
2.2276618
1.2891898
0.9640483
1.2014680
1.8620476
2.5849180
2.7964287
2.5001233
2.1077702
1.8671248
1.6806667
1.8481814
1.8673007
2.0755694
1.9173574
1.5014396
1.3244572
1.3264315
1.4752395
1.5831732
1.4464986
1.2181846
1.0584842
0.8629057
0.5540416
0.4875228
0.5339350
0.5934768
0.5186216
0.3738181
0.4307653
0.5918149
0.4884807
0.3212699
0.5576503
2.4095533
5.8674722
8.9667130
9.7861958
8.2769928
6.4185057
5.1132803
4.2647233
4.3015208
5.0269337
5.3353772
4.7010121
3.6323440
3.1116412
3.8887706
4.2993231
3.2799287
2.5148873
2.4957814
1.7700554
1.0973088
1.7080098
3.9636528
6.0131154
6.0600443
5.5285406
11.9241209
37.4988899
70.8037720
81.9952698
66.5791779
31.6896839
17.7284393
13.7431183
15.3497562
22.1506577
43.7310028
79.4391861
87.1710587
53.5502129
10.0146494
4.1419544
6.0849771
28.8603783
84.9270096
126.3935089
112.0037231
75.8998184
47.3656349
24.3061142
40.6072311
24.6527996
15.5811224
10.3893509
6.3379679
3.8072410
11.8949671
45.4776039
80.9297409
90.7461548
80.9208603
62.6456223
57.3334084
48.8499603
66.3039932
119.7715454
135.4181061
107.3126373
74.4494781
49.2935600
26.3934555
5.6246777
1.2225329
4.2017670
21.7648106
42.3175850
40.6361465
26.6424446
20.8445606
19.9736023
23.0912590
23.5938911
24.7393608
25.2729187
22.7540035
20.3981895
18.8890190
16.8264122
13.8913555
11.5351629
6.2531486
2.1588070
0.5590212
0.1993366
0.0943038
0.2468060
7.1619039
29.9794064
51.6881256
53.7437325
39.8348541
35.2448044
34.5426903
25.7041569
20.4851170
24.3020592
27.3555908
14.0387077
6.5530787
6.1935706
14.4732552
26.6854000
28.5722027
25.2652130
20.9592953
16.7339802
11.4177074
14.1233530
5.6020160
1.0133194
0.5731228
8.9834661
39.0578690
57.3392334
54.6157417
47.8731728
47.4116936
44.7461548
31.7231121
26.3350277
25.5377979
37.8127747
45.7636299
42.8523674
28.2145500
9.3459721
0.5634402
0.3425067
3.8884277
17.0175247
26.4778252
20.0883846
16.4153156
16.3946152
14.1862278
11.6451092
8.7385483
7.5692019
7.0832453
7.0883560
7.5739260
6.5179911
4.8721514
4.0028915
3.8591151
3.1509593
1.8355579
1.3764116
1.2207447
1.4826356
1.1419456
0.9822092
0.8132803
0.6016222
0.4966795
0.3599075
0.3334767
0.3376678
0.3604804
0.4052338
0.3829197
0.3843391
0.3653564
0.3539632
0.3115263
0.3876221
0.3558478
0.2989608
0.3676892
0.4542044
0.3736250
0.2982253
0.3602658
0.4746596
0.4809422
0.5344123
0.5198078
0.3794259
0.3019716
0.2207937
0.3090928
0.3515905
0.2397794
0.2063604
0.2403724
0.2291355
0.1970449
0.1712606
0.2495191
0.3167063
0.4052590
0.3869652
0.3607085
0.3086144
0.2237846
0.3092431
0.3935687
0.4251401
0.4613464
0.4334132
0.3163593
0.3050258
0.3348433
0.2673751
0.3066483
0.2810802
0.3179136
0.3679540
0.5394977
0.4574037
0.2543206
0.2099253
0.2536211
0.2788928
0.3094708
0.2782672
0.2673482
0.2350835
0.2460060
0.3229970
0.3549924
0.3949854
1.8082482
16.8563156
43.5611687
54.9066277
38.7468948
14.5938168
4.5218863
1.1531999
0.1046029
5.8679500
28.4142647
53.6879387
51.2458992
28.8257561
24.4106388
37.6316528
60.2812500
79.8653259
88.5421906
88.5024109
94.6274643
139.2567749
154.5746918
123.7370377
83.6880646
50.1342506
39.5149956
72.6758499
81.0687714
57.6604309
45.1171799
41.8480453
31.9478874
19.9878883
28.6863518
41.3815880
55.5503845
64.4295959
55.0140533
24.7992630
15.0555515
11.4995384
5.9162812
6.3382373
6.8565574
8.5018787
10.1192799
11.4282885
12.6505947
14.7688885
16.0534058
15.5393238
13.2926540
11.3756685
9.6946926
9.6960201
9.2638550
9.6978226
9.4288921
9.6277609
10.0092783
10.8994875
10.8873272
9.5465984
8.3576717
7.3172302
7.0920444
6.6780682
6.6480021
8.1159811
8.6400270
10.3874521
18.9732971
32.9018631
40.4324303
37.2280579
31.5746574
18.0261822
6.1197104
1.0571432
1.0722648
11.4770002
30.7508755
40.1526947
32.5360184
17.9783516
9.6295156
10.1373568
10.8463268
9.9543295
7.9815145
6.1651282
8.3907871
28.2962036
60.1569939
85.6212234
102.9783630
99.5745087
78.4984131
57.5379105
47.3821564
61.6378059
54.6625252
24.8541431
6.6480136
3.1138816
7.5425682
50.6362190
81.3517227
59.5138588
35.5386353
33.8163528
57.4072037
57.9054489
37.7571678
20.9826164
14.9884233
16.7829952
10.0361910
29.2171059
21.9368591
33.0195312
41.8690033
30.7667217
25.8776360
25.5380154
16.5347710
9.8007145
10.7032690
20.3674335
29.5017452
23.9709892
9.3904362
2.0840421
0.8200479
0.4750795
2.2035513
9.3170013
17.4312706
21.0409546
20.5075264
14.6739559
13.5937052
21.5467491
27.1904259
27.7709999
25.4528217
22.9050274
16.5084496
12.0044022
7.0244384
4.3110733
4.6967421
1.9640238
5.0860209
9.5626192
10.5153351
8.2746248
5.9837990
3.6045818
1.2848113
0.2290096
0.2981937
1.1556225
4.6654749
8.1927519
6.9044952
3.7097559
12.3282681
29.2496815
40.8574448
42.5958633
39.8974342
38.3729706
35.2514725
34.2361031
32.4901428
28.2662792
23.2168331
18.7333221
13.5889549
4.5249281
1.0243770
1.1081364
5.8297215
11.4645233
9.2663956
2.2611284
0.8695600
0.1875067
0.6830442
1.7956877
8.4790134
28.9402409
51.3900414
56.7229576
42.2625504
26.0834236
15.5712309
10.5301905
9.8003216
9.5944738
8.6220169
9.0199823
5.2051625
3.0414298
1.8162036
1.5865986
1.5124485
1.1903310
1.0562763
0.7704918
0.4398353
0.2400289
0.0474428
0.0027989
0.0000000
0.0000000
0.0000000
0.0000000
0.0000000
0.0000000
0.0000000
0.0000000
0.0000000
0.0000000
0.0000000
0.0000000
0.0000000
0.0000000
0.0000000
0.0000000
0.0000000
0.0000000
0.0000000
0.0000000
0.0000000
0.0000000
0.0000000
0.0000000
0.0000000
0.0000000
0.0000000
0.0000000
0.0000000
0.0000000
0.0000000
0.0000000
0.0000000
0.0000000
0.0000000
0.0000000
0.0000000
0.0000000
0.0000000
0.0000000
0.0000000
0.0000000
0.0000000
0.0000000
0.0000000
0.0000000
0.0000000
0.0000000
0.0000000
0.0000000
0.0000000
0.0000000
0.0000000
0.0000000
0.0000000
0.0000000
0.0000000
0.0000000
0.0000000
0.0000000
0.0000000
0.0000000
0.0000000
0.0000000
0.0000000
0.0000000
0.0000000
0.0000000
0.0000000
0.0000000
0.0000000
0.0000000
0.0000000
0.0000000
0.0000000
0.0000000
0.0000000
0.0000000
0.0000000
0.0000000
0.0000000
0.0000000
0.0000000
0.0000000
0.0000000
0.0000000
0.0000000
0.0000000
0.0000000
0.0000000
0.0000000
0.0000000
0.0000000
0.0000000
0.0000000
0.0000000
0.0000000
0.0000000
0.0000000
0.0000000
0.0000000
0.0000000
0.0000000
0.0000000
0.0000000
0.0000000
0.0000000
0.0000000
0.0000000
0.0000000
0.0000000
0.0000000
0.0000000
0.0000000
0.0000000
0.0000000
0.0000000
0.0000000
0.0000000
0.0000000
0.0000000
0.0000000
0.0000000
0.0000000
0.0000000
0.0000000
0.0000000
0.0000000
0.0000000
0.0000000
0.0000000
0.0000000
0.0000000
0.0000000
0.0000000
0.0000000
0.0000000
0.0000000
0.0000000
0.0000000
0.0000000
0.0000000
0.0000000
0.0000000
0.0000000
0.0000000
0.0000000
0.0000000
0.0000000
0.0000000
0.0000000
0.0000000
0.0000000
0.0000000
0.0000000
0.0000000
0.0000000
0.0000000
0.0000000
0.0000000
0.0000000
0.0000000
0.0000000
0.0000000
0.0000000
0.0000000
0.0000000
0.0000000
0.0000000
0.0000000
0.0000000
0.0000000
0.0000000
0.0000000
0.0000000
0.0000000
0.0000000
0.0000000
0.0000000
0.0000000
0.0000000
0.0000000
0.0000000
0.0000000
0.0000000
0.0000000
0.0000000
0.0000000
0.0000000
0.0000000
0.0000000
0.0000000
0.0000000
0.0000000
0.0000000
0.0000000
0.0000000
0.0000000
0.0000000
0.0000000
0.0000000
0.0000000
0.0000000
0.0000000
0.0000000
0.0000000
0.0000000
0.0000000
0.0000000
0.0000000
0.0000000
0.0000000
0.0000000
0.0000000
0.0000000
0.0000000
0.0000000
0.0000000
0.0000000
0.0000000
0.0000000
0.0000000
0.0000000
0.0000000
0.0000000
0.0000000
0.0000000
0.0000000
0.0000000
0.0000000
0.0000000
0.0000000
0.0000000
0.0000000
0.0000000
0.0000000
0.0000000
0.0000000
0.0000000
0.0000000
0.0000000
0.0000000
0.0000000
0.0000000
0.0000000
0.0000000
0.0000000
0.0000000
0.0000000
0.0000000
0.0000000
0.0000000
0.0000000
0.0000000
0.0000000
0.0000000
0.0000000
0.0000000
0.0000000
0.0000000
0.0000000
0.0000000
0.0000000
0.0000000
0.0000000
0.0000000
0.0000000
0.0000000
0.0000000
0.0000000
0.0000000
0.0000000
0.0000000
0.0000000
0.0000000
0.0000000
0.0000000
0.0000000
0.0000000
0.0000000
0.0000000
0.0000000
0.0000000
0.0000000
0.0000000
0.0000000
0.0000000
0.0000000
0.0000000
0.0000000
0.0000000
0.0000000
0.0000000
0.0000000
0.0000000
0.0000000
0.0000000
0.0000000
0.0000000
0.0000000
0.0000000
0.0000000
0.0000000
0.0000000
0.0000000
0.0000000
0.0000000
0.0000000
0.0000000
0.0000000
0.0000000
0.0000000
0.0000000
0.0000000
0.0000000
0.0000000
0.0000000
0.0000000
0.0000000
0.0000000
0.0000000
0.0000000
0.0000000
0.0000000
0.0000000
0.0000000
0.0000000
0.0090810
0.4432052
1.5430058
2.5286553
2.6897769
2.2747495
1.8746763
1.9310391
1.9915516
1.8011922
1.9459871
2.4866116
2.7860291
2.7921939
2.5075159
2.4289956
2.4454141
2.6396260
2.9674067
2.7638617
2.6024044
2.7910395
3.0593128
2.7737494
2.3640890
2.3434896
2.4216213
2.8075619
3.1450171
3.4510581
3.7610629
3.4928508
3.1532586
2.9946241
3.2163308
3.2640162
2.7448015
2.4237065
2.5461564
3.1856294
3.1623602
3.0819046
2.9582133
2.9412045
2.4050078
2.0164328
1.8296958
1.7145536
1.2431036
0.8201575
0.6044537
0.5375713
0.3246035
0.3262861
0.9305279
3.3018520
6.5630550
9.1260872
11.6833878
14.2642221
15.7890244
13.9390373
9.2951412
6.0838180
5.7275095
6.0005808
5.9618316
6.1242704
6.4788332
5.6388569
4.8861656
5.0011339
5.9491105
6.7113628
6.7422066
6.2606745
6.0290284
5.6831827
4.8662753
3.5306435
2.9108024
2.6718335
2.2884288
2.2788188
2.5876832
2.5458031
2.0898154
2.3074942
2.0658922
1.8396931
1.7877500
1.8526478
1.9181781
2.0814617
2.0860655
1.4632316
0.9544983
0.7636362
0.6857201
0.9239997
0.8082609
0.5460863
0.5930601
0.6228311
0.7125777
0.9359727
1.3049521
1.0360906
0.7302324
0.8105545
0.8688072
0.7249485
0.5134671
0.4299212
0.3657691
0.4419382
0.7000402
1.1337959
2.0985520
2.9032106
3.3957586
7.1567292
24.0679913
54.0893402
80.1143265
84.9854965
70.4841080
51.6224327
34.7897110
43.3016243
29.4616261
25.6256943
52.2642403
108.4949646
138.0370026
121.1978912
111.9302979
131.0307770
148.0926056
104.6517639
48.1932602
30.7563286
35.2677422
55.7261086
87.6823273
103.1484833
88.0549545
52.8265343
23.0317192
23.4161797
21.5173283
17.3393097
12.9881516
7.7420225
3.3117621
0.4779694
0.1012369
0.0429123
0.2737979
13.1657829
48.3130798
85.7521973
91.8658524
69.1377716
51.4847145
42.4916801
40.3850250
14.7318840
2.5864851
0.4887715
1.5399923
9.8252029
21.0820675
17.2829952
3.5466385
1.3798039
1.2879000
1.2620521
1.2378117
1.2400047
1.0484217
0.8831072
0.8425733
0.8500057
0.6947862
0.6715495
1.7186465
8.6415482
23.8506718
42.1694756
62.7768440
88.6536713
107.5223999
102.4639435
78.6626511
52.8107681
21.4710217
1.7604773
3.1004672
2.1267853
1.5762151
2.7690516
21.4305763
44.7174301
67.6619034
92.9246521
110.9109497
116.9622955
103.2267990
74.4918671
50.6465912
33.0918159
25.8886337
32.9342766
58.4468384
74.3105011
60.1627388
42.5970573
37.2470207
46.2457008
51.1208382
39.0099869
19.0679054
6.5064421
5.9644756
20.5118179
34.2238274
28.0918617
9.3038673
3.8160913
2.2628303
1.4206374
0.7377912
0.5133062
0.3697536
0.2250461
0.1165979
0.1839870
0.2385881
0.2512609
0.2525205
0.2833326
0.3352841
0.3389779
0.3594693
0.4295679
0.3043851
0.1791235
0.1855499
0.1816596
0.4140737
0.6570909
0.5683458
0.4398213
0.3777899
0.3662288
0.3677443
0.2930124
0.3832659
0.5875267
0.6443107
0.5304380
0.5378394
0.6110711
0.7338841
0.8472043
0.7911073
0.7725786
0.9443597
1.1611304
1.2275263
1.0755057
1.0955774
1.0621490
1.0577292
0.9984245
1.0406725
1.0465571
0.9830753
1.0133271
0.8946627
0.9475873
0.9797164
0.9096984
0.8072578
0.7308611
0.6583133
0.6632535
0.5460913
0.5214700
0.5490544
0.5578546
0.7262030
0.5686219
0.3525362
0.3037182
0.4951938
1.1467260
1.6588374
4.5172377
14.3546410
36.8345642
74.9113617
103.6766510
101.5684433
77.0343170
61.5972328
55.5909653
55.9989700
54.6252670
49.9937897
42.7990685
33.0682602
21.1420670
15.3361311
15.5707321
17.7672806
16.6048279
14.4118509
12.3735733
11.2763376
13.1986656
24.5731258
53.5924149
87.6858826
108.8829498
110.5181122
106.3433456
99.9571457
92.3710480
76.6981125
65.9994049
64.4662247
65.4994812
57.5445023
54.6675110
69.8414764
86.9805374
74.0692139
51.4192429
31.5524445
11.6079559
16.4939346
21.2616329
22.2885132
49.4671860
52.4524765
44.5348701
32.5263481
23.4995613
13.0282230
9.0672150
6.0094385
4.5282884
7.0897698
21.1918964
47.6004524
62.4187622
53.3680878
37.5620422
34.9182587
35.4401474
40.4177170
61.1796494
84.1237106
80.4144058
51.2167778
33.1624756
19.3930321
13.9256334
19.1631088
10.5704603
14.2344122
42.6164322
97.0217285
136.3049774
129.6608887
108.6882553
93.7296906
77.9206848
52.8441925
30.5944538
22.0474033
17.1961937
12.4403267
7.9748106
3.2469673
1.0935773
2.2498691
3.6265454
1.8801812
1.6544154
1.6211952
1.3896158
1.1307991
0.9270874
0.7818398
0.7592000
0.6435302
0.6152843
0.5007123
0.5205298
0.3739728
0.3019983
0.3445262
0.4405830
0.5200818
0.3930627
0.2125231
0.2054938
0.2232343
0.3565307
0.2702869
0.2164193
0.2669282
0.2720072
0.3700658
0.3460802
0.3631956
0.4172272
0.3658933
0.2910637
0.2368295
0.2178218
0.2746739
0.3276829
0.2370345
0.2026707
0.2887562
0.3889379
0.3110144
0.2924917
0.2993489
0.3721397
0.2740574
0.2934421
0.2659387
0.2896585
0.3108855
0.4041607
0.4755750
0.4317164
0.7257673
1.0767142
0.8795828
0.3726877
0.2506513
0.3357322
0.5071993
0.5126303
0.4966291
0.4813188
0.3963205
0.3424919
0.4204333
0.4184811
0.5303898
0.3804108
0.3311133
0.2458348
0.2018771
0.2545908
0.3684165
2.4992259
11.2957373
25.9571190
39.2494507
44.7695656
43.2714729
39.4031639
27.4060020
16.5945187
7.6910295
1.2617729
6.5771990
24.9977169
40.9663277
46.5719833
47.8149567
56.2596474
62.9045639
65.1485367
58.7188644
43.9154625
26.3883629
8.9780769
3.3147631
4.1141996
6.1632128
8.8134403
13.5778799
15.8301811
15.8530788
14.3403788
20.5229359
42.9288826
68.1163177
82.6716461
82.6103973
69.7968292
53.1845894
49.1231194
52.0108643
50.4551315
45.3798828
32.1602325
22.1072121
39.1113892
73.2426834
72.0512848
40.1469345
14.6198349
6.0715675
9.1053047
22.1840668
49.5117836
65.2953491
52.2735710
21.9207115
4.2054319
1.0543773
3.8490880
30.6010265
85.3498840
115.6419678
108.4758072
80.4839630
61.0402756
50.0256119
72.5691528
82.9572906
56.3825226
32.4581146
26.2984180
47.6013107
36.2635307
55.4777184
64.5463562
46.1422806
22.9521236
30.6259308
33.9013405
32.9837990
27.9266510
19.1232338
14.9383965
15.6128321
12.7220221
18.6568756
32.8328629
39.6876602
29.2963810
12.9053450
4.3207545
1.5621107
0.4600409
0.7496091
3.7720990
8.0817699
6.3441777
2.0825942
0.7727813
0.7463636
0.8315060
0.6017195
0.5241029
0.4683569
0.3163742
0.3078477
0.3115900
0.3853087
0.5554311
0.5124027
0.4218669
0.3768632
0.3228827
0.3420790
0.2786652
0.2486754
0.3222509
0.2887704
0.2444073
0.2526045
0.3363706
0.3808531
0.4623738
0.4850112
0.4152526
0.2615413
0.2426652
0.2915540
0.3332048
0.2972201
0.2718300
0.2470671
0.3086248
0.2501171
0.2680028
0.3316001
0.3384658
0.2497202
0.3184818
0.4239292
0.4177068
0.3675528
0.2751203
0.3376540
0.4562022
0.5436807
0.6317545
0.6954897
0.7697440
0.7365785
0.5711344
0.3871266
0.4009358
0.3806254
0.3598335
0.3652527
0.4337914
0.5455298
0.5081811
0.4625651
0.4275897
0.4729461
0.4939348
0.3719288
0.3023821
0.2202614
0.2830150
0.4896239
1.0121356
1.1795211
0.8819840
2.9337983
8.1232147
12.1457520
10.0420818
4.0569191
1.3188090
1.0274199
0.6722493
1.4427302
25.6096973
74.0872650
101.7874603
92.6778183
88.8675079
84.3100662
69.9315186
44.8463936
28.5359802
14.8787289
4.4361596
0.4440621
3.6686590
17.0610161
31.6080647
36.5160866
32.9642105
28.6842785
26.0177402
22.6633453
20.2626781
35.5738487
63.1139221
98.4980927
126.1226654
119.2483215
72.6259003
31.0216656
7.6358733
11.8456688
11.6355982
20.7034359
53.2719994
52.0661163
38.5946541
29.5496883
22.7022381
19.3549309
44.5061226
51.1767197
37.1821136
22.1518803
21.1852188
30.7080498
38.8373566
37.0135117
25.7228031
17.3474579
13.2030554
9.8972082
7.2472959
6.8649883
9.2838526
8.5343990
7.5347996
7.7004652
8.7158833
8.4374418
9.2277164
10.3682823
9.9938507
8.3230829
6.5528431
6.3306046
7.2508860
7.0267782
5.7511263
5.1374884
4.3273253
3.3992891
2.4143002
1.7047288
1.1656495
1.1650794
1.2228427
0.8158274
0.5449427
0.3535408
0.3163617
0.3304419
0.2582842
0.1958700
0.2137490
0.3155795
0.3836993
0.3240618
0.3523951
0.3979990
0.2798873
0.2743005
0.3300701
0.3780859
0.2959895
0.3096781
0.3083394
0.3362170
0.3494665
0.4294107
0.3453242
0.2984723
0.2706370
0.2923370
0.3524882
0.3567626
0.3501666
0.3292762
0.4536195
0.4676338
0.4278527
0.4029213
0.2897961
0.3823058
0.3436148
0.3869632
0.2917779
0.2789378
0.2762444
0.3468676
0.3512768
0.3709134
0.3759888
0.2711903
0.2828062
0.4486298
0.5380974
0.5246059
0.4206063
0.3175952
0.3515359
0.3014062
0.3084832
0.2978675
0.4072179
0.4849653
0.4653308
0.4372064
0.2816495
0.2689275
0.3472381
0.3442695
0.3925205
0.3342353
0.3052754
0.2615207
0.3094913
0.4622040
0.5789614
0.6925339
1.9547094
9.4388790
20.6742382
35.0780563
47.1562691
48.9208717
46.7374992
44.6064796
38.8923035
27.3860874
21.9412231
18.9045925
9.2237034
6.9909792
5.7346344
4.2329755
4.6796098
3.5571017
2.8618112
6.0591922
9.6886988
11.8581848
8.7870693
3.8415318
0.6492932
0.1384033
0.1180812
0.1251194
0.2571692
0.4279523
0.3832781
0.2968972
0.3355614
0.3478965
0.3312308
0.3383537
0.3184016
0.3081952
0.4012994
0.3698952
0.8719366
1.8193283
1.9608613
1.4110382
1.9975052
2.3299856
1.7898518
4.5251365
15.5712719
30.2863903
36.9565086
29.3495312
13.6714306
9.4870367
8.8293610
8.5609579
6.6938767
6.6646700
6.5313416
5.3978310
5.1154766
5.0062556
5.0459270
5.0714455
3.9613273
3.0692887
6.1363802
13.9923906
22.4843922
29.2845745
32.1217422
28.0294552
19.3400574
11.7729244
6.5570521
2.0439987
0.5711582
1.6600580
5.6217685
5.1891456
0.4254860
0.1661182
0.0355168
0.1008351
0.2413451
0.2637708
0.4624393
6.2489371
19.4759674
27.4951649
22.1263161
8.5252991
2.0477374
1.3995022
1.7596442
2.0471814
1.0090476
0.2474582
0.0963933
0.0818543
0.1739627
0.2921369
0.2769395
0.3039148
0.2685965
0.3073662
0.7889555
4.0497198
8.3387470
10.2220793
9.6544743
8.7208691
7.6918368
6.0487247
3.0376878
1.8864892
1.5514960
1.5178806
1.4263699
1.3710626
1.1923069
1.1502376
1.1379182
0.8159717
0.4893334
0.1753714
0.0534993
0.0035140
0.0000000
0.0000000
0.0000000
0.0000000
0.0000000
0.0000000
0.0000000
0.0000000
0.0000000
0.0000000
0.0000000
0.0000000
0.0000000
0.0000000
0.0000000
0.0000000
0.0000000
0.0000000
0.0000000
0.0000000
0.0000000
0.0000000
0.0000000
0.0000000
0.0000000
0.0000000
0.0000000
0.0000000
0.0000000
0.0000000
0.0000000
0.0000000
0.0000000
0.0000000
0.0000000
0.0000000
0.0000000
0.0000000
0.0000000
0.0000000
0.0000000
0.0000000
0.0000000
0.0000000
0.0000000
0.0000000
0.0000000
0.0000000
0.0000000
0.0000000
0.0000000
0.0000000
0.0000000
0.0000000
0.0000000
0.0000000
0.0000000
0.0000000
0.0000000
0.0000000
0.0000000
0.0000000
0.0000000
0.0000000
0.0000000
0.0000000
0.0000000
0.0000000
0.0000000
0.0000000
0.0000000
0.0000000
0.0000000
0.0000000
0.0000000
0.0000000
0.0000000
0.0000000
0.0000000
0.0000000
0.0000000
0.0000000
0.0000000
0.0000000
0.0000000
0.0000000
0.0000000
0.0000000
0.0000000
0.0000000
0.0000000
0.0000000
0.0000000
0.0000000
0.0000000
0.0000000
0.0000000
0.0000000
0.0000000
0.0000000
0.0000000
0.0000000
0.0000000
0.0000000
0.0000000
0.0000000
0.0000000
0.0000000
0.0000000
0.0000000
0.0000000
0.0000000
0.0000000
0.0000000
0.0000000
0.0000000
0.0000000
0.0000000
0.0000000
0.0000000
0.0000000
0.0000000
0.0000000
0.0000000
0.0000000
0.0000000
0.0000000
0.0000000
0.0000000
0.0000000
0.0000000
0.0000000
0.0000000
0.0000000
0.0000000
0.0000000
0.0000000
0.0000000
0.0000000
0.0000000
0.0000000
0.0000000
0.0000000
0.0000000
0.0000000
0.0000000
0.0000000
0.0000000
0.0000000
0.0000000
0.0000000
0.0000000
0.0000000
0.0000000
0.0000000
0.0000000
0.0000000
0.0000000
0.0000000
0.0000000
0.0000000
0.0000000
0.0000000
0.0000000
0.0000000
0.0000000
0.0000000
0.0000000
0.0000000
0.0000000
0.0000000
0.0000000
0.0000000
0.0000000
0.0000000
0.0000000
0.0000000
0.0000000
0.0000000
0.0000000
0.0000000
0.0000000
0.0000000
0.0000000
0.0000000
0.0000000
0.0000000
0.0000000
0.0000000
0.0000000
0.0000000
0.0000000
0.0000000
0.0000000
0.0000000
0.0000000
0.0000000
0.0000000
0.0000000
0.0000000
0.0000000
0.0000000
0.0000000
0.0000000
0.0000000
0.0000000
0.0000000
0.0000000
0.0000000
0.0000000
0.0000000
0.0000000
0.0000000
0.0000000
0.0000000
0.0000000
0.0000000
0.0000000
0.0000000
0.0000000
0.0000000
0.0000000
0.0000000
0.0000000
0.0000000
0.0000000
0.0000000
0.0000000
0.0000000
0.0000000
0.0000000
0.0000000
0.0000000
0.0000000
0.0000000
0.0000000
0.0000000
0.0000000
0.0000000
0.0000000
0.0000000
0.0000000
0.0000000
0.0000000
0.0000000
0.0288840
0.4926787
1.5509305
2.4991548
2.6623862
2.1294379
1.6415622
1.6810182
2.0709386
2.5934193
2.8156431
2.5507729
2.1757808
1.4697044
1.0981500
1.1902907
1.5606146
1.4391637
1.6231958
2.2585888
2.5477099
2.3365972
1.9307259
1.8596493
1.5937365
0.8650935
0.4514111
0.3279372
1.5067140
17.5247231
55.6511154
95.2963104
114.8118744
115.4704285
106.4857330
85.3701553
61.9715614
41.7769814
30.4700451
36.2840347
43.1861801
61.1984787
97.6975098
117.2500916
117.5673294
117.4008560
114.4283981
74.2098465
24.9235859
40.7999191
49.5732193
36.9567337
39.2716942
95.1083679
102.1538315
74.2155228
37.2426376
87.0276489
125.2547836
89.1757507
43.2550011
25.7638683
34.4463501
13.7501907
22.5615101
30.5341263
57.7628593
50.3576546
25.6192131
27.4831181
46.2160568
45.3512497
38.7405396
109.7853088
162.1577301
105.6781158
40.6184769
16.3654194
12.7698317
21.3842583
57.2958145
118.0279541
156.3221588
152.0985718
119.0372772
70.7630997
38.8398323
17.6739197
15.7293224
54.8796310
104.0307922
124.2224731
126.8655548
111.5377884
91.8889771
100.4743042
154.6566620
251.7237701
247.9607239
169.9752197
82.7165375
24.2065029
5.2871823
9.8024578
5.9146032
1.2213173
0.2264531
2.1537356
22.9786816
61.2008858
90.0227890
104.3428955
101.4335403
89.5361481
72.6164474
57.7307358
44.2090111
33.4601097
44.7006340
66.0835114
68.0413971
71.0118484
68.2760620
50.2484818
20.4535904
4.9951406
2.2634959
8.5280733
19.6995316
13.2127209
2.2800808
0.0780693
0.9043665
20.1598511
50.3482323
61.7742996
54.8872185
41.2655373
35.4636345
32.7087479
30.3646393
28.9590683
34.0920639
36.8450432
28.0382500
15.4053144
9.6076727
6.6856422
6.5826416
24.5240898
59.7564011
78.4320374
65.7750168
50.6610641
44.5876427
38.3130188
26.0307446
23.2262726
19.2394085
10.3561106
18.9276161
22.1232185
18.3930302
14.3853636
12.0322332
10.0713949
7.4010110
3.7927823
1.7125405
0.9255379
1.7528605
2.6429586
2.5956957
2.0249639
1.7863696
1.1134835
0.6908916
0.6078184
0.5797222
0.4688851
0.7091513
2.2106924
5.8625665
12.4492340
20.5080166
25.6542358
26.3936844
25.8285141
23.0585480
19.2151451
27.7971230
50.9659843
66.9548492
62.8957672
47.1598396
33.9164314
22.4870415
18.2145901
12.7826595
6.1816401
9.3664446
25.5288677
55.0804329
87.8144531
90.8909225
77.1835022
61.3268127
45.6782799
31.6151810
27.6387901
48.6956177
55.6149902
48.9701233
31.4100628
18.5323963
12.1919050
9.7149611
8.7303343
6.4291272
6.8461156
7.4618406
5.4959607
2.2072437
1.4012579
2.2816465
5.8937206
5.3929143
3.2200549
1.6803504
3.3551240
8.3588295
16.5977135
33.1854515
47.6077309
41.8788948
22.4304810
3.5499084
1.0509809
0.5556725
2.3189192
8.0079937
14.1422443
15.5193710
14.6591444
11.2467461
9.8599300
18.9825230
30.3119030
29.9666672
30.8714123
60.1455307
98.6617279
110.9225464
72.6044159
34.4400291
14.4867020
9.7321072
5.4155273
3.9620917
7.5396848
29.7677040
51.4005699
44.1621742
27.4332981
20.9698372
27.9563541
48.2975502
71.5995026
83.1791458
86.2313080
79.4840317
61.9157257
35.7898674
12.8373089
4.0344243
0.9832565
0.3179404
0.5663427
14.7992430
35.2832947
35.9416046
15.0528240
1.5547407
0.3679307
1.3592906
12.4847460
39.6572189
51.2445526
50.0737801
40.6188316
29.7420750
15.8845968
4.6193609
1.5416324
0.2555479
0.1087161
0.0791106
0.1789411
5.7558775
19.0040512
25.5228672
15.7520990
0.8648225
0.2113348
0.2382844
0.5273377
1.0899966
0.5391816
0.1112395
0.0093632
0.0003889
0.0000000
0.0000000
0.0000000
0.0000000
0.0000000
0.0000000
0.0000000
0.0000000
0.0000000
0.0000000
0.0000000
0.0000000
0.0000000
0.0000000
0.0000000
0.0000000
0.0000000
0.0000000
0.0000000
0.0000000
0.0000000
0.0000000
0.0000000
0.0000000
0.0000000
0.0000000
0.0000000
0.0000000
0.0000000
0.0000000
0.0000000
0.0000000
0.0000000
0.0000000
0.0000000
0.0000000
0.0000000
0.0000000
0.0000000
0.0000000
0.0000000
0.0000000
0.0000000
0.0000000
0.0000000
0.0000000
0.0000000
0.0000000
0.0000000
0.0000000
0.0000000
0.0000000
0.0000000
0.0000000
0.0000000
0.0000000
0.0000000
0.0000000
0.0000000
0.0000000
0.0000000
0.0000000
0.0000000
0.0000000
0.0000000
0.0000000
0.0000000
0.0000000
0.0000000
0.0000000
0.0000000
0.0000000
0.0000000
0.0000000
0.0000000
0.0000000
0.0000000
0.0000000
0.0000000
0.0000000
0.0000000
0.0000000
0.0000000
0.0000000
0.0000000
0.0000000
0.0000000
0.0000000
0.0000000
0.0000000
0.0000000
0.0000000
0.0000000
0.0000000
0.0000000
0.0000000
0.0000000
0.0000000
0.0000000
0.0000000
0.0000000
0.0000000
0.0000000
0.0000000
0.0000000
0.0000000
0.0000000
0.0000000
0.0000000
0.0000000
0.0000000
0.0000000
0.0000000
0.0000000
0.0000000
0.0000000
0.0000000
0.0000000
0.0000000
0.0000000
0.0000000
0.0000000
0.0000000
0.0000000
0.0000000
0.0000000
0.0000000
0.0000000
0.0000000
0.0000000
0.0000000
0.0000000
0.0000000
0.0000000
0.0000000
0.0000000
0.0000000
0.0000000
0.0000000
0.0000000
0.0000000
0.0000000
0.0000000
0.0000000
0.0000000
0.0000000
0.0000000
0.0000000
0.0000000
0.0000000
0.0000000
0.0000000
0.0000000
0.0000000
0.0000000
0.0000000
0.0000000
0.0000000
0.0000000
0.0000000
0.0000000
0.0000000
0.0000000
0.0000000
0.0000000
0.0000000
0.0000000
0.0000000
0.0000000
0.0000000
0.0000000
0.0000000
0.0000000
0.0000000
0.0000000
0.0000000
0.0000000
0.0000000
0.0000000
0.0000000
0.0000000
0.0000000
0.0000000
0.0000000
0.0000000
0.0000000
0.0000000
0.0000000
0.0000000
0.0000000
0.0000000
0.0000000
0.0000000
0.0000000
0.0000000
0.0000000
0.0000000
0.0000000
0.0000000
0.0000000
0.0000000
0.0000000
0.0000000
0.0000000
0.0000000
0.0000000
0.0000000
0.0000000
0.0000000
0.0000000
0.0000000
0.0000000
0.0000000
0.0000000
0.0000000
0.0000000
0.0000000
0.0000000
0.0000000
0.0000000
0.0000000
0.0000000
0.0000000
0.0000000
0.0000000
0.0000000
0.0000000
0.0000000
0.0000000
0.0000000
0.0000000
0.0000000
0.0000000
0.0000000
0.0000000
0.0000000
0.0000000
0.0000000
0.0000000
0.0000000
0.0000000
0.0000000
0.0000000
0.0000000
0.0000000
0.0000000
0.0000000
0.0000000
0.0000000
0.0000000
0.0000000
0.0000000
0.0000000
0.0000000
0.0000000
0.0000000
0.0000000
0.0000000
0.0000000
0.0000000
0.0000000
0.0000000
0.0000000
0.0000000
0.0000000
0.0000000
0.0000000
0.0000000
0.0000000
0.0000000
0.0000000
0.0000000
0.0000000
0.0000000
0.0000000
0.0000000
0.0000000
0.0000000
0.0000000
0.0000000
0.0000000
0.0000000
0.0000000
0.0000000
0.0000000
0.0000000
0.0000000
0.0000000
0.0000000
0.0000000
0.0000000
0.0000000
0.0000000
0.0000000
0.0000000
0.0000000
0.0000000
0.0000000
0.0000000
0.0000000
0.0015650
0.3061838
1.2541193
2.3632691
2.7710557
2.3392038
1.8064874
1.5520588
1.2431111
0.6280485
0.3028516
3.2733197
15.5115833
27.5695286
58.2624207
118.9727478
172.3963318
177.1034241
139.9530029
104.2770004
68.0875931
59.3531342
98.8660660
112.6233063
134.8315735
140.1434631
120.7727432
98.4646225
95.3962326
118.1882401
136.5162506
120.1657410
99.5206223
84.6631927
65.1694946
59.6217537
101.4996872
172.0678101
166.0996399
89.5521545
33.1402321
16.9882317
35.0365982
63.3988113
107.1790390
143.7381592
168.4507446
190.9764862
203.9352264
177.4638824
141.1726532
133.7553406
123.9383240
102.0585403
75.2105713
66.6639862
55.2107887
51.2510757
60.5722466
60.1943665
50.1057129
41.4252892
58.8491554
96.2339859
115.9453812
132.8007812
152.4573212
169.8386536
176.2985840
170.8764191
147.4602966
137.4911804
141.3716125
141.4891968
129.8679352
121.1276093
114.4904099
113.7338486
104.9754181
84.4011383
52.5302773
33.4311943
20.0578613
14.9228525
9.4644737
29.2929478
97.2992401
121.3038330
93.1658401
57.8406601
29.6019077
12.5323572
16.6555176
26.5112152
32.5254593
24.6938496
16.8619251
23.0178337
28.1417675
28.5795708
23.1516571
10.9080276
1.4718188
0.8434649
13.4317093
50.5062447
80.7693939
68.3814545
39.4954605
22.8256969
11.4222155
4.6918802
19.2756367
16.4697952
7.6916595
8.0370235
12.0824718
12.2102613
6.6630144
2.9871612
1.3094685
0.5690972
0.4842966
0.5451052
0.4684252
0.5181766
0.4323319
0.5151246
0.6112812
0.5956577
0.6113088
0.6102548
0.6234773
0.6375439
0.4964453
0.4582580
0.4915939
0.4616418
0.4168644
0.4846079
0.4825292
0.4261355
0.3561119
0.3186562
0.2803203
0.2578033
0.3503097
0.4541253
0.4835780
0.4378945
0.3630722
0.2981058
0.3102926
0.3093247
0.2940459
0.3628057
0.3972557
0.4609467
0.4287506
0.9151226
5.6244678
17.5081501
36.2957077
53.8451157
57.8739853
48.2466812
44.7753220
40.8558197
40.8539467
25.3322029
20.9400406
50.1673775
93.2547226
100.6917572
82.2176132
65.9463730
45.2179565
24.1690502
10.1820889
3.7389467
1.5454872
1.1864944
1.0255061
0.7119116
1.0985315
3.0105097
3.8258941
1.7474539
0.3417501
0.3397682
0.2580737
0.2892315
0.6040277
0.4672204
0.2027794
0.2018232
0.2779902
0.3168149
0.3522771
0.2823131
0.3195235
0.4647376
0.5990865
0.5199816
0.4548787
0.5618890
0.5771304
0.5827504
0.6196207
0.6280254
0.6322516
0.7185090
0.8300603
0.7132637
0.6228988
0.4390833
0.2878370
0.2935914
0.3691543
0.3790915
0.3328019
0.4982583
1.5247307
12.8213654
33.1231194
54.3591652
69.3600845
61.3391380
35.9260750
23.7884369
19.2964725
23.2309799
26.7719765
23.5531044
18.0794964
9.7853889
2.3890378
2.1919532
8.7285004
14.8507652
18.5762444
30.0706730
40.1166916
37.3474197
30.4550571
22.1603699
17.8036690
19.4951782
11.8801479
5.8674459
5.2236776
17.3668842
40.6133194
44.1605682
31.2838707
23.5954590
28.0757389
43.1106033
52.6648293
51.1789589
43.2412071
27.9967155
14.1262026
17.4274769
10.8665686
32.1765175
40.4490929
30.9890461
19.5816460
17.8340034
25.5512524
12.8270245
6.9136944
5.6144433
3.3496480
9.4249258
21.8921947
23.5291557
16.7156448
10.3161526
8.2394180
9.0875349
16.8366566
21.7534695
16.9305649
10.5979576
12.2190161
14.4352627
13.8008060
17.8567371
17.5772762
13.7121487
22.9128914
37.5107994
48.0983810
40.0345840
32.1699753
32.7033882
33.6925964
32.6337776
28.1314163
22.6853313
20.6725121
20.6076355
24.6639729
22.3210564
15.9584265
12.9389591
13.7697220
18.1981335
18.1912289
17.1408348
17.6877804
16.7364311
16.9331760
18.2520065
16.3984089
18.2952576
16.9838943
12.4685955
9.5430775
5.6455703
3.0671813
2.0423448
2.0938308
1.7600776
1.3128159
1.3531471
1.0369505
0.6211486
0.4866069
0.3785439
0.3204284
0.3281121
0.4584168
0.3751110
0.2439476
0.2101509
0.3076046
0.3768686
0.3578309
0.3654060
0.4018552
0.3668716
0.3306186
0.3004257
0.2348704
0.2901950
0.3716075
0.4976699
0.4605575
0.5059290
0.6298389
0.6043887
0.5076666
0.5092993
0.5269358
0.4832807
0.4384235
0.4559608
0.5555386
0.6018665
0.5569508
0.4745028
0.4589716
0.5405382
0.5576689
0.5216753
0.6035639
0.6300496
0.5729092
0.4865656
0.5210830
0.3842747
0.3336070
0.3405139
0.3593993
0.3979959
0.5209556
0.5140877
0.4174524
0.4073103
0.3731736
0.3915390
0.3312914
0.2381717
0.4076545
3.8159442
17.7876396
29.9112339
27.6734028
39.6921921
65.7207336
66.8911743
36.4944687
24.7378063
26.3142643
34.4880066
38.7034035
41.5392532
46.8860283
58.3985710
59.9446831
45.4266968
27.5985584
12.1402369
4.3925891
14.8599577
15.5636368
12.3661337
16.4794846
13.2317858
8.1034603
7.2295628
4.3157415
4.3188810
5.1325736
4.5900116
2.7313204
2.0684831
2.4913769
2.7545414
2.6677728
1.5716668
0.9640794
0.7162449
0.8258436
0.9033802
0.7927439
0.7018743
0.5481353
0.4141256
0.3627673
0.3673429
0.3785597
0.3912995
0.2922329
0.3212889
0.4010619
2.1878555
8.3419113
13.2385025
10.5978594
4.2224078
1.2071140
0.5466032
0.0923636
0.1069838
0.1731556
0.3733069
0.4182619
0.2990276
0.2069531
0.1883208
0.3066963
0.3753457
0.3633141
1.0340919
1.8135581
1.3889415
0.2266209
0.1221026
0.2155301
0.1561500
0.3034428
0.3182106
0.3728765
0.3239372
0.3292623
0.2767695
0.2488037
0.2747632
0.3007212
0.3128464
0.4266030
0.4354152
0.3977091
0.2979752
0.2498219
0.2702119
0.3306595
0.3703919
0.3259481
0.4118031
0.4409483
0.3738554
0.2684784
0.3318416
0.2994227
0.3198826
0.3480080
0.4776133
0.3920265
0.2626811
0.2223761
0.2698919
0.4340396
0.3938525
0.3553854
0.2981991
0.2904323
0.2886377
0.3632339
0.3904020
0.3979036
0.3548524
0.3166375
0.3608741
0.3730217
0.3116069
0.4789715
1.8316402
4.1278815
10.2756939
46.5574455
110.2030106
151.5952301
136.6399994
92.3108444
58.8130302
32.1533508
21.4417496
13.2631750
4.2251978
1.0855422
0.4328747
5.5716877
41.2319031
80.7590256
103.0356598
103.6802521
82.8957520
51.8036461
25.6620197
12.4451666
16.3065376
22.6847057
19.4991837
15.3894377
18.2668762
18.0115433
13.6982384
9.6390295
6.6754861
5.3022480
7.2897239
8.0717564
10.7887287
19.6531506
25.7817631
23.7755795
20.9061089
19.0756721
16.9440861
11.8776436
7.8145590
7.8437748
8.7684669
10.2769260
8.7962341
6.5541110
12.3792448
13.3242674
9.1968212
6.7880936
8.4356480
16.5418606
22.8818474
14.9792995
4.9804611
4.0564694
13.4966927
24.3849297
26.8387089
23.8525467
15.3177357
5.7334914
0.8468333
0.3350624
0.2312555
0.1169232
0.3620564
1.6741829
3.3455358
2.7938199
1.0587285
0.2941512
0.2513843
0.4244295
0.7702488
0.7285991
0.3975089
0.1239639
0.0115890
0.0005660
0.0000000
0.0000000
0.0000000
0.0000000
0.0000000
0.0000000
0.0000000
0.0000000
0.0000000
0.0000000
0.0000000
0.0000000
0.0000000
0.0000000
0.0000000
0.0000000
0.0000000
0.0000000
0.0000000
0.0000000
0.0000000
0.0000000
0.0000000
0.0000000
0.0000000
0.0000000
0.0000000
0.0000000
0.0000000
0.0000000
0.0000000
0.0000000
0.0000000
0.0000000
0.0000000
0.0000000
0.0000000
0.0000000
0.0000000
0.0000000
0.0000000
0.0000000
0.0000000
0.0000000
0.0000000
0.0000000
0.0000000
0.0000000
0.0000000
0.0000000
0.0000000
0.0000000
0.0000000
0.0000000
0.0000000
0.0000000
0.0000000
0.0000000
0.0000000
0.0000000
0.0000000
0.0000000
0.0000000
0.0000000
0.0000000
0.0000000
0.0000000
0.0000000
0.0000000
0.0000000
0.0000000
0.0000000
0.0000000
0.0000000
0.0000000
0.0000000
0.0000000
0.0000000
0.0000000
0.0000000
0.0000000
0.0000000
0.0000000
0.0000000
0.0000000
0.0000000
0.0000000
0.0000000
0.0000000
0.0000000
0.0000000
0.0000000
0.0000000
0.0000000
0.0000000
0.0000000
0.0000000
0.0000000
0.0000000
0.0000000
0.0000000
0.0000000
0.0000000
0.0000000
0.0000000
0.0000000
0.0000000
0.0000000
0.0000000
0.0000000
0.0000000
0.0000000
0.0000000
0.0000000
0.0000000
0.0000000
0.0000000
0.0000000
0.0000000
0.0000000
0.0000000
0.0000000
0.0000000
0.0000000
0.0000000
0.0000000
0.0000000
0.0000000
0.0000000
0.0000000
0.0000000
0.0000000
0.0000000
0.0000000
0.0000000
0.0000000
0.0000000
0.0000000
0.0000000
0.0000000
0.0000000
0.0000000
0.0000000
0.0000000
0.0000000
0.0000000
0.0000000
0.0000000
0.0000000
0.0000000
0.0000000
0.0000000
0.0000000
0.0000000
0.0000000
0.0000000
0.0000000
0.0000000
0.0000000
0.0000000
0.0000000
0.0000000
0.0000000
0.0000000
0.0000000
0.0000000
0.0000000
0.0000000
0.0000000
0.0000000
0.0000000
0.0000000
0.0000000
0.0000000
0.0000000
0.0000000
0.0000000
0.0000000
0.0000000
0.0000000
0.0000000
0.0000000
0.0000000
0.0000000
0.0000000
0.0000000
0.0000000
0.0000000
0.0000000
0.0000000
0.0000000
0.0000000
0.0000000
0.0000000
0.0000000
0.0000000
0.0000000
0.0000000
0.0000000
0.0000000
0.0000000
0.0000000
0.0000000
0.0000000
0.0000000
0.0000000
0.0000000
0.0000000
0.0000000
0.0000000
0.0000000
0.0000000
0.0000000
0.0000000
0.0000000
0.0000000
0.0000000
0.0000000
0.0000000
0.0000000
0.0000000
0.0000000
0.0000000
0.0000000
0.0000000
0.0000000
0.0000000
0.0000000
0.0000000
0.0000000
0.0000000
0.0000000
0.0000000
0.0000000
0.0000000
0.0000000
0.0000000
0.0000000
0.0000000
0.0000000
0.0000000
0.0000000
0.0000000
0.0000000
0.0000000
0.0000000
0.0000000
0.0000000
0.0000000
0.0000000
0.0000000
0.0000000
0.0000000
0.0000000
0.0000000
0.0000000
0.0000000
0.0000000
0.0000000
0.0000000
0.0000000
0.0000000
0.0000000
0.0000000
0.0000000
0.0000000
0.0000000
0.0000000
0.0000000
0.0000000
0.0000000
0.0000000
0.0000000
0.0000000
0.0000000
0.0000000
0.0000000
0.0000000
0.0000000
0.0000000
0.0000000
0.0000000
0.0000000
0.0000000
0.0000000
0.0000000
0.0000000
0.0000000
0.0000000
0.0000000
0.0000000
0.0000000
0.0000000
0.0000000
0.0000000
0.0000000
0.0000000
0.0000000
0.0000000
0.0000000
0.0000000
0.0000000
0.0000000
0.0000000
0.0000000
0.0069708
0.1583182
0.4923453
0.7825180
0.9232413
2.9646924
13.6104002
24.6082325
33.5463448
61.1108780
96.2348938
122.9829407
132.8691559
112.3830414
75.8090591
52.3643417
55.3815460
82.4488602
77.0725403
67.0281830
47.6223297
16.4347744
23.6778889
36.7742310
51.9404678
70.2149506
45.8256874
21.5080357
9.4145985
17.2985973
38.9452553
56.3660088
59.5059052
50.1558838
54.5342827
65.3909454
61.2883148
49.6026993
43.9638634
66.7126770
70.0601578
29.1486683
9.0332613
8.4317894
31.7034836
81.7585220
121.5159531
133.0899200
125.9436340
119.3245544
129.0972137
148.6246948
138.0187683
83.6818771
35.7142944
34.8253021
64.8915405
65.4196930
58.5025253
54.4942780
42.8550491
25.4538116
9.8667078
5.8462481
21.5671120
51.7663651
71.3479538
76.0544586
58.5906410
38.2528267
17.4507637
8.0540228
12.3707962
33.3457222
67.5159302
73.4258423
58.9664307
31.3639545
19.5738621
26.1313896
36.0855904
35.1933479
34.0625000
26.3771381
15.1344700
8.3707256
8.4281044
10.2665262
14.8622026
16.0931377
16.4521942
14.9252071
10.7730570
8.3768044
16.0549316
21.2825794
21.0982208
16.0048637
8.2697525
15.3380117
33.1553574
35.9712219
30.4674854
19.1006813
10.2550745
4.4324827
3.1183310
6.7522755
30.3384571
80.0491486
127.5351944
131.5737610
104.1925659
77.7609329
57.0251465
32.0198479
40.6540375
69.4083710
67.0095139
63.0446510
62.7192917
59.2539062
56.3888321
48.9673920
33.2552757
44.1934509
53.6769066
43.4320335
27.7001457
30.9120045
13.9778118
3.1237333
0.3567578
0.0790376
5.1471138
20.5040226
30.6424618
26.7724476
18.9209290
11.0466537
4.8659134
2.6352346
1.3035914
0.9445093
0.8091368
0.5139664
0.2736502
0.1513727
0.3149605
0.3259954
0.3986533
0.3653833
0.2871823
0.2851616
0.3881214
0.3791969
0.2398684
0.2145044
0.3712813
0.4449278
0.4799854
0.3899407
0.4289679
0.4751990
0.4909971
0.4041639
0.3041900
0.2644376
0.2809972
0.3668324
0.4372159
0.4590756
0.5398166
0.5435256
0.5232619
0.5010749
0.4763901
0.4307397
0.4858760
0.4786449
0.4932317
0.5277812
0.5430682
0.5364444
0.6259038
0.5140128
0.3831939
0.4507700
0.3354658
0.3954681
6.9118886
20.4117165
40.1373367
62.5235558
84.4310379
104.5567856
108.7116394
93.1168823
82.7756882
78.5117035
83.6462631
89.8244629
80.7293777
51.9822502
50.3942642
28.7313023
35.5259552
37.4096947
15.1989021
15.4439077
26.1039867
32.2706375
22.6812401
7.0691600
4.9767904
25.4434261
49.9462624
54.2856178
33.5632706
24.0397511
28.0105381
27.6194553
20.9708443
15.7202911
17.2073116
30.7995796
37.4694061
30.6245975
17.2754898
15.1788578
11.7438526
7.7064881
4.3861513
4.2445555
11.9779434
17.5870171
19.6752071
22.2471008
16.9729099
16.3648872
43.0824203
79.4894714
102.5179825
92.1817551
85.6140747
74.6854248
59.2576065
51.7897110
49.1220894
47.4371834
45.6735268
35.9146042
29.6378956
38.8537788
34.1643105
30.5048504
31.9033470
26.4420853
21.0421124
26.7468052
25.4944916
24.0287743
26.2804661
21.1245689
11.4422703
6.1626215
2.6270380
2.7771630
2.3150082
1.3304633
0.9263449
0.6687077
0.4675830
0.3227529
0.2387417
0.1850563
0.2734121
0.4639601
0.5423924
0.6368474
0.5741111
0.5161328
0.4893865
0.5664734
0.7054708
0.7022505
0.6240695
0.5793250
0.6318738
0.4518356
0.2359186
0.5616031
2.3882766
4.9675474
8.5755043
13.4606524
16.9295502
36.2968140
88.3257904
139.6918640
140.8324890
105.2359543
82.9485474
67.5976715
50.8198090
30.3539734
21.2117844
18.9124928
15.9374437
16.5687790
11.1660423
14.2629967
24.1322079
30.9977913
32.1465340
24.2722397
11.4158926
5.4559016
12.3450212
54.4401855
102.8778687
95.1432800
33.5506973
2.7529211
6.1403894
38.9882812
84.2649384
92.3508377
71.7928391
52.3481903
60.5417595
75.0062637
65.7773285
49.3410378
48.1202660
57.9322090
49.5243225
30.1065960
24.9321156
14.1350555
1.4754105
5.0013404
5.3978529
2.9799490
1.3690720
0.6029454
0.5185900
0.4112709
0.4077439
0.3095040
0.2227622
0.1697699
0.2534761
0.4293601
0.3452724
0.2625650
0.2977887
0.3860647
0.3067343
0.2691098
0.4051664
0.4635314
0.6439817
16.5421543
66.7291641
123.9981308
144.1954498
118.0931015
85.7258377
47.5996017
38.5986481
17.3375816
2.4568014
0.3232858
0.0298695
0.0293806
0.0783149
0.2107959
0.2782985
0.3478571
0.3382283
0.3681000
0.3334057
0.3038535
0.4577100
0.8833219
1.1448712
0.7350864
0.3799268
0.4940602
0.6611650
0.4068428
0.2644934
0.2874916
0.3879032
0.4400865
0.5964609
0.6211575
0.3255548
0.1826289
0.2451820
0.2238818
0.2306162
0.2510475
0.2446200
0.3420541
0.3598956
0.2949179
0.2781723
0.2762914
0.2799047
0.2687795
0.2843760
0.3133096
0.3858430
0.3408700
0.3205515
0.2993597
0.2643254
0.2753360
0.3470469
0.3171618
0.3791181
0.2853307
0.2550194
0.3681535
0.3320166
0.4876765
1.1289053
2.2882719
4.3407354
10.3805399
20.0197868
30.5600395
58.2531929
110.1910782
145.9885254
142.7524719
121.0487518
85.2794952
64.4582291
39.3534660
20.4394417
8.5670986
10.7282028
14.2165985
19.6000557
26.6433334
32.6807899
29.3821754
21.5353680
17.5486202
28.4115162
61.1772652
93.2999649
87.1398773
43.7248878
9.4527225
3.0036936
9.7430840
24.7229900
33.1833839
28.9886665
16.4130707
13.1873951
30.9843025
60.1153679
80.2937622
82.3938904
66.2733459
45.7429047
31.5827579
22.8214092
16.1647644
10.0942774
9.0472870
16.3218193
24.7984352
27.5357246
22.3147469
10.7141542
4.1161170
9.8108501
8.5511265
8.1382065
6.0162354
3.1655774
3.8748786
5.8789358
5.1069994
4.7234879
3.4333615
1.7691691
1.1052051
1.0371697
0.6648113
0.2585427
0.1909445
0.3495530
0.2132190
0.2774263
0.4943958
0.5527643
0.3921161
0.2523034
0.2491832
0.2913427
0.3381696
0.3897069
0.5900754
0.4784618
0.2444935
0.2062185
0.2731168
0.3705736
0.3086936
0.3253486
0.4000922
0.4279774
0.3085919
0.3157495
0.2495040
0.2928074
0.3761638
0.4161902
0.3507121
0.3117304
0.2749097
0.3359924
0.3809246
0.4515913
0.4466787
0.3537682
0.3104991
0.3273996
0.3362862
0.2627197
0.3021838
0.3346696
0.2728975
0.2608309
0.3542679
0.3355582
0.3350016
0.3921816
0.3901605
0.4006277
0.3762806
0.3989135
0.4028508
0.3748766
0.3267852
0.3284920
0.3278001
0.4325740
0.5592099
0.4768022
0.3658716
0.3178546
0.3217891
0.2467659
0.2497003
0.3127182
0.4888967
0.8181734
10.6940413
49.2166023
115.3532867
165.7827454
163.0811462
122.3919296
85.7866592
67.7943649
63.5837212
46.4042435
12.6176510
1.8801961
0.1863323
2.1938953
9.9190702
17.2304153
17.1713715
14.4355202
10.9785547
8.1190662
5.7265215
6.4655242
12.8565140
16.9838181
12.8274508
3.2838724
0.4672189
4.1192727
25.1877232
50.8432655
47.8467178
24.5863914
6.5635290
3.0478697
7.3523803
17.9358845
23.9563065
15.6380901
2.5526886
0.5232242
6.2259264
41.3492622
87.1836472
101.2330170
93.2733536
86.3254852
83.6628418
74.1712723
59.3412666
42.5010376
28.2084942
16.3527145
7.8613815
3.3388219
2.1675832
1.8991702
2.4071131
4.2719364
6.1778150
7.2034020
7.2377281
6.7556362
5.7504549
4.8203077
3.7055004
3.1208789
3.6273055
4.3117146
3.9816244
2.4853425
1.4119709
0.8629509
0.5927445
0.3574974
0.3495861
0.2843279
0.2781741
0.2925715
0.2853087
0.2659692
0.2282994
0.2257990
0.2945856
0.4583286
0.5888787
0.4993809
0.3943973
0.3100250
0.3425276
0.3141324
0.2391153
0.2909260
0.3336493
0.3336331
0.3668877
0.4491965
0.5152699
0.2614089
0.2501977
0.3342555
0.3598861
0.3389490
0.3822618
0.3229663
0.2010374
0.1963776
0.2253803
0.2293899
0.3748496
0.3419045
0.3339445
0.3506621
0.3133661
0.3397563
0.4858513
1.2059920
3.2475047
6.9529891
13.0470285
21.0415878
30.6893387
42.1583710
69.5405121
119.9381027
173.3162994
195.4277039
194.0236511
161.7680054
136.2512207
174.1459808
194.3215485
137.0887299
74.5022583
48.0317078
37.2886658
35.1480789
38.8609962
50.5287170
51.2406311
41.9848251
29.2127285
16.4286366
4.8470879
5.1943054
9.0954752
5.7569656
2.6310894
3.0548911
6.5296321
11.2770939
14.6335363
14.1937342
11.4978790
8.5836382
6.5452423
6.1971979
4.9832220
3.3471017
2.5541825
1.7832396
1.1553053
0.6957789
0.4477701
0.2996172
0.2372658
0.3499973
0.3560913
0.3428568
0.3344258
0.2895650
0.2252441
0.2042617
0.2399512
0.3887022
0.4041145
0.3214479
0.3107010
0.3590624
0.4749720
0.3812868
0.3625118
0.3339037
0.4168316
0.4808913
0.3134348
0.2391635
0.2582211
0.2927979
0.2805269
0.3360477
0.3185668
0.2828355
0.3416336
0.4397836
0.5517551
1.1404557
7.8626909
23.8226147
35.8948097
31.5960503
16.3545170
15.7144375
32.4012375
61.7323875
58.9537964
25.4078808
7.4030008
2.9145408
2.0457432
2.6580224
4.6023417
4.8972816
3.9514284
14.0422888
58.3636971
107.1021194
104.5110855
49.9738998
6.4113226
1.7904752
4.9510374
25.0052299
50.0964355
52.4659958
40.2808304
24.9002495
19.3972912
27.0592899
30.9218693
20.5114403
11.4747419
19.6514301
36.7593575
38.9355965
27.8938885
19.4729767
18.8089828
16.6485081
11.9185257
8.1697321
6.4672666
6.2375808
2.7289195
0.6207528
0.5067873
0.3073774
0.3627177
0.4269497
0.3276467
0.3094682
0.2624862
0.2821878
0.4128566
0.4856077
0.4235749
0.3278393
0.2986796
0.2944241
0.3887577
0.4638836
0.5674603
0.6477321
0.5084164
0.4599757
0.8691519
2.6723530
5.1944313
6.2145615
5.3438797
3.2332034
1.8064896
3.2375927
15.4791241
48.6001701
84.9164658
95.1513290
81.1390305
60.2401047
48.1008797
31.1710262
18.3189697
8.2848053
3.3577344
2.6943464
3.1276178
5.6270332
4.7496285
2.9763517
2.3416281
1.5325035
0.9310658
0.5373703
0.2619790
0.2243753
0.2842220
0.3309698
0.1706865
0.0469628
0.0102429
0.0005630
0.0000000
0.0000000
0.0000000
0.0000000
0.0000000
0.0000000
0.0000000
0.0000000
0.0000000
0.0000000
0.0000000
0.0000000
0.0000000
0.0000000
0.0000000
0.0000000
0.0000000
0.0000000
0.0000000
0.0000000
0.0000000
0.0000000
0.0000000
0.0000000
0.0000000
0.0000000
0.0000000
0.0000000
0.0000000
0.0000000
0.0000000
0.0000000
0.0000000
0.0000000
0.0000000
0.0000000
0.0000000
0.0000000
0.0000000
0.0000000
0.0000000
0.0000000
0.0000000
0.0000000
0.0000000
0.0000000
0.0000000
0.0000000
0.0000000
0.0000000
0.0000000
0.0000000
0.0000000
0.0000000
0.0000000
0.0000000
0.0000000
0.0000000
0.0000000
0.0000000
0.0000000
0.0000000
0.0000000
0.0000000
0.0000000
0.0000000
0.0000000
0.0000000
0.0000000
0.0000000
0.0000000
0.0000000
0.0000000
0.0000000
0.0000000
0.0000000
0.0000000
0.0000000
0.0000000
0.0000000
0.0000000
0.0000000
0.0000000
0.0000000
0.0000000
0.0000000
0.0000000
0.0000000
0.0000000
0.0000000
0.0000000
0.0000000
0.0000000
0.0000000
0.0000000
0.0000000
0.0000000
0.0000000
0.0000000
0.0000000
0.0000000
0.0000000
0.0000000
0.0000000
0.0000000
0.0000000
0.0000000
0.0000000
0.0000000
0.0000000
0.0000000
0.0000000
0.0000000
0.0000000
0.0000000
0.0000000
0.0000000
0.0000000
0.0000000
0.0000000
0.0000000
0.0000000
0.0000000
0.0000000
0.0000000
0.0000000
0.0000000
0.0000000
0.0000000
0.0000000
0.0000000
0.0000000
0.0000000
0.0000000
0.0000000
0.0000000
0.0000000
0.0000000
0.0000000
0.0000000
0.0000000
0.0000000
0.0000000
0.0000000
0.0000000
0.0000000
0.0000000
0.0000000
0.0000000
0.0000000
0.0000000
0.0000000
0.0000000
0.0000000
0.0000000
0.0000000
0.0000000
0.0000000
0.0000000
0.0000000
0.0000000
0.0000000
0.0000000
0.0000000
0.0000000
0.0000000
0.0000000
0.0000000
0.0000000
0.0000000
0.0000000
0.0000000
0.0000000
0.0000000
0.0000000
0.0000000
0.0000000
0.0000000
0.0000000
0.0000000
0.0000000
0.0000000
0.0000000
0.0000000
0.0000000
0.0000000
0.0000000
0.0000000
0.0000000
0.0000000
0.0000000
0.0000000
0.0000000
0.0000000
0.0000000
0.0000000
0.0000000
0.0000000
0.0000000
0.0000000
0.0000000
0.0000000
0.0000000
0.0000000
0.0000000
0.0000000
0.0000000
0.0000000
0.0000000
0.0000000
0.0000000
0.0000000
0.0000000
0.0000000
0.0000000
0.0000000
0.0000000
0.0000000
0.0000000
0.0000000
0.0000000
0.0000000
0.0000000
0.0000000
0.0000000
0.0000000
0.0000000
0.0000000
0.0000000
0.0000000
0.0000000
0.0000000
0.0000000
0.0000000
0.0000000
0.0000000
0.0000000
0.0000000
0.0000000
0.0000000
0.0000000
0.0000000
0.0000000
0.0000000
0.0000000
0.0000000
0.0000000
0.0000000
0.0000000
0.0000000
0.0000000
0.0000000
0.0000000
0.0000000
0.0000000
0.0000000
0.0000000
0.0000000
0.0000000
0.0000000
0.0000000
0.0000000
0.0000000
0.0000000
0.0000000
0.0000000
0.0000000
0.0000000
0.0000000
0.0000000
0.0000000
0.0000000
0.0000000
0.0000000
0.0000000
0.0000000
0.0000000
0.0000000
0.0000000
0.0000000
0.0000000
0.0000000
0.0000000
0.0000000
0.0000000
0.0000000
0.0000000
0.0000000
0.0000000
0.0000000
0.0000000
0.0000000
0.0000000
0.0000000
0.0000000
0.0000000
0.0000000
0.0000000
0.0000000
0.0000000
0.0000000
0.0000000
0.0000000
0.0000000
0.0000000
0.0000000
0.0000000
0.0000000
0.0000000
0.0000000
0.0000000
0.0000000
0.0000000
0.0000000
0.0000000
0.0000000
0.0000000
0.0000000
0.0000000
0.0000000
0.0000000
0.0000000
0.0000000
0.0000000
0.0000000
0.0000000
0.0000000
0.0000000
0.0000000
0.0000000
0.1111132
0.7212908
1.7270826
2.4079413
2.4629312
2.3097694
2.7961805
3.8507915
4.0693665
2.9538291
1.3598861
0.3305263
0.1081213
0.3797164
1.9426144
10.6666613
22.0811195
46.0998650
114.5153732
199.3161774
219.0931702
157.4518280
86.9167862
74.4082947
61.8090439
206.7140198
264.2959290
204.9935455
145.4075470
92.6163483
32.9842491
69.6038818
44.4991188
47.9280396
97.7027969
111.6423874
141.6154175
157.1449585
131.4393768
67.3673477
23.3495216
12.9138756
42.4609489
126.5596008
199.5528412
205.7813568
169.3558197
157.2134399
147.2465210
101.2608109
63.9015198
48.8658409
46.3274345
39.0314484
26.7890511
11.8903332
3.8767576
8.7683067
51.4607353
110.1573257
114.2170105
85.9738617
62.4755974
48.8696442
36.7730560
23.7392101
17.6424561
22.1684361
27.5393105
33.5363922
34.3736877
33.0017776
32.7130394
34.5662460
33.1765175
25.9972210
13.5400209
3.8825300
6.8043599
27.3183651
38.9172058
27.9313793
29.0990200
39.2775116
50.3127632
68.4989090
95.0843964
104.8807678
85.0312500
68.5935822
70.5139542
78.5582886
78.4429398
74.5296783
70.3216705
64.3872910
55.8332977
42.1475868
29.7405910
24.4918766
35.5268135
52.6948090
58.8755417
49.4427757
35.7775726
30.4354668
30.7384090
38.0503540
51.7719765
54.2004433
42.1645317
16.9215488
13.5406580
19.3746719
13.5815916
10.6691399
3.1486864
1.9380068
10.3054724
34.5357552
61.9284935
65.6227570
50.8451118
34.2597122
23.3751640
39.7723999
39.2288895
35.5740356
42.1663780
56.6975555
65.8676147
65.3812943
51.0890427
28.0543232
10.0945969
2.1518819
2.5873866
2.7038779
2.3720176
1.6162287
1.2417191
1.1904014
1.2215153
0.8956950
0.7348800
0.5628169
0.6188155
0.4540593
0.3954387
0.4258308
0.4400279
0.4634016
0.5089093
0.4835371
0.3268058
0.3471839
0.5158140
0.5167108
0.2915614
0.2447418
0.2330137
5.0214171
17.5811176
28.5244751
29.5805931
20.6718330
14.3873577
25.2718239
37.4699287
31.9653091
20.6238632
16.6980896
14.6158333
14.7114496
13.7535172
11.2617588
6.9829330
4.8358059
2.3102295
4.1471806
7.3744164
8.5819778
8.3131456
6.9450011
5.3783078
5.4859405
6.7255163
11.2197905
18.4271431
18.2425976
8.9510136
6.4201555
23.8822708
74.9002991
106.2592316
86.9843750
47.4283333
21.7675648
16.6935596
20.0104179
56.3450775
114.7211609
135.2514954
110.4149551
76.0155792
47.4530602
32.8141861
9.1108437
1.3033854
8.1158590
35.1155243
66.9173660
76.8437729
77.7182846
77.5283432
73.3137436
53.2790527
26.6963882
11.0362844
3.9990497
1.1324960
0.2634236
0.3118568
0.2026901
0.1686773
0.1484522
0.3338211
0.4769925
0.4647530
0.3021549
0.2011625
0.2214398
0.2727017
0.4039492
0.6202006
0.9992966
2.6862741
5.9918747
6.7583771
3.1730435
0.4872454
0.3075715
0.4444204
0.7638922
0.9727610
0.9725374
1.2795756
1.8249129
1.9473035
1.4713150
1.0546017
0.7909112
0.7547934
0.6797180
0.7145865
0.7158443
0.6925876
0.6376009
0.6082970
0.5298150
0.9700975
5.7255712
14.5235348
29.6608963
60.7139816
96.9152222
116.7104034
120.1167526
107.0013809
84.9986725
60.1285591
55.6980820
68.3050537
68.1964188
58.2274094
49.4433746
45.4128494
38.6056519
21.5288372
59.6999969
48.4195862
24.2852745
60.1572952
60.1234703
39.7355042
16.6232395
30.3352814
18.7247276
8.9629335
10.8056479
5.9495063
1.4034829
0.5292063
0.2006332
0.1583838
0.2443359
4.1215272
28.3151798
60.9558525
68.9720764
41.7621002
5.4927120
2.8950701
15.7913742
31.2823257
29.9748898
27.7546482
42.3144722
49.7232666
58.1227264
69.0595932
66.3856201
54.7182312
47.8133621
43.2024117
31.9318085
23.8994293
15.4566469
6.3826661
8.3376799
15.5554981
22.5376778
25.2515717
22.2108631
17.8105316
14.4669704
13.3999023
19.6938801
27.6113567
28.2463017
26.1268959
36.8240585
56.0471840
65.9783859
53.9196510
35.5971222
24.8947105
13.9194899
18.0017090
47.4971924
47.4944267
38.7019653
34.7484169
35.7918892
32.7165184
25.1006889
14.5621424
7.6474857
4.4833956
9.5118084
12.3215275
10.2017565
6.0602756
11.7082281
11.6900158
5.0997744
2.0026948
4.7389197
5.3855124
6.6646318
7.0307264
5.4076672
3.0906029
1.3972909
0.7867510
0.6880067
0.6107483
0.5486863
0.5124187
0.5409620
0.3996517
0.3050790
0.2640645
0.3218780
0.5937298
0.8558042
6.5839195
28.3013382
56.1357498
71.3978653
74.4633026
65.7059326
46.2796402
28.9966469
25.7924690
19.5957489
10.0313883
9.5895290
41.1144753
87.1718140
115.0988770
126.7613831
119.5194931
95.7350388
71.5208206
58.4415436
82.1374359
80.6201324
57.3782005
32.1788750
11.8255548
2.3478131
3.5159600
12.5754013
35.8421783
54.5862274
52.4661179
38.5365410
28.6654091
22.7290268
19.2372990
24.5261765
37.2254982
44.4796638
37.0324974
21.3942795
10.1828537
5.5029221
12.6020336
36.1260986
57.0450020
50.1422806
31.5432968
18.7621746
13.1971636
8.6247015
3.5272739
8.5419340
22.2072315
29.5067120
21.2591667
12.1196451
6.2882109
13.2278776
35.8324852
50.6862183
39.2049294
15.9522982
13.2484674
20.9633503
20.1643467
12.7642012
8.4746418
10.5190563
35.9629936
54.5134773
56.2705688
49.6701088
42.5588722
36.0766106
25.6598873
13.2818089
4.2658734
8.8308458
30.0480499
64.7001648
78.7621613
78.0744400
79.3487015
82.3569870
79.1341095
62.6603241
39.9324989
23.6005363
9.9151211
2.2537129
0.9969524
1.0030260
0.7748845
0.4050905
0.1755579
0.1245597
0.2358750
3.4225280
12.1140871
22.6485043
34.2615623
42.0961456
34.8743858
16.9147854
7.6097894
2.9765458
8.8283062
24.1858978
37.6175995
33.5124359
13.5372791
9.5211515
18.0142403
23.3774090
26.4882965
25.5807991
19.4164314
15.4542847
12.7706003
16.2917309
11.7031279
2.3966451
4.2132072
16.6585770
44.2321510
54.9780159
44.4426270
30.2909584
15.0511045
7.0870752
4.0527148
7.0211706
11.1514187
12.6153755
8.8384705
3.4256620
1.2639457
1.8566115
12.3327923
29.0745106
35.0593834
22.9965992
12.9576645
6.6423697
4.4476547
1.7021214
5.0954976
25.8466549
51.3708191
46.8828888
29.4498234
10.5466061
3.8061068
0.4262550
0.2957838
3.8481896
16.5640354
27.6002808
26.9909153
22.5052509
15.5583229
12.4744129
9.4044437
5.4161515
3.5188565
2.0351334
2.7509260
9.5270348
26.7249775
50.2179222
62.0063515
60.3772888
55.4464149
57.1585083
52.8751564
36.0236702
25.6726990
22.9585190
12.0109282
9.8335552
5.4907427
3.1423550
2.5217791
1.4593728
0.5543848
0.5031471
0.3136669
0.2010622
0.3385882
0.3736469
0.3503679
0.3038301
0.4109982
0.7395371
1.0546889
1.1409476
1.1569402
1.1701841
1.1742580
1.0928458
0.9045020
0.9109656
0.8476534
0.5618067
0.3862997
0.3016916
0.3403334
0.5238404
0.4819231
0.2892086
0.1939950
0.2919637
1.6868865
8.0813904
21.4377193
38.1817741
44.3050842
32.2968674
10.7761507
3.9534459
2.4601190
15.8839493
44.1158371
49.6534996
36.5905952
24.9255371
20.7801743
16.6243877
6.9812651
9.5158434
39.0101051
91.8495636
108.6263504
88.7964630
68.5673141
53.7172508
43.0412712
29.1837330
17.1211815
23.6506500
26.7695179
25.0592499
18.3579178
15.8151827
32.8120689
47.6115837
48.5861893
38.5994644
30.1544037
24.5273361
30.7670250
56.3082123
77.6468887
75.4861908
59.7506599
46.3804131
35.9198799
27.3647289
16.9741955
7.9900894
8.8300648
14.2964077
11.9237938
5.6755466
1.3467734
1.0301591
2.0850558
4.2881231
5.5278759
5.5541430
4.6391268
3.7862306
3.2276511
3.4359846
3.7868772
4.0626359
3.4624059
2.7187958
2.5494871
2.4185944
2.3263187
2.3966722
1.8453512
1.2764310
0.7905591
0.6034529
0.4758703
0.7111375
12.7236919
39.4742317
64.9526978
83.3480988
82.4715118
64.7860336
50.5437355
44.9587212
40.5513802
23.5570946
40.4171524
59.6989288
49.4862366
46.4166756
53.8082924
65.8518448
69.6605530
63.7014427
53.3990402
41.4419785
21.8219624
25.7262421
35.9273834
16.6624527
2.9463062
3.4237108
28.5133171
66.6222610
59.1677895
21.4035187
3.0345762
4.2020316
10.2390833
23.0583782
48.4838486
69.9022064
77.2667313
71.9817123
52.9016647
36.5177460
41.9784927
47.1258125
50.9653091
45.4359970
36.5410385
29.5127125
38.9598427
58.8339233
76.1792297
91.9205322
100.2673111
95.8904648
80.7578964
67.3716736
48.8707771
36.3316650
40.2099266
28.6151733
12.8745747
13.2366276
24.3565063
28.4193897
27.0730228
17.3401718
9.7378531
4.7818656
11.2927761
15.1804705
12.8180199
8.6223059
5.1397910
3.0930018
2.1288660
1.6013036
0.8926178
0.7776361
0.4837454
0.5239107
0.4641904
0.4292248
0.3374974
0.2426836
0.2455428
0.3538504
0.2402748
0.2531273
0.3082485
0.3556100
0.4019563
0.3875210
0.4282232
0.6294156
1.1721323
1.6090569
1.6178288
1.3826181
1.1439192
1.2328944
1.3911748
1.5065749
1.3423514
1.1026897
1.0425407
1.3432753
1.4116794
1.5472690
1.3091737
0.9094118
0.7603210
0.6869043
0.6889725
0.7115723
0.5827283
0.5639356
0.5270954
0.5328135
0.4381741
0.4187977
0.3546760
0.2900044
1.8757761
6.9863148
16.0458870
27.1575356
40.1173058
59.2556915
73.4268112
71.4840240
58.8138199
47.6000137
31.5049419
29.9027214
31.2311211
18.5241222
6.6930218
6.7158151
6.8698034
10.6170721
11.7518215
9.1989594
6.7904363
7.2842274
21.4820709
39.0450630
52.6561394
68.1244431
76.8329620
79.7947922
72.9183655
59.5002213
46.7159195
37.7198792
31.7754765
29.6038246
28.7180977
26.2463093
20.8044262
20.2594528
25.1245441
27.5292492
26.8089886
28.2331905
29.2712116
22.9100437
13.8791027
33.8042946
48.2401009
45.7628288
29.5476246
19.0938740
22.1965828
25.7171898
30.4139938
38.0911827
35.5997429
29.1729145
19.8183002
11.3536587
18.9384041
24.4703598
28.3716373
28.1251392
25.5289822
20.2659035
17.1563416
12.7680359
6.8135281
3.6891751
2.3727388
2.2811866
1.4073244
0.9444208
0.7141026
0.5781531
0.4531075
0.3808523
0.3702957
0.3843047
0.3685779
0.4264077
0.4235140
0.2669972
0.1900014
0.2219613
0.2223176
0.3018824
0.2648195
0.2534202
0.2772805
0.3242559
0.4583575
0.4992419
0.3623553
0.2281125
0.2593333
0.3435142
0.3293658
0.2797553
0.2671216
0.3651595
0.7197807
6.1948233
17.8390770
35.0092010
53.8456917
67.6730423
89.8821640
132.2138367
144.1604767
112.4162903
62.7694664
28.5503273
19.6786251
12.5759182
5.0638266
4.9732242
25.0129948
49.7689285
50.8857307
43.9422684
32.4956284
25.2449665
28.2306900
38.2891579
44.5136681
41.3458023
31.1939697
14.8822126
3.1158736
0.3610886
1.3300024
38.5482635
103.6898193
129.1481781
111.9994965
89.6527176
57.3695793
24.9919567
11.5088177
37.4475403
70.6904602
69.6007385
38.4935684
20.7642212
40.9024582
66.4942627
69.1032715
49.3982048
29.1490860
24.8953190
31.0079021
52.3951187
58.6679726
34.0075645
19.1178894
23.2373962
50.6073647
107.3537216
124.5647659
100.2184906
88.4095306
87.5028076
104.6794586
98.8847275
54.2133560
13.2312641
5.7659879
6.5493035
23.4492531
46.6490822
43.4246750
35.7856712
28.8946686
28.7355080
43.7196960
51.2868080
55.1764374
49.3603096
39.7962265
27.1872635
26.4087467
35.2966309
47.8961639
39.0843201
29.0020065
24.8298664
19.4747543
8.5455284
2.3263266
3.7908022
5.1520662
6.0546660
10.2047863
16.4943142
30.0653992
54.5264282
76.6143188
83.9820557
77.5351639
55.1910706
38.1295853
24.5655575
24.6996822
24.5757408
25.5522785
17.4893856
13.7353220
33.2545891
77.9906158
103.0452423
95.4848404
71.5377579
48.3809891
26.0105343
8.7718143
3.8873084
5.4926128
2.5503173
1.0817657
0.6009981
0.4065318
0.3686863
0.4538158
0.4416029
0.4290661
0.6249260
0.6199108
0.5756769
0.4848662
0.3375694
0.4906352
5.7626643
21.1740990
41.3671799
56.1383400
55.7368774
39.2084045
25.2096500
19.1758938
24.6121864
53.9821968
86.4462891
96.0684891
81.9979477
64.0566711
54.1114731
42.4709740
36.2725105
36.9561996
52.7385178
60.7088432
51.3841019
47.3102417
22.4064789
40.8543549
75.1862030
81.7528229
79.3995514
78.9957199
84.6020584
83.3172531
31.4345741
3.9266529
1.1566696
0.2954034
0.2641137
0.1704144
0.1421325
0.2857451
0.2245314
0.6806217
1.9839535
2.3303597
0.8501363
0.1811785
0.2198768
0.2241806
0.2367222
0.2859373
0.2678790
0.3197055
0.2599619
0.2809598
0.4179258
0.4340636
0.3700750
0.3652030
0.4016118
0.4964765
0.3913490
0.3483717
0.4426781
0.4449854
0.3670847
0.5274727
13.7767706
58.6824646
109.6648941
121.4575729
96.4637985
67.0670242
55.7602615
58.5945663
32.7294769
8.6852837
4.1743598
0.7118669
0.0677616
0.0981153
0.1486298
0.2638043
7.5855188
36.4945335
74.6561737
97.5251770
88.7351608
57.9278679
40.0844383
27.2869244
15.0689802
11.5259743
18.7299461
28.5928726
20.2985516
12.1846027
11.0825129
14.1756392
11.7048759
6.7594042
2.9131567
2.4371202
2.4938815
3.2585986
1.9073365
0.6892021
2.7664027
13.6344604
31.9071922
46.6035843
47.7283096
39.3175735
27.6066074
19.2756844
14.3436785
12.5157213
9.5241470
8.4855900
7.2013083
8.7881021
6.9167423
5.0258284
1.4043212
1.0110296
1.7242311
1.3011403
0.6551154
0.2177869
3.4650769
15.3184566
24.5254326
19.6185265
7.3209915
9.0975866
21.1650410
31.4798222
31.1175632
22.8098660
15.3212185
9.9873228
9.8715725
9.0426054
20.6350937
32.5162544
30.6836243
27.5771866
24.5664864
23.7527924
21.0697594
16.1634693
7.2102623
2.5207429
1.9259357
5.6172390
19.6843662
28.1577072
24.1441116
17.1932716
11.0986099
9.8227215
9.8992643
9.2750845
6.9570546
4.2672110
2.7697484
2.7782114
1.6638503
0.9425678
0.5523090
0.3171048
0.2450667
0.2137145
0.0823984
0.0176106
0.0012946
0.0000018
0.0000000
0.0000000
0.0000000
0.0000000
0.0000000
0.0000000
0.0000000
0.0000000
0.0000000
0.0000000
0.0000000
0.0000000
0.0000000
0.0000000
0.0000000
0.0000000
0.0000000
0.0000000
0.0000000
0.0000000
0.0000000
0.0000000
0.0000000
0.0000000
0.0000000
0.0000000
0.0000000
0.0000000
0.0000000
0.0000000
0.0000000
0.0000000
0.0000000
0.0000000
0.0000000
0.0000000
0.0000000
0.0000000
0.0000000
0.0000000
0.0000000
0.0000000
0.0000000
0.0000000
0.0000000
0.0000000
0.0000000
0.0000000
0.0000000
0.0000000
0.0000000
0.0000000
0.0000000
0.0000000
0.0000000
0.0000000
0.0000000
0.0000000
0.0000000
0.0000000
0.0000000
0.0000000
0.0000000
0.0000000
0.0000000
0.0000000
0.0000000
0.0000000
0.0000000
0.0000000
0.0000000
0.0000000
0.0000000
0.0000000
0.0000000
0.0000000
0.0000000
0.0000000
0.0000000
0.0000000
0.0000000
0.0000000
0.0000000
0.0000000
0.0000000
0.0000000
0.0000000
0.0000000
0.0000000
0.0000000
0.0000000
0.0000000
0.0000000
0.0000000
0.0000000
0.0000000
0.0000000
0.0000000
0.0000000
0.0000000
0.0000000
0.0000000
0.0000000
0.0000000
0.0000000
0.0000000
0.0000000
0.0000000
0.0000000
0.0000000
0.0000000
0.0000000
0.0000000
0.0000000
0.0000000
0.0000000
0.0000000
0.0000000
0.0000000
0.0000000
0.0000000
0.0000000
0.0000000
0.0000000
0.0000000
0.0000000
0.0000000
0.0000000
0.0000000
0.0000000
0.0000000
0.0000000
0.0000000
0.0000000
0.0000000
0.0000000
0.0000000
0.0000000
0.0000000
0.0000000
0.0000000
0.0000000
0.0000000
0.0000000
0.0000000
0.0000000
0.0000000
0.0000000
0.0000000
0.0000000
0.0000000
0.0000000
0.0000000
0.0000000
0.0000000
