0.0000000
0.0000000
0.0000000
0.0000000
0.0000000
0.0000000
0.0000000
0.0000000
0.0000000
0.0000000
0.0000000
0.0000000
0.0000000
0.0000000
0.0000000
0.0000000
0.0000000
0.0000000
0.0000000
0.0000000
0.0000000
0.0000000
0.0000000
0.0000000
0.0000000
0.0000000
0.0000000
0.0000000
0.0000000
0.0000000
0.0000000
0.0000000
0.0000000
0.0000000
0.0000000
0.0000000
0.0000000
0.0000000
0.0000000
0.0000000
0.0000000
0.0000000
0.0000000
0.0000000
0.0000000
0.0000000
0.0000000
0.0000000
0.0000000
0.0000000
0.0000000
0.0000000
0.0000000
0.0000000
0.0000000
0.0000000
0.0000000
0.0000000
0.0000000
0.0000000
0.0000000
0.0000000
0.0000000
0.0000000
0.0000000
0.0000000
0.0000000
0.0000000
0.0000000
0.0000000
0.0000000
0.0000000
0.0000000
0.0000000
0.0000000
0.0000000
0.0000000
0.0000000
0.0000000
0.0000000
0.0000000
0.0000000
0.0000000
0.0000000
0.0000000
0.0000000
0.0000000
0.0000000
0.0000000
0.0000000
0.0000000
0.0000000
0.0000000
0.0000000
0.0000000
0.0000000
0.0000000
0.0000000
0.0000000
0.0000000
0.0000000
0.0000000
0.0000000
0.0000000
0.0000000
0.0000000
0.0000000
0.0000000
0.0000000
0.0000000
0.0000000
0.0000000
0.0000000
0.0000000
0.0000000
0.0000000
0.0000000
0.0000000
0.0000000
0.0000000
0.0000000
0.0000000
0.0000000
0.0000000
0.0000000
0.0000000
0.0000000
0.0000000
0.0000000
0.0000000
0.0000000
0.0000000
0.0000000
0.0000000
0.0000000
0.0000000
0.0000000
0.0000000
0.0000000
0.0000000
0.0000000
0.0000000
0.0000000
0.0000000
0.0000000
0.0000000
0.0000000
0.0000000
0.0000000
0.0000000
0.0000000
0.0000000
0.0000000
0.0000000
0.0000000
0.0000000
0.0000000
0.0000000
0.0000000
0.0000000
0.0000000
0.0000000
0.0000000
0.0000000
0.0000000
0.0000000
0.0000000
0.0000000
0.0000000
0.0000000
0.0000000
0.0000000
0.0000000
0.0000000
0.0000000
0.0000000
0.0000000
0.0000000
0.0000000
0.0000000
0.0000000
0.0000000
0.0000000
0.0000000
0.0000000
0.0000000
0.0000000
0.0000000
0.0000000
0.0000000
0.0000000
0.0000000
0.0000000
0.0000000
0.0000000
0.0000000
0.0000000
0.0000000
0.0000000
0.0000000
0.0000000
0.0000000
0.0000000
0.0000000
0.0000000
0.0000000
0.0000000
0.0000000
0.0000000
0.0000000
0.0000007
0.0984780
0.5565280
1.2032980
1.5299031
1.4870062
1.4283062
1.7628947
3.2172570
4.4013000
3.3215547
0.7454486
5.7927794
32.1117706
85.2240143
154.5033417
207.8043060
212.2297363
164.2065277
118.6898117
86.6779709
43.4410210
30.1844273
51.3998489
37.3163986
22.8800049
49.9142685
51.2331390
38.9240265
23.7216854
29.6301632
38.0095253
61.9404793
78.0448227
58.4860191
21.8652515
19.1056862
36.5254745
35.2833748
44.2217941
85.0040665
98.6329498
53.2773438
19.5731525
7.4222293
11.7016125
28.7494812
69.4882278
144.1997070
215.4290161
295.8900146
391.3305664
437.3980408
396.3298035
269.9013977
129.1236420
60.1176834
37.2664642
13.4691410
10.2692251
30.0883274
20.5721512
21.3820572
25.1058159
22.4536324
10.4667463
1.5418857
0.6836158
5.6350317
28.0570736
50.1028366
61.0795670
80.8828278
133.7511444
216.6666260
304.5467529
338.7560730
288.3475037
196.3312378
107.7768021
57.5312920
28.6151028
4.4247060
6.4064875
26.2883511
14.2046118
3.6166487
0.9587600
0.7428972
0.5385211
0.8670070
3.7191751
7.8300676
7.0473433
1.4852239
0.3885742
1.9219387
32.3065605
103.0352783
177.5396271
209.4371338
196.9259338
161.1312866
127.0770264
88.4482498
48.6885948
57.7084961
95.6239548
110.1498489
94.2778702
84.9496460
94.7996826
134.4094696
153.8647766
136.4402618
99.7130737
55.3319664
19.4510345
4.8082776
2.8537452
0.3550468
0.0763665
0.1767271
0.2902910
0.3301291
6.3698249
33.0388336
82.3074875
145.6449890
186.6897125
186.5551300
187.6217804
180.7986603
164.2947540
134.9511261
95.6484680
37.9514847
25.6935043
64.0304718
90.9318542
102.2009735
64.5819016
32.3553238
23.9012070
87.0676270
162.1224518
154.4040222
105.8063202
77.0495529
64.3905487
66.1639862
53.8897820
16.6619740
6.2851348
0.4155902
4.6912575
21.4003448
32.8847733
19.7248039
4.1904621
2.3238750
2.2705107
3.0112998
2.1394491
1.5964892
0.9948063
0.5145243
0.3225390
0.4271889
0.7316955
0.5506824
0.2665449
0.2158161
0.2540296
0.2782668
0.2940520
0.3286710
0.3365346
0.3705120
0.5156212
0.6138606
0.5060299
0.4744527
0.7676983
1.2086338
1.0326700
0.7663729
0.9552094
1.2025744
1.1158003
0.8989909
0.8760422
0.8172086
0.7118872
0.6583462
0.6703728
0.7078631
0.5936073
0.4742069
0.4639759
0.3891110
0.3553850
0.4543803
0.4585527
0.3794259
0.4311737
0.5040560
0.3758900
0.8131251
2.3363583
18.2523003
63.3690376
126.2724228
183.3685303
207.9017487
198.8229980
177.4838257
133.6289062
86.2843018
47.0037613
67.1554565
35.7519341
19.2222080
19.5896206
16.9922009
62.3089561
111.2922592
130.9897461
144.1237335
152.1471710
186.3700867
151.6579132
100.7651901
70.6454391
44.1593208
33.3270035
24.6711998
23.1070423
21.6779671
27.2493076
27.5544205
25.4618034
28.8510513
28.6185226
23.0103168
20.0031586
33.8247337
65.2656937
57.2015800
42.2356987
34.6999359
36.3343124
42.1615829
42.4885254
28.0331287
12.8864422
11.1298275
14.1330910
15.7574730
15.2789955
16.9902096
16.1025600
13.2296772
10.2367840
9.1364937
8.8177395
7.8262606
5.3446555
3.3289318
2.2246006
1.4022434
1.0386523
1.1998081
1.1670663
0.8596553
0.7272455
0.6734452
0.6721954
0.8172397
0.9799509
1.5108436
2.1588292
1.7781669
0.6779703
0.4048604
0.3140188
1.4397449
3.8493090
3.4087157
0.7980762
0.2748592
0.3737094
0.4537671
0.2719187
0.2140447
0.3142333
0.2170209
0.2626606
0.3461301
0.4225612
0.4390987
0.3857455
0.4003419
0.4794264
0.5544280
0.5270126
0.5497539
0.5817184
0.5462330
0.5905832
0.6104082
0.7513844
0.7583086
0.7521411
0.6924090
0.5729492
0.4659228
0.5553564
0.5772626
0.6205033
0.4100066
0.3147290
0.3775165
0.5076544
0.6388813
0.5893170
0.5051082
0.6016077
0.9133559
1.1436670
5.0166473
22.0543175
43.9418106
53.5121117
61.5102654
78.7335587
90.1023636
79.6368713
106.4466095
172.0048828
177.1721039
124.2136536
56.1487122
27.9292107
18.6652317
14.7817812
18.3360176
39.0791321
79.9923401
93.6827621
107.2889786
111.5575256
124.3137054
117.6914749
86.7876816
52.2730522
28.1480389
24.4651527
24.7357845
30.1063881
36.6749039
38.0893974
33.2230072
23.4866409
12.5832338
10.1385822
14.5402126
19.3037739
16.3348846
12.8954697
24.3773651
32.1105156
30.4935913
28.3364983
46.3489037
76.6229858
96.5437546
100.4545517
100.6629639
91.2960510
76.4392090
60.9189186
43.4262199
25.2208519
15.4030056
19.3868732
11.1166258
0.3675666
1.0707338
4.0710435
7.0085168
7.0135779
5.0731182
3.6833959
4.1231794
10.9215584
32.3554039
61.0551300
86.4003525
101.7091293
113.2221146
127.3960800
124.9082565
91.7356339
38.8541260
10.9046421
3.1295342
0.6630318
0.1361398
0.1570670
0.2495460
0.4498640
0.5005747
0.6232845
0.6401359
0.6397142
0.4407919
0.2230852
0.1952928
0.3841037
0.7112632
0.9143655
1.1713524
7.8710332
27.4568596
62.8281250
118.1257248
178.3180542
200.5146637
160.5231934
93.8004303
48.5726051
13.2487192
3.3736711
1.6701591
0.2814501
0.1603359
0.3795234
1.6759865
4.4637599
6.2787452
8.7567921
41.7806396
104.1886215
141.7298889
127.9920273
93.9440308
60.5324402
33.6671944
25.6414661
26.5478344
14.6602192
13.8409529
17.7224617
32.8712769
30.6461964
21.5840473
18.3217411
14.0278778
17.2513409
23.2959366
23.7722473
17.6122513
24.4167538
53.4400406
86.7887497
79.9620895
56.7710648
33.6368752
13.9211779
5.9099660
10.0419979
27.0746765
64.8939209
76.8680115
61.5239067
40.3779068
18.7870159
9.3632488
6.7946367
4.0415397
5.4990702
3.1233740
0.2250587
0.0250603
0.0515417
0.1342396
0.3200319
0.2327233
0.0874687
0.0093949
0.0006415
0.0000000
0.0000000
0.0000000
0.0000000
0.0000000
0.0000000
0.0000000
0.0000000
0.0000000
0.0000000
0.0000000
0.0000000
0.0000000
0.0000000
0.0000000
0.0000000
0.0000000
0.0000000
0.0000000
0.0000000
0.0000000
0.0000000
0.0000000
0.0000000
0.0000000
0.0000000
0.0000000
0.0000000
0.0000000
0.0000000
0.0000000
0.0000000
0.0000000
0.0000000
0.0000000
0.0000000
0.0000000
0.0000000
0.0000000
0.0000000
0.0000000
0.0000000
0.0000000
0.0000000
0.0000000
0.0000000
0.0000000
0.0000000
0.0000000
0.0000000
0.0000000
0.0000000
0.0000000
0.0000000
0.0000000
0.0000000
0.0000000
0.0000000
0.0000000
0.0000000
0.0000000
0.0000000
0.0000000
0.0000000
0.0000000
0.0000000
0.0000000
0.0000000
0.0000000
0.0000000
0.0000000
0.0000000
0.0000000
0.0000000
0.0000000
0.0000000
0.0000000
0.0000000
0.0000000
0.0000000
0.0000000
0.0000000
0.0000000
0.0000000
0.0000000
0.0000000
0.0000000
0.0000000
0.0000000
0.0000000
0.0000000
0.0000000
0.0000000
0.0000000
0.0000000
0.0000000
0.0000000
0.0000000
0.0000000
0.0000000
0.0000000
0.0000000
0.0000000
0.0000000
0.0000000
0.0000000
0.0000000
0.0000000
0.0000000
0.0000000
0.0000000
0.0000000
0.0000000
0.0000000
0.0000000
0.0000000
0.0000000
0.0000000
0.0000000
0.0000000
0.0000000
0.0000000
0.0000000
0.0000000
0.0000000
0.0000000
0.0000000
0.0000000
0.0000000
0.0000000
0.0000000
0.0000000
0.0000000
0.0000000
0.0000000
0.0000000
0.0000000
0.0000000
0.0000000
0.0000000
0.0000000
0.0000000
0.0000000
0.0000000
0.0000000
0.0000000
0.0000000
0.0000000
0.0000000
0.0000000
0.0000000
0.0000000
0.0000000
0.0000000
0.0000000
0.0000000
0.0000000
0.0000000
0.0000000
0.0000000
0.0000000
0.0000000
0.0000000
0.0000000
0.0000000
0.0000000
0.0000000
0.0000000
0.0000000
0.0000000
0.0000000
0.0000000
0.0000000
0.0000000
0.0000000
0.0000000
0.0000000
0.0000000
0.0000000
0.0000000
0.0000000
0.0000000
0.0000000
0.0000000
0.0000000
0.0000000
0.0000000
0.0000000
0.0000000
0.0000000
0.0000000
0.0000000
0.0000000
0.0000000
0.0000000
0.0000000
0.0000000
0.0000000
0.0000000
0.0000000
0.0000000
0.0000000
0.0000000
0.0000000
0.0000000
0.0000000
0.0000000
0.0000000
0.0000000
0.0000000
0.0000000
0.0000000
0.0000000
0.0000000
0.0000000
0.0000000
0.0000000
0.0000000
0.0000000
0.0000000
0.0000000
0.0000000
0.0000000
0.0000000
0.0000000
0.0000000
0.0000000
0.0000000
0.0000000
0.0000000
0.0000000
0.0000000
0.0000000
0.0000000
0.0000000
0.0000000
0.0000000
0.0000000
0.0000000
0.0000000
0.0000000
0.0000000
0.0000000
0.0000000
0.0000000
0.0000000
0.0000000
0.0000000
0.0000000
0.0000000
0.0000000
0.0000000
0.0000000
0.0000000
0.0000000
0.0000000
0.0000000
0.0000000
0.0000000
0.0000000
0.0000000
0.0000000
0.0000000
0.0000000
0.0000000
0.0000000
0.0000000
0.0000000
0.0000000
0.0000000
0.0000000
0.0000000
0.0000000
0.0000000
0.0000000
0.0000000
0.0000000
0.0000000
0.0000000
0.0000000
0.0000000
0.0000000
0.0000000
0.0000000
0.0000000
0.0000000
0.0000000
0.0000000
0.0000000
0.0000000
0.0000000
0.0000000
0.0000000
0.0000000
0.0000000
0.0000000
0.0000000
0.0000000
0.0000000
0.0000000
0.0000000
0.0000000
0.0000000
0.0000000
0.0000000
0.0000000
0.0000000
0.0000000
0.0000000
0.0000000
0.0000000
0.0000000
0.0000000
0.0000000
0.0000000
0.0000000
0.0000000
0.0000000
0.0000000
0.0000000
0.0000000
0.0000000
0.0000000
0.0000000
0.0000000
0.0000000
0.0000000
0.0000000
0.0000000
0.0000000
0.0000000
0.0000000
0.0000000
0.0000000
0.0000000
0.0000000
0.0000000
0.0000000
0.0000000
0.0000000
0.0000000
0.0000000
0.0000000
0.0000000
0.0000000
0.0000000
0.0000000
0.0000000
0.0000000
0.0000000
0.0000000
0.0000000
0.0000000
0.0000000
0.0000000
0.0000000
0.0000000
0.0000000
0.0000000
0.0000000
0.0000000
0.0000000
0.0000000
0.0000000
0.0000000
0.0000000
0.0000000
0.0000000
0.0000000
0.0000000
0.0000000
0.0000000
0.0000000
0.0263898
0.3610700
1.0509834
1.5579515
1.4301128
0.8398224
0.9615505
3.7119482
8.6180515
12.2365322
13.9838638
14.2550659
13.5186291
11.4869022
9.7034187
8.9209557
8.2969723
7.0882254
6.5147943
5.8423343
5.3308268
5.8929691
5.5155301
5.4626784
5.3514447
4.9888024
4.6445389
3.9749858
3.8145163
3.8587587
4.0040607
4.1576614
3.7530742
3.3989484
3.1944883
3.5879381
4.0083680
3.3487465
2.3373318
2.0657222
1.8025362
1.5845741
1.5290290
1.2241906
1.1700107
0.9499287
0.8300138
1.0539683
1.0473413
0.8604890
0.7547331
0.7901435
0.8060985
0.5836365
0.5148011
0.5801716
0.5178919
0.3621528
0.4387195
0.4107212
0.4858054
0.4488778
0.4175848
0.3123299
0.3617422
0.4859930
0.6119429
1.9960479
5.3342657
7.6092515
7.5982900
8.6643810
17.3006058
31.1085968
39.5369911
32.8430786
21.7314014
22.3630867
23.1701622
21.3285484
18.3296223
27.6452503
41.8544121
51.3975220
48.6738319
40.1832771
29.1381836
13.1108875
14.9526615
29.3690376
62.1710548
97.3890839
92.5131683
68.3451920
77.2964020
83.1976089
54.4424095
27.3558750
9.1764545
5.0702305
4.5418186
7.7408400
21.5627708
46.7000694
66.5910568
76.3580017
78.7235260
72.5699768
58.3139114
55.6807022
79.2655487
109.4232254
114.3589096
128.9984894
147.6390686
119.3145905
79.5376740
69.7407532
112.5936661
111.0619659
87.9273605
64.0727234
35.5754700
21.9311829
46.9379005
39.1788139
42.0249329
66.4481506
73.6229172
41.0933990
17.8152637
13.4816637
10.5353556
20.1618080
38.9203491
42.2436447
43.4361725
49.3082085
43.5700569
36.8753242
26.3314075
23.0037460
54.9224052
102.1417007
120.5248642
103.6659241
86.7341614
75.8778763
65.3137283
48.3595238
44.3033714
61.2752953
50.3839836
17.9563503
13.5428391
34.0810471
114.8745804
147.1372833
138.7313538
141.4390564
138.0778198
130.4151154
123.1967697
120.9202347
126.5024490
131.8175964
131.8815918
117.7128601
83.3296432
42.1706886
19.1875000
43.9067612
28.6718636
6.8022690
3.1944976
2.5517223
7.6164970
40.8149643
73.2529221
88.5812378
92.6076660
93.7846832
93.3721313
84.4104309
68.3761139
51.0237923
46.1355019
54.8802490
70.3717499
67.3917618
60.8842773
52.9385490
50.5425911
45.8058662
34.0555077
13.9394207
4.0132952
4.6771955
5.5059943
3.2309620
0.8225675
0.7953997
2.6042209
12.2019234
29.0047512
53.8492126
73.4134293
68.0056686
47.6497803
42.2902031
39.5629578
37.1563644
34.7056198
28.1073284
19.9632339
9.5492029
1.6290917
12.8793459
11.7135868
5.8370557
4.3251963
4.5713263
5.4047723
5.6370187
6.3050394
6.8000450
16.2119141
29.4407921
32.4208603
27.6925087
21.0922108
18.0287609
17.7925930
18.5696373
17.7669983
15.7808590
13.4778461
8.6433372
6.0570593
5.6432900
5.3340707
6.1284208
5.6873302
3.9778984
2.7520339
2.4093506
2.3623114
1.9245167
0.9286244
0.2820103
0.3577131
0.4099094
0.6951810
1.7682782
2.5327878
3.0238121
3.6535611
4.4262714
5.3484468
5.6094146
5.1786289
4.2316217
3.6003253
3.3698459
3.4230733
2.6468170
1.9142439
1.6398429
1.2238363
1.0791397
0.8654423
0.5512435
0.6062645
0.4796842
0.4152224
0.3869185
0.4220175
0.5695394
0.7856852
0.9679199
0.7163296
0.4870955
0.6028306
0.5923862
0.5791285
0.5518574
0.7092428
0.9305506
1.1112964
1.3907130
1.4745781
1.4969325
4.1275983
12.9745598
27.6002121
43.7465515
77.3990326
130.0887909
171.6476593
166.7756805
129.9658813
90.4325104
94.6101913
133.8690491
141.7935028
77.8691788
17.0465298
2.5551822
0.9747277
0.4305293
0.9048964
17.9168358
47.9102936
60.9303055
45.1395531
25.5031471
7.9765139
8.3701811
29.1237793
60.2571945
70.0224609
83.7210159
91.8772736
71.9590378
40.1678276
28.2359791
24.3398151
17.8431683
17.0361671
17.1780281
11.6745300
3.6023412
0.9420375
1.5711302
10.3881311
47.3269386
108.6430817
138.9514923
101.0589523
53.4770012
35.9335747
43.5438461
59.3732986
69.7539368
62.4944954
46.1882706
43.4294777
37.8744698
24.2318993
37.7363510
65.2146530
62.3758087
29.0543747
14.8029404
15.8189602
43.9734764
89.2019958
116.8389130
117.5045700
91.6134109
53.8732414
23.2397594
12.2130098
5.6196461
1.5700622
3.7497263
6.4908576
6.2352910
4.3103700
3.4541342
3.1097407
2.4528112
2.0617964
1.9491708
1.6563252
1.3365519
1.4630029
1.1433223
0.9763991
0.9159824
0.6957556
0.5151712
0.3423049
0.0733046
0.0126324
0.0002168
0.0000000
0.0000000
0.0000000
0.0000000
0.0000000
0.0000000
0.0000000
0.0000000
0.0000000
0.0000000
0.0000000
0.0000000
0.0000000
0.0000000
0.0000000
0.0000000
0.0000000
0.0000000
0.0000000
0.0000000
0.0000000
0.0000000
0.0000000
0.0000000
0.0000000
0.0000000
0.0000000
0.0000000
0.0000000
0.0000000
0.0000000
0.0000000
0.0000000
0.0000000
0.0000000
0.0000000
0.0000000
0.0000000
0.0000000
0.0000000
0.0000000
0.0000000
0.0000000
0.0000000
0.0000000
0.0000000
0.0000000
0.0000000
0.0000000
0.0000000
0.0000000
0.0000000
0.0000000
0.0000000
0.0000000
0.0000000
0.0000000
0.0000000
0.0000000
0.0000000
0.0000000
0.0000000
0.0000000
0.0000000
0.0000000
0.0000000
0.0000000
0.0000000
0.0000000
0.0000000
0.0000000
0.0000000
0.0000000
0.0000000
0.0000000
0.0000000
0.0000000
0.0000000
0.0000000
0.0000000
0.0000000
0.0000000
0.0000000
0.0000000
0.0000000
0.0000000
0.0000000
0.0000000
0.0000000
0.0000000
0.0000000
0.0000000
0.0000000
0.0000000
0.0000000
0.0000000
0.0000000
0.0000000
0.0000000
0.0000000
0.0000000
0.0000000
0.0000000
0.0000000
0.0000000
0.0000000
0.0000000
0.0000000
0.0000000
0.0000000
0.0000000
0.0000000
0.0000000
0.0000000
0.0000000
0.0000000
0.0000000
0.0000000
0.0000000
0.0000000
0.0000000
0.0000000
0.0000000
0.0000000
0.0000000
0.0000000
0.0000000
0.0000000
0.0000000
0.0000000
0.0000000
0.0000000
0.0000000
0.0000000
0.0000000
0.0000000
0.0000000
0.0000000
0.0000000
0.0000000
0.0000000
0.0000000
0.0000000
0.0000000
0.0000000
0.0000000
0.0000000
0.1286982
0.8011158
1.8392380
2.5111458
2.6635125
2.5774918
2.4655285
2.3987908
2.6428449
2.6346254
2.6718509
2.8379953
2.3789058
2.0442312
1.7665586
1.4875128
1.2034863
1.1659943
1.1498984
1.2205976
1.2688371
1.3091749
1.0554266
0.5917535
0.4453402
0.5793602
1.5481360
9.3844395
35.1917114
83.6648941
142.8530426
204.8942413
268.4015808
288.8712769
238.1213837
174.5405426
112.2939453
47.4626389
35.3559647
24.3150215
11.4880695
41.0884628
134.7351685
195.7204285
153.2189331
95.8348083
69.1605072
83.8126221
234.2537842
349.7865601
363.5492249
349.5308838
359.6430054
416.2571716
253.9413147
76.0228271
37.8150177
30.7965851
22.0966816
8.7805700
25.5419350
128.6295624
208.3427124
186.8195496
140.7576447
89.2868118
60.5906448
36.1204262
55.2981186
115.1686935
162.9533997
136.0052795
90.5272217
68.5095673
57.1185837
41.0869789
24.7927170
21.9562664
74.7707443
107.6693954
106.0472336
87.7030258
78.5985870
56.5376091
28.7996922
15.0558901
6.4934082
15.6481848
40.8166656
52.1796494
39.9113083
32.0954590
27.7194004
16.9848194
12.1730404
19.8316097
35.3913994
34.5628738
14.5903397
9.5703030
7.2716084
6.0346923
12.3604822
23.0200748
24.0540771
21.1661339
16.7009048
12.3013935
8.3299208
15.1538277
41.2864799
67.1233215
74.7392731
75.5225906
64.6944809
59.7537689
36.4502144
11.8006706
3.7206428
10.1452808
22.3222675
57.9072266
81.6533890
72.6418457
52.8859749
49.9487648
70.7365799
112.3043137
126.7391739
96.7370758
58.4513397
50.7399178
61.5360451
67.6546249
60.4429016
52.9321861
62.8899384
73.6931458
46.6409950
17.3592987
6.3862724
4.1627169
2.7464578
0.7256675
3.0478063
9.9607058
14.0016594
13.3669491
10.9125328
8.2940311
6.3435106
5.0680494
4.3901672
5.3012805
6.4213099
6.5203090
6.0820298
6.0758758
5.7105517
5.9184866
5.9076586
4.8388805
3.9675338
3.0739465
1.9358625
1.3569286
2.1671710
11.2849064
34.7048454
71.0649567
121.3757782
178.8672943
221.9566345
229.3187103
213.0621185
224.5342255
232.5588074
251.1773834
236.5216522
247.3884430
259.6543579
248.9764709
217.2091217
185.2490692
158.9056549
139.8726807
124.3962479
110.0441513
109.1881790
117.5962830
117.5355072
102.5638657
87.3658066
98.3788757
113.8273621
110.5175781
93.5400543
81.2760239
72.3886414
60.3275032
50.9818497
42.5068512
19.3362045
6.9162164
8.0176430
10.3210583
12.1194658
14.5371208
17.3848324
19.9944782
21.6800041
20.5403290
16.4213905
12.9938965
13.2906189
14.7643919
12.5588379
10.8027344
10.3813744
10.3039923
10.6916924
10.0881491
8.4354115
7.3000126
7.1924925
6.4222975
6.3247843
6.4300737
6.5516553
5.7489605
4.5107112
3.2489479
3.0008917
3.2519648
3.3368719
3.4385214
3.0859284
3.2886901
3.3357263
3.0442178
2.5875995
2.1979754
2.0734367
2.4883289
2.3574805
1.9512479
1.8530421
2.1971803
2.4270992
2.5677788
2.3792539
1.6619692
0.5887974
0.2426489
0.5734942
3.1200898
7.1468973
7.6582332
6.0359006
4.7038045
3.3945718
1.7286431
0.5122678
1.1245332
3.9553611
7.6498137
6.8794355
4.8257637
3.4763932
1.7730272
0.6217489
1.6213416
9.9706440
18.8351898
14.3512192
7.4685793
5.8698654
7.0708666
8.7193270
9.1105003
7.3532739
5.2448587
4.6074915
4.4734750
4.5998359
4.7115040
5.8240814
6.2248068
5.4800439
4.1035595
2.8550141
2.7510717
2.9309227
2.1830816
1.5662744
1.4542439
1.6592017
2.4446437
3.2578273
3.3901014
3.0594637
2.1320958
1.4782776
1.4867222
1.4525188
1.0807825
0.6237476
0.7125244
1.6224077
3.1823373
4.6009402
5.0478940
4.7352509
4.2731628
3.9747875
3.4265137
3.5764635
5.0916877
7.0328979
8.1330357
7.6452551
6.2901387
5.2405806
4.7456083
4.2481613
3.6957402
2.7353282
2.7732139
3.9067698
4.2070904
3.8774562
3.9196146
4.0005651
4.6812954
4.6584191
4.2694316
3.7811656
3.7065585
3.8562727
3.7432702
3.4164534
2.8887448
2.8839695
2.8460824
2.6096525
2.3335955
2.1821430
2.0697348
1.7324411
1.5244179
1.4802456
1.8267673
2.4535184
2.8177352
2.3445272
1.4111892
0.8785322
0.6080652
0.3387282
0.5905836
4.3409481
14.9694262
27.9438953
39.6043282
45.6777763
47.2033272
54.3367882
57.0290871
54.3980484
43.5301857
32.6484528
32.1707535
30.0694427
32.7773361
38.5771675
52.7635345
68.4405899
75.1297989
75.5418396
75.6425629
70.2213669
50.9118156
25.1200676
11.2924414
22.3886414
107.2450562
227.1303406
260.8646545
222.7204437
176.4360199
191.0823059
184.4469452
151.7451324
96.8849564
53.4327621
58.7952499
60.3003006
49.5972710
30.1994629
34.1698837
110.4259109
254.3028412
375.8834229
358.1636353
261.4857483
192.6038361
155.0745239
137.8796844
131.3341217
85.1834412
23.0108414
13.9362583
70.4797287
221.1602173
240.2998657
141.5199280
78.2727280
73.6457520
198.2878571
286.0119324
290.2310791
217.1871643
155.4370575
43.4905472
33.7507820
22.1178970
18.1959972
60.4307098
138.6999054
135.9999542
76.9499664
29.1184673
33.9532394
87.3099976
151.2528381
148.0411987
129.5794067
105.9545212
66.4746170
43.9345398
37.7502480
78.0601044
78.6264572
48.1439056
47.1486969
29.2218132
11.2596045
13.5642176
27.9688568
39.8116913
59.4164085
54.5045929
36.9539032
24.7003784
26.3020763
24.1321945
25.2190914
33.3788757
29.5333786
16.6891422
11.1113377
16.0778790
25.3565807
45.2064018
64.4233017
48.1877480
17.2433395
12.3948097
7.4785004
9.8404713
20.3477192
65.2125702
79.3649292
85.2655258
78.0493927
60.2367897
54.4979935
86.4206848
113.3417511
98.1872864
64.5793610
33.4458427
40.8234100
55.3639717
37.2754745
27.0013561
24.8718491
33.5091896
46.0699654
37.0125084
22.6570454
16.9006538
11.3558178
7.6715369
34.4706497
93.0922165
148.7933197
182.9981842
186.2869110
158.2961273
116.1484680
83.7132950
58.8714485
71.1390915
70.1145477
46.3281059
15.8880825
4.1043377
1.3328112
9.4800138
32.9330482
44.2276764
35.4378738
35.8947334
42.0718002
57.2293777
91.4171600
117.8053741
109.3557739
81.4962463
66.9502869
60.8341064
56.2163506
45.8828659
31.7054863
19.1248894
24.7003994
58.0304070
82.7636642
80.2349625
65.8144073
62.1222839
61.7524109
57.0205116
52.2989464
42.5750313
33.1412277
54.1669235
79.7793350
96.6587448
102.9582748
115.4834518
118.1610107
95.7888489
67.7695236
70.3157654
84.2531967
94.8789139
80.1597748
70.4757462
72.1974335
73.8578491
66.7793121
72.8562164
90.5367508
114.0142441
113.7026062
96.5799789
54.9299164
17.7500839
2.8286343
0.1473927
1.6429429
20.2408485
56.2560844
62.4212189
55.4428062
30.6524868
6.5869584
7.5867863
20.2371979
48.5713425
61.1288452
62.2804031
56.4223595
47.4642029
30.9633121
19.5068035
27.5203133
76.5227509
141.2006989
161.9142761
156.2619629
143.3419037
92.5452957
42.5234642
24.7591686
11.8591852
3.2325153
14.6552525
33.8586273
42.5686531
39.6792679
42.2643929
74.1474152
98.4573822
78.7497177
33.3975220
10.8937473
21.4149303
46.8819313
78.3605194
58.8706131
30.7855949
28.5517788
23.2399101
8.8646622
2.0220482
0.3819011
0.9965765
2.5478089
9.8589449
32.0530968
74.4702454
140.8024597
218.0418396
265.5187073
222.7681732
112.6055450
30.9806080
5.0997996
0.9170346
0.1290484
0.0622915
0.2176638
0.9976532
2.3085852
2.2334461
1.8939021
1.9590249
1.5151328
0.3613529
0.1377612
0.2147723
0.4449970
0.5943419
0.4676239
0.3747063
0.3853036
0.3307975
0.2715785
0.2563373
0.4525990
0.3775115
0.3636864
0.4423450
0.5839622
0.5929886
0.4942876
0.3318950
0.4353988
0.8205856
0.9663624
0.4935813
0.5378577
0.7154444
4.5412006
15.5389576
30.0841293
50.6436768
92.9514542
152.5759277
169.7411652
134.4419250
69.2400665
23.7714634
4.1128225
2.2786627
10.1201992
21.2029724
8.3552980
1.9021618
10.2618160
41.2185822
73.8307724
81.7371368
66.9056396
22.9374275
4.6490097
2.8088036
13.5886574
57.9872322
63.8685036
37.0723724
24.6488800
19.9743996
20.1948185
34.6254120
61.4772987
73.5880203
52.9858437
29.5379276
11.5108004
6.4013906
4.0963173
4.7653589
10.2760048
14.4161787
15.4672384
25.3138123
30.5339413
19.8067131
15.7885914
26.8797226
37.7293396
30.6181927
21.3261604
13.5791216
4.9026012
0.6609436
0.3493239
0.0553682
0.0894342
0.1179937
0.0810143
0.0262574
0.0008716
0.0000030
0.0000000
0.0000000
0.0000000
0.0000000
0.0000000
0.0000000
0.0000000
0.0000000
0.0000000
0.0000000
0.0000000
0.0000000
0.0000000
0.0000000
0.0000000
0.0000000
0.0000000
0.0000000
0.0000000
0.0000000
0.0000000
0.0000000
0.0000000
0.0000000
0.0000000
0.0000000
0.0000000
0.0000000
0.0000000
0.0000000
0.0000000
0.0000000
0.0000000
0.0000000
0.0000000
0.0000000
0.0000000
0.0000000
0.0000000
0.0000000
0.0000000
0.0000000
0.0000000
0.0000000
0.0000000
0.0000000
0.0000000
0.0000000
0.0000000
0.0000000
0.0000000
0.0000000
0.0000000
0.0000000
0.0000000
0.0000000
0.0000000
0.0000000
0.0000000
0.0000000
0.0000000
0.0000000
0.0000000
0.0000000
0.0000000
0.0000000
0.0000000
0.0000000
0.0000000
0.0000000
0.0000000
0.0000000
0.0000000
0.0000000
0.0000000
0.0000000
0.0000000
0.0000000
0.0000000
0.0000000
0.0000000
0.0000000
0.0000000
0.0000000
0.0000000
0.0000000
0.0000000
0.0000000
0.0000000
0.0000000
0.0000000
0.0000000
0.0000000
0.0000000
0.0000000
0.0000000
0.0000000
0.0000000
0.0000000
0.0000000
0.0000000
0.0000000
0.0000000
0.0000000
0.0000000
0.0000000
0.0000000
0.0000000
0.0000000
0.0000000
0.0000000
0.0000000
0.0000000
0.0000000
0.0000000
0.0000000
0.0000000
0.0000000
0.0000000
0.0000000
0.0000000
0.0000000
0.0000000
0.0000000
0.0000000
0.0000000
0.0000000
0.0000000
0.0000000
0.0000000
0.0000000
0.0000000
0.0000000
0.0000000
0.0000000
0.0000000
0.0000000
0.0000000
0.0000000
0.0000000
0.0000000
0.0000000
0.0000000
0.0000000
0.0000000
0.0000000
0.0000000
0.0000000
0.0000000
0.0000000
0.0000000
0.0000000
0.0000000
0.0000000
0.0000000
0.0000000
0.0000000
0.0000000
0.0000000
0.0000000
0.0000000
0.0000000
0.0000000
0.0000000
0.0000000
0.0000000
0.0000000
0.0000000
0.0000000
0.0000000
0.0000000
0.0000000
0.0000000
0.0000000
0.0000000
0.0000000
0.0000000
0.0000000
0.0000000
0.0000000
0.0000000
0.0000000
0.0000000
0.0000000
0.0000000
0.0000000
0.0000000
0.0000000
0.0000000
0.0000000
0.0000000
0.0000000
0.0000000
0.0000000
0.0000000
0.0000000
0.0000000
0.0000000
0.0000000
0.0000000
0.0000000
0.0000000
0.0000000
0.0000000
0.0000000
0.0000000
0.0000000
0.0000000
0.0000000
0.0000000
0.0000000
0.0000000
0.0000000
0.0000000
0.0000000
0.0000000
0.0000000
0.0000000
0.0000000
0.0000000
0.0000000
0.0000000
0.0000000
0.0000000
0.0000000
0.0000000
0.0000000
0.0000000
0.0000000
0.0000000
0.0000000
0.0000000
0.0000000
0.0000000
0.0000000
0.0000000
0.0000000
0.0000000
0.0000000
0.0000000
0.0000000
0.0000000
0.0000000
0.0000000
0.0000000
0.0000000
0.0000000
0.0000000
0.0000000
0.0000000
0.0000000
0.0000000
0.0000000
0.0000000
0.0000000
0.0000000
0.0000000
0.0000000
0.0000000
0.0000000
0.0000000
0.0000000
0.0000000
0.0000000
0.0000000
0.0000000
0.0000000
0.0000000
0.0000000
0.0000000
0.0000000
0.0000000
0.0000000
0.0000000
0.0000000
0.0000000
0.0000000
0.0000000
0.0000000
0.0000000
0.0000000
0.0000000
0.0000000
0.0000000
0.0000000
0.0000000
0.0000000
0.0000000
0.0000000
0.0000000
0.0000000
0.0000000
0.0000000
0.0000000
0.0000000
0.0000000
0.0000000
0.0000000
0.0000000
0.0000000
0.0000000
0.0000000
0.0000000
0.0000000
0.0000000
0.0000000
0.0000000
0.0000000
0.0000000
0.0000000
0.0000000
0.0000000
0.0000000
0.0000000
0.0000000
0.0000000
0.0000000
0.0000000
0.0000000
0.0000000
0.0000000
0.0000000
0.0000000
0.0000000
0.0000000
0.0000000
0.0000000
0.0000000
0.0000000
0.0000000
0.0000000
0.0000000
0.0000000
0.0000000
0.0029826
0.1178607
0.4034384
0.6628188
0.7690034
0.7156518
0.5526834
0.6505535
4.0236392
21.0144730
71.5657272
155.3329468
222.0687714
206.5146484
139.2204742
76.7192230
88.0926743
106.7768555
45.3748550
12.5418396
2.3395224
0.3090432
0.1848556
0.0616538
0.2501590
0.4317401
0.5363516
0.5078917
0.6981286
10.1410894
51.1618042
122.9779129
190.5724792
193.3282166
122.3018265
73.6647797
59.2189407
87.7457123
101.3973389
93.4553604
79.3971939
63.2383614
60.1882248
69.5578461
86.1787186
90.8701096
83.1590042
67.8333588
53.8569145
48.0014534
49.9047241
50.9792557
47.2091904
38.6272049
27.1668606
16.6923752
13.9138899
23.2841377
27.2095528
21.4188671
20.6236572
33.3951797
36.9949379
27.2131386
14.8671560
4.5858154
5.1798992
8.7716351
7.2185307
5.6749053
4.7858458
6.2331152
13.2681065
15.2740726
15.3455257
14.6849070
12.4873867
18.5580750
35.8455009
41.2858505
37.0639267
35.5779419
34.2412643
29.9899254
22.6802731
15.4804487
9.5305147
5.8500195
2.5940495
13.4318895
18.0976601
17.9507771
17.2820015
16.1296597
14.1687145
11.1935158
7.7740068
6.1994066
6.3867745
7.0310779
7.0329208
7.3880548
5.1360135
3.3289077
2.2873735
8.7359161
46.5319939
89.8430710
97.1955795
72.5255585
41.8119392
33.9268303
27.5948906
22.2933388
27.9881973
45.4780502
53.2790871
38.0792389
14.8142328
12.7172947
42.8688812
76.8519363
108.4810486
166.3830872
235.8720703
264.1671753
225.6661835
204.5847168
164.2995758
125.6635666
94.3953171
66.3531570
36.5572510
12.2404642
11.7686501
54.0119896
149.0611877
211.1293793
233.0709534
201.9929962
156.6911469
100.0330963
53.6169090
21.9434566
5.6949997
1.0323354
0.9038606
14.4670963
51.6963463
76.6617279
70.1597290
49.5447845
38.5340424
34.7224617
39.2349625
38.2150040
19.1882782
2.3235238
0.6408496
2.6519370
32.5062256
104.0473175
150.4933014
173.0980225
171.3604126
151.6312714
121.0633698
100.7151489
102.3549042
127.5503922
148.5322113
140.5939636
117.4343033
100.9127884
100.0982056
109.0047455
113.9656677
101.6760330
86.0441589
74.9466095
65.3271561
54.1778831
52.4252396
43.1121941
23.8707066
27.5438995
50.3048935
92.6528778
149.8106995
208.6220551
274.4391174
276.2628174
176.5541687
77.7548981
39.3273659
16.0415268
5.2065568
1.1040365
0.0090986
0.0876976
0.2749161
0.4571815
0.4806154
2.9243484
8.7808752
10.9352531
6.3071933
1.2776961
0.4830099
0.3888754
0.4667115
0.2598248
0.0252514
0.0023158
0.0000000
0.0000000
0.0000000
0.0000000
0.0000000
0.0000000
0.0000000
0.0000000
0.0000000
0.0000000
0.0000000
0.0000000
0.0000000
0.0000000
0.0000000
0.0000000
0.0000000
0.0000000
0.0000000
0.0000000
0.0000000
0.0000000
0.0000000
0.0000000
0.0000000
0.0000000
0.0000000
0.0000000
0.0000000
0.0000000
0.0000000
0.0000000
0.0000000
0.0000000
0.0000000
0.0000000
0.0000000
0.0000000
0.0000000
0.0000000
0.0000000
0.0000000
0.0000000
0.0000000
0.0000000
0.0000000
0.0000000
0.0000000
0.0000000
0.0000000
0.0000000
0.0000000
0.0000000
0.0000000
0.0000000
0.0000000
0.0000000
0.0000000
0.0000000
0.0000000
0.0000000
0.0000000
0.0000000
0.0000000
0.0000000
0.0000000
0.0000000
0.0000000
0.0000000
0.0000000
0.0000000
0.0000000
0.0000000
0.0000000
0.0000000
0.0000000
0.0000000
0.0000000
0.0000000
0.0000000
0.0000000
0.0000000
0.0000000
0.0000000
0.0000000
0.0000000
0.0000000
0.0000000
0.0000000
0.0000000
0.0112088
0.2121489
0.6878827
1.1271162
1.1579632
9.8646345
42.2548141
79.7702637
98.9620438
106.4698944
102.9264526
80.9846268
52.0713577
31.4205742
23.1316643
15.9431505
10.1285677
6.4664555
5.3420138
4.1805191
3.1921782
2.6616237
2.3721275
2.9572134
3.2734652
3.2568626
3.1891546
2.8208220
2.1877532
1.6820927
1.3027716
1.2813151
1.3763620
1.1178359
0.5641840
0.3091935
0.2654653
0.2541546
0.2903141
0.8565556
1.7269788
2.7821774
4.1955214
5.2593026
5.6069717
5.1163192
4.5744104
5.0207291
4.6234293
4.3073001
3.9841485
2.7804685
1.2557907
1.2922029
4.8957520
14.0338125
44.5676651
122.8685913
239.9406738
326.1492004
316.3135376
220.4762726
129.1763000
102.5315933
105.1627502
120.4715118
100.7090454
79.4106903
91.4781265
118.1208496
95.4355698
51.4075775
47.5204048
54.6324234
34.9493980
21.6389008
19.8149796
33.9740448
33.2344971
33.9039268
71.1267776
91.8369141
81.5495682
54.9250755
23.7791939
38.7935638
64.9936066
72.7038116
122.5059433
224.8501587
252.5113525
194.1269379
119.5492096
75.8539658
42.3551483
52.6784515
85.0518875
142.7513275
167.2716370
96.2196426
32.3736687
13.1378832
9.5309668
12.6234684
47.4579926
108.3211670
128.6166382
93.0328751
47.2672615
14.4742031
23.5187817
84.5835114
166.9708862
226.6842957
213.7042236
156.5581970
110.6857452
54.9463425
43.7739525
38.9025192
32.1761093
63.8018875
136.1581879
167.6313782
131.1142273
84.6343842
54.7656097
73.1855392
111.6013031
102.3671112
56.7259903
17.2510166
21.8256226
23.6758957
26.0317268
26.3235550
25.6725883
21.9364719
18.7107735
26.3676739
37.0690117
54.7160530
100.7769547
161.4123993
199.4360199
191.3754883
167.4633484
139.7267914
115.7166367
92.0611572
86.5489349
89.5364380
93.2069550
89.9846497
86.5617447
86.8811722
75.6160126
49.6303101
32.9205170
42.8470802
71.1761398
99.4751205
105.3872681
81.1586838
47.7218170
22.7335014
27.0539207
60.4044113
53.9501801
17.4214687
2.2018261
0.2411598
0.2241711
0.4638798
11.1799459
28.4950027
23.1846943
10.1328726
2.5237811
1.8623009
0.9293575
1.5039506
2.4380879
3.3981516
11.9691067
24.1163120
29.2592316
25.2471581
15.0822983
9.0355091
6.2588978
3.4278531
2.4923503
1.7823845
0.3930045
0.6409754
5.5328770
16.7649212
24.4514236
28.5677643
33.2718658
44.9760132
62.7520332
82.7526398
98.8279419
106.5702438
100.5189896
93.1328201
84.5372696
78.6810150
71.7287827
34.7016754
21.8554440
23.7075443
23.7946186
4.8687491
0.1995712
0.0359227
0.0709108
0.1696478
0.4705831
0.4021908
0.3263101
0.8952554
2.2435033
4.4461298
9.3251038
21.9295273
43.5426140
69.1300659
88.2884293
85.9373016
62.3369217
36.9209023
30.4715309
61.8639679
102.7595291
100.1142120
67.5036850
35.7354965
12.5429020
3.7759945
0.7688667
0.6212219
0.1097983
0.2063169
0.2805409
0.2807185
0.1052369
0.0112730
0.0016890
0.0000036
0.0000000
0.0000000
0.0000000
0.0000000
0.0000000
0.0000000
0.0000000
0.0000000
0.0000000
0.0000000
0.0000000
0.0000000
0.0000000
0.0000000
0.0000000
0.0000000
0.0000000
0.0000000
0.0000000
0.0000000
0.0000000
0.0000000
0.0000000
0.0000000
0.0000000
0.0000000
0.0000000
0.0000000
0.0000000
0.0000000
0.0000000
0.0000000
0.0000000
0.0000000
0.0000000
0.0000000
0.0000000
0.0000000
0.0000000
0.0000000
0.0000000
0.0000000
0.0000000
0.0000000
0.0000000
0.0000000
0.0000000
0.0000000
0.0000000
0.0000000
0.0000000
0.0000000
0.0000000
0.0000000
0.0000000
0.0000000
0.0000000
0.0000000
0.0000000
0.0000000
0.0000000
0.0000000
0.0000000
0.0000000
0.0000000
0.0000000
0.0000000
0.0000000
0.0000000
0.0000000
0.0000000
0.0000000
0.0000000
0.0000000
0.0000000
0.0000000
0.0000000
0.0000000
0.0000000
0.0000000
0.0000000
0.0000000
0.0000000
0.0000000
0.0000000
0.0000000
0.0000000
0.0000000
0.0000000
0.0000000
0.0000000
0.0000000
0.0000000
0.0000000
0.0000000
0.0000000
0.0000000
0.0000000
0.0097520
0.1728060
0.5493921
0.8646917
0.9107761
0.7595549
0.9715345
6.6827879
21.9664993
53.2373390
108.3308640
171.4506531
229.6940460
287.3562317
326.5193787
271.7808533
140.5297241
26.3798218
2.3180633
5.2623267
23.2995529
98.6569977
165.9677277
180.5194092
151.0314789
119.6117477
111.5722809
103.9803162
87.3475342
75.5623398
97.6903687
122.0121231
86.4008026
25.8142300
14.5636053
70.8617935
209.8072662
258.7978821
176.6386108
56.2968826
41.6832733
38.7954636
53.7776260
84.5775223
98.6318054
79.5100861
50.3220215
17.6090965
14.8284359
20.6757221
47.9212112
105.6230240
112.7776794
77.5448303
45.1516266
25.5796623
12.5899649
17.0337105
39.3049240
69.6161652
63.9747925
24.7066879
23.6524334
81.0496521
203.1563873
277.0202026
248.8500519
215.2422791
144.7869568
77.1189270
64.2903290
69.0089722
77.7047272
81.8406982
74.5144882
59.8301353
40.0115509
27.2460575
20.2396889
15.5578842
43.9538574
91.6660919
116.9480515
125.0235367
97.1786652
77.9191589
115.7643585
169.1061554
141.1522217
75.4114914
24.0299454
6.7662168
21.4748192
69.0615311
112.8520508
127.0567474
107.2241898
73.9718094
53.8755188
37.4076347
19.0952568
4.0186663
1.5400273
27.0941753
111.7298355
179.5410614
190.1270752
179.5067444
146.4980469
120.3070984
99.4831848
86.2684479
80.4381714
75.3313904
64.4207230
59.2122726
57.4307022
49.4391098
40.5627289
51.1527481
42.0569534
46.0507355
53.4440804
35.5826263
13.7760944
11.9808502
14.8580656
30.6370182
77.0549622
127.0776520
145.1536713
138.0084381
103.1502533
74.2639694
70.0733337
95.9454575
104.7710342
80.3325348
59.5087814
50.6700974
45.1856880
35.5452042
26.7708511
9.7832565
10.3949213
17.6100731
22.6621208
25.5015373
25.5684395
23.0350971
19.5686722
15.6285992
34.9788742
90.3727112
156.5833282
187.5617981
166.6553040
128.6006775
94.0944901
51.5819550
23.9602909
32.1725159
19.2050076
11.5420780
9.1752348
31.3971767
36.6907082
30.5271034
24.9266052
50.6070900
38.5418892
32.9095230
39.4674835
23.1287460
22.2205181
49.7961693
78.1535110
75.9964828
52.9775085
39.9841118
34.7756577
42.4305267
44.0082626
36.1713371
24.5424271
26.5707283
27.7555103
23.1258430
23.8871174
17.1959286
19.0346756
25.5699806
26.0884209
15.6464329
10.9796228
18.5985031
28.7487659
33.4021339
25.6129322
21.0190105
25.6378155
19.0347137
5.6470399
0.5485361
2.8797617
17.8227844
38.7230911
50.4745026
48.8484459
47.5540962
48.0441780
67.6278992
87.4513092
69.3991165
30.6509037
9.0876541
14.9288731
26.1124840
30.5795231
23.2545242
12.5973186
7.5770555
5.6871953
5.5993166
17.1025772
36.2286682
49.7016296
56.7488594
57.1649170
39.7668877
19.8510609
17.6664314
26.2069912
29.4068089
25.9420052
22.8210354
22.7870293
23.6675282
27.8372650
24.9878998
14.0468168
6.6296177
6.2044635
4.8037834
2.9944975
1.9597881
1.6895986
1.4602586
0.8571882
0.5933417
0.5764844
0.5955358
0.4506812
0.2010155
0.0356336
0.0025868
0.0000035
0.0000000
0.0000000
0.0000000
0.0000000
0.0000000
0.0000000
0.0000000
0.0000000
0.0000000
0.0000000
0.0000000
0.0000000
0.0000000
0.0000000
0.0000000
0.0000000
0.0000000
0.0000000
0.0000000
0.0000000
0.0000000
0.0000000
0.0000000
0.0000000
0.0000000
0.0000000
0.0000000
0.0000000
0.0000000
0.0000000
0.0000000
0.0000000
0.0000000
0.0000000
0.0000000
0.0000000
0.0000000
0.0000000
0.0000000
0.0000000
0.0000000
0.0000000
0.0000000
0.0000000
0.0000000
0.0000000
0.0000000
0.0000000
0.0000000
0.0000000
0.0000000
0.0000000
0.0000000
0.0000000
0.0000000
0.0000000
0.0000000
0.0000000
0.0000000
0.0000000
0.0000000
0.0000000
0.0000000
0.0000000
0.0000000
0.0000000
0.0000000
0.0000000
0.0000000
0.0000000
0.0000000
0.0000000
0.0000000
0.0000000
0.0000000
0.0000000
0.0000000
0.0000000
0.0000000
0.0000000
0.0000000
0.0000000
0.0000000
0.0000000
0.0000000
0.0000000
0.0000000
0.0000000
0.0000000
0.0000000
0.0000000
0.0000000
0.0000000
0.0000000
0.0000000
0.0000000
0.0000000
0.0000000
0.0000000
0.0000000
0.0000000
0.0000000
0.0000000
0.0000000
0.0000000
0.0000000
0.0000000
0.0000000
0.0000000
0.0000000
0.0000000
0.0000000
0.0000000
0.0000000
0.0000000
0.0000000
0.0000000
0.0000000
0.0000000
0.0000000
0.0000000
0.0000000
0.0000000
0.0000000
0.0000000
0.0000000
0.0000000
0.0000000
0.0000000
0.0000000
0.0000000
0.0000000
0.0000000
0.0000000
0.0000000
0.0000000
0.0000000
0.0000000
0.0000000
0.0000000
0.0000000
0.0000000
0.0000000
0.0000000
0.0000000
0.0000000
0.0000000
0.0000000
0.0000000
0.0000000
0.0000000
0.0000000
0.0000000
0.0000000
0.0000000
0.0000000
0.0000000
0.0000000
0.0000000
0.0000000
0.0000000
0.0000000
0.0000000
0.0000000
0.0000000
0.0000000
0.0000000
0.0000000
0.0000000
0.0000000
0.0000000
0.0000000
0.0000000
0.0000000
0.0000000
0.0000000
0.0000000
0.0000000
0.0000000
0.0000000
0.0000000
0.0000000
0.0000000
0.0000000
0.0000000
0.0000000
0.0000000
0.0000000
0.0000000
0.0000000
0.0000000
0.0000000
0.0000000
0.0000000
0.0000000
0.0000000
0.0000000
0.0000000
0.0000000
0.0000000
0.0000000
0.0000000
0.0000000
0.0000000
0.0000000
0.0000000
0.0000000
0.0000000
0.0000000
0.0000000
0.0000000
0.0000000
0.0000000
0.0000000
0.0000000
0.0000000
0.0000000
0.0000000
0.0000000
0.0000000
0.0000000
0.0000000
0.0000000
0.0000000
0.0000000
0.0000000
0.0000000
0.0000000
0.0000000
0.0000000
0.0000000
0.0000000
0.0000000
0.0000000
0.0000000
0.0000000
0.0000000
0.0000000
0.0000000
0.0000000
0.0000000
0.0000000
0.0000000
0.0000000
0.0000000
0.0000000
0.0000000
0.0000000
0.0000000
0.0000000
0.0000000
0.0000000
0.0000000
0.0000000
0.0000000
0.0000000
0.0000000
0.0000000
0.0000000
0.0000000
0.0000000
0.0000000
0.0000000
0.0000000
0.0000000
0.0000000
0.0000000
0.0000000
0.0000000
0.0000000
0.0000000
0.0000000
0.0000000
0.0000000
0.0000000
0.0000000
0.0000000
0.0000000
0.0000000
0.0000000
0.0000000
0.0000000
0.0000000
0.0000000
0.0000000
0.0000000
0.0000000
0.0000000
0.0000000
0.0000000
0.0000000
0.0000000
0.0000000
0.0000000
0.0000000
0.0000000
0.0000000
0.0000000
0.0000000
0.0000000
0.0000000
0.0000000
0.0000000
0.0000000
0.0000000
0.0000000
0.0000000
0.0000000
0.0000000
0.0000000
0.0000000
0.0000000
0.0000000
0.0000000
0.0000000
0.0000000
0.0000000
0.0000000
0.0000000
0.0000000
0.0000000
0.0000000
0.0000000
0.0000000
0.0000000
0.0000000
0.0000000
0.0000000
0.0000000
0.0000000
0.0000000
0.0000000
0.0000000
0.0000000
0.0000000
0.0000000
0.0000000
0.0000000
0.0000000
0.0000000
0.0000000
0.0000000
0.0000000
0.0000000
0.0000000
0.0000000
0.0000000
0.0000000
0.0000000
0.0000000
0.0000000
0.0000000
0.0000000
0.0000000
0.0000000
0.0000000
0.0000000
0.0000000
0.0000000
0.0000000
0.0000000
0.0000000
0.0000000
0.0000000
0.0000000
0.0000000
0.0000000
0.0000000
0.0000000
0.0000000
0.0000000
0.0000000
0.0000000
0.0000000
0.0000000
0.0000000
0.0000000
0.0000000
0.0000000
0.0000000
0.0000000
0.0000000
0.0000000
0.0000000
0.0000000
0.0000000
0.0000000
0.0000000
0.0000000
0.0000000
0.0000000
0.0000000
0.0000000
0.0000000
0.0000000
0.0000000
0.0000000
0.0000000
0.0000000
0.0000000
0.0000000
0.0000000
0.0018104
0.1404655
0.5750248
0.9998746
1.0323956
0.7415469
0.5335975
0.4937500
0.4567947
0.4807343
1.1836462
3.6587174
14.3202896
35.9322205
55.6648560
68.5532837
80.9708557
88.1583252
83.0801849
104.7591248
181.4127808
231.0108337
215.0112152
120.1204605
59.4233780
16.5053310
3.5783052
0.1851507
0.3436595
0.0778195
0.2591224
0.4944677
0.7120486
12.8205023
48.0989227
86.4233246
99.6425018
78.6450348
47.0480118
23.7599640
6.7864227
3.7976491
35.9540215
110.1822662
145.0244751
131.0373535
106.3790283
76.2456970
47.2478447
42.0591927
66.2996826
51.3895111
27.6459694
21.2175732
36.3503036
39.8489685
45.1106186
104.5310974
145.9203644
114.3411102
53.4982681
22.1026745
14.4831314
29.1825676
165.2209473
292.1034241
327.8559570
281.0892639
235.3989410
193.8588104
146.3438110
109.7897186
69.6631012
36.5909119
17.8617306
11.4535770
11.4427576
9.4171934
28.2841625
78.8757324
126.4086380
155.0880737
174.1675720
199.7612915
217.6749573
188.7080078
128.1399841
97.2465210
92.3069229
77.5776520
73.3842545
66.5365753
48.3225784
16.3877659
1.1827087
0.8197622
1.1741418
11.7184992
23.9324436
24.5043964
18.0062103
18.3930893
35.8829346
74.8262024
135.4655304
196.8873291
210.1125793
162.2324524
103.7504501
62.8318596
76.6415939
177.6563416
150.0411682
50.4945526
24.5096359
31.1617832
67.4525757
125.9744186
192.1065521
200.2093964
147.2045746
100.0491638
72.4799042
44.5457535
109.3455505
127.3364105
105.4884491
88.0339127
64.5074081
40.1484108
17.4705772
22.7665882
39.0121956
36.1821518
29.5717525
34.6324539
45.7542725
41.5291939
17.8712177
4.0309415
0.5312104
2.9610684
11.9626083
22.2763424
24.4968300
20.6669979
14.3323078
9.6302490
7.9094257
9.4724045
11.2271547
13.2344036
14.6974792
13.9617481
11.1257372
8.7521076
7.5466280
7.5632029
6.8570786
5.9357033
6.0319748
5.7520399
6.3846664
6.3514118
6.1298633
5.5946178
4.5618782
4.5816221
4.4794540
4.6812625
4.6607313
5.1871228
6.3880401
7.5199757
8.6594400
8.9499989
7.9159346
5.8446074
4.7287264
4.8057785
3.4710402
1.8600978
1.5994791
0.9313748
0.5786857
0.3688725
0.2772787
0.2764434
0.3505924
0.3979363
0.5638028
0.7177085
0.7428589
0.7361373
0.8236192
0.7835080
0.5850227
0.5537410
0.6775042
0.6737986
0.7457306
0.8384832
0.8584970
0.9465231
1.0986648
1.3477516
1.6067612
1.9754360
2.4345305
2.3108621
2.1846797
1.9892715
1.9688642
1.9443903
1.8392408
1.5859933
1.4566299
1.6045225
1.9771221
2.1809812
2.1219435
1.8052982
1.3073990
0.8053827
0.3815763
0.3257957
0.7003053
2.0899880
3.9949033
5.2225537
7.0420885
12.9294691
18.4243488
16.8761826
11.0985365
9.1235161
19.5108414
70.3390045
139.1591034
180.5598145
197.9761963
177.1013947
143.1048889
96.8778610
66.7476273
32.1145821
16.5373459
80.8703766
92.5744095
96.2700806
95.8374329
108.1223679
116.2324829
114.3679886
95.9476013
87.1755753
82.4704666
85.6228027
85.4940109
70.3916702
46.5922470
25.6764393
11.9965229
4.3890929
1.9231122
10.1331387
46.7129211
112.5783157
147.8236542
134.0422363
119.1524124
126.5806732
118.3667297
108.7135925
93.5592499
72.7765198
48.2082710
29.1695881
17.8790436
21.3746948
30.3814468
31.5193710
24.3131542
12.7030783
3.8382483
16.3466015
18.0174026
10.8062925
6.8988147
5.2903824
2.3743572
0.5798351
0.3181188
0.2738644
0.1716082
0.2419885
0.6640379
0.8465800
0.4225591
0.1839903
0.1470904
0.2409234
0.3895458
0.4653371
0.4655821
2.1471376
4.5383987
4.8433609
4.6704655
6.1939101
5.5542765
6.8909478
18.6740780
35.6091499
50.8475456
80.9385071
141.6842957
216.3617096
255.4328613
232.4351654
176.6116333
144.3131256
131.8887329
124.8873138
109.4813156
82.6799393
66.0977020
97.4116211
146.9637909
168.6197205
135.6170044
76.8950806
28.6528625
12.3157558
6.4086552
25.6264210
77.2220001
103.6418152
60.5079651
19.2206020
11.4322205
13.0069008
6.0675197
5.6511478
13.7750931
44.9318619
63.1864510
64.7424316
57.8290558
55.5343742
37.4740601
24.4861736
28.5757351
48.5185509
64.6464462
50.5945969
35.4016151
46.8771439
31.5242596
13.9375257
11.1367483
13.5522852
38.0571518
74.6406021
104.5912399
146.0848236
174.2371216
153.2330627
108.3655319
58.5541267
81.6704254
188.9038239
173.7271576
157.1905975
113.7981567
52.1559563
8.6787767
5.6076307
4.3078084
3.7506142
6.6696758
34.2263603
64.3019028
64.7258530
40.8055420
22.9543114
28.8954601
27.2093391
21.2495995
15.6374779
23.4085922
65.3399353
104.9331436
115.9203568
98.0336685
71.0294571
42.6611862
16.9783020
29.2455044
38.8561020
30.1484547
20.7555275
8.7933426
3.3864691
6.7076435
3.5970128
6.4986753
24.1131954
43.5490494
53.8148613
43.3672409
42.6875534
65.4946060
91.8419113
90.6378708
74.1811600
56.3966522
48.5557938
46.2552109
44.1109200
50.4338913
78.9161530
94.0052185
87.4833069
79.2205811
59.0500298
39.3753929
29.5702801
22.0781498
12.3416138
2.2666919
1.0719283
1.2972871
0.8630897
0.7420650
0.6058171
0.4139511
0.3684070
0.3630260
0.3123455
0.3082733
0.5001151
0.7356524
0.5903572
0.4082100
0.4579301
0.5352070
0.5381582
0.5025167
0.4374773
0.3963890
0.3107232
0.2733293
0.3013314
0.2607109
0.2446708
0.2388390
0.2513093
0.3438293
0.3963956
0.3601950
0.3577915
0.4850043
0.4939249
0.5268340
1.1563022
2.2627444
2.5547409
4.4739518
18.9058399
58.4225197
98.9731827
105.9599609
90.6079865
80.7434387
88.7419586
87.0315781
79.6116486
69.3181076
54.4819489
37.0094147
19.9366188
10.1893501
20.7929611
29.6055145
27.4147186
16.1618309
8.0693331
5.2215180
5.7711911
7.8337965
8.0404978
8.8223143
10.0764704
9.8106003
7.8997622
4.3360066
4.2055597
6.7602148
3.9021220
4.5794439
9.9880905
17.0025444
23.1287384
30.3056698
53.8769035
94.0522003
101.3035736
65.9030838
34.5616722
24.1271610
16.6913509
10.1579256
6.6947055
7.6919813
36.0914040
68.7729416
79.4504776
75.8434296
73.0206146
88.0983658
66.2101517
26.2377739
3.3408968
0.8824263
8.2452345
30.1492786
52.2786789
58.0024109
54.7630539
43.6690903
33.3648529
27.0784988
21.6601143
20.4924583
32.6711349
49.0817375
62.6858711
81.8234787
99.3634033
104.3008347
87.8713150
74.8037186
61.4997559
46.2362900
28.7867222
26.8569450
10.4353247
6.1671519
8.0112219
19.9938087
43.0257339
53.1238480
54.4997787
44.4032326
32.1771469
17.1225777
4.8118610
3.7387419
12.6295681
21.0944386
26.0183067
24.6981926
20.7697010
8.1890812
2.4448462
0.6642955
11.3615189
50.7446213
90.6320038
85.3754578
60.6035080
38.8422623
38.4443741
41.6974297
48.4667130
40.5717964
26.7025871
15.0669947
11.3873215
14.8227463
19.7230778
18.3838234
9.0997553
12.2477341
46.9590416
104.0572891
140.4920654
134.8770752
97.3831482
61.7393646
34.1742706
23.8920422
18.3267479
10.8975210
6.1706085
3.8876920
11.8766651
36.8166962
59.5600777
70.2523575
70.6628952
61.7744331
40.9016418
22.8678322
7.7274861
6.3705597
42.3476906
115.4251251
137.7860413
131.5274200
124.2307281
119.4575729
95.1880264
71.4540176
52.4520149
28.9713993
12.5980968
10.8864679
15.3133163
17.0307655
17.0980530
15.9942846
12.9088173
11.8968678
11.5962982
9.1627569
8.9160776
8.4757032
8.1334028
9.9212742
13.6041002
17.3671169
16.7382088
13.2211561
9.0089588
5.8795452
2.7030797
1.0548333
0.7493848
4.6119580
12.5097122
16.4371433
13.9603844
5.6128335
3.6604469
10.5114479
27.5270157
47.5923119
75.5758057
111.5590057
139.7433319
155.2640381
164.5290680
180.7640991
187.2370911
151.5995331
121.4217377
89.7807388
65.5846634
41.7303658
20.0065308
44.8460312
44.3163795
18.0819149
8.7290869
8.8957253
9.3810091
5.9265223
1.8789308
10.2108030
42.3222122
84.2275238
101.9729462
91.0003891
79.5444717
65.1963806
46.4746323
34.9962807
28.6220818
20.1167908
13.5135889
25.2706814
23.6664314
17.6380577
12.8593616
11.5544395
12.5261087
5.9229350
2.4744716
1.1283700
0.7316871
0.5853245
0.3737199
0.4022162
0.5992744
0.5320344
0.2287476
0.1319895
0.1596823
0.3000017
0.4051127
0.4682154
0.4355055
0.3613604
0.2807141
0.3027503
0.3602026
0.5010658
0.5615827
0.6728173
0.8237113
0.8788663
0.9319366
0.9706997
0.9202675
0.7045668
0.5762789
0.5976951
0.6057717
0.6464156
0.6515073
0.6177129
0.5628736
0.5784478
0.5550106
0.4879541
0.4870427
0.4293647
0.4254195
0.5323529
0.6250850
0.5957018
0.4398048
0.3634048
0.3520608
0.5648050
0.5943989
0.5418817
0.4930114
0.3488299
0.2836416
0.4398140
0.7678128
0.8369806
0.6850097
0.6615110
0.7542086
0.8627505
0.7938628
0.9425197
0.9926262
0.7665778
0.4551666
0.3943570
0.3100953
0.4416654
1.0640867
2.7327828
3.3354702
3.3454511
14.3733063
49.2881622
113.0258865
174.7394104
199.0274353
175.9787445
128.5727692
66.6277008
23.4860535
7.2804618
1.2662139
0.8360721
1.0519958
0.8305040
0.6520016
0.8371445
0.3495618
0.2097249
0.2083008
0.2526951
0.2086471
0.0702938
0.0052135
0.0004480
0.0000000
0.0000000
0.0000000
0.0000000
0.0000000
0.0000000
0.0000000
0.0000000
0.0000000
0.0000000
0.0000000
0.0000000
0.0000000
0.0000000
0.0000000
0.0000000
0.0000000
0.0000000
0.0000000
0.0000000
0.0000000
0.0000000
0.0000000
0.0000000
0.0000000
0.0000000
0.0000000
0.0000000
0.0000000
0.0000000
0.0000000
0.0000000
0.0000000
0.0000000
0.0000000
0.0000000
0.0000000
0.0000000
0.0000000
0.0000000
0.0000000
0.0000000
0.0000000
0.0000000
0.0000000
0.0000000
0.0000000
0.0000000
0.0000000
0.0000000
0.0000000
0.0000000
0.0000000
0.0000000
0.0000000
0.0000000
0.0000000
0.0000000
0.0000000
0.0000000
0.0000000
0.0000000
0.0000000
0.0000000
0.0000000
0.0000000
0.0000000
0.0000000
0.0000000
0.0000000
0.0000000
0.0000000
0.0000000
0.0000000
0.0000000
0.0000000
0.0000000
0.0000000
0.0000000
0.0000000
0.0000000
0.0000000
0.0000000
0.0000000
0.0000000
0.0000000
0.0000000
0.0000000
0.0000000
0.0000000
0.0000000
0.0000000
0.0000000
0.0000000
0.0000000
0.0000000
0.0000000
0.0000000
0.0000000
0.0000000
0.0000000
0.0000000
0.0000000
0.0000000
0.0000000
0.0000000
0.0000000
0.0000000
0.0000000
0.0000000
0.0000000
0.0000000
0.0000000
0.0000000
0.0000000
0.0000000
0.0000000
0.0000000
0.0000000
0.0000000
0.0000000
0.0000000
0.0000000
0.0000000
0.0000000
0.0000000
0.0000000
0.0000000
0.0000000
0.0000000
0.0000000
0.0000000
0.0000000
0.0000000
0.0000000
0.0000000
0.0000000
0.0000000
0.0000000
0.0000000
0.0000000
0.0000000
0.0000000
0.0000000
0.0000000
0.0000000
0.0000000
0.0000000
0.0000000
0.0000000
0.0000000
0.0000000
0.0000000
0.0000000
0.0000000
0.0000000
0.0000000
0.0000000
0.0000000
0.0000000
0.0000000
0.0000000
0.0000000
0.0000000
0.0000000
0.0000000
0.0000000
0.0000000
0.0000000
0.0000000
0.0000000
0.0000000
0.0000000
0.0000000
0.0000000
0.0000000
0.0000000
0.0000000
0.0000000
0.0000000
0.0000000
0.0000000
0.0000000
0.0000000
0.0000000
0.0000000
0.0000000
0.0000000
0.0000000
0.0000000
0.0000000
0.0000000
0.0000000
0.0000000
0.0000000
0.0000000
0.0000000
0.0000000
0.0000000
0.0000000
0.0000000
0.0000000
0.0000000
0.0000000
0.0000000
0.0000000
0.0000000
0.0000000
0.0000000
0.0000000
0.0000000
0.0000000
0.0000000
0.0000000
0.0000000
0.0000000
0.0000000
0.0000000
0.0000000
0.0000000
0.0000000
0.0000000
0.0000000
0.0000000
0.0000000
0.0000000
0.0000000
0.0000000
0.0000000
0.0000000
0.0000000
0.0000000
0.0000000
0.0000000
0.0000000
0.0000000
0.0000000
0.0000000
0.0000000
0.0000000
0.0000000
0.0000000
0.0000000
0.0000000
0.0000000
0.0000000
0.0000000
0.0000000
0.0000000
0.0000000
0.0000000
0.0000000
0.0000000
0.0000000
0.0000000
0.0000000
0.0000000
0.0000000
0.0000000
0.0000000
0.0000000
0.0000000
0.0000000
0.0000000
0.0000000
0.0000000
0.0000000
0.0000000
0.0000000
0.0000000
0.0000000
0.0000000
0.0000000
0.0000000
0.0000000
0.0000000
0.0000000
0.0000000
0.0000000
0.0000000
0.0000000
0.0000000
0.0000000
0.0000000
0.0000000
0.0000000
0.0000000
0.0000000
0.0000000
0.0000000
0.0000000
0.0000000
0.0000000
0.0000000
0.0000000
0.0000000
0.0000000
0.0000000
0.0000000
0.0000000
0.0000000
0.0000000
0.0000000
0.0000000
0.0000000
0.0000000
0.0000000
0.0000000
0.0000000
0.0000000
0.0000000
0.0000000
0.0000000
0.0000000
0.0000000
0.0000000
0.0000000
0.0000000
0.0000000
0.0000000
0.0000000
0.0000000
0.0000000
0.0000000
0.0258261
0.2608569
0.7997657
1.2939732
1.2786510
0.8281804
0.5986040
0.6919603
0.9078420
1.1333894
1.3933350
1.6981626
1.9590940
1.7239232
2.6732199
8.4484806
29.2580566
85.2254181
169.3054657
220.3031311
182.5162048
94.0941162
32.4685936
16.8883801
20.1906204
2.4151058
0.6182152
0.1517756
0.0919340
0.1619232
0.3325382
0.2830077
0.3049221
0.3153967
0.3310653
0.3416937
0.4324213
0.5143610
0.3849277
0.3642717
0.4119633
0.4233461
0.5004880
0.4626647
0.2704424
0.2273588
7.8128524
35.7402496
71.3010025
113.7860489
175.9138794
200.5363922
148.6037598
85.7840042
37.6484833
19.2335339
118.7063904
126.0940704
69.3524704
28.6136017
13.4311047
5.0368733
1.6483803
2.6424136
5.7026291
10.6987028
15.0896626
14.7152395
15.4217978
45.9789391
115.5941467
214.1216736
293.3638916
284.3528748
219.3103333
204.8320007
168.4027710
104.9551697
37.5853729
14.1260586
12.8078346
10.3327522
3.7885115
51.6148682
134.9848022
163.4455109
131.0749969
107.1025238
79.4319763
66.6264572
38.3492088
22.9794235
19.0335312
107.4218750
261.6039429
363.4505310
336.0540466
299.8714600
316.4399719
362.1349182
309.9272156
173.5372925
81.1286545
42.3227310
39.9820023
59.7042961
63.1774902
58.0708237
46.5759239
25.0377617
10.9787407
6.0645361
2.3185921
0.3766373
0.2504004
11.6704950
61.3119965
105.5347214
107.0009308
85.1219177
80.6122818
68.8875961
63.0315361
39.5126228
6.5776529
5.1003790
23.1132965
67.5997467
155.2781067
182.1382599
175.8805847
152.4615479
110.0900421
57.9909096
16.4459419
8.4076681
56.2561874
126.9632492
153.0916748
136.1230774
103.0972137
88.4725037
59.1205864
21.8500938
9.0219307
9.3956480
29.7978420
76.3346100
98.9831772
86.7567444
55.8725586
33.2667274
16.9214897
13.1807051
16.4981823
18.4579449
18.2183266
14.2787132
10.0978165
9.3915138
7.6462774
6.4412060
4.9263964
3.3027515
2.5594714
2.5133221
2.3370547
1.6579474
0.9842203
0.4274959
0.3684051
0.4949942
0.6200091
0.4743149
0.2938453
0.1744680
0.1981597
0.3514913
0.4893405
0.4581749
0.3113554
0.2606549
0.2785775
0.3594001
0.3763239
0.4340675
0.5122833
0.5473808
0.4852723
0.3986202
0.4347723
0.4366660
0.4808495
0.7850258
1.1864607
1.2186890
2.8444798
6.7145214
8.8202877
6.0605288
1.3675845
0.9778392
2.1725588
3.5022013
3.1757793
1.8942543
1.0984154
0.8916073
0.8133492
0.6228241
0.4012067
0.2795241
0.3317602
0.4740616
0.4336290
0.3855869
0.7184565
1.5319374
1.5218472
0.5283864
0.3473500
0.2616593
0.2578544
0.2889715
0.2617115
0.4088753
0.4160807
0.3518898
0.4168020
0.5872321
0.7610514
0.6927664
0.3962483
0.2732552
0.3253979
0.4450287
0.6245203
0.5502161
0.4336363
0.3804793
4.9982233
26.3463192
56.9252548
76.4334412
66.6880264
36.5427246
8.9881353
2.7478123
1.3475173
0.1051179
0.1071009
0.1128428
0.2065164
0.2923161
0.2503157
0.3304023
0.3376950
0.6067105
1.2840463
1.9400605
1.6407030
1.0955889
1.0906949
1.1337521
1.8706439
5.8191729
11.6884766
17.4128418
45.3950348
117.5555267
210.0062408
264.2411804
219.5270081
95.8014984
14.3465672
1.6586651
1.8917401
3.8135152
33.5460548
117.9152298
172.6928253
142.8208160
70.5831757
42.9373779
32.3092499
22.5427742
14.6730547
15.3356247
4.3261576
8.2829189
38.0998344
72.9878998
68.6574402
49.7824020
38.9026031
36.0491104
32.5537148
25.1427937
26.0232582
22.5298424
19.8055096
14.5256205
7.1776953
13.6607056
52.6074524
165.7870789
301.0187683
345.5962524
276.3464661
189.1086578
126.1634521
98.7663040
172.0194397
132.2694855
82.3298721
120.4564972
80.9927063
42.2649994
23.4079571
11.9515390
41.3185158
160.3950348
262.0547485
265.2590332
175.2264557
110.3219757
70.1234283
79.3342438
76.4789124
71.5859528
70.3556061
83.3137512
120.3297806
92.2908936
33.5138741
9.5030575
20.5404434
87.9611664
145.2796326
114.5462418
67.1726456
33.5924683
19.6100731
10.3678436
4.3502603
1.7677426
7.0121717
25.0738144
47.2546959
72.4270782
131.1250000
205.5303345
249.4656219
242.4648438
203.3828583
156.3862762
108.9204330
68.4679565
59.1113243
125.2304382
79.0302353
29.4016438
10.3028660
13.1771250
35.1824722
65.8799973
68.7610550
44.9826317
21.6467857
10.9233074
4.7844176
2.5390315
8.6796503
23.3523655
65.5971069
154.3174438
262.4194336
355.0159302
364.3401489
300.0772095
213.4342041
154.5969696
71.8718796
49.3069954
43.8610306
70.3046036
57.8469238
16.0024490
9.4427128
34.2332802
128.2207489
187.6163635
159.0399933
131.5122681
123.6702881
103.2469330
47.7428894
18.0719128
19.7992535
23.3687630
82.7794876
183.9629974
209.8168640
137.9754639
89.9094009
72.8340149
65.3322906
52.3988037
100.9963608
216.1356049
239.7266083
202.5103455
191.6370850
240.9978638
282.5629883
163.2273560
50.7029686
30.1114483
43.7006683
44.9427719
31.0905476
10.4121218
2.4252729
0.3312464
6.4471159
56.2654495
115.7716217
151.4461975
187.3053436
195.7170410
157.9183044
77.3658142
21.7683468
4.6032944
7.4387417
28.7405396
53.7668304
104.7024689
134.0277710
154.7598724
162.4305420
169.8130493
158.1854095
135.8457489
123.7978363
121.7654495
138.6709595
151.7134399
141.1033325
115.2650223
78.7865219
51.8091545
26.0478058
45.4677277
59.4854584
56.8455772
29.9327335
8.5464230
12.0860767
42.3953476
111.8083115
94.2884293
55.7318115
35.7101097
43.7783699
113.7414017
166.3278503
144.6012421
116.3482361
104.5228806
104.4086685
42.3671532
27.6333599
27.6772575
16.8136749
3.7581139
0.5534365
4.8733535
55.8267670
118.4456558
125.6774368
79.8367538
25.7094631
6.3263555
18.3467560
79.0585938
151.7020874
127.6387329
75.2306595
53.9972267
38.3088722
30.1548710
20.3648186
14.0554438
19.8157406
70.5447388
116.7248383
101.4622650
78.4460068
56.5569382
76.4914398
113.1735764
112.1034775
109.5128555
115.9182587
123.3263779
126.1680450
118.8443680
93.4568787
60.2258797
29.2768440
11.4581232
14.6688366
71.3248291
146.7463074
154.9430695
172.0231934
169.1672668
150.9723816
125.7874603
103.6426010
91.4143219
75.4299469
50.5423203
95.4747543
72.4670181
60.5923080
125.1993179
103.8314209
37.8456650
52.0940170
88.0196609
63.0001106
33.7817421
6.2856832
15.6745453
10.0926285
8.6168137
37.5502930
76.8652649
79.1986313
75.8829041
73.9369659
57.3877907
50.5109711
37.6989250
13.0571232
14.2705975
17.8447037
19.0755424
16.3276081
14.3452101
25.7630539
60.2878571
101.5828629
130.9443817
134.6109161
114.4073944
93.8238449
69.7060699
92.4526291
89.3194275
55.2487183
34.6254845
78.5861282
55.9126511
25.0412598
9.1434708
24.2221889
65.7849197
80.2023926
66.5215988
41.5213585
16.2034779
13.8707857
27.6474571
42.7015877
33.1006165
22.7473164
8.9560719
0.5982919
2.7346807
13.6643047
26.0640182
24.5149078
19.2791309
18.7561798
18.4922066
15.7229309
13.0299511
10.3473301
10.3481979
11.2879047
11.2113333
8.4003096
6.4185143
6.3973885
8.1535149
9.2315559
8.8725510
8.4186487
8.8472795
10.3198509
10.8010302
8.7573013
6.6853390
5.3839417
4.1156802
2.9651127
2.5356259
2.3912437
1.5289497
0.7545400
0.5462733
3.3830960
9.5646610
13.1086597
12.9158144
11.2679033
9.7483883
9.0902700
8.7529564
8.7532434
8.6194725
9.7434769
9.7557106
7.2496729
4.3999605
2.9310908
2.0379310
1.6057829
6.6461420
22.2291241
58.4551239
131.9280853
220.6288757
254.2393188
193.6448364
114.6911316
70.0735321
77.9760742
94.8107071
31.2958794
45.3141212
114.3513489
191.6320496
210.3448486
135.5657654
59.6154289
22.6220913
50.8137283
103.3560333
118.5847092
71.2819748
28.6705475
19.5394325
9.1283150
6.0378671
15.7365456
29.3248215
39.4389992
53.8511162
60.3230743
60.8321114
59.8863487
67.7920914
71.1796341
61.5269508
57.0768585
49.7796936
33.2280731
15.1470804
11.4489021
28.1771259
71.4580765
73.5921555
56.5940094
45.8865356
39.9685936
59.3524132
98.4363251
123.2111435
105.3434601
74.7026062
51.2674675
37.2788658
22.3012867
9.2650557
4.0014367
3.4023640
1.1994609
0.5976951
0.6816823
0.9897832
1.1921403
0.9905623
0.6144090
0.4774102
0.3872441
0.3852264
0.5020685
0.6914890
0.8062525
0.7882870
0.5147081
0.3109339
0.3459801
0.5114071
0.4155404
0.2324619
0.2089226
0.2596435
0.4687064
0.5424317
0.3974488
0.4011877
0.5133430
0.4915110
0.2958968
0.5067318
3.2704759
8.2166576
8.7954407
3.4664421
0.8332008
12.5532522
34.5661926
33.4492874
13.4031420
9.1918106
10.7257957
14.1518373
15.4967613
15.0807343
15.7200813
16.6877422
16.1573677
14.8945093
16.0065727
21.6159210
28.2370720
44.7340622
73.5296402
92.2014008
87.7996902
80.6620789
65.4233856
46.8137550
21.3218346
10.4239998
22.6171036
27.9464130
21.1563053
10.2709713
5.5726762
5.0369844
3.7864492
2.9172077
2.8752222
2.2216785
1.8135588
1.6831805
1.4797359
1.1554763
1.1616564
1.1583176
0.9735007
0.7009585
0.7753320
0.8632133
0.6849360
0.4128498
0.4200153
0.7488111
1.0234189
0.8131912
0.4969656
0.3779257
0.3611714
0.3954436
0.4316871
0.3365158
0.9854662
2.8603144
3.7862172
2.5889359
0.6641703
0.3421772
0.2465065
0.2399099
0.3455827
0.4323470
0.5544850
0.5968591
0.6112086
0.5533695
0.4366210
0.3236609
0.3632322
0.4108983
0.3694673
0.3182024
0.5691074
2.2478008
4.5237961
4.0830884
1.0349251
0.2471798
0.2374120
3.6662540
28.1111794
59.0387421
71.8554077
57.5112839
26.0740528
6.2127190
7.1590343
18.3767395
30.2222824
51.7109299
45.5785942
30.0278683
22.4604034
26.5611954
33.3960075
39.9149208
45.9419899
59.9508743
78.8982697
67.5736160
26.7763062
3.3520517
0.6057460
0.8678305
12.2724953
40.5554047
42.5211449
22.9514484
11.2447357
11.8533068
8.7292576
3.0737624
0.8675958
0.8577780
0.3508618
0.1396001
0.2340078
0.4467164
0.5914861
0.5391317
0.4313924
0.3302304
0.2694591
0.3506624
0.5135148
0.6526363
0.6918219
2.8800366
19.7774258
58.7835884
88.2662201
73.6122513
35.4994049
14.4381752
8.3130836
5.5413961
0.8937058
1.3971760
8.5342693
16.9778824
16.2964535
11.8481569
21.9202766
37.7908401
40.7018356
30.2671604
21.8409309
16.4160175
12.2957287
7.0637050
4.2173352
6.7272677
12.7504768
16.8503590
13.7321739
13.5631313
16.7729988
25.7782345
30.5892735
24.6024189
14.2307901
7.9506955
6.9075336
10.8164072
12.2296295
10.2990999
7.6769214
7.3724260
8.3289127
12.6722775
18.0131798
17.8209763
17.9799271
25.0625172
25.0933189
11.7828274
1.5822656
3.7426534
12.9612894
35.7945480
51.9289322
44.9416389
28.4324646
17.8474712
11.1916142
2.5607891
0.6029101
0.1223670
0.1132458
0.1879849
0.0902162
0.0090127
0.0001557
0.0000000
0.0000000
0.0000000
0.0000000
0.0000000
0.0000000
0.0000000
0.0000000
0.0000000
0.0000000
0.0000000
0.0000000
0.0000000
0.0000000
0.0000000
0.0000000
0.0000000
0.0000000
0.0000000
0.0000000
0.0000000
0.0000000
0.0000000
0.0000000
0.0000000
0.0000000
0.0000000
0.0000000
0.0000000
0.0000000
0.0000000
0.0000000
0.0000000
0.0000000
0.0000000
0.0000000
0.0000000
0.0000000
0.0000000
0.0000000
0.0000000
0.0000000
0.0000000
0.0000000
0.0000000
0.0000000
0.0000000
0.0000000
0.0000000
0.0000000
0.0000000
0.0000000
0.0000000
0.0000000
0.0000000
0.0000000
0.0000000
0.0000000
0.0000000
0.0000000
0.0000000
0.0000000
0.0000000
0.0000000
0.0000000
0.0000000
0.0000000
0.0000000
0.0000000
0.0000000
0.0000000
0.0000000
0.0000000
0.0000000
0.0000000
0.0000000
0.0000000
0.0000000
0.0000000
0.0000000
0.0000000
0.0000000
0.0000000
0.0000000
