0.0170164 0.0095593
0.0043307 0.0032254
0.0017771 0.0014525
0.0010659 0.0009400
0.0008314 0.0007867
0.0007826 0.0007678
0.0008123 0.0008013
0.0008781 0.0008527
0.0009726 0.0009144
0.0010923 0.0009770
0.0012323 0.0010219
0.0014139 0.0010533
0.0016758 0.0011075
0.0019206 0.0011734
0.0019381 0.0011762
0.0017575 0.0010999
0.0015505 0.0010019
0.0013976 0.0009304
0.0013097 0.0008984
0.0012844 0.0009085
0.0013174 0.0009576
0.0013946 0.0010322
0.0014826 0.0011006
0.0015537 0.0011429
0.0015956 0.0011580
0.0016055 0.0011450
0.0015923 0.0011096
0.0015675 0.0010626
0.0015392 0.0010151
0.0015116 0.0009754
0.0014866 0.0009465
0.0014651 0.0009277
0.0014469 0.0009157
0.0014294 0.0009064
0.0014096 0.0008971
0.0013864 0.0008876
0.0013623 0.0008799
0.0013422 0.0008765
0.0013295 0.0008786
0.0013252 0.0008859
0.0013288 0.0008977
0.0013389 0.0009126
0.0013539 0.0009284
0.0013729 0.0009436
0.0013932 0.0009553
0.0014108 0.0009596
0.0014360 0.0009628
0.0014707 0.0009664
0.0015149 0.0009720
0.0015679 0.0009814
0.0016264 0.0009954
0.0016818 0.0010115
0.0017218 0.0010235
0.0017404 0.0010274
0.0017399 0.0010251
0.0017219 0.0010175
0.0016865 0.0010026
0.0016377 0.0009792
0.0015826 0.0009482
0.0015282 0.0009125
0.0014798 0.0008752
0.0014406 0.0008395
0.0014122 0.0008076
0.0013950 0.0007808
0.0013880 0.0007591
0.0013894 0.0007412
0.0013974 0.0007261
0.0014103 0.0007130
0.0014277 0.0007015
0.0014495 0.0006919
0.0014746 0.0006843
0.0015010 0.0006782
0.0015266 0.0006735
0.0015495 0.0006698
0.0015692 0.0006673
0.0015868 0.0006663
0.0015995 0.0006644
0.0016138 0.0006638
0.0016388 0.0006684
0.0016764 0.0006783
0.0017265 0.0006934
0.0017869 0.0007128
0.0018525 0.0007345
0.0019154 0.0007547
0.0019684 0.0007698
0.0020100 0.0007791
0.0020407 0.0007836
0.0020589 0.0007827
0.0020630 0.0007746
0.0020548 0.0007584
0.0020386 0.0007351
0.0020191 0.0007070
0.0019999 0.0006769
0.0019834 0.0006475
0.0019715 0.0006209
0.0019642 0.0005983
0.0019606 0.0005793
0.0019592 0.0005635
0.0019586 0.0005496
0.0019591 0.0005374
0.0019627 0.0005270
0.0019711 0.0005190
0.0019854 0.0005141
0.0020052 0.0005124
0.0020286 0.0005132
0.0020531 0.0005153
0.0020769 0.0005185
0.0020984 0.0005225
0.0021182 0.0005271
0.0021517 0.0005378
0.0022101 0.0005578
0.0023001 0.0005891
0.0024236 0.0006321
0.0025784 0.0006861
0.0027568 0.0007479
0.0029435 0.0008113
0.0031214 0.0008683
0.0032783 0.0009147
0.0034005 0.0009487
0.0034625 0.0009621
0.0034326 0.0009414
0.0033004 0.0008869
0.0030867 0.0008142
0.0028217 0.0007394
0.0025401 0.0006774
0.0022839 0.0006382
0.0020810 0.0006204
0.0019336 0.0006148
0.0018192 0.0006093
0.0017120 0.0006003
0.0016134 0.0006094
0.0015511 0.0006667
0.0015313 0.0007356
0.0014589 0.0007010
0.0012921 0.0005684
0.0011709 0.0004838
0.0012326 0.0005253
0.0016470 0.0007668
0.0027541 0.0014084
0.0054475 0.0030919
0.0123507 0.0074017
0.0192764 0.0117074
0.0177086 0.0112757
0.0122290 0.0095564
0.0096532 0.0096895
0.0127795 0.0172876
0.0210573 0.0395948
0.0249748 0.0587012
0.0134595 0.0262291
0.0075762 0.0100976
0.0064821 0.0085048
0.0071778 0.0093452
0.0089130 0.0120456
0.0105353 0.0142866
0.0149649 0.0196894
0.0267464 0.0335079
0.0482032 0.0550525
0.0780052 0.0819151
0.0659859 0.0695192
0.0288074 0.0284733
0.0143384 0.0128836
0.0092598 0.0075465
0.0061467 0.0049087
0.0050821 0.0036101
0.0044961 0.0029050
0.0038702 0.0022872
0.0040829 0.0020247
0.0050173 0.0019934
0.0066640 0.0021961
0.0080465 0.0024432
0.0055964 0.0020563
0.0026887 0.0014199
0.0021454 0.0012533
0.0019704 0.0013108
0.0025715 0.0018058
0.0044796 0.0032788
0.0066641 0.0052275
0.0080315 0.0069128
0.0143555 0.0117475
0.0348083 0.0272013
0.0908869 0.0656043
0.1046546 0.0884451
0.0744881 0.0653177
0.0289894 0.0290932
0.0138509 0.0172559
0.0106512 0.0126298
0.0105571 0.0111184
0.0113316 0.0116302
0.0120824 0.0121528
0.0104504 0.0105918
0.0090511 0.0082446
0.0073665 0.0059849
0.0068516 0.0048796
0.0072884 0.0047493
0.0094553 0.0056560
0.0095348 0.0063211
0.0099278 0.0068897
0.0118738 0.0079601
0.0170942 0.0104092
0.0289512 0.0153134
0.0456262 0.0209692
0.0710194 0.0273395
0.0643823 0.0236198
0.0397981 0.0150324
0.0242371 0.0091471
0.0155511 0.0056562
0.0107493 0.0037518
0.0080177 0.0026758
0.0064802 0.0021106
0.0055867 0.0018178
0.0051012 0.0016779
0.0049765 0.0016540
0.0051793 0.0017110
0.0054334 0.0017990
0.0059309 0.0019455
0.0064498 0.0020855
0.0067797 0.0021452
0.0069407 0.0020915
0.0070968 0.0019832
0.0071051 0.0017852
0.0069511 0.0015510
0.0066793 0.0013262
0.0062998 0.0011359
0.0058014 0.0009751
0.0051181 0.0008259
0.0042428 0.0006733
0.0032378 0.0005186
0.0023729 0.0003912
0.0017648 0.0003010
0.0013575 0.0002406
0.0011313 0.0002074
0.0010689 0.0002013
0.0011460 0.0002219
0.0014250 0.0002827
0.0021272 0.0004173
0.0037905 0.0007124
0.0078647 0.0014142
0.0185628 0.0032111
0.0484943 0.0081870
0.1226092 0.0209032
0.2381287 0.0436254
0.2474242 0.0529474
0.0998969 0.0229225
0.0304537 0.0058949
0.0197497 0.0035435
0.0158157 0.0027733
0.0143758 0.0024884
0.0176310 0.0029035
0.0540545 0.0075533
0.0767614 0.0118215
0.0214002 0.0036330
0.0100416 0.0016569
0.0073538 0.0012197
0.0067267 0.0010842
0.0082362 0.0012917
0.0121145 0.0018855
0.0193725 0.0029821
0.0321454 0.0049437
0.0576297 0.0083573
0.0886896 0.0107947
0.0539185 0.0072160
0.0194149 0.0028824
0.0128697 0.0018822
0.0098607 0.0014471
0.0084996 0.0012942
0.0065877 0.0010469
0.0061967 0.0010234
0.0069860 0.0012924
0.0058799 0.0010801
0.0054899 0.0010903
0.0051734 0.0011631
0.0064255 0.0015355
0.0079212 0.0018930
0.0089306 0.0022785
0.0073662 0.0022406
0.0041121 0.0015266
0.0031341 0.0013311
0.0027399 0.0012268
0.0029927 0.0013908
0.0042909 0.0020670
0.0086200 0.0044387
0.0223436 0.0123750
0.0705686 0.0459276
0.2019931 0.1378713
0.1917789 0.1147470
0.0647317 0.0338295
0.0303513 0.0151716
0.0163486 0.0073964
0.0090473 0.0035819
0.0061085 0.0021024
0.0054217 0.0016171
0.0054437 0.0014113
0.0059798 0.0013446
0.0069907 0.0013718
0.0086377 0.0014781
0.0108583 0.0016597
0.0135157 0.0018988
0.0142441 0.0019149
0.0127682 0.0016922
0.0101367 0.0013586
0.0085677 0.0011410
0.0088617 0.0011258
0.0098892 0.0012459
0.0106279 0.0014034
0.0093685 0.0013445
0.0113600 0.0016695
0.0191957 0.0027920
0.0317886 0.0046246
0.0318144 0.0051471
0.0274883 0.0055196
0.0168436 0.0051689
0.0111858 0.0045877
0.0098911 0.0048378
0.0115121 0.0063835
0.0148116 0.0095634
0.0086437 0.0093946
0.0064034 0.0101958
0.0073589 0.0132889
0.0120529 0.0196495
0.0330930 0.0418479
0.0732571 0.0805139
0.0459557 0.0560184
0.0120125 0.0153708
0.0074369 0.0094244
0.0058873 0.0066525
0.0048378 0.0047255
0.0042303 0.0034107
0.0038183 0.0025662
0.0042813 0.0023993
0.0055123 0.0028240
0.0079889 0.0040784
0.0141320 0.0075068
0.0308666 0.0161509
0.0904442 0.0419665
0.1564681 0.0652395
0.1077093 0.0475404
0.0498388 0.0264071
0.0295901 0.0177053
0.0197037 0.0124277
0.0151414 0.0097037
0.0118451 0.0077074
0.0093385 0.0061208
0.0077024 0.0049621
0.0067413 0.0039982
0.0060361 0.0031700
0.0053521 0.0025123
0.0048396 0.0020696
0.0045615 0.0017938
0.0047924 0.0017219
0.0054380 0.0017956
0.0064296 0.0020078
0.0079274 0.0023837
0.0095255 0.0028092
0.0105472 0.0030926
0.0105882 0.0031255
0.0099155 0.0029854
0.0091283 0.0027839
0.0085483 0.0025818
0.0085598 0.0025176
0.0092006 0.0026390
0.0103141 0.0028713
0.0117889 0.0031642
0.0131012 0.0033100
0.0136298 0.0031307
0.0139151 0.0028785
0.0138866 0.0026241
0.0136633 0.0024486
0.0129077 0.0023238
0.0118599 0.0022355
0.0105651 0.0020862
0.0090780 0.0018215
0.0074320 0.0014600
0.0061035 0.0011336
0.0052573 0.0009183
0.0047884 0.0008187
0.0044244 0.0007958
0.0040734 0.0008331
0.0036334 0.0008927
0.0032664 0.0010007
0.0032946 0.0012615
0.0040948 0.0018781
0.0068272 0.0033936
0.0145558 0.0072096
0.0367087 0.0170903
0.1032194 0.0467483
0.1593383 0.0706869
0.1294471 0.0585346
0.0363424 0.0157574
0.0168780 0.0067119
0.0099381 0.0037133
0.0073510 0.0026557
0.0064481 0.0021415
0.0080707 0.0024573
0.0201724 0.0056915
0.0433174 0.0126525
0.0260715 0.0083758
0.0107899 0.0037714
0.0105923 0.0045869
0.0138636 0.0079805
0.0260499 0.0180691
0.0735205 0.0406817
0.0882320 0.0404836
0.0468759 0.0192208
0.0181554 0.0073367
0.0102822 0.0042375
0.0068624 0.0027133
0.0054513 0.0019833
0.0049659 0.0016112
0.0049991 0.0014195
0.0053588 0.0013052
0.0062786 0.0013150
0.0074185 0.0013488
0.0084012 0.0013553
0.0111142 0.0016548
0.0173511 0.0024635
0.0330310 0.0048296
0.0679103 0.0102554
0.0694291 0.0118898
0.0706247 0.0127276
0.0385057 0.0085107
0.0177545 0.0048635
0.0106310 0.0033518
0.0097333 0.0033800
0.0126367 0.0047604
0.0180220 0.0072961
0.0326051 0.0129918
0.0831942 0.0281240
0.0876202 0.0262962
0.0278235 0.0091684
0.0113894 0.0043565
0.0078790 0.0030472
0.0063826 0.0023334
0.0059107 0.0017731
0.0071303 0.0015652
0.0115341 0.0020787
0.0197993 0.0033796
0.0290559 0.0050415
0.0340720 0.0060542
0.0414484 0.0073729
0.0531432 0.0088660
0.1081949 0.0154437
0.1833398 0.0237158
0.1031696 0.0141972
0.0308872 0.0047164
0.0161964 0.0025537
0.0099948 0.0015753
0.0075544 0.0011779
0.0070899 0.0010993
0.0080076 0.0012838
0.0094886 0.0017153
0.0079211 0.0016818
0.0053230 0.0011369
0.0037674 0.0007668
0.0036691 0.0007356
0.0042134 0.0008247
0.0053692 0.0009963
0.0079927 0.0013546
0.0144696 0.0021376
0.0315276 0.0039895
0.0816251 0.0084759
0.0930925 0.0093441
0.0416662 0.0048191
0.0142715 0.0018663
0.0090884 0.0012462
0.0082162 0.0011746
0.0100221 0.0014578
0.0074175 0.0010696
0.0050554 0.0007217
0.0052364 0.0007086
0.0068290 0.0008907
0.0084234 0.0010798
0.0105153 0.0014134
0.0135714 0.0019150
0.0244660 0.0032576
0.0560000 0.0066809
0.1727244 0.0185775
0.2605647 0.0342357
0.1594733 0.0240322
0.0489256 0.0061707
0.0288319 0.0029162
0.0231708 0.0021211
0.0209231 0.0020824
0.0180590 0.0019894
0.0157510 0.0016846
0.0127761 0.0013562
0.0127998 0.0013413
0.0141432 0.0014284
0.0216744 0.0023993
0.0211208 0.0023916
0.0116507 0.0012147
0.0117896 0.0012212
0.0230431 0.0021209
0.0615332 0.0056018
0.0755874 0.0070257
0.0422572 0.0046689
0.0186337 0.0027460
0.0108499 0.0018666
0.0066694 0.0010700
0.0040560 0.0005728
0.0034297 0.0004427
0.0036018 0.0004180
0.0049892 0.0005155
0.0095717 0.0009067
0.0219012 0.0020172
0.0624944 0.0061869
0.1791105 0.0214686
0.1415160 0.0206436
0.0364543 0.0050364
0.0113078 0.0014735
0.0063912 0.0008816
0.0048842 0.0007438
0.0048246 0.0008883
0.0045572 0.0009165
0.0050787 0.0011108
0.0095244 0.0023203
0.0156963 0.0038989
0.0119245 0.0028202
0.0067541 0.0015354
0.0081018 0.0018909
0.0124032 0.0030140
0.0172781 0.0048652
0.0165278 0.0057979
0.0087141 0.0039570
0.0040484 0.0023304
0.0026829 0.0019334
0.0025571 0.0021947
0.0028351 0.0027226
0.0022187 0.0026630
0.0020959 0.0029615
0.0026280 0.0041759
0.0029673 0.0057890
0.0038542 0.0098626
0.0042469 0.0133129
0.0072913 0.0240500
0.0182623 0.0593756
0.0614682 0.2020733
0.1295560 0.3825919
0.1020563 0.2575644
0.0230364 0.0620942
0.0094456 0.0253365
0.0046890 0.0124199
0.0026838 0.0066737
0.0018388 0.0039246
0.0015326 0.0027185
0.0014563 0.0022058
0.0015117 0.0019907
0.0016938 0.0019306
0.0019292 0.0019053
0.0022067 0.0019033
0.0025347 0.0019246
0.0029563 0.0019876
0.0034916 0.0020810
0.0041764 0.0021961
0.0048912 0.0022363
0.0055521 0.0021983
0.0060964 0.0020973
0.0064019 0.0019661
0.0064385 0.0018070
0.0061353 0.0015879
0.0059142 0.0014087
0.0058915 0.0013029
0.0059946 0.0012660
0.0062532 0.0012933
0.0068675 0.0013963
0.0080667 0.0015732
0.0102217 0.0018253
0.0138369 0.0021879
0.0183706 0.0026176
0.0216888 0.0030098
0.0222258 0.0032726
0.0217543 0.0035313
0.0222566 0.0038660
0.0227787 0.0040438
0.0218241 0.0037989
0.0193515 0.0031994
0.0161743 0.0024681
0.0128748 0.0017890
0.0099731 0.0012713
0.0079304 0.0009291
0.0063136 0.0006973
0.0048590 0.0005316
0.0037068 0.0004256
0.0030471 0.0003746
0.0029154 0.0003780
0.0032476 0.0004404
0.0042000 0.0006084
0.0066226 0.0010049
0.0123238 0.0018631
0.0244742 0.0037725
0.0532344 0.0084175
0.1446718 0.0218749
0.1769965 0.0255266
0.0670647 0.0096077
0.0187822 0.0030008
0.0126584 0.0019893
0.0113591 0.0017160
0.0117973 0.0016299
0.0137687 0.0017525
0.0140778 0.0018095
0.0238614 0.0026400
0.0499606 0.0052104
0.0392286 0.0053928
0.0139329 0.0023673
0.0092030 0.0018720
0.0092973 0.0021221
0.0125065 0.0031175
0.0193221 0.0051636
0.0376314 0.0101506
0.1122767 0.0315514
0.1557413 0.0516236
0.0730032 0.0176935
0.0273903 0.0058048
0.0135731 0.0030312
0.0076702 0.0018457
0.0062580 0.0015561
0.0065465 0.0016416
0.0095371 0.0023096
0.0190661 0.0041495
0.0475843 0.0084826
0.1057290 0.0161456
0.1050375 0.0181606
0.0504997 0.0104772
0.0213795 0.0047029
0.0103212 0.0022972
0.0059656 0.0012563
0.0047371 0.0009448
0.0047066 0.0008707
0.0069227 0.0011515
0.0120628 0.0017912
0.0159757 0.0022369
0.0274653 0.0035273
0.0386065 0.0049523
0.0260241 0.0037661
0.0194274 0.0030324
0.0174511 0.0028766
0.0148307 0.0027987
0.0076113 0.0017750
0.0070508 0.0018131
0.0095712 0.0025205
0.0226219 0.0060919
0.0547634 0.0175736
0.0572853 0.0188321
0.0171885 0.0052754
0.0088088 0.0026968
0.0069179 0.0019913
0.0069302 0.0018870
0.0084022 0.0021983
0.0136318 0.0035250
0.0231208 0.0059838
0.0289031 0.0069937
0.0509126 0.0110695
0.1975868 0.0349623
0.2726166 0.0407415
0.1255076 0.0171752
0.0501222 0.0072490
0.0308588 0.0045121
0.0270832 0.0039283
0.0158439 0.0025072
0.0081519 0.0013617
0.0061998 0.0010457
0.0074975 0.0012979
0.0084484 0.0015580
0.0049538 0.0009265
0.0031549 0.0006099
0.0031020 0.0005993
0.0049583 0.0010277
0.0068446 0.0014987
0.0076547 0.0016521
0.0106382 0.0023108
0.0214463 0.0047881
0.0527625 0.0129239
0.0551816 0.0147263
0.0215095 0.0066685
0.0099575 0.0034185
0.0054694 0.0020744
0.0036000 0.0014684
0.0031314 0.0012916
0.0043477 0.0016588
0.0096919 0.0041770
0.0263626 0.0157468
0.0477283 0.0316688
0.0343036 0.0234503
0.0116608 0.0080721
0.0087664 0.0062872
0.0097906 0.0072788
0.0137446 0.0100699
0.0271446 0.0184984
0.0936941 0.0601897
0.1865984 0.1127717
0.1100824 0.0604010
0.0350944 0.0174242
0.0230631 0.0105223
0.0174083 0.0073823
0.0144281 0.0056225
0.0129085 0.0044204
0.0131644 0.0040191
0.0143512 0.0039942
0.0158908 0.0040817
0.0173051 0.0041193
0.0187463 0.0042611
0.0209736 0.0047728
0.0236108 0.0055300
0.0235573 0.0055345
0.0232248 0.0053721
0.0180424 0.0039727
0.0121225 0.0024855
0.0079999 0.0015263
0.0055546 0.0009957
0.0041408 0.0006915
0.0033424 0.0005149
0.0028439 0.0004039
0.0024590 0.0003192
0.0022323 0.0002632
0.0022507 0.0002414
0.0024593 0.0002417
0.0029563 0.0002757
0.0035657 0.0003309
0.0046114 0.0004425
0.0074607 0.0007439
0.0155036 0.0015650
0.0402063 0.0041894
0.1326789 0.0140388
0.2187078 0.0221761
0.1400398 0.0136688
0.0506027 0.0051378
0.0290891 0.0028586
0.0162571 0.0015817
0.0112135 0.0010903
0.0098544 0.0009929
0.0094412 0.0009956
0.0113043 0.0012363
0.0179757 0.0019582
0.0350120 0.0038662
0.0292346 0.0034481
0.0132989 0.0016469
0.0082284 0.0010943
0.0067545 0.0010056
0.0065821 0.0011071
0.0089300 0.0016800
0.0135109 0.0029013
0.0143981 0.0037856
0.0051395 0.0015378
0.0040212 0.0014489
0.0053139 0.0022044
0.0069135 0.0032131
0.0062831 0.0032310
0.0076052 0.0044587
0.0125295 0.0093740
0.0182286 0.0170257
0.0141153 0.0160894
0.0138775 0.0193956
0.0216864 0.0348011
0.0487720 0.0875204
0.0931150 0.1546409
0.0953149 0.1495486
0.0812490 0.1245892
0.0706840 0.0919361
0.0332209 0.0398143
0.0214620 0.0233941
0.0157249 0.0159599
0.0123419 0.0117329
0.0101444 0.0088232
0.0086639 0.0067144
0.0079766 0.0054316
0.0075887 0.0044869
0.0077037 0.0038912
0.0083781 0.0035966
0.0096601 0.0036644
0.0091609 0.0035181
0.0093455 0.0036595
0.0108583 0.0041236
0.0134499 0.0048153
0.0153772 0.0052688
0.0143079 0.0048846
0.0120409 0.0041062
0.0093828 0.0031910
0.0074812 0.0025230
0.0069771 0.0022982
0.0074725 0.0023770
0.0088055 0.0026557
0.0107460 0.0030067
0.0131510 0.0033141
0.0158696 0.0034758
0.0193425 0.0036222
0.0218883 0.0035657
0.0218808 0.0032320
0.0197637 0.0027436
0.0165958 0.0022384
0.0129581 0.0017757
0.0095870 0.0013633
0.0069218 0.0010216
0.0048277 0.0007496
0.0032689 0.0005453
0.0022908 0.0004187
0.0017177 0.0003448
0.0014644 0.0003156
0.0014617 0.0003251
0.0017201 0.0003784
0.0023956 0.0005067
0.0038550 0.0007815
0.0070179 0.0013874
0.0148152 0.0029901
0.0359118 0.0078600
0.1172328 0.0282390
0.2219172 0.0607296
0.1505412 0.0375928
0.0380929 0.0093012
0.0215101 0.0048874
0.0145593 0.0033873
0.0119189 0.0028370
0.0108118 0.0023854
0.0138605 0.0027598
0.0169870 0.0029914
0.0161714 0.0026951
0.0227565 0.0033573
0.0417863 0.0054075
0.1163331 0.0130865
0.1623545 0.0189410
0.0624801 0.0083183
0.0145541 0.0021463
0.0076952 0.0011497
0.0050052 0.0007605
0.0038738 0.0006155
0.0033815 0.0005811
0.0035049 0.0006613
0.0044796 0.0009282
0.0066369 0.0016457
0.0079493 0.0025943
0.0073686 0.0031123
0.0079162 0.0038356
0.0103217 0.0058190
0.0137927 0.0089734
0.0224783 0.0150006
0.0483008 0.0298127
0.1176617 0.0620790
0.1112117 0.0527113
0.0509010 0.0248443
0.0220022 0.0108534
0.0101061 0.0050730
0.0049787 0.0024380
0.0028502 0.0012886
0.0019841 0.0008142
0.0017286 0.0006359
0.0017243 0.0005550
0.0017097 0.0004849
0.0016347 0.0004189
0.0016557 0.0003943
0.0018613 0.0004071
0.0023837 0.0004605
0.0034630 0.0005819
0.0058043 0.0008800
0.0108402 0.0015938
0.0204391 0.0032826
0.0373951 0.0078000
0.0689761 0.0174046
0.1312287 0.0330716
0.1691559 0.0438802
0.0888115 0.0219756
0.0231413 0.0049802
0.0124752 0.0024587
0.0087356 0.0016098
0.0072463 0.0012726
0.0070226 0.0012172
0.0075112 0.0012284
0.0093343 0.0014146
0.0128902 0.0018053
0.0182777 0.0023957
0.0292825 0.0034552
0.0453443 0.0045108
0.0620634 0.0053188
0.0724754 0.0057974
0.0585015 0.0049543
0.0366476 0.0033223
0.0224333 0.0021747
0.0124056 0.0013789
0.0074017 0.0009525
0.0039601 0.0005960
0.0024638 0.0004242
0.0020484 0.0003956
0.0020168 0.0004240
0.0023132 0.0005321
0.0040161 0.0009935
0.0097043 0.0025763
0.0335011 0.0103813
0.1246319 0.0429178
0.1211930 0.0421413
0.0369940 0.0113002
0.0093278 0.0027219
0.0042181 0.0013820
0.0024938 0.0009710
0.0021015 0.0009444
0.0022569 0.0011208
0.0023779 0.0012906
0.0025444 0.0014783
0.0029911 0.0018264
0.0038193 0.0025032
0.0043144 0.0032995
0.0056592 0.0052368
0.0087981 0.0093955
0.0124959 0.0144900
0.0250706 0.0273245
0.0682544 0.0708239
0.1861250 0.1813175
0.1764359 0.1568115
0.0520933 0.0503783
0.0180214 0.0171112
0.0082226 0.0078194
0.0043717 0.0041336
0.0027118 0.0024830
0.0021030 0.0018646
0.0019852 0.0016879
0.0021843 0.0017554
0.0026947 0.0019767
0.0034257 0.0022758
0.0042445 0.0026052
0.0050718 0.0029477
0.0060143 0.0033273
0.0070211 0.0036825
0.0078755 0.0038242
0.0080524 0.0034462
0.0078545 0.0028045
0.0075885 0.0021542
0.0074020 0.0016519
0.0072203 0.0013312
0.0071129 0.0011556
0.0070559 0.0010722
0.0069597 0.0010213
0.0069934 0.0010011
0.0072499 0.0010104
0.0077143 0.0010311
0.0082396 0.0010412
0.0089077 0.0010547
0.0098794 0.0010943
0.0108303 0.0011356
0.0116277 0.0011832
0.0116662 0.0011844
0.0110053 0.0011490
0.0097779 0.0010741
0.0082092 0.0009652
0.0066409 0.0008549
0.0053988 0.0007771
0.0049203 0.0008037
0.0055084 0.0010055
0.0080956 0.0015790
0.0158298 0.0031629
0.0313503 0.0064616
0.0410873 0.0087629
0.0468686 0.0101202
0.0663424 0.0143404
0.1297737 0.0271950
0.2248670 0.0431019
0.1789210 0.0300725
0.0531138 0.0090065
0.0307717 0.0048080
0.0229959 0.0033070
0.0179069 0.0024882
0.0140129 0.0019036
0.0127060 0.0016923
0.0137332 0.0017699
0.0201844 0.0025060
0.0396747 0.0045399
0.0759733 0.0076663
0.0817885 0.0078218
0.0440632 0.0043362
0.0219632 0.0022252
0.0126966 0.0013367
0.0085436 0.0009120
0.0065119 0.0006919
0.0056876 0.0005820
0.0058155 0.0005414
0.0068148 0.0005766
0.0080955 0.0006745
0.0078405 0.0006775
0.0084924 0.0007466
0.0115459 0.0010262
0.0197314 0.0016068
0.0197020 0.0018686
0.0127637 0.0013761
0.0082282 0.0009948
0.0066307 0.0008880
0.0078978 0.0011129
0.0131320 0.0021634
0.0106504 0.0023889
0.0074413 0.0024695
0.0085504 0.0039247
0.0148565 0.0090116
0.0419441 0.0317480
0.0552726 0.0501340
0.0356456 0.0381828
0.0159334 0.0204151
0.0081155 0.0121961
0.0077563 0.0120299
0.0098521 0.0148454
0.0170814 0.0234244
0.0412609 0.0525908
0.0990694 0.1126011
0.1065174 0.1103771
0.0853355 0.0824415
0.0465534 0.0393165
0.0176087 0.0124715
0.0107770 0.0061715
0.0068599 0.0034588
0.0046965 0.0021879
0.0041067 0.0016327
0.0041904 0.0013952
0.0048231 0.0014018
0.0054270 0.0014627
0.0061917 0.0016573
0.0080696 0.0021495
0.0116156 0.0030569
0.0211216 0.0051965
0.0470560 0.0098221
0.0865924 0.0159156
0.0553905 0.0100753
0.0181550 0.0031897
0.0108195 0.0019558
0.0087503 0.0015751
0.0089835 0.0015403
0.0099158 0.0015494
0.0104584 0.0015062
0.0109191 0.0014773
0.0113157 0.0014758
0.0117422 0.0015512
0.0123311 0.0016940
0.0120443 0.0017421
0.0113698 0.0018265
0.0113111 0.0020441
0.0122502 0.0024835
0.0150808 0.0033933
0.0203987 0.0049625
0.0287270 0.0073039
0.0358007 0.0087979
0.0416039 0.0094789
0.0502594 0.0104896
0.0631965 0.0121640
0.0714564 0.0132182
0.0623542 0.0116053
0.0431875 0.0083263
0.0270509 0.0055575
0.0169903 0.0035857
0.0110324 0.0022434
0.0082370 0.0015545
0.0071995 0.0012365
0.0070192 0.0011017
0.0075281 0.0010827
0.0085758 0.0011354
0.0101928 0.0012547
0.0121921 0.0014126
0.0141953 0.0015582
0.0159452 0.0016608
0.0166925 0.0016609
0.0159940 0.0015475
0.0142232 0.0013514
0.0112368 0.0010564
0.0079881 0.0007624
0.0057336 0.0005693
0.0043407 0.0004525
0.0034778 0.0003801
0.0029669 0.0003379
0.0026932 0.0003182
0.0026201 0.0003235
0.0027845 0.0003701
0.0033026 0.0004857
0.0043467 0.0007300
0.0064749 0.0013269
0.0111495 0.0029654
0.0247890 0.0091255
0.0351146 0.0170927
0.0268219 0.0151535
0.0153722 0.0092860
0.0083178 0.0062089
0.0067445 0.0055943
0.0065932 0.0060323
0.0075976 0.0075104
0.0104407 0.0107805
0.0178659 0.0182894
0.0369377 0.0384287
0.0900836 0.0925356
0.1111715 0.1040067
0.0821310 0.0825962
0.0765729 0.0789857
0.0862282 0.0800243
0.0774476 0.0650404
0.0413962 0.0308403
0.0249894 0.0173403
0.0174274 0.0113777
0.0122679 0.0075683
0.0090901 0.0054729
0.0077763 0.0046695
0.0083614 0.0048061
0.0099658 0.0051377
0.0093230 0.0045440
0.0082743 0.0038418
0.0074314 0.0032646
0.0062603 0.0026044
0.0048098 0.0018441
0.0036217 0.0012437
0.0028958 0.0008903
0.0024960 0.0007011
0.0022160 0.0005831
0.0019997 0.0005048
0.0018091 0.0004466
0.0016637 0.0004077
0.0015517 0.0003772
0.0015907 0.0003792
0.0019229 0.0004451
0.0027699 0.0006200
0.0048201 0.0010378
0.0100649 0.0021082
0.0216694 0.0045298
0.0375945 0.0080251
0.0580233 0.0134866
0.1077143 0.0265925
0.1764385 0.0458229
0.1423420 0.0378263
0.0583286 0.0146873
0.0365366 0.0083918
0.0278108 0.0057310
0.0224936 0.0042029
0.0220525 0.0040035
0.0382656 0.0067026
0.0394952 0.0065962
0.0227018 0.0043865
0.0180525 0.0037474
0.0145772 0.0031017
0.0132619 0.0027152
0.0077455 0.0015914
0.0051561 0.0010839
0.0043632 0.0009611
0.0051543 0.0012104
0.0083080 0.0021147
0.0114877 0.0030829
0.0246650 0.0066487
0.0464456 0.0133681
0.0394438 0.0129965
0.0113910 0.0044727
0.0073066 0.0029416
0.0072156 0.0028154
0.0088847 0.0033233
0.0122297 0.0044277
0.0187469 0.0066132
0.0351135 0.0113509
0.0683330 0.0199854
0.0960702 0.0257788
0.1318299 0.0310517
0.1411306 0.0306796
0.1165403 0.0241873
0.0774873 0.0155056
0.0546312 0.0106438
0.0336055 0.0065433
0.0197588 0.0038488
0.0125855 0.0024588
0.0091099 0.0018028
0.0072892 0.0014767
0.0067046 0.0014022
0.0065983 0.0014032
0.0062627 0.0013304
0.0059486 0.0012560
0.0055122 0.0011640
0.0048645 0.0010330
0.0041005 0.0008997
0.0034045 0.0007761
0.0028003 0.0006448
0.0023452 0.0005345
0.0021054 0.0004722
0.0021961 0.0004868
0.0028563 0.0006280
0.0047024 0.0010518
0.0089678 0.0021288
0.0180992 0.0046585
0.0523276 0.0149698
0.1449128 0.0453283
0.1381080 0.0484481
0.0404927 0.0137459
0.0176502 0.0063112
0.0126314 0.0046556
0.0136237 0.0052718
0.0127255 0.0054462
0.0123651 0.0059791
0.0131624 0.0065001
0.0185891 0.0085537
0.0349946 0.0147609
0.0793400 0.0288109
0.1342222 0.0404750
0.0953734 0.0273997
0.0339266 0.0095543
0.0176299 0.0050956
0.0094303 0.0027167
0.0054953 0.0015560
0.0035200 0.0009592
0.0027648 0.0007326
0.0024671 0.0006680
0.0026902 0.0007735
0.0037999 0.0012173
0.0055667 0.0021006
0.0097314 0.0044918
0.0154884 0.0093457
0.0153351 0.0103589
0.0217720 0.0165537
0.0415385 0.0342577
0.0321327 0.0266135
0.0171630 0.0137288
0.0228144 0.0166645
0.0389671 0.0249169
0.0910187 0.0517670
0.0912256 0.0460061
0.0388019 0.0169786
0.0123037 0.0043666
0.0065906 0.0019992
0.0042780 0.0012456
0.0031604 0.0008965
0.0027452 0.0007651
0.0034295 0.0009026
0.0057942 0.0013969
0.0079162 0.0019148
0.0111202 0.0027840
0.0189210 0.0052065
0.0467448 0.0135697
0.1039956 0.0283914
0.0934459 0.0261027
0.0331325 0.0090041
0.0127350 0.0035180
0.0094378 0.0025558
0.0108433 0.0029866
0.0133318 0.0036887
0.0195578 0.0054300
0.0364460 0.0096799
0.0766254 0.0180000
0.0787787 0.0165046
0.0255592 0.0062509
0.0127181 0.0032214
0.0112213 0.0027830
0.0117682 0.0030093
0.0147991 0.0038314
0.0236321 0.0060114
0.0458836 0.0107572
0.0412270 0.0096729
0.0141937 0.0039200
0.0073210 0.0021587
0.0048777 0.0015464
0.0042992 0.0014336
0.0045911 0.0015794
0.0056916 0.0019586
0.0081444 0.0027706
0.0156585 0.0051934
0.0376222 0.0118236
0.0660759 0.0201433
0.0937317 0.0282557
0.0863690 0.0266486
0.0688032 0.0215396
0.0493265 0.0148385
0.0391871 0.0113645
0.0348417 0.0099049
0.0319576 0.0089212
0.0267569 0.0072399
0.0202040 0.0052557
0.0155618 0.0038335
0.0116655 0.0026872
0.0091703 0.0019612
0.0069895 0.0014075
0.0050189 0.0009818
0.0034987 0.0006861
0.0025236 0.0004970
0.0019823 0.0003814
0.0017334 0.0003176
0.0017190 0.0002967
0.0019524 0.0003227
0.0025165 0.0004154
0.0040240 0.0006708
0.0080691 0.0013353
0.0187605 0.0030831
0.0540802 0.0097116
0.1073725 0.0245119
0.0709315 0.0176537
0.0239688 0.0060173
0.0131646 0.0034012
0.0129044 0.0034505
0.0181248 0.0048049
0.0492352 0.0125602
0.0950483 0.0240792
0.0530294 0.0119157
0.0242961 0.0049404
0.0235709 0.0045742
0.0261229 0.0047758
0.0294970 0.0051131
0.0405038 0.0071757
0.0850494 0.0158950
0.1455285 0.0293487
0.0897383 0.0170651
0.0283031 0.0050842
0.0143923 0.0024392
0.0107591 0.0017209
0.0105171 0.0015967
0.0138600 0.0020341
0.0241084 0.0034668
0.0334383 0.0046657
0.0362085 0.0051034
0.0333826 0.0046368
0.0207909 0.0029682
0.0121455 0.0017398
0.0104818 0.0015501
0.0119835 0.0018883
0.0182198 0.0031345
0.0170552 0.0031550
0.0133660 0.0025018
0.0157703 0.0027903
0.0167743 0.0028133
0.0138418 0.0023518
0.0090679 0.0017512
0.0054886 0.0013001
0.0046509 0.0013203
0.0034471 0.0011805
0.0030189 0.0012395
0.0030213 0.0015826
0.0057356 0.0035766
0.0190986 0.0142516
0.0479933 0.0450901
0.0484732 0.0558977
0.0229015 0.0301447
0.0178139 0.0234402
0.0216636 0.0277701
0.0307573 0.0370124
0.0556335 0.0602026
0.1202516 0.1146980
0.1141892 0.1005028
0.0481429 0.0386039
0.0239250 0.0179844
0.0158860 0.0107014
0.0128726 0.0076476
0.0124924 0.0064115
0.0129291 0.0058145
0.0142246 0.0057092
0.0147901 0.0055027
0.0149053 0.0052603
0.0147924 0.0049061
0.0137545 0.0043896
0.0118360 0.0036921
0.0118623 0.0035411
0.0106571 0.0030591
0.0090142 0.0024177
0.0080645 0.0019616
0.0079391 0.0017122
0.0087558 0.0016551
0.0095929 0.0016058
0.0103783 0.0015629
0.0112900 0.0015549
0.0120063 0.0015411
0.0122648 0.0015068
0.0116871 0.0014042
0.0112727 0.0013090
0.0120317 0.0013143
0.0140460 0.0014522
0.0161954 0.0016583
0.0171883 0.0018274
0.0173512 0.0019303
0.0180453 0.0020957
0.0207249 0.0024622
0.0254373 0.0030426
0.0334241 0.0041253
0.0500922 0.0065224
0.0815054 0.0117823
0.1000030 0.0145052
0.0775933 0.0108884
0.0381270 0.0055043
0.0215862 0.0032624
0.0142330 0.0021803
0.0125557 0.0018750
0.0131239 0.0019229
0.0154729 0.0022733
0.0249665 0.0037343
0.0569268 0.0085350
0.0787978 0.0114388
0.0377076 0.0060126
0.0165343 0.0028908
0.0150584 0.0026362
0.0191369 0.0034753
0.0258701 0.0057678
0.0148514 0.0045543
0.0154398 0.0060244
0.0131089 0.0064148
0.0126754 0.0066821
0.0227910 0.0112961
0.0399291 0.0212772
0.0441585 0.0296151
0.0493133 0.0362829
0.0253984 0.0208642
0.0092686 0.0072583
0.0063578 0.0048544
0.0057270 0.0038888
0.0078094 0.0046389
0.0123263 0.0066034
0.0194276 0.0095375
0.0474366 0.0247973
0.1316790 0.0710272
0.1025223 0.0582265
0.0365207 0.0202141
0.0188915 0.0105211
0.0172591 0.0092112
0.0229928 0.0112051
0.0271148 0.0125594
0.0199944 0.0094533
0.0146299 0.0065376
0.0156628 0.0063506
0.0179231 0.0070134
0.0179712 0.0072310
0.0191005 0.0078074
0.0248973 0.0098905
0.0333263 0.0123209
0.0475781 0.0161213
0.0547955 0.0172660
0.0577312 0.0171613
0.0519496 0.0150106
0.0421899 0.0115788
0.0315248 0.0082146
0.0178978 0.0045802
0.0118548 0.0028786
0.0085878 0.0019280
0.0075163 0.0015071
0.0078332 0.0013459
0.0091063 0.0013079
0.0109109 0.0013198
0.0122924 0.0013284
0.0131997 0.0013576
0.0137053 0.0013766
0.0131333 0.0013300
0.0124804 0.0013775
0.0129532 0.0016794
0.0135649 0.0020836
0.0145623 0.0026390
0.0141371 0.0028150
0.0138054 0.0030001
0.0164004 0.0036728
0.0242728 0.0051715
0.0434299 0.0083871
0.0971403 0.0167707
0.1548603 0.0248305
0.0898063 0.0151220
0.0204714 0.0033843
0.0106021 0.0016638
0.0075869 0.0011060
0.0070395 0.0009417
0.0069071 0.0008858
0.0063948 0.0008078
0.0054118 0.0006838
0.0068106 0.0008415
0.0106675 0.0013177
0.0169246 0.0021519
0.0141916 0.0021938
0.0101628 0.0019991
0.0072606 0.0017301
0.0032889 0.0009257
0.0026656 0.0008512
0.0021735 0.0008055
0.0019529 0.0008322
0.0027845 0.0013130
0.0048719 0.0022958
0.0118980 0.0055539
0.0339603 0.0170389
0.1359963 0.0663275
0.1943673 0.0902200
0.1388931 0.0628493
0.0657006 0.0293710
0.0106996 0.0038787
0.0062280 0.0020243
0.0050685 0.0014849
0.0052111 0.0013900
0.0075516 0.0018782
0.0082689 0.0019994
0.0069098 0.0016977
0.0068052 0.0017270
0.0086646 0.0022904
0.0115510 0.0032833
0.0165766 0.0048615
0.0310396 0.0085945
0.0709603 0.0171920
0.0810976 0.0171981
0.0334300 0.0074538
0.0098056 0.0025349
0.0068978 0.0020104
0.0068391 0.0021929
0.0093540 0.0030343
0.0242544 0.0073055
0.0623389 0.0167833
0.0431794 0.0128502
0.0050398 0.0020174
0.0019637 0.0009430
0.0015490 0.0008078
0.0020557 0.0011374
0.0034895 0.0019802
0.0067434 0.0039150
0.0173774 0.0096518
0.0579818 0.0297400
0.1451974 0.0731520
0.1358984 0.0642271
0.0617894 0.0255434
0.0120813 0.0047904
0.0061109 0.0025604
0.0050501 0.0021736
0.0053645 0.0021012
0.0058231 0.0019110
0.0068733 0.0019256
0.0087163 0.0021108
0.0115482 0.0025603
0.0148424 0.0029998
0.0174552 0.0033549
0.0252024 0.0047649
0.0406849 0.0077621
0.0366960 0.0077786
0.0467175 0.0100149
0.0860291 0.0187942
0.1453335 0.0332807
0.0937451 0.0220775
0.0333268 0.0081180
0.0186513 0.0047218
0.0148125 0.0040748
0.0151500 0.0044215
0.0190888 0.0055266
0.0291301 0.0077428
0.0391649 0.0087792
0.0383316 0.0070312
0.0312209 0.0047660
0.0226258 0.0030421
0.0157818 0.0019759
0.0114085 0.0013378
0.0091112 0.0009880
0.0079703 0.0007952
0.0083681 0.0007696
0.0106218 0.0009114
0.0169097 0.0013587
0.0257406 0.0020814
0.0291226 0.0024264
0.0289698 0.0026980
0.0326016 0.0032877
0.0374022 0.0039324
0.0273260 0.0030411
0.0096449 0.0014260
0.0066438 0.0011337
0.0082036 0.0014897
0.0122297 0.0028427
0.0083258 0.0021835
0.0126593 0.0038531
0.0232959 0.0079878
0.0632561 0.0264362
0.1886993 0.0715415
0.1918717 0.0656105
0.0796102 0.0214592
0.0347833 0.0083457
0.0214812 0.0045591
0.0123089 0.0023463
0.0080957 0.0014111
0.0052852 0.0008300
0.0040365 0.0005713
0.0030594 0.0003895
0.0024862 0.0002859
0.0021990 0.0002472
0.0014298 0.0001847
0.0010897 0.0001708
0.0010149 0.0002003
0.0013313 0.0003203
0.0024608 0.0006749
0.0057138 0.0017676
0.0132412 0.0049092
0.0258930 0.0116076
0.0595374 0.0282543
0.0734125 0.0410615
0.0551010 0.0223614
0.0082388 0.0031529
0.0028009 0.0012424
0.0016450 0.0008733
0.0015826 0.0010678
0.0018712 0.0014604
0.0032546 0.0026844
0.0070514 0.0053322
0.0184048 0.0131480
0.0841792 0.0591776
0.2371656 0.1569408
0.1883718 0.0880013
0.0323845 0.0119297
0.0123674 0.0039582
0.0084988 0.0022957
0.0097066 0.0020760
0.0111385 0.0021027
0.0107621 0.0020129
0.0100623 0.0019339
0.0116173 0.0023791
0.0134628 0.0031190
0.0161076 0.0043117
0.0204571 0.0058586
0.0286761 0.0080438
0.0465214 0.0112174
0.0415762 0.0087921
0.0155467 0.0034441
0.0074808 0.0016413
0.0054257 0.0011723
0.0055267 0.0011692
0.0072458 0.0014680
0.0111624 0.0021033
0.0152044 0.0025627
0.0120478 0.0020206
0.0079582 0.0013620
0.0057161 0.0009774
0.0049003 0.0008266
0.0049380 0.0008072
0.0053948 0.0008481
0.0059223 0.0009070
0.0073271 0.0010978
0.0127517 0.0018473
0.0298088 0.0041109
0.0687308 0.0102345
0.1259547 0.0204777
0.1258110 0.0207137
0.0589054 0.0100043
0.0243407 0.0048386
0.0210016 0.0047851
0.0251782 0.0061872
0.0401773 0.0099313
0.0603161 0.0133867
0.0338312 0.0078177
0.0100160 0.0025313
0.0045089 0.0010874
0.0026701 0.0006501
0.0018901 0.0004493
0.0016404 0.0003817
0.0018017 0.0004189
0.0019644 0.0004698
0.0026262 0.0006427
0.0046200 0.0012188
0.0096523 0.0030447
0.0173754 0.0057792
0.0223450 0.0089885
0.0529203 0.0242753
0.1028609 0.0457085
0.1239249 0.0498651
0.0274845 0.0108465
0.0082755 0.0034109
0.0047845 0.0020877
0.0021206 0.0008089
0.0013720 0.0005384
0.0011682 0.0005328
0.0010489 0.0004511
0.0012096 0.0004951
0.0018112 0.0007372
0.0039332 0.0015247
0.0102891 0.0038077
0.0309613 0.0111625
0.1738965 0.0628323
0.2835540 0.1086252
0.1714482 0.0582724
0.0203598 0.0074923
0.0053167 0.0020120
0.0022954 0.0008312
0.0016006 0.0005447
0.0016783 0.0005836
0.0015741 0.0005412
0.0015641 0.0005346
0.0018303 0.0006139
0.0020505 0.0006549
0.0022828 0.0006742
0.0026588 0.0007215
0.0038715 0.0009916
0.0071166 0.0017817
0.0163759 0.0039056
0.0273330 0.0063959
0.0218156 0.0057449
0.0114146 0.0037735
0.0091895 0.0035005
0.0126394 0.0051219
0.0216537 0.0092591
0.0495137 0.0188566
0.1016403 0.0328857
0.0779249 0.0244502
0.0327973 0.0115561
0.0243732 0.0077096
0.0212012 0.0059592
0.0192243 0.0049035
0.0173519 0.0039656
0.0130569 0.0028600
0.0124926 0.0024825
0.0142033 0.0024915
0.0166027 0.0025569
0.0208840 0.0028733
0.0270947 0.0033648
0.0286277 0.0033838
0.0285300 0.0032887
0.0280031 0.0032288
0.0289503 0.0034390
0.0360556 0.0044040
0.0643270 0.0076463
0.0731477 0.0090880
0.0371639 0.0049438
0.0132409 0.0018803
0.0075394 0.0011258
0.0051312 0.0007715
0.0043489 0.0006305
0.0048071 0.0006437
0.0066294 0.0008075
0.0103605 0.0011930
0.0142708 0.0016695
0.0162870 0.0019537
0.0233180 0.0028835
0.0423742 0.0054975
0.0741910 0.0108328
0.0866938 0.0147846
0.0704530 0.0145234
0.0791010 0.0161213
0.0927868 0.0157832
0.0639160 0.0099321
0.0252385 0.0035679
0.0146149 0.0017760
0.0106988 0.0011975
0.0090910 0.0008994
0.0095846 0.0008198
0.0112418 0.0008079
0.0166841 0.0010459
0.0244260 0.0013133
0.0381845 0.0017801
0.0522026 0.0021570
0.0524383 0.0020705
0.0413908 0.0017688
0.0267138 0.0013389
0.0245132 0.0013643
0.0253137 0.0015782
0.0259791 0.0018829
0.0256737 0.0022220
0.0268446 0.0027646
0.0296508 0.0035711
0.0335825 0.0047774
0.0490684 0.0086934
0.0917870 0.0244293
0.1048315 0.0357685
0.0514614 0.0191603
0.0161760 0.0062012
0.0119362 0.0048396
0.0119593 0.0046164
0.0220257 0.0093513
0.0347314 0.0108609
0.0354434 0.0083714
0.0297649 0.0063955
0.0189029 0.0042779
0.0174266 0.0038599
0.0244432 0.0051142
0.0328003 0.0065535
0.0383834 0.0070927
0.0198751 0.0037094
0.0065686 0.0014471
0.0032700 0.0008737
0.0017262 0.0005395
0.0008687 0.0003487
0.0005826 0.0002874
0.0005183 0.0002926
0.0006021 0.0003718
0.0008622 0.0005893
0.0014812 0.0011636
0.0027824 0.0026580
0.0054900 0.0065575
0.0094498 0.0121617
0.0170056 0.0218805
0.0391351 0.0529013
0.1251511 0.1658234
0.1899133 0.2341986
0.1216036 0.1189870
0.0194360 0.0162049
0.0071267 0.0054868
0.0048047 0.0035372
0.0039393 0.0025977
0.0033920 0.0019804
0.0030656 0.0015336
0.0031479 0.0013810
0.0040299 0.0015409
0.0064933 0.0021713
0.0126197 0.0036388
0.0230948 0.0059070
0.0268891 0.0066149
0.0169174 0.0043509
0.0101673 0.0029234
0.0083955 0.0026268
0.0092863 0.0030307
0.0150153 0.0048961
0.0220850 0.0070254
0.0264679 0.0091546
0.0372833 0.0136294
0.0469185 0.0153263
0.0641904 0.0166543
0.0578401 0.0123197
0.0339055 0.0067281
0.0185777 0.0035421
0.0108242 0.0019353
0.0070658 0.0011499
0.0059217 0.0008314
0.0061761 0.0007280
0.0055341 0.0006088
0.0051435 0.0005705
0.0051403 0.0006019
0.0062211 0.0007397
0.0096444 0.0010626
0.0183731 0.0018815
0.0328124 0.0035126
0.0397172 0.0043907
0.0474608 0.0054873
0.0739801 0.0083734
0.1100083 0.0126990
0.1310286 0.0161873
0.1219758 0.0152138
0.0869179 0.0100102
0.0401881 0.0041615
0.0241118 0.0022304
0.0155370 0.0013588
0.0103672 0.0009048
0.0076198 0.0007055
0.0071355 0.0006945
0.0085755 0.0008241
0.0107149 0.0009931
0.0094210 0.0008630
0.0080048 0.0007066
0.0073415 0.0005877
0.0092865 0.0006380
0.0139638 0.0008228
0.0216593 0.0011658
0.0328404 0.0017503
0.0541492 0.0031638
0.0999867 0.0063926
0.1342233 0.0092683
0.0690562 0.0051870
0.0264085 0.0021243
0.0211002 0.0017437
0.0246036 0.0019612
0.0336174 0.0025803
0.0293246 0.0026349
0.0205401 0.0022920
0.0143762 0.0019293
0.0160803 0.0023998
0.0241716 0.0037083
0.0227861 0.0040869
0.0086979 0.0020330
0.0033332 0.0011589
0.0017838 0.0008896
0.0011854 0.0007779
0.0009540 0.0007443
0.0010325 0.0009120
0.0016141 0.0015739
0.0033629 0.0034464
0.0087281 0.0084871
0.0259060 0.0266757
0.1279486 0.1302689
0.1839358 0.1771183
0.0899046 0.0744800
0.0138466 0.0103254
0.0052617 0.0040408
0.0038100 0.0027977
0.0039893 0.0026190
0.0059050 0.0033797
0.0104020 0.0050873
0.0099330 0.0043559
0.0064880 0.0025878
0.0044126 0.0017194
0.0031403 0.0012456
0.0025413 0.0010479
0.0025527 0.0011025
0.0025700 0.0011626
0.0026213 0.0012109
0.0033486 0.0015785
0.0053693 0.0025885
0.0108845 0.0052206
0.0259271 0.0121086
0.0721771 0.0288373
0.1035888 0.0426183
0.1029330 0.0516184
0.0686077 0.0374776
0.0355713 0.0185266
0.0217856 0.0104991
0.0151674 0.0069097
0.0109108 0.0047225
0.0083272 0.0034889
0.0068354 0.0027640
0.0059026 0.0022592
0.0054388 0.0019732
0.0053491 0.0018526
0.0053706 0.0017834
0.0055504 0.0017612
0.0058326 0.0017748
0.0061040 0.0017873
0.0062968 0.0017765
0.0063204 0.0017118
0.0062667 0.0016168
0.0062244 0.0015097
0.0063487 0.0014210
0.0068210 0.0013891
0.0076624 0.0014009
0.0089703 0.0014590
0.0107554 0.0015500
0.0126253 0.0016213
0.0149878 0.0017336
0.0181757 0.0019295
0.0212868 0.0021361
0.0218303 0.0021558
0.0185837 0.0018699
0.0143390 0.0015051
0.0107815 0.0011912
0.0082097 0.0009423
0.0065168 0.0007603
0.0056190 0.0006658
0.0052519 0.0006548
0.0050696 0.0007103
0.0046732 0.0007765
0.0041491 0.0008217
0.0041665 0.0009426
0.0050786 0.0012404
0.0077883 0.0019486
0.0156041 0.0038149
0.0384116 0.0092715
0.1002888 0.0240503
0.1427499 0.0364441
0.1105513 0.0311216
0.0732077 0.0209601
0.0605594 0.0171694
0.0787790 0.0216348
0.1215069 0.0307897
0.1475802 0.0330767
0.0515960 0.0116965
0.0209008 0.0047729
0.0120124 0.0025052
0.0083448 0.0016356
0.0067692 0.0012175
0.0067875 0.0010926
0.0090724 0.0013003
0.0179644 0.0022289
0.0398183 0.0039647
0.0293773 0.0029822
0.0154952 0.0016578
0.0151975 0.0015915
0.0244980 0.0025864
0.0219841 0.0025752
0.0126530 0.0015905
0.0075363 0.0009928
0.0065096 0.0008953
0.0075925 0.0010769
0.0126546 0.0017722
0.0261138 0.0035117
0.0664250 0.0074200
0.0950400 0.0104288
0.0576955 0.0071595
0.0255137 0.0035574
0.0184664 0.0026106
0.0142039 0.0019957
0.0124496 0.0017261
0.0115020 0.0016015
0.0109936 0.0015723
0.0100961 0.0015569
0.0089946 0.0015947
0.0081204 0.0016863
0.0089041 0.0021614
0.0127550 0.0035771
0.0201625 0.0065126
0.0364503 0.0143981
0.0498775 0.0225870
0.0336399 0.0165607
0.0174708 0.0100178
0.0106473 0.0074674
0.0090126 0.0073242
0.0090223 0.0082993
0.0113091 0.0114609
0.0140029 0.0145054
0.0194719 0.0193743
0.0338029 0.0326671
0.0567224 0.0544079
0.0969287 0.0968058
0.1227709 0.1237773
0.0536538 0.0518866
0.0161251 0.0150273
0.0073708 0.0068405
0.0044591 0.0039519
0.0032882 0.0026537
0.0028497 0.0020556
0.0027405 0.0017856
0.0025617 0.0015049
0.0025408 0.0013603
0.0026837 0.0013218
0.0029758 0.0013649
0.0032091 0.0013768
0.0033725 0.0013504
0.0035001 0.0013140
0.0036078 0.0012792
0.0037621 0.0012662
0.0039566 0.0012687
0.0041220 0.0012637
0.0042465 0.0012456
0.0043198 0.0012055
0.0043931 0.0011575
0.0045982 0.0011405
0.0049916 0.0011639
0.0055775 0.0012229
0.0063620 0.0013183
0.0073506 0.0014518
0.0083241 0.0015885
0.0090481 0.0017026
0.0094678 0.0017961
0.0095096 0.0018472
0.0093116 0.0018651
0.0089537 0.0018404
0.0085734 0.0018033
0.0082495 0.0017654
0.0079961 0.0017265
0.0078540 0.0016893
0.0078048 0.0016530
0.0078499 0.0016154
0.0080145 0.0015859
0.0082542 0.0015532
0.0084532 0.0015018
0.0086497 0.0014456
0.0088338 0.0013832
0.0087979 0.0013025
0.0085954 0.0012231
0.0082564 0.0011382
0.0079520 0.0010680
0.0077182 0.0010064
0.0076416 0.0009637
0.0077874 0.0009429
0.0082134 0.0009505
0.0089339 0.0009878
0.0097849 0.0010464
0.0108732 0.0011388
0.0121290 0.0012673
0.0135610 0.0014477
0.0151077 0.0016647
0.0165537 0.0018612
0.0179386 0.0020146
0.0192367 0.0021297
0.0198061 0.0021495
0.0190025 0.0020581
0.0172609 0.0019262
0.0154402 0.0018299
0.0139951 0.0018131
0.0133418 0.0018965
0.0133524 0.0020128
0.0132985 0.0020745
0.0134094 0.0021174
0.0135414 0.0020611
0.0133299 0.0018439
0.0127490 0.0015465
0.0119499 0.0012489
0.0109672 0.0010050
0.0096807 0.0008095
0.0082434 0.0006493
0.0066285 0.0005029
0.0050184 0.0003766
0.0036648 0.0002764
0.0025952 0.0002004
0.0018539 0.0001516
0.0013655 0.0001239
0.0010549 0.0001106
0.0009255 0.0001133
0.0009898 0.0001396
0.0013438 0.0002128
0.0022721 0.0003743
0.0047177 0.0007518
0.0110477 0.0017532
0.0263594 0.0043752
0.0693607 0.0118464
0.1887154 0.0309103
0.2028450 0.0361642
0.1015741 0.0171090
0.0331389 0.0061848
0.0169085 0.0036059
0.0089801 0.0020934
0.0051805 0.0013078
0.0033529 0.0008780
0.0027627 0.0007166
0.0031330 0.0007886
0.0041631 0.0010335
0.0044532 0.0011369
0.0041577 0.0011148
0.0035812 0.0010405
0.0029610 0.0009953
0.0023440 0.0008955
0.0022997 0.0009565
0.0023743 0.0011023
0.0024069 0.0012229
0.0026439 0.0014732
0.0030855 0.0019521
0.0040260 0.0031749
0.0062794 0.0064693
0.0087097 0.0103247
0.0111085 0.0143441
0.0198231 0.0258502
0.0429155 0.0548184
0.0911972 0.1138513
0.1259685 0.1571995
0.1111739 0.1380368
0.0521271 0.0731166
0.0262536 0.0397461
0.0171650 0.0245628
0.0115154 0.0151363
0.0073174 0.0089112
0.0045882 0.0052647
0.0033801 0.0035352
0.0031593 0.0029487
0.0032043 0.0026536
0.0033159 0.0024692
0.0036377 0.0024581
0.0038757 0.0024139
0.0040081 0.0023414
0.0038518 0.0021590
0.0035309 0.0019214
0.0034291 0.0017850
0.0035546 0.0017423
0.0036728 0.0016957
0.0038054 0.0016627
0.0039069 0.0016252
0.0040672 0.0016113
0.0044039 0.0016509
0.0050435 0.0017823
0.0061158 0.0020462
0.0075330 0.0024063
0.0088114 0.0026866
0.0092946 0.0026842
0.0092607 0.0025288
0.0091855 0.0023642
0.0095634 0.0023160
0.0103485 0.0023799
0.0111437 0.0024792
0.0113630 0.0024970
0.0108354 0.0023921
0.0097870 0.0021996
0.0086042 0.0019697
0.0076151 0.0017662
0.0069372 0.0016174
0.0064886 0.0015098
0.0062572 0.0014433
0.0060875 0.0013876
0.0061124 0.0013707
0.0063303 0.0013856
0.0066903 0.0014216
0.0072403 0.0014936
0.0080196 0.0016124
0.0089210 0.0017462
0.0095196 0.0018094
0.0099427 0.0018337
0.0101725 0.0018017
0.0099866 0.0016987
0.0095555 0.0015710
0.0092322 0.0014693
0.0091284 0.0013914
0.0090552 0.0013245
0.0089133 0.0012746
0.0089128 0.0012472
0.0090747 0.0012372
0.0092913 0.0012355
0.0096037 0.0012463
0.0100487 0.0012793
0.0105431 0.0013303
0.0110158 0.0013979
0.0113247 0.0014505
0.0111949 0.0014535
0.0108855 0.0014482
0.0106314 0.0014458
0.0103340 0.0014482
0.0101335 0.0014812
0.0099659 0.0015303
0.0097659 0.0015814
0.0094411 0.0016337
0.0089949 0.0016636
0.0085754 0.0016773
0.0083830 0.0016871
0.0084039 0.0016735
0.0084623 0.0016011
0.0086089 0.0014969
0.0088446 0.0013740
0.0089613 0.0012179
0.0088429 0.0010566
0.0085462 0.0009189
0.0080101 0.0007953
0.0070435 0.0006679
0.0057965 0.0005409
0.0046473 0.0004306
0.0036786 0.0003419
0.0027560 0.0002670
0.0020709 0.0002168
0.0016980 0.0001941
0.0016352 0.0002028
0.0018963 0.0002510
0.0026756 0.0003651
0.0044426 0.0005857
0.0083172 0.0010017
0.0167972 0.0018849
0.0360295 0.0040918
0.0917817 0.0114244
0.2061419 0.0276382
0.2054021 0.0297232
0.1086403 0.0157434
0.0406502 0.0057811
0.0293347 0.0039374
0.0242593 0.0031852
0.0214358 0.0027520
0.0212015 0.0026091
0.0259178 0.0030819
0.0501720 0.0052040
0.0761597 0.0067431
0.0447534 0.0041278
0.0144028 0.0015302
0.0078250 0.0008557
0.0056068 0.0006004
0.0049993 0.0005130
0.0061961 0.0006109
0.0069435 0.0007092
0.0059409 0.0006036
0.0061964 0.0006201
0.0078088 0.0007783
0.0131980 0.0012923
0.0294073 0.0029458
0.0707050 0.0077855
0.0609364 0.0077940
0.0271466 0.0038926
0.0172712 0.0026265
0.0162245 0.0025009
0.0177692 0.0027678
0.0171766 0.0027369
0.0204970 0.0032539
0.0323237 0.0048498
0.0521002 0.0075031
0.0653485 0.0098447
0.0443060 0.0075520
0.0219198 0.0041067
0.0152436 0.0029670
0.0129223 0.0025198
0.0134261 0.0024506
0.0194538 0.0031091
0.0223317 0.0034522
0.0112511 0.0020147
0.0054239 0.0011576
0.0038392 0.0008887
0.0033033 0.0008501
0.0033528 0.0009914
0.0042877 0.0014126
0.0073204 0.0026642
0.0115805 0.0053127
0.0093269 0.0061920
0.0052541 0.0045744
0.0040567 0.0047090
0.0037860 0.0058801
0.0042602 0.0086903
0.0060913 0.0151787
0.0102552 0.0281385
0.0254061 0.0730478
0.0651396 0.1849876
0.0507135 0.1343169
0.0200725 0.0630871
0.0161761 0.0522334
0.0181920 0.0600701
0.0279090 0.0901513
0.0332073 0.0954208
0.0255241 0.0656039
0.0179496 0.0430626
0.0086783 0.0205685
0.0046750 0.0099206
0.0025910 0.0048316
0.0015651 0.0025273
0.0012295 0.0016758
0.0013030 0.0014807
0.0017201 0.0016709
0.0026352 0.0022699
0.0040416 0.0031922
0.0066017 0.0049129
0.0104471 0.0074818
0.0135416 0.0092747
0.0158490 0.0105178
0.0209136 0.0136767
0.0256280 0.0164824
0.0225422 0.0141391
0.0160128 0.0098757
0.0106194 0.0064943
0.0080141 0.0048520
0.0067975 0.0039606
0.0065622 0.0035526
0.0072096 0.0035311
0.0083760 0.0036681
0.0097285 0.0038016
0.0110684 0.0038974
0.0118409 0.0038502
0.0108852 0.0034384
0.0087276 0.0027885
0.0070955 0.0022910
0.0062678 0.0019866
0.0058320 0.0017808
0.0056118 0.0016371
0.0054936 0.0015329
0.0053281 0.0014197
0.0052613 0.0013430
0.0051775 0.0012709
0.0051930 0.0012316
0.0053414 0.0012231
0.0055928 0.0012303
0.0059132 0.0012408
0.0062235 0.0012450
0.0063858 0.0012365
0.0064863 0.0012339
0.0066544 0.0012539
0.0069438 0.0013072
0.0072510 0.0013743
0.0077230 0.0014707
0.0081562 0.0015577
0.0085995 0.0016448
0.0089181 0.0017154
0.0092621 0.0018011
0.0096257 0.0018888
0.0101153 0.0019731
0.0106433 0.0020380
0.0110541 0.0020714
0.0114405 0.0020869
0.0119448 0.0020959
0.0123895 0.0020712
0.0123613 0.0019717
0.0121224 0.0018313
0.0116255 0.0016292
0.0108045 0.0013862
0.0098827 0.0011399
0.0087308 0.0009094
0.0076773 0.0007351
0.0066948 0.0006006
0.0057290 0.0004931
0.0048957 0.0004120
0.0042294 0.0003554
0.0037344 0.0003217
0.0032938 0.0003015
0.0030711 0.0003057
0.0032042 0.0003457
0.0037538 0.0004316
0.0049978 0.0005923
0.0075369 0.0008872
0.0125238 0.0014274
0.0224905 0.0024277
0.0442972 0.0043504
0.1092113 0.0087698
0.1881296 0.0144965
0.1301900 0.0114476
0.0575097 0.0059065
0.0344304 0.0039540
0.0271818 0.0032804
0.0236134 0.0028916
0.0251610 0.0029505
0.0358835 0.0036307
0.0276898 0.0029410
0.0137910 0.0015965
0.0099773 0.0011908
0.0090667 0.0010778
0.0104963 0.0012143
0.0160735 0.0017314
0.0233268 0.0024754
0.0474219 0.0050279
0.0649164 0.0071825
0.0382157 0.0045222
0.0164134 0.0022233
0.0105056 0.0015545
0.0092679 0.0014755
0.0083399 0.0014859
0.0070233 0.0014060
0.0059554 0.0013127
0.0068123 0.0015800
0.0116344 0.0027649
0.0287460 0.0070449
0.0285639 0.0083974
0.0135430 0.0048224
0.0078211 0.0032142
0.0072377 0.0032402
0.0085207 0.0040716
0.0106397 0.0050626
0.0099326 0.0048740
0.0096204 0.0049447
0.0125390 0.0066432
0.0155402 0.0087394
0.0280105 0.0167027
0.0660258 0.0413401
0.1018415 0.0682056
0.0736989 0.0531439
0.0513883 0.0387858
0.0539273 0.0409855
0.0559100 0.0426054
0.0517802 0.0396718
0.0468359 0.0351705
0.0380778 0.0284582
0.0295852 0.0207467
0.0226197 0.0145129
0.0182370 0.0106637
0.0163360 0.0087254
0.0150863 0.0075494
0.0143499 0.0069572
0.0114163 0.0054638
0.0084824 0.0040229
0.0061426 0.0028333
0.0046861 0.0020553
0.0040689 0.0016903
0.0038809 0.0015285
0.0041103 0.0015414
0.0045969 0.0016480
0.0050452 0.0017163
0.0052515 0.0016731
0.0057354 0.0017068
0.0065348 0.0018277
0.0073538 0.0019668
0.0082012 0.0021552
0.0089394 0.0023913
0.0093957 0.0025867
0.0091905 0.0025119
0.0087589 0.0022391
0.0084358 0.0019761
0.0083319 0.0017945
0.0081091 0.0016047
0.0075981 0.0013972
0.0071043 0.0012432
0.0067798 0.0011705
0.0066018 0.0011533
0.0067029 0.0011895
0.0069302 0.0012389
0.0072629 0.0013108
0.0078904 0.0014468
0.0087158 0.0016265
0.0093769 0.0017905
0.0094376 0.0018689
0.0091108 0.0018828
0.0087403 0.0018706
0.0083854 0.0018342
0.0080693 0.0017736
0.0076860 0.0016751
0.0074677 0.0015869
0.0074793 0.0015034
0.0075146 0.0013852
0.0076025 0.0012496
0.0075678 0.0010985
0.0073807 0.0009608
0.0070373 0.0008495
0.0064095 0.0007610
0.0055479 0.0006827
0.0044896 0.0005963
0.0034250 0.0005089
0.0026314 0.0004516
0.0020280 0.0004123
0.0016347 0.0003974
0.0014652 0.0004279
0.0015603 0.0005469
0.0020216 0.0008308
0.0031078 0.0014181
0.0052298 0.0025527
0.0092885 0.0048003
0.0185513 0.0101040
0.0406154 0.0230759
0.0604272 0.0354369
0.0607735 0.0371089
0.0492864 0.0305838
0.0449822 0.0277672
0.0562492 0.0328202
0.0819014 0.0441081
0.0770369 0.0380555
0.0374842 0.0190173
0.0176829 0.0106802
0.0131670 0.0083600
0.0112824 0.0072532
0.0098395 0.0061865
0.0079563 0.0051582
0.0068305 0.0044724
0.0067398 0.0044018
0.0050767 0.0037255
0.0041481 0.0033889
0.0047976 0.0036342
0.0060050 0.0043671
0.0069025 0.0055705
0.0083295 0.0074078
0.0138195 0.0129197
0.0319512 0.0268443
0.0640591 0.0436481
0.0506470 0.0325666
0.0231855 0.0158250
0.0189692 0.0115079
0.0222829 0.0119191
0.0161429 0.0084426
0.0102278 0.0055509
0.0101914 0.0052206
0.0139655 0.0066355
0.0275962 0.0119365
0.0382190 0.0162039
0.0300171 0.0134658
0.0208790 0.0105729
0.0174890 0.0094335
0.0147592 0.0081593
0.0148804 0.0081112
0.0189910 0.0096807
0.0271970 0.0124143
0.0221951 0.0104812
0.0154723 0.0077717
0.0130191 0.0067718
0.0121740 0.0062524
0.0134655 0.0063061
0.0161848 0.0069194
0.0159884 0.0066209
0.0127449 0.0052092
0.0092273 0.0037856
0.0065484 0.0027397
0.0047425 0.0020404
0.0038293 0.0016615
0.0034066 0.0014486
0.0033293 0.0013560
0.0035290 0.0013552
0.0039717 0.0014322
0.0046456 0.0015809
0.0056677 0.0018254
0.0070282 0.0021484
0.0083476 0.0024523
0.0097009 0.0027458
0.0106419 0.0028954
0.0110918 0.0028932
0.0108894 0.0027051
0.0100866 0.0023764
0.0090985 0.0020339
0.0083392 0.0017814
0.0079347 0.0016317
0.0076910 0.0015364
0.0075544 0.0014824
0.0074217 0.0014484
0.0072473 0.0014239
0.0071095 0.0014065
0.0069606 0.0013761
0.0069360 0.0013433
0.0069510 0.0013064
0.0070967 0.0012820
0.0071939 0.0012561
0.0074275 0.0012640
0.0077600 0.0012834
0.0081983 0.0013188
0.0086246 0.0013502
0.0090059 0.0013649
0.0091356 0.0013513
0.0089855 0.0013287
0.0085684 0.0012807
0.0082403 0.0012559
0.0081042 0.0012619
0.0082112 0.0013023
0.0083937 0.0013590
0.0087179 0.0014459
0.0094443 0.0015906
0.0105536 0.0017753
0.0114107 0.0019085
0.0117737 0.0019681
0.0122017 0.0020288
0.0127522 0.0020677
0.0129857 0.0020012
0.0128520 0.0018510
0.0120739 0.0016404
0.0104088 0.0013702
0.0084011 0.0010885
0.0065847 0.0008420
0.0050039 0.0006398
0.0037939 0.0004945
0.0029191 0.0003946
0.0023488 0.0003334
0.0020165 0.0003038
0.0019065 0.0003105
0.0020159 0.0003631
0.0024954 0.0005075
0.0035577 0.0008123
0.0055978 0.0014161
0.0095405 0.0028064
0.0170592 0.0063585
0.0330295 0.0158010
0.0684732 0.0349288
0.0755116 0.0357474
0.0459397 0.0204675
0.0296021 0.0144382
0.0221062 0.0114834
0.0166495 0.0093844
0.0125873 0.0078692
0.0104317 0.0069342
0.0092211 0.0059140
0.0107659 0.0067714
0.0163138 0.0099858
0.0329630 0.0208565
0.0850844 0.0642856
0.1398593 0.1025255
0.0910276 0.0554979
0.0387804 0.0212272
0.0278962 0.0152117
0.0249681 0.0128098
0.0244860 0.0118868
0.0237504 0.0110152
0.0211542 0.0092854
0.0169351 0.0070808
0.0132382 0.0055223
0.0098438 0.0041334
0.0080458 0.0031196
0.0078331 0.0026201
0.0094761 0.0026297
0.0111623 0.0027088
0.0077243 0.0018819
0.0042567 0.0010659
0.0028885 0.0007255
0.0022555 0.0005904
0.0017427 0.0004829
0.0013860 0.0004002
0.0012151 0.0003596
0.0012518 0.0003806
0.0015403 0.0004817
0.0024151 0.0007581
0.0049003 0.0015731
0.0112894 0.0039535
0.0208597 0.0083817
0.0298362 0.0138782
0.0263569 0.0134329
0.0299485 0.0162314
0.0397241 0.0210790
0.0354297 0.0190280
0.0244456 0.0140679
0.0175824 0.0105623
0.0162016 0.0103875
0.0164255 0.0116824
0.0175321 0.0136608
0.0197547 0.0173072
0.0278481 0.0255547
0.0379722 0.0381413
0.0614512 0.0598557
0.0785284 0.0588713
0.0484147 0.0288355
0.0224668 0.0126227
0.0128097 0.0068242
0.0081522 0.0041620
0.0060197 0.0029525
0.0057509 0.0026830
0.0067271 0.0029943
0.0075941 0.0033211
0.0091588 0.0039481
0.0147703 0.0060157
0.0299563 0.0110872
0.0471631 0.0165675
0.0405399 0.0152071
0.0334966 0.0139152
0.0243085 0.0109521
0.0166733 0.0078185
0.0111607 0.0052606
0.0080304 0.0037318
0.0066697 0.0029291
0.0058688 0.0024084
0.0051351 0.0019679
0.0045715 0.0016743
0.0042374 0.0014958
0.0040709 0.0013866
0.0040046 0.0013052
0.0040541 0.0012591
0.0042099 0.0012498
0.0044313 0.0012623
0.0048024 0.0013271
0.0052391 0.0014304
0.0056900 0.0015716
0.0062149 0.0017724
0.0068486 0.0020492
0.0076536 0.0024227
0.0085279 0.0028842
0.0095282 0.0034716
0.0108854 0.0042476
0.0126065 0.0051308
0.0141535 0.0058716
0.0145977 0.0061060
0.0147553 0.0060651
0.0148068 0.0057062
0.0139024 0.0048395
0.0130185 0.0039694
0.0121954 0.0031739
0.0113859 0.0025168
0.0105769 0.0020082
0.0096099 0.0016128
0.0084852 0.0012982
0.0070911 0.0010140
0.0055179 0.0007548
0.0042338 0.0005613
0.0033004 0.0004315
0.0026459 0.0003521
0.0022254 0.0003143
0.0020597 0.0003172
0.0021965 0.0003696
0.0028161 0.0005005
0.0041452 0.0007354
0.0066129 0.0011294
0.0111918 0.0018235
0.0198534 0.0031227
0.0380861 0.0057157
0.0845418 0.0117329
0.1037403 0.0147861
0.0711259 0.0106378
0.0378007 0.0061477
0.0211833 0.0036264
0.0131553 0.0023373
0.0095142 0.0017570
0.0079738 0.0015344
0.0074377 0.0014998
0.0081441 0.0017223
0.0112874 0.0024791
0.0161576 0.0036643
0.0244691 0.0057623
0.0472406 0.0114142
0.0619267 0.0158764
0.0539203 0.0148579
0.0509863 0.0152330
0.0540273 0.0183404
0.0390558 0.0141973
0.0219100 0.0084377
0.0212405 0.0081488
0.0247907 0.0093305
0.0253178 0.0089665
0.0157981 0.0058730
0.0096580 0.0040127
0.0073985 0.0034409
0.0076613 0.0038935
0.0112492 0.0060349
0.0184957 0.0113550
0.0134600 0.0100805
0.0105836 0.0097218
0.0146249 0.0140017
0.0297901 0.0296625
0.0803292 0.0748992
0.0826972 0.0625390
0.0372077 0.0264472
0.0179733 0.0134193
0.0161413 0.0116541
0.0150150 0.0105155
0.0147279 0.0095397
0.0153763 0.0092650
0.0201636 0.0107357
0.0169620 0.0081019
0.0132933 0.0060295
0.0201608 0.0086166
0.0415365 0.0167933
0.0777127 0.0327280
0.0767653 0.0307219
0.0506711 0.0192559
0.0338289 0.0114812
0.0254225 0.0080830
0.0190889 0.0059831
0.0184147 0.0055704
0.0214566 0.0063097
0.0293256 0.0086853
0.0403644 0.0113840
0.0249552 0.0064715
0.0093590 0.0022399
0.0055933 0.0013231
0.0042214 0.0009777
0.0040392 0.0008996
0.0048305 0.0010303
0.0069911 0.0013939
0.0120140 0.0022394
0.0235598 0.0043874
0.0418225 0.0070143
0.0370317 0.0062465
0.0179433 0.0030501
0.0108804 0.0018665
0.0100589 0.0017701
0.0104998 0.0019539
0.0114766 0.0023034
0.0148051 0.0031847
0.0215326 0.0049783
0.0296580 0.0073868
0.0320593 0.0078076
0.0312892 0.0073158
0.0305904 0.0066966
0.0344879 0.0069609
0.0379729 0.0071083
0.0417894 0.0074620
0.0536970 0.0093315
0.0862736 0.0147042
0.1218680 0.0208767
0.0872412 0.0156960
0.0564836 0.0110916
0.0354266 0.0077972
0.0200608 0.0049559
0.0119130 0.0032125
0.0077519 0.0022116
0.0056837 0.0016644
0.0047689 0.0014022
0.0044290 0.0013061
0.0044477 0.0013139
0.0047659 0.0013984
0.0053704 0.0015381
0.0061905 0.0017098
0.0070648 0.0018679
0.0079919 0.0019995
0.0087140 0.0019874
0.0089779 0.0018000
0.0087361 0.0015164
0.0081137 0.0012229
0.0073082 0.0009698
0.0064532 0.0007718
0.0056348 0.0006261
0.0047448 0.0005046
0.0038681 0.0004048
0.0031229 0.0003306
0.0025415 0.0002785
0.0021156 0.0002451
0.0018820 0.0002362
0.0018821 0.0002575
0.0022499 0.0003316
0.0032383 0.0004981
0.0054865 0.0008644
0.0108475 0.0018276
0.0254484 0.0047244
0.0838562 0.0147707
0.1694523 0.0307772
0.1183527 0.0244424
0.0475769 0.0129040
0.0350293 0.0123145
0.0329116 0.0130751
0.0366182 0.0149070
0.0474011 0.0184204
0.0547333 0.0169999
0.0314483 0.0101023
0.0156141 0.0067504
0.0101044 0.0052115
0.0071777 0.0042827
0.0064338 0.0039812
0.0071413 0.0045420
0.0102209 0.0058325
0.0173869 0.0087190
0.0341874 0.0130565
0.0267239 0.0090917
0.0111077 0.0047397
0.0083374 0.0040226
0.0085492 0.0042959
0.0090667 0.0051241
0.0079633 0.0048206
0.0039560 0.0027113
0.0025007 0.0019188
0.0022059 0.0016782
0.0029319 0.0020205
0.0056680 0.0038253
0.0121951 0.0083773
0.0283288 0.0213659
0.0535091 0.0438167
0.0641669 0.0500197
0.0540579 0.0416102
0.0393585 0.0338590
0.0289830 0.0250265
0.0175011 0.0151451
0.0153928 0.0138256
0.0174323 0.0165576
0.0190982 0.0187530
0.0201317 0.0194733
0.0265033 0.0248772
0.0439640 0.0399812
0.0640736 0.0543190
0.0566582 0.0464969
0.0488254 0.0378285
0.0408074 0.0283189
0.0308070 0.0192494
0.0214033 0.0125170
0.0139302 0.0077003
0.0096281 0.0048967
0.0067681 0.0032606
0.0045637 0.0021386
0.0034417 0.0015636
0.0030985 0.0013587
0.0030623 0.0013114
0.0032365 0.0013548
0.0034663 0.0014199
0.0037786 0.0015104
0.0041133 0.0016015
0.0043896 0.0016719
0.0046259 0.0017238
0.0048225 0.0017558
0.0049970 0.0017744
0.0051239 0.0017825
0.0053828 0.0018452
0.0057786 0.0019728
0.0062979 0.0021961
0.0069756 0.0025721
0.0078702 0.0030904
0.0088139 0.0035795
0.0092981 0.0037278
0.0087285 0.0031764
0.0080459 0.0025563
0.0077059 0.0021662
0.0074952 0.0019099
0.0075898 0.0018138
0.0079687 0.0018346
0.0086469 0.0019627
0.0093893 0.0021462
0.0098141 0.0022997
0.0099849 0.0024307
0.0099522 0.0025297
0.0096924 0.0025587
0.0092340 0.0024856
0.0087035 0.0023280
0.0082353 0.0021527
0.0078547 0.0019911
0.0075541 0.0018378
0.0072599 0.0016912
0.0072357 0.0016025
0.0074474 0.0015575
0.0079325 0.0015767
0.0088224 0.0016771
0.0097437 0.0017793
0.0107012 0.0018948
0.0116270 0.0020046
0.0118934 0.0020155
0.0119279 0.0019944
0.0115501 0.0019045
0.0107269 0.0017283
0.0098460 0.0015464
0.0090684 0.0013921
0.0085546 0.0012872
0.0079702 0.0011873
0.0073462 0.0011042
0.0069390 0.0010687
0.0067786 0.0010851
0.0067619 0.0011367
0.0068524 0.0012174
0.0070758 0.0013187
0.0073718 0.0014121
0.0077590 0.0014955
0.0081605 0.0015345
0.0083172 0.0014915
0.0085318 0.0014302
0.0087353 0.0013638
0.0088798 0.0013029
0.0087204 0.0012154
0.0082699 0.0011078
0.0076100 0.0009897
0.0067256 0.0008642
0.0056746 0.0007388
0.0047095 0.0006401
0.0037994 0.0005659
0.0027617 0.0004864
0.0018758 0.0004174
0.0012494 0.0003708
0.0008910 0.0003608
0.0007456 0.0004037
0.0007968 0.0005390
0.0011047 0.0008444
0.0019254 0.0015020
0.0039825 0.0029475
0.0092390 0.0065660
0.0222723 0.0163562
0.0713206 0.0515972
0.1567728 0.1084616
0.1216599 0.0880526
0.0608687 0.0473430
0.0397943 0.0346761
0.0318310 0.0286900
0.0280860 0.0256958
0.0295267 0.0269087
0.0385615 0.0370889
0.0376341 0.0321287
0.0164984 0.0140224
0.0101867 0.0091822
0.0090838 0.0081041
0.0102668 0.0086432
0.0115676 0.0092356
0.0135876 0.0102632
0.0198162 0.0133967
0.0270042 0.0164260
0.0266754 0.0155872
0.0196029 0.0107157
0.0230177 0.0116187
0.0383327 0.0177398
0.0599310 0.0240248
0.0501224 0.0181033
0.0287079 0.0093685
0.0198449 0.0060108
0.0168145 0.0048899
0.0169142 0.0047657
0.0183633 0.0049697
0.0249153 0.0066108
0.0339441 0.0083930
0.0259088 0.0063713
0.0090111 0.0020595
0.0054302 0.0012008
0.0043511 0.0009152
0.0040089 0.0007852
0.0042265 0.0007418
0.0050842 0.0007813
0.0065321 0.0008901
0.0091481 0.0011130
0.0140790 0.0015467
0.0241015 0.0024323
0.0491382 0.0045831
0.0874095 0.0072897
0.0720370 0.0058084
0.0394362 0.0031699
0.0344965 0.0026173
0.0380875 0.0028204
0.0452199 0.0033149
0.0532267 0.0039441
0.0575653 0.0043603
0.0580355 0.0045043
0.0517028 0.0040879
0.0421801 0.0032905
0.0373321 0.0029776
0.0282954 0.0023292
0.0202941 0.0016835
0.0171032 0.0014494
0.0155360 0.0013504
0.0135850 0.0011908
0.0095752 0.0008242
0.0068944 0.0005779
0.0050356 0.0004277
0.0043396 0.0003695
0.0039304 0.0003446
0.0038396 0.0003462
0.0042500 0.0003842
0.0058768 0.0005184
0.0104172 0.0008767
0.0224700 0.0017638
0.0541781 0.0042832
0.0844218 0.0067467
0.0757196 0.0065416
0.0802675 0.0073255
0.0785057 0.0075375
0.0417245 0.0044370
0.0415871 0.0046920
0.0428944 0.0049539
0.0358475 0.0045206
0.0379167 0.0048434
0.0351816 0.0042480
0.0169544 0.0021358
0.0090188 0.0013389
0.0063230 0.0011331
0.0053668 0.0011795
0.0070018 0.0018180
0.0133103 0.0040397
0.0357572 0.0133088
0.0345234 0.0145585
0.0151303 0.0068928
0.0113202 0.0061589
0.0134793 0.0078043
0.0207046 0.0118659
0.0428080 0.0236019
0.1268672 0.0603393
0.1567726 0.0665909
0.0722675 0.0255874
0.0236669 0.0083498
0.0128946 0.0044484
0.0083340 0.0029377
0.0086845 0.0034175
0.0092843 0.0038943
0.0124965 0.0052999
0.0178885 0.0071423
0.0170452 0.0062349
0.0093814 0.0033948
0.0049945 0.0020072
0.0033361 0.0014439
0.0022932 0.0010531
0.0029964 0.0013312
0.0035112 0.0015359
0.0057739 0.0022551
0.0128157 0.0044939
0.0259422 0.0091193
0.0571752 0.0207045
0.1087768 0.0373107
0.0721601 0.0215459
0.0186981 0.0054377
0.0073608 0.0022223
0.0036859 0.0012772
0.0022277 0.0009107
0.0015254 0.0007029
0.0014108 0.0007163
0.0017046 0.0009467
0.0023721 0.0014466
0.0040964 0.0025971
0.0083162 0.0053993
0.0237397 0.0142120
0.0421380 0.0236081
0.0322496 0.0214434
0.0171404 0.0144287
0.0119945 0.0116482
0.0118059 0.0129212
0.0188801 0.0186434
0.0224227 0.0241844
0.0212397 0.0285203
0.0348401 0.0471502
0.0656412 0.0749225
0.0509376 0.0672262
0.0267009 0.0380321
0.0120881 0.0166580
0.0061137 0.0080456
0.0041862 0.0051750
0.0034628 0.0038570
0.0034989 0.0035412
0.0043554 0.0042123
0.0063826 0.0060407
0.0106483 0.0098318
0.0172879 0.0162276
0.0250750 0.0257970
0.0275677 0.0322386
0.0222756 0.0253479
0.0140428 0.0144621
0.0080397 0.0075659
0.0049846 0.0042636
0.0036578 0.0027677
0.0034155 0.0021985
0.0037971 0.0020994
0.0045489 0.0022103
0.0055602 0.0024472
0.0060098 0.0025010
0.0057517 0.0023464
0.0051332 0.0020966
0.0047368 0.0019401
0.0046418 0.0018807
0.0048420 0.0019205
0.0051906 0.0020240
0.0055945 0.0021500
0.0060635 0.0022846
0.0065267 0.0023833
0.0067282 0.0023929
0.0064210 0.0022511
0.0062604 0.0021780
0.0061898 0.0021247
0.0059542 0.0020154
0.0056251 0.0018867
0.0055148 0.0018367
0.0054921 0.0018124
0.0053726 0.0017572
0.0054146 0.0017498
0.0055790 0.0017762
0.0059555 0.0018575
0.0065812 0.0020067
0.0073656 0.0021919
0.0081215 0.0023616
0.0087781 0.0024857
0.0092893 0.0025502
0.0096893 0.0025695
0.0099697 0.0025468
0.0099604 0.0024653
0.0098454 0.0023840
0.0096910 0.0023140
0.0096850 0.0022948
0.0095558 0.0022577
0.0092852 0.0021890
0.0091385 0.0021614
0.0089312 0.0021335
0.0087341 0.0021159
0.0084275 0.0020828
0.0081338 0.0020510
0.0079026 0.0020223
0.0076953 0.0019848
0.0074894 0.0019381
0.0074403 0.0019193
0.0073101 0.0018790
0.0071940 0.0018549
0.0070055 0.0018216
0.0067862 0.0017824
0.0067071 0.0017794
0.0068289 0.0018321
0.0071667 0.0019460
0.0076775 0.0021134
0.0083730 0.0023293
0.0093765 0.0026098
0.0107817 0.0029631
0.0122747 0.0033082
0.0137422 0.0036171
0.0141503 0.0036282
0.0129458 0.0032940
0.0109980 0.0027991
0.0092363 0.0023568
0.0081050 0.0020639
0.0074922 0.0018902
0.0071086 0.0017727
0.0069152 0.0017073
0.0067853 0.0016665
0.0067278 0.0016464
0.0067483 0.0016482
0.0068297 0.0016746
0.0069879 0.0017184
0.0072215 0.0017721
0.0074911 0.0018220
0.0077348 0.0018693
0.0081182 0.0019432
0.0084613 0.0020108
0.0088361 0.0020754
0.0093046 0.0021277
0.0096274 0.0021187
0.0095284 0.0020399
0.0093847 0.0019721
0.0092573 0.0019271
0.0089027 0.0018601
0.0084879 0.0017873
0.0082565 0.0017394
0.0082408 0.0017247
0.0083634 0.0017495
0.0086813 0.0018224
0.0092707 0.0019621
0.0099586 0.0021383
0.0106169 0.0023087
0.0108704 0.0023620
0.0109180 0.0023255
0.0107526 0.0022063
0.0106992 0.0021200
0.0107546 0.0020317
0.0103407 0.0018720
0.0097791 0.0016967
0.0093682 0.0015449
0.0088487 0.0014090
0.0084910 0.0013343
0.0082905 0.0013122
0.0081325 0.0013227
0.0080409 0.0013605
0.0078345 0.0014110
0.0076680 0.0014946
0.0078623 0.0016985
0.0084180 0.0020492
0.0092700 0.0025170
0.0103833 0.0030329
0.0114837 0.0034501
0.0120998 0.0036593
0.0123163 0.0036826
0.0122639 0.0035165
0.0120249 0.0031835
0.0119146 0.0028394
0.0120997 0.0025835
0.0124434 0.0024015
0.0126696 0.0022197
0.0126607 0.0020149
0.0120876 0.0017730
0.0110939 0.0015353
0.0094935 0.0012816
0.0078560 0.0010479
0.0062799 0.0008298
0.0046081 0.0006181
0.0032203 0.0004508
0.0022136 0.0003361
0.0015525 0.0002665
0.0011843 0.0002378
0.0010205 0.0002440
0.0010185 0.0002901
0.0012141 0.0004041
0.0017671 0.0006573
0.0030774 0.0011940
0.0063089 0.0024223
0.0142645 0.0053405
0.0352416 0.0125618
0.1097840 0.0338275
0.1872185 0.0532872
0.1167408 0.0348691
0.0506449 0.0163845
0.0354447 0.0121664
0.0299448 0.0104265
0.0261978 0.0092197
0.0246804 0.0086693
0.0301036 0.0102352
0.0281025 0.0088525
0.0164115 0.0051049
0.0096801 0.0030452
0.0083705 0.0025757
0.0090801 0.0027309
0.0104241 0.0031300
0.0147328 0.0042483
0.0255181 0.0072528
0.0528097 0.0143477
0.0809121 0.0192642
0.0517868 0.0121450
0.0191259 0.0046240
0.0107709 0.0026287
0.0079214 0.0019134
0.0070444 0.0016842
0.0075003 0.0017949
0.0098064 0.0023889
0.0151879 0.0037790
0.0253604 0.0065392
0.0386073 0.0100629
0.0531978 0.0132010
0.0638151 0.0145321
0.0611694 0.0130534
0.0426942 0.0084875
0.0304316 0.0059013
0.0251840 0.0047564
0.0208944 0.0037544
0.0132172 0.0023682
0.0072725 0.0013142
0.0038919 0.0007106
0.0024825 0.0004391
0.0018305 0.0003112
0.0014812 0.0002468
0.0012581 0.0002157
0.0011697 0.0002149
0.0011864 0.0002394
0.0013039 0.0002908
0.0016564 0.0004100
0.0026403 0.0007290
0.0050850 0.0015455
0.0109831 0.0035904
0.0260623 0.0090424
0.0777792 0.0310438
0.1422483 0.0594708
0.1033609 0.0423422
0.0373974 0.0146398
0.0172194 0.0072764
0.0099426 0.0047923
0.0061215 0.0035609
0.0043813 0.0029453
0.0041474 0.0031421
0.0051278 0.0043910
0.0086694 0.0080330
0.0180898 0.0178831
0.0298319 0.0287988
0.0219033 0.0209280
0.0153325 0.0155368
0.0177198 0.0193321
0.0269199 0.0277583
0.0396258 0.0466926
0.0709096 0.0681073
0.0859197 0.0616572
0.0439660 0.0288355
0.0186513 0.0136817
0.0119337 0.0084902
0.0079396 0.0052000
0.0049791 0.0029918
0.0034267 0.0018837
0.0031220 0.0015775
0.0028894 0.0014372
0.0026754 0.0013012
0.0030910 0.0014555
0.0041880 0.0018980
0.0064560 0.0027871
0.0108960 0.0044751
0.0197268 0.0078726
0.0386409 0.0148088
0.0694604 0.0247142
0.0756475 0.0266460
0.0530350 0.0199686
0.0313220 0.0124987
0.0182157 0.0075691
0.0121080 0.0051076
0.0091712 0.0037512
0.0080826 0.0030794
0.0081084 0.0028352
0.0082086 0.0026402
0.0080227 0.0023743
0.0074657 0.0020501
0.0066800 0.0017218
0.0062063 0.0014937
0.0060894 0.0013570
0.0061647 0.0012692
0.0063681 0.0012143
0.0065156 0.0011609
0.0066421 0.0011149
0.0067627 0.0010737
0.0068215 0.0010299
0.0068232 0.0009872
0.0068181 0.0009591
0.0068293 0.0009546
0.0070308 0.0009904
0.0073842 0.0010514
0.0078677 0.0011272
0.0085328 0.0012157
0.0091420 0.0012766
0.0094484 0.0012778
0.0095810 0.0012428
0.0095493 0.0011863
0.0095667 0.0011420
0.0095094 0.0010958
0.0090893 0.0010163
0.0082087 0.0008936
0.0068780 0.0007387
0.0052022 0.0005743
0.0037328 0.0004533
0.0027212 0.0003888
0.0021925 0.0003816
0.0020581 0.0004321
0.0024183 0.0005897
0.0035692 0.0009580
0.0058351 0.0016885
0.0091971 0.0028753
0.0140339 0.0048518
0.0209919 0.0083316
0.0270605 0.0128361
0.0351442 0.0198596
0.0666882 0.0403446
0.0912523 0.0559185
0.0593032 0.0373820
0.0300107 0.0219914
0.0276955 0.0224351
0.0281654 0.0237785
0.0266568 0.0243196
0.0303636 0.0291134
0.0414680 0.0394577
0.0817871 0.0595547
0.1131584 0.0636735
0.0552930 0.0275949
0.0167700 0.0098871
0.0108422 0.0063456
0.0082725 0.0047125
0.0074988 0.0040432
0.0079994 0.0039424
0.0094443 0.0041586
0.0116480 0.0046078
0.0134352 0.0050635
0.0142094 0.0053641
0.0173314 0.0062616
0.0212633 0.0073741
0.0262953 0.0090222
0.0326510 0.0112867
0.0334453 0.0120516
0.0275556 0.0102500
0.0215566 0.0080123
0.0188557 0.0067543
0.0180235 0.0061610
0.0170598 0.0055928
0.0138920 0.0044921
0.0103643 0.0033579
0.0077696 0.0025237
0.0062426 0.0020296
0.0054365 0.0017544
0.0050175 0.0015788
0.0048346 0.0014502
0.0048477 0.0013664
0.0050956 0.0013466
0.0055568 0.0013809
0.0062062 0.0014560
0.0068095 0.0015147
0.0073617 0.0015645
0.0079964 0.0016191
0.0086992 0.0016730
0.0093025 0.0016973
0.0095372 0.0016529
0.0095705 0.0015755
0.0096629 0.0015076
0.0097950 0.0014462
0.0098833 0.0013899
0.0099531 0.0013437
0.0102269 0.0013321
0.0107024 0.0013432
0.0111800 0.0013546
0.0115793 0.0013520
0.0116598 0.0013182
0.0115477 0.0012706
0.0114069 0.0012258
0.0110664 0.0011710
0.0105393 0.0011053
0.0098655 0.0010226
0.0087703 0.0009046
0.0074842 0.0007732
0.0061105 0.0006386
0.0048551 0.0005176
0.0038160 0.0004195
0.0030460 0.0003523
0.0025286 0.0003161
0.0022194 0.0003088
0.0021560 0.0003372
0.0024597 0.0004226
0.0033532 0.0006047
0.0053719 0.0009781
0.0097079 0.0017563
0.0191194 0.0034408
0.0438733 0.0075037
0.1053723 0.0169863
0.1078795 0.0186542
0.0570362 0.0110086
0.0280144 0.0062935
0.0233951 0.0057325
0.0209818 0.0057862
0.0171809 0.0056842
0.0089701 0.0034349
0.0054145 0.0024898
0.0041238 0.0022936
0.0043924 0.0027604
0.0065469 0.0043596
0.0140529 0.0096217
0.0441845 0.0394336
0.0978870 0.0879850
0.0675881 0.0598224
0.0279997 0.0273353
0.0159918 0.0159899
0.0102941 0.0100078
0.0070223 0.0067595
0.0050000 0.0050000
0.0033697 0.0034641
0.0027131 0.0026058
0.0031330 0.0028041
0.0037907 0.0033982
0.0041290 0.0035324
0.0066828 0.0056336
0.0134523 0.0111480
0.0314844 0.0269636
0.0788896 0.0712392
0.1266221 0.1072845
0.0994785 0.0833793
0.0467112 0.0395067
0.0196402 0.0160408
0.0089263 0.0071031
0.0046905 0.0035908
0.0028808 0.0021015
0.0021070 0.0014600
0.0018427 0.0011885
0.0019311 0.0011343
0.0022386 0.0012031
0.0026421 0.0013374
0.0030534 0.0014807
0.0034262 0.0016040
0.0038251 0.0017421
0.0043406 0.0019408
0.0049183 0.0021673
0.0056409 0.0024267
0.0063732 0.0026156
0.0068554 0.0026535
0.0072189 0.0026344
0.0075358 0.0025699
0.0081299 0.0025495
0.0091721 0.0026068
0.0102872 0.0026505
0.0112698 0.0026965
0.0120046 0.0027595
0.0125620 0.0028633
0.0125793 0.0028772
0.0118212 0.0026389
0.0102299 0.0021437
0.0085121 0.0016328
0.0071289 0.0012494
0.0062802 0.0010172
0.0059833 0.0009132
0.0060065 0.0008864
0.0060357 0.0008949
0.0063088 0.0009769
0.0070581 0.0011597
0.0087131 0.0015159
0.0118188 0.0021460
0.0167040 0.0031425
0.0209390 0.0042087
0.0216863 0.0048858
0.0192909 0.0048836
0.0178507 0.0050787
0.0196769 0.0062453
0.0262787 0.0088644
0.0430116 0.0143985
0.0784141 0.0235657
0.0886374 0.0264565
0.0745422 0.0219076
0.0476560 0.0147588
0.0266971 0.0093462
0.0199834 0.0071807
0.0169759 0.0063803
0.0130390 0.0051984
0.0099335 0.0041107
0.0117479 0.0048687
0.0174859 0.0072726
0.0330757 0.0134837
0.0806973 0.0276472
0.1127235 0.0338951
0.0620633 0.0188549
0.0222079 0.0067367
0.0121726 0.0034387
0.0085391 0.0021695
0.0068186 0.0016128
0.0042658 0.0009698
0.0034856 0.0007753
0.0028235 0.0006209
0.0025698 0.0005797
0.0026984 0.0005717
0.0030450 0.0005792
0.0050998 0.0008775
0.0107515 0.0017304
0.0286857 0.0045638
0.1021057 0.0174780
0.1895243 0.0350211
0.1097794 0.0218714
0.0423243 0.0091471
0.0349300 0.0072751
0.0269780 0.0053120
0.0129108 0.0025544
0.0047352 0.0009086
0.0030621 0.0005771
0.0028299 0.0005940
0.0028700 0.0006340
0.0037585 0.0008798
0.0054192 0.0013233
0.0074894 0.0018782
0.0128573 0.0032101
0.0225118 0.0057525
0.0405989 0.0109753
0.0690909 0.0185211
0.1156978 0.0268137
0.0956514 0.0192837
0.0365732 0.0081054
0.0224003 0.0050356
0.0145497 0.0033859
0.0125141 0.0028557
0.0080654 0.0018854
0.0051554 0.0012669
0.0042640 0.0011171
0.0052354 0.0015066
0.0078146 0.0023749
0.0177427 0.0051294
0.0551070 0.0164614
0.0679753 0.0242541
0.0384961 0.0168528
0.0282555 0.0148506
0.0283770 0.0158874
0.0354907 0.0207491
0.0708456 0.0369267
0.1184583 0.0518296
0.0641173 0.0258529
0.0170823 0.0062587
0.0072713 0.0024908
0.0047295 0.0014717
0.0039774 0.0010960
0.0053923 0.0013988
0.0079175 0.0020009
0.0090997 0.0021305
0.0121052 0.0025761
0.0135535 0.0026073
0.0227680 0.0041794
0.0391818 0.0067156
0.0427572 0.0070099
0.0300780 0.0054028
0.0245566 0.0045176
0.0164047 0.0034110
0.0161328 0.0035740
0.0203213 0.0045398
0.0372795 0.0081138
0.0640844 0.0132998
0.0535183 0.0106137
0.0196713 0.0043469
0.0083075 0.0020997
0.0052689 0.0015390
0.0051967 0.0017265
0.0058088 0.0020444
0.0065480 0.0024798
0.0036891 0.0017409
0.0016594 0.0010719
0.0011705 0.0009477
0.0013115 0.0012068
0.0024031 0.0023252
0.0063606 0.0061591
0.0206612 0.0213581
0.0685792 0.0822814
0.1050060 0.1093276
0.0859136 0.0793776
0.1124840 0.0987742
0.1269377 0.0928170
0.0286547 0.0175500
0.0103073 0.0060460
0.0046757 0.0024769
0.0028558 0.0013731
0.0028219 0.0011696
0.0038680 0.0012957
0.0056720 0.0017138
0.0082045 0.0022706
0.0133307 0.0033961
0.0235744 0.0056727
0.0465808 0.0106055
0.0989845 0.0195978
0.0933579 0.0166288
0.0347929 0.0057884
0.0146594 0.0022343
0.0091779 0.0013191
0.0060934 0.0008804
0.0046355 0.0006971
0.0040370 0.0006265
0.0045229 0.0006939
0.0058682 0.0008350
0.0080628 0.0010535
0.0126051 0.0015181
0.0199047 0.0022121
0.0286678 0.0030634
0.0303592 0.0032707
0.0194830 0.0021186
0.0098341 0.0011029
0.0078512 0.0009527
0.0082593 0.0011450
0.0088794 0.0014536
0.0102265 0.0019807
0.0160035 0.0034361
0.0342574 0.0078616
0.1030470 0.0210752
0.1871344 0.0276648
0.1165853 0.0161501
0.0396276 0.0066389
0.0337796 0.0059736
0.0361187 0.0062223
0.0354545 0.0057725
0.0386837 0.0055727
0.0411617 0.0052920
0.0420204 0.0048516
0.0637947 0.0064420
0.0683544 0.0060317
0.0523415 0.0040830
0.0374659 0.0027030
0.0228961 0.0015385
0.0138796 0.0008873
0.0109275 0.0007218
0.0105435 0.0007340
0.0119425 0.0008628
0.0134383 0.0009929
0.0131293 0.0010265
0.0100160 0.0008606
0.0069035 0.0006620
0.0056947 0.0006235
0.0050857 0.0006642
0.0041018 0.0006773
0.0038826 0.0008119
0.0049988 0.0013058
0.0096803 0.0029902
0.0244732 0.0081370
0.0655607 0.0214524
0.0680894 0.0266372
0.0306833 0.0129343
0.0097780 0.0048836
0.0043130 0.0026433
0.0024820 0.0018150
0.0018827 0.0016304
0.0015229 0.0015650
0.0016225 0.0018660
0.0023486 0.0028743
0.0031166 0.0046290
0.0052887 0.0090609
0.0083777 0.0150448
0.0177408 0.0283064
0.0485771 0.0693473
0.1040199 0.1404868
0.1664796 0.2181691
0.1055725 0.1363468
0.0266611 0.0368684
0.0101191 0.0150814
0.0047267 0.0076184
0.0026111 0.0040264
0.0019355 0.0024433
0.0019922 0.0017463
0.0024675 0.0014912
0.0031184 0.0014397
0.0039203 0.0015086
0.0050672 0.0016930
0.0064162 0.0019222
0.0067979 0.0019066
0.0059708 0.0016605
0.0049306 0.0013981
0.0042109 0.0012101
0.0039450 0.0011304
0.0039162 0.0011110
0.0039190 0.0010957
0.0039733 0.0010873
0.0041486 0.0011069
0.0043737 0.0011352
0.0045830 0.0011548
0.0048072 0.0011676
0.0051455 0.0012016
0.0055860 0.0012489
0.0061677 0.0013180
0.0067992 0.0013916
0.0073531 0.0014465
0.0077199 0.0014726
0.0078797 0.0014692
0.0078561 0.0014432
0.0079049 0.0014374
0.0082017 0.0014746
0.0087025 0.0015459
0.0094777 0.0016658
0.0105705 0.0018500
0.0118664 0.0020820
0.0130792 0.0023217
0.0138049 0.0024932
0.0142177 0.0026084
0.0144736 0.0026627
0.0147228 0.0026716
0.0146206 0.0025838
0.0141398 0.0024093
0.0133889 0.0021775
0.0127641 0.0019633
0.0119580 0.0017353
0.0107651 0.0014819
0.0091995 0.0012037
0.0076569 0.0009484
0.0062648 0.0007334
0.0048819 0.0005504
0.0037473 0.0004176
0.0028917 0.0003309
0.0022757 0.0002804
0.0018502 0.0002566
0.0015852 0.0002554
0.0015775 0.0002940
0.0020199 0.0004072
0.0033823 0.0006531
0.0069607 0.0012360
0.0151497 0.0027334
0.0316150 0.0063114
0.0803432 0.0163679
0.1440541 0.0306689
0.1414123 0.0317131
0.0738099 0.0175672
0.0211637 0.0057010
0.0095911 0.0031325
0.0050913 0.0019351
0.0032743 0.0014165
0.0025090 0.0012346
0.0024719 0.0012788
0.0032682 0.0016388
0.0058294 0.0027793
0.0145983 0.0070828
0.0347834 0.0168856
0.0509539 0.0275380
0.0345130 0.0191476
0.0161971 0.0089193
0.0096926 0.0046120
0.0069853 0.0031861
0.0063203 0.0028599
0.0070364 0.0030822
0.0094097 0.0040794
0.0138322 0.0064093
0.0229501 0.0125881
0.0324557 0.0194555
0.0385495 0.0213556
0.0495987 0.0232290
0.0814705 0.0401666
0.1181876 0.0583402
0.0957857 0.0396411
0.0642218 0.0241067
0.0432059 0.0160114
0.0266185 0.0098650
0.0162607 0.0060552
0.0102472 0.0038301
0.0065113 0.0024370
0.0045498 0.0017145
0.0037717 0.0014113
0.0035249 0.0012767
0.0037435 0.0013092
0.0041196 0.0013974
0.0043001 0.0014062
0.0044363 0.0014028
0.0046313 0.0014185
0.0048084 0.0014347
0.0050060 0.0014647
0.0051072 0.0014683
0.0050897 0.0014262
0.0049943 0.0013415
0.0049274 0.0012510
0.0050401 0.0012043
0.0052467 0.0011881
0.0054430 0.0011778
0.0057757 0.0012046
0.0062095 0.0012582
0.0067042 0.0013303
0.0071286 0.0013907
0.0074632 0.0014269
0.0077007 0.0014299
0.0077420 0.0013856
0.0077121 0.0013304
0.0076864 0.0012809
0.0076887 0.0012488
0.0076654 0.0012165
0.0077347 0.0012079
0.0077992 0.0012026
0.0077092 0.0011818
0.0075094 0.0011617
0.0072701 0.0011533
0.0070102 0.0011473
0.0068227 0.0011573
0.0067113 0.0011797
0.0067305 0.0012245
0.0068464 0.0012913
0.0068692 0.0013477
0.0068572 0.0014094
0.0068218 0.0014690
0.0067665 0.0015058
0.0066700 0.0014957
0.0064576 0.0014221
0.0060929 0.0012971
0.0056254 0.0011506
0.0050800 0.0010025
0.0045234 0.0008668
0.0038945 0.0007370
0.0032290 0.0006131
0.0026414 0.0005096
0.0021475 0.0004287
0.0016895 0.0003603
0.0013028 0.0003091
0.0010028 0.0002742
0.0007921 0.0002556
0.0006578 0.0002560
0.0006046 0.0002887
0.0006620 0.0003827
0.0008942 0.0005913
0.0014395 0.0010044
0.0026834 0.0018678
0.0058784 0.0040596
0.0147114 0.0097598
0.0362741 0.0232386
0.0804375 0.0517168
0.1580183 0.0988652
0.2585843 0.1429656
0.1618281 0.0833231
0.0433672 0.0244821
0.0250109 0.0155977
0.0149177 0.0097188
0.0087502 0.0059406
0.0058524 0.0041136
0.0044872 0.0032036
0.0042347 0.0028888
0.0050544 0.0030301
0.0086957 0.0040822
0.0200959 0.0065803
0.0192202 0.0058877
0.0082841 0.0028237
0.0053534 0.0017750
0.0056836 0.0017256
0.0078228 0.0021850
0.0130159 0.0034791
0.0190207 0.0049131
0.0228048 0.0059391
0.0155859 0.0042604
0.0066906 0.0018415
0.0041362 0.0010904
0.0035640 0.0009079
0.0038381 0.0009687
0.0043065 0.0011376
0.0040759 0.0011236
0.0037272 0.0010350
0.0039108 0.0010750
0.0037294 0.0010256
0.0041235 0.0011602
0.0064856 0.0019256
0.0121041 0.0038213
0.0236242 0.0076942
0.0476162 0.0150905
0.1026152 0.0311894
0.1446987 0.0418261
0.1069447 0.0299682
0.0645530 0.0178956
0.0369539 0.0105001
0.0208594 0.0060846
0.0120521 0.0036435
0.0076701 0.0024510
0.0056039 0.0018787
0.0046213 0.0016084
0.0041587 0.0014868
0.0039218 0.0014403
0.0039934 0.0014827
0.0043409 0.0015939
0.0045617 0.0016564
0.0045876 0.0016386
0.0047130 0.0016184
0.0049534 0.0015962
0.0052653 0.0015594
0.0056432 0.0015137
0.0060998 0.0014726
0.0064971 0.0014227
0.0069320 0.0013962
0.0075075 0.0014021
0.0082822 0.0014467
0.0092713 0.0015299
0.0102610 0.0016357
0.0110515 0.0017613
0.0115127 0.0018788
0.0116084 0.0019546
0.0113042 0.0019790
0.0107723 0.0019661
0.0097153 0.0017900
0.0087661 0.0015741
0.0082689 0.0014444
0.0081978 0.0013968
0.0085175 0.0014084
0.0092356 0.0014637
0.0104687 0.0015728
0.0122475 0.0017233
0.0142313 0.0018733
0.0163024 0.0020233
0.0176488 0.0020886
0.0181163 0.0020744
0.0171844 0.0019328
0.0155217 0.0017194
0.0133478 0.0014520
0.0110028 0.0011763
0.0087735 0.0009277
0.0068326 0.0007232
0.0051771 0.0005571
0.0038942 0.0004333
0.0028890 0.0003433
0.0021718 0.0002881
0.0017287 0.0002649
0.0015334 0.0002777
0.0015920 0.0003407
0.0019898 0.0004819
0.0029167 0.0007421
0.0049011 0.0012886
0.0092253 0.0027082
0.0207154 0.0071797
0.0552892 0.0215575
0.0574507 0.0247993
0.0296510 0.0132933
0.0170669 0.0081365
0.0171676 0.0082376
0.0201080 0.0097576
0.0275959 0.0132214
0.0440915 0.0202903
0.0895921 0.0375767
0.1366434 0.0492358
0.0871016 0.0304896
0.0382764 0.0143437
0.0287324 0.0110982
0.0194449 0.0078316
0.0120005 0.0050638
0.0075598 0.0034522
0.0049805 0.0024750
0.0038153 0.0020548
0.0032981 0.0019336
0.0039823 0.0024305
0.0052908 0.0035138
0.0097005 0.0071219
0.0217977 0.0162061
0.0310574 0.0225797
0.0207396 0.0183244
0.0167941 0.0165009
0.0138202 0.0160174
0.0141952 0.0171332
0.0244751 0.0304699
0.0444943 0.0490460
0.0359170 0.0336743
0.0193985 0.0179352
0.0116744 0.0107168
0.0078635 0.0060307
0.0060293 0.0043508
0.0056917 0.0038937
0.0071191 0.0045511
0.0105889 0.0062346
0.0133207 0.0072137
0.0212072 0.0098659
0.0358561 0.0168057
0.0684990 0.0284328
0.0505346 0.0203009
0.0208598 0.0089813
0.0134477 0.0061434
0.0119263 0.0055654
0.0133501 0.0065164
0.0200098 0.0107230
0.0387253 0.0208056
0.0382948 0.0178001
0.0328789 0.0135216
0.0337206 0.0128056
0.0244765 0.0091800
0.0185339 0.0069948
0.0131450 0.0050283
0.0095738 0.0036850
0.0076696 0.0029303
0.0065241 0.0024603
0.0059342 0.0022134
0.0056352 0.0020842
0.0055934 0.0020548
0.0056903 0.0020694
0.0057998 0.0020596
0.0057501 0.0019517
0.0057610 0.0018262
0.0057770 0.0016817
0.0057989 0.0015471
0.0057532 0.0014126
0.0056279 0.0012824
0.0054995 0.0011755
0.0054561 0.0011124
0.0055708 0.0011037
0.0057457 0.0011236
0.0059560 0.0011618
0.0061953 0.0012049
0.0064310 0.0012396
0.0066555 0.0012592
0.0067772 0.0012514
0.0068214 0.0012286
0.0067410 0.0011851
0.0068184 0.0011764
0.0070626 0.0011940
0.0073361 0.0012181
0.0076593 0.0012646
0.0080643 0.0013369
0.0084622 0.0014147
0.0089927 0.0015103
0.0094564 0.0015678
0.0094781 0.0015358
0.0092300 0.0014637
0.0090512 0.0013998
0.0089777 0.0013547
0.0088706 0.0013146
0.0088803 0.0012957
0.0088155 0.0012877
0.0087365 0.0012952
0.0087568 0.0013187
0.0089538 0.0013614
0.0093477 0.0014292
0.0098133 0.0014881
0.0101526 0.0014893
0.0098677 0.0013752
0.0089525 0.0011940
0.0079999 0.0010324
0.0071182 0.0008956
0.0061650 0.0007651
0.0051766 0.0006461
0.0043055 0.0005547
0.0035628 0.0004874
0.0029695 0.0004413
0.0025307 0.0004157
0.0021630 0.0004050
0.0018985 0.0004225
0.0017821 0.0004869
0.0018722 0.0006369
0.0022546 0.0009307
0.0031366 0.0014599
0.0049388 0.0024567
0.0085798 0.0045807
0.0162808 0.0096268
0.0365490 0.0226475
0.0888252 0.0509086
0.0815232 0.0475634
0.0341222 0.0202620
0.0155461 0.0109386
0.0107485 0.0087561
0.0083616 0.0076824
0.0072638 0.0074708
0.0073854 0.0082897
0.0097780 0.0106406
0.0121159 0.0140604
0.0119218 0.0151945
0.0123380 0.0155888
0.0161888 0.0182527
0.0240951 0.0219331
0.0393928 0.0309425
0.0832601 0.0580466
0.1465358 0.0773500
0.0966848 0.0453907
0.0347721 0.0183768
0.0175656 0.0098219
0.0117098 0.0064660
0.0083775 0.0044440
0.0070280 0.0033906
0.0062054 0.0028717
0.0058397 0.0026586
0.0059412 0.0026432
0.0058262 0.0025216
0.0054951 0.0023000
0.0052682 0.0021249
0.0051850 0.0020154
0.0051563 0.0019485
0.0053581 0.0019635
0.0056036 0.0019855
0.0055340 0.0019010
0.0050233 0.0017009
0.0044731 0.0014826
0.0041357 0.0013232
0.0039451 0.0012120
0.0036711 0.0010896
0.0033769 0.0009748
0.0032023 0.0009030
0.0031377 0.0008652
0.0032645 0.0008828
0.0035666 0.0009534
0.0041259 0.0011041
0.0049904 0.0013522
0.0060089 0.0016386
0.0070007 0.0018810
0.0081319 0.0021454
0.0092620 0.0023936
0.0096147 0.0023702
0.0094759 0.0022012
0.0093022 0.0020818
0.0089382 0.0019483
0.0083253 0.0017916
0.0077570 0.0016676
0.0073418 0.0015924
0.0069978 0.0015463
0.0068369 0.0015462
0.0067233 0.0015661
0.0066642 0.0016038
0.0066850 0.0016650
0.0068225 0.0017543
0.0071250 0.0018869
0.0074744 0.0020453
0.0078119 0.0022006
0.0080433 0.0023166
0.0081594 0.0023852
0.0081874 0.0024296
0.0082743 0.0024689
0.0082203 0.0024279
0.0081601 0.0023309
0.0080739 0.0021791
0.0078301 0.0019721
0.0076253 0.0017721
0.0073311 0.0015791
0.0071224 0.0014428
0.0071407 0.0013910
0.0075539 0.0014440
0.0077413 0.0014735
0.0073259 0.0013574
0.0068651 0.0012411
0.0067129 0.0011926
0.0068181 0.0012030
0.0071095 0.0012551
0.0075269 0.0013289
0.0079114 0.0014041
0.0081792 0.0014714
0.0083285 0.0015162
0.0084772 0.0015527
0.0084956 0.0015533
0.0084054 0.0015181
0.0082650 0.0014611
0.0081539 0.0014006
0.0081936 0.0013803
0.0084212 0.0014012
0.0088544 0.0014612
0.0094068 0.0015455
0.0099202 0.0016342
0.0105466 0.0017252
0.0110804 0.0017543
0.0110690 0.0016634
0.0105429 0.0014976
0.0096570 0.0013126
0.0085474 0.0011323
0.0075399 0.0009875
0.0064346 0.0008544
0.0054811 0.0007557
0.0047397 0.0006847
0.0040423 0.0006193
0.0033846 0.0005593
0.0027922 0.0005101
0.0022939 0.0004780
0.0019258 0.0004679
0.0016905 0.0004849
0.0016284 0.0005539
0.0017937 0.0007233
0.0022357 0.0010499
0.0030357 0.0015721
0.0046227 0.0024975
0.0080351 0.0043168
0.0155173 0.0080741
0.0322079 0.0168860
0.0826571 0.0410367
0.1160816 0.0582976
0.0768671 0.0419336
0.0365914 0.0260398
0.0242236 0.0198495
0.0195126 0.0177222
0.0177484 0.0174888
0.0185327 0.0191968
0.0224796 0.0246291
0.0253300 0.0282398
0.0203923 0.0233551
0.0160389 0.0184707
0.0174023 0.0187424
0.0225652 0.0211540
0.0236334 0.0209844
0.0234843 0.0199218
0.0227132 0.0185726
0.0263948 0.0200736
0.0423145 0.0325899
0.0451421 0.0362725
0.0253835 0.0178126
0.0150112 0.0097855
0.0120159 0.0072636
0.0109933 0.0062687
0.0117656 0.0062826
0.0148261 0.0073857
0.0188804 0.0092697
0.0276594 0.0140682
0.0275965 0.0143327
0.0266047 0.0132027
0.0232834 0.0112427
0.0161983 0.0078510
0.0111122 0.0052975
0.0076798 0.0036507
0.0057397 0.0027341
0.0050008 0.0023663
0.0047353 0.0022337
0.0051248 0.0023261
0.0055874 0.0023898
0.0057173 0.0022807
0.0058199 0.0021658
0.0059674 0.0021327
0.0062666 0.0021996
0.0067795 0.0023634
0.0073850 0.0025640
0.0082209 0.0028102
0.0094273 0.0031371
0.0104749 0.0033276
0.0102906 0.0030723
0.0098617 0.0027294
0.0096931 0.0024869
0.0099856 0.0023953
0.0104672 0.0023863
0.0111161 0.0024320
0.0117077 0.0024618
0.0116202 0.0023183
0.0104044 0.0019020
0.0091275 0.0015204
0.0084100 0.0013051
0.0080604 0.0011843
0.0078286 0.0011013
0.0076063 0.0010338
0.0074170 0.0009790
0.0073779 0.0009440
0.0074252 0.0009299
0.0075672 0.0009382
0.0078411 0.0009595
0.0082161 0.0009810
0.0083997 0.0009680
0.0083820 0.0009218
0.0080945 0.0008396
0.0074112 0.0007251
0.0065408 0.0006083
0.0056570 0.0005075
0.0048317 0.0004247
0.0040818 0.0003608
0.0034448 0.0003147
0.0028856 0.0002794
0.0024327 0.0002584
0.0021048 0.0002534
0.0019458 0.0002701
0.0019775 0.0003157
0.0022555 0.0004104
0.0028704 0.0005841
0.0040083 0.0008739
0.0061812 0.0013929
0.0107273 0.0025182
0.0216135 0.0054049
0.0576959 0.0155229
0.1100786 0.0330787
0.0889684 0.0283401
0.0463563 0.0138305
0.0319194 0.0094865
0.0316229 0.0093157
0.0249830 0.0082129
0.0280739 0.0094121
0.0363953 0.0119437
0.0610688 0.0185102
0.1381680 0.0355478
0.1909215 0.0499216
0.0915647 0.0222436
0.0324247 0.0082268
0.0219525 0.0056411
0.0167461 0.0042842
0.0144363 0.0037000
0.0152263 0.0037962
0.0149393 0.0033698
0.0102683 0.0022116
0.0070865 0.0014384
0.0055885 0.0010303
0.0045255 0.0007456
0.0041587 0.0006244
0.0042219 0.0005866
0.0052947 0.0006964
0.0073575 0.0009456
0.0118178 0.0014916
0.0199045 0.0024526
0.0257461 0.0031305
0.0235713 0.0029506
0.0246975 0.0031297
0.0261875 0.0035851
0.0155728 0.0026873
0.0086297 0.0019637
0.0063275 0.0017441
0.0052752 0.0017533
0.0052491 0.0020202
0.0059687 0.0026418
0.0076066 0.0036359
0.0091062 0.0043752
0.0096373 0.0048396
0.0090308 0.0057568
0.0108320 0.0085224
0.0184867 0.0161417
0.0178022 0.0189123
0.0091031 0.0126778
0.0077228 0.0124743
0.0091786 0.0151346
0.0139371 0.0225006
0.0242912 0.0349769
0.0517080 0.0638277
0.0579512 0.0689124
0.0316892 0.0426098
0.0248094 0.0346604
0.0275670 0.0368595
0.0340914 0.0431376
0.0419087 0.0491395
0.0451173 0.0515135
0.0435030 0.0492629
0.0440869 0.0488360
0.0347400 0.0371980
0.0282923 0.0299035
0.0239444 0.0244876
0.0182263 0.0179320
0.0131818 0.0127618
0.0099573 0.0092839
0.0064713 0.0056603
0.0041800 0.0034867
0.0032441 0.0025628
0.0027541 0.0020570
0.0023738 0.0016746
0.0020086 0.0013259
0.0016989 0.0010428
0.0015558 0.0008812
0.0015304 0.0007962
0.0015745 0.0007547
0.0016876 0.0007499
0.0019351 0.0008013
0.0023410 0.0009077
0.0030013 0.0010998
0.0039681 0.0013847
0.0052445 0.0017636
0.0069127 0.0022861
0.0090891 0.0030383
0.0117925 0.0040703
0.0153560 0.0055476
0.0190522 0.0074070
0.0181005 0.0069393
0.0115429 0.0042054
0.0080312 0.0028383
0.0060401 0.0020393
0.0050679 0.0016065
0.0046749 0.0014015
0.0044850 0.0012962
0.0044623 0.0012656
0.0046358 0.0012989
0.0049788 0.0013719
0.0054237 0.0014590
0.0060416 0.0015888
0.0067295 0.0017333
0.0075717 0.0019174
0.0084195 0.0020848
0.0090107 0.0021701
0.0091921 0.0021451
0.0092133 0.0020664
0.0091545 0.0019360
0.0091202 0.0017834
0.0091377 0.0016304
0.0091330 0.0014919
0.0088615 0.0013368
0.0078181 0.0011009
0.0062917 0.0008432
0.0048582 0.0006320
0.0036996 0.0004739
0.0028360 0.0003630
0.0022328 0.0002926
0.0017871 0.0002458
0.0014888 0.0002224
0.0013417 0.0002243
0.0014040 0.0002670
0.0017865 0.0003821
0.0028154 0.0006541
0.0053073 0.0012840
0.0113905 0.0027515
0.0257192 0.0061201
0.0724812 0.0166166
0.1780553 0.0398000
0.1448167 0.0316865
0.0615377 0.0140960
0.0412248 0.0101220
0.0364320 0.0090962
0.0379511 0.0091251
0.0446555 0.0101609
0.0367191 0.0094180
0.0204332 0.0067440
0.0164545 0.0059925
0.0160003 0.0057397
0.0175054 0.0060405
0.0211987 0.0070891
0.0299763 0.0092593
0.0489713 0.0143961
0.0646986 0.0183408
0.0496140 0.0132438
0.0213820 0.0054875
0.0154785 0.0036700
0.0147218 0.0032330
0.0167291 0.0033972
0.0227605 0.0042119
0.0356638 0.0059647
0.0602912 0.0090010
0.0811933 0.0113838
0.0544261 0.0080442
0.0321467 0.0052860
0.0224506 0.0040267
0.0143692 0.0028846
0.0092403 0.0020447
0.0054323 0.0012420
0.0031979 0.0007369
0.0020715 0.0004702
0.0015382 0.0003389
0.0012574 0.0002707
0.0011430 0.0002471
0.0010556 0.0002418
0.0009963 0.0002547
0.0009711 0.0002865
0.0009361 0.0003214
0.0009273 0.0003590
0.0010871 0.0004538
0.0016457 0.0007178
0.0031367 0.0014183
0.0064415 0.0030432
0.0119966 0.0059170
0.0222891 0.0114323
0.0504266 0.0276099
0.1229130 0.0718282
0.1690102 0.1040026
0.1654296 0.1024887
0.1059709 0.0642123
0.0574591 0.0321564
0.0391321 0.0209134
0.0291336 0.0142899
0.0186310 0.0089001
0.0123092 0.0053521
0.0081532 0.0033233
0.0054673 0.0020719
0.0041705 0.0014385
0.0026356 0.0008634
0.0023608 0.0006993
0.0028236 0.0007430
0.0046694 0.0010814
0.0111179 0.0023362
0.0176665 0.0038617
0.0155480 0.0035028
0.0123711 0.0027794
0.0105097 0.0023105
0.0056583 0.0013500
0.0032810 0.0008306
0.0025774 0.0006656
0.0023072 0.0006055
0.0023442 0.0006226
0.0031481 0.0008250
0.0057469 0.0015106
0.0120201 0.0033004
0.0240322 0.0068510
0.0493176 0.0139292
0.1221972 0.0339376
0.2608146 0.0616187
0.1852893 0.0377765
0.0608352 0.0117719
0.0333435 0.0067970
0.0164269 0.0034641
0.0074090 0.0015777
0.0036474 0.0007881
0.0021637 0.0004809
0.0016492 0.0003723
0.0017380 0.0003941
0.0024161 0.0005564
0.0043955 0.0010067
0.0087761 0.0019668
0.0198588 0.0041504
0.0415879 0.0095164
0.0460959 0.0128814
0.0286376 0.0093878
0.0102371 0.0034628
0.0078332 0.0025427
0.0082177 0.0027443
0.0107149 0.0035942
0.0150120 0.0049517
0.0295262 0.0094186
0.0626481 0.0190198
0.0887437 0.0266936
0.0913087 0.0260542
0.0653082 0.0171845
0.0261688 0.0064435
0.0130197 0.0027703
0.0079247 0.0015528
0.0055727 0.0010147
0.0049111 0.0008083
0.0056131 0.0008477
0.0081715 0.0011549
0.0101623 0.0015388
0.0106138 0.0017689
0.0090766 0.0017609
0.0101745 0.0024683
0.0121482 0.0040536
0.0110278 0.0050763
0.0101669 0.0059607
0.0143009 0.0091791
0.0274621 0.0164438
0.0629604 0.0376265
0.1051109 0.0616028
0.0810446 0.0485498
0.0494177 0.0307993
0.0532811 0.0303493
0.0434437 0.0210355
0.0225375 0.0106131
0.0209289 0.0089942
0.0231241 0.0090087
0.0264853 0.0093207
0.0347337 0.0107722
0.0275959 0.0078066
0.0194142 0.0052170
0.0162327 0.0041080
0.0176236 0.0040554
0.0275496 0.0054583
0.0510764 0.0089670
0.0451782 0.0079415
0.0208875 0.0037352
0.0111862 0.0019552
0.0081477 0.0013829
0.0067373 0.0011332
0.0077442 0.0012403
0.0119551 0.0018488
0.0273740 0.0043102
0.0455533 0.0080144
0.0338993 0.0066647
0.0169695 0.0031120
0.0159162 0.0030281
0.0149344 0.0033790
0.0162406 0.0043469
0.0243047 0.0075934
0.0592063 0.0185018
0.0496444 0.0159290
0.0171131 0.0059281
0.0080849 0.0029257
0.0064954 0.0023340
0.0068539 0.0024450
0.0107188 0.0039431
0.0171685 0.0065343
0.0299802 0.0128015
0.0488536 0.0221811
0.1033981 0.0503481
0.0986551 0.0482763
0.0407217 0.0192543
0.0276363 0.0120271
0.0219674 0.0090549
0.0161030 0.0061447
0.0107686 0.0039307
0.0067877 0.0025196
0.0043037 0.0017040
0.0030260 0.0013203
0.0026792 0.0012989
0.0033365 0.0016329
0.0057154 0.0026241
0.0125396 0.0051461
0.0232368 0.0089671
0.0476170 0.0167226
0.1043202 0.0335383
0.1311839 0.0437357
0.0828874 0.0289103
0.0386788 0.0135851
0.0216955 0.0072285
0.0134084 0.0043128
0.0090305 0.0028491
0.0064249 0.0020201
0.0045823 0.0014832
0.0036004 0.0012053
0.0033353 0.0011211
0.0036503 0.0012034
0.0044420 0.0014238
0.0056626 0.0017468
0.0072197 0.0021360
0.0089587 0.0025444
0.0106950 0.0028949
0.0121508 0.0030245
0.0123945 0.0027340
0.0116563 0.0022097
0.0106730 0.0017401
0.0098700 0.0014275
0.0091048 0.0012220
0.0083093 0.0010719
0.0076526 0.0009794
0.0071737 0.0009408
0.0067533 0.0009286
0.0059450 0.0008342
0.0045007 0.0005928
0.0034132 0.0004246
0.0027776 0.0003440
0.0024368 0.0003101
0.0023304 0.0003085
0.0024125 0.0003322
0.0028399 0.0004020
0.0039290 0.0005609
0.0065371 0.0009121
0.0126318 0.0017015
0.0265600 0.0035883
0.0600381 0.0082093
0.1164389 0.0165135
0.0999165 0.0160391
0.0390736 0.0069605
0.0170986 0.0035413
0.0105835 0.0025764
0.0073674 0.0021608
0.0045406 0.0017266
0.0032003 0.0014775
0.0026557 0.0014016
0.0022762 0.0014400
0.0017306 0.0013314
0.0014816 0.0012897
0.0017074 0.0016386
0.0024231 0.0025342
0.0043060 0.0046745
0.0101505 0.0111144
0.0281449 0.0313674
0.0889575 0.1065921
0.1511403 0.1486839
0.1147103 0.1018177
0.0682935 0.0667857
0.0506265 0.0500399
0.0303976 0.0297583
0.0183825 0.0171070
0.0110667 0.0099156
0.0079325 0.0066444
0.0065815 0.0050024
0.0055604 0.0038863
0.0046283 0.0031882
0.0048363 0.0032875
0.0071585 0.0048000
0.0132052 0.0085657
0.0229542 0.0146051
0.0279348 0.0178435
0.0253687 0.0163957
0.0187362 0.0120121
0.0124622 0.0074620
0.0087948 0.0047244
0.0071389 0.0034259
0.0062604 0.0027365
0.0057599 0.0023073
0.0056095 0.0020383
0.0057499 0.0018698
0.0060651 0.0017665
0.0064493 0.0017020
0.0067565 0.0016234
0.0070632 0.0015550
0.0073818 0.0014963
0.0078373 0.0014723
0.0083023 0.0014467
0.0087591 0.0014128
0.0093461 0.0013914
0.0100873 0.0013918
0.0106882 0.0013838
0.0109683 0.0013477
0.0105425 0.0012390
0.0096218 0.0010887
0.0084850 0.0009283
0.0072099 0.0007721
0.0058249 0.0006224
0.0046618 0.0005066
0.0037947 0.0004242
0.0031953 0.0003734
0.0027903 0.0003487
0.0026133 0.0003578
0.0025677 0.0003961
0.0025613 0.0004488
0.0027479 0.0005319
0.0032576 0.0006681
0.0043047 0.0009176
0.0063500 0.0014098
0.0107418 0.0024789
0.0218991 0.0053429
0.0544074 0.0143200
0.1575129 0.0529595
0.2181797 0.0783174
0.1423051 0.0450083
0.0460025 0.0140991
0.0298101 0.0086656
0.0252575 0.0071700
0.0229814 0.0072972
0.0209112 0.0070948
0.0262622 0.0093790
0.0317782 0.0099109
0.0224167 0.0054438
0.0110073 0.0023696
0.0061432 0.0013264
0.0043659 0.0009415
0.0047911 0.0010110
0.0058779 0.0012730
0.0069867 0.0014120
0.0134066 0.0027154
0.0169257 0.0035922
0.0091626 0.0019443
0.0070457 0.0014693
0.0043223 0.0009653
0.0038208 0.0008997
0.0048510 0.0011443
0.0084622 0.0019352
0.0170227 0.0039423
0.0274170 0.0066815
0.0373338 0.0099997
0.0434188 0.0132537
0.0496445 0.0160477
0.0536745 0.0167646
0.0713008 0.0219582
0.1025517 0.0301584
0.1447273 0.0358061
0.0843143 0.0198383
0.0414554 0.0098066
0.0251362 0.0056983
0.0148118 0.0034075
0.0093897 0.0021962
0.0070119 0.0015969
0.0069029 0.0014597
0.0094278 0.0018642
0.0152759 0.0027878
0.0239102 0.0039232
0.0327268 0.0048434
0.0373779 0.0050874
0.0328372 0.0042708
0.0241575 0.0030627
0.0180975 0.0021914
0.0141140 0.0016458
0.0102559 0.0011837
0.0071443 0.0008261
0.0053494 0.0006208
0.0041774 0.0004935
0.0035630 0.0004321
0.0033402 0.0004314
0.0036129 0.0005195
0.0043891 0.0007010
0.0061558 0.0010272
0.0106159 0.0017054
0.0230432 0.0033255
0.0599397 0.0073326
0.0931780 0.0114540
0.0734187 0.0094660
0.0269103 0.0043936
0.0123525 0.0022783
0.0084295 0.0016200
0.0076783 0.0015058
0.0082908 0.0015027
0.0108923 0.0020286
0.0057878 0.0011802
0.0026588 0.0005861
0.0016246 0.0004158
0.0012261 0.0003387
0.0009711 0.0002933
0.0009358 0.0003039
0.0013289 0.0004411
0.0026753 0.0008853
0.0073507 0.0023687
0.0241954 0.0084875
0.0992563 0.0383682
0.1178269 0.0582721
0.1317991 0.0682470
0.2210002 0.0956189
0.1612094 0.0491248
0.0255284 0.0066532
0.0112260 0.0024377
0.0051891 0.0013300
0.0045313 0.0011436
0.0054454 0.0013870
0.0067232 0.0017007
0.0079694 0.0018471
0.0116483 0.0024575
0.0194644 0.0033511
0.0279528 0.0037392
0.0285491 0.0035390
0.0193259 0.0020364
0.0225256 0.0020484
0.0348741 0.0030148
0.0511314 0.0041397
0.0424946 0.0031665
0.0238736 0.0015898
0.0146241 0.0009757
0.0074381 0.0005227
0.0053002 0.0003762
0.0051510 0.0003779
0.0064639 0.0004640
0.0093023 0.0005653
0.0133146 0.0007020
0.0108758 0.0006082
0.0057974 0.0003269
0.0036177 0.0002031
0.0032973 0.0001820
0.0038570 0.0002179
0.0035652 0.0002007
0.0041488 0.0002250
0.0068988 0.0003902
0.0118321 0.0008135
0.0156962 0.0014381
0.0235497 0.0027373
0.0567798 0.0071637
0.1945891 0.0243100
0.2059435 0.0233752
0.0692564 0.0084726
0.0423901 0.0052307
0.0296688 0.0038361
0.0100523 0.0014586
0.0072321 0.0011504
0.0080444 0.0011955
0.0096081 0.0014493
0.0038081 0.0006228
0.0030549 0.0004713
0.0048355 0.0005513
0.0050968 0.0005722
0.0062386 0.0006399
0.0045593 0.0006494
0.0063723 0.0011916
0.0072280 0.0025079
0.0034998 0.0020216
0.0019566 0.0019154
0.0010707 0.0013785
0.0008553 0.0012928
0.0012005 0.0019091
0.0024996 0.0037462
0.0085074 0.0167577
0.0360069 0.0511858
0.0362521 0.0439199
0.0260269 0.0306539
0.0640773 0.0732283
0.2407510 0.2115017
0.2102339 0.1640052
0.0307416 0.0275754
0.0100723 0.0100941
0.0046704 0.0047521
0.0023696 0.0023976
0.0015444 0.0014814
0.0011686 0.0010096
0.0009602 0.0007014
0.0009574 0.0006431
0.0013237 0.0008060
0.0022484 0.0013227
0.0038406 0.0023708
0.0051958 0.0032760
0.0067007 0.0043548
0.0116595 0.0076362
0.0284493 0.0205236
0.0291671 0.0208693
0.0238255 0.0166810
0.0171522 0.0113497
0.0113797 0.0071602
0.0088713 0.0053648
0.0071880 0.0041341
0.0070735 0.0038509
0.0076193 0.0040928
0.0080644 0.0044671
0.0083546 0.0048135
0.0085062 0.0051170
0.0084213 0.0051140
0.0082386 0.0050646
0.0078850 0.0049176
0.0073067 0.0045419
0.0065901 0.0041104
0.0056918 0.0035471
0.0048118 0.0029773
0.0041334 0.0025270
0.0037529 0.0022632
0.0036157 0.0021449
0.0035671 0.0020882
0.0033857 0.0019459
0.0031067 0.0017505
0.0028255 0.0015626
0.0026167 0.0014231
0.0025341 0.0013398
0.0025350 0.0012844
0.0022440 0.0011287
0.0017362 0.0008963
0.0013545 0.0007044
0.0011559 0.0005891
0.0010733 0.0005266
0.0010693 0.0004977
0.0011305 0.0004915
0.0012530 0.0005038
0.0014315 0.0005328
0.0016428 0.0005743
0.0018464 0.0006191
0.0020081 0.0006550
0.0021122 0.0006742
0.0021445 0.0006777
0.0021018 0.0006733
0.0020147 0.0006703
0.0018890 0.0006592
0.0016657 0.0006067
0.0013862 0.0005160
0.0011965 0.0004421
0.0011251 0.0004051
0.0011185 0.0003898
0.0011411 0.0003839
0.0011775 0.0003820
0.0012178 0.0003820
0.0012535 0.0003823
0.0012775 0.0003822
0.0012866 0.0003812
0.0012841 0.0003803
0.0012786 0.0003817
0.0012813 0.0003889
0.0013053 0.0004070
0.0013708 0.0004416
0.0015044 0.0004924
0.0017053 0.0005473
0.0019324 0.0005963
0.0021319 0.0006372
0.0022089 0.0006503
0.0021439 0.0006138
0.0020864 0.0005637
0.0020632 0.0005317
0.0019810 0.0005040
0.0018084 0.0004698
0.0015961 0.0004324
0.0014141 0.0004003
0.0012989 0.0003784
0.0012463 0.0003658
0.0012388 0.0003579
0.0012543 0.0003500
0.0012617 0.0003371
0.0012113 0.0003121
0.0010669 0.0002722
0.0008715 0.0002256
0.0006932 0.0001823
0.0005672 0.0001459
0.0005050 0.0001198
0.0005288 0.0001153
0.0007185 0.0001498
0.0013960 0.0002767
0.0042968 0.0007502
0.0177933 0.0026341
