0.0000000
0.0000000
0.0000000
0.0000000
0.0000000
0.0000000
0.0000000
0.0000000
0.0000000
0.0000000
0.0000000
0.0000000
0.0000000
0.0000000
0.0000000
0.0000000
0.0000000
0.0000000
0.0000000
0.0000000
0.0000000
0.0000000
0.0000000
0.0000000
0.0000000
0.0000000
0.0000000
0.0000000
0.0000000
0.0000000
0.0000000
0.0000000
0.0000000
0.0000000
0.0000000
0.0000000
0.0000000
0.0000000
0.0000000
0.0000000
0.0000000
0.0000000
0.0000000
0.0000000
0.0000000
0.0000000
0.0000000
0.0000000
0.0000000
0.0000000
0.0000000
0.0000000
0.0000000
0.0000000
0.0000000
0.0000000
0.0000000
0.0000000
0.0000000
0.0000000
0.0000000
0.0000000
0.0000000
0.0000000
0.0000000
0.0000000
0.0000000
0.0000000
0.0000000
0.0000000
0.0000000
0.0000000
0.0000000
0.0000000
0.0000000
0.0000000
0.0000000
0.0000000
0.0000000
0.0000000
0.0000000
0.0000000
0.0000000
0.0000000
0.0000000
0.0000000
0.0000000
0.0000000
0.0000000
0.0000000
0.0000000
0.0000000
0.0000000
0.0000000
0.0000000
0.0000000
0.0000000
0.0000000
0.0000000
0.0000000
0.0000000
0.0000000
0.0000000
0.0000000
0.0000000
0.0000000
0.0000000
0.0000000
0.0000000
0.0000000
0.0000000
0.0000000
0.0000000
0.0000000
0.0000000
0.0000000
0.0000000
0.0000000
0.0000000
0.0000000
0.0000000
0.0000000
0.0000000
0.0000000
0.0000000
0.0000000
0.0000000
0.0000000
0.0000000
0.0000000
0.0148093
0.3991023
1.1687708
1.5933657
1.3400561
0.8514813
0.6395864
0.7980852
1.9806979
7.8354115
22.1911087
47.3934937
70.8537674
80.8851089
82.9261169
93.0385895
128.1284790
179.0528107
208.4346771
202.1158295
200.5652771
212.8914337
200.0278625
129.6516418
45.9756126
63.0972214
181.1870880
409.8853149
639.6663208
664.2540283
554.5141602
429.8569336
321.1143494
246.6072235
188.4246521
96.0651855
16.5693665
14.3023777
31.4275513
101.8722610
167.8872070
159.1931305
137.7160187
126.7093353
125.6087265
100.3717041
76.6177902
43.8078232
23.2033272
47.0175743
126.4067841
230.6963806
331.3798218
363.8914185
297.3846436
254.8478088
247.8970947
383.2774048
345.0882568
241.0830536
176.3662567
141.8135376
118.8376999
108.4007568
102.9223404
101.3438797
83.8371201
60.4970894
36.0779839
19.5110188
23.6770287
22.8674889
13.8691511
7.5113678
4.5399275
3.1634161
2.2700884
1.7845054
1.4039835
0.7593979
0.4673865
0.6062437
0.7176978
0.6573039
0.7183719
0.7300590
0.6852417
0.4705796
0.3902083
0.4484925
0.5517175
0.7057435
0.7265114
0.7549341
0.7856665
0.6835162
0.6358267
0.6086321
0.6252250
0.5634122
0.5635006
0.6675451
0.7023956
0.5581172
0.7114576
0.9053885
1.1459391
5.9810452
27.7000179
90.4750977
201.5015564
310.6530457
328.8788452
226.4970551
123.0418930
69.8957367
54.9660339
82.9150314
298.0706482
509.6222229
443.3122864
294.0677795
211.4275055
216.1349640
229.7115936
195.3721771
83.0718765
30.3959103
32.1859436
132.7901917
283.6623535
245.5823364
213.4699554
238.3723450
229.3658142
178.9492188
141.2849121
102.0609360
59.2264862
28.4285793
27.5969524
35.4812469
49.3469887
61.3565483
59.6762276
56.8862991
51.2105255
35.0904617
13.1693935
3.2212796
0.2594078
11.6908560
214.3732605
587.9572754
838.9927368
846.7886963
710.3614502
586.6361084
418.6975098
246.0179901
131.5582886
42.0025406
23.8003769
56.4002304
69.5732117
50.3488541
88.7442474
145.3556671
140.9839172
117.1423111
89.4564514
61.7746201
42.1670952
30.3920708
30.6925316
25.7462673
19.5138798
36.1361122
49.9749336
46.2567139
43.5869751
35.9234543
32.1855850
42.7964554
50.4438705
27.6352501
2.7524562
0.2925712
7.3229041
101.7950897
215.0950470
220.5496063
161.5985107
113.5858154
82.9609909
69.9477768
60.9559097
51.0302696
37.0324593
14.3097258
3.6086206
1.5888803
19.3518963
88.8390198
156.5966187
199.3641663
210.6184692
176.4090424
114.1454239
64.6273270
41.3143005
23.9650574
16.3938580
15.1473808
9.2080717
5.3156872
4.4165616
2.8689489
1.2485833
0.5701019
0.2435579
0.2769719
0.5803437
0.4819617
0.4722754
0.4695765
0.6473337
0.6024309
0.4877410
0.5879911
0.6929561
0.8322933
0.9031556
0.9204317
1.1451722
1.6237428
2.0349829
2.5575294
3.0248477
3.5407605
3.6203554
3.5750508
4.0752277
5.3888397
6.0327420
7.0522728
8.6803064
10.1086559
10.9137135
10.2641449
6.3479590
2.3144932
4.9953771
46.7921371
166.2482605
350.9074097
502.8741150
483.0611877
326.3286133
165.0425720
82.7521896
51.2989273
28.8627377
102.8508759
302.1400757
285.8213196
116.3866272
39.4110184
38.9132729
75.9796371
310.3455200
552.4722900
540.2715454
379.7227173
255.7997894
168.0610962
91.6855240
94.6530457
140.0277100
119.8180008
123.3116989
139.7951813
142.5774078
106.1803284
106.5878677
173.7823639
223.0094147
171.8331909
158.8953857
201.3986053
188.4081726
142.4750977
135.5391388
166.8811035
187.7321014
214.2852020
313.2269592
419.3504944
456.9903564
525.6714478
539.7654419
463.1146851
285.1269836
186.2295227
278.1272888
310.2951660
195.9593353
97.2644043
78.7672501
72.1283340
106.4727249
175.8512726
198.0988159
140.4001465
81.1942902
47.2613602
18.3754272
24.3530121
71.0034637
83.0651245
77.4192734
59.8451004
29.0089073
3.1589017
4.5094810
4.0684800
1.9285345
7.5809894
41.5713921
110.4219513
171.7606812
166.3007965
105.6604538
42.7650604
72.6820831
177.1483002
243.1604919
207.9399261
121.0208664
90.6546478
81.8518753
42.9524269
30.7266273
28.8866463
74.8997040
262.6453857
521.5691528
658.8838501
524.3307495
319.1412964
165.6163330
121.7397232
96.7213516
39.5565910
22.3630466
40.3862801
80.8247986
139.6097260
185.3281250
193.7910614
220.9625244
399.5237427
708.3068237
816.3822632
565.4410400
233.9653625
59.9092903
12.3800411
5.1934142
5.2753367
8.8953857
13.7178364
16.0191116
46.0281143
319.7404480
864.7434082
1225.3431396
1043.1353760
570.6276245
354.0908813
221.2313995
104.6243515
36.3651657
26.2064838
40.9862518
59.5463943
58.3537865
50.8200836
69.4925308
176.4845734
441.5905151
810.2569580
1061.9024658
1077.0273438
1065.7648926
1002.6445923
728.2048340
428.0203857
234.8522034
125.3647537
100.1314697
19.3088684
0.7996274
0.3190858
0.5783269
19.8906479
73.3182983
68.3190689
23.9092827
3.7568250
2.8740389
3.0785010
2.8946850
1.8966146
0.9195299
0.5033269
0.5040488
0.5220729
0.3825815
0.5001167
0.6701660
0.7120171
0.8861164
1.0624996
1.5169193
1.8475811
1.7368958
1.4623122
1.0537481
0.5954517
0.7379645
0.7013333
0.7704678
0.7795927
0.6393107
0.6808425
0.7176745
1.0721164
1.5754950
1.7137239
1.4543155
1.0974067
0.9379475
1.1842483
1.1558989
1.2295326
1.5206522
2.2821372
2.9532135
3.3938682
3.3958883
2.9915988
2.5104256
2.2846460
1.8297514
1.1602052
0.7882898
4.2420573
13.2317162
71.0152130
211.1383820
351.5355530
378.0960388
283.3983765
182.4166870
87.5001831
63.3514099
27.3901157
9.0905914
21.3137188
61.6156769
79.9809570
35.4446945
7.8988075
10.2519226
21.6403999
43.0693092
216.9018250
585.7758789
954.1306763
1237.1566162
1360.1439209
1247.5014648
885.0646362
552.9846802
357.5443726
311.3075867
422.8365173
538.2099609
546.9569092
363.2891846
115.9376068
10.0162182
1.0053809
0.4123119
0.6894853
2.4948754
11.9102163
17.4376373
19.1437759
31.2479057
48.7534027
57.1679764
59.1526871
66.1105804
61.3705025
25.8671513
2.0790734
2.5355637
73.1956635
262.6394958
417.9236450
465.7508240
475.3553772
458.1576843
405.6106567
295.5334778
199.2925568
131.6394958
64.8236694
43.2640495
147.0151978
295.7366028
324.2825928
192.7486267
75.3703918
66.1359177
90.9455566
91.6690674
80.7515106
127.1765976
213.7832489
217.9897308
166.8209381
119.8926544
100.4205322
121.2909851
51.8355293
8.3659182
27.8417645
85.6163330
134.3063965
136.1268311
110.8029327
71.4379349
32.6203270
10.7482100
5.2670956
37.3535919
152.0517273
249.3181152
234.1986694
178.3909302
107.9473343
66.7095871
37.9096565
18.3472080
67.3429794
274.6453247
365.3932495
329.7052612
235.3974915
178.4148712
118.2686157
102.2798462
93.2255783
86.7134247
73.9013443
63.0827370
47.7841301
28.7396088
16.3509026
20.6196232
17.7394714
11.0613680
4.3578029
0.7458766
0.5886468
0.4160936
0.3884885
1.1824089
2.1041331
2.0073397
1.7452149
2.3278131
3.3783092
3.1252904
1.6709769
0.8200094
4.6503539
49.4117622
150.6788635
239.3102112
257.8417053
214.7144928
200.5060577
168.2121429
112.9872818
66.4135208
110.8628082
103.8411331
124.6476593
227.2010803
334.4765015
385.2232361
376.6186523
260.5750122
100.3218002
61.7770042
84.0411453
148.4837341
151.7379913
92.1533127
42.5563736
19.2300510
9.6318130
26.1357956
58.6375427
88.4784088
88.2748260
57.5393906
30.8982964
53.0805397
117.3549728
200.7866974
322.5705872
419.4389648
413.0318604
315.1372070
218.1092987
138.2444916
91.6137314
80.8638382
60.3405228
55.6792107
41.9641914
20.5620880
8.2645359
4.1843719
2.8996165
3.0245609
3.3529837
3.5566750
2.8259697
1.5888466
0.7370809
0.3297803
0.2809687
0.4130223
0.9336095
1.8516510
2.0480804
1.9731193
1.9179559
2.0007210
1.8611314
1.6522337
1.7096927
2.1057940
2.2127028
1.7515821
1.3537992
1.0786778
0.6985708
0.7453192
0.9948395
1.3095965
1.5726904
2.5356340
3.5143609
3.1611793
3.7760406
32.0763931
130.0578918
265.0659790
350.7802124
324.2357788
188.2828064
47.7476349
21.4709740
11.7504292
24.0364704
79.7668457
110.7375412
90.7580032
127.6866531
308.2248230
527.4649048
591.3049927
544.5720825
487.2014465
473.6855469
589.1193237
608.9616699
571.3126221
519.6913452
509.2892761
478.3410645
334.5913391
130.3151245
12.9592085
1.8602291
1.0674630
16.7016144
50.9550858
65.7171783
50.5735321
24.7211475
11.3651800
6.2468896
2.2573314
0.4374512
0.2820955
1.4245704
2.5834014
2.2245107
1.6060302
1.5265658
2.2196665
3.0703127
2.4784873
1.3596088
9.4787369
28.7865944
61.2632904
191.7535706
384.0372314
425.8204041
273.4229126
153.5278168
84.5249481
57.6201057
26.4686356
25.6398563
24.1840668
39.7022858
49.6842728
58.8916664
69.8515854
69.2054749
66.1290512
71.0465088
72.2910767
73.5634918
77.8215332
67.9331207
46.6996269
33.5907822
38.9211426
38.5355339
18.1979523
4.0257492
13.6913033
151.5681152
473.4808350
703.6790771
640.6434326
398.2653809
272.5906677
190.6309662
244.4950867
480.5483704
584.2576294
520.3410645
430.9857483
329.9085083
164.0294495
25.6422806
2.1946840
0.1240736
0.1881864
7.9969668
35.7060089
47.2283478
29.6417885
8.2363729
2.8993049
1.3432709
0.7645855
0.4671863
0.4543862
0.1955968
0.2119213
0.3032992
0.4932994
0.5738340
0.5857245
0.6231453
0.7818662
0.9460566
1.0414522
1.1460116
1.0725206
0.8004227
0.6618906
0.6907290
0.7615927
0.8442163
0.9118716
1.0479908
1.0027671
1.0904684
1.5099998
2.2190945
2.6736717
2.9005957
3.0694549
3.7740619
4.7009149
5.0139570
3.8390977
2.1334991
1.3159914
5.8548059
23.8002186
46.3074913
57.4746475
65.1190796
84.7895050
168.4216309
311.6439819
417.2671204
381.8504944
251.3534241
137.1267242
101.0056915
76.4929352
39.3626633
21.8377247
11.3996534
32.1025505
163.1875305
227.8699341
243.1793060
222.8934631
207.5016937
194.5950470
169.6202545
144.1562958
125.2912750
105.4730682
82.8091965
85.6331863
49.2260208
22.4683247
64.8675537
165.2327271
211.7991333
193.5389404
174.7976990
153.1745605
139.7926788
101.2611465
22.4835014
1.7544389
20.4088554
80.1002655
141.5164337
166.2798157
137.1148834
97.9888153
41.0609055
18.7432060
2.4479692
27.6299057
93.8281326
153.9670868
201.7146606
241.9648438
295.8202209
363.4393005
345.4541626
280.4214783
251.6236572
274.5965881
250.7812500
160.6691589
65.8310242
35.0537338
28.0976791
17.1267090
63.7149773
172.6710205
198.4469910
118.8960419
65.6391602
53.6296387
108.3018494
179.7176514
156.1327057
110.2634430
73.9597473
40.8516541
11.6055031
14.3000164
1.2499551
0.3744892
1.6019911
5.3372898
8.1699247
9.3745804
9.5888262
8.0177813
7.7761507
9.4298487
13.4728193
14.8306160
13.5405731
10.8105955
7.5167217
4.1306057
1.6866093
1.0541143
0.5313318
0.5841172
0.5480037
0.3429527
0.3125530
0.3663684
0.5010581
1.0153549
1.5925616
2.2835000
2.5026698
1.8575031
1.0989127
0.9385343
0.7725860
0.7142370
0.9647573
1.6410943
2.8293071
3.4131007
2.6565509
1.2430958
20.0228615
82.3574219
222.0797729
449.2829285
637.7119751
656.9032593
503.1407471
255.8462677
79.1793900
12.2693157
1.7247243
18.2169724
91.4687500
204.0332336
304.2255859
459.9816284
689.7137451
790.4047852
645.7888184
316.2377014
133.1482544
95.7882690
85.8901672
90.4668579
78.0944672
59.0533295
37.2790031
17.2318401
2.9947569
0.5702182
0.3291677
0.3049876
0.6060992
1.1259955
2.1801095
3.0944116
3.8124607
3.6668961
3.2587295
2.4495893
1.5188749
0.9489082
2.7267590
11.7954483
26.3541985
43.4208145
67.8060303
122.1998520
205.2785187
288.7675781
371.8322144
451.9053040
482.4339294
436.7413635
428.4574585
396.7492065
420.9690857
253.8568115
112.2441788
83.0319748
67.0377960
56.7133942
35.3745155
20.6491032
23.7639275
38.9796448
61.6575241
164.6518860
402.6337891
602.7712402
617.7218628
518.0617065
522.9783325
642.3850098
665.9482422
625.1383057
654.9035645
638.0617065
484.3593750
259.7190552
159.9238281
117.1810303
75.8796539
43.1437416
20.0648880
7.5264082
1.3087013
0.4047658
0.4819787
1.9155033
4.3997831
5.3826075
4.6073351
3.9419892
3.6916072
3.9190271
4.0445862
4.6369042
4.8525052
3.6807487
2.1427712
0.8662513
2.0073485
8.1369753
41.4803047
207.0201416
502.3750610
789.3821411
902.1132202
814.6533203
610.2778320
429.3652039
195.8182678
43.1164589
5.3244276
0.3452865
1.0052416
111.6126709
358.2468262
548.1149292
625.0465698
546.2032471
388.2213135
280.4882202
252.7433472
245.8694916
224.3445435
204.3060913
191.2925720
155.7174377
121.4359894
108.3340683
79.3872986
37.5317535
47.0950089
72.3059998
30.4970608
14.0139513
83.9498138
305.9826965
614.9642944
717.5717163
495.0307922
225.9516754
84.8065872
75.7185745
56.3810806
22.0998993
42.3639450
64.9401855
43.3300323
31.8382854
122.1972504
428.5408936
691.6318970
633.2385254
464.7639771
409.6419983
364.2662354
306.8100586
148.1099854
79.4936981
254.6213989
569.4943237
682.4095459
550.3103027
448.8034363
433.4975281
388.4814758
453.7379150
656.4091797
719.2016602
570.3759766
408.4208374
271.4642639
172.3299103
88.4757919
42.5657043
26.0373554
32.1201172
49.1423492
63.2476921
71.6108780
79.1040802
75.7733612
57.5745277
41.0166206
36.8726997
35.4750404
34.1752548
22.0577431
13.7046928
13.0769863
13.4846458
12.5678806
9.1852770
4.6605358
2.5291324
0.6210228
0.3225249
0.8034729
1.4250798
1.3673480
0.7794098
0.6821997
14.5437860
61.8593788
141.2537231
195.6851349
169.1386414
92.7683105
65.0541229
54.2924843
217.7003479
476.6398926
513.9381104
282.9799500
71.7096481
48.2007980
25.8638000
27.7761269
149.2868958
388.3564758
511.8253479
449.7823486
360.5195007
258.8038330
234.8320770
225.2105103
378.5708618
416.0456543
225.2233276
120.2252502
93.3212662
78.4788818
61.8957443
69.2340088
98.3225708
112.6370621
82.6703339
59.2992325
54.4877396
48.3489380
42.7767639
42.2806129
50.8659973
64.4776459
53.1556931
22.6190033
23.5790901
76.6057663
153.1330261
171.1861420
139.2623901
89.6381073
36.2607536
31.7888031
32.1794205
91.2693863
218.1051178
280.2587585
247.5014648
194.4670410
142.9799957
109.5555115
83.0506210
66.1041946
52.3616333
40.3337708
31.9128246
23.0518723
11.3903599
2.7402852
1.1455323
0.8449379
0.3015144
0.6697613
2.0257239
3.9367592
4.4712024
4.5696592
5.0431991
5.9190574
5.7976642
4.5233459
4.0274320
5.6085715
8.5820322
10.0855141
9.3052197
6.8886619
4.7604427
2.2183399
5.1905432
33.5728645
131.8901215
283.9927368
450.0585938
585.4585571
577.8616943
438.8088989
306.6763306
238.9438629
161.4048157
99.8916779
188.4067688
511.0705566
651.8530273
575.3953247
513.9995728
621.1538696
674.6502075
454.0523071
37.0266151
3.5088224
32.4403038
158.0193481
325.1727295
491.6438599
639.3368530
665.8209229
554.4304810
403.5384216
330.8068237
288.3274536
321.0117188
323.3387756
449.1308899
825.1102295
1169.9969482
1129.6411133
944.2147827
856.0469971
1293.6055908
1726.5748291
1600.5808105
1112.4061279
603.0612183
301.1957397
207.0615540
149.8109436
107.2660065
74.1944733
70.9003677
95.8087463
86.0491943
55.5220070
23.3605576
5.7091498
1.7131131
0.7223407
0.4418141
0.2591136
0.7656759
2.1846464
3.9866064
5.4158983
6.9867692
8.5322990
9.4616947
11.4732895
16.0569344
23.9802704
33.6982269
35.2886734
24.6763420
11.7452860
4.0172009
5.8149996
132.0443878
428.4761353
612.2204590
513.1760254
293.7316284
133.4550629
200.1792297
275.9313049
174.8367004
79.1922760
35.1065903
53.8805466
236.3902740
549.8529053
749.5042725
792.3905640
812.6817627
661.8112793
366.5056458
95.1774826
4.7164216
1.3854028
46.4738197
419.1707764
1115.3181152
1925.2692871
2553.2524414
2148.6022949
1024.1269531
206.5154266
94.1068802
103.0865784
127.0098038
135.4220276
152.0703735
175.5086212
189.4903717
182.1367950
160.2621613
279.9544067
764.4036255
1350.7879639
1509.9644775
1079.4714355
420.0461731
100.3249664
18.8984776
163.8217773
590.7471924
774.9739380
483.0640564
180.2981567
119.8706818
144.9065857
185.7021790
240.1149902
371.9082031
870.2006836
1610.3342285
2140.4838867
2003.2242432
1396.1903076
1200.9418945
1691.8397217
1759.8154297
1218.0087891
799.8870239
601.4505005
485.9353027
380.3711548
295.8177795
277.6986694
214.8226776
113.5788116
42.3020630
17.7774467
39.2188034
89.4538422
79.9755630
28.0493851
8.1517029
2.3266425
0.5569768
2.5874634
12.2753916
17.7228146
15.1999111
11.1452208
8.5379162
8.3036308
7.9532218
5.0431995
2.1315894
4.3002338
31.9201527
111.3100891
266.8716125
517.8065796
865.5173340
1218.7645264
1403.5844727
1289.2282715
1030.5660400
708.4897461
442.6597900
299.3090210
14.7634382
3.5977867
64.6166916
386.4335938
1038.3955078
1358.9521484
1517.0236816
1291.0682373
829.2867432
274.0238342
238.5344238
118.1964798
95.7767410
101.6324692
84.9053955
44.7066307
11.6352367
1.9989079
3.1345954
48.8700714
201.8201141
526.3928223
1307.6405029
3252.3686523
5776.2705078
6967.9521484
5955.8955078
3910.3232422
2119.1430664
1485.7612305
1426.1621094
1035.7326660
949.2911987
1217.0426025
2938.2751465
6145.6455078
5736.6523438
2452.2519531
656.8592529
359.7724304
221.8436584
237.1703796
147.6233215
81.5883484
42.8405418
52.1899300
10.9517078
2.2522464
2.1591554
17.7076855
46.5730896
47.7223549
27.4836159
12.5992031
5.2077122
3.2062352
7.0907450
17.8125305
24.2503586
20.9154282
15.1883602
11.4732275
10.4734221
12.3133469
10.5358572
4.9658890
5.3963976
40.5035934
160.9959717
356.3233032
500.3363647
450.8376465
206.3846436
38.2956505
5.8491440
26.6365395
175.0586395
405.5573730
377.3500671
204.2700958
56.6653862
19.0404110
30.0176811
59.0887146
54.8144035
23.2289371
49.0092773
150.4220886
443.7894592
1014.4941406
2150.5722656
3660.4208984
4620.2001953
4598.2910156
3872.9682617
3172.6137695
2302.2749023
1393.9499512
273.7903442
24.0253716
2.4286530
5.8310528
34.0322304
86.5128021
896.7857666
3462.0034180
5896.7250977
5797.4863281
3358.9240723
1305.4379883
871.4121704
768.1665039
701.7932129
598.0313721
504.7511597
512.6301270
553.6422729
568.7979126
503.2897339
375.8975220
418.8986206
805.7235107
1346.5209961
1525.7840576
1288.1953125
882.7741089
502.6056824
298.9005737
239.0170746
522.1587524
952.7113647
990.7233887
704.2011108
517.9914551
268.7510071
103.8550034
52.7407837
51.8275414
77.0034256
75.7885818
34.3007698
28.3964863
30.1029549
9.0242128
1.9943172
1.6013858
3.4032450
19.4243526
44.3043556
59.0409279
40.4674950
17.7454491
12.6691999
14.8462143
23.9005241
35.3020477
50.9798965
63.3890457
67.7817459
73.8371811
101.6429138
170.8488159
268.7780151
474.6784058
961.9272461
1547.0888672
1675.6033936
1382.1960449
1069.4289551
825.7066650
948.0761108
1178.6763916
1347.9282227
1389.6777344
1329.5449219
1111.2780762
720.1212769
295.9328003
100.9763184
72.7807922
78.1341629
98.8096619
119.9358139
131.6035767
123.0159607
87.0080795
47.2890854
52.7533340
192.3910675
463.7212524
583.2228394
545.6135864
439.8258057
305.1263123
160.3773651
263.3615417
180.3918762
64.3663940
35.1782608
21.1325073
28.7250137
58.7599297
83.5749359
64.7545547
25.9752808
14.9872360
16.8557434
14.3102074
8.8084764
4.1111073
2.6508493
14.4055004
22.3205605
44.9437523
98.1459732
257.5848694
557.9553833
1280.4376221
3277.4047852
5243.9257812
4864.4067383
2138.5708008
796.9428711
789.3023682
861.2437134
769.1611938
537.8137817
329.6062927
279.6784058
330.1672974
465.4259949
639.3125610
664.8086548
434.6734009
153.4258881
60.2644844
40.8735847
28.7113686
37.5122833
22.0989246
4.3009200
1.3849938
8.0010471
25.7092628
37.3854713
33.7257462
26.2714577
19.5446014
14.4234104
13.1875515
11.8180656
7.3167524
4.1505632
2.0071938
0.8480033
8.6274872
26.0375233
39.2074623
51.7863007
106.7891693
253.9093170
495.9166565
736.7546997
786.9475098
627.9329224
492.0501709
410.7272034
374.5515747
338.6936951
272.1412048
212.1262512
201.4760895
139.4049377
46.2141685
35.4737740
22.7852058
47.1978264
87.4469147
82.4990387
69.3280258
159.1473389
374.8103027
482.0987244
405.7238770
280.7845764
291.9437256
321.9923401
258.6043091
96.7444611
36.3016815
33.0728951
70.0251160
118.5824661
70.0330353
23.1639671
9.2597723
11.2858629
15.8385391
18.9420280
26.1139297
38.9762497
115.7220764
839.4100342
2784.7810059
4346.7099609
3565.5922852
1204.0487061
662.6025391
595.7941895
631.5097656
982.7128906
1316.5231934
1165.2235107
655.7301025
315.3558655
155.1203308
62.3916664
31.5350876
21.7169094
10.4247761
2.4083052
0.6773161
4.0084219
26.8470573
53.4765472
67.7012634
71.5821533
67.2198029
51.8739204
31.2919693
19.0624695
14.4755707
10.3787298
7.4165907
3.8849139
1.6833653
0.5334591
0.3078514
0.1858239
0.3038380
0.8313653
1.7031317
2.1573923
2.4002373
2.4673238
2.3589792
2.3279152
2.1980112
2.3489618
2.8151350
3.1610656
3.3065431
4.1295881
6.2950082
8.3269272
9.1027822
8.3695507
7.1401348
6.1961918
5.4494362
5.9771795
9.2594290
12.3172264
12.9161892
11.2335434
9.6747932
7.6341820
5.1146512
9.4218779
41.7458992
115.5402451
195.0237579
218.4182587
151.2903290
51.7713127
27.6300621
70.9033203
193.4960938
321.0131531
285.7598267
175.5468140
90.1417694
48.0548286
19.6529636
11.5781345
45.6057587
131.7052765
168.1600952
119.7514191
61.3903236
51.0969315
70.6813049
47.8220215
21.0976562
7.5782557
5.1095009
7.6330509
31.2864914
160.5659485
344.9345703
502.4679565
626.7869873
688.2102051
671.9427490
603.5264282
548.5721436
450.1941223
284.9472351
148.0546265
78.1705780
41.9119453
23.4546604
27.0989513
49.8581047
85.2105103
97.9591904
82.3038483
49.8298302
25.4971447
16.7244205
13.3983793
17.5723457
10.7456741
3.1464183
3.1370988
12.5219288
23.8615036
22.6173382
6.2751665
2.1208115
1.1346996
0.6890694
0.6628555
0.9531857
0.8059509
0.3003710
0.2447540
0.4501622
0.6388875
0.5305128
0.4559674
0.3891116
0.3516178
0.5214880
0.4770968
0.4482411
0.4987276
0.4083413
0.3553652
0.4124761
0.3968118
0.4243384
0.3685364
0.3758894
0.4251144
0.4840589
0.5163830
0.4640746
0.4124398
0.4431261
0.4891205
0.4998674
0.4869769
0.4206007
0.4892052
0.4358433
0.4974029
0.6530010
0.6850317
0.7799492
0.7070684
0.6274969
0.5694498
0.5279868
0.4880633
0.3424947
0.3081108
0.3201543
0.3548118
0.4014534
0.4184726
0.5213669
0.6197272
0.6665670
0.5804266
0.5447829
0.5839863
0.7142410
0.6733385
0.5649118
0.5641750
0.5413755
0.4304202
0.5227108
0.6427723
0.3997948
0.4124828
0.4303776
0.4444763
0.4305446
0.3956482
0.4650501
0.7556406
0.7658246
0.4333200
0.3873944
0.4119592
0.4917197
0.6886259
0.5062550
0.4323321
0.4379379
0.6393681
1.0262587
1.3380876
2.0158172
7.9725595
36.5307541
97.4734879
165.1975098
184.9451447
132.4461670
71.8744049
46.2684784
31.5193195
27.9915962
39.3036842
99.0523071
182.0803223
257.3835144
308.3790588
332.6577148
350.2000427
408.2674866
484.1918030
498.4216309
405.6640320
279.0767822
186.8683777
107.0928345
27.8401108
3.8236413
0.4410058
4.5534153
29.3979988
62.7153740
85.2885590
90.5137711
74.8694153
44.5423698
21.6399822
10.3790293
7.5464396
4.8961520
3.2651007
3.4908245
2.7564511
1.9398984
1.3427051
1.2366009
1.3444078
1.4764955
1.1002594
0.6972581
0.5224180
0.5780456
0.7284090
0.6721057
0.5402905
0.4915150
0.3794968
0.3972380
0.6113874
0.5704058
0.6145384
0.7098949
0.7138969
0.4347265
0.4422059
0.4357866
0.5039344
0.4806227
0.4502995
0.5377231
0.4215389
0.4348528
0.4249665
0.5965494
0.5971204
0.8226501
1.1474138
0.8390536
0.3065295
0.2899802
0.5170220
0.6554286
0.6517852
0.6524542
0.6082187
0.4109505
0.4821914
0.7186863
0.7941464
0.7224288
0.7054573
0.7866367
0.7872486
0.6033413
0.4196061
0.4537300
0.5674731
0.7378934
0.7415762
0.6206269
0.5497467
0.6304575
0.7820559
0.5858158
0.4927137
0.5903810
0.7507850
0.8447666
0.8168949
0.6611993
0.5238589
0.4858068
0.6463536
0.6704696
0.5165588
0.7675043
0.9397658
0.6171629
0.3691136
0.3669838
0.6905690
0.6364197
0.3879582
0.3764522
0.4166881
0.6583300
0.6658564
0.7230696
1.1298555
1.6114583
6.4651318
25.7384224
70.9423065
120.4362793
126.8600693
90.3750153
53.6921616
31.3117847
27.9707642
15.3734169
7.8579373
42.7782402
111.4760971
129.5982513
102.8658447
74.1625214
56.8022804
49.3753853
46.2141495
37.6570168
17.3236942
3.3736668
0.5363841
0.7788723
19.6485405
79.9850388
115.6339493
99.7406998
68.3899384
51.2547302
45.5557289
35.2608871
27.6706104
32.9754181
49.6361656
76.7592621
90.1384735
72.3367920
36.7424889
19.4717216
10.3427620
13.5923758
64.6494904
93.0571365
85.1960526
79.5009842
82.2827301
75.3680573
59.0365105
101.5842285
187.5908508
241.7217255
233.5715332
196.1698608
108.8433380
25.3032837
1.2435510
0.6664737
9.8849754
50.1365128
63.2990189
18.6983643
2.8607130
13.4828587
41.7719231
63.6440277
48.1887894
41.6189499
42.9563904
32.6319771
19.3957939
11.1923409
5.9514289
2.8424051
1.4164848
4.6679316
12.6449375
20.6318054
27.0294285
27.4431419
23.1361389
20.9045353
22.2986259
24.0706291
20.0938988
13.9936638
7.4867554
4.1693935
2.2819114
1.5480193
1.3846335
1.2143406
1.0052187
1.0802416
1.1257480
0.8503456
0.7103583
0.6700709
0.6015513
0.5603695
0.4479733
0.4909220
0.3143632
0.3185045
0.2925347
0.3388608
0.5048822
0.6592290
0.8129569
0.6485001
0.4300424
0.5060741
0.5246201
0.6292001
0.7972608
0.8548677
0.8508819
0.7195423
0.6201464
0.6774226
0.7045547
0.8013816
0.7054004
0.6776712
0.7154313
0.8403306
0.6941778
0.6466281
0.6597084
0.7070325
0.7707989
0.6897912
0.5104394
0.3871467
0.4007671
0.4947893
0.6648011
0.7672258
0.6664286
0.5323684
0.4770941
0.6188295
0.6555256
0.5697782
0.6774137
1.8206246
4.2844448
14.2789173
31.7713547
43.5129471
41.3174095
30.5763893
22.3257618
14.9841089
20.2390079
44.0698814
63.0492630
50.5719795
30.4187260
26.2797813
24.6144562
35.8479004
30.2590656
33.1002235
70.6624908
108.5881653
106.1564865
84.9700623
46.6159859
19.9086170
4.5132723
0.5209788
0.4278192
5.8918099
41.0004234
67.0614853
56.0204773
30.8043671
23.7029686
45.4357224
71.6378021
87.4402466
97.5548477
100.1308517
91.5362396
79.6184387
89.3853531
115.5027084
131.9419403
147.2051544
181.3913422
216.9511108
206.3515320
159.8769531
106.2510147
74.7102585
61.7492218
54.9591980
30.6221809
21.9641438
10.9288750
3.6895096
3.0445926
3.6235938
3.0021372
1.4519452
0.8444541
0.5696049
0.8344219
1.1605430
0.8973975
0.4825080
0.5198187
0.6486344
0.8048530
0.9278914
0.8717155
0.7165548
0.4638000
0.4229066
0.4904031
0.6119989
0.5337273
0.4346217
0.3221495
0.3089209
0.5067286
0.6022405
0.5152168
0.3810355
0.4696119
0.8136669
0.6913502
0.4226686
0.2926913
0.2421221
0.6119446
0.6639214
0.5024196
0.4870400
0.5039808
0.4803267
0.5421243
0.5543910
0.6091970
0.5960590
0.4893128
0.4472524
0.3799504
0.4348401
0.7986302
1.0768332
1.0732927
0.8861462
1.6229825
3.4996023
3.7044666
1.5931163
3.3395875
10.4972868
19.4873753
22.7073326
16.7220860
11.4771833
14.2762280
33.8986664
58.1992722
59.2186661
46.5171776
37.4197922
37.4608307
39.3256531
35.6095161
42.0814972
54.2686806
66.3944244
54.2598991
34.2251549
32.7602081
18.4676876
6.1699495
7.7245698
30.7389507
61.6688766
62.6269035
29.6949768
15.3034048
23.2236328
28.5263348
21.2063351
13.7159462
15.0179892
32.4412498
62.2422638
71.6508865
52.6350937
48.2921944
51.0888176
43.2056274
40.3939171
39.9809265
30.1760082
17.0133324
11.1271715
8.2770004
6.0486369
8.4016638
10.1090927
8.1986713
3.9125366
1.9897687
1.1334918
0.6766583
0.4646272
0.2983494
0.2043247
0.2587177
0.3801767
0.5201441
0.5945657
0.5307110
0.3747962
0.3997715
0.4531787
0.5437964
0.5717499
0.5068040
0.4430054
0.7281373
0.7490146
0.5928640
0.6414159
0.5352878
0.5687714
0.6999584
0.6387555
0.7146294
0.6489486
0.5470798
0.5199558
0.5670634
0.6444364
0.7441670
0.7914075
0.8042863
0.7525543
0.6010406
0.6605793
0.6125190
0.6677168
0.8051839
0.6570861
0.7288931
0.9022948
0.8241450
0.6353333
0.5833582
0.6258217
0.7122523
0.8600866
0.9943044
0.7683623
0.5078919
0.4241071
0.4247311
0.4386022
0.4728312
0.4898994
0.5818713
0.5718344
0.6104659
0.8691381
1.4512936
1.5840859
1.2230117
1.6341162
20.7042103
70.0049896
123.6804047
150.2922974
141.7811279
117.0098267
72.1643219
23.9058704
3.6245518
1.0811715
0.2683555
0.2320265
4.2049837
45.8077507
108.0710297
136.6263733
108.1795654
72.2738113
52.8252907
43.2309494
33.9104996
31.9024010
34.2889442
38.2800941
36.8251648
21.9407253
7.3788753
12.3258324
32.3811684
44.6768227
36.9949951
24.1516914
19.8832951
18.8813591
8.8147688
1.0349828
0.1876345
0.2717376
1.0064689
2.8421230
15.7405081
38.5104675
53.7517242
60.1613655
79.6298828
120.1259537
159.5231323
167.0713348
166.0100555
186.5122070
223.8668060
233.6800842
132.0154877
88.4204483
76.5134964
70.3947144
112.2825851
168.0771332
147.0106049
101.8646393
73.0216751
49.6691437
24.0360184
29.0550861
21.8019867
15.2450352
8.2627735
6.8150783
11.7332401
10.4521980
7.4413190
6.3295441
3.3214333
2.3737316
1.4531263
1.1472026
1.2705753
0.7846864
0.4572632
0.3084286
0.3723210
0.4428288
0.3504847
0.3212603
0.3593910
0.3755995
0.4160498
0.4294842
0.4860147
0.6983267
0.6528501
0.5895081
0.4538379
0.4940698
0.8237973
0.9622898
0.8503634
0.8460947
0.9527348
0.9319463
0.7326097
0.6799850
0.6321952
0.7004693
0.7759620
0.6772655
0.7283657
0.5970769
0.4048378
0.3210697
0.2882760
0.2612004
0.2931202
0.3667139
0.6234596
0.8192621
1.1123596
1.9074689
3.2840035
7.7970552
23.6180630
46.9748802
70.0472565
82.0903473
76.6669540
64.4302597
42.8594055
20.4535885
23.3883476
28.1505032
29.3836269
20.6357689
22.9079227
48.2623901
70.3181458
74.7577362
64.1528931
65.9912186
68.6692581
58.2024193
66.8737259
118.6455917
193.9828949
217.3841400
194.5685577
154.7713165
117.0358582
114.3174133
107.4023438
79.9328461
36.5756569
10.7824936
37.9475632
161.8518372
295.5946960
344.2416382
276.7578125
176.4852905
99.4128113
59.2622528
50.9053879
49.2005310
49.7159538
47.1524124
34.8917313
74.5225067
178.8143463
294.5106812
323.9462585
314.4630127
257.3199768
230.1987610
161.9447479
91.9493179
88.3277435
172.9304504
283.6054382
234.4875641
158.1988831
103.2644806
49.4050102
24.7290783
40.3673058
36.5019226
62.3899765
153.3102417
222.7051086
210.8203278
193.1124878
224.8880157
292.4932251
259.9110718
208.5029602
216.2637329
228.5610657
220.9392548
188.0277252
139.6411133
108.5825500
77.7924957
53.2088394
32.4172935
19.8683949
27.0020294
33.6538124
23.0648041
12.3747187
5.2227740
2.2234328
1.2951359
0.7433196
0.4377792
0.2745105
0.3097643
0.2300742
0.4684232
0.9677203
1.2422148
0.8483955
0.6001259
0.4326752
0.3874910
0.3466986
0.5190948
0.5498299
0.4772271
0.5159842
0.4061956
0.4081996
0.6111755
0.4670930
0.3577577
0.3258472
0.4526157
0.6268091
0.5945372
0.7278461
4.0549650
28.5641975
67.8881836
86.1242752
74.0752869
43.3637352
24.6663494
12.3869038
27.5326462
62.5445557
101.7227936
108.0287094
96.2045364
56.8457069
30.1876068
17.0021706
20.6677876
24.3383274
56.4698677
67.9550705
47.7643318
25.5990582
23.2580414
36.4679718
48.8298187
32.4098663
12.5576801
7.2760477
8.0251818
15.4634914
26.4183922
42.3277512
61.4729691
72.9834137
84.2713547
121.0180969
153.6280060
145.2892761
143.2835999
206.7754059
294.1523438
328.3779297
300.2872314
303.9915161
302.4404297
230.3977966
139.5334930
84.0660324
51.6511307
21.0568066
10.1069899
4.3910346
5.3131242
3.5489130
1.2663583
0.3359604
0.1295828
0.2413377
0.3988327
0.4392415
0.4039906
0.4512799
0.5669569
0.7337437
0.6883628
0.5004997
0.4532439
0.5430921
0.6684518
0.7701085
0.6643327
0.7631050
0.9288139
0.9224682
0.7156727
0.5505390
0.5342770
0.4819971
0.4083931
0.5195173
0.6651987
0.6639859
0.4819774
0.4218221
0.5088354
0.5968174
0.5888202
0.4671168
0.5315980
0.5873615
0.4796351
0.4317617
0.4440594
0.4104456
0.5664169
0.8066463
0.8240960
0.6618721
0.4764762
0.3830526
0.5770957
0.4527123
0.4334102
0.4219695
0.5465007
0.4732621
0.3424236
0.3148758
0.3433193
0.3652001
0.5345422
0.5852581
0.5838674
0.5749940
0.5934663
0.5413501
0.4438326
0.5143166
0.4888697
0.4292543
0.3788811
0.2859827
0.2965711
0.3412814
0.5614388
0.8872967
0.7915314
0.5710219
0.5024288
0.4759027
0.4724264
0.4845229
0.5579363
0.5354995
0.4766518
0.5195324
4.6986370
34.6307068
86.9263992
133.5233154
155.0843201
159.6777954
133.8332825
77.1629562
46.8889694
68.4966431
143.3772736
221.2459869
171.7837677
85.6352539
49.8715057
34.0097809
28.6651497
33.2138519
33.7563972
33.0251694
29.1412735
27.0815563
53.5882378
101.9591064
153.0570374
184.9443054
179.3381653
157.4151306
119.7153854
57.6651726
30.4953651
44.8149643
84.9660492
76.0929718
31.3130741
24.2395325
17.2874756
10.6902742
8.6697140
11.2336798
12.3517151
14.4850988
17.2440701
44.2052193
104.9883423
131.5130310
112.5977554
80.3000259
83.9976807
108.6731949
110.6281509
103.7928619
93.4816284
80.3172607
63.9480629
50.5260162
39.0728951
27.1557217
19.1523781
15.6620073
13.8474894
12.0933561
5.2750177
2.7278869
2.8835554
2.8085742
1.7632220
1.0967789
0.7505603
0.8432858
16.2511044
50.7089043
82.3168793
127.5933304
161.1728821
157.3425598
153.0659637
189.8561554
218.4490662
221.7608337
264.3291016
338.7165527
367.3560181
277.6864929
168.0139465
70.0901413
22.4432697
57.9945717
223.0353394
362.6271362
297.3683472
90.9780807
18.6635571
3.8533185
94.8955688
403.7737427
729.7775879
903.4857178
1012.9455566
979.8474121
681.0834961
216.1496277
68.7479706
53.2898483
149.9676208
204.0613861
168.6238708
141.0233002
141.2356873
133.5081482
111.2738495
103.7600327
124.3150406
249.8527527
624.2598877
1695.7270508
3015.8354492
3117.6440430
1667.5161133
632.7421265
440.3536987
806.6145630
1131.9372559
927.8347778
586.7745972
533.6884766
1582.3581543
2086.9270020
2209.8598633
1808.7502441
1079.0203857
504.0030518
280.1681824
218.6509552
152.4037018
98.1316223
54.0130463
57.2706070
88.6617203
146.6985474
168.8763733
126.6675262
53.0973930
20.7544365
15.3273735
20.3543320
20.7279053
19.7217102
21.8882141
25.9116669
29.6097832
28.6242447
24.2332249
16.6765175
9.7368679
4.6834068
2.1086671
0.5922177
0.2017155
1.8171556
3.6752713
1.6848226
0.6512131
0.4106685
0.3536176
0.3515421
0.4143049
0.4209831
0.5034805
0.7389757
1.0153311
1.1031345
0.8365501
0.6616147
0.7873672
0.7569012
0.6978316
0.5619710
0.7259510
0.7978526
0.7235926
0.5876487
0.5301942
0.6749446
0.8653896
0.7924104
0.8281468
0.9453105
1.2371871
1.2943656
1.0318998
0.7676284
0.7185387
0.6087240
0.7742230
0.7691850
0.6426901
0.9174622
0.9374782
0.9446738
1.2267761
1.2301159
0.9272470
0.6913027
0.7247157
0.8175572
0.6013226
0.6358629
0.5991579
0.4904574
0.4519941
0.6097552
0.7765683
0.7126129
0.7101834
0.8519182
0.8858980
1.0694994
1.5498699
1.6075230
1.0307066
0.4890283
0.3611938
0.5166869
0.7051713
0.7251783
0.6342727
0.5149701
0.5620182
0.5701887
0.7436956
1.1291680
1.3059080
0.9056408
0.5539580
0.4986476
0.4552365
0.5534741
0.7118266
0.5759909
0.4888997
0.5002670
0.6029379
0.4695418
0.3037528
0.3192120
0.4464805
0.4919854
0.5214323
0.6768803
0.6031876
0.5332394
0.4454173
0.4810781
0.5410683
0.5267460
0.7016006
0.5885850
0.4115431
0.3273616
0.3458126
0.4118655
0.5922108
0.6744932
0.6440266
0.4578686
0.3923659
0.4838355
0.6140249
0.6981007
0.7176942
0.6719151
0.4665872
0.6694990
0.7233181
0.5163208
0.4839467
0.3712725
0.5169326
0.7756940
0.7709476
0.6035408
0.5441990
0.5807772
0.8073757
0.6866977
0.5097272
0.5201836
0.6719935
0.9486821
1.1210279
1.0319524
0.7432023
0.7634212
0.6160178
0.4406208
0.6181952
5.5801921
33.3829880
75.5431595
95.7201233
81.5213089
63.4003334
41.9227066
45.0510979
42.6626358
68.2322235
126.9151764
151.7852478
105.1084290
52.9692497
66.6419373
48.5561943
19.4298153
27.3159485
78.5278854
216.8497009
301.8549194
294.7314148
274.0300598
265.1020813
261.6835022
242.1302795
210.2696533
183.5309296
207.5473480
229.8975372
201.1330872
132.7358093
73.8880997
37.2441063
17.6009083
2.3334584
3.1090255
5.0443916
1.1649166
0.6305779
0.5678778
0.6430371
0.6032665
0.5107771
0.4927645
0.4507544
0.5347366
0.5366675
0.5680289
0.4979547
1.5309632
27.1077175
98.5580750
201.6487122
269.6747437
233.5757751
128.1661682
43.4893265
13.9874039
1.3388251
0.9340014
2.4195633
10.8738174
35.6190033
69.4665070
86.2304611
77.8388596
60.1520004
55.8636246
89.3538742
183.4935608
262.8830872
244.7877808
145.5576019
71.9822693
53.0864487
37.3559990
25.1857891
17.9485054
13.8592834
8.0147934
1.2349606
3.7304173
1.4595296
5.4676938
8.3270836
12.5658865
19.4157829
23.6622448
21.4158192
14.7965431
8.3714638
4.7085872
3.0937309
2.1572120
1.7893071
1.1364996
1.0565300
1.0187904
0.7542119
0.4298473
0.4888520
0.3039078
0.3408811
0.3839342
0.2585674
0.3243183
0.4438075
0.4690492
0.4249858
0.3800978
0.3673695
0.4709415
0.4625078
0.7047161
0.8974469
0.7991776
0.7450010
0.6809053
0.7708969
0.9657351
1.1886624
1.4332213
1.6647676
1.6198996
1.2206635
0.9362389
0.6987585
0.4440422
1.5115284
6.1670508
11.9536324
14.3325386
17.9237556
28.4135838
35.1068420
41.3386459
108.4614182
220.0303040
283.9478455
305.2597046
315.9350586
299.8132935
193.4167328
75.2091446
50.8409119
136.3512115
410.0747681
522.5577393
400.0356750
334.2856750
316.3287964
412.0513306
599.7730103
632.4091187
557.8014526
458.1372681
352.2965393
255.0290985
198.6929474
160.4811859
116.9455566
64.6982040
30.5162678
8.8969707
2.0066977
2.4331815
3.7248602
3.5492568
3.0621216
1.8620408
0.9837862
0.6056242
0.4682604
0.5810927
0.4087543
0.2292975
0.3466635
0.5500791
0.5391043
0.4236421
0.5211015
0.6257876
0.7298611
0.6251494
0.5297637
0.5900661
0.6221137
0.5736713
0.4521502
0.4510325
0.4663598
0.5330832
0.6086111
0.5996429
0.5144362
0.4712479
0.5016552
0.7085302
1.1117653
1.4472125
1.3165792
1.1176733
0.8834750
0.8424736
1.0427989
1.0714824
0.9771086
0.7582166
0.5805058
0.5675843
0.7837031
1.0100046
2.1202931
15.2262850
48.6839561
86.2023926
100.2240753
91.9017029
86.7725525
118.1310272
122.3973770
81.3685226
21.9889679
4.8509851
3.2146537
3.9914258
79.5449448
443.0357361
1054.7335205
1565.7033691
1622.0203857
1293.1125488
699.4368896
296.6658325
156.8534088
129.0360107
76.6051025
42.8288422
26.9677372
15.1008005
3.4674523
0.7240628
5.6367207
26.7915878
51.4681625
57.9443359
47.8283310
29.9706268
14.7272730
5.8312988
2.3576827
1.1956447
0.3720036
0.1187853
0.1687532
0.2496897
0.4344575
0.4611006
0.4608852
0.4275973
0.5719030
0.7956055
1.1820379
1.3238989
1.0853868
1.0209136
0.7498801
0.7351037
0.8096309
0.6728352
0.5299520
0.5944450
0.9102888
0.9999247
0.9757662
0.9700053
1.0077084
0.9325853
1.4600525
2.2347462
2.5221093
2.2752650
2.4067738
3.6423457
6.5213375
11.2399530
16.3518848
18.9664631
16.3343620
10.5240488
4.8498588
3.2939203
20.3700371
72.3684006
164.8147125
269.7294006
320.8932495
271.8071899
195.3049469
167.0490570
91.9272919
29.3279305
8.6021833
7.7684841
50.1630135
323.8800354
732.7924805
988.5842896
1013.5439453
888.5562134
837.7211304
609.5765991
355.1410522
183.3336487
100.1944656
45.3933296
7.5206800
1.0493307
0.3420991
0.7498000
19.7863007
121.5360031
286.0190430
428.9747009
557.5893555
825.2815552
1191.2669678
1206.0216064
762.7749023
515.6568604
609.4569092
816.3542480
828.2725220
737.7036133
477.9997864
184.1313782
109.7207565
119.3505402
69.2183075
100.9875336
141.1311493
143.0173645
129.1957550
167.1343689
295.6162720
392.6283875
338.7773438
211.9549408
107.1073074
58.7997246
52.4674988
205.3937225
376.8252258
330.6838989
174.7406006
78.3368301
54.0055275
173.3288422
592.3143921
967.9006958
921.2511597
740.1961670
646.6605835
540.8673706
376.0952148
265.7548218
91.3159103
23.5284519
34.9684219
213.4149933
604.1337280
880.5100098
913.3780518
584.1572266
173.7390594
48.6913261
34.8397369
100.6117249
392.9744568
680.9835205
678.2444458
539.5011597
370.2839966
350.7685547
382.9216919
316.1925964
232.4347839
137.7604828
67.4753342
24.7895336
12.1340132
26.8751297
232.4833679
744.7527466
1234.1672363
2194.2805176
3683.6118164
4114.1855469
2720.3447266
1433.0329590
637.3790283
401.1572876
306.4423828
166.5754395
118.5295258
133.0246735
149.3297729
126.9198074
163.7175446
351.5764771
574.6153564
712.1400146
682.6854858
554.8878174
360.9575195
204.4116364
87.7481689
35.5744286
52.1091728
80.7871704
106.0401993
186.4226379
373.0897217
573.6635742
646.2850952
550.8381958
513.3571777
440.8567505
226.3725433
72.4884644
24.5889034
18.6465778
101.6792145
475.1642151
480.4065247
213.6357880
71.0280533
81.1261826
57.6841164
39.3358078
32.5415955
41.6705399
113.8242874
212.8367615
382.8439331
542.5114136
548.7044067
406.8916931
305.5921936
279.5931091
274.3617249
287.7006836
322.0376587
337.7137451
345.9916382
299.0268555
180.0951233
78.0995026
36.9885445
25.3181648
29.9258823
88.9930267
304.3100586
506.4100342
607.1694946
552.2559814
403.7851257
241.0960388
144.5283051
128.3870544
65.3213043
25.0766220
31.3035164
4.6030517
0.6946527
0.0649809
1.1064080
18.3186722
46.6201248
43.8427010
14.8691921
1.1012616
0.5126663
0.2845137
0.5019086
0.3313696
0.1881435
0.2131036
0.2596656
0.4807017
0.5101146
0.4521569
0.4070280
0.4088082
0.3950168
0.3998872
0.5564904
0.8383078
0.6947955
0.5608672
0.6034353
0.7755427
0.7919199
0.6737521
0.6970758
0.7562505
0.6951368
0.7106774
0.8149332
0.7094106
0.6538024
0.5817994
0.6042169
0.6293937
0.6181674
0.5195559
0.5434778
0.6455191
0.5990695
0.5472272
0.6637068
0.6481913
0.6245712
0.4625795
0.3760908
0.3679745
0.5244367
0.5261663
0.4314780
0.4300567
0.5342035
0.4763400
0.3923348
0.3859119
0.4627726
0.6717064
0.8780848
0.8366725
0.4771930
0.4005116
1.1386516
2.2615101
11.3963871
30.8522053
60.7096405
105.6739883
127.0751877
91.4522018
39.0528679
22.1072769
18.7728081
19.6397343
15.4254837
12.3335810
17.2276020
49.0684166
156.5056610
313.3629150
459.4707031
542.7235718
508.0632935
375.5651550
298.4049988
332.4277954
425.8574524
389.9593506
245.0495453
122.8895798
66.0213776
55.7686920
58.5329132
64.7335052
66.9420853
38.6709442
40.5562820
21.2659893
8.8138103
4.1880035
1.8827178
0.9602169
0.6590900
0.4726762
0.5296006
0.7480700
0.6932184
0.5396479
0.5202029
0.5085706
0.5519039
0.5200031
0.5698472
0.6189625
0.4202995
0.4550447
0.4824528
0.4545718
0.3198670
0.3105301
0.4390973
0.5871552
0.5762460
0.6205616
0.6067952
0.4221916
0.3873655
0.5281411
0.5280996
0.4589677
0.3623646
0.3975994
0.3911875
0.4629012
0.6300597
0.5799628
0.3630105
0.3572222
0.4807442
0.5752746
0.6417600
0.6848162
0.5913855
0.4114627
0.4648057
0.4578556
0.4837289
0.5056720
0.5836012
0.6477228
0.5222573
0.4516591
0.5005195
0.5205535
0.4749976
0.3469322
0.4285510
0.5242101
0.4742995
0.5115711
0.7680641
0.9657866
1.2112060
1.3951236
5.6984825
17.2405872
29.7117252
91.3180084
185.8695221
210.7554474
148.1072693
89.8261642
47.4180717
18.6113377
5.6624794
1.6215277
3.0536671
6.3382587
16.3011436
44.0978012
68.4201965
62.3296661
43.0173950
31.7146912
41.7765656
103.1079330
201.1564789
264.9240417
273.4212646
223.2076416
172.6904144
151.6855621
174.9039001
229.8785858
186.5112762
117.1151810
66.8341141
51.3819122
40.0981636
36.1040344
40.8533058
38.9625893
27.3883648
19.8494625
29.4782162
33.2906380
24.0732040
12.8597527
7.4566250
4.1277776
2.9377367
2.4441946
1.9951404
1.4042753
1.0281075
0.9956949
1.0609208
0.9577346
0.7418974
0.4531389
0.3367711
0.3145104
0.5489222
0.6041729
0.4864423
0.3420483
0.2673607
0.3754933
0.5301701
0.5734947
0.5120614
0.4209144
0.3358650
0.4014792
0.5308970
0.4992233
0.4379475
0.5566988
0.6247981
0.5845708
0.5511622
0.4892574
0.6577588
0.8605279
0.9039599
0.8237481
0.6543881
0.6882324
0.6169518
0.6500274
0.6190814
0.6614923
0.7549484
0.8389618
0.7309822
0.5890163
0.5030463
0.4229426
0.4099234
0.4175484
0.6528442
1.0030081
1.4090899
2.2241011
16.3970871
51.3822250
79.0316925
72.6926422
43.5485649
18.1437340
8.2559385
0.9170576
4.6985731
30.1286240
76.4411316
94.6633606
81.7813263
88.4306259
119.6730194
127.4846802
89.6838226
31.4398174
17.7775059
19.0160446
10.7196932
11.3205709
19.2348537
46.8165398
63.9749184
52.7086258
42.1988831
32.7423096
16.1171684
20.2242851
96.9770889
192.6151428
214.3397217
192.2687073
176.7689972
149.5119629
134.2001038
117.6342926
83.9453278
35.0335312
9.6344967
12.2656937
43.3274155
90.4622421
87.8685760
67.9828796
48.6761475
21.6681595
27.4713020
54.4146881
52.8510780
25.7882500
6.2791514
4.9180183
4.7742424
4.3817329
2.7021480
1.6785760
1.0930767
0.9001841
0.7739503
0.5532293
0.4518985
0.4370772
0.5573503
0.5095599
0.4691304
0.4758420
0.4947163
0.4158731
0.3597755
0.3418890
0.4104595
0.5651419
0.4820138
0.5117688
0.5828195
0.5692129
0.6805373
0.7361054
0.5797008
0.4949945
0.5780623
0.7056254
0.6295267
0.5717949
0.5895575
0.7858453
1.0297830
0.9312329
0.7395992
0.6318141
0.7821488
0.6876869
0.7319487
0.6039069
0.5660889
0.5961965
0.5207135
0.4523605
0.4932836
0.6543351
0.7677925
0.5173436
0.4635251
0.5066046
0.6127476
0.5114290
0.3880302
0.3931524
0.7164468
0.7447492
0.4635296
0.3736752
0.4125611
0.3967924
0.4171470
0.4434936
0.5369071
0.6474648
3.3113112
21.1680374
49.7417641
69.3748398
67.8542099
47.3502235
31.6628246
21.9071369
20.3954620
20.7679729
30.7470703
42.4983139
38.4200745
32.3320274
31.0086403
30.4207573
26.6278172
33.1183510
50.8602333
58.9359932
43.1740112
23.8171158
14.2949562
9.9746532
6.8923836
5.7419167
4.9399295
5.3163896
4.9696426
3.9897299
2.6750331
2.0841959
1.2574921
0.7127852
0.8541982
0.9841856
0.9042722
0.6174248
0.4300774
0.4189380
0.5420448
0.4536689
0.3809488
0.3305338
0.3451029
0.3445244
0.3746931
0.4726356
0.4429824
0.3267012
0.4505292
0.6819302
0.7119735
0.4086084
0.3776092
0.4890894
0.4946719
0.4310045
0.4475093
0.4309756
0.3831811
0.4238568
0.4624124
0.5159594
0.5662618
0.4824201
0.5591913
0.5805184
0.7408906
0.7068850
0.5512475
0.4951962
0.4991342
0.6382394
0.7190239
0.6795952
0.6664152
0.7295825
0.6180919
0.6942963
0.8329552
0.7994988
0.6122661
0.5694808
0.4702791
0.5678622
0.7126996
0.7634674
0.8806639
0.7150288
0.6722639
0.6784269
0.7384918
0.7434421
0.7579454
0.7032911
0.6717576
0.6298355
0.6721811
0.6937812
0.6333942
0.6706855
0.9842935
0.8179646
0.6146368
0.6236628
0.5975783
0.7020152
0.6021979
0.4257816
0.4702034
0.5906414
0.6343163
0.6521652
0.7448394
0.5765763
0.6033993
0.8289942
1.5448922
2.0245759
1.4047389
0.5999676
0.5553983
0.8454685
9.2022753
36.6151695
76.6492157
112.8829193
134.4417419
132.7723389
98.4130020
67.3298569
73.7173615
78.7142410
59.8581009
45.0852509
36.6391373
38.8800659
54.6894112
78.8100281
96.2181473
100.8254166
95.7839966
106.3450623
143.9846191
178.9448547
184.4060364
160.2936401
132.2100525
111.2527390
102.4921112
92.5848770
79.1525345
62.3658638
37.6947441
17.7157230
8.3592072
4.8765454
3.6572065
2.8811212
1.9316560
1.4548196
1.2151449
1.6963341
1.2894374
0.7886574
0.5281725
0.6949779
0.8401167
0.6554900
0.7589793
1.4702460
2.3306096
1.5232857
0.5570475
0.3697054
0.4592688
0.6130424
0.6959068
0.7228343
0.7798438
0.6773363
0.5283938
0.4855158
0.4672864
0.6486329
0.7570533
0.8057821
0.6208493
0.4508074
0.4832268
0.5035515
0.5520214
0.5348676
0.4658072
0.4919786
0.4800236
0.3497291
0.3013727
0.2883720
0.3451882
0.4114791
0.4809562
0.5715395
0.6168083
0.6511790
0.7872763
1.1526823
1.2432985
0.7313005
0.3717061
0.6204503
11.4307528
55.9236641
126.3576813
181.5324402
194.1864166
173.4773407
112.4564590
66.0201416
23.8854866
4.1164742
8.8548374
90.2881927
260.6453857
283.2124023
177.9908447
88.8260422
32.1774902
3.1541252
33.3691139
129.6534882
159.9533386
148.7255554
150.3631439
177.6521149
191.6932068
195.5704346
181.0670166
156.0540161
107.2280273
70.6134720
42.8042221
21.2184105
11.6538296
14.1960926
37.8617287
41.7765121
28.7625198
24.3475952
24.2301598
23.8295040
30.4589939
35.9265862
25.8618069
12.6593275
23.7427292
55.3963699
79.0428467
64.9458466
24.4740543
9.0727510
3.7892375
9.2278652
33.6226463
45.5852089
36.6000862
25.0822086
28.7079659
44.4182587
65.7190170
87.6675797
110.6660309
126.0919647
130.1665802
92.1305466
52.5501060
22.1592846
11.3285789
6.1961727
10.7930641
5.7485137
1.9307039
1.7800943
1.0140262
0.6293455
0.6029484
0.2718817
0.2345506
0.2954741
0.3584963
0.3499333
0.3959357
0.4670232
0.6663851
0.8384898
1.0555676
1.1469848
1.0996625
1.4991553
3.8728919
5.3057284
2.7404609
0.1506398
0.0556028
0.1988470
0.3320763
0.5030475
0.3402270
0.3552575
0.5563557
0.6231683
0.4315922
0.4511008
0.4573835
0.6550732
0.8165672
0.6540554
0.4834838
0.3660897
0.3969628
0.6373855
0.6801534
0.6881494
0.6668175
0.4166455
0.3930492
0.4435825
0.4716145
0.5994733
0.7577697
0.7490219
0.6707066
0.6671801
0.6092290
0.7448153
0.8445662
1.0643163
3.9456220
33.4411545
90.3323364
133.3866730
134.5841064
116.1779785
89.7441559
67.0204773
66.3412323
60.1819077
35.6237946
25.1952248
28.8200836
37.3308411
48.3077164
66.1933594
132.6588593
272.6542664
374.3912659
382.0532227
368.9617920
406.5540771
426.8529053
376.1195068
309.1305847
232.2979431
203.0132446
163.0041962
114.0390549
55.4098625
21.5160408
5.4443817
1.4905443
0.5794218
0.2448516
0.5923768
1.1449960
2.5913582
3.9755445
5.2644491
6.7293758
7.2214088
5.5875492
3.3906024
1.6214349
1.4477720
5.3363175
9.3212395
7.6025391
24.5060215
108.2868576
267.8663635
421.1569824
469.8739929
366.6263733
284.3554993
185.4853210
85.7312164
11.9809465
1.1723421
2.5667326
6.4649363
6.3655338
0.7430503
0.7385358
9.1481829
45.0663795
96.9740677
189.2448730
348.8599854
529.1330566
622.7005005
616.7205200
562.6447754
445.6837158
280.3076477
159.7126617
93.4498901
110.7105942
90.9654541
30.4330177
123.9366150
269.7945557
324.4951477
243.2445374
139.3460846
78.5502625
45.2023773
19.1094551
6.7805662
3.1912420
1.1844671
0.5791504
1.7884930
4.1404448
46.0068092
206.7156830
443.7312317
536.5693970
351.9127808
106.6632843
28.7290878
14.7756166
5.6682281
14.8002186
110.8960648
326.0667114
629.6077271
849.9482422
764.7788086
559.1131592
384.6429443
250.6823425
299.6725769
662.3574219
942.7614746
942.2879639
730.8134766
419.8682556
167.3726959
57.5385170
32.4670601
27.2080688
33.6855469
41.3763313
64.3486710
101.9004669
98.7701416
78.1528549
108.2854614
143.3177795
110.9701385
53.1695786
44.8831902
38.7151489
28.8993473
42.9109917
46.2239265
30.2870827
11.2939348
28.1700706
119.6484680
224.7586365
269.6517944
265.7952271
205.3158264
111.4446411
70.7998962
48.8716774
83.0405121
216.0573120
284.5013123
271.3169556
155.3046265
93.7516098
33.6098099
29.9433670
151.1666412
447.8374634
475.1941833
331.9613037
201.6352234
115.0195084
164.6255798
142.1789398
51.1196404
53.9932556
114.0470428
154.6957092
147.5981445
171.0380859
206.3854828
206.2036285
169.1259308
137.1887817
111.3342209
75.7630768
48.8973846
22.1472054
11.8158674
31.9224033
41.0063591
26.6670494
29.9900169
41.7366180
36.6694412
23.2418823
15.0469894
13.4415197
12.6268597
8.7716646
4.6543655
1.6483370
0.3786972
0.1409649
0.2703670
0.5873693
1.5064397
1.6036596
1.5567920
1.4796010
1.0985550
0.6863712
0.4163459
0.4653859
0.6472219
0.7061770
0.5766156
0.6936750
1.0064224
1.1289949
0.8236404
0.6917841
0.4758413
0.4342464
0.5133699
0.5774659
0.3240215
0.3555256
1.6811188
8.3420353
21.4807358
49.5591469
104.5937347
147.3756866
138.0222015
94.6919250
38.7824478
27.8033886
22.6127701
19.0146179
18.0442696
51.8427086
55.8437500
43.9086304
18.7216949
15.6252098
6.5834308
0.5080563
8.1565590
54.8565750
95.9279022
94.3397522
97.1263199
135.4840546
180.1192322
176.8863220
125.9604568
73.0681381
40.5381737
18.6946602
6.7775373
4.2846847
4.1268229
2.0817795
8.4179707
11.8028212
9.0960493
5.2213173
2.0193620
1.0439419
0.6500797
0.4905500
0.4074572
0.2564919
0.2713217
0.3412394
0.3443502
0.3384213
0.2929263
0.3437461
0.5043224
0.4928863
0.4175191
0.5060015
0.6176006
0.9307917
1.2067393
1.3446394
1.5743905
2.0382645
2.3303237
2.4200182
2.3932390
2.6672609
3.1796982
3.9652264
4.8887129
6.2092724
7.1112247
7.5374370
8.2282810
8.8086166
8.3148909
5.7010217
9.5953693
59.8914452
174.6621094
329.8748779
461.5215454
487.9523926
383.4142456
132.4453735
48.8881569
28.6718349
50.8287926
184.8327637
308.1471252
323.2626343
260.5652466
152.2108612
77.8427887
86.1668396
143.5435486
269.3883362
518.6531372
778.7112427
831.5316772
681.5494385
590.6965332
693.4056396
956.5203247
1352.8968506
1643.5893555
1603.8002930
1213.0693359
611.5257568
185.9761200
103.2600632
107.1878586
148.0709534
154.6472321
99.6713104
40.5084801
9.9946909
1.4279790
0.7073123
0.4936717
1.8014801
7.3040571
9.9881964
10.9696369
13.2543144
15.2848072
15.7142372
17.2789974
18.3142548
17.8698254
16.2529945
15.1468506
12.9547796
11.2989817
9.6126184
9.1988430
9.0536242
7.0769844
5.2566519
38.2502403
153.6548920
319.8261719
454.4582520
467.2037659
362.5302734
149.7114716
37.4723129
81.7329712
297.6242981
483.7889709
386.8327942
160.0765076
51.6332893
22.5958405
10.6110620
3.3968022
0.8198537
99.0327301
436.2640686
943.1327515
1729.9936523
3240.4331055
4865.7744141
4607.5410156
2043.9367676
272.6346741
60.5829086
41.9947701
42.7439880
50.0453453
68.6016922
101.5830307
147.3279724
198.9497986
185.5662079
94.4491119
43.9254913
70.6220932
208.7214661
375.5747681
459.8131714
458.9333191
394.7177734
262.0616150
178.0633240
118.1749191
87.7519608
187.0669403
262.9842224
213.5870667
207.1740723
223.3783112
247.5574188
179.7274933
70.6948853
125.1240845
293.4198914
465.4268799
552.4315186
1327.4145508
2623.1103516
2884.3261719
2336.8339844
1707.6343994
1149.6977539
359.3295593
94.3952332
44.1650238
70.2853317
170.1591949
136.3739624
57.9446297
69.9698410
9.6518793
8.8289337
65.6422272
166.5831604
270.0976562
265.3508301
202.1222076
83.3757477
21.6706562
16.6684608
177.6794281
605.5328369
794.5264282
989.0968018
2142.0541992
3581.0830078
3834.3088379
2914.5229492
2039.8144531
2140.8051758
2100.7497559
1290.5942383
627.7972412
423.7992859
329.6347961
348.5216675
436.8330078
491.0316467
386.6472473
197.8654633
25.9232388
15.7479477
23.2664986
27.9999123
31.1436005
26.6601372
19.3606472
14.3260288
9.8654041
9.8038330
6.9906063
6.6780939
5.5628724
4.3045902
2.7934456
2.2337151
2.3713493
2.3949687
2.4453051
2.0113213
1.4613483
1.2048546
0.9435712
1.0826809
1.3019199
0.9847027
0.5474410
0.4903782
0.3842367
0.6998496
0.7594991
0.4021105
0.0996645
0.0100455
0.0060481
0.0000000
0.0000000
0.0000000
0.0000000
0.0000000
0.0000000
0.0000000
0.0000000
0.0000000
0.0000000
0.0000000
0.0000000
0.0000000
0.0000000
0.0000000
0.0000000
0.0000000
0.0000000
0.0000000
0.0000000
0.0000000
0.0000000
0.0000000
0.0000000
0.0000000
0.0000000
0.0000000
0.0000000
0.0000000
0.0000000
0.0000000
0.0000000
0.0000000
0.0000000
0.0000000
0.0000000
0.0000000
0.0000000
0.0000000
0.0000000
0.0000000
0.0000000
0.0000000
0.0000000
0.0000000
0.0000000
0.0000000
0.0000000
0.0000000
0.0000000
0.0000000
0.0000000
0.0000000
0.0000000
0.0000000
0.0000000
