0.0000000
0.0000000
0.0000000
0.0000000
0.0000000
0.0000000
0.0000000
0.0000000
0.0000000
0.0000000
0.0000000
0.0000000
0.0000000
0.0000000
0.0000000
0.0000000
0.0000000
0.0000000
0.0000000
0.0000000
0.0000000
0.0000000
0.0000000
0.0000000
0.0000000
0.0000000
0.0000000
0.0000000
0.0000000
0.0000000
0.0000000
0.0000000
0.0000000
0.0000000
0.0000000
0.0000000
0.0000000
0.0000000
0.0000000
0.0000000
0.0000000
0.0000000
0.0000000
0.0000000
0.0000000
0.0000000
0.0000000
0.0000000
0.0000000
0.0000000
0.0000000
0.0000000
0.0000000
0.0000000
0.0000000
0.0000000
0.0000000
0.0000000
0.0000000
0.0000000
0.0000000
0.0000000
0.0000000
0.0000000
0.0000000
0.0000000
0.0000000
0.0000000
0.0000000
0.0000000
0.0000000
0.0000000
0.0000000
0.0000000
0.0000000
0.0000000
0.0000000
0.0000000
0.0000000
0.0000000
0.0000000
0.0000000
0.0000000
0.0000000
0.0000000
0.0000000
0.0000000
0.0000000
0.0000000
0.0000000
0.0000000
0.0000000
0.0000000
0.0000000
0.0000000
0.0000000
0.0000000
0.0000000
0.0000000
0.0000000
0.0000000
0.0000000
0.0000000
0.0000000
0.0000000
0.0000000
0.0000000
0.0000000
0.0000000
0.0000000
0.0000000
0.0000000
0.0000000
0.0000000
0.0000000
0.0000000
0.0000000
0.0000000
0.0000000
0.0000000
0.0000000
0.0000000
0.0000000
0.0000000
0.0000000
0.0290664
0.2428705
0.6566591
0.9646467
0.9352532
0.6376347
0.3754944
0.3379728
4.3678036
15.8672667
24.8357201
20.0114613
4.9979992
0.4157975
0.1180638
0.0976092
0.1025183
0.7609092
1.3717364
0.9050521
0.4981749
0.6055548
0.6031348
0.4265526
0.3988001
0.4247980
0.4539564
0.3695152
0.3473617
0.2964886
0.3214897
0.4715857
0.6897563
0.7598823
0.6621845
0.5788434
0.5651077
5.6427298
26.8920727
55.9059486
76.8069153
79.4589920
64.7430801
46.3309631
33.4880066
23.8403530
16.0997505
9.4645081
5.0745778
1.6031445
0.7407292
0.3881050
0.3051776
1.3609860
5.8269520
8.7108822
8.1412935
6.2707214
4.2633672
2.7667730
2.1839218
2.0316241
2.0588083
1.8333483
1.8249626
1.5581564
1.2898520
0.9668329
1.0282265
1.6489918
2.1862946
1.8056282
1.0471350
0.8023863
3.8895419
9.0977678
14.9728851
34.3157730
75.0023499
120.5059357
129.0647583
89.9258728
46.0374489
18.7978764
14.7102499
14.7104435
2.4624293
0.3450657
0.2316479
0.3553448
0.4793546
0.4740744
0.8916695
2.1663795
2.3431230
1.0611472
0.1981288
0.6497988
56.0567017
203.3953400
344.1281433
367.9457703
270.5057373
193.7879181
250.2942810
278.9519653
217.3170013
186.7956848
168.0404968
272.4034729
339.2583313
292.3230591
222.6719818
140.6428375
85.2202911
52.2329216
39.6358261
39.1636734
38.7071648
29.9640045
51.2237892
137.3126526
193.3316498
171.1252594
107.2402954
74.9799576
57.3877373
62.5927315
125.8334885
145.7150574
133.5684357
131.3806763
133.0927124
142.4657898
151.2633057
151.5749664
134.3964691
121.1950989
120.9011612
133.0266724
123.6471329
84.3522949
57.6187859
44.6714973
28.4256897
7.0470314
26.3732147
48.6595993
29.6951618
6.6081848
0.3250583
0.1078212
0.0941660
0.1895478
0.6751288
16.5992851
50.2155571
85.3375931
129.4815674
161.8137817
129.9978027
47.1631393
8.9038162
4.1562705
1.8675103
0.6546396
0.1513285
0.2006901
0.4821171
4.4117002
28.1505032
80.8149109
139.8958893
171.2029419
157.5386810
161.8468018
190.3807373
180.4843903
163.6201019
129.4462891
98.9320068
66.5544128
33.9275703
79.4699936
147.1296539
154.0873871
136.8789825
114.5558243
97.2171631
83.6909180
69.3857117
50.7697716
30.8795071
21.0490284
16.1714497
20.1987705
27.4071636
39.5392075
63.7958755
91.7546539
94.0607758
67.0500336
35.6872902
25.1195927
21.0748444
18.0393639
15.3265038
11.5647297
10.7259178
6.1253157
10.2167950
52.9128647
118.0788269
125.6421509
70.6220703
30.4257126
27.8496914
35.1246567
33.6207848
31.6298370
29.9321136
25.2964439
21.3300133
19.5998096
16.7083511
9.2691174
3.6596136
1.2791585
0.3066705
0.2242022
0.7131042
24.7888641
79.9931793
132.9351807
147.7549133
103.1204224
49.1196861
51.1384583
86.3124619
108.3176117
87.5907440
40.2060280
7.9319167
1.0280073
5.5309830
47.8435516
122.3668213
167.2788544
203.5197144
215.1635132
191.4647827
164.8393707
188.9252472
239.6062775
251.5981903
214.3985901
164.0273438
119.7549591
73.9223785
47.2710991
25.1729317
9.2612963
3.1327553
3.2294166
1.9225397
0.5356759
2.1293421
5.3927174
7.1217241
3.6956818
2.0828111
1.9629132
2.1090782
1.8554261
1.6348258
1.8833663
2.1263604
2.5619972
3.3472965
4.1906157
4.2502546
2.3604918
0.5092500
0.2016012
0.1952395
0.1621342
0.1914086
0.3249441
0.5560958
2.7714608
5.8412137
5.4587531
1.9593582
0.3139540
0.2529789
0.5133034
0.8251751
1.3561891
1.5157144
1.2273780
1.2367668
2.0134845
2.1627867
2.2106156
5.0101280
25.5033779
133.9489594
312.6896973
382.7128906
247.7253876
64.2434692
22.8561974
7.2375855
6.2501726
12.2927780
14.9016304
33.9590607
104.9363708
192.5976257
235.9659424
218.2151184
161.7001038
150.9302216
234.7838440
220.7589569
89.9642868
48.8342400
44.5031891
23.0394211
7.4933033
11.5903893
102.9875946
284.0925598
412.7703247
337.2839661
131.3262329
32.2635841
16.3688755
15.8138742
28.5985851
78.9832993
117.7146835
147.1693878
191.2770386
200.3352509
194.5061493
162.7529755
109.1271210
49.1254044
6.2522206
1.5127120
1.0826018
7.9762068
33.6008415
47.2418365
37.9366875
31.4335346
57.7606506
124.6726685
169.7392426
135.3332977
72.5154266
39.6619110
44.6683578
69.8893127
82.0206299
70.1219635
52.3513260
53.8552895
68.4261322
82.6748734
99.1354828
104.4937210
80.2763977
47.5196838
36.3938675
32.0618515
26.0362644
27.8050098
54.7875900
89.8732605
72.4697876
27.5979195
9.1447220
3.5086598
0.5381397
3.0846863
32.2627792
80.3031006
92.3078918
63.1887474
40.0505943
39.1810913
40.2568665
33.0814514
30.1721802
39.0024261
37.0756416
25.9965630
17.1043301
13.7384834
15.7312727
19.2889118
20.6865788
17.3082371
23.4355259
50.6949844
72.5882034
62.3490257
36.3663559
24.7697983
38.3686371
31.2746487
13.6607189
5.1023765
2.0952013
1.5203221
3.2821431
47.2647324
159.6976776
272.1408691
317.4606628
290.6186829
230.7078705
163.4538879
97.5701981
74.1533585
86.8614578
85.8476410
45.8292084
22.3601971
23.0938931
33.7849770
69.6278763
132.8403931
170.1924438
186.8442383
166.5123291
130.3689270
78.5691833
47.5409584
26.2950344
36.5632477
59.7577896
47.3658676
40.8729401
28.6107082
10.0415554
10.1196938
25.9475517
36.7341499
30.1238594
11.5318928
2.2537186
0.5904000
0.3042585
1.3031671
4.0824680
4.1439357
2.5995271
2.4902594
2.6373360
2.5911181
2.4121802
2.7850287
3.1912940
3.1983268
3.0805957
2.9466553
2.9173751
2.9580452
3.1171939
2.4154475
1.7873434
1.3510191
1.0200683
0.7715034
6.3335695
23.3451157
42.2632828
54.1785355
55.2430153
51.0810814
50.6566086
72.2248230
132.7406616
189.5088654
211.3667908
205.1816864
173.4709625
155.4509430
152.5618591
135.8443756
100.7330933
40.6059189
78.0518723
173.2881317
183.8902740
159.4251251
124.0204620
105.6605911
90.3305130
66.9176178
32.1659431
6.9926753
0.6255610
1.1352080
3.6729243
7.4976273
8.6523380
7.4157753
7.0532513
7.4975057
7.2994328
6.5106778
5.1433625
3.6346078
1.8017532
0.8010654
0.8196170
1.5497643
17.9548168
88.1828156
180.9936066
215.3378754
155.7301178
72.8221588
32.7744560
19.2311535
5.0933771
1.9383333
2.2493427
44.1139793
151.2981262
250.6770477
272.3117676
214.1498260
206.2493439
183.3541412
149.0859375
99.3060379
60.6116982
57.7542191
54.4473419
43.0649300
39.1975365
31.2063427
22.3938293
18.1627674
41.1335869
58.6777878
56.5956192
45.2494621
36.4343987
28.1362305
21.9664383
18.4586945
17.4488449
25.8932571
30.6721649
39.3329430
51.8460770
45.5780182
32.7914009
22.6078968
12.0418415
7.3366699
9.2636538
15.6347313
18.6201019
13.9009848
39.0874748
115.3138809
178.7444916
185.8891296
139.0687561
83.2624054
22.8230095
2.7862711
0.4899456
1.9179527
17.7889500
83.2242279
103.1989136
94.3643265
73.6427155
55.3927612
35.0366096
26.4816799
19.4584827
11.3279543
16.7825851
12.0510149
7.1706872
5.5740576
6.2808228
10.5726204
14.4669724
6.5572023
0.4348013
0.1243296
9.3545227
84.7195282
191.9085693
269.9747314
250.7175751
148.3911133
68.6773453
41.5437317
26.6342068
25.5542126
40.3046913
45.8031578
38.5172539
29.3575363
19.3173046
10.7902451
6.9985580
12.1889458
24.6759853
33.7014313
30.0148354
24.8385334
21.0415535
19.0574703
20.3064880
19.5440407
17.3147888
10.0839434
3.3947203
5.5251894
18.9844551
25.7762909
21.5142250
14.7497196
15.6968060
14.3156624
13.9871140
15.5328045
16.4369545
16.4638290
14.4437599
14.0978470
11.5780973
8.2945280
5.8870201
4.4498453
3.6186223
2.5108633
1.3106192
1.0061412
0.7846661
0.4257681
0.1850940
0.1298307
0.5943131
2.1039793
3.5551991
4.1135521
4.0711727
3.8605595
3.4135852
2.6758761
2.1477439
2.0148172
2.3994548
2.4830005
2.8359914
3.4117846
3.5132937
3.8536882
4.3337078
4.2613807
3.8408566
3.0271006
2.1177616
1.5893791
1.7630653
14.0992126
51.9347153
105.4811554
145.6524963
147.2203979
113.6076584
87.7755890
59.2504883
37.3037415
35.6430397
62.7622032
65.3105392
54.9490280
86.0608368
201.6544037
216.3092651
131.9228363
70.4469299
15.9691277
3.7890983
4.2127681
36.2170525
77.5368576
63.1953316
26.9907646
10.4427528
6.0880775
16.9510612
64.2359619
185.1766510
284.2386475
251.7055206
130.9349213
54.5989227
20.4078045
16.2588634
63.2219772
124.9141541
125.7730865
98.6791611
82.3442078
64.5219116
39.1066399
34.5947189
39.7472305
29.5610428
24.9511642
12.9839439
6.2911143
0.9649855
0.2161609
0.8632468
11.8056860
35.1549683
43.7005882
45.2211533
57.3735886
61.2415314
44.1422272
38.9953804
69.4388046
124.7046661
184.7189026
229.3032379
241.0197449
217.9531708
158.0636292
89.0233078
45.3570900
48.7845230
106.2336578
136.4895477
86.4817886
26.9468307
4.4092469
1.0418929
9.7521181
53.9210663
96.8092422
60.5421333
18.4701271
22.6409969
26.3536034
18.1698589
3.5328183
0.4398154
0.1328055
0.1997468
5.2921925
22.6512985
33.2513046
29.3240929
18.8907051
13.0904007
9.0072289
9.2100000
33.3556976
91.7448883
130.8527374
131.1851349
117.3721313
113.9087219
106.0731201
88.4109573
89.6667099
111.7134552
109.7219696
74.7761688
62.6239624
62.2644272
62.6248550
62.2391510
61.6335793
58.6583290
43.4420204
24.0660782
6.2314730
2.3315146
1.2572657
4.8263369
13.0758018
15.9295673
14.5125465
14.3065987
15.1180010
15.0013056
13.8144455
12.4358854
10.0853586
5.5976882
2.9619405
13.2976141
64.1548233
155.5975647
239.1564941
258.0439453
191.5823364
105.2739868
46.1375084
23.9733009
17.6150799
12.9541073
11.1954165
12.4083147
13.1664534
17.0492649
17.5798206
9.0431013
4.2462072
1.8450438
2.2433991
5.7098703
9.7199240
10.1338739
7.3336697
4.8428912
3.1761684
2.2025597
1.0719440
0.3511066
4.5805693
30.3624077
67.3781815
79.6798782
61.2025757
47.2562866
54.3103943
54.1934471
42.0292358
50.0826378
72.2322845
105.6784439
121.8993759
139.1940918
132.4899902
98.6776581
58.0808411
40.5030098
56.7458267
51.6338730
34.2906380
31.3209591
63.4527473
107.0654526
140.0697632
158.0940094
152.1234283
124.5844421
97.8914261
75.8741150
49.8513908
25.0953217
18.8520164
3.4586153
3.2000279
11.5857582
16.2955379
6.5101075
1.0026833
0.3912061
0.2132719
0.4283246
0.9929059
0.9044440
0.4375009
0.4070441
0.3889090
0.2814040
0.2823538
0.4700659
0.5027779
2.4300010
15.4573650
34.4443626
43.2024879
45.6271286
60.0411377
71.5091324
62.9655685
45.4112511
32.0831680
21.8319817
15.6948347
10.9013252
9.5449600
5.7590675
2.2565851
1.2636924
1.2123220
0.9241171
0.6290943
0.2304233
0.1582656
0.2207420
0.2582652
0.2373831
0.2714765
0.3513269
0.3827246
0.3531572
0.4248401
0.5202971
0.3997989
0.2994037
0.2572427
0.2654828
0.5245376
0.5862043
0.6722791
3.6863279
7.6782703
7.6215000
6.0922518
9.9054289
30.1479015
51.9464149
46.8337822
17.9380474
9.3585148
24.8740807
44.2830620
64.7058716
73.9149933
69.6651077
47.1240273
48.2637901
79.2202835
90.9803772
69.5724640
59.7028694
71.1379471
74.2493362
59.7001572
42.8846893
30.7874718
19.6639156
9.6202278
2.4716272
0.8781836
0.3480676
0.1511848
0.0919748
0.9387139
4.6872463
17.5434761
80.8523712
174.2564545
202.1375732
124.1991272
39.2654533
7.1667824
1.9018141
4.8079243
18.4125347
31.2425842
30.1065502
20.7951870
15.3981934
11.0474110
13.5602169
19.0487461
21.6278629
28.2227173
60.6857681
105.6063995
128.7712555
133.8307037
136.0421906
121.3285065
100.3744202
87.3791122
69.8321762
44.4919891
31.2049332
35.1099739
65.9978104
122.4222870
146.0189362
89.5251846
22.3476048
6.8102508
10.0878868
19.6481152
28.6026020
46.6756401
63.4075546
53.9153481
25.9284058
32.1255531
54.5458679
75.8242493
89.1941681
83.5956345
52.2049713
27.2666512
32.9365005
42.3245506
35.6620750
18.3640823
10.5044384
14.7976303
14.5407171
9.2001829
3.3540874
3.8665040
12.0349264
21.7539062
28.4019699
29.4149036
29.6226196
26.3024044
24.1389885
21.1886692
16.4721394
45.9430504
136.3599243
222.8420258
260.1178284
248.0725098
223.6843262
205.8484192
185.3361511
140.4921265
81.0806427
37.8898468
34.1281662
43.6197014
60.8267441
49.9509583
19.2319336
31.3085613
88.3065491
153.5504608
127.0512085
50.2767982
20.9571743
12.6511793
14.3524714
36.9387627
51.8251038
51.0280609
44.5966377
41.3788528
40.2677879
37.1579971
30.3348980
15.1776934
5.8198733
3.4733298
2.2145987
2.3026166
27.8004150
94.6905975
153.2283783
157.9205017
117.4633789
110.7097244
96.5495911
64.6750793
45.7335587
27.3764725
43.4001541
58.9605675
32.2133369
7.8396845
4.0124230
17.5878811
39.7382736
55.4256821
69.3322449
87.3125076
102.7369995
103.2606659
98.9737701
88.0020599
94.4086151
114.1014099
99.7283020
58.3225403
38.3087463
26.1766167
16.5378399
5.0845709
2.8228712
3.0685737
1.3826567
4.3680429
9.6534691
11.6896210
10.6167126
9.1169033
8.4199352
8.4101458
8.6135530
8.7904005
8.0985355
8.5951138
8.1168861
7.6962800
5.9006109
2.5244775
13.8033867
42.6821098
61.1013565
44.3049431
25.4485130
30.8581200
60.2097130
75.7634201
67.1550293
47.1748276
27.5453262
22.8518353
55.6992188
90.5651703
97.2218475
75.9609833
53.9537392
44.3227081
23.3323460
5.6823730
1.4629450
1.7229304
2.6342499
7.8675604
14.1688004
13.8729134
10.3292408
7.8757935
5.1321502
3.7460194
16.4031506
69.4949036
139.0324249
156.8405762
116.2331390
66.1230392
34.5351105
74.2443314
174.0404816
173.8105927
112.6611176
71.2401276
33.9044533
34.1306419
35.7699127
71.8429565
133.7119598
180.5099945
153.8250580
101.9626007
42.8760223
16.0918903
27.7237034
51.6295319
95.3888168
103.6632004
100.0171814
147.2160339
187.1506958
177.2795410
111.1972046
76.5152740
90.5769730
89.5485382
66.9293365
70.5882416
72.1166534
43.7726212
26.8046379
16.4184265
15.2596521
25.5674553
26.8780327
32.9426117
44.4169464
38.7631874
25.6759129
14.3664637
7.4634843
3.5011868
1.6760807
0.9444658
0.5117643
0.2641802
0.3812255
6.3893642
47.0351067
130.6829529
204.4343567
199.0979919
110.8275604
41.6159973
39.8393745
51.2885094
63.5539970
75.0560989
81.9866562
90.2307434
126.8815308
186.3473206
183.7946320
92.5002289
16.3964767
2.4733572
0.1525120
0.1656586
8.0293941
59.6822853
123.9490280
164.5351105
163.6256866
126.3112259
100.2517090
83.0841980
69.9834671
62.7414474
45.5321693
35.2022934
47.7128906
50.2981796
15.7948780
4.0988421
1.7433438
0.8981859
4.0372667
10.0706081
11.9151449
10.1257563
8.4450788
8.9719753
8.5653677
7.2402868
4.8650150
2.1800451
0.6228299
0.3606400
18.3668766
119.2561722
219.4548492
207.2399139
93.4994965
42.1357307
29.8561745
25.4923210
17.2574081
15.5137358
4.7809391
1.3950372
20.0251465
79.5464859
134.2501984
121.6083221
62.1282959
51.0407677
72.8228531
86.6295319
68.8731918
45.1269798
31.7150497
27.2726822
34.5048218
47.5133820
49.1278000
42.9104614
66.8215942
115.7418900
139.3129730
127.6560287
86.9254608
42.9350700
16.6793785
8.5582981
3.4865487
4.3188272
33.6189499
90.4814377
85.0907898
45.6888924
38.2115936
49.4766121
69.9272766
75.9874496
50.6390228
22.3414097
18.1079884
24.8059444
24.5751591
16.7151871
10.4695110
8.9387016
7.6277747
3.0371282
2.3227389
2.2893586
1.9041378
2.4361196
5.2487316
17.6224060
51.5640411
91.6490784
107.6842575
91.8846970
56.3255539
27.6640949
13.7999916
7.2066793
1.8531299
1.8590007
14.0420580
22.5106754
12.5339699
9.4094467
8.1136351
6.2632437
7.3140669
9.8688564
11.7209005
11.1020260
8.7055836
7.0937486
6.6057525
7.4944468
7.6784158
6.6029291
4.9766827
4.0565553
3.4049387
1.4388751
0.5467172
0.5281161
0.2829857
0.0374971
0.0021154
0.0000000
0.0000000
0.0000000
0.0000000
0.0000000
0.0000000
0.0000000
0.0000000
0.0000000
0.0000000
0.0000000
0.0000000
0.0000000
0.0000000
0.0000000
0.0000000
0.0000000
0.0000000
0.0000000
0.0000000
0.0000000
0.0000000
0.0000000
0.0000000
0.0000000
0.0000000
0.0000000
0.0000000
0.0000000
0.0000000
0.0000000
0.0000000
0.0000000
0.0000000
0.0000000
0.0000000
0.0000000
0.0000000
0.0000000
0.0000000
0.0000000
0.0000000
0.0000000
0.0000000
0.0000000
0.0000000
0.0000000
0.0000000
0.0000000
0.0000000
0.0000000
0.0000000
0.0000000
0.0000000
0.0000000
0.0000000
0.0000000
0.0000000
0.0000000
0.0000000
0.0000000
0.0000000
0.0000000
0.0000000
0.0000000
0.0000000
0.0000000
0.0000000
0.0000000
0.0000000
0.0000000
0.0000000
0.0000000
0.0000000
0.0000000
0.0000000
0.0000000
0.0000000
0.0000000
0.0000000
0.0000000
0.0000000
0.0000000
0.0000000
0.0000000
0.0000000
0.0000000
0.0000000
0.0000000
0.0000000
0.0000000
0.0000000
0.0000000
0.0000000
0.0000000
0.0000000
0.0000000
0.0000000
0.0000000
0.0000000
0.0000000
0.0000000
0.0000000
0.0000000
0.0000000
0.0000000
0.0000000
0.0000000
0.0000000
0.0000000
0.0000000
0.0000000
0.0000000
0.0000000
0.0000000
0.0000000
0.0000000
0.0000000
0.0000000
0.0000000
0.0000000
0.0000000
0.0000000
0.0000000
0.0000000
0.0000000
0.0000000
0.0000000
0.0000000
0.0000000
0.0000000
0.0000000
0.0000000
0.0000000
0.0000000
0.0000000
0.0000000
0.0000000
0.0000000
0.0000000
0.0000000
0.0000000
0.0000000
0.0000000
0.0000000
0.0000000
0.0000000
0.0000000
0.0000000
0.0000000
0.0000000
0.0000000
0.0000000
0.0000000
0.0000000
0.0000000
0.0000000
0.0000000
0.0000000
0.0000000
0.0000000
0.0000000
0.0000000
0.0000000
0.0000000
0.0000000
0.0000000
0.0000000
0.0000000
0.0000000
0.0000000
0.0000000
0.0000000
0.0000000
0.0000000
0.0000000
0.0000000
0.0000000
0.0000000
0.0000000
0.0000000
0.0000000
0.0000000
0.0000000
0.0000000
0.0000000
0.0000000
0.0000000
0.0000000
0.0000000
0.0000000
0.0000000
0.0000000
0.0000000
0.0000000
0.0000000
0.0000000
0.0000000
0.0000000
0.0000000
0.0000000
0.0000000
0.0000000
0.0000000
0.0000000
0.0000000
0.0000000
0.0000000
0.0000000
0.0000000
0.0000000
0.0000000
0.0000000
0.0000000
0.0000000
0.0000000
0.0000000
0.0000000
0.0000000
0.0000000
0.0000000
0.0000000
0.0000000
0.0000000
0.0000000
0.0000000
0.0000000
0.0000000
0.0000000
0.0000000
0.0000000
0.0000000
0.0000000
0.0000000
0.0000000
0.0000000
0.0000000
0.0000000
0.0000000
0.0000000
0.0000000
0.0000000
0.0000000
0.0000000
0.0000000
0.0000000
0.0000000
0.0000000
0.0000000
0.0000000
0.0000000
0.0000000
0.0000000
0.0000000
0.0000000
0.0000000
0.0000000
0.0000000
0.0000000
0.0000000
0.0000000
0.0000000
0.0000000
0.0000000
0.0000000
0.0000000
0.0000000
0.0000000
0.0000000
0.0000000
0.0000000
0.0000000
0.0000000
0.0000000
0.0000000
0.0000000
0.0000000
0.0000000
0.0000000
0.0000000
0.0000000
0.0000000
0.0000000
0.0000000
0.0000000
0.0000000
0.0000000
0.0000000
0.0000000
0.0000000
0.0000000
0.0000000
0.0000000
0.0000000
0.0000000
0.0000000
0.0000000
0.0000000
0.0000000
0.0000000
0.0000000
0.0000000
0.0000000
0.0000000
0.0000000
0.0000000
0.0000000
0.0000000
0.0000000
0.0000000
0.0000000
0.0000000
0.0000000
0.0000000
0.0000000
0.0000000
0.0000000
0.0000000
0.0000000
0.0000000
0.0000000
0.0000000
0.0000000
0.0000000
0.0000000
0.0000000
0.0000000
0.0000000
0.0000000
0.0000000
0.0000000
0.0000000
0.0000000
0.0000000
0.0000000
0.0000000
0.0000000
0.0000000
0.0000000
0.0000000
0.0000000
0.0000000
0.0000000
0.0000000
0.0000000
0.0000000
0.0000000
0.0000000
0.0000000
0.0000000
0.0000000
0.0000000
0.0000000
0.0000000
0.0000000
0.0000000
0.0000000
0.0000000
0.0000000
0.0000000
0.0000000
0.0000000
0.0000000
0.0000000
0.0000000
0.0000000
0.0000000
0.0000000
0.0000000
0.0000000
0.0000000
0.0000000
0.0000000
0.0000000
0.0000000
0.0000000
0.0000000
0.0000000
0.0000000
0.0000000
0.0000000
0.0000000
0.0000000
0.0000000
0.0000000
0.0000000
0.0000000
0.0000000
0.0000000
0.0000000
0.0000000
0.0000000
0.0000000
0.0000000
0.0000000
0.0000000
0.0000000
0.0000000
0.0000000
0.0000000
0.0000000
0.0000000
0.0000000
0.0000000
0.0000000
0.0000000
0.0000000
0.0000000
0.0000000
0.0000000
0.0000000
0.0000000
0.0000000
0.0000000
0.0000000
0.0000000
0.0000000
0.0000000
0.0000000
0.0000000
0.0000000
0.0000000
0.0000000
0.0000000
0.0000000
0.0000000
0.0000000
0.0000000
0.0000000
0.0000000
0.0000000
0.0000000
0.0000000
0.0000000
0.0000000
0.0000000
0.0000000
0.0000000
0.0000000
0.0000000
0.0000000
0.0000000
0.0000000
0.0000000
0.0000000
0.0000000
0.0000000
0.0000000
0.0000000
0.0000000
0.0000000
0.0000000
0.0000000
0.0000000
0.0000000
0.0000000
0.0000000
0.0000000
0.0000000
0.0000000
0.0000000
0.0000000
0.0000000
0.0000000
0.0000000
0.0000000
0.0000000
0.0000000
0.0000000
0.0000000
0.0000000
0.0000000
0.0000000
0.0000000
0.0000000
0.0000000
0.0000000
0.0000000
0.0000000
0.0000000
0.0000000
0.0000000
0.0000000
0.0000000
0.0000000
0.0000000
0.0000000
0.0000000
0.0000000
0.0000000
0.0000000
0.0000000
0.0000000
0.0000000
0.0000000
0.0000000
0.0119592
0.3364535
1.2039379
2.1765292
2.5772450
2.2108006
2.0761225
2.6974154
2.6917100
3.0467403
8.4792118
17.0593853
23.2361774
27.0173626
34.0817413
82.4745255
190.1372528
280.9872742
267.5346985
179.9551697
134.1893616
106.4185638
88.3733673
84.6578598
87.8339615
67.0531998
39.3376350
95.7266922
219.3995819
302.5220337
260.7883606
191.2649231
151.5858154
114.7341309
86.9757614
77.3256454
57.5163231
23.6392422
2.8101361
10.8033695
34.7747421
45.1186104
13.3561487
3.5162265
0.9221256
0.4810027
0.1865690
0.2095175
0.3265370
0.9559087
1.3048508
1.0877650
0.8273367
0.4988705
0.4229307
0.4236207
0.5197334
0.4892502
0.3946840
0.4363967
0.5504390
0.5975004
0.5919772
0.5581953
0.4752340
0.3911771
0.4991911
0.4047598
0.3135003
0.3396064
0.4182216
0.4363378
0.3028869
0.3202093
0.4533254
0.6537244
0.6041992
0.3922552
0.3348770
0.2800716
0.3632072
0.4653143
1.7151190
4.0194740
4.5448236
3.6921239
4.1520367
8.3912706
63.7136879
171.3826447
258.1746216
271.0228271
274.0497131
297.8429565
224.6522980
135.6168365
57.2942314
66.4013062
107.3209000
100.1810760
89.7390137
81.7075729
72.8124695
59.3323441
47.1612930
36.5063286
26.2345638
16.3131447
26.1623878
30.8450680
31.0868835
29.0461197
28.5427742
33.0010681
38.8778687
40.1473618
36.6749344
33.6451416
37.5170250
71.3652954
150.8929291
228.6677856
229.8471527
164.0854950
90.0907745
48.0236015
30.7905674
26.1800175
27.5437889
19.8276863
5.0352798
0.8129337
16.9786701
92.8240814
181.2708588
196.4988708
139.6748047
108.2353516
85.2650757
89.6206665
114.6154175
73.1597519
46.3119736
40.5019112
36.4488831
30.9469643
29.7745724
22.5100994
15.3362846
6.4660554
2.0515540
10.1957712
13.9659081
7.1397328
0.9995060
1.4896656
7.1818295
11.8608456
7.7575598
0.3794021
0.1317800
3.0524600
20.9254322
37.7526512
54.4142570
74.1800995
70.9809723
41.0011749
19.5882778
13.0727262
17.5307770
30.6310616
45.8716316
47.8430214
35.2135010
22.2382526
19.7253017
18.7846737
21.5425568
24.7083950
20.3776169
13.1295567
6.7098956
1.0674489
0.4847601
0.4822502
0.8686923
5.3388166
7.0544338
3.9366086
4.8048782
21.9188614
56.6810837
80.5288162
76.0463791
42.5425491
26.0963898
23.0604725
15.7762365
3.4222312
0.3871928
0.2341285
0.3142363
0.3722176
4.7966423
23.6858215
65.2530670
118.8621902
148.5936584
130.8456116
79.4359741
45.5322113
32.0101242
27.3139553
21.9856148
16.1013451
10.3583412
6.1854706
2.4081569
0.5513040
0.1849882
0.1242818
0.2364860
0.3936766
0.3554633
0.5025852
0.7394063
1.2603855
1.8935552
2.2119055
2.3492737
2.2570977
1.8005955
1.5423802
2.2169743
2.8591790
2.5930717
2.1831915
1.5386150
0.7361618
0.6258606
4.7963786
29.3633537
95.8452225
217.3028259
356.0842896
402.9437866
293.3603821
150.8950348
81.3554688
47.8045883
41.4014702
29.1032524
28.1477566
30.0225601
23.2730083
10.9310837
18.1800518
29.8379230
25.1487465
19.7249069
16.3333836
8.1810246
6.0329399
5.8674049
2.8210742
0.4525901
0.2355493
0.2551492
0.1956530
0.2484647
1.3781693
9.7325106
26.7326355
50.3123283
104.4627457
204.9090576
316.3056030
365.3277283
255.2236938
82.8264618
6.8683777
0.9896910
1.4784594
7.4050789
22.6116943
21.9291420
71.8707352
152.8550720
169.7125092
113.9349594
78.9042435
56.0672798
32.4919586
17.2259769
9.0396166
18.6666870
67.4331741
104.2433548
75.3078690
26.1831932
9.3752937
18.7982597
27.8357887
27.6037464
18.2614384
8.2167044
4.7109556
4.3377619
3.3996980
3.8326092
27.7836819
90.5026550
147.8262329
160.6578827
135.8356934
96.0785217
63.1148643
27.9806099
68.3129959
101.6556549
95.6604538
87.8563156
76.6853333
71.0110397
72.5582504
70.9985962
63.2563362
51.2170105
37.5459671
31.5769691
25.3797722
8.5171747
2.7057366
17.3940887
135.3793182
315.9291077
398.2128296
316.1480713
176.9561005
69.0363235
22.2098598
2.4303219
6.1753769
24.9012451
32.4361153
24.8213425
21.1490707
32.2714729
49.1111259
57.7231598
51.2952805
36.8202934
29.9380856
24.8785286
17.2308121
10.7560463
11.2125988
22.4382439
20.0427113
18.4846210
57.4483833
144.4810638
206.3528595
184.3677521
103.7222443
54.1875496
54.9120865
54.7783089
45.5064812
12.7366524
2.4223194
0.6657233
3.7806168
52.6151733
152.9040833
220.8305511
194.1224213
94.6182556
32.6399002
17.2702007
18.2222576
20.4951859
20.2016563
20.0692291
23.9169121
21.9052277
12.1976786
2.4351017
2.5842385
7.7045398
35.9264107
64.1919403
63.0372162
58.2121925
66.9798813
55.3093491
29.5765114
20.8885746
17.9000607
11.2424240
2.7598977
5.2570505
18.6207504
40.2446747
54.7086029
64.8917389
90.8879013
100.7856827
77.5449677
46.1207809
36.8790627
35.2850876
40.0444221
52.0162811
58.5879822
56.1723824
40.5881882
24.1883106
19.9899006
11.4551640
6.2410512
3.4478965
8.5888462
23.1745872
28.1119003
19.1913853
12.6955919
10.3239164
8.3099833
24.6347675
57.2315483
72.7453918
57.0171356
37.9887009
27.1754589
20.5212479
13.5823631
6.0228810
5.7838006
9.3032742
12.4909925
12.4128304
8.2618580
16.6307240
27.1383152
25.4757290
17.0464096
9.9830484
4.0791945
1.4450529
0.9601388
1.6806396
2.4461012
2.5372262
3.8175285
6.7112875
23.0401192
59.4752846
96.0609818
115.4760590
104.3594284
79.9606552
59.6933899
52.6777039
45.4466019
41.7208748
23.6456375
5.3332415
2.3263476
2.6695454
1.7683103
1.2673850
12.0235090
49.2870483
73.2638321
44.2591553
3.4880314
4.3084459
5.2962642
2.7272441
0.6579592
0.5339113
0.6435790
1.5111325
2.0855253
2.0232515
1.7421997
1.8153918
1.7174158
1.8080374
1.8870319
1.4861279
0.9724190
0.8035532
0.7378198
0.7390746
0.6104843
0.6020434
0.7051492
0.6379132
0.6311826
0.5406361
0.5091956
0.4646739
0.5049090
0.5470845
0.5137794
0.5135006
0.6238915
0.8081318
0.7596518
0.4468786
0.4409113
1.4454917
4.9015784
7.3153863
6.4038286
20.2940922
62.2553024
97.1799469
93.8016815
59.2743454
48.8375053
54.4534760
66.9229279
64.3827591
42.2575798
22.1996574
11.2049217
8.0500698
3.8774109
1.0690522
0.1488840
0.7835799
28.7945271
115.9791718
216.3512878
260.6949158
209.9810638
109.3588104
47.9843941
59.3313942
108.0245514
106.4341965
61.4024925
24.3519135
25.6381836
51.6656342
114.4250946
215.3299408
261.6673279
196.7429352
87.0260468
48.3633728
95.7066345
162.6081085
171.1151428
121.3173599
96.0274658
46.4352531
13.9482050
5.1286378
3.0683849
1.4309781
0.1715458
0.2850417
0.3598619
0.3469499
0.2520546
0.3194556
0.4332604
0.4547809
0.3317222
0.3400415
0.3736340
0.4882268
4.8824868
20.2154732
39.9622574
47.8632240
38.3495636
25.7847462
17.5946846
17.3205967
35.2016907
59.4149094
76.7263794
83.2951050
79.3526535
68.6974487
74.2731552
80.4831543
67.0528946
58.3149796
68.1704483
93.4071274
105.5780487
154.3641052
191.3312683
239.3153229
283.8193359
306.1680908
266.9130554
209.1095123
179.1784058
175.0294800
143.0028839
108.8642578
74.5490417
28.1664867
7.3909626
19.7811642
60.8918304
85.9122391
67.3110199
39.9224510
27.6211491
15.0307732
2.1236105
0.3102167
0.1955109
0.8041944
3.9997292
4.7998881
4.0201912
3.3337185
3.0064478
2.6222117
2.1320627
1.8553907
1.6781522
1.7502891
1.9391055
1.9994210
2.0838671
2.1198983
2.0179608
1.5663536
1.4231106
1.3079228
1.0728147
1.0382437
0.6837001
0.8849215
1.0424271
2.2632499
32.4536247
90.8220520
124.6764984
101.7715759
48.7893753
11.6420612
11.3852787
57.7392998
141.2243347
173.9411621
112.2691574
57.4928932
30.3921585
16.2402172
15.2559786
22.9127579
43.7718506
42.8455772
18.7688103
4.7812996
2.5592804
7.5063515
22.4821396
49.1999054
88.6349487
155.0284119
232.2452393
241.3679047
164.3942261
74.2350769
27.8235874
22.8205242
12.4640617
29.6101627
108.0163803
200.8975220
189.5824432
129.6628571
86.6257172
35.9475670
9.7552853
3.4142168
30.5235367
115.4711456
201.6046143
176.7487488
105.7530365
43.9212646
17.2360439
7.9669361
8.4888859
8.6056051
26.6940346
59.6555595
72.6006012
57.0448875
34.4877205
22.4750423
14.6507826
8.3843431
2.1603782
0.3441331
0.3193125
1.7307756
6.9600968
10.6197615
10.9494648
8.4530468
5.0929012
2.2744708
1.0903742
0.6238486
0.9409468
5.7977381
13.6624079
16.1302147
16.2597103
20.2540798
25.7459106
29.6493626
40.9265137
74.9366684
146.7131653
284.7738037
460.6673279
519.4470215
372.7476501
227.0203705
152.0220642
113.1156235
101.5783691
87.1668854
77.5622025
195.7936096
190.6935272
107.8373184
46.4741364
24.9523907
27.9201202
17.0089359
18.8478527
39.7169685
80.2870255
109.8584747
125.3869629
134.9815521
117.8509598
87.4610291
67.0960159
101.9162064
203.3264465
244.9127197
240.7045288
190.6160889
118.5657120
51.2700195
17.9849072
19.5823193
68.3621521
134.7490387
152.5871429
166.1838989
165.0850372
101.4397049
40.1547623
12.4476032
4.1050973
26.1246700
83.6246643
131.4678192
117.0713425
79.6124878
83.5313568
101.8283081
108.2377167
78.3921051
25.2434158
15.9244118
21.2756767
30.6175003
49.6354561
110.2503281
155.3656158
169.7375641
149.2552032
89.0237045
39.5733871
12.0822306
6.4077988
5.2737474
12.5498142
42.5317726
145.3263855
198.0865173
143.2189484
48.4475212
12.8687820
18.5774860
27.1046124
23.3657227
8.2066336
1.3179840
3.2035208
22.1056995
50.7906494
57.6193237
49.1741333
53.4842186
67.1153641
78.4634857
64.9055328
39.4529305
38.2179337
85.0721207
144.0028229
142.1071777
100.3245163
67.6012726
53.8752365
67.7438049
89.8107910
69.3532257
26.7294407
16.9191151
24.0636921
33.5041809
44.8180008
50.2786636
52.0910187
112.6975632
237.7005768
301.4011230
252.3305206
168.5422363
126.4845276
80.1201706
42.6659775
12.8282766
4.6515307
13.5960360
37.9073715
80.1884003
99.6379013
99.6310883
78.4500885
56.0428123
41.8109398
32.7728500
21.7166328
4.9299974
0.8708403
12.2484102
95.0281677
224.5713806
294.1615295
289.4260864
291.2491760
328.6292725
247.3328857
118.8474503
52.0128403
31.3057556
31.3466911
38.5914841
29.3014107
14.5752211
4.3302660
1.5502974
25.7905388
119.3987961
182.0353088
141.1517334
68.9855042
27.0430012
37.5321083
117.9882355
217.7042999
260.5146179
220.7021790
154.7016754
124.7683105
107.0682449
85.4802246
48.7992897
17.6022358
46.7095642
42.3202858
27.0948448
18.8017387
12.1633387
23.3781319
44.1388321
47.5052414
53.7631989
65.9691620
83.2769852
102.5322113
119.4151535
112.5065460
98.6847992
82.2495651
83.5213165
82.2094345
92.5289230
140.2862244
198.8818970
208.7714996
198.4518127
160.0764008
117.9566345
93.9493866
67.5910873
44.1730728
23.9244976
57.9436035
75.0046463
55.8798561
33.5867653
8.9597082
39.4553909
120.3119659
152.4033813
98.1754303
54.3557014
81.1856461
114.6597824
120.4522171
88.1529999
53.5582771
27.5676899
18.3530426
25.4543209
50.7350349
95.2638168
114.8453293
90.3319702
51.1146126
28.4086094
12.7709427
2.9091992
4.1371841
8.0357332
34.4036942
72.3573227
96.3135834
87.3564148
54.1319771
42.4734268
60.2449608
86.4228363
110.7627792
119.2734146
109.4191284
101.3618622
75.3387299
42.9940529
24.2495289
8.7493763
3.4902747
18.3566608
68.4452972
103.0937881
75.9275742
42.9610901
32.9873314
33.5650787
37.4163246
47.5950623
61.8728218
70.8621292
71.8775864
55.1507874
22.8061237
6.5210538
1.0659429
0.6672076
2.2342591
6.2877274
9.3976755
9.0013161
8.5361910
8.2561092
9.0466108
8.8709087
8.0147209
7.3977785
8.2147102
6.8938389
4.3778410
2.5946932
1.4522183
1.2769219
1.2544916
1.7117203
44.9980965
163.3141632
272.4687805
295.8646240
260.5211792
194.0819702
108.5161285
47.5317535
18.2952480
6.1392512
15.8711205
107.1390839
286.6737671
414.6316528
357.1569824
174.4413452
65.4128036
92.9690399
170.9111786
352.4450073
308.5957031
137.9338226
19.2496395
4.5988479
12.6838188
60.0251846
95.6024017
92.6610565
72.7162094
61.4691048
53.5102348
48.6783485
74.6194153
130.0307159
144.8299408
98.4638596
57.5009537
55.6584778
61.6267624
67.2298737
84.7093353
72.6936340
52.9855499
45.0330963
92.2089539
151.9336243
180.0293732
216.6817932
253.4653320
276.8750305
254.3317413
207.9058228
166.5190125
157.2529297
157.5878906
181.6756592
193.8372650
173.8515320
122.6752853
93.8756790
77.1124725
84.4095764
95.5009537
111.8983002
155.8763123
279.7201233
366.7490845
332.2353210
240.6539612
161.6684265
104.7011871
72.6342087
55.8061256
67.7194138
136.7828674
209.4484253
221.0415649
173.1133575
93.3013611
33.3459892
10.4315777
15.6136971
50.1478119
187.7752380
290.2659912
277.6095276
199.9521484
109.6814041
34.0360947
5.8925433
0.5155804
0.3657499
5.8524442
68.8628998
150.8908844
184.1085815
157.1781616
103.1531372
60.5223694
21.4159088
12.8713188
5.5899897
5.1518526
15.5666361
41.2365685
62.1581268
69.5533142
84.9073944
151.1151428
202.0881805
162.9808960
78.5062180
53.3747444
57.1284866
69.9852142
76.7053528
80.0129242
90.0756836
85.0063400
82.6344910
82.8409119
88.0460434
82.0583191
89.9376831
101.0110168
92.9719315
56.5505104
21.9814777
29.4123993
32.0526085
32.2133026
64.7625198
151.8619995
238.1781464
271.7637634
233.5499573
146.1617279
65.2567291
30.7766705
12.4781809
7.9130850
17.6142979
54.9687233
145.7413330
190.2890930
161.9746399
107.2279205
66.7756195
54.2192039
55.3946075
63.3783455
79.3052750
92.4996490
85.1091766
61.1908493
46.0153694
68.1489792
46.8892708
31.2061424
34.7967415
43.0135841
47.9288330
44.8219910
39.6207504
65.6846466
112.4956131
140.5741272
171.7600861
180.8299255
149.3123779
131.3805237
164.9578705
141.9891205
154.8921051
209.7353210
206.2959290
132.8962708
57.6356735
12.0968485
12.9861765
14.6208830
15.2871647
14.4411020
12.0587940
7.9623222
10.0351152
35.1766167
81.8183517
137.3686371
166.5543823
142.1638031
93.3050308
71.9772339
73.0837326
80.5206146
75.9270172
60.5559731
56.5867424
40.6646118
28.3824615
23.3981113
16.1079693
5.3768334
1.0914848
8.5983143
30.4573021
39.0943146
21.2375374
4.7897100
0.9583503
0.2501774
0.0943724
0.6297022
3.7334437
5.0881100
4.6149220
4.0355105
3.4461148
3.0091114
2.6061428
2.1375718
1.8136562
1.6739954
1.4937283
1.1045218
1.2388186
1.3034602
1.0803274
0.7156770
0.4319095
0.8669612
6.5195222
20.6047459
37.8926201
53.8631363
60.9499664
51.3938599
29.6541805
11.1892471
4.5236387
1.9093761
0.7261479
2.8154070
8.1639862
11.0398979
5.7323432
1.0114244
0.7649259
2.2289376
5.8710322
8.3604517
7.7154512
5.8525157
4.1082735
3.0497239
2.9129946
2.1921742
1.9119353
2.0900204
2.0147979
2.1411088
4.4603615
17.5723629
49.1832886
74.4483566
69.6288910
59.0772247
60.0773010
69.1295395
80.7367172
85.9801025
71.6948776
31.1999607
10.5028830
8.8576956
24.1997223
59.7332115
47.0505142
20.0056095
20.4328289
17.6497478
12.3807802
8.0594921
12.2368746
6.1372652
2.8910446
45.9765129
159.9815369
246.1820984
216.5007629
114.4982605
57.6162910
37.1727524
21.5091972
29.6545181
38.7328453
32.0019875
12.9449091
8.1039238
7.4943304
19.4593201
53.8832970
85.0709763
101.7410355
118.8405304
126.4100723
126.1950150
135.7092896
158.2036591
173.5247345
173.7690125
164.2618866
147.9402924
142.0259705
142.1629944
137.5197144
120.9431076
98.8682404
64.6789169
40.0771027
31.5316410
31.4106655
32.0622253
39.0881805
33.1757011
32.9676514
34.3556290
45.2820206
72.0515442
79.7866287
63.2354050
32.0391922
17.5757408
38.2518196
59.5948944
74.6127167
91.5221481
100.6985779
99.2045670
75.2373428
29.6853256
11.3809738
16.7472553
80.4281082
181.7814026
172.0098114
117.4647903
65.4840164
29.4623508
21.7256641
22.9285851
26.4951839
28.6387177
43.3827934
44.0336189
22.3023472
23.7391777
36.5489998
33.4423065
25.1704521
24.9145412
42.1960297
61.6528244
89.4614105
108.1254272
93.4700012
64.7927704
50.9179611
55.2807693
82.1569138
106.8600922
107.6252747
94.2837830
62.7792091
24.6937714
5.8158755
1.2395475
0.0875858
0.0597301
0.7264386
8.1548233
13.1000109
15.4990120
16.5971489
16.8216991
12.5366096
6.9801059
3.9791121
3.4603100
4.4530296
4.2659159
3.8704991
8.7895861
17.2115192
17.9026432
8.1950684
2.2659752
6.5428262
15.7902355
13.7114811
5.7283125
2.6798761
0.7119083
0.5473245
3.2890303
11.3962908
18.7978077
19.9786949
16.7317486
13.7833080
12.6852655
12.1746159
12.0947027
10.6450577
7.9760790
5.5693936
2.9706645
1.4558268
0.4815336
0.8089341
7.5900087
18.8657188
42.2840347
95.3795471
159.4624634
205.5621948
213.1023712
165.6154938
73.1035843
18.8144722
5.9959979
1.9745921
0.9039583
8.1554146
17.5449848
19.9160061
12.7557392
10.1123037
10.6373081
23.7892818
54.6237488
71.8527069
64.3221588
64.4241486
75.0539932
85.5023422
96.3726959
95.5408783
98.6238861
125.9472351
177.8586426
233.1891785
274.7471924
279.1494446
290.1544800
293.7019348
241.4207001
167.6431580
118.1283035
43.0662346
9.7066669
42.6275368
101.7713089
122.4125519
79.5993881
30.5560455
11.1834793
2.8507326
1.6554426
5.7351437
14.8364334
19.9058475
21.0618534
20.3046284
16.4724579
13.9537773
12.1885176
11.4611092
7.7839789
4.3282094
3.2533514
10.9358492
62.6509972
144.3076172
204.8094330
226.4706421
180.8839722
100.4225540
44.7092819
29.0463924
9.3249273
8.5755005
18.7829304
39.6442261
54.6362228
72.3592148
63.9389076
38.5093117
27.3402882
30.1079807
43.8408775
56.1018944
55.5375519
63.4087524
79.0088501
75.4323578
34.8274384
8.5866671
4.2126780
2.7511890
24.3877335
114.0049744
210.7764130
228.0899353
154.4250793
55.0681610
19.5422058
12.1919556
20.5402985
43.3017998
100.1284485
141.7489166
138.1853180
78.0904083
17.7994213
3.1656768
1.4135003
1.8879608
8.3385668
93.6827621
202.5002441
238.8803253
163.8264618
88.7369385
44.9702988
25.7344322
10.0162878
2.3407090
2.9925838
4.9196339
5.4394627
7.3430910
10.0633440
21.1724739
111.4827576
288.2194214
396.1630554
317.7605286
161.9994049
69.9076233
45.4674339
83.3505554
81.2262802
48.6782455
25.3582115
8.1594467
2.6161880
0.8344495
3.8821926
19.2204247
38.2873459
45.2475586
50.8263435
92.6694946
175.9398956
213.6024170
150.6813812
85.0913696
49.2361374
59.7885590
34.8403435
19.5822201
18.6259785
23.7340069
29.3501148
32.2877388
35.4277573
42.9512634
43.8236389
40.4286041
35.0629883
23.1641502
13.4762936
41.6361084
94.4538727
114.8508072
88.1106720
76.2220459
103.2461395
141.5435791
160.4572296
97.8950272
40.5196800
22.0604191
11.8858013
6.2445655
9.9785070
20.5033913
32.0298805
36.7557869
28.7490959
11.6665792
2.2853208
0.2352211
0.1681103
0.2062767
0.3744028
0.5637869
0.5924024
0.4969209
0.4454108
0.4434708
0.7945753
5.0262704
12.7090158
20.4869347
47.2837524
93.4911804
119.8845978
106.4186630
73.6053238
48.4210968
30.1774273
12.6956015
2.6115963
0.6251010
2.8675385
19.5835285
31.8909073
22.2552528
6.3486352
1.1588256
0.9845149
1.0287728
3.8912568
10.9301004
19.6198921
24.4763451
27.1942520
27.7818336
23.5070305
16.0731544
9.6952286
14.6675167
26.6605797
33.4201736
34.7298584
55.8660774
110.5641861
170.9243622
177.1871490
123.8736877
48.7444916
36.6404800
75.6283875
106.6340485
89.6973495
36.1263580
14.6157522
7.1681814
24.4233646
50.9928894
57.4165230
50.2594109
36.1395683
15.0580864
12.8889933
54.9722252
129.6794434
171.8259583
140.9403534
92.1250992
43.9714966
13.1215868
4.3623514
17.6378555
34.8321953
74.9234238
91.5467682
66.9709091
34.4268227
28.2514572
36.4817924
64.5319366
119.5348358
155.6059570
143.9003296
85.1701431
26.4911022
6.6057014
1.4526491
1.4182613
5.2745504
17.4805737
23.5536022
20.0098152
14.8971338
17.1447144
33.4620247
48.1044388
47.3392181
55.0029030
79.8888245
105.6709976
123.8733368
145.1838989
182.9471130
223.8002319
251.4172363
259.4050598
256.9308472
219.3150787
167.9512329
150.5369263
125.3853760
76.8240814
25.1580353
16.6748428
11.6527567
8.4001493
7.6704998
6.7769003
30.4285889
79.7793579
114.8959808
109.8168030
87.9128342
78.2701111
107.9853058
160.0343781
162.1822968
130.8344879
96.3532486
70.9577866
52.5321999
38.8782578
34.1540146
31.3516712
24.8273792
18.3652554
11.5824728
5.0012374
14.0473938
18.9082680
26.7016144
40.1691513
38.7773666
18.9901962
3.8305700
0.9882462
0.7741779
1.8769916
4.7302804
7.1808515
7.1291037
5.7604780
3.7391982
3.0288105
2.9898129
3.2120848
3.2055497
2.7069092
1.7599663
1.3181641
1.1459448
0.8788764
0.6311320
0.7021852
0.8929136
0.8518344
5.4740181
49.4077988
130.9495697
193.1672363
224.7599792
211.2544861
132.1114044
47.2524872
11.0683022
4.3208027
1.5055214
0.1515519
0.1627990
7.2890635
21.1578865
16.8256474
9.1555958
4.9822083
2.1052394
1.0547657
0.4590167
0.3219445
0.3808284
0.3605834
0.4582938
0.4419024
0.3899545
0.2840056
0.3149213
0.5628319
1.0265934
1.6153951
1.9607491
1.6950142
1.2084063
0.8823001
0.8931304
0.7750412
0.5870874
0.4905073
0.3296484
0.2677306
0.2810685
0.3290666
0.4309016
0.3147587
0.3163363
0.4261273
0.5277250
0.5885185
0.6588570
0.6278641
0.4164500
0.2602677
0.3114861
0.4062833
0.4274107
3.7749319
16.4786911
53.0161514
122.0247116
169.9657745
149.0422821
105.6874008
129.9606018
189.7441559
222.3838501
157.3090820
54.7157021
15.4844809
7.0683432
31.8885612
56.0373383
80.6425018
106.9736710
135.5447693
140.3030548
92.1736450
29.0632019
11.5456810
8.3944397
15.4160929
32.9717789
22.0372772
13.8840456
19.1357327
20.3954411
21.0885143
21.7271233
25.1404133
28.1577759
35.3579254
54.1738205
73.1004944
74.1822433
61.2972336
53.3493347
54.9483185
36.4085579
18.1731319
6.5701356
2.0051703
1.6503586
13.1452141
23.6026096
18.0919724
7.3443031
4.2341723
2.6738279
2.2414284
1.8011121
1.3011016
1.1343558
0.8546602
0.7602651
0.2945446
0.1701538
0.2011516
0.2738405
1.0296477
1.9420353
2.3091197
2.1901417
1.7524574
1.2350266
0.9332339
0.6782779
0.7235485
0.7555260
0.5854997
0.5345026
3.3888121
18.4393616
49.4446220
88.2842178
108.6264038
92.5292969
59.6743279
45.3058472
33.5882339
47.4706955
116.2343140
168.9816437
159.3153992
98.6782303
58.9621887
34.3663902
19.9032288
13.0139198
3.9075749
0.9157632
1.6440061
47.9816284
138.9760284
169.6074829
127.2969666
65.8626480
36.4544106
17.9476662
10.8181076
6.9932032
4.3719130
3.4649405
3.6316211
7.4495230
13.5681229
16.1961193
17.3530579
17.6432152
13.0147219
10.1721773
13.0987644
14.8007345
14.5350933
10.7139797
5.5193624
13.1873817
32.5149994
47.0877113
49.6264801
42.6593132
33.7410622
27.9217968
27.3010082
27.1251221
18.7840328
13.5680056
10.9325943
4.9785361
0.7207794
3.1388593
16.4379826
27.8486938
23.3048477
11.4961052
5.5226002
3.6967156
2.7546077
1.8060485
0.8931448
0.7622673
0.7250723
0.4413799
0.3786638
0.4456096
0.4168096
0.4036743
0.3460828
0.3837167
0.5070194
0.5170477
0.5486841
0.5800625
0.7251527
0.8716729
0.7956203
2.0865982
9.0324087
18.6743774
22.8884697
22.5916119
31.1779499
51.5759811
72.1147842
68.9439011
35.8346596
8.6914644
4.4942160
6.8007545
12.3094368
17.3376293
9.3517542
5.9515777
2.8736362
1.0024639
0.3496244
1.1159863
1.8060970
1.6778176
0.9811814
0.5069268
0.3455873
0.7529653
12.7480764
41.7954369
71.9705505
87.1048889
75.4269028
41.0428886
10.9574785
2.7099748
1.1140418
0.3504537
0.3457029
0.8759634
8.6648750
22.7289238
32.2245865
25.1206856
7.2837176
1.1970644
0.3026903
0.0959434
3.6514235
20.5053959
33.5203705
33.6779060
30.1940880
26.8098850
15.1429968
4.8747540
0.7662269
0.5786250
3.4943771
7.8368330
8.8345928
5.4384370
2.8046045
2.0548420
2.1788299
2.7622085
3.7182050
4.5623474
4.1810799
2.1521790
1.0879813
0.7585881
0.7023830
0.5707207
0.3936486
0.3026665
0.1458939
0.0124786
0.0010668
0.0000051
0.0000000
0.0000000
0.0000000
0.0000000
0.0000000
0.0000000
0.0000000
0.0000000
0.0000000
0.0000000
0.0000000
0.0000000
0.0000000
0.0000000
0.0000000
0.0000000
0.0000000
0.0000000
0.0000000
0.0000000
0.0000000
0.0000000
0.0000000
0.0000000
0.0000000
0.0000000
0.0000000
0.0000000
0.0000000
0.0000000
0.0000000
0.0000000
0.0000000
0.0000000
0.0000000
0.0000000
0.0000000
0.0000000
0.0000000
0.0000000
0.0000000
0.0000000
0.0000000
0.0000000
0.0000000
0.0000000
0.0000000
0.0000000
0.0000000
0.0000000
0.0000000
0.0000000
0.0000000
0.0000000
0.0000000
0.0000000
0.0000000
0.0000000
0.0000000
0.0000000
0.0000000
0.0000000
0.0000000
0.0000000
0.0000000
0.0000000
0.0000000
0.0000000
0.0000000
0.0000000
0.0000000
0.0000000
0.0000000
0.0000000
0.0000000
0.0000000
0.0000000
0.0000000
0.0000000
0.0000000
0.0000000
0.0000000
0.0000000
0.0000000
0.0000000
0.0000000
0.0000000
0.0000000
0.0000000
0.0000000
0.0000000
0.0000000
0.0000000
0.0000000
0.0000000
0.0000000
0.0000000
0.0000000
0.0000000
0.0000000
0.0000000
0.0000000
0.0000000
0.0000000
0.0000000
0.0000000
0.0000000
0.0000000
0.0000000
0.0000000
0.0000000
0.0000000
0.0000000
0.0000000
0.0000000
0.0000000
0.0000000
0.0000000
0.0000000
0.0000000
0.0000000
0.0000000
0.0000000
0.0000000
0.0000000
0.0000000
0.0000000
0.0000000
0.0000000
0.0000000
0.0000000
0.0000000
0.0000000
0.0000000
0.0000000
0.0000000
0.0000000
0.0000000
0.0000000
0.0000000
0.0000000
0.0000000
0.0000000
0.0000000
0.0000000
0.0000000
0.0000000
0.0000000
0.0000000
0.0000000
0.0000000
0.0000000
0.0000000
0.0000000
0.0000000
0.0000000
0.0000000
0.0000000
0.0000000
0.0000000
0.0000000
0.0000000
0.0000000
0.0000000
0.0000000
0.0000000
0.0000000
0.0000000
0.0000000
0.0000000
0.0000000
0.0000000
0.0000000
0.0000000
0.0000000
0.0000000
0.0000000
0.0000000
0.0000000
0.0000000
0.0000000
0.0000000
0.0000000
0.0000000
0.0000000
0.0000000
0.0000000
0.0000000
0.0000000
0.0000000
0.0000000
0.0000000
0.0000000
0.0000000
0.0000000
0.0000000
0.0000000
0.0000000
0.0000000
0.0000000
0.0000000
0.0000000
0.0000000
0.0000000
0.0000000
0.0000000
0.0000000
0.0000000
0.0000000
0.0000000
0.0000000
0.0000000
0.0000000
0.0000000
0.0000000
0.0000000
0.0000000
0.0000000
0.0000000
0.0000000
0.0000000
0.0000000
0.0000000
0.0000000
0.0000000
0.0000000
0.0000000
0.0000000
0.0000000
0.0000000
0.0000000
0.0000000
0.0000000
0.0000000
0.0000000
0.0000000
0.0000000
0.0000000
0.0000000
0.0000000
0.0000000
0.0000000
0.0000000
0.0000000
0.0000000
0.0000000
0.0000000
0.0000000
0.0000000
0.0000000
0.0000000
0.0000000
0.0000000
0.0000000
0.0000000
0.0000000
0.0000000
0.0000000
0.0000000
0.0000000
0.0000000
0.0000000
0.0000000
0.0000000
0.0000000
0.0000000
0.0000000
0.0000000
0.0000000
0.0000000
0.0000000
0.0000000
0.0000000
0.0000000
0.0000000
0.0000000
0.0000000
0.0000000
0.0000000
0.0000000
0.0000000
0.0000000
0.0000000
0.0000000
0.0000000
0.0000000
0.0000000
0.0000000
0.0000000
0.0000000
0.0841711
0.7771031
2.1421900
3.3686869
3.7996624
3.2071960
1.8427931
0.8316065
0.6161468
1.3070080
4.5725665
8.9278631
10.9449997
9.3712034
7.1060028
7.0978885
9.0665321
10.4910030
10.9626274
10.8757639
12.0708923
12.5415020
16.9187069
64.9008484
168.0310974
253.3547363
250.9029388
179.8509216
126.4649887
98.4460831
86.0830765
76.5409546
76.7429199
93.9960632
99.0582123
76.9243088
38.8885994
14.0387516
6.5248213
12.4401007
22.9760933
27.9172230
38.3649445
50.6018677
53.8099136
42.8872490
32.8657951
24.9369965
16.4312248
7.9846725
3.6961770
1.3399273
0.3181773
0.3888026
3.4222627
10.5404997
12.5744810
10.1503792
8.0026436
7.5011067
6.5798655
5.1018510
3.3959641
2.6071253
1.8535793
1.6202950
1.3446411
1.2524456
1.2334422
1.5376080
2.0892136
1.7967012
1.3683463
1.1481428
1.3774105
1.5406277
1.3693098
1.3410563
1.5286434
2.1831844
2.8283668
2.7338548
2.4134538
1.8412610
1.2636740
1.1597662
1.0419685
0.7094948
1.0515177
12.9470215
44.7091789
128.6022949
268.0584106
345.4632874
301.6356812
195.9823914
118.2717896
82.9856339
47.5389328
28.6422520
29.1126328
123.7414093
161.1342773
141.6373138
83.5496750
37.8966980
22.5929031
10.3446541
5.5595980
11.6306362
75.4988022
165.1790771
218.5604706
201.8521576
159.9330444
118.6602631
66.7695694
18.8656406
51.4121170
59.3034554
57.5114632
42.7934570
21.5070114
16.9657288
20.3472557
32.3443794
29.6741848
15.8520823
6.2341433
7.0456476
59.8450890
163.3619080
242.7565918
255.7166748
209.6121979
148.3728333
98.3923416
85.7898254
77.8230743
65.2519073
60.1177826
30.0375557
6.1821957
1.1441468
5.8076363
23.4292240
26.5815811
8.6498737
0.7203848
0.1173135
0.0450934
0.2331570
1.7258066
2.7782822
2.3736458
1.6677395
1.1440737
0.9613858
0.8397192
0.6872852
0.5120668
0.4628842
0.5127962
0.4417630
1.3477236
11.9168129
40.0022430
77.5541077
102.6926880
110.0075302
103.6928177
83.6937866
56.8832359
29.4503365
16.9998150
25.3344746
80.4063797
93.2986221
65.3584518
36.8516312
26.3576927
29.1430435
30.5994129
16.4780655
13.3009195
12.2693701
6.5494900
10.2560339
28.9598389
73.8439865
135.7592926
171.4659576
145.5832520
97.1074066
77.7846527
78.8328323
85.4423828
85.8107834
96.0235596
140.7282715
208.6376801
250.9203491
252.3312988
183.2623749
132.9230804
82.2904129
35.4523582
40.7506447
12.8889294
2.2741246
0.9479876
0.4943687
8.6703701
33.2767334
53.9561386
78.9377518
123.2039795
181.7781067
202.6172638
167.8579712
96.1864700
64.1489182
58.9020996
64.5141449
45.8177872
25.3492146
6.5224223
0.4368230
0.3332618
1.6930612
11.6305075
20.5556450
12.6186876
3.5740576
2.2446642
2.0197740
2.9123785
18.8201942
50.1053925
57.0708694
26.5064201
1.9073250
0.5056795
3.3900256
14.6980877
29.8054371
36.4118729
45.0598221
51.5276413
46.7805023
37.6378860
33.6486473
29.1213036
22.7181034
17.0039730
13.1093607
10.4445791
7.8409081
5.7652230
3.3895934
1.3352672
0.3862558
0.1818904
0.7409940
4.4619365
9.0618420
11.2251339
11.3998241
10.1626711
8.9816628
7.9355168
6.8057899
5.4323626
3.4305425
2.8689485
8.4449425
45.9097481
143.9539490
243.9696808
239.0841980
120.4389038
38.0586166
30.3645935
34.4052658
42.8800011
94.4242706
203.7568817
310.1858521
380.3652344
351.5440369
273.2940674
160.6285095
76.5514679
31.8959351
6.0124488
3.2439082
8.3048449
77.9156418
162.6584167
162.6212311
99.6181488
59.9049454
44.8477173
33.2610321
27.1588459
33.2804146
43.5178261
36.7107773
26.8937016
19.0382481
11.8334942
7.7740793
21.7130089
57.1654778
86.9726944
87.5268631
61.5534363
40.1992378
19.5597916
16.8168945
34.6598663
46.6904259
37.6910667
38.9124298
56.1302338
80.4939346
84.1154938
63.7229424
28.0721092
6.0975766
4.8686862
15.2085590
24.3210564
21.5157681
11.8514271
18.5833549
62.7042999
108.8822937
103.4419403
51.5888557
19.9989719
12.7557163
13.8603449
27.0945053
33.0666466
29.2959137
29.0527954
18.7278233
13.7160864
34.3113976
74.5441360
98.1399536
102.6035156
85.1114426
64.8854675
46.6155739
48.7222328
58.3886719
74.3505096
92.9315262
119.1703873
156.6864929
185.9976349
190.6723022
174.0843353
160.9242706
172.9948273
191.4125671
175.6456909
155.5508270
147.6071777
118.8768768
62.5482941
17.6234741
5.5622168
1.8421395
1.6128786
2.4298701
40.0754242
130.9613800
205.7408600
219.1770630
177.9491882
136.2590179
98.8227310
62.1459923
29.7929058
65.6583862
118.6408539
136.9302368
142.6492920
135.4439240
122.8245010
130.0069580
137.9955902
120.3809738
78.9289246
51.4522285
43.4225006
35.6527443
13.1184826
9.4328604
10.5347986
1.8780017
1.4087533
5.6276736
12.3257332
13.2969780
10.6960917
7.8755579
7.7916117
8.0953922
7.8382583
7.6251907
6.0364857
3.8276532
1.8455732
1.2731262
4.3135576
11.0404072
16.0032349
18.4712181
29.7320938
82.8711853
170.0935669
223.2051849
180.9765930
91.7884674
41.3474045
25.3425369
19.4067764
25.9068890
76.3588943
75.9010849
55.6958847
35.5998688
21.3594875
9.9334183
5.9255233
12.2599859
22.9973850
31.1922741
35.8073120
24.9142418
8.0980921
1.9755609
0.5257334
1.0939969
2.7103963
13.6161442
35.7354469
47.0016823
35.8881035
17.2467537
13.5726423
14.1085052
8.6961155
1.1221385
0.1081979
0.0260127
0.0656235
2.0948849
18.5833740
39.7550774
46.0166779
35.8964119
27.9687786
41.9275513
79.4624710
108.5877991
97.3776779
62.1236763
33.8502312
30.1102848
61.0531578
54.5827827
35.7888184
25.4220505
41.1156387
54.2531204
50.5059052
33.9562759
17.8667660
8.2785931
6.7559490
9.4124880
27.0482731
66.1625290
94.9400177
94.7633820
76.3618774
55.0722542
48.1258392
31.3719959
15.6256065
26.9783554
67.5215759
71.7756042
62.0636482
56.4964180
61.7845688
65.8291626
69.5493164
69.7922058
62.6893806
50.1047897
37.2242584
73.0981827
96.1511993
60.0637321
33.4895515
21.1463871
21.6509914
24.0653572
18.9117298
18.0768929
21.1769409
17.9704571
15.0442410
43.9303551
95.9812927
116.7598801
86.9335175
54.1417656
36.8622894
33.4691620
22.4552822
10.7025232
8.6284389
23.8255348
74.4143066
88.3206787
44.8450089
10.7600527
7.8283811
5.5834904
3.9736743
3.0595047
13.3294258
31.5742855
40.0914268
40.0813637
30.6728134
23.0606785
19.2507629
22.5860806
34.2156715
59.9101524
83.1606750
93.6298676
86.8544159
75.1658554
62.4842644
54.2244720
53.0386124
52.4048347
45.7063293
40.7578354
42.0626678
38.0456657
28.0039768
12.2485485
5.8245020
7.5175114
2.8490870
1.1734989
0.4740233
0.2018611
0.1294016
0.5202566
1.9714460
2.8482680
2.5964499
2.2439129
2.0391228
2.3044097
2.8631885
2.9773819
3.1957831
3.5292487
3.4608264
3.2082279
3.2401965
3.0221326
3.0547221
2.7361536
1.8817424
1.1197801
0.8160387
0.6644375
0.5883273
2.7866514
10.9872284
22.6143436
30.8634949
32.6314964
39.7923279
57.4344597
71.0382309
76.9372101
68.2456970
51.0636444
39.6660652
59.4655190
98.4699631
146.8763885
165.5881500
156.9897461
140.0531769
111.3484497
76.3027267
63.1633835
60.2610703
41.2528000
12.8938351
1.7884839
0.4827740
1.4932346
11.5398893
22.7998734
19.4827919
7.5924540
2.4169908
0.7251524
0.2454497
0.0807105
0.0621841
0.1075814
0.1996247
0.3138229
0.3747255
0.3365677
0.3333002
0.3849572
0.4094470
0.5327423
0.6339701
0.5906072
0.3858399
0.3773745
0.3849080
0.4814601
0.7648222
0.7569392
0.4782583
0.4397674
0.7165364
0.6298730
0.3323634
3.7922053
22.3401661
53.0366440
84.6722336
95.0200348
73.1781845
42.3609962
31.1858826
27.9882126
11.7881136
6.5531378
4.5425596
8.4678793
40.8981857
93.0110321
138.5270538
145.4995880
115.3070068
81.9034576
60.3452568
36.5961380
18.7030125
13.8601065
6.9008665
7.6368237
19.8050632
33.4621124
42.0263824
38.5928307
30.9431725
26.8585892
27.4994087
27.8955917
23.9463711
19.8984222
18.5043221
17.1564102
12.3811779
4.0504603
0.9770634
0.9999534
2.2364058
1.6214371
0.6111386
0.4370848
0.0824028
0.1096272
0.2927921
0.4103075
0.4246680
0.4711228
1.3692882
5.9689999
17.6540699
34.1519585
44.2341385
40.2321663
30.4056835
21.1650124
10.2333899
2.6107979
0.5733638
0.5877563
3.6103349
8.9131956
27.3011589
49.8651123
55.7856903
58.2761688
71.6659470
82.0869293
73.8408356
62.3252640
54.4681625
46.1582832
49.7637939
71.2416992
79.4284058
50.1158867
40.4258842
29.3887806
13.5765734
5.9740438
3.0569704
2.1612902
2.9302189
6.2853723
8.0040112
5.4855003
4.3633533
5.7030129
5.7699833
5.7170906
4.6802201
3.3707454
4.6559410
4.5541110
4.5445547
6.6730251
7.9161725
8.6208153
7.3773198
5.8961811
8.3922749
18.3504505
25.5144444
27.8093872
23.3806190
12.2036982
10.9856119
64.2146988
151.2831879
202.2103424
184.8568268
133.9771118
72.1749115
49.8232803
37.6578445
21.0658665
5.3692846
7.6418324
42.1773148
57.1403122
41.2603302
11.2538509
0.9992255
0.2695303
0.4527887
6.9999771
18.8281326
23.7499866
22.3990726
15.3547163
8.0077658
4.1570511
2.1611207
2.0185180
1.6784002
1.2078481
1.0599390
0.6805482
0.5517166
0.7223817
0.8719879
4.3609543
22.1181831
54.6946487
78.0305023
65.1267700
29.4835663
21.9382629
45.7986336
105.5283661
131.7964478
106.2743607
94.9254837
102.3915558
59.8275909
25.4338226
16.0624199
12.5803289
12.3947945
64.3316650
153.2406311
233.1371918
237.2588348
170.1136017
111.7064743
86.9632721
81.9192657
66.0309525
39.3002777
19.7769184
2.1411047
0.6863575
1.5745548
3.0285096
1.7260782
0.4477921
0.2530985
1.3396708
3.2639661
2.9560184
1.9181802
1.5085735
1.1906796
0.6427070
0.3793414
0.3036820
0.5010190
0.6339608
0.8852072
1.3480738
1.6206586
1.6089222
1.3791296
1.2940146
1.2207041
1.0501332
1.0787150
0.7537338
0.4713570
0.8024837
6.5025997
16.0332623
21.0750465
35.8552208
74.0055008
103.1994705
92.4349976
55.5693970
19.0228252
19.8280640
18.7911263
43.6627655
63.9949532
49.9063187
27.6913471
53.5576363
121.3962631
201.2856598
203.9667511
127.3507462
59.1259537
20.7615623
4.4752045
0.7378126
0.6438829
1.6830413
1.0639745
0.7134724
1.9679562
3.9168096
3.2537613
1.3622532
0.6173026
0.3206644
0.2458841
0.3108536
0.5537027
2.6520936
9.8783455
19.3176765
32.3785934
61.2235489
112.5347137
176.0830231
234.6122437
281.6007385
315.0254822
312.7598877
236.4011536
160.8129730
129.1568298
145.9918213
148.3592529
127.7013855
92.5930634
82.3715210
60.5468750
46.0242043
25.6022301
8.2905722
53.9543152
67.6603775
59.9706955
53.7422867
52.7430725
80.2247009
56.2491150
26.7876740
11.8809118
15.4119186
27.7050037
51.7195473
158.9032288
345.1424255
430.2873230
301.5033264
99.5305939
37.7849007
24.0851669
17.4109936
26.3746338
36.4020424
39.7877426
58.1550674
114.4154205
168.0880737
191.2174988
192.9349518
199.8702850
211.7807617
208.5475159
182.4231720
141.1142883
115.0877075
112.6370239
93.6079636
92.4359131
85.6925430
78.8006363
65.6244888
51.1786346
35.2802429
20.7103233
7.5772882
38.3171501
59.9892921
50.1209679
37.7515144
29.4937229
22.6355972
11.2421970
22.4758091
43.8162613
47.0749092
50.5387611
54.7622185
48.4467659
35.4741211
22.9306717
32.1071472
129.4443665
277.4168701
318.1585999
220.5881042
107.7559433
30.0044289
6.9666634
1.5476451
2.4295681
8.6685848
38.8598289
64.9924774
59.6718903
42.8548698
33.2224388
22.7860851
17.8819790
20.8873463
20.6911144
10.0803690
19.0392342
76.7063446
178.0838470
236.0072632
200.2053833
101.0126877
54.5527458
35.4915085
48.9035645
57.5446205
29.5608826
12.4923077
15.0783548
10.5778046
40.1192703
93.1492310
101.8951416
66.2747345
39.2128563
37.1079712
36.0403023
42.9845467
41.4627609
19.8165951
6.1085916
13.5129490
51.9484596
107.6573944
148.6192932
140.2665405
85.0092773
41.7871704
30.1977844
50.6520996
85.2434235
94.7071152
68.0377197
39.2972031
26.6114044
18.5866928
40.7956848
50.6087914
39.6796875
33.3282471
28.6690006
13.7247829
3.1604548
9.8989620
45.6874504
77.7336655
65.4789886
18.2996597
2.3585143
0.7273934
1.7289112
19.2602997
44.6980286
40.6690063
25.4327011
24.0228844
40.4041367
45.0969887
27.0167751
5.8193111
17.5007858
52.2869263
68.4085312
53.0147247
27.8963165
17.4810276
19.2363701
32.4537964
53.3829842
63.3693886
45.3251457
20.3175240
4.9823112
0.4373844
0.4114478
3.7381389
23.7594299
38.9985733
43.6561775
34.1364059
21.9791965
11.2626839
10.1200571
9.3843632
10.8665581
23.1902447
38.2616501
55.7136612
68.0861740
55.9545288
25.9667892
13.5485678
44.0974350
103.3708038
134.9449921
105.3184586
58.8412209
37.4019547
24.6059437
21.8824749
24.8752613
26.3635788
24.5299034
27.8697987
35.3415413
33.7628708
16.3220367
3.0330367
4.0976267
29.2966652
79.8832779
106.7778168
91.3604965
54.9813271
26.0184937
13.3743811
10.2091665
8.2843180
2.7817392
2.4725041
13.9971676
29.3209877
23.6250572
2.0198352
0.3176436
0.1337240
0.0606730
0.6426302
2.6523449
3.0913341
2.8556705
3.1754818
3.4693599
3.4244695
2.9592795
2.2503552
1.6830320
1.5315182
1.5315144
1.4093524
1.2826855
1.0450621
0.7258146
0.7674378
0.7707945
0.8102891
0.6084729
0.3973160
0.2905585
0.4010764
0.7528293
5.4512196
18.9746208
42.4015274
68.2473145
79.5839767
80.0137329
71.0627365
59.8299675
37.7342110
11.7263498
3.8854663
4.3332214
8.2893229
12.4469070
10.3153992
5.7346945
4.9620428
3.1318138
1.0725145
0.4298723
0.2426783
0.2819512
2.5465295
7.5450211
9.9962626
7.3432870
5.3015518
6.5707517
6.1036172
8.4600945
30.1598053
62.7874489
78.8670502
74.5655212
51.4919128
28.4482193
17.6986599
7.0554538
3.6209962
2.9654653
0.7995369
0.2879231
0.3111590
0.3694235
16.9373474
100.5470428
246.0726776
357.9890747
328.3675232
179.8898315
59.0044823
15.9350872
11.2508316
22.3908405
47.2994690
38.7264481
32.9369202
24.9107018
17.6543503
14.4224653
11.5209951
11.5687532
16.2986355
37.7029266
58.9199867
58.0137253
47.8224297
37.5979309
28.2949944
20.5112724
13.2094212
9.9949522
9.4129839
8.4883556
8.9559364
10.2893419
10.1154022
10.9946785
14.1907339
17.4474716
19.0121021
18.6319122
18.5912399
24.8712311
34.1962547
37.0723305
37.3197784
47.6018829
61.0810585
59.4499779
39.2926826
23.4432049
15.7952242
8.3007574
11.7318830
41.4412270
63.7914886
54.6194954
30.8798866
16.4924793
10.7080688
14.8206997
15.8693514
21.8194866
28.4193916
35.1006432
36.9369545
31.8677101
24.8424435
15.3641176
7.9959784
34.4058151
110.8371735
169.4784546
163.4152069
110.5266800
66.0077591
43.5496292
25.9848289
21.1165676
12.0795250
3.2461066
6.4411740
10.8438206
3.6736383
0.5196764
0.9071993
4.2134724
9.1618052
8.4037714
5.9799356
5.3382320
5.2368226
4.7014265
4.2857137
3.4904263
2.5989749
1.7681035
2.0877361
2.7146707
2.3022678
12.0403194
54.5658188
146.2110748
230.5737457
226.5975800
141.8578796
65.4291077
86.8069763
151.1446228
189.1531372
160.1794128
120.4438934
80.9965057
34.8323326
15.8141088
10.9711428
63.5696945
218.0637665
275.4842834
191.5678406
93.3342743
42.6014481
28.0857525
25.2782173
33.8134918
42.2105408
33.1586380
56.0304146
107.4997406
130.3700256
125.5579681
117.4521408
103.7407913
88.2366028
70.3842850
49.4073753
33.2971878
12.9335041
1.5614232
1.6046035
6.3819165
16.2251587
19.5372276
17.2339859
13.9050713
10.0858164
9.9814129
13.1335554
12.4931536
4.4354448
0.7485937
0.3223427
5.7907758
44.2074738
114.6539841
203.5241852
265.3116150
238.0042572
147.2323151
56.2107124
37.9032326
28.3475075
85.8786240
154.0386810
157.0766449
144.5256805
124.7202454
102.7748032
78.8970032
61.4726639
51.6594582
48.9283676
47.7760811
33.9655685
35.4610672
92.8027115
228.0335236
314.7119141
268.8004456
157.7518616
52.5982552
16.8625393
1.1159766
2.2719545
17.6348457
41.7934189
50.1697235
58.0670052
106.0107269
157.9521179
155.5230408
131.3156738
114.9550247
137.3983765
116.1479950
83.6861115
57.8473358
56.4923782
129.8944244
247.8707581
325.1007385
325.5490723
265.9627991
155.0715942
69.1382065
93.3811874
230.9860535
240.8061371
255.4944458
214.5728302
142.5527496
99.9811096
116.5670013
176.6218872
173.3824005
134.9775696
96.5656662
83.3863983
175.3358459
180.8929749
111.2148438
56.4867859
35.5114288
22.7989349
16.5843887
17.6903629
53.8605995
138.5893555
174.1713715
140.1348267
70.2067947
33.4493790
20.0747719
12.4504871
9.2981119
19.7585945
86.4076233
192.1605835
247.0026245
201.3731384
106.2718430
43.3999443
14.0281744
2.5544260
3.3410435
5.8115563
7.3550949
18.4277325
38.4849625
45.5593262
40.0953751
32.4266281
24.1621113
13.3064060
3.7763357
2.9909039
51.4676704
205.1415253
394.6093140
444.3396301
275.4811096
114.4902267
91.4171448
238.0223389
401.1369324
406.2227783
328.5789490
202.3867188
175.0974731
269.8117676
181.9141998
77.5464325
51.9734268
62.7795944
66.2682037
74.1770325
91.6765289
109.3474274
166.6677246
257.3070374
297.9925842
231.2279510
162.5061493
98.1791382
63.4536018
61.5561981
18.0777950
34.0901566
116.9554749
273.2398376
345.2581482
225.1844482
73.6628265
14.8327866
2.5020745
0.4114685
10.7005367
96.5468445
162.0084534
153.6137543
101.1654892
63.6528625
64.1415863
62.2666397
39.7090836
23.4297791
22.3216667
25.6570969
16.2459030
17.4812984
32.3837700
46.1726875
40.0523758
38.5275841
32.5892334
23.5621243
20.4960327
57.2744865
124.6658401
161.1546021
93.7203903
24.6251698
3.9917684
1.2049700
1.7323732
37.2363777
113.9317017
115.3666229
64.7471161
20.2419548
11.3366070
8.8775206
24.2753887
42.6161232
25.5895939
11.7352495
10.3736286
29.8765774
50.5046234
73.1483154
64.2455368
38.1147919
12.5657444
12.0715466
25.0424652
36.8367844
31.6903496
8.6312580
1.0036156
0.5346352
12.8532410
62.9211006
120.7400970
146.6671448
134.9784393
114.6685104
85.7852020
65.5505447
49.1929474
44.9405441
59.1483459
72.6439285
86.2159195
120.3309937
157.2646942
144.6050415
93.5284119
36.6101570
14.0376396
7.2581825
6.7361450
15.8728142
56.6159515
83.5145874
62.8828888
29.1761398
21.0821915
27.2471294
29.9030781
30.4504681
27.7451935
14.8941317
6.5538449
10.7379665
17.2712917
22.0880814
27.3059616
66.4677963
109.6598129
114.2725067
72.4148254
25.2172432
8.4191942
2.8844388
5.7409387
31.5983162
75.5863647
71.3008728
41.7801819
22.2569027
20.4457874
30.5898457
35.4806595
35.2442589
38.4537888
46.8687134
45.4737740
28.7907944
20.9122009
14.2595892
4.9311481
2.5116978
11.2163744
19.3180466
6.2880616
0.2763137
0.2203399
0.4581881
8.8523436
24.0419559
27.3940525
23.5056419
18.0787754
12.1047144
5.5836911
4.3990455
7.4629765
11.7656279
10.1062975
7.6857467
9.0463514
9.7550383
9.3801231
8.7398548
8.2738991
7.9044518
7.8495665
7.3709478
7.2543106
8.9096317
14.8463669
28.3719425
43.1540298
54.7599449
60.9788513
56.1776505
42.3171005
24.9800243
12.3589659
5.4669638
2.8074179
4.4969912
8.8978100
14.1978264
19.2920494
21.0949860
22.2144375
22.8402195
17.3986244
14.7961168
17.8871593
18.4091377
11.4933186
8.9893265
8.7127743
8.9622231
8.0406427
6.1116753
4.1070728
2.5912411
1.9970313
1.5286230
0.7990481
0.4688020
0.3185717
0.1647158
0.0817506
0.0147471
0.0002684
0.0000000
0.0000000
0.0000000
0.0000000
0.0000000
0.0000000
0.0000000
0.0000000
0.0000000
0.0000000
0.0000000
0.0000000
0.0000000
0.0000000
0.0000000
0.0000000
0.0000000
0.0000000
0.0000000
0.0000000
0.0000000
0.0000000
0.0000000
0.0000000
0.0000000
0.0000000
0.0000000
0.0000000
0.0000000
0.0000000
0.0000000
0.0000000
0.0000000
0.0000000
0.0000000
0.0000000
0.0000000
0.0000000
0.0000000
0.0000000
0.0000000
0.0000000
0.0000000
0.0000000
0.0000000
0.0000000
0.0000000
0.0000000
0.0000000
0.0000000
0.0000000
0.0000000
0.0000000
0.0000000
0.0000000
0.0000000
0.0000000
0.0000000
0.0000000
0.0000000
0.0000000
0.0000000
0.0000000
0.0000000
0.0000000
0.0000000
0.0000000
0.0000000
0.0000000
0.0000000
0.0000000
0.0000000
0.0000000
0.0000000
0.0000000
0.0000000
0.0000000
0.0000000
0.0000000
0.0000000
0.0000000
0.0000000
0.0000000
0.0000000
0.0000000
0.0000000
0.0000000
0.0000000
0.0000000
0.0000000
0.0000000
0.0000000
0.0000000
0.0000000
0.0000000
0.0000000
0.0000000
0.0000000
0.0000000
0.0000000
0.0000000
0.0000000
0.0000000
0.0000000
0.0000000
0.0000000
0.0000000
0.0000000
0.0000000
0.0000000
0.0000000
0.0000000
0.0000000
0.0000000
0.0000000
0.0000000
0.0000000
0.0000000
0.0000000
0.0000000
0.0000000
0.0000000
0.0000000
0.0000000
0.0000000
0.0000000
0.0000000
0.0000000
0.0000000
0.0000000
0.0000000
0.0000000
0.0000000
0.0000000
0.0000000
0.0000000
0.0000000
0.0000000
0.0000000
0.0000000
0.0000000
0.0000000
0.0000000
0.0000000
0.0000000
0.0000000
0.0000000
0.0000000
0.0000000
0.0000000
0.0000000
0.0000000
0.0000000
0.0000000
0.0000000
0.0000000
0.0000000
0.0000000
0.0000000
0.0000000
0.0000000
0.0000000
0.0000000
0.0000000
0.0000000
0.0000000
0.0000000
0.0000000
0.0000000
0.0000000
0.0000000
0.0000000
0.0000000
0.0000000
0.0000000
0.0000000
0.0000000
0.0000000
0.0000000
0.0000000
0.0000000
0.0000000
0.0000000
0.0000000
0.0000000
0.0000000
0.0000000
0.0000000
0.0000000
0.0000000
0.0000000
0.0000000
0.0000000
0.0000000
0.0000000
0.0000000
0.0000000
0.0000000
0.0000000
0.0000000
0.0000000
0.0000000
0.0000000
0.0000000
0.0000000
0.0000000
0.0000000
0.0000000
0.0000000
0.0000000
0.0000000
0.0000000
0.0000000
0.0000000
0.0000000
0.0000000
0.0000000
0.0000000
0.0000000
0.0000000
0.0000000
0.0000000
0.0000000
0.0000000
0.0000000
0.0000000
0.0000000
0.0000000
0.0000000
0.0000000
0.0000000
0.0000000
0.0000000
0.0000000
0.0000000
0.0000000
0.0000000
0.0000000
0.0000000
0.0000000
0.0000000
0.0000000
0.0000000
0.0000000
0.0000000
0.0000000
0.0000000
0.0000000
0.0000000
0.0000000
0.0000000
0.0000000
0.0000000
0.1959942
1.2086401
2.8114839
3.7472270
3.4869983
2.6836991
2.2094984
2.2277305
2.6413112
2.6600468
2.2225759
1.8538992
2.3821018
3.0463960
3.3697422
2.9768887
2.9400203
3.2186000
3.0595157
2.8968022
3.1028488
4.1500492
5.6067233
7.4783549
7.8446145
7.1162071
5.8450556
3.6069672
1.5773644
1.1322209
4.1251822
10.4105158
16.6503296
18.5821552
21.3176422
49.9458084
140.8041382
260.0511475
303.8963318
228.5394897
165.6542816
143.9116364
136.7099152
97.6936951
41.0013771
6.7844434
1.2036721
0.1715096
0.5343571
17.5216675
104.0033875
172.2628174
147.6530609
44.9900284
3.4532778
4.1751442
15.6503191
40.3680267
43.3760185
28.7617569
37.3288193
62.1840668
108.0385818
206.7986298
294.4946289
276.3208313
228.5337372
217.4200897
275.8897705
217.9732513
83.1244202
8.6048403
1.6594237
16.2651711
102.0786362
198.2201843
184.3362274
111.0935898
55.1268425
26.8021908
16.2421608
15.9375677
20.8406391
14.0666971
13.8634148
38.6940231
69.4124146
77.7630157
58.8874397
41.3376045
62.8719635
106.6399155
136.2610016
137.7636108
111.4066010
68.9899673
38.0562668
35.8599205
92.2757874
195.4128876
163.9617462
52.8423309
22.5876789
17.0848255
18.5677147
31.0433178
156.4492798
334.4755249
394.6623535
258.2110901
85.4453049
27.1497288
9.5340242
7.0141778
3.3011365
1.1440607
2.4111896
20.5339527
81.0815430
165.7314758
208.1584320
172.1112213
98.5958252
43.0581360
11.8859158
2.7573340
3.4828668
20.7498474
48.5415421
62.6361275
61.5541496
51.6177979
35.8746834
34.9815674
40.8669968
33.1064377
28.3978024
31.1011906
33.2574158
26.0309811
9.2910242
1.9352493
0.7044678
14.0527239
66.6149597
103.7831268
82.2475281
44.9667740
27.9948387
20.3527374
15.1264791
9.0716305
19.1201591
27.5632153
30.5745888
23.8786869
13.8954992
7.4184923
7.4873400
10.6083183
45.4947205
127.0652695
188.7168121
196.2415619
145.0456543
73.2815628
23.7198658
13.0083666
9.0385246
4.0658221
2.0583773
1.2554250
23.7334824
96.1245270
172.7759705
183.6513977
142.7666779
102.2049484
54.2239685
33.9628105
21.8150482
23.6889915
20.8215218
13.6424665
13.1650648
41.8459816
90.0777435
90.0881424
59.1083984
31.2922115
18.9941883
18.1447334
28.2228851
28.3608971
15.1302071
8.7640886
5.1967797
11.3978910
24.2611656
25.4406147
19.3917427
34.5730209
81.6997070
101.8151550
80.3190765
48.8712006
30.6211948
29.0133133
27.6629791
26.4576111
21.6921272
12.7338810
4.9409761
15.1770296
55.1413269
93.5194550
83.3198242
37.4934425
5.8699551
2.0974433
6.1873698
48.8797417
126.6607513
183.0868683
197.4664612
166.3851318
114.6593552
88.7205200
70.7656021
49.1246338
42.9738197
53.1568260
57.6884460
41.2410660
27.9128876
29.0285320
43.1064758
41.0326881
47.0661812
67.7240372
91.9231186
92.0976715
76.9720230
70.8934631
76.0204544
79.8384552
86.3647919
93.5645828
90.4220276
57.1468925
26.6313457
22.2688065
28.7667923
27.1715221
20.1311092
12.9493361
8.1970921
6.0998344
5.0366602
3.2734015
2.1774771
3.1647477
4.4617357
3.1368184
1.5394681
1.8929926
2.1499939
1.8063772
1.0901271
0.7527902
0.5800533
0.7915254
0.8616284
0.4357755
0.2354982
0.1728523
0.2878338
0.3536367
0.5168788
0.4286680
0.3505887
0.3716961
0.4162196
0.3710721
0.2799897
0.2940019
0.3854165
0.4772227
0.4448812
0.3554514
0.3630532
0.3589386
0.3154005
0.2718422
0.3828899
9.0105133
77.6266861
211.4475555
318.1799316
332.2835388
272.9930420
215.7100525
133.3166199
55.8805008
16.5339813
2.7033122
1.1386013
1.1314135
13.8727016
38.6447601
78.3192749
152.6363678
211.3613129
207.1214600
167.0993500
139.7317200
108.0547485
82.9405594
72.9752045
97.5848618
129.7500153
107.0295105
67.5506668
28.5644112
9.1722755
1.9634830
14.8204498
37.0088081
38.5626259
8.5908432
0.5178977
0.3825948
0.9900089
5.5178714
9.6062641
8.7445621
6.8346596
4.8012757
2.9112449
1.9239566
1.1912768
1.2142704
2.7411366
5.7346773
19.5593567
56.4972382
92.0517578
103.5752563
128.2694550
197.2463684
260.5906372
244.2865753
187.4330139
121.4585419
62.1852608
33.2672653
10.8891125
13.6672421
88.8646317
211.1393280
237.8633118
202.0477905
138.9093781
79.0781479
20.6645012
10.7027006
5.7029786
26.3421268
149.8200684
268.1305542
290.1512451
237.7176819
157.8856201
93.7062225
75.4096146
105.0194702
182.0528259
219.1712189
184.0208893
147.1683502
139.4052277
123.9925385
160.4244995
213.6231995
258.4788513
284.2998352
283.1099854
208.3594055
151.0639038
109.9785233
54.3361397
20.2510395
28.2347107
36.3093491
31.1174107
21.9866886
18.3638496
12.0460291
7.8204088
39.8062820
110.0038681
165.1097565
160.8634949
102.7309341
44.8731956
13.0605068
2.5951009
4.9895515
11.6887894
9.7148914
37.9592896
109.7584457
173.6090088
166.4171448
101.5089722
39.7199516
10.8825397
3.1360197
3.9053373
20.2293777
48.4232330
46.4044991
38.6331787
42.9049644
70.1439896
106.6231689
117.2273102
81.1237793
41.5654678
38.6683388
60.0197029
79.6727600
75.7839127
40.5964241
13.5276442
4.8434896
29.8992672
119.4229431
195.3000336
194.3085022
147.0167694
125.2590408
119.6116714
90.6968765
31.6479092
34.4348297
96.5675430
228.7226410
260.9776611
202.7234039
128.3125610
82.4599228
86.6079636
77.2580261
52.1455688
58.0817299
58.2935181
62.3968582
74.2041473
91.6484146
117.8950882
113.6490173
65.6804657
30.7436543
28.2688560
29.4355850
46.0478134
73.6685715
87.8693237
67.7520905
49.0827332
33.4299545
26.3163300
14.6540661
16.7542515
47.5432129
86.1477737
80.5897827
70.0666199
66.3416367
59.6315651
67.0730896
86.0566177
136.7100372
191.6066284
184.9837952
135.6173096
89.4223328
38.5853691
31.2682228
45.0864601
61.1632767
42.7645035
23.2272263
29.9134846
26.5006275
27.4805679
48.1049309
81.7960968
92.4353790
82.4754944
77.8163452
97.1147842
102.8883057
76.4763107
55.8531151
46.5627670
35.7590218
22.2523670
5.5816193
4.9589601
20.3665485
8.5372057
1.7859936
0.1408197
0.3043181
1.0493429
2.1168084
3.2675569
3.7834518
4.1404247
4.4964356
5.7782764
8.7781372
13.8249025
17.6065636
16.9550419
12.2607632
4.5152974
1.6787901
14.9078045
87.5611343
212.0693054
296.7028503
268.5535583
156.8462982
67.4375229
42.5361519
52.6506271
48.7708321
35.4568901
47.4478149
68.7300034
62.9748421
45.9825821
26.1190910
18.6567097
85.2911987
126.6042938
127.0809326
138.1444244
168.9540100
198.4813385
227.5246582
205.9922791
216.8583679
222.8903656
197.5080872
140.4002228
98.7820663
66.6656494
31.0772228
202.6538239
219.0995483
191.6635132
165.8728943
142.6128235
110.9513397
79.9618530
51.7320938
26.6297340
52.9863586
94.0187149
85.3694839
70.5629501
50.3507957
108.3068771
144.8830719
128.8348541
73.0464554
18.6204834
7.4041042
41.9664841
181.8391113
256.4939270
200.7499084
153.3721924
113.6529770
59.5170708
34.8151741
26.6161594
26.8916130
40.1189919
72.4446945
105.2327194
108.3710709
89.4684906
77.2051010
111.3755875
154.7255554
184.6166687
189.9861755
185.7138214
177.0513916
175.2850342
158.5410156
150.2647858
145.8771515
166.9795074
200.3148651
198.2663116
153.6857452
100.5402832
43.8731308
57.1181030
123.3401947
107.4366074
90.0690002
72.0759048
54.8325500
155.1239777
202.6411133
203.5429230
205.0899811
216.5144348
216.2600403
169.6750793
101.3368225
47.0571823
36.1665344
51.9256706
98.0599136
120.5285950
89.4779205
58.9557724
62.0330276
55.2281113
36.8900032
33.7235107
32.6932793
18.0863838
15.2326593
28.9354534
52.0294113
84.7943268
108.7195435
95.8770142
59.4641533
38.3413773
25.1120872
11.1421700
9.7172394
13.9474287
23.5430183
47.2694664
77.2565460
104.6655807
102.3726044
78.3194809
50.3075142
23.7777596
10.2986641
25.4377327
45.8270531
54.0264359
45.8351593
20.5571022
10.3594666
6.1457667
24.4297161
84.4528122
118.1776428
66.5207748
10.4966564
5.9528828
4.3398075
3.4698069
1.4614141
6.7615209
51.5744629
128.4793243
173.3529663
147.0449219
73.9376984
28.8036556
17.1318398
27.3874111
17.2121811
8.1004314
8.6706772
15.9487896
21.6475410
35.4458160
69.1594849
81.8149414
50.1821709
10.5800247
4.2267933
5.6956568
57.0532684
115.9539566
112.4842987
71.1032410
31.1630363
9.8833656
7.1064157
62.3636932
151.5406189
194.3233948
163.3432465
123.1185684
76.9029388
18.7528877
114.4968643
151.7574615
106.3831940
54.3074226
66.4899063
92.0873108
95.3230438
102.9533920
147.0499115
166.6372528
131.3265228
114.1540298
137.3957825
152.0927124
122.4187546
95.2759323
77.5466843
57.5670013
39.6345634
18.8497849
20.8233833
25.8518829
16.7770729
14.5854931
40.5728416
115.8098907
153.5493011
120.9777222
72.1786575
29.5087814
10.6967573
17.3483810
59.4444160
79.1122284
29.9927883
5.1642427
22.7592030
54.9300117
55.6620865
25.4520454
12.8478441
7.3144889
1.6951300
0.6852108
1.8951101
9.3079414
17.9960899
20.0347767
19.7255821
17.5174179
14.1095791
11.3368521
9.7872162
9.8650856
9.0772781
6.1030746
4.2219734
4.1213522
5.3760953
14.6077290
63.2832413
139.8279724
151.8613586
70.2605667
8.0554380
7.5566235
33.2141495
153.1827698
314.4083557
336.9609985
269.0612183
193.0065308
109.7900848
21.6250744
3.6131375
0.2366288
0.2024081
0.2858580
0.3338657
0.3757048
28.0218563
114.3104706
212.1047363
242.6838226
173.3594208
73.9944153
33.6528282
28.9110794
32.1510963
30.8113880
30.6115761
33.8621864
45.2883530
66.7221451
105.1634979
162.0254059
215.0196991
211.3049622
200.4757080
213.3923950
227.6455994
149.1504211
142.2017059
239.1477509
211.8442993
166.8589325
188.8446503
356.7661438
352.6157227
246.7539368
170.7742767
142.7164307
111.2553024
58.2294579
51.3946304
103.2844009
223.5468597
313.5679321
295.0911255
235.4168854
214.9696960
193.0620270
147.1162720
122.3955307
75.1115952
99.1200104
220.8160400
230.6204224
144.0179443
90.2722473
47.2500305
28.7376080
35.1642532
48.7405319
82.2458344
123.7316437
156.1687012
148.1250000
111.2546387
54.7253685
31.7291183
37.5784836
52.3703079
52.8905602
72.4433670
90.9396591
118.2837143
126.8413239
113.6227264
96.9106216
92.1687012
143.8163147
188.4735870
172.8568420
156.0789185
183.9573364
262.3435059
291.9076538
243.5761414
152.9811249
79.4346008
32.4383163
28.2586384
17.6774406
11.8238373
48.3997040
125.0132751
154.2252045
133.6015015
106.6683426
117.2128906
145.8781281
174.5115204
182.9081421
169.5089569
134.1343384
87.3951721
84.5751038
153.8896027
241.5683746
275.5953369
208.1281281
142.8172913
105.9185562
185.0541382
345.8517151
313.5042725
238.8558350
138.0204010
95.9013672
85.7936096
24.0526657
7.0076556
4.5541868
22.9230309
44.4714355
52.7529526
42.5068207
48.5708046
71.2716675
115.9575348
186.1173401
245.6213226
275.6194458
248.3240051
157.3413239
45.9412079
4.4034743
1.0699034
0.4478346
0.9390957
11.8818417
22.9619732
19.2240601
8.0744572
6.9267941
11.2166920
29.6995468
36.9577446
45.8005104
66.5721817
95.0843124
112.8988419
114.2780380
141.3056946
186.5424194
190.6697540
138.1191559
100.0240936
116.3315659
159.7519836
97.0503693
54.0453300
31.1165276
21.4408493
26.1522522
54.3880844
107.9903564
149.2640381
159.5004425
141.1931763
96.8927383
65.8676376
74.6260834
76.7170868
54.8010406
36.7493858
37.6386681
84.2878723
134.8754272
130.4518738
127.6800079
132.2246857
134.7117310
107.0632782
75.9211807
42.0169220
10.4538727
4.4595714
19.0603828
38.4513931
47.1137543
41.3477974
27.3506489
37.3403625
109.8581848
200.0648499
202.0147247
104.0833969
17.0567303
4.6934724
1.2457860
0.2989489
0.1222252
0.1258535
0.5957992
4.7631607
11.3219938
17.9704762
20.2280102
17.5914364
13.0806971
13.3325863
15.1600018
25.6405411
39.1796494
45.9020424
64.2662735
95.8741302
124.0224304
112.3034744
84.8704681
59.2549744
74.8090973
69.6552963
49.6741295
35.7154427
29.8092785
32.4855156
22.6241817
12.6113424
4.4664364
0.7423226
0.7278122
3.3484042
7.9223919
10.3382282
12.2490578
13.8275032
14.7863712
15.0898304
13.4021530
9.9815187
5.2097301
3.2529035
3.0266793
1.6829263
1.3684689
56.0704002
183.5684052
275.2736816
243.5343018
100.7262650
20.8045025
5.0401797
5.0450268
35.1837883
119.9518585
192.4685211
172.2560120
98.5654526
53.7370224
28.1368999
15.5227690
9.3288326
12.0790071
13.5712376
11.7999973
12.3902397
14.2440081
20.5467529
30.9031219
38.8321114
38.3318291
28.1831226
18.2976074
19.0938320
32.8244286
36.4352226
38.5212135
38.6197586
26.8273411
11.3021183
28.2873306
76.5928345
110.1238403
82.7807846
26.6933556
6.4053550
4.5542274
6.3221073
13.9255629
15.2176447
20.5117226
26.3747978
29.7830925
26.8789635
26.8703651
25.6325703
24.9477386
21.2598705
20.6115532
24.9250221
24.1967506
19.3287201
13.8721981
9.0861797
7.7837720
14.0461235
43.4901390
75.2267151
81.6926804
83.8315659
104.8187332
144.7215271
185.4531860
220.4417419
224.4850311
215.4121094
207.3273010
159.3873291
64.5362473
57.7590866
101.5789490
141.5430298
156.9037628
105.5446472
31.3367214
6.3522758
1.4394984
9.2212658
29.4067459
35.8078995
30.2177505
28.7495155
26.8340168
23.0758934
20.5495739
15.3959808
8.5039015
5.1185770
6.7543168
9.7854357
8.3032894
7.4514737
16.3874531
37.3543053
61.4284210
75.0541077
69.6800842
55.8037949
55.9116478
56.5153961
37.6008492
44.5219002
76.1206818
107.9408569
107.5734329
111.2924347
96.5379715
66.2424469
45.3421593
28.9607868
15.1645555
13.5656052
9.5245819
8.8723869
30.9218178
72.0083923
79.8884811
59.4717865
37.5487556
23.7136841
16.9741268
6.2797689
1.1615777
2.3096426
9.6671982
14.5490408
4.3228750
0.5707972
0.2254158
0.2660339
1.3856604
3.1373925
2.7384553
2.1755755
1.8102250
1.5177943
1.2455329
0.9674263
0.8118849
0.5906861
0.6254030
0.4793016
0.5032268
0.8610259
6.2858534
18.8977089
38.6348419
70.3808594
93.9203033
82.8235703
49.2166901
35.7460289
23.0748291
4.0256977
0.5745677
1.5615289
39.2737045
96.7194290
94.8657379
43.9021645
19.2274857
10.9378357
4.4788127
5.0149407
9.0184307
11.8728228
17.1210117
24.8186893
26.7854671
21.6167431
14.9456549
8.9214163
9.8479614
12.4067574
14.8974848
18.3657818
23.4140186
18.4157753
9.9822493
4.8682117
2.8541594
14.8714981
33.1706772
41.0677414
45.7796707
50.8849144
38.5286064
18.8325806
5.9743385
3.1633587
4.2139750
14.3518438
33.6045914
30.5552025
17.4883518
7.5695739
3.6975193
0.9944134
0.4808993
1.3350235
3.9868038
6.7300367
1.0838386
0.2333195
0.2307972
0.2510369
0.2456424
0.1148442
0.0141008
0.0008032
0.0000018
0.0000000
0.0000000
0.0000000
0.0000000
0.0000000
0.0000000
0.0000000
0.0000000
0.0000000
0.0000000
0.0000000
0.0000000
0.0000000
0.0000000
0.0000000
0.0000000
0.0000000
0.0000000
0.0000000
0.0000000
0.0000000
0.0000000
0.0000000
0.0000000
0.0000000
0.0000000
0.0000000
0.0000000
0.0000000
0.0000000
0.0000000
0.0000000
0.0000000
0.0000000
0.0000000
0.0000000
0.0000000
0.0000000
0.0000000
0.0000000
0.0000000
0.0000000
0.0000000
0.0000000
0.0000000
0.0000000
0.0000000
0.0000000
0.0000000
0.0000000
0.0000000
0.0000000
0.0000000
0.0000000
0.0000000
0.0000000
0.0000000
0.0000000
0.0000000
0.0000000
0.0000000
0.0000000
0.0000000
0.0000000
0.0000000
0.0000000
0.0000000
0.0000000
0.0000000
0.0000000
0.0000000
0.0000000
0.0000000
0.0000000
0.0000000
0.0000000
0.0000000
0.0000000
0.0000000
0.0000000
0.0000000
0.0000000
0.0000000
0.0000000
0.0000000
0.0000000
0.0000000
0.0000000
0.0000000
0.0000000
0.0000000
0.0000000
0.0000000
