0.0000000
0.0000000
0.0000000
0.0000000
0.0000000
0.0000000
0.0000000
0.0000000
0.0000000
0.0000000
0.0000000
0.0000000
0.0000000
0.0000000
0.0000000
0.0000000
0.0000000
0.0000000
0.0000000
0.0000000
0.0000000
0.0000000
0.0000000
0.0000000
0.0000000
0.0000000
0.0000000
0.0000000
0.0000000
0.0000000
0.0000000
0.0000000
0.0000000
0.0000000
0.0000000
0.0000000
0.0000000
0.0000000
0.0000000
0.0000000
0.0000000
0.0000000
0.0000000
0.0000000
0.0000000
0.0000000
0.0000000
0.0000000
0.0000000
0.0000000
0.0000000
0.0000000
0.0000000
0.0000000
0.0000000
0.0000000
0.0000000
0.0000000
0.0000000
0.0000000
0.0000000
0.0000000
0.0000000
0.0000000
0.0000000
0.0000000
0.0000000
0.0000000
0.0000000
0.0000000
0.0000000
0.0000000
0.0000000
0.0000000
0.0000000
0.0000000
0.0000000
0.0000000
0.0000000
0.0000000
0.0000000
0.0000000
0.0000000
0.0000000
0.0000000
0.0000000
0.0000000
0.0000000
0.0000000
0.0000000
0.0000000
0.0000000
0.0000000
0.0000000
0.0000000
0.0000000
0.0000000
0.0000000
0.0000000
0.0000000
0.0000000
0.0000000
0.0000000
0.0000000
0.0000000
0.0000000
0.0000000
0.0000000
0.0000000
0.0000000
0.0000000
0.0000000
0.0000000
0.0000000
0.0000000
0.0000000
0.0000000
0.0000000
0.0000000
0.0000000
0.0000000
0.0000000
0.0000000
0.0000000
0.0000000
0.0000000
0.0000000
0.0000000
0.0000000
0.0000000
0.0000000
0.0000000
0.0000000
0.0000000
0.0000000
0.0000000
0.0000000
0.0000000
0.0000000
0.0000000
0.0000000
0.0000000
0.0000000
0.0000000
0.0000000
0.0000000
0.0000000
0.0000000
0.0000000
0.0000000
0.0000000
0.0000000
0.0000000
0.0000000
0.0000000
0.0000000
0.0000000
0.0000000
0.0000000
0.0000000
0.0000000
0.0000000
0.0000000
0.0000000
0.0000000
0.0000000
0.0000000
0.0000000
0.0000000
0.0000000
0.0000000
0.0000000
0.0000000
0.0000000
0.0000000
0.0000000
0.0000000
0.0000000
0.0000000
0.0000000
0.0000000
0.0000000
0.0000000
0.0000000
0.0000000
0.0000000
0.0000000
0.0000000
0.0000000
0.0000000
0.0000000
0.0000000
0.0000000
0.0000000
0.0000000
0.0000000
0.0000000
0.0000000
0.0000000
0.0000000
0.0000000
0.0000000
0.0000000
0.0000000
0.0000000
0.0000000
0.0000000
0.0000000
0.0000000
0.0000000
0.0000000
0.0000000
0.0000000
0.0000000
0.0000000
0.0000000
0.0000000
0.0000000
0.0000000
0.0000000
0.0000000
0.0000000
0.0000000
0.0000000
0.0000000
0.0000000
0.0000000
0.0000000
0.0000000
0.0000000
0.0000000
0.0000000
0.0000000
0.0000000
0.0202309
0.2469269
0.6947405
1.0633585
1.0903193
0.7444500
2.1193123
28.2491417
74.3774185
91.3319473
61.5370407
33.4502487
39.9207153
41.6705666
58.5983963
120.5208282
160.6084442
174.1977539
187.9716339
170.4968719
139.2080994
107.1654282
80.7592545
63.4474411
54.3998795
37.7145882
22.4602985
13.8058920
7.4728365
4.7191796
2.8348951
1.2395906
0.5642552
0.6013342
0.4040069
0.3036253
0.2677236
0.2904900
0.3258846
0.4934796
0.4879197
0.4830274
0.5481624
0.4344935
0.2978545
0.2114436
0.1975275
0.2224777
0.3475157
0.3941347
0.3354900
0.3134872
5.1106110
24.1628342
66.5009766
146.0956879
258.9270935
368.2626038
385.9552307
292.9040222
176.7420349
103.0220566
59.9124451
22.8906136
5.9068384
0.4175217
0.2302772
1.7899423
8.9557781
11.1048288
7.1880112
5.9120708
7.1810694
8.3934040
7.3008766
4.0353417
0.9349223
0.2495492
0.1951877
0.2398312
0.3084961
0.4213572
0.3472737
0.2366312
0.3563582
0.4253223
0.3452935
0.2767495
0.3092831
0.3301917
0.3722014
0.4709382
0.5368708
0.4157029
0.3230893
0.2470700
0.3267859
0.3800045
0.3981898
0.3471226
0.3134657
0.3996431
0.3949478
0.3367780
0.3160876
0.3470977
0.4342836
0.8267243
1.4352908
1.2905407
0.4555045
0.2533354
0.2574462
0.2525850
0.3791992
0.4212154
0.4251838
0.5148353
0.7037762
0.8960535
1.6044565
4.8766050
9.9069881
13.3040056
18.5498772
37.6138000
68.2405090
88.3431549
83.5551147
72.4391556
65.3978958
93.2216873
94.8776398
70.8841705
58.7565308
54.5534019
48.1630745
43.4252701
40.1042404
44.6717720
54.5541382
50.7188606
24.1687717
2.7530105
0.7373737
1.5726116
10.8444481
25.0047855
28.7972870
26.3973598
21.7761383
20.4212055
20.2967262
16.4696159
12.8804293
11.6845255
12.6443205
11.5080738
9.2736225
7.3276219
4.5128098
2.5757284
0.9602412
0.3322154
0.1346016
0.1933476
0.6885334
2.4732683
3.4938917
3.8771915
3.9947424
3.6629698
3.3849854
3.5670836
3.8439448
4.3566437
4.1210351
3.1429584
2.5242620
1.8389264
1.2264427
1.0327353
0.8515587
0.6592764
0.2946519
0.2376831
0.2770275
0.4071548
0.4787100
0.3910178
0.7092674
2.7970903
4.5741253
4.6599979
8.9412737
31.7550697
67.0747681
87.8819885
83.6742401
66.1999588
69.8862076
76.5078201
86.7945862
92.3674850
81.7487717
71.7401886
90.1915283
122.1473389
148.1329498
150.2158203
114.2546082
75.1191483
35.3913116
26.9503613
78.4451218
94.6284256
64.5200348
43.6481514
42.7244186
75.9350281
131.1186523
141.1308441
95.2550888
55.9532013
38.2840462
39.5681190
38.5816193
29.6267128
14.3206959
3.2738760
0.6294333
3.3833141
20.7651634
37.3884811
29.1180649
18.6185303
13.6662016
10.2624893
7.2361741
5.4096894
5.4830747
5.0461636
5.6349635
6.1542621
7.1182547
7.4562292
6.8333530
5.6522684
4.9123020
5.2551718
6.4108238
6.9960680
8.0236664
16.2465096
38.7373276
62.8732872
74.5244522
71.5690689
66.3484421
69.4298706
99.4169083
159.5167236
226.5692902
260.4974365
247.6624603
222.3324127
203.0904236
182.4382172
170.0643005
142.7153625
109.7963943
86.6026230
65.4046173
47.7111511
22.7864838
65.3281784
163.1036224
179.6404419
132.8357086
64.9483032
30.9160919
42.7648392
104.3521271
208.0736694
213.0035095
150.0201569
87.1881104
69.1842270
85.2941818
117.3185806
142.9379578
166.4819031
175.2320557
180.2268982
187.3326416
187.7268066
165.4279633
137.0749512
97.0397797
46.2783737
10.1156855
5.1354141
11.1543522
20.2966919
34.0434761
47.1605415
49.4293594
50.0054092
51.5264740
45.9128265
34.1258659
25.2360172
27.1962185
45.5685768
89.9793777
149.4131927
238.0322266
304.9700317
261.8077393
201.8647003
183.2229767
165.1743927
141.0874023
151.4193420
203.2919464
258.7126465
266.7256165
226.1997681
171.1581116
119.2145691
69.2705612
92.6480408
117.0245361
79.1164551
39.5182076
49.0675850
63.6601791
79.6127548
65.4965210
46.1028824
39.5629387
27.0595589
45.1006432
87.7136612
128.3254395
121.9752197
108.5003052
90.8383179
68.2918549
60.9981613
74.8166733
113.4222336
108.5757370
67.9306717
38.7405663
35.0644569
61.6188164
116.1593933
168.0250092
156.1333923
150.2604065
153.3351135
139.3788300
105.3962784
63.6086426
38.0491409
36.9900513
7.6408067
0.8787830
13.2934799
59.9738083
96.7711639
69.6966553
41.0020370
45.7068367
89.1483612
152.6301270
162.6363220
97.3249207
31.1112537
4.0247102
9.5615063
26.5576572
47.4360847
59.9012718
45.6218376
30.7642193
26.6347790
30.8416958
30.0382710
25.1172256
20.0049667
15.2878599
8.9116650
7.6554222
19.4832859
34.7034836
43.5057297
49.2941475
49.9462433
48.3636780
43.4738998
34.6002808
25.6944275
20.6733208
16.3024216
12.1938715
9.4652586
7.5968466
4.4362249
1.8550673
0.6812104
0.4518731
0.3631226
0.6828542
1.2097808
0.5626844
0.4411042
1.8007864
4.6321845
5.1708088
2.6380043
1.3021655
1.1195672
1.1449980
1.0920957
0.8365541
0.5532780
0.1658649
0.0274239
0.0015411
0.0000000
0.0000000
0.0000000
0.0000000
0.0000000
0.0000000
0.0000000
0.0000000
0.0000000
0.0000000
0.0000000
0.0000000
0.0000000
0.0000000
0.0000000
0.0000000
0.0000000
0.0000000
0.0000000
0.0000000
0.0000000
0.0000000
0.0000000
0.0000000
0.0000000
0.0000000
0.0000000
0.0000000
0.0000000
0.0000000
0.0000000
0.0000000
0.0000000
0.0000000
0.0000000
0.0000000
0.0000000
0.0000000
0.0000000
0.0000000
0.0000000
0.0000000
0.0000000
0.0000000
0.0000000
0.0000000
0.0000000
0.0000000
0.0000000
0.0000000
0.0000000
0.0000000
0.0000000
0.0000000
0.0000000
0.0000000
0.0000000
0.0000000
0.0000000
0.0000000
0.0000000
0.0000000
0.0000000
0.0000000
0.0000000
0.0000000
0.0000000
0.0000000
0.0000000
0.0000000
0.0000000
0.0000000
0.0000000
0.0000000
0.0000000
0.0000000
0.0000000
0.0000000
0.0000000
0.0000000
0.0000000
0.0000000
0.0000000
0.0000000
0.0000000
0.0000000
0.0000000
0.0000000
0.0000000
0.0000000
0.0000000
0.0000000
0.0000000
0.0000000
0.0000000
0.0000000
0.0000000
0.0000000
0.0000000
0.0000000
0.0000000
0.0000000
0.0000000
0.0000000
0.0000000
0.0000000
0.0000000
0.0000000
0.0000000
0.0000000
0.0000000
0.0000000
0.0000000
0.0000000
0.0000000
0.0000000
0.0000000
0.0000000
0.0000000
0.0000000
0.0000000
0.0000000
0.0000000
0.0000000
0.0000000
0.0000000
0.0000000
0.0000000
0.0000000
0.0000000
0.0000000
0.0000000
0.0000000
0.0000000
0.0000000
0.0000000
0.0000000
0.0000000
0.0000000
0.0000000
0.0000000
0.0000000
0.0000000
0.0000000
0.0000000
0.0000000
0.0000000
0.0000000
0.0000000
0.0000000
0.0000000
0.0000000
0.0000000
0.0000000
0.0000000
0.0000000
0.0000000
0.0000000
0.0000000
0.0000000
0.0000000
0.0000000
0.0000000
0.0000000
0.0000000
0.0000000
0.0000000
0.0000000
0.0000000
0.0000000
0.0000000
0.0000000
0.0000000
0.0000000
0.0000000
0.0000000
0.0000000
0.0000000
0.0000000
0.0000000
0.0000000
0.0000000
0.0000000
0.0000000
0.0000000
0.0000000
0.0000000
0.0000000
0.0000000
0.0000000
0.0000000
0.0000000
0.0000000
0.0000000
0.0000000
0.0000000
0.0000000
0.0000000
0.0000000
0.0000000
0.0000000
0.0000000
0.0000000
0.0000000
0.0000000
0.0000000
0.0000000
0.0000000
0.0000000
0.0000000
0.0000000
0.0000000
0.0000000
0.0000000
0.0000000
0.0000000
0.0000000
0.0000000
0.0000000
0.0000000
0.0000000
0.0000000
0.0000000
0.0000000
0.0000000
0.0000000
0.0000000
0.0000000
0.0000000
0.0000000
0.0000000
0.0000000
0.0000000
0.0000000
0.0000000
0.0000000
0.0000000
0.0000000
0.0000000
0.0000000
0.0000000
0.0000000
0.0000000
0.0000000
0.0000000
0.0000000
0.0000000
0.0000000
0.0000000
0.0000000
0.0000000
0.0000000
0.0000000
0.0000000
0.0000000
0.0000000
0.0000000
0.0000000
0.0000000
0.0000000
0.0000000
0.0000000
0.0000000
0.0000000
0.0000000
0.0000000
0.0000000
0.0000000
0.0000000
0.0000000
0.0000000
0.0000000
0.0000000
0.0000000
0.0000000
0.0000000
0.0000000
0.0000000
0.0000000
0.0000000
0.0000000
0.0000000
0.0000000
0.0000000
0.0000000
0.0000000
0.0000000
0.0000000
0.0000000
0.0000000
0.0000000
0.0000000
0.0000000
0.0000000
0.0000000
0.0000000
0.0000000
0.0000000
0.0410069
0.4329863
1.1281356
1.5517719
1.3726623
2.6340694
20.3051529
55.9929008
88.4504700
103.5083771
117.6845856
131.5107117
137.3660889
128.4047394
102.0867615
58.1512680
58.1136551
60.6243477
33.2655640
34.5745316
45.1078110
60.3985291
64.5737076
59.4714394
50.9720650
48.9746933
49.5616264
43.8004036
30.9727192
14.5489197
4.1103344
0.9643248
0.3044898
1.6042507
21.2531414
52.2955627
81.9726944
105.1684341
100.5294037
73.9461823
60.4616127
55.0668869
63.2638931
68.3157425
55.9749985
27.0523815
28.4895229
42.4820976
24.3026962
37.8703384
24.4385662
35.2395096
20.3963814
17.1412239
17.4820271
22.7220001
28.6391640
36.5529709
43.1624870
41.7572479
32.5655365
23.2694340
21.4508018
26.7999382
45.5556335
75.9717941
106.0732346
121.4781570
121.4247360
141.2709961
182.9207153
210.6042480
230.9687042
237.4967651
197.7321320
128.0654144
96.6539001
171.5242920
244.1603699
149.1393585
56.4735146
19.2235622
56.7860489
117.2635193
85.9766083
37.7219315
18.7568092
21.4068413
23.6372757
20.5421581
18.2341251
13.6206913
9.4589615
5.7666750
2.6348317
1.3311212
0.4511600
0.1691998
0.8707942
4.4174132
7.1001797
6.8336883
5.5270715
4.5502915
3.9405179
4.3416505
4.6439466
5.0395756
4.7599297
3.8790691
3.1078815
3.9891577
5.4243383
6.8489871
7.0710592
5.7557244
4.5395069
4.0348358
3.7659154
3.9020844
4.2737780
4.7912903
4.8213763
4.2243595
4.0246496
3.2137666
2.9808698
3.4185157
3.8292546
3.9194772
3.8800211
3.8543985
4.3483315
5.0390201
5.7328711
6.3362017
6.7675347
6.4427204
5.6109829
5.1693864
5.2633209
4.4882536
4.4383998
5.5748038
5.5627599
3.7666302
1.6885552
7.9605265
66.8211212
184.5978241
288.9933167
286.1283569
164.5610657
71.0494461
32.3153610
29.0465355
18.0670280
13.7456045
11.1352806
5.9703107
7.8366160
9.2367878
5.1448545
11.8773279
11.1182880
10.9195223
15.7387867
17.7644367
21.3060760
15.9320793
28.1204910
88.7994995
178.6401062
254.1052856
266.0271301
208.8534698
137.3782043
116.1160126
125.0981064
54.5626488
9.7078934
6.5057712
8.2031183
18.8069496
25.9342804
18.7736664
14.1668053
13.7689638
16.6579742
45.1354637
95.0481415
111.4548035
80.9424667
41.2392807
45.7146873
46.3854065
39.5725021
30.3220367
32.2754745
42.0071335
52.8085709
67.7897034
78.3271332
77.9909363
64.1464386
45.3853989
29.6799240
16.5143585
7.3654242
10.3246136
38.9165497
77.4436340
69.4466705
49.7466850
45.2935944
67.1402130
99.3328400
67.9860306
19.4803886
8.6143522
2.5698674
0.7709787
0.9822925
1.9239398
1.4244500
0.9427216
1.5471728
5.4253702
9.9325018
8.9928150
3.4410167
0.7725341
0.4629718
0.3334954
2.7571568
12.7398567
18.5784492
19.9581203
26.4163532
49.2550659
68.0390854
62.5967331
46.5663872
34.1427803
21.3324127
10.7583761
19.9358654
33.1610794
38.4121170
35.0944633
29.1917801
22.0116711
19.8135014
19.8847752
19.7256584
40.7039413
68.9791870
74.6199036
65.8347321
46.3661308
33.7337570
34.5334435
26.6067123
18.9819145
23.1509876
15.5345726
11.9703722
15.5383158
14.7301893
12.9437618
11.1510496
8.8259411
11.3629742
23.8805428
31.4167976
31.7982292
29.3346329
25.8781757
24.0277405
22.4581280
24.6838188
39.9469986
59.7347946
75.4681091
81.6354675
75.6661072
61.2808456
49.4854736
38.6262970
19.0820084
22.4453926
40.5821533
29.9682751
16.1824570
34.9106979
44.2783165
39.2285538
22.3843117
11.3250465
30.9418659
49.7592545
50.0498428
23.7473736
4.5246811
5.0230327
6.0665541
6.8143892
9.5653992
12.5243301
11.9723606
8.8984327
6.7098613
6.9574213
7.1991363
7.1267118
7.3085985
6.2652578
5.2905626
5.4528756
6.5282078
6.8076377
6.5774822
6.6533890
6.5299063
6.0771976
5.3102736
5.3715143
5.8434305
6.4356837
6.4247346
5.2561421
4.4548998
4.4865332
4.8950653
4.7175360
4.6915207
4.7796531
4.7896810
5.1384363
5.5622625
5.0288162
4.7780852
4.4975643
4.2154617
3.7492270
3.8190598
3.6781216
4.3007069
4.7861028
5.9998913
7.6576371
13.1363621
23.1971684
30.0930176
31.0743599
33.2245407
38.7171402
35.3704910
24.5558567
27.9504948
48.7179184
94.2368774
146.0566101
152.9325256
112.8499985
75.0166092
55.6720161
65.8027878
65.5951767
41.4486504
15.6674862
8.9663610
8.3864260
6.0609851
2.3344195
0.9276571
0.8494729
0.5532095
0.3923840
0.2834080
0.2303065
0.5190941
0.4867865
0.2978342
0.1374968
0.0300947
0.0065557
0.0000031
0.0000000
0.0000000
0.0000000
0.0000000
0.0000000
0.0000000
0.0000000
0.0000000
0.0000000
0.0000000
0.0000000
0.0000000
0.0000000
0.0000000
0.0000000
0.0000000
0.0000000
0.0000000
0.0000000
0.0000000
0.0000000
0.0000000
0.0000000
0.0000000
0.0000000
0.0000000
0.0000000
0.0000000
0.0000000
0.0000000
0.0000000
0.0000000
0.0000000
0.0000000
0.0000000
0.0000000
0.0000000
0.0000000
0.0000000
0.0000000
0.0000000
0.0000000
0.0000000
0.0000000
0.0000000
0.0000000
0.0000000
0.0000000
0.0000000
0.0000000
0.0000000
0.0000000
0.0000000
0.0000000
0.0000000
0.0000000
0.0000000
0.0000000
0.0000000
0.0000000
0.0000000
0.0000000
0.0000000
0.0176049
0.4359164
1.4158549
2.3141129
2.6070571
2.5856473
2.8768451
3.1989539
3.2373292
3.2226429
3.7968130
5.4798136
6.2024999
5.4758444
3.3152685
2.6912515
17.3619843
84.1556091
209.4541473
315.1154480
317.4363098
242.5146484
175.8649750
130.9270630
92.0604935
99.8880615
139.1801758
181.9434814
232.9841614
286.5776978
319.3560486
289.2666321
192.5613251
95.2573013
66.3963547
45.3857651
33.6552353
15.1867132
19.3129463
42.3081818
20.8933525
5.2227993
13.7718449
72.3936920
183.6050568
288.7924805
304.7916870
242.1595306
190.3473511
199.1819000
191.3540649
144.0348206
97.7148438
37.5210495
34.6310654
54.8678513
49.0910187
41.9268379
46.7643051
63.3271675
110.4076538
145.4925232
136.0140533
93.7741928
59.4229507
63.8848305
73.0390854
52.0363922
40.0202522
40.1578178
41.9185371
39.5229034
30.2663422
19.0048542
10.6752625
4.7850838
32.2146187
144.6614990
276.0610046
302.6777039
198.8213959
110.3076706
57.4212418
64.6114349
170.6461334
98.8979950
29.7717934
29.7629242
35.7281418
42.7208748
37.1635437
25.8803940
13.8705311
7.6056833
31.9114151
95.5069504
161.5997467
199.5733185
201.8193054
171.8434143
141.0868988
132.9450989
131.8055725
125.8359146
109.3977585
86.5521469
64.7226334
52.6799164
35.2581558
37.6914749
57.9762459
81.5732880
99.9411316
116.1772842
111.6956787
81.7908783
41.4569054
27.3566036
48.2327042
60.3123436
73.4574051
75.2468491
73.8913345
70.9087143
68.7071915
67.4440155
73.0922318
69.0812988
36.0401039
6.8662043
0.1341150
0.2115478
8.0386333
35.2585373
60.9597816
74.6323929
78.7453918
84.2074203
100.0467453
136.5004730
168.8082428
157.9888763
121.4554291
95.6734009
71.7890244
44.8992767
29.6791687
18.5447464
19.3017311
23.9000053
21.2476006
19.8524094
33.7217140
47.3952141
67.3872833
71.0823364
39.3365898
13.3330727
8.6669407
10.0358143
21.1807632
53.3827820
63.7009506
57.6693535
70.8033218
111.8838882
119.3836823
81.6494370
47.2828064
31.5945663
32.1867867
55.2063293
85.4207764
80.6241531
69.8480301
64.8279953
50.6562309
28.8906212
15.6841698
26.9484177
9.2958879
5.1694798
3.0370836
2.1751595
3.2039559
4.9398060
6.6527424
8.6169319
13.0145884
14.8369703
10.2477608
6.6617131
6.5820169
7.4803872
5.4405456
3.2115190
1.9605918
1.7948695
1.6413066
1.4621753
1.6054320
2.0098901
2.0018344
1.6745536
1.4279906
1.4239275
1.5426748
1.2740476
0.9025537
0.3146383
0.0713448
0.0092929
0.0000000
0.0000000
0.0000000
0.0000000
0.0000000
0.0000000
0.0000000
0.0000000
0.0000000
0.0000000
0.0000000
0.0000000
0.0000000
0.0000000
0.0000000
0.0000000
0.0000000
0.0000000
0.0000000
0.0000000
0.0000000
0.0000000
0.0000000
0.0000000
0.0000000
0.0000000
0.0000000
0.0000000
0.0000000
0.0000000
0.0000000
0.0000000
0.0000000
0.0000000
0.0000000
0.0000000
0.0000000
0.0000000
0.0000000
0.0000000
0.0000000
0.0000000
0.0000000
0.0000000
0.0000000
0.0000000
0.0000000
0.0000000
0.0000000
0.0000000
0.0000000
0.0000000
0.0000000
0.0000000
0.0000000
0.0000000
0.0000000
0.0000000
0.0000000
0.0000000
0.0000000
0.0000000
0.0000000
0.0000000
0.0000000
0.0000000
0.0000000
0.0000000
0.0000000
0.0000000
0.0000000
0.0000000
0.0000000
0.0000000
0.0000000
0.0000000
0.0000000
0.0000000
0.0000000
0.0000000
0.0000000
0.0000000
0.0000000
0.0000000
0.0000000
0.0000000
0.0000000
0.0000000
0.0000000
0.0000000
0.0000000
0.0000000
0.0000000
0.0000000
0.0000000
0.0000000
0.0000000
0.0000000
0.0000000
0.0000000
0.0000000
0.0000000
0.0000000
0.0000000
0.0000000
0.0000000
0.0000000
0.0000000
0.0000000
0.0000000
0.0000000
0.0000000
0.0000000
0.0000000
0.0000000
0.0000000
0.0000000
0.0000000
0.0000000
0.0000000
0.0000000
0.0000000
0.0000000
0.0000000
0.0000000
0.0000000
0.0000000
0.0000000
0.0000000
0.0000000
0.0000000
0.0000000
0.0000000
0.0000000
0.0000000
0.0000000
0.0000000
0.0000000
0.0000000
0.0000000
0.0000000
0.0000000
0.0000000
0.0000000
0.0000000
0.0000000
0.0000000
0.0000000
0.0000000
0.0000000
0.0000000
0.0000000
0.0000000
0.0000000
0.0000000
0.0000000
0.0000000
0.0000000
0.0000000
0.0000000
0.0000000
0.0000000
0.0000000
0.0000000
0.0000000
0.0000000
0.0000000
0.0000000
0.0000000
0.0000000
0.0000000
0.0000000
0.0000000
0.0000000
0.0000000
0.0000000
0.0000000
0.0000000
0.0000000
0.0000000
0.0000000
0.0000000
0.0000000
0.0000000
0.0000000
0.0000000
0.0000000
0.0000000
0.0000000
0.0000000
0.0000000
0.0000000
0.0000000
0.0000000
0.0000000
0.0000000
0.0000000
0.0000000
0.0000000
0.0000000
0.0000000
0.0000000
0.0000000
0.0000000
0.0000000
0.0000000
0.0000000
0.0000000
0.0000000
0.0000000
0.0000000
0.0000000
0.0000000
0.0000000
0.0000000
0.0000000
0.0000000
0.0000000
0.0000000
0.0000000
0.0000000
0.0000000
0.0000000
0.0000000
0.0000000
0.0000000
0.0000000
0.0000000
0.0000000
0.0000000
0.0000000
0.0000000
0.0000000
0.0000000
0.0000000
0.0000000
0.0000000
0.0000000
0.0000000
0.0000000
0.0000000
0.0000000
0.0000000
0.0000000
0.0000000
0.0000000
0.0000000
0.0000000
0.0000000
0.0000000
0.0000000
0.0000000
0.0000000
0.0000000
0.0000000
0.0000000
0.0000000
0.0000000
0.0000000
0.0000000
0.0000000
0.0000000
0.0000000
0.0000000
0.0000000
0.0000000
0.0000000
0.0000000
0.0000000
0.0000000
0.0000000
0.0000000
0.0000000
0.0000000
0.0000000
0.0000000
0.0000000
0.0000000
0.0000000
0.0000000
0.0000000
0.0000000
0.0000000
0.0000000
0.0000000
0.0000000
0.0000000
0.0000000
0.0000000
0.0000000
0.0000000
0.0000000
0.0000000
0.0000000
0.0000000
0.0000000
0.0000000
0.0000000
0.0000000
0.0000000
0.0000000
0.0000000
0.0000000
0.0000000
0.0000000
0.0000000
0.0000000
0.0000000
0.0000000
0.0000000
0.0000000
0.0000000
0.0000000
0.0000000
0.0000000
0.0000000
0.0000000
0.0000000
0.0000000
0.0000000
0.0000000
0.0000000
0.0000000
0.0000000
0.0000000
0.0000000
0.0000000
0.0000000
0.0000000
0.0000000
0.0000000
0.0000000
0.0000000
0.0000000
0.0000000
0.0000000
0.0000000
0.0000000
0.0000000
0.0461714
0.4739429
1.3285040
2.0852282
2.3253815
2.1507072
7.5271263
27.8002529
55.1125832
73.4432526
73.9650116
66.4937134
57.7679367
43.9205551
37.6506042
34.1941261
25.0822849
31.5855865
39.3309364
37.8766251
29.3859787
24.8982296
22.6805973
25.9296665
33.3807449
40.7001915
41.6465759
35.4007492
30.2729912
27.0470562
13.8627939
6.1131711
3.3332555
5.3671064
7.5434642
9.2212286
9.2769270
9.6785231
10.7460575
11.1201057
10.0072889
8.7061472
6.5804462
4.2348280
2.5953417
8.7404356
29.2983074
62.2189751
91.5111694
98.4185638
86.0458908
74.0374985
54.8881302
14.7162018
1.8985275
0.1005339
2.1553278
6.2765293
7.2522240
1.2737896
0.6200584
3.5007288
15.3917971
27.7503433
35.6906700
36.9556084
29.6622753
20.1277065
25.5906258
60.8089180
84.1675415
86.5651016
83.8405991
84.8941650
80.7381744
72.4645004
60.4116859
37.5899506
65.1166916
63.1157074
38.2531090
33.0782204
21.3341465
22.7958546
51.0398369
88.0478058
89.9749222
76.1789017
81.7136383
79.7880096
63.5887032
43.0624580
21.5560856
20.3892765
23.3565311
16.5662956
7.0980320
2.4967318
0.3130611
0.2384696
0.3493224
0.2707906
9.2234201
60.8411636
145.4324493
196.8671265
168.6555023
113.3782349
60.9300461
64.0961533
41.4603119
24.8355103
39.7697678
44.5143204
40.4329758
33.8620033
27.4353447
17.8747139
5.2002554
1.2046840
0.3406143
12.8449230
70.0070648
87.7706909
52.8258896
33.4223328
36.0668106
36.4868317
56.0804214
88.8032913
106.5140305
108.0468521
86.1436539
64.1893539
74.6386566
76.8954163
56.5650711
74.7021408
113.6129837
124.3847733
110.8206406
96.5214920
83.8950424
77.0865326
66.9415131
49.0719681
35.1037102
38.5345383
41.3374863
35.8887138
26.6042538
14.0881567
9.4149799
14.0626316
9.6952810
20.2202930
29.9851341
33.3530769
47.2410889
66.3293991
83.1152344
109.4629745
126.1047211
113.6684647
89.0855255
66.8524628
51.4914131
41.3824158
51.6786957
73.5536880
79.0360184
65.2565918
47.4864655
43.4476280
61.2163658
81.3997345
77.6316299
61.5529747
37.0758972
28.2576981
17.8286304
7.1341705
3.3371937
1.8981917
2.5598059
4.0572410
7.7853374
11.3096600
11.3613596
10.0795937
9.4058418
8.8135319
8.1917601
7.9181557
7.4623227
7.7953968
7.0856409
6.3841696
5.5161715
4.9352770
4.8075762
4.1506271
3.2422588
2.7244515
2.8374918
2.8513024
3.3221440
2.9883165
2.3470118
2.1920323
1.8347081
1.9012547
1.6363289
0.8969128
0.6182590
0.3797269
0.3553728
0.5077251
1.0021589
2.2306960
3.2702241
4.3003912
4.9576454
4.2756729
3.3602765
2.8425522
2.8549678
2.5253828
2.7804518
3.1427236
2.8023000
2.9642596
3.4035182
2.6159477
1.2774208
1.0805067
1.4737355
1.7368304
1.6021971
1.8957101
2.0357962
1.8606774
1.7839200
1.8734087
1.7656491
1.3727545
1.3279277
1.5287485
1.6739192
1.7504797
2.0073457
1.9658651
1.7573767
1.4168273
1.1551808
1.3166287
1.7990845
1.8958945
2.1571786
2.4680662
2.7228489
2.6785743
2.5562966
2.7289670
3.0046103
2.9928324
2.6509326
2.9777544
3.0528350
2.4496717
2.2840116
2.6688750
3.1978581
3.1334856
2.7925045
2.6823363
1.9757982
1.7389020
2.1131275
2.5467811
2.5639729
2.8625562
3.2036383
3.3238838
3.2885957
3.0469098
3.0130959
3.3654141
3.3995495
3.6547704
4.0762620
3.9656689
4.0779533
3.9874988
4.0699220
3.7978840
3.0152910
1.7857158
1.5303133
16.0424976
65.7495499
139.1466217
200.2972870
198.5509644
147.8941345
124.1106262
109.0888214
102.2051697
95.9804382
85.0606613
51.8285027
80.3843842
104.5503693
78.3214417
51.5526619
56.1466217
98.4860687
133.1109467
141.8518372
125.3124542
87.4213638
36.8241081
11.7679453
11.2466106
54.1776466
170.0447388
253.3134460
267.9403992
201.0582275
154.5471802
137.7902374
181.1683197
196.8237610
163.3095398
130.6863556
115.6377945
108.6448517
84.6319427
55.9932365
52.9702721
58.2551117
59.2955627
57.8399963
48.3559265
41.9946289
40.3542862
46.6331253
52.6404953
74.9263916
118.1453400
175.1697083
204.7261353
192.0754242
161.4350433
127.5345001
89.3005829
45.2435379
26.3014069
18.7404842
41.0620613
68.4423523
74.9525986
72.1689835
77.0997467
86.7029800
108.8144379
130.2834930
132.2222900
107.1583557
75.1696396
54.6593857
41.0353241
35.4998741
39.7497368
43.0906296
38.2916527
32.2950287
29.9388142
23.1384258
15.7637482
53.7510109
89.3948135
83.0746689
37.3296432
6.3525467
3.5468259
28.1933937
101.5725174
126.5908051
81.9738770
36.2682037
8.9493017
9.7598944
12.1916103
29.3443604
56.1389313
62.9027214
70.7424698
95.8593140
106.5755005
106.6701889
92.6424561
94.7237091
120.3926773
114.0503464
100.5084763
91.3411636
97.7599335
107.7326889
97.6304321
65.5842133
76.5352478
100.6663971
96.2947769
59.2542686
31.6421452
38.9293060
30.2406693
21.6017017
22.5944748
24.6668129
19.3112507
7.1666231
1.6414478
0.5810168
24.8831921
109.6133118
195.7577362
198.9766235
128.5026703
69.0546265
34.7882309
57.7971268
81.6605225
83.7132187
47.2615738
11.6870756
43.0048027
143.0458832
249.2898254
301.1112976
263.4982910
177.0482635
106.5962753
34.5846710
18.5899086
75.2100906
105.6773148
94.6554413
59.7889061
36.3723106
26.2079525
9.3033066
6.0961761
15.9883938
39.8572998
57.0377655
51.5303841
47.7987442
73.9730988
86.2403488
60.2433014
18.4611893
5.7916770
23.9799080
65.2896423
74.4724045
62.6195450
46.8872833
36.4577522
33.3820724
28.9270554
24.9271336
23.2815399
48.7908821
76.6444550
81.6557159
61.2812881
45.9932251
41.3504486
48.2024002
28.5497398
14.5752697
2.3328943
1.0666999
13.5701065
42.4269104
63.1566582
71.3903275
74.5317917
57.2900085
28.3320923
8.4905729
7.8765111
0.5894290
0.1217021
1.3079147
21.7115650
81.9989090
144.2621918
180.6656494
190.8723907
179.0686340
147.2668457
111.0397491
81.7826004
51.4222107
27.2375069
13.2383385
9.8122606
18.3534431
27.4783096
33.5130157
41.3771057
46.3388824
39.1197128
20.2362347
6.3948917
0.7611883
0.1010915
0.0721390
1.8907250
17.7027397
32.0834351
36.0143242
32.5869598
28.9219837
26.8516026
22.8122902
18.9260902
12.4955177
9.6356106
7.5930653
6.4232783
4.9017844
3.7524228
3.5614350
3.7189131
4.1481009
3.5785556
3.0269489
2.4642549
1.4428015
1.2685901
1.3707275
1.4063504
1.2438478
1.6673748
1.7670242
1.3389056
0.8991439
0.3618674
0.0839217
0.0150889
0.0003027
0.0000000
0.0000000
0.0000000
0.0000000
0.0000000
0.0000000
0.0000000
0.0000000
0.0000000
0.0000000
0.0000000
0.0000000
0.0000000
0.0000000
0.0000000
0.0000000
0.0000000
0.0000000
0.0000000
0.0000000
0.0000000
0.0000000
0.0000000
0.0000000
0.0000000
0.0000000
0.0000000
0.0000000
0.0000000
0.0000000
0.0000000
0.0000000
0.0000000
0.0000000
0.0000000
0.0000000
0.0000000
0.0000000
0.0000000
0.0000000
0.0000000
0.0000000
0.0000000
0.0000000
0.0000000
0.0000000
0.0000000
0.0000000
0.0000000
0.0000000
0.0000000
0.0000000
0.0000000
0.0000000
0.0000000
0.0000000
0.0000000
0.0000000
0.0000000
0.0000000
0.0000000
0.0000000
0.0000000
0.0000000
0.0000000
0.0000000
0.0000000
0.0000000
0.0000000
0.0000000
0.0000000
0.0000000
0.0000000
0.0000000
0.0000000
0.0000000
0.0000000
0.0000000
0.0000000
0.0000000
0.0000000
0.0000000
0.0000000
0.0000000
0.0000000
0.0000000
0.0000000
0.0000000
0.0000000
0.0000000
0.0000000
0.0000000
0.0000000
0.0000000
0.0000000
0.0000000
0.0000000
0.0000000
0.0000000
0.0000000
0.0000000
0.0000000
0.0000000
0.0000000
0.0000000
0.0000000
0.0000000
0.0000000
0.0000000
0.0000000
0.0000000
0.0000000
0.0000000
0.0000000
0.0000000
0.0000000
0.0000000
0.0000000
0.0000000
0.0000000
0.0000000
0.0000000
0.0000000
0.0000000
0.0000000
0.0000000
0.0000000
0.0000000
0.0000000
0.0000000
0.0000000
0.0000000
0.0000000
0.0000000
0.0000000
0.0000000
0.0000000
0.0000000
0.0000000
0.0000000
0.0000000
0.0000000
0.0000000
0.0000000
0.0000000
0.0000000
0.0000000
0.0000000
0.0000000
0.0000000
0.0000000
0.0000000
0.0000000
0.0000000
0.0000000
0.0000000
0.0000000
0.0000000
0.0000000
0.0000000
0.0000000
0.0000000
0.0000000
0.0000000
0.0000000
0.0000000
0.0000000
0.0000000
0.0000000
0.0000000
0.0000000
0.0000000
0.0000000
0.0000000
0.0000000
0.0000000
0.0000000
0.0000000
0.0000000
0.0000000
0.0000000
0.0000000
0.0000000
0.0000000
0.0000000
0.0000000
0.0000000
0.0000000
0.0000000
0.0000000
0.0000000
0.0000000
0.0000000
0.0000000
0.0000000
0.0000000
0.0000000
0.0000000
0.0000000
0.0000000
0.0000000
0.0000000
0.0000000
0.0000000
0.0000000
0.0000000
0.0000000
0.0000000
0.0000000
0.0000000
0.0000000
0.0000000
0.0000000
0.0000000
0.0000000
0.0000000
0.0000000
0.0000000
0.0000000
0.0000000
0.0000000
0.0000000
0.0000000
0.0000000
0.0000000
0.0000000
0.0000000
0.0000000
0.0000000
0.0000000
0.0000000
0.0000000
0.0000000
0.0000000
0.0000000
0.0000000
0.0000000
0.0000000
0.0000000
0.0000000
0.0000000
0.0000000
0.0000000
0.0000000
0.0000000
0.0000000
0.0000000
0.0000000
0.0000000
0.0000000
0.0000000
0.0000000
0.0000000
0.0000000
0.0000000
0.0000000
0.0000000
0.0000000
0.0000000
0.0000000
0.0000000
0.0000000
0.0000000
0.0000000
0.0000000
0.0000000
0.0000000
0.0000000
0.0000000
0.0000000
0.0000000
0.0000000
0.0000000
0.0000000
0.0000000
0.0000000
0.0000000
0.0000000
0.0000000
0.0000000
0.0000000
0.0000000
0.0000000
0.0000000
0.0000000
0.0000000
0.0000000
0.0000000
0.0000000
0.0000000
0.0000000
0.0000000
0.0000000
0.0000000
0.0000000
0.0000000
0.0000000
0.0000000
0.0000000
0.0000000
0.0000000
0.0000000
0.0000000
0.0000000
0.0000000
0.0000000
0.0000000
0.0000000
0.0000000
0.0000000
0.0000000
0.0000000
0.0000000
0.0000000
0.0000000
0.0000000
0.0000000
0.0000000
0.0000000
0.0000000
0.0000000
0.0000000
0.0000000
0.0000000
0.0000000
0.0000000
0.0000000
0.0000000
0.0000000
0.0000000
0.0000000
0.0000000
0.0000000
0.0000000
0.0000000
0.0000000
0.0000000
0.0000000
0.0000000
0.0000000
0.0000000
0.0000000
0.0000000
0.0000000
0.0000000
0.0000000
0.0000000
0.0005165
0.2756169
1.3829918
2.8185842
3.4306631
3.0170710
2.1632748
1.9161110
4.1810331
11.3789968
30.5659332
64.3997803
128.0671387
200.7750854
218.8838501
161.2467346
100.9658661
51.2880249
44.4134369
31.5798607
22.7626171
26.4061489
14.8468275
18.6582737
16.2919540
14.4290609
14.3520355
12.4354820
8.4424477
3.4210131
11.1517076
16.6289673
12.5702620
7.6006365
5.3552771
8.5106764
15.1403952
18.3166561
12.0794277
4.4330940
11.4500160
34.3843575
60.5355034
71.6882019
66.2300262
58.0985756
50.0130119
40.9821053
29.4921265
19.4823437
11.2243395
5.7607393
3.1964307
2.7822702
13.6460342
42.7309799
80.6968842
115.4034119
136.7212372
134.7338715
119.7800293
112.3880844
107.9277954
111.1058578
113.3424835
98.2026901
69.1928482
48.9270210
34.1306190
24.1832676
15.7384214
8.7024555
5.1356058
7.7195306
12.2402744
16.6952400
30.6577625
48.2515945
63.1092606
79.2011261
92.7720490
85.0154953
46.1981392
14.6783800
2.6472278
0.3357434
0.2386415
14.6804705
62.2799950
87.0635986
71.0956421
43.7680473
18.6681156
27.1913147
29.9334946
30.8447514
40.3191757
51.3857346
52.4278412
44.0049324
37.9165840
29.0782337
53.9177589
56.7336922
50.8204498
37.2825661
44.9041710
81.8390884
64.5636292
45.4064865
35.5982094
32.4614792
28.6805172
17.4806232
18.1159115
32.4182053
90.2588959
140.3047791
134.3911438
94.7032013
49.7754936
19.4977055
1.0604455
1.6688330
18.1670837
46.7862434
48.6755486
32.0585175
25.5937500
19.5130024
9.2864418
2.8868222
13.4169712
64.1399155
120.4181290
125.2809067
95.8667374
59.1985168
29.8749733
16.6142960
21.0663223
31.0624924
31.8141823
40.5214577
64.7009659
109.0415573
155.8033600
185.7904358
192.3448029
146.8240356
97.3187866
44.8515854
33.7724724
71.2657242
97.9654541
170.3253479
175.5555725
139.2043762
83.6477356
38.5102959
80.6866684
38.9123344
13.2796583
7.5889568
9.7599316
11.4602909
39.7365913
82.9272919
121.1598053
163.6754761
190.1526947
177.1401367
111.9715958
75.5442429
62.5876236
93.7146912
145.8744202
115.1322327
91.4856567
82.7932816
68.3096466
48.7409935
105.5420837
128.6336975
88.3226395
18.5586491
108.2378006
126.9812775
112.1877365
94.0960236
76.6111221
85.4316101
137.7727814
162.8770142
127.1108398
86.2237701
46.3214417
39.6018295
55.0224152
41.2305374
47.8368835
26.7044048
8.7933483
4.6218500
21.9461823
93.2615585
179.0686493
230.5421448
230.3717041
182.7149048
124.8590012
71.8733139
99.2664490
102.3902359
79.1528931
54.0179634
41.1641273
22.0848179
9.3877306
6.3039761
1.6616490
2.0032527
3.1594293
5.5388565
22.2160778
61.2558975
96.1486588
105.3456802
94.3651352
81.6793289
64.6015320
44.6888275
46.7629890
69.3152237
44.9158173
20.6191330
10.3128653
8.2520485
7.0841069
8.4477358
7.1049933
4.8861337
5.4494042
7.0381107
11.1266098
48.6275520
121.4310837
167.7379303
160.3582458
120.4575882
86.3507156
52.0795441
40.9790230
57.9306564
97.3752670
136.9433899
105.8354721
44.8726196
13.5442619
1.9674528
0.7706492
8.7442493
48.6478500
85.3980103
77.9566422
48.3573151
27.2987690
31.8230667
47.0156364
57.2308998
50.1594048
31.4298592
17.0056763
13.8552065
42.4531898
96.9255066
150.7657471
173.5458374
157.1154327
123.1193237
80.3512878
44.2571487
29.9232082
23.3592243
15.5799313
25.5036926
48.3013306
34.2119598
3.7272351
0.8598958
13.8315220
47.9667015
77.8034134
76.5562439
59.1993561
48.8838272
47.6537590
62.1027832
64.0345383
71.6729279
44.7378311
25.4323654
14.2727356
11.0394354
4.9984894
9.2810574
56.8935852
157.3612518
211.4648132
169.1509857
83.2028656
21.6641235
3.0773752
0.1908283
0.5361028
8.7255259
38.3338089
46.8126907
38.5561104
31.0125561
18.5760365
6.2995076
3.9553614
13.1418476
46.4315414
77.3603821
69.2692337
41.3832474
17.3572979
17.9869499
21.0303574
17.8914871
17.9342728
36.9833298
103.4676743
149.8064117
166.1964569
135.0382690
101.2691574
125.0906677
165.0015869
82.9338608
16.8721237
9.8199062
8.4464188
12.6043196
19.9321060
20.8985100
18.2524071
18.1261978
12.6005383
5.4539280
3.4800177
10.2619677
69.3457336
157.8539429
200.3320465
176.2418365
133.4444885
102.7928696
55.5371475
50.2268562
31.6345406
3.8299296
0.8557082
0.1564119
0.2777869
0.4891714
1.2287055
1.0115799
5.1949396
16.4404564
35.5883636
58.4164734
86.6592941
122.7504807
123.4048691
73.4056473
24.4746532
4.9897509
9.8608170
38.9138222
80.4709549
78.0962067
41.3909225
14.3976860
3.7373300
2.8742805
17.5940056
49.1011543
63.3359184
47.3593102
29.3077812
8.8074846
5.0275006
6.0653000
40.7942886
107.2330627
125.9701843
86.5108948
65.2352982
61.6114044
75.3469543
52.1448975
43.7151031
77.3670959
78.3457870
15.6251764
4.0098076
2.8750665
7.0432291
27.8175201
61.2115936
62.8013229
49.1267014
67.2387238
118.0110703
189.9979858
244.4097595
260.2345581
238.7377777
173.0743561
94.3560562
19.6201134
38.4750443
50.8706894
33.6917992
27.9884777
24.7346859
17.1272392
14.1898975
28.2444515
38.6532364
27.4320831
19.3395824
20.6978645
27.2753391
52.8104401
90.5255890
115.7478790
95.3562012
55.0225182
19.2951241
11.5322056
12.0591364
14.3143787
13.9657326
13.5037298
30.7182045
31.6872749
15.4935303
3.8357408
3.9734535
10.0860882
19.4656830
18.1852322
5.5516911
4.4761767
16.5898514
31.3820839
29.8952293
13.9765530
4.7573285
6.4782076
20.2865601
43.9201279
45.3268967
34.1664238
28.4421482
20.0481281
13.5721359
12.7852402
10.2296143
9.0382462
9.4456196
5.4708815
9.1247272
18.2696953
31.5108299
37.2102623
30.6815796
19.8448505
13.4472637
12.0217056
12.8259888
11.7845087
9.9477272
7.7119656
7.2514815
8.2175217
9.2522726
7.8945045
6.3262162
5.9427409
5.6361685
4.2077451
2.7481608
1.1310257
0.6584218
0.4731050
0.2846359
0.1751840
0.1578702
0.2666609
0.3329351
0.4516347
0.8140674
3.2313371
5.8216982
4.5382547
1.0153074
0.1850699
0.1371665
0.0665206
0.0034853
0.0001270
0.0000000
0.0000000
0.0000000
0.0000000
0.0000000
0.0000000
0.0000000
0.0000000
0.0000000
0.0000000
0.0000000
0.0000000
0.0000000
0.0000000
0.0000000
0.0000000
0.0000000
0.0000000
0.0000000
0.0000000
0.0000000
0.0000000
0.0000000
0.0000000
0.0000000
0.0000000
0.0000000
0.0000000
0.0000000
0.0000000
0.0000000
0.0000000
0.0000000
0.0000000
0.0000000
0.0000000
0.0000000
0.0000000
0.0000000
0.0000000
0.0000000
0.0000000
0.0000000
0.0000000
0.0000000
0.0000000
0.0000000
0.0000000
0.0000000
0.0000000
0.0000000
0.0000000
0.0000000
0.0000000
0.0000000
0.0000000
0.0000000
0.0000000
0.0000000
0.0000000
0.0000000
0.0000000
0.0000000
0.0000000
0.0000000
0.0000000
0.0000000
0.0000000
0.0000000
0.0000000
0.0000000
0.0000000
0.0000000
0.0000000
0.0000000
0.0000000
0.0000000
0.0000000
0.0000000
0.0000000
0.0000000
0.0000000
0.0000000
0.0000000
0.0000000
0.0000000
0.0000000
0.0000000
0.0000000
0.0000000
0.0000000
0.0000000
0.0000000
0.0000000
0.0000000
0.0000000
0.0000000
0.0000000
0.0000000
0.0000000
0.0000000
0.0000000
0.0000000
0.0000000
0.0000000
0.0000000
0.0000000
0.0000000
0.0000000
0.0000000
0.0000000
0.0000000
0.0000000
0.0000000
0.0000000
0.0000000
0.0000000
0.0000000
0.0000000
0.0000000
0.0000000
0.0000000
0.0000000
0.0000000
0.0000000
0.0000000
0.0000000
0.0000000
0.0000000
0.0000000
0.0000000
0.0000000
0.0000000
0.0000000
0.0000000
0.0000000
0.0000000
0.0000000
0.0000000
0.0000000
0.0000000
0.0000000
0.0000000
0.0000000
0.0000000
0.0000000
0.0000000
0.0000000
0.0000000
0.0000000
0.0000000
0.0000000
0.0000000
0.0000000
0.0000000
0.0000000
0.0000000
0.0000000
0.0000000
0.0000000
0.0000000
0.0000000
0.0000000
0.0000000
0.0000000
0.0000000
0.0000000
0.0000000
0.0000000
0.0000000
0.0000000
0.0000000
0.0000000
0.0000000
0.0000000
0.0000000
0.0000000
0.0000000
0.0000000
0.0000000
0.0000000
0.0000000
0.0000000
0.0000000
0.0000000
0.0000000
0.0000000
0.0000000
0.0000000
0.0000000
0.0000000
0.0000000
0.0000000
0.0000000
0.0000000
0.0000000
0.0000000
0.0000000
0.0000000
0.0000000
0.0000000
0.0000000
0.0000000
0.0000000
0.0000000
0.0000000
0.0000000
0.0000000
0.0000000
0.0000000
0.0000000
0.0000000
0.0000000
0.0000000
0.0000000
0.0000000
0.0000000
0.0000000
0.0000000
0.0000000
0.0000000
0.0000000
0.0000000
0.0000000
0.0000000
0.0000000
0.0000000
0.0000000
0.0000000
0.0000000
0.0000000
0.0000000
0.0000000
0.0000000
0.0000000
0.0000000
0.0000000
0.0000000
0.0000000
0.0000000
0.0000000
0.0000000
0.0000000
0.0000000
0.0000000
0.0000000
0.0000000
0.0000000
0.0000000
0.0000000
0.0000000
0.0000000
0.0000000
0.0000000
0.0000000
0.0000000
0.0000000
0.0000000
0.0000000
0.0000000
0.0000000
0.0000000
0.0000000
0.0000000
0.0000000
0.0000000
0.0000000
0.0000000
0.0000000
0.0000000
0.0000000
0.0000000
0.0000000
0.0000000
0.0000000
0.0000000
0.0000000
0.0000000
0.0000000
0.0000000
0.0000000
0.0000000
0.0000000
0.0000000
0.0000000
0.0000000
0.0000000
0.0000000
0.0000000
0.0000000
0.0000000
0.0000000
0.0000000
0.0000000
0.0000000
0.0000000
0.0000000
0.0000000
0.0000000
0.0000000
0.0000000
0.0000000
0.0000000
0.0000000
0.0000000
0.0000000
0.0000000
0.0000000
0.0000000
0.0000000
0.0000000
0.0000000
0.0000000
0.0000000
0.0000000
0.0000000
0.0000000
0.0000000
0.0000000
0.0000000
0.0000000
0.0000000
0.0000000
0.0000000
0.0000000
0.0000000
0.0000000
0.0000000
0.0000000
0.0000000
0.0000000
0.0000000
0.0000000
0.0000000
0.0000000
0.0000000
0.0000000
0.0000000
0.0000000
0.0000000
0.0000000
0.0000000
0.0000000
0.0000000
0.0000000
0.0000000
0.0000000
0.0000000
0.0000000
0.0000000
0.0000000
0.0000000
0.0000000
0.0000000
0.0000000
0.0000000
0.0000000
0.0000000
0.0000000
0.0000000
0.0000000
0.0000000
0.0000000
0.0000000
0.0000000
0.0000000
0.0000000
0.0000000
0.0000000
0.0000000
0.0000000
0.0000000
0.0000000
0.0000000
0.0000000
0.0000000
0.0000000
0.0593194
0.7581043
2.2829399
3.4768333
3.2867289
2.1677997
2.0023961
2.5245728
2.0563133
1.0215544
10.7006464
48.7228317
100.2169266
125.2489395
111.5587387
73.4605408
36.2906036
31.0827713
34.4677582
21.9432659
6.2545238
0.3504461
0.1302256
4.7410436
56.4311180
150.7822723
242.7386169
270.3371582
218.6266174
141.0926208
88.6228104
51.2431870
21.9544773
24.6631489
22.2662525
14.5472689
7.8799186
2.7000575
3.4470227
17.0782337
50.6249428
69.8455582
72.7476120
61.6456032
44.5093880
29.2446442
31.5981960
101.3163605
171.5374298
196.5977783
164.6952515
118.2999725
86.0460739
69.0439835
58.5162506
44.1196861
37.4229469
70.1813202
100.3704987
109.2907486
95.8519440
72.4341278
51.4923782
37.2200165
34.2452087
36.6615067
34.2191238
26.0684013
20.2077751
20.5370617
26.5143375
31.7892551
24.0262966
6.7798290
2.2970393
4.3311872
13.9003277
19.7313480
17.7763329
20.3723469
21.5796051
17.0698147
11.0806942
8.4530792
7.2676187
8.0385418
9.5993614
8.6651516
7.5599403
6.7881770
5.0226607
4.4788694
5.3599415
7.2779241
14.1204042
27.5455055
42.0853004
46.1128273
34.4409027
24.4911346
34.0466766
57.8419380
73.1806870
68.7928467
51.5774002
42.7365150
51.7128906
75.8330460
76.4381485
55.9797058
72.0938950
61.4581947
35.5895844
16.6462326
37.2890167
44.0478325
24.6701145
15.7014980
22.6014366
26.2083073
25.2636471
23.2619057
20.1031380
24.5545883
59.5330925
110.3046188
146.4792633
149.5933380
136.1972504
115.2457275
94.6440277
77.7626801
53.9599648
32.6400337
27.6919937
32.8982849
46.5087166
34.0662956
30.9350109
52.5825043
82.0192184
87.7327957
89.1484299
92.8520126
68.8661957
32.2240486
42.2641258
74.7228851
48.6107712
21.8839283
49.7049179
37.4134750
7.8627834
0.8588270
1.8972561
9.5983591
19.2706909
16.9408722
13.1132965
12.1438589
11.6855297
11.2951908
11.2216167
12.0488539
12.8065853
11.5427990
10.3337440
10.2700758
11.7208338
11.7891865
10.7002192
11.1978922
10.2864437
9.2650051
9.7377195
8.6076126
8.1703005
6.8881044
6.3756003
6.6395922
7.1405368
7.8692322
7.7675877
6.7105818
5.6325345
3.4552898
2.8409886
3.0468328
3.0909836
3.3227031
3.5698800
3.4940252
3.2448146
3.4573450
3.6647396
3.3807349
2.7571094
2.5686736
3.0531054
2.5555303
1.2043455
0.4915469
0.5398608
1.2174983
1.4417181
3.7484603
36.5340805
111.7925949
174.8909302
163.4167938
70.8469849
22.9545155
6.7292900
2.9855123
20.9422417
98.9111862
152.3365021
168.0757751
164.4882812
162.8394470
196.1014557
266.2649231
260.5696106
146.4919128
77.4037552
106.6093597
89.7105560
38.1155739
4.5630579
0.7123418
0.6291620
0.8277376
0.7309217
0.3306785
0.2581317
0.2746075
0.3277430
0.5294481
1.4980440
19.9151096
68.3292465
119.3282166
133.1394043
115.0883789
82.5595627
62.2642441
33.0964890
29.2269840
33.8888931
29.7238560
31.9130020
28.8950272
14.5295973
2.8786700
0.2053456
0.0190507
1.1414726
18.0991535
60.0476379
94.4863052
95.8194962
75.2468796
59.6726189
43.9412994
46.5665398
28.7623215
4.5706053
7.6087289
55.9433861
136.4584656
145.0023804
110.1120987
86.7739868
75.9287949
65.8650818
53.0749359
47.7033997
36.1601410
30.6977310
23.1093998
8.8845758
1.8597276
0.3588945
18.0548344
75.1966934
126.0606537
127.9181442
94.8937912
65.0925598
41.8957176
36.8025627
21.3773994
3.3447223
0.2797368
0.0562984
11.3681221
87.8894272
167.3531036
189.6859741
130.9247589
62.8477402
28.3192959
25.6969109
25.5127163
46.5178223
94.7184372
114.5441666
85.2837296
66.9834824
62.9784698
79.9215240
82.0309296
75.7897949
57.7271576
64.6271515
114.6045761
151.0546417
162.4867706
138.2141724
96.6114044
68.2587509
56.6877174
49.7695236
26.1078529
7.3877463
8.1155376
47.9549866
63.3622055
52.2350311
49.9932480
43.2908745
38.8411598
35.1719131
29.8584404
27.3358555
46.3658257
78.4954147
89.1053085
71.9571152
51.7834282
39.7645264
27.8737640
20.4414444
64.3727646
79.7098618
83.9788742
91.5051270
94.1774445
86.4232941
67.9561310
44.6999245
26.2037888
19.8097839
5.2712002
5.7494330
22.5552120
36.6260223
29.6824799
20.5543995
26.4389877
55.0603561
103.4136810
157.3563232
179.8145142
170.7873383
120.1629944
75.9696121
37.8119125
37.8573418
39.7116280
23.9735832
28.9285336
44.4234352
59.3621292
58.4594116
34.0188408
8.8319941
2.0979054
5.6401081
32.2526779
70.4808273
71.2213593
52.9975281
44.8926544
39.0725136
37.4282303
46.1573410
66.6040878
74.4871902
63.5330963
53.2935257
58.7783623
83.4599686
124.6018143
145.2038422
157.7785339
158.0878601
141.9219818
49.6331482
13.6407661
13.8248568
8.8449335
4.7176805
14.7352905
30.8337650
35.7235298
40.6674118
45.5489616
41.1106415
34.9998016
41.7032852
54.5328522
68.6093674
72.1573944
55.8968849
36.0142517
19.6948433
7.1185622
7.2983384
21.4390888
32.8755188
30.2443829
25.8345184
25.1405334
35.3729858
51.3674011
61.2211685
58.6662941
60.2930450
76.0077896
90.9179840
81.9980774
60.6008301
48.6379623
45.6119537
35.2326736
33.2146454
50.2843628
51.5819740
46.9510918
37.9816208
27.2566280
21.9631195
18.3637733
15.9857330
25.1807785
44.4524078
44.5722580
24.3115311
8.4750471
6.4900517
5.8545456
3.0728831
0.7044853
0.2886352
0.1110854
0.2486597
0.8931237
2.2490451
2.7472403
2.5046113
2.1156375
1.7931151
1.7977176
1.6903535
2.0638318
2.2853353
2.1186965
1.5275624
1.2483261
0.8262340
0.2728172
0.0499941
0.0032588
0.0002181
0.0000000
0.0000000
0.0000000
0.0000000
0.0000000
0.0000000
0.0000000
0.0000000
0.0000000
0.0000000
0.0000000
0.0000000
0.0000000
0.0000000
0.0000000
0.0000000
0.0000000
0.0000000
0.0000000
0.0000000
0.0000000
0.0000000
0.0000000
0.0000000
0.0000000
0.0000000
0.0000000
0.0000000
0.0000000
0.0000000
0.0000000
0.0000000
0.0000000
0.0000000
0.0000000
0.0000000
0.0000000
0.0000000
0.0000000
0.0000000
0.0000000
0.0000000
0.0000000
0.0000000
0.0000000
0.0000000
0.0000000
0.0000000
0.0000000
0.0000000
0.0000000
0.0000000
0.0000000
0.0000000
0.0000000
0.0000000
0.0000000
0.0000000
0.0000000
0.0000000
0.0000000
0.0000000
0.0000000
0.0000000
0.0000000
0.0000000
0.0000000
0.0000000
0.0000000
0.0000000
0.0000000
0.0000000
0.0000000
0.0000000
0.0000000
0.0000000
0.0000000
0.0000000
0.0000000
0.0000000
0.0000000
0.0000000
0.0000000
0.0000000
0.0000000
0.0000000
0.0000000
0.0000000
0.0000000
0.0000000
0.0000000
0.0000000
0.0000000
0.0000000
0.0000000
0.0000000
0.0000000
0.0000000
0.0000000
0.0000000
0.0000000
0.0000000
0.0000000
0.0000000
0.0000000
0.0000000
0.0000000
0.0000000
0.0000000
0.0000000
0.0000000
0.0000000
0.0000000
0.0000000
0.0000000
0.0000000
0.0000000
0.0000000
0.0000000
0.0000000
0.0000000
0.0000000
0.0000000
0.0000000
0.0000000
0.0000000
0.0000000
0.0000000
0.0000000
0.0000000
0.0000000
0.0000000
0.0000000
0.0000000
0.0000000
0.0000000
0.0000000
0.0000000
0.0000000
0.0000000
0.0000000
0.0000000
0.0000000
0.0000000
0.0000000
0.0000000
0.0000000
0.0000000
0.0000000
0.0000000
0.0000000
0.0000000
0.0000000
0.0000000
0.0000000
0.0000000
0.0000000
0.0000000
0.0000000
0.0000000
0.0000000
0.0000000
0.0000000
0.0000000
0.0000000
0.0000000
0.0000000
0.0000000
0.0000000
0.0000000
0.0000000
0.0000000
0.0000000
0.0000000
0.0000000
0.0000000
0.0000000
0.0000000
0.0000000
0.0000000
0.0000000
0.0000000
0.0000000
0.0000000
0.0000000
0.0000000
0.0000000
0.0000000
0.0000000
0.0000000
0.0000000
0.0000000
0.0000000
0.0000000
0.0000000
0.0000000
0.0000000
0.0000000
0.0000000
0.0000000
0.0000000
0.0000000
0.0000000
0.0000000
0.0000000
0.0000000
0.0000000
0.0000000
0.0000000
0.0000000
0.0000000
0.0000000
0.0000000
0.0000000
0.0000000
0.0000000
0.0000000
0.0000000
0.0000000
0.0000000
0.0000000
0.0000000
0.0000000
0.0000000
0.0000000
0.0000000
0.0000000
0.0000000
0.0000000
0.0000000
0.0000000
0.0000000
0.0000000
0.0000000
0.0000000
0.0000000
0.0000000
0.0000000
0.0000000
0.0000000
0.0000000
0.0000000
0.0000000
0.0000000
0.0000000
0.0000000
0.0000000
0.0000000
0.0000000
0.0000000
0.0000000
0.0000000
0.0000000
0.0000000
0.0000000
0.0000000
0.0000000
0.0000000
0.0000000
0.0000000
0.0000000
0.0000000
0.0000000
0.0000000
0.0000000
0.0000000
0.0000000
0.0000000
0.0000000
0.0000000
0.0000000
0.0000000
0.0000000
0.0000000
0.0000000
0.0000000
0.0000000
0.0000000
0.0000000
0.0000000
0.0000000
0.0000000
0.0000000
0.0000000
0.0000000
0.0000000
0.0000000
0.0000000
0.0000000
0.0000000
0.0000000
0.0000000
0.0000000
0.0000000
0.0000000
0.0000000
0.0000000
0.0000000
0.0000000
0.0000000
0.0000000
0.0000000
0.1362256
0.8870773
1.9770572
2.4653571
2.2039399
1.9712944
2.1964409
2.5295069
2.4071455
2.2338490
2.0019379
1.5787431
1.4308269
1.8075341
2.0858018
1.9873500
1.8895880
1.8844006
1.6659461
1.4282335
1.1241683
1.1079180
0.7679573
0.5118385
0.4994822
2.2652407
7.5194111
14.0446854
22.4784241
33.7614059
41.9899025
43.3640366
41.6307373
39.9055367
42.4852791
40.1820526
35.9737129
32.9867363
27.3944283
24.4783134
22.0931129
20.2059746
18.4062843
17.8758602
18.3558846
17.7298183
16.8169556
15.0452681
13.7162743
12.5621729
11.5211411
12.7405787
15.3101902
14.5835419
12.3772373
9.9340420
8.3677244
6.9464831
5.6040268
4.8746586
3.5597088
2.3416891
1.4121723
0.7908221
0.8121979
0.7180325
0.4790693
0.2640004
0.1648124
0.2012307
0.2183402
0.4476264
1.0179255
1.4378456
1.5496787
1.3929366
1.2140472
1.0317727
1.1242111
1.1621542
1.1823767
1.3655908
1.2774761
1.2142375
1.3691199
1.5041763
1.6358693
1.7867800
1.6885195
1.5804176
1.5140724
2.0610623
2.9622645
3.6108699
3.5160830
3.5576553
3.3617928
3.1555643
2.8254790
2.7128372
2.3364561
1.9960063
1.8114589
1.9105608
2.0336235
2.1554360
1.9854054
1.7833365
1.7620577
1.4777060
1.4799019
1.3153999
1.2748545
1.0754149
0.7747006
0.7560166
0.7088229
0.6727389
0.8563187
0.8264645
0.5952938
0.4583226
0.3179578
0.3725397
0.3152237
0.3911639
0.6118484
0.6921928
0.8051809
0.9866564
1.4045126
1.7900085
1.3321657
0.8428677
1.3571248
30.5737877
134.4343414
248.1979523
267.0978088
191.5150299
122.2484131
62.2167282
80.5790710
66.6873779
53.6988449
50.9165573
40.8609123
30.5620232
25.3780041
21.5194244
37.6819649
102.8624039
202.6020660
251.1587219
210.7138977
147.3896179
80.8023071
24.1252174
2.1312504
0.5229917
1.4089167
1.9097788
1.7533013
28.2444572
78.0297699
88.0935974
65.3625641
73.9187393
107.9956970
151.5651093
192.7719116
186.1666260
149.1357422
103.8368530
71.2491684
47.9521637
45.9109116
41.5645103
22.2013283
15.3745127
14.0272713
13.1615028
13.8716335
20.8138256
29.8361797
28.5050106
17.6592731
6.5392728
4.3664293
15.7467775
47.7535248
60.9667854
35.9216652
22.1475296
22.4456367
34.3457336
45.3259354
39.5688858
28.7196198
40.9271889
52.0400810
57.4895325
56.4720535
51.6885910
39.1520462
32.4728928
28.8459435
32.3420982
37.4321747
35.8443680
31.7531586
24.5376930
25.4200745
28.4242611
37.4593773
51.1479530
77.9104004
105.2602692
107.4564590
96.1874771
85.6215286
67.9428253
41.3064079
25.4739285
31.9017353
47.3877831
50.3314857
36.3675308
14.7713261
29.2337074
36.2114334
45.9350204
63.0532913
74.1883392
81.2414246
84.6870117
75.8762360
75.2076569
112.7261810
148.0034180
146.2431488
125.0041962
107.0622635
81.2925110
63.8528976
64.5965424
63.1335144
56.6107941
47.7237549
49.9126701
97.1311798
192.4915314
225.4112701
231.5715332
227.6245117
209.0330658
175.2458344
146.8762207
115.4192810
89.7654648
56.9562607
14.6699772
20.7383728
22.7073727
26.7896957
23.8662701
8.0249958
4.3020678
8.4752941
15.7262249
23.2678413
25.2234077
21.3328056
15.0677462
11.8750010
10.2891569
10.5275612
11.7293615
13.4452896
12.8778906
10.9780312
10.0629463
10.1321220
12.2930336
15.7827454
20.1343174
20.4033566
20.4266033
31.0324917
49.0954628
75.2847137
110.4088058
137.6265411
148.1453857
130.3850555
122.4214630
71.4308014
20.0418873
11.6365213
13.5718670
48.6695023
152.3311157
245.8602753
281.8306885
209.0798492
111.5728226
62.0172348
52.5160103
48.0431595
42.3303833
37.5183754
32.5491714
62.0503616
99.4695587
91.3357849
46.2170067
16.7556381
13.2907295
47.1523399
122.9329681
138.0594788
62.0885506
29.7132397
42.3165703
103.7930756
158.6397247
137.9804993
107.4506760
116.4501419
128.9908447
93.4845352
74.6152573
67.4944763
58.5615387
24.6928596
23.4129410
40.3409042
90.2469177
146.1922455
155.1486359
139.9142761
134.4157562
138.4569855
125.5765533
106.6725845
81.1938782
51.7648926
29.8597298
23.3620510
20.7634182
11.2467194
5.0015845
15.7203178
24.9573994
33.7196884
35.6907043
27.0851345
15.8712406
10.4420547
8.9180307
7.0484943
5.2330146
3.1912160
1.7375755
0.8902331
0.8048962
0.6640897
0.7968285
0.6320999
0.2416941
0.0693567
0.0039476
0.0012100
0.0000000
0.0000000
0.0000000
0.0000000
0.0000000
0.0000000
0.0000000
0.0000000
0.0000000
0.0000000
0.0000000
0.0000000
0.0000000
0.0000000
0.0000000
0.0000000
0.0000000
0.0000000
0.0000000
0.0000000
0.0000000
0.0000000
0.0000000
0.0000000
0.0000000
0.0000000
0.0000000
0.0000000
0.0000000
0.0000000
0.0000000
0.0000000
0.0000000
0.0000000
0.0000000
0.0000000
0.0000000
0.0000000
0.0000000
0.0000000
0.0000000
0.0000000
0.0000000
0.0000000
0.0000000
0.0000000
0.0000000
0.0000000
0.0000000
0.0000000
0.0000000
0.0000000
0.0000000
0.0000000
0.0000000
0.0000000
0.0000000
0.0000000
0.0000000
0.0000000
0.0000000
0.0000000
0.0000000
0.0000000
0.0000000
0.0000000
0.0000000
0.0000000
0.0000000
0.0000000
0.0000000
0.0000000
0.0000000
0.0000000
0.0000000
0.0000000
0.0000000
0.0000000
0.0000000
0.0000000
0.0000000
0.0000000
0.0000000
0.0000000
0.0000000
0.0000000
0.0000000
0.0000000
0.0000000
0.0000000
0.0000000
0.0000000
0.0000000
0.0000000
0.0000000
0.0000000
0.0000000
0.0000000
0.0000000
0.0000000
0.0000000
0.0000000
0.0000000
0.0000000
0.0000000
0.0000000
0.0000000
0.0000000
0.0000000
0.0000000
0.0000000
0.0000000
0.0000000
0.0000000
0.0000000
0.0000000
0.0000000
0.0000000
0.0000000
0.0000000
0.0000000
0.0000000
0.0000000
0.0000000
0.0000000
0.0000000
0.0000000
0.0000000
0.0000000
0.0000000
0.0000000
0.0000000
0.0000000
0.0000000
0.0000000
0.0000000
0.0000000
0.0000000
0.0000000
0.0000000
0.0000000
0.0000000
0.0000000
0.0000000
0.0000000
0.0000000
0.0000000
0.0000000
0.0000000
0.0000000
0.0000000
0.0000000
0.0000000
0.0000000
0.0000000
0.0000000
0.0000000
0.0000000
0.0000000
0.0000000
0.0000000
0.0000000
0.0000000
0.0000000
0.0000000
0.0000000
0.0000000
0.0000000
0.0000000
0.0000000
0.0000000
0.0000000
0.0000000
0.0000000
0.0000000
0.0000000
0.0000000
0.0000000
0.0000000
0.0000000
0.0000000
0.0000000
0.0000000
0.0000000
0.0000000
0.0000000
0.0000000
0.0000000
0.0000000
0.0000000
0.0000000
0.0000000
0.0000000
0.0000000
0.0000000
0.0000000
0.0000000
0.0000000
0.0000000
0.0000000
0.0000000
0.0000000
0.0000000
0.0000000
0.0000000
0.0000000
0.0000000
0.0000000
0.0000000
0.0000000
0.0000000
0.0000000
0.0000000
0.0000000
0.0000000
0.0000000
0.0000000
0.0000000
0.0000000
0.0000000
0.0000000
0.0000000
0.0000000
0.0000000
0.0000000
0.0000000
0.0000000
0.0000000
0.0000000
0.0000000
0.0000000
0.0000000
0.0000000
0.0000000
0.0000000
0.0000000
0.0000000
0.0000000
0.0000000
0.0000000
0.0000000
0.0000000
0.0000000
0.0000000
0.0000000
0.0000000
0.0000000
0.0000000
0.0000000
0.0000000
0.0000000
0.0000000
0.0000000
0.0000000
0.0000000
0.0000000
0.0000000
0.0000000
0.0000000
0.0000000
0.0000000
0.0000000
0.0000000
0.0000000
0.0000000
0.0000000
0.0000000
0.0000000
0.0000000
0.0000000
0.0000000
0.0000000
0.0000000
0.0000000
0.0000000
0.0000000
0.0000000
0.0000000
0.0000000
0.0000000
0.0000000
0.0000000
0.0000000
0.0000000
0.0000000
0.0000000
0.0000000
0.0000000
0.0000000
0.0000000
0.0000000
0.0000000
0.0000000
0.0000000
0.0000000
0.0000000
0.0000000
0.0000000
0.0000000
0.0000000
0.0000000
0.0000000
0.0000000
0.0000000
0.0000000
0.0000000
0.0000000
0.0000000
0.0000000
0.0000000
0.0000000
0.0000000
0.0000000
0.0000000
0.0000000
0.0000000
0.0000000
0.0000000
0.0000000
0.0000000
0.0000000
0.0000000
0.0000000
0.0000000
0.0000000
0.0000000
0.0000000
0.0000000
0.0000000
0.0000000
0.0000000
0.0000000
0.0000000
0.0000000
0.0000000
0.0000000
0.0000000
0.0000000
0.0000000
0.0000000
0.0000000
0.0000000
0.0000000
0.0000000
0.0000000
0.0000000
0.0000000
0.0000000
0.0000000
0.0000000
0.0000000
0.0000000
0.0000000
0.0000000
0.0000000
0.0000000
0.0000000
0.0000000
0.0000000
0.0000000
0.0000000
0.0000000
0.0000000
0.0000000
0.0000000
0.0000000
0.0000000
0.0000000
0.0000000
0.0000000
0.0000000
0.0000000
0.0000000
0.0000000
0.0000000
0.0000000
0.0000000
0.0000000
0.0000000
0.0000000
0.0000000
0.0000000
0.0000000
0.0000000
0.0000000
0.0000000
0.0000000
0.0000000
0.0000000
0.0000000
0.0631627
0.5808423
1.3954977
1.7764798
1.4502993
0.8275177
0.6015003
0.6992437
4.7203083
17.7200832
36.0172577
63.2968369
88.9194794
86.8431778
55.7123451
15.6886530
19.5562592
16.5875626
23.5667210
68.4516296
159.0112610
222.9004364
238.8864441
195.2216187
128.9878082
60.5761261
33.9873886
19.4765110
12.1276684
6.5872407
4.3438921
1.6252851
14.4841528
64.0002670
145.7163544
222.5364990
271.7372742
263.6583252
199.3005676
99.7542801
20.1148071
2.2927878
0.4214525
0.3801803
13.4493160
64.8966370
63.4865189
48.2394104
39.5238571
40.8315811
41.4843254
49.4944763
71.1949234
93.3875732
89.1153183
69.9862213
63.4036102
65.1694794
58.3968391
45.5389252
37.1791916
35.2568512
29.0225639
23.4927464
18.6535912
12.0479193
11.1887894
24.1374760
40.2137146
34.5699234
9.4114799
2.4816885
26.4847565
117.7369461
276.6632385
390.0662842
398.1410217
328.3680725
218.3670197
133.1820221
59.0353851
13.8865490
5.2908630
20.5261250
93.5098953
240.4389954
389.9895325
397.8509521
230.2501221
90.1109467
73.1545181
127.3254700
137.7758179
76.0263672
25.8101768
35.9432716
107.5646362
136.0390930
128.0215912
89.4404755
40.7706070
9.7856264
2.9104443
0.9878514
3.0222163
19.6738319
42.9776649
47.1702499
45.3013000
57.3556786
83.6428452
108.8451614
104.4682770
65.3016739
22.3804913
13.9916840
11.7458668
14.5806093
30.2656860
38.7296371
30.2600250
29.3108292
20.6748886
24.8819218
54.7704620
101.2322845
133.5950775
130.0775604
99.5624924
53.5492706
12.4958010
5.7508268
32.9073334
69.1939697
73.5160675
43.4155426
14.2096062
4.8288255
2.5414443
13.1025677
48.4014931
57.1021423
35.1785545
31.5970039
29.6554127
24.5490417
19.7384777
16.5654793
16.9364090
27.4221859
34.6247368
31.7011509
27.3771515
23.4067039
15.7407331
20.0773220
53.0684700
103.7344589
127.2093430
115.6712646
90.2095566
55.9611816
39.8855057
68.5103302
80.8610306
79.1190262
93.0790253
105.1329269
103.9640121
99.1892395
113.3414612
144.4805756
159.8478699
180.1703949
188.0887146
156.7160797
111.6841812
81.5392609
55.0099411
38.5376511
73.9345093
120.1095657
159.2240906
159.2613373
119.2749710
48.5709076
27.9624519
30.2999172
59.1522522
56.0607986
41.5520058
41.5899124
30.2385006
21.1681881
26.7164783
45.9241142
51.3235588
33.1822968
18.3614998
11.1703472
18.4383297
28.8877277
34.7834969
24.6264305
21.1569519
17.3905258
12.3229790
7.5923924
9.1365643
15.3828402
25.8251839
29.5795689
52.1177826
122.0315552
183.7173309
163.4245605
91.5491486
47.0573502
20.0790749
20.6985683
40.6097908
51.4652977
30.6680355
18.5702343
14.7575588
34.6354828
76.8729172
115.0539093
112.5742340
78.9865112
44.4499207
19.5102654
9.6170177
39.7301559
96.5370941
90.0758209
47.9689255
12.9177475
2.4200778
0.4795041
6.5140224
70.1368179
100.9910431
60.4670296
9.9583731
3.0933390
1.3392370
19.1719151
85.8280869
124.2881699
120.1214752
88.7413177
49.6265411
27.3744087
39.3046799
68.2748642
85.2239380
80.6768494
68.0240479
59.8526917
55.5655212
64.3398895
87.3252640
90.5365067
56.5246277
25.0361023
8.5047569
6.8060746
1.9714166
15.3527079
38.0550156
44.4368973
41.5348740
50.3530273
65.3556137
76.3942871
64.8630600
47.0546112
38.5188370
37.2607498
28.2879429
14.5854406
7.1083288
7.1636610
13.8838549
33.3412704
38.1639709
31.1951466
30.8802891
33.5163116
37.1795464
44.5257378
44.7030373
28.3845959
10.0917873
5.4158683
3.9875197
12.9098492
25.0217037
25.0314713
14.0925083
14.6965132
19.6297626
18.4992905
13.6770201
9.6728277
9.8782425
11.4770432
13.1545696
13.3330078
13.5935516
18.7310829
26.6574821
31.4293156
30.3359737
27.8955765
22.6698227
15.5557871
11.7716694
11.8270206
14.7880297
15.5904322
15.1742001
25.8855667
51.4732666
74.5013504
89.7660675
88.3233414
71.8850403
53.1051292
34.6266441
18.6305313
7.9650002
8.5290356
31.1560879
64.6312103
70.0555038
44.3060913
25.6388416
28.4054871
23.9806519
11.3680372
4.9084129
2.9737451
1.1450477
2.5873384
14.1760139
32.1849709
41.6040688
39.2142563
30.3442650
23.1014557
18.7038536
15.1728935
10.1180573
5.5950813
4.2765093
4.3076568
6.2949839
8.3942194
14.5316029
32.2041054
53.5730515
75.4647293
96.0796967
96.8210907
64.1624680
33.1874237
21.0399437
22.1293373
59.0146790
115.3228607
94.1540680
33.1072998
9.6276646
8.6423531
24.8283386
56.7567596
53.5089607
33.1215134
60.6044273
111.2539139
130.8153534
84.5893021
47.0189400
77.9949036
106.2145996
76.4861679
33.1716347
27.8419247
40.1488953
47.4173813
34.3536644
21.6582470
21.2575588
31.5212879
53.4445190
43.9010620
16.8611526
15.2040730
49.8434143
115.8103867
128.5162201
77.0490189
31.7337017
11.1589622
14.7901907
23.1525459
35.7485847
35.5080948
28.7201405
19.3440228
6.5808768
6.8078117
8.5104656
10.4188213
8.1966753
8.1244736
17.9098969
45.8922539
62.5091400
45.6558380
19.7186508
9.1874762
3.5464501
10.0463619
17.7077751
25.7763710
29.3572845
29.0538826
23.7822227
14.3470621
10.1796837
16.5880489
30.9133186
43.3493538
43.1699333
24.5575657
7.0212946
4.6558614
11.4871864
20.9820538
31.5429611
23.0408840
15.9157238
15.4512405
16.4645290
14.5806684
9.9994221
3.5894945
1.1653086
0.5954902
0.5565260
0.3840511
0.2252610
0.2008582
0.4008043
0.6780472
0.4609199
0.0708662
0.0016778
0.0000960
0.0000000
0.0000000
0.0000000
0.0000000
0.0000000
0.0000000
0.0000000
0.0000000
0.0000000
0.0000000
0.0000000
0.0000000
0.0000000
0.0000000
0.0000000
0.0000000
0.0000000
0.0000000
0.0000000
0.0000000
0.0000000
0.0000000
0.0000000
0.0000000
0.0000000
0.0000000
0.0000000
0.0000000
0.0000000
0.0000000
0.0000000
0.0000000
0.0000000
0.0000000
0.0000000
0.0000000
0.0000000
0.0000000
0.0000000
0.0000000
0.0000000
0.0000000
0.0000000
0.0000000
0.0000000
0.0000000
0.0000000
0.0000000
0.0000000
0.0000000
0.0000000
0.0000000
0.0000000
0.0000000
0.0000000
0.0000000
0.0000000
0.0000000
0.0000000
0.0000000
0.0000000
0.0000000
0.0000000
0.0000000
0.0000000
0.0000000
0.0000000
0.0000000
0.0000000
0.0000000
0.0000000
0.0000000
0.0000000
0.0000000
0.0000000
0.0000000
0.0000000
0.0000000
0.0000000
0.0000000
0.0000000
0.0000000
0.0000000
0.0000000
0.0000000
0.0000000
0.0000000
0.0000000
0.0000000
0.0000000
0.0000000
0.0000000
0.0000000
0.0000000
0.0000000
0.0000000
0.0000000
0.0000000
0.0000000
0.0000000
