0.0000000
0.0000000
0.0000000
0.0000000
0.0000000
0.0000000
0.0000000
0.0000000
0.0000000
0.0000000
0.0000000
0.0000000
0.0000000
0.0000000
0.0000000
0.0000000
0.0000000
0.0000000
0.0000000
0.0000000
0.0000000
0.0000000
0.0000000
0.0000000
0.0000000
0.0000000
0.0000000
0.0000000
0.0000000
0.0000000
0.0000000
0.0000000
0.0000000
0.0000000
0.0000000
0.0000000
0.0000000
0.0000000
0.0000000
0.0000000
0.0000000
0.0000000
0.0000000
0.0000000
0.0000000
0.0000000
0.0000000
0.0000000
0.0000000
0.0000000
0.0000000
0.0000000
0.0000000
0.0000000
0.0000000
0.0000000
0.0000000
0.0000000
0.0000000
0.0000000
0.0000000
0.0000000
0.0000000
0.0000000
0.0000000
0.0000000
0.0000000
0.0000000
0.0000000
0.0000000
0.0000000
0.0000000
0.0000000
0.0000000
0.0000000
0.0000000
0.0000000
0.0000000
0.0000000
0.0000000
0.0000000
0.0000000
0.0000000
0.0000000
0.0000000
0.0000000
0.0000000
0.0000000
0.0000000
0.0000000
0.0000000
0.0000000
0.0000000
0.0000000
0.0000000
0.0000000
0.0000000
0.0000000
0.0000000
0.0000000
0.0000000
0.0000000
0.0000000
0.0000000
0.0000000
0.0000000
0.0000000
0.0000000
0.0000000
0.0000000
0.0000000
0.0000000
0.0000000
0.0000000
0.0000000
0.0000000
0.0000000
0.0000000
0.0000000
0.0000000
0.0000000
0.0000000
0.0000000
0.0000000
0.0000000
0.0000000
0.0000000
0.0000000
0.0000000
0.0000000
0.0000000
0.0000000
0.0000000
0.0000000
0.0000000
0.0000000
0.0000000
0.0000000
0.0000000
0.0000000
0.0000000
0.0000000
0.0000000
0.0000000
0.0000000
0.0000000
0.0000000
0.0000000
0.0000000
0.0000000
0.0000000
0.0000000
0.0000000
0.0000000
0.0000000
0.0000000
0.0000000
0.0000000
0.0000000
0.0000000
0.0000000
0.0000000
0.0000000
0.0000000
0.0000000
0.0000000
0.0000000
0.0000000
0.0000000
0.0000000
0.0000000
0.0000000
0.0000000
0.0000000
0.0000000
0.0000000
0.0000000
0.0000000
0.0000000
0.0000000
0.0000000
0.0000000
0.0000000
0.0000000
0.0000000
0.0000000
0.0000000
0.0000000
0.0000000
0.0000000
0.0000000
0.0000000
0.0000000
0.0000000
0.0000000
0.0000000
0.0000000
0.0000000
0.0000000
0.0000000
0.0000000
0.0000000
0.0000000
0.0000000
0.0000000
0.0000000
0.0000000
0.0000000
0.0000000
0.0000000
0.0000000
0.0000000
0.0000000
0.0000000
0.0000000
0.0000000
0.0000000
0.0000000
0.0000000
0.0000000
0.0000000
0.0000000
0.0000000
0.0000000
0.0000000
0.0000000
0.0000000
0.0000000
0.0000000
0.0000000
0.0000000
0.0000000
0.0000000
0.0000000
0.0000000
0.0000000
0.0000000
0.1139777
0.6877794
1.5366876
1.9349271
1.5896150
1.0232854
0.8470320
0.9312500
0.9780791
0.9559845
1.0502952
1.1951869
1.2363496
3.3443623
8.2992630
13.7221260
19.9570484
25.4239044
26.1373920
29.4525471
40.6621437
45.4164085
31.7187290
13.5124302
4.1902075
1.8083365
17.9347363
75.2324066
136.7791138
154.0089569
126.6328888
75.6589890
54.6042938
67.1540222
73.5869980
63.0126534
35.8950691
18.3895569
13.0544195
12.9811878
5.5200243
1.9854975
1.8577014
1.3605933
1.0421773
1.0077716
0.9134575
0.7234312
0.4030460
0.4262620
0.5288367
0.5946591
0.4702408
0.4439005
0.5910054
0.8986647
1.1807046
1.3982899
1.6892209
1.9331143
2.1227412
2.1991954
2.2349944
1.9257667
1.3313562
0.9965702
1.0319666
1.2775160
1.6795664
2.3145146
2.3885281
1.4619806
1.0520018
1.1965082
1.1495520
0.7352427
0.3628365
0.3432510
0.4574809
0.4609894
0.3544600
1.8317487
29.0347061
121.2934723
233.2417297
251.6727295
169.3333435
103.6629868
97.4219818
80.6591263
45.3017540
29.4723492
22.3708229
25.3337631
50.1957283
92.5031128
81.4560547
46.9388008
27.0072536
9.6694260
0.8368672
0.1072072
1.7822872
17.8461208
38.6436920
45.1111641
36.7264824
27.5049591
24.7643623
24.1266289
18.7772083
9.9611645
2.8292952
0.7741661
0.6234571
16.1620636
68.5237274
112.5795441
103.8105240
54.8709755
25.3850155
11.7665482
18.6378365
37.2166519
58.6259613
82.0972900
84.2711792
51.0975494
12.7680435
1.3985183
0.1233156
0.2493896
4.4902148
32.9870491
75.3112030
123.6543427
140.1584930
101.7310410
46.7951660
18.7785759
11.5938168
8.0566740
4.4500542
7.7007322
16.1381359
23.8824215
26.4546585
22.9454346
15.9148445
8.9734678
3.5959489
0.7090818
1.4460685
26.5707569
65.2712555
83.3155212
74.2573395
48.2509384
35.9858093
39.9702606
39.7177238
28.1990681
19.8563652
26.5949516
33.5662193
31.1468754
16.7951374
6.3258209
2.4702477
0.7152579
1.7756417
15.0085659
36.6327667
40.2992783
47.4589844
76.1796799
94.0019379
93.9084930
84.3687820
67.0323563
47.6379890
40.2049522
47.9622307
36.7347527
13.1634932
29.8690205
46.3685837
43.3420868
51.0762482
62.0990791
61.7921638
65.4504776
82.1612396
85.1389694
66.7932281
41.7998390
29.5546875
24.5932560
19.8447151
18.6773643
14.8607273
14.8608017
12.0407658
9.6123476
5.4609289
3.2800083
3.6229579
3.4898815
3.1763234
2.4982901
1.8493670
1.6673353
1.5197887
1.1341993
0.9435540
0.8140697
0.6552603
0.6552439
0.8521482
0.8777735
0.8238362
0.6296899
0.4959500
0.5122837
0.6087689
0.7422124
0.6904578
0.6219249
0.5988392
0.5073316
0.5156706
0.7172342
0.7094842
0.5275149
0.4382822
0.5062159
0.5508615
0.6773756
0.6682743
0.5747401
0.4628251
1.0275712
2.8441882
4.6192555
5.1731114
6.1455994
7.9129486
10.0940390
16.2656708
36.2955933
61.8628731
67.8423004
49.1257782
29.1968517
21.0898476
22.6770840
28.5674362
32.1150703
32.8585739
30.7055817
21.6249771
12.2431622
10.6449738
19.9712067
23.9783955
17.9688854
11.9573526
10.8922548
15.8494120
32.2705879
42.3685684
37.4527626
27.0297432
21.3328838
17.4718533
9.1435547
4.4326220
4.6642895
5.8965492
5.1184988
5.2257562
6.2999353
7.3777800
6.8638573
3.2381458
0.5909909
0.1008748
2.7941051
15.4504309
27.9113274
33.9389267
40.1011047
39.9672546
30.4356232
20.8382092
13.2497129
8.2506142
4.5011640
1.1558644
1.4016988
4.4049649
6.1220088
4.1078691
1.3855935
0.4567703
0.4325077
0.4130179
0.3535014
0.3147729
0.3840809
0.5007082
0.5256376
0.4715213
2.2271595
12.5871162
25.7989120
27.7957649
22.1599751
26.6878338
41.1725197
54.6917496
60.1684761
54.4665527
39.3011780
25.4572392
21.0674648
16.5628033
15.3343515
13.4887314
10.2133999
5.9796467
1.9181408
0.4524034
0.2653388
0.3557610
0.3908011
0.4528586
0.3797967
0.3307095
0.4635499
0.7220090
0.6643073
0.5375041
0.5768979
8.4209433
38.4280319
76.7953949
84.2113190
49.1507225
10.6333666
7.6872697
12.2543945
23.1711712
22.8418064
10.8182793
3.7466600
2.3582554
2.1389461
2.5528204
4.2293911
5.9584513
8.1764469
10.1031551
11.0677614
11.2405796
9.8793421
8.7260303
8.4054022
15.7516537
30.9321175
36.6849518
25.1257534
7.1564760
2.0410666
3.4711394
7.4182482
8.5781927
4.5216045
1.2054563
1.7326515
6.4349117
15.0686340
20.5822678
17.7455254
13.3611298
13.3424358
11.6008568
4.8548613
3.1549916
7.4960222
8.6980038
6.7518253
4.5896120
3.1505148
1.7587343
1.2460451
1.6666639
2.4782629
2.4475365
1.7629613
1.3936028
1.4802247
2.9973469
10.4913864
31.3562107
53.7800941
54.8868065
34.1082306
17.2692928
13.7735138
10.5465975
8.2285585
6.3154497
4.7105536
2.6524606
3.8969955
5.5931883
4.1361670
2.7939909
2.2744789
1.2118582
6.9999132
17.7160053
18.0532761
11.5692387
7.8976831
6.6507850
5.3882766
4.1682429
2.5460858
1.6849126
0.8973307
0.4137831
0.5539206
0.9508488
1.2831813
2.1009905
3.5715630
4.5070739
4.3960543
5.1151552
4.9569244
3.9359791
3.5740492
3.9224820
4.5542693
4.4806566
3.9291060
3.2483325
3.3926616
3.3846803
2.6399145
2.1345558
2.2246282
2.4921346
2.5667644
3.1987596
4.9160032
4.9209566
2.2423272
0.6510502
0.2279665
0.2626674
0.5058881
0.5951501
0.4298641
0.1456085
0.0402065
0.0052891
0.0000321
0.0000000
0.0000000
0.0000000
0.0000000
0.0000000
0.0000000
0.0000000
0.0000000
0.0000000
0.0000000
0.0000000
0.0000000
0.0000000
0.0000000
0.0000000
0.0000000
0.0000000
0.0000000
0.0000000
0.0000000
0.0000000
0.0000000
0.0000000
0.0000000
0.0000000
0.0000000
0.0000000
0.0000000
0.0000000
0.0000000
0.0000000
0.0000000
0.0000000
0.0000000
0.0000000
0.0000000
0.0000000
0.0000000
0.0000000
0.0000000
0.0000000
0.0000000
0.0000000
0.0000000
0.0000000
0.0000000
0.0000000
0.0000000
0.0000000
0.0000000
0.0000000
0.0000000
0.0000000
0.0000000
0.0000000
0.0000000
0.0000000
0.0000000
0.0000000
0.0000000
0.0000000
0.0000000
0.0000000
0.0000000
0.0000000
0.0000000
0.0000000
0.0000000
0.0000000
0.0000000
0.0000000
0.0000000
0.0000000
0.0000000
0.0000000
0.0000000
0.0000000
0.0000000
0.0000000
0.0000000
0.0000000
0.0000000
0.0000000
0.0000000
0.0000000
0.0000000
0.0000000
0.0000000
0.0000000
0.0000000
0.0000000
0.0000000
0.0000000
0.0000000
0.0000000
0.0000000
0.0000000
0.0000000
0.0000000
0.0000000
0.0000000
0.0000000
0.0000000
0.0000000
0.0000000
0.0000000
0.0000000
0.0000000
0.0000000
0.0000000
0.0000000
0.0000000
0.0000000
0.0000000
0.0000000
0.0000000
0.0000000
0.0000000
0.0000000
0.0000000
0.0000000
0.0000000
0.0000000
0.0000000
0.0000000
0.0000000
0.0000000
0.0000000
0.0000000
0.0000000
0.0000000
0.0000000
0.0000000
0.0000000
0.0000000
0.0000000
0.0000000
0.0000000
0.0000000
0.0000000
0.0000000
0.0000000
0.0000000
0.0000000
0.0000000
0.0000000
0.0000000
0.0000000
0.0000000
0.0000000
0.0000000
0.0000000
0.0000000
0.0000000
0.0000000
0.0000000
0.0000000
0.0000000
0.0000000
0.0000000
0.0000000
0.0000000
0.0000000
0.0000000
0.0000000
0.0000000
0.0000000
0.0000000
0.0000000
0.0000000
0.0000000
0.0000000
0.0000000
0.0000000
0.0000000
0.0000000
0.0000000
0.0000000
0.0000000
0.0000000
0.0000000
0.0000000
0.0000000
0.0000000
0.0000000
0.0000000
0.0000000
0.0000000
0.0000000
0.0000000
0.0000000
0.0000000
0.0000000
0.0000000
0.0000000
0.0000000
0.0000000
0.0000000
0.0000000
0.0000000
0.0000000
0.0000000
0.0000000
0.0000000
0.0000000
0.0000000
0.0000000
0.0000000
0.0000000
0.0000000
0.0000000
0.0000000
0.0000000
0.0000000
0.0000000
0.0000000
0.0000000
0.0000000
0.0000000
0.0000000
0.0000000
0.0000000
0.0000000
0.0000000
0.0000000
0.0000000
0.0000000
0.0000000
0.0000000
0.0000000
0.0000000
0.0004110
0.1956278
0.8986890
1.8818669
2.4761322
2.4142437
2.1574824
2.5960667
3.4118390
3.8533773
3.2385910
2.3979869
2.0512969
2.5336800
3.3471384
3.4636030
2.5214117
1.4609284
1.1025589
1.0217208
0.7704960
1.2792008
9.7241116
27.1276112
44.0996857
55.1642113
53.0270996
40.7711182
22.9010525
18.7019291
18.6570797
19.4040375
20.7566414
14.8665209
9.5163803
7.5358133
6.6003280
4.8363619
3.9564939
8.4762020
60.6932220
153.5043640
189.7062225
136.5006409
81.4903412
67.5458221
71.5874252
47.5632858
16.9180450
6.5640550
24.8835373
73.7926941
86.8678665
50.4249115
16.6608372
7.1943417
0.7396393
0.4238606
2.6467755
6.1400490
7.3130383
7.8596067
8.7058907
10.3727188
10.8014154
9.5132923
7.3501010
9.1340408
20.8267593
37.1077919
40.2918129
26.7521286
15.4933939
8.1657734
5.4132862
6.5481944
8.6519346
7.6466727
5.6290722
7.6027498
22.6294785
40.9273376
53.1877518
59.3493347
61.4866791
55.4753914
46.1784744
39.7918587
34.7316399
25.3292198
13.0761652
6.8359189
2.1745493
0.8314564
0.8536609
0.9868158
0.8018736
0.7208719
0.6780172
0.6742905
0.6864692
0.5651572
0.5200776
0.4598619
0.3858496
0.5585708
1.2554698
1.8767374
1.5322037
0.5099860
0.3821484
0.3408242
0.3513616
0.4671858
4.1158414
12.5071697
23.4880943
43.8680496
67.5752563
69.4661102
46.5535431
25.4755001
13.1505070
9.5911112
12.0865202
13.5061827
8.9345646
7.8141017
8.4964085
8.5320435
6.8972459
6.0164471
6.8108411
6.6613941
7.4286079
6.1333208
8.3771200
26.5222530
48.8504448
49.0542755
30.7204628
20.7931786
17.2211227
12.7960644
5.3491278
8.9864616
12.9135799
11.2727928
8.6924677
11.1021376
7.7054176
6.9423881
8.2748470
8.3100281
8.5893888
8.2191153
8.6879902
8.4330950
7.0474157
6.7419357
6.7598076
15.1071062
63.4899139
135.6434631
155.3741150
93.4098816
19.0478382
2.8769722
1.1922252
0.9692203
1.4241247
2.2845411
2.7555499
5.7048755
9.9578247
11.0461502
10.3151760
7.6987133
5.0432572
4.6073604
4.7557964
5.7928009
8.5107613
11.9855394
13.6884766
12.3506126
11.5326185
11.3019867
12.5773830
16.4583950
22.4877625
21.0172729
20.5809555
33.4075470
45.5708580
39.5393562
20.5944386
9.8571119
4.6606536
0.8525776
0.1187469
0.2181540
0.3986938
0.6552615
0.9288557
1.0668478
0.9767816
0.6960994
0.5599879
0.5602428
0.6725254
0.7509292
0.5373405
0.4362224
0.4327459
0.4249024
0.3932345
0.2981370
0.2871132
0.4192859
0.4902044
0.5444250
0.6874764
4.8613758
24.2554359
60.0781784
91.4792633
93.7875214
78.9319916
79.0266800
82.6589050
85.3646927
75.5663223
60.6897583
42.4052849
23.4548779
6.0885782
0.6510068
0.5616221
1.4007530
1.7270701
0.6264005
0.3602611
0.3828706
0.4242094
0.6558672
0.7857584
0.8584853
0.7467536
0.7697042
1.7392496
3.5578227
7.2990227
14.6269512
21.5990906
23.4238091
22.7373085
24.1920357
26.2586861
23.7307339
18.2132111
11.8149948
7.2668200
3.9511187
2.0883942
0.8070670
6.2723813
20.1861973
32.8972282
41.2125816
43.6434517
50.3669891
61.6969910
64.1416473
70.0633774
76.8665161
46.8133926
16.8034916
15.1090002
12.1493778
11.1076527
11.6408062
8.9938660
31.7828064
57.9051819
58.0401421
42.0664558
39.7773895
43.1178246
40.3483238
36.1487198
40.6865959
35.4856567
20.2889633
8.5208101
4.5296617
1.7680893
0.3947832
0.5185372
0.5064262
0.4145195
0.4928271
0.6009502
0.4769494
0.4174268
0.5035726
0.5091341
0.9444125
1.1483991
0.8189898
0.3573360
0.3310668
0.3434635
4.0953946
16.0061207
35.8602791
51.1863594
49.1985245
33.9821358
29.3742390
36.9410629
37.9822464
34.3131981
58.1879539
67.2919922
45.7534790
10.9973354
6.8449764
29.0158119
68.0272293
99.2068863
71.2267303
31.1637325
15.0889845
13.1122160
10.8277102
17.7305317
20.9035225
17.7929230
15.6810827
12.5186424
10.0721092
9.5953274
11.8759270
14.4814415
12.6253519
9.4679861
5.0959702
2.4394960
4.6612902
23.0407677
47.6413155
53.7998009
39.6462631
29.5321541
37.2449455
57.1244965
60.7298088
43.2939758
24.8507805
18.8142452
18.6169167
12.3885899
10.5336523
9.5221691
12.8076296
23.4309483
38.4433632
40.4213791
32.0600357
21.0382900
11.0609560
6.2494845
11.4586077
19.3872490
24.1873589
26.3323345
17.5941410
6.3108096
1.7721063
1.0433894
0.3223113
0.6014694
2.9395573
7.3491821
10.1223392
10.6441622
12.3215399
16.0917377
20.4694271
27.8853264
35.3950272
37.3226852
31.3322411
20.4221821
10.8721170
5.3006825
1.8914461
1.5255613
8.0727129
24.5443649
42.6511765
43.5606003
31.1237316
15.5768013
17.4985714
27.3917923
34.0511818
35.1761169
33.5163765
23.3796024
9.5800781
10.4535694
42.9974136
87.9355850
94.6865997
78.7017517
71.1657486
70.9660721
53.5092964
44.2213211
36.5880356
28.5064831
15.5963497
11.6308575
21.4994583
52.5293961
70.8540955
71.8112030
57.3396149
37.9820938
20.3561859
15.0980663
10.4280071
6.0268779
6.1243901
7.6725922
7.7382870
4.3170624
1.8466130
2.8171327
3.2756186
3.1178153
5.0509052
15.8287716
32.3802757
37.3583412
33.0257721
29.5526180
35.1742325
53.2263489
73.2102203
58.1682663
33.2816811
17.9306679
12.6859379
11.6657925
12.1572170
17.2945309
19.3982010
21.7846966
16.8241692
10.8559179
4.7762938
4.3938112
4.0061221
8.6364679
25.4864388
50.5904961
66.7858505
60.5325699
58.7671089
56.7039680
53.8293114
51.6998978
39.4389343
40.7797813
37.2734375
29.8743515
22.3488235
15.7376299
13.0549307
11.1708059
7.7586131
7.4063525
18.8092289
24.9677696
15.2965698
6.1815834
11.2091599
16.7520905
18.2903156
15.8977461
9.6755362
2.1446548
0.2239457
0.0486317
0.1165319
2.9738901
12.0466347
21.4852638
24.1564903
15.7185230
4.1039834
0.7801911
2.7375331
13.3737688
22.2196198
18.9247952
14.4462557
13.3755703
12.2047262
8.8660688
3.6436734
0.8109149
1.4069619
12.4166775
36.9035492
42.4577103
23.3239079
8.1260672
6.1811433
6.9064045
5.1058407
3.2916923
2.6308885
2.1818209
2.0845776
1.7263530
1.2208390
0.6787062
0.3982486
0.4787742
0.4286983
0.1873775
0.0140359
0.0016184
0.0000000
0.0000000
0.0000000
0.0000000
0.0000000
0.0000000
0.0000000
0.0000000
0.0000000
0.0000000
0.0000000
0.0000000
0.0000000
0.0000000
0.0000000
0.0000000
0.0000000
0.0000000
0.0000000
0.0000000
0.0000000
0.0000000
0.0000000
0.0000000
0.0000000
0.0000000
0.0000000
0.0000000
0.0000000
0.0000000
0.0000000
0.0000000
0.0000000
0.0000000
0.0000000
0.0000000
0.0000000
0.0000000
0.0000000
0.0000000
0.0000000
0.0000000
0.0000000
0.0000000
0.0000000
0.0000000
0.0000000
0.0000000
0.0000000
0.0000000
0.0000000
0.0000000
0.0000000
0.0000000
0.0000000
0.0000000
0.0000000
0.0000000
0.0000000
0.0000000
0.0000000
0.0000000
0.0000000
0.0000000
0.0000000
0.0000000
0.0000000
0.0000000
0.0000000
0.0000000
0.0000000
0.0000000
0.0000000
0.0000000
0.0000000
0.0000000
0.0000000
0.0000000
0.0000000
0.0000000
0.0000000
0.0000000
0.0000000
0.0000000
0.0000000
0.0000000
0.0000000
0.0000000
0.0000000
0.0000000
0.0000000
0.0000000
0.0000000
0.0000000
0.0000000
0.0000000
0.0000000
0.0000000
0.0000000
0.0000000
0.0000000
0.0000000
0.0000000
0.0000000
0.0000000
0.0000000
0.0000000
0.0000000
0.0000000
0.0000000
0.0000000
0.0000000
0.0000000
0.0000000
0.0000000
0.0000000
0.0000000
0.0000000
0.0000000
0.0000000
0.0000000
0.0000000
0.0000000
0.0000000
0.0000000
0.0000000
0.0000000
0.0000000
0.0000000
0.0000000
0.0000000
0.0000000
0.0000000
0.0000000
0.0000000
0.0000000
0.0000000
0.0000000
0.0000000
0.0000000
0.0000000
0.0000000
0.0000000
0.0000000
0.0000000
0.0000000
0.0000000
0.0000000
0.0000000
0.0000000
0.0000000
0.0000000
0.0000000
0.0000000
0.0000000
0.0000000
0.0000000
0.0000000
0.0000000
0.0000000
0.0000000
0.0000000
0.0000000
0.0000000
0.0000000
0.0000000
0.0000000
0.0000000
0.0000000
0.0000000
0.0000000
0.0000000
0.0000000
0.0000000
0.0000000
0.0000000
0.0000000
0.0000000
0.0000000
0.0000000
0.0000000
0.0000000
0.0000000
0.0000000
0.0000000
0.0000000
0.0000000
0.0000000
0.0000000
0.0000000
0.0000000
0.0000000
0.0000000
0.0000000
0.0000000
0.0000000
0.0000000
0.0000000
0.0000000
0.0000000
0.0000000
0.0000000
0.0000000
0.0000000
0.0000000
0.0000000
0.0000000
0.0000000
0.0000000
0.0000000
0.0000000
0.0000000
0.0000000
0.0000000
0.0000000
0.0000000
0.0000000
0.0000000
0.0000000
0.0000000
0.0000000
0.0000000
0.0000000
0.0000000
0.0000000
0.0000000
0.0000000
0.0000000
0.0000000
0.0000000
0.0000000
0.0000000
0.0000000
0.0000000
0.0000000
0.0000000
0.0000000
0.0000000
0.0000000
0.0000000
0.0000000
0.0000000
0.0000000
0.0000000
0.0000000
0.0000000
0.0000000
0.0000000
0.0000000
0.0000000
0.0000000
0.0000000
0.0000000
0.0000000
0.0000000
0.0000000
0.0000000
0.0000000
0.0000000
0.0000000
0.0000000
0.0000000
0.0000000
0.0000000
0.0000000
0.0000000
0.0000000
0.0000000
0.0000000
0.0000000
0.0000000
0.0000000
0.0000000
0.0000000
0.0000000
0.0000000
0.0000000
0.0000000
0.0000000
0.0000000
0.0000000
0.0000000
0.0000000
0.0000000
0.0000000
0.0000000
0.0000000
0.0000000
0.0000000
0.0000000
0.0000000
0.0000000
0.0000000
0.0000000
0.0000000
0.0000000
0.0000000
0.0000000
0.0000000
0.0000000
0.0000000
0.0000000
0.0000000
0.0000000
0.0000000
0.0000000
0.0000000
0.0000000
0.0000000
0.0000000
0.0000000
0.0000000
0.0000000
0.0000000
0.0000000
0.0000000
0.0000000
0.0000000
0.0000000
0.0000000
0.0000000
0.0000000
0.0000000
0.0000000
0.0000000
0.0000000
0.0000000
0.0000000
0.0000000
0.0000000
0.0000000
0.0000000
0.0000000
0.0000000
0.0000000
0.0000000
0.0000000
0.0000000
0.0000000
0.0000000
0.0000000
0.0000000
0.0000000
0.0000000
0.0000000
0.0000000
0.0000000
0.0000000
0.0000000
0.0000000
0.0000000
0.0000000
0.0000000
0.0000000
0.0000000
0.0000000
0.0000000
0.0000000
0.0000000
0.0000000
0.0000000
0.0000000
0.0000000
0.0000000
0.0000000
0.0000000
0.0000000
0.0000000
0.0000000
0.0000000
0.0000000
0.0000000
0.0000000
0.0000000
0.0000000
0.0000000
0.0000000
0.0000000
0.0000000
0.0000000
0.0000000
0.0000000
0.0000000
0.0000000
0.0000000
0.0000000
0.0000000
0.0000000
0.0000000
0.0000000
0.0000000
0.0000000
0.0000000
0.0000000
0.0000000
0.0000000
0.0000000
0.0000000
0.0000000
0.0000000
0.0000000
0.0000000
0.0362028
0.5491497
1.7138880
2.7966039
3.1118937
2.8777277
2.7856450
3.0141258
2.9181592
2.7083561
2.4753990
2.3300543
2.8133900
2.4243207
1.2877227
0.6639478
0.5718890
0.6996276
3.8959570
38.4047966
85.8734665
96.6871872
68.6380615
55.3012962
58.5904541
54.9111900
48.9528770
33.6776009
17.6470623
32.9223671
50.0252304
41.6607666
17.0488472
11.0034046
32.8875809
51.4269943
62.8486328
52.7644424
48.9691162
59.7467575
77.6572418
79.2608109
63.7616386
52.2543755
43.4113274
41.8765411
54.1517601
71.5880585
73.2252045
52.5658112
34.9324112
23.5532837
12.8235493
4.0960598
0.7943198
5.3805981
20.2356434
30.0641174
21.7259388
7.8509388
3.5612755
0.9998858
0.2034141
6.6312170
28.9009113
44.1399002
48.9025879
48.2874908
47.2896805
38.8361855
30.5686741
28.0560951
30.5674095
34.8093262
31.8361282
23.5016079
36.0245628
58.2458611
70.9477997
61.1949158
45.5229263
24.6894417
33.7299118
58.5995178
48.6373444
23.1311111
10.1395149
5.1195755
1.5425327
3.1405504
10.6224594
23.4884605
19.7510605
3.2999578
0.1411449
1.4016948
5.7676311
6.7711902
2.5927358
0.4864856
0.4566034
0.5231824
0.6407374
0.6063517
0.5533754
2.0577869
16.3997631
51.7616959
83.0235138
80.7781219
56.9297409
45.9916992
39.4771004
27.3726826
8.3255901
31.0443192
42.7428322
39.8757210
42.3298874
49.3425674
57.5263214
63.1616936
61.2252617
49.6266174
34.4532318
22.1052189
15.4965267
11.9526320
7.6575861
3.5312819
2.4076743
1.7077696
1.6633017
1.9500213
2.6085372
3.4844496
4.1959643
4.1329088
3.2212994
2.6846893
3.3830202
3.5227270
3.1932960
2.7627740
2.1474319
1.9135507
4.5273633
9.7267551
11.3065357
24.2647877
65.6209641
93.7051468
66.5973587
14.6981602
2.8452158
0.2909026
0.3012414
8.6083660
25.9462929
40.2113647
42.3564644
32.5145416
23.2267551
18.3324909
18.8169670
15.9706640
14.2823296
11.9711123
8.8501434
4.0295162
1.2336261
2.9750795
8.2066650
6.9042625
0.2707187
0.1726138
0.1638973
0.3550283
11.0662003
33.4607468
45.0951347
33.0681458
14.8619032
11.0243969
11.9980593
12.8061066
9.6927567
7.3336844
8.2227983
9.6799946
12.1588202
15.3636341
17.0934658
17.5065708
17.7628727
20.9108200
28.3016834
42.4240723
50.6932297
50.0649223
50.9568977
51.7568283
69.9592056
85.2317886
76.7779160
72.0478363
62.6237030
57.1648865
58.5681038
52.2924957
41.7919617
34.1817398
27.4097958
19.1215076
9.8501549
4.8897033
2.4572043
1.6400242
1.1245594
1.4259027
1.4974664
1.1829840
0.7931750
0.5527002
0.3529542
0.3606341
0.3064464
0.2719371
0.3695651
0.3354693
0.3955984
0.4271863
0.3783196
0.4619246
0.6621497
0.6371683
0.4212300
0.3405958
0.4715125
0.4824764
0.4544401
0.3836403
0.3244976
0.3867119
0.4930414
0.3322803
0.2427002
0.4049549
8.1443615
35.8223343
76.3159256
96.3026810
72.5871353
29.3404179
17.7902889
18.6203022
27.6568050
44.3935356
34.7884903
15.1813984
17.1535473
14.0148497
4.2158375
0.5837330
0.3605967
0.9040259
0.8357639
2.8084311
7.3967190
11.9953194
18.2270374
21.0014286
16.7891273
15.8388615
20.8858318
28.2938004
35.7198753
40.5586433
45.0207176
58.6797676
58.4441414
38.4131355
23.3392258
11.1825485
11.8156929
13.3612680
15.3423653
12.4969254
4.9376092
0.7376257
5.9298887
33.8882217
63.4830055
55.8479691
18.5237827
5.4018250
3.5349829
3.7714984
3.9553628
3.5341191
2.7271533
1.8514245
1.0669336
0.7745538
0.5698924
0.4033452
0.4940336
0.5572904
0.5868436
0.6957485
1.0130179
1.6082907
2.0106940
2.0780432
1.8672189
1.4929338
1.5776997
2.1040962
2.8658302
3.2447345
2.7395701
1.8318760
1.1727116
0.9654735
0.7235181
0.5756924
0.4284323
0.4963192
0.5594920
0.5788179
0.5582073
0.5859429
0.5566557
0.4441631
0.4864807
0.5271031
0.5777198
0.5600339
0.5368352
0.7648913
4.5457654
12.3732777
19.4098644
35.8131905
66.0014572
81.4496155
59.7945213
24.2539787
13.4399662
9.6488667
28.7778187
59.6799049
46.0086594
22.4332333
10.0942163
4.1466689
1.7311286
9.9021864
42.0298119
79.4490967
86.5453720
66.3599777
39.9869919
24.6759605
19.1022758
8.6032467
1.4334155
2.7125285
17.6617241
28.3172188
23.0836182
19.0575218
20.5064526
19.1775360
15.9282598
12.0658245
12.2747040
16.8247414
28.1578445
44.7049866
59.3833618
70.1264954
73.3797913
59.6887207
38.4695015
19.7557983
10.0573311
7.5388708
10.4542952
15.2325096
17.5668335
15.3270264
12.6448727
13.4972639
12.2653904
11.8613663
11.5864334
10.7938747
9.8830938
9.4548368
7.8327360
5.9126849
3.1246638
1.0661733
0.6103834
1.5121951
21.8736172
59.9272614
71.4244156
39.1778564
4.2579246
0.5585895
1.2566679
8.6260843
22.5769672
48.9269600
67.5936661
75.0180740
71.5579071
54.9090004
30.6413403
16.7848949
17.5281811
4.4020739
1.1816617
2.0679963
5.7047319
6.4547601
0.9455504
6.7828145
26.2837830
38.1965103
25.2331314
10.4047213
8.2262812
9.8457470
10.3439045
22.0774326
51.7329369
75.1410599
72.7066345
55.8009644
39.1388474
18.8600941
9.6472130
10.6588659
11.2361641
13.1119509
15.0470572
20.1593552
25.1455250
19.9626846
8.7411537
1.9927824
0.1163698
0.2799580
0.8626327
4.2112117
18.9267673
29.9088192
26.0843697
15.4704943
10.8173885
17.0274487
28.7082729
30.7327347
29.3463020
26.8163166
18.4382381
7.4817805
2.2452595
0.7843266
0.7937819
1.2629812
1.2390691
1.8192419
3.1670992
3.6359010
3.0743177
2.4840460
2.9371047
3.8884392
3.8180120
7.7611918
27.1887379
49.7358475
51.3745079
31.7592258
14.9064693
8.2137918
4.7342525
3.5594859
8.1334133
22.0978298
25.0582962
20.5036030
14.8532448
10.1609354
8.1120548
6.3080130
4.5803494
4.6694074
4.4565153
3.8872571
4.0724716
4.5791893
5.3865342
8.1510572
21.4394779
38.7403946
41.6286049
27.2029667
12.1272955
5.1278977
2.1069126
2.0425828
3.0923007
4.0512490
7.6800013
18.2425346
28.0174637
33.3211861
33.4530563
26.4897957
13.0427914
3.3265531
1.6639816
1.0961539
0.6376874
0.4714053
0.4078923
0.4869416
0.4780113
0.8241750
1.0241828
0.8282967
0.4170421
0.2950499
0.3028312
0.5178784
0.7560330
0.7377825
0.5931283
0.5216690
0.5016629
0.5145222
0.4342141
0.4114978
0.4152269
0.5094844
0.6038926
0.5850706
0.5137018
0.4482179
0.3853867
0.3874950
0.5742956
0.5087239
0.4500827
0.4418227
0.6268461
0.5336558
0.3815646
0.5047577
0.6739614
0.7220042
0.7013403
0.8213914
0.7738199
0.6685698
0.6986712
1.4136611
2.5633557
3.7012267
3.9305274
3.4603038
2.9489388
2.7096584
2.4419732
2.5044074
2.3650727
2.0558953
1.9328144
2.0650489
1.9160690
2.0631371
1.9718833
1.6293187
1.3041919
1.2334071
1.0590662
0.7464225
0.9251273
1.3687961
1.4013538
0.8034378
0.3625892
0.5825967
0.9819506
1.1306765
3.4428401
12.4223928
22.0841999
41.1412392
86.3407745
128.1380005
114.4456253
49.7487221
18.1916847
13.5928602
29.4532280
51.4961319
42.7560577
33.3775749
47.0259476
62.2070770
37.7589645
8.5370970
2.5204551
1.6308086
9.4181442
34.9627609
64.1403885
57.1676674
46.8980331
48.3056946
50.0247498
33.2026367
29.7699928
34.2009010
30.9161663
25.4760818
16.6855335
5.2473164
1.1856352
1.5464149
8.4532776
14.8444824
15.0426445
15.3649826
16.8249264
17.6445351
18.4875832
18.5787411
21.1242161
41.7365265
76.0855179
87.6878586
65.1358643
42.5873070
31.5034370
29.2527866
61.8585548
68.7836609
59.0404396
47.9927216
37.9312782
34.4369011
30.1938515
25.0897522
18.6690788
10.1252441
5.3043795
8.6832066
13.0493460
14.3181744
11.9237642
8.2193747
6.1384339
6.4518914
7.8101716
9.4565048
9.0286846
5.7159877
2.2104270
0.6491684
0.4238008
0.3768452
0.5387946
0.5964651
3.7991974
19.3332462
38.7723465
43.7162132
35.5805206
20.7370243
12.7482872
3.0870597
0.4360268
0.2185775
0.1364244
0.4407361
3.4988136
16.3206215
35.1637840
42.0107727
31.4534340
19.7468357
13.2556782
11.9356995
18.1543503
18.7779884
11.0993900
7.3911872
9.1106300
12.5124092
25.1861115
43.8948822
49.5706329
41.7626228
35.5471191
25.5963764
9.5511055
2.5039439
2.1531944
4.1451182
14.0975876
16.2890301
17.0236511
17.0773296
17.8216629
17.9885731
18.9774570
24.0574608
29.2862759
26.3164520
21.8086872
17.2694817
12.6401320
4.5008345
13.0764961
20.0376320
16.1130543
11.2705250
11.2377510
22.9983826
19.5651283
13.1763296
6.4298906
7.8869600
19.1957474
19.8117256
15.1693077
9.8090382
5.0815573
3.3057699
6.1059589
7.7603245
10.4637365
11.7886438
9.9618521
8.1503658
6.1121879
4.0830364
3.2560365
2.6703563
2.7741942
2.1105843
1.3049374
0.4211134
0.4667153
0.5754890
0.6542022
0.7461005
0.6468765
0.2282684
0.0277478
0.0039133
0.0000052
0.0000000
0.0000000
0.0000000
0.0000000
0.0000000
0.0000000
0.0000000
0.0000000
0.0000000
0.0000000
0.0000000
0.0000000
0.0000000
0.0000000
0.0000000
0.0000000
0.0000000
0.0000000
0.0000000
0.0000000
0.0000000
0.0000000
0.0000000
0.0000000
0.0000000
0.0000000
0.0000000
0.0000000
0.0000000
0.0000000
0.0000000
0.0000000
0.0000000
0.0000000
0.0000000
0.0000000
0.0000000
0.0000000
0.0000000
0.0000000
0.0000000
0.0000000
0.0000000
0.0000000
0.0000000
0.0000000
0.0000000
0.0000000
0.0000000
0.0000000
0.0000000
0.0000000
0.0000000
0.0000000
0.0000000
0.0000000
0.0000000
0.0000000
0.0000000
0.0000000
0.0000000
0.0000000
0.0000000
0.0000000
0.0000000
0.0000000
0.0000000
0.0000000
0.0000000
0.0000000
0.0000000
0.0000000
0.0000000
0.0000000
0.0000000
0.0000000
0.0000000
0.0000000
0.0000000
0.0000000
0.0000000
0.0000000
0.0000000
0.0000000
0.0000000
0.0000000
0.0000000
0.0000000
0.0000000
0.0000000
0.0000000
0.0000000
0.0000000
0.0000000
0.0000000
0.0000000
0.0000000
0.0000000
0.0000000
0.0000000
0.0000000
0.0000000
0.0000000
0.0000000
0.0000000
0.0000000
0.0000000
0.0000000
0.0000000
0.0000000
0.0000000
0.0000000
0.0000000
0.0000000
0.0000000
0.0000000
0.0000000
0.0000000
0.0000000
0.0000000
0.0000000
0.0000000
0.0000000
0.0000000
0.0000000
0.0000000
0.0000000
0.0000000
0.0000000
0.0000000
0.0000000
0.0000000
0.0000000
0.0000000
0.0000000
0.0000000
0.0000000
0.0000000
0.0000000
0.0000000
0.0000000
0.0000000
0.0000000
0.0000000
0.0000000
0.0000000
0.0000000
0.0000000
0.0000000
0.0000000
0.0000000
0.0000000
0.0000000
0.0000000
0.0000000
0.0000000
0.0000000
0.0000000
0.0000000
0.0000000
0.0000000
0.0000000
0.0000000
0.0000000
0.0000000
0.0000000
0.0000000
0.0000000
0.0000000
0.0000000
0.0000000
0.0000000
0.0000000
0.0000000
0.0000000
0.0000000
0.0000000
0.0000000
0.0000000
0.0000000
0.0000000
0.0000000
0.0000000
0.0000000
0.0000000
0.0000000
0.0000000
0.0000000
0.0000000
0.0000000
0.0000000
0.0000000
0.0000000
0.0000000
0.0000000
0.0000000
0.0000000
0.0000000
0.0000000
0.0000000
0.0000000
0.0000000
0.0000000
0.0000000
0.0000000
0.0000000
0.0000000
0.0000000
0.0000000
0.0000000
0.0000000
0.0000000
0.0000000
0.0000000
0.0000000
0.0000000
0.0000000
0.0000000
0.0000000
0.0000000
0.0000000
0.0000000
0.0000000
0.0000000
0.0000000
0.0000000
0.0000000
0.0000000
0.0000000
0.0000000
0.0000000
0.0000000
0.0000000
0.0000000
0.0000000
0.0000000
0.0000000
0.0000000
0.0000000
0.0000000
0.0000000
0.0000000
0.0000000
0.0000000
0.0000000
0.0000000
0.0000000
0.0000000
0.0000000
0.0000000
0.0000000
0.0000000
0.0000000
0.0000000
0.0000000
0.0000000
0.0000000
0.0000000
0.0000000
0.0000000
0.0000000
0.0000000
0.0000000
0.0000000
0.0000000
0.0000000
0.0000000
0.0000000
0.0000000
0.0000000
0.0000000
0.0000000
0.0000000
0.0000000
0.0000000
0.0000000
0.0000000
0.0000000
0.0000000
0.0000000
0.0000000
0.0000000
0.0000000
0.0000000
0.0000000
0.0000000
0.0000000
0.0000000
0.0000000
0.0000000
0.0000000
0.0000000
0.0000000
0.0000000
0.0000000
0.0000000
0.0000000
0.0000000
0.0000000
0.0000000
0.0000000
0.0000000
0.0000000
0.0000000
0.0000000
0.0000000
0.0000000
0.0000000
0.0000000
0.0000000
0.0000000
0.0000000
0.0000000
0.0000000
0.0000000
0.0000000
0.0000000
0.0000000
0.0000000
0.0000000
0.0000000
0.0000000
0.0000000
0.0000000
0.0000000
0.0000000
0.0000000
0.0000000
0.0000000
0.0000000
0.0000000
0.0000000
0.0000000
0.0000000
0.0000000
0.0000000
0.0000000
0.0000000
0.0000000
0.0000000
0.0000000
0.0000000
0.0000000
0.0000000
0.0000000
0.0000000
0.0000000
0.0000000
0.0000000
0.0000000
0.0000000
0.0000000
0.0000000
0.0000000
0.0000000
0.0000000
0.0000000
0.0000000
0.0000000
0.0000000
0.0000000
0.0000000
0.0000000
0.0000000
0.0000000
0.0000000
0.0000000
0.0000000
0.0000000
0.0000000
0.0000000
0.0000000
0.0000000
0.0000000
0.0000000
0.0000000
0.0000000
0.0000000
0.0000000
0.0000000
0.0000000
0.0000000
0.0000000
0.0000000
0.0000000
0.0000000
0.0000000
0.0000000
0.0000000
0.0000000
0.0000000
0.0000000
0.0000000
0.0000000
0.0000000
0.0000000
0.0000000
0.0000000
0.0000000
0.0000000
0.0000000
0.0000000
0.0000000
0.0000000
0.0000000
0.0000000
0.0000000
0.0000000
0.0000000
0.0000000
0.0000000
0.0000000
0.0000000
0.0000000
0.0000000
0.0000000
0.0000000
0.0000000
0.0000000
0.0000000
0.0000000
0.0000000
0.0000000
0.0000000
0.0000000
0.0000000
0.0000000
0.0000000
0.0000000
0.0000000
0.0000000
0.0000000
0.0000000
0.0000000
0.0000000
0.0000000
0.0000000
0.0000000
0.0000000
0.0000000
0.0000000
0.0000000
0.0000000
0.0000000
0.0000000
0.0000000
0.0000000
0.0000000
0.0000000
0.0216243
0.5169628
1.7719816
3.1881437
4.1460147
4.4184079
3.8601291
2.7914171
1.5621271
0.6420029
0.3899240
0.3907444
0.6691536
7.4606919
21.3271599
31.7782936
34.7123489
32.6426620
25.8106480
16.7698097
12.6237459
17.2219448
31.2993851
37.1422043
36.6042595
32.5368996
21.1979980
17.4516640
21.6807175
20.5270023
12.9914551
15.0009756
24.6472912
22.6360092
5.1791415
0.4132411
0.2423468
0.3625722
0.7963614
12.0237112
33.0128899
50.4826164
51.2327271
40.5362701
36.1270447
35.7382202
32.6616516
28.1024227
22.1342354
17.5196934
24.7313862
60.2626877
88.6150970
71.5901031
31.9357300
8.4145536
6.8190269
7.8877535
5.3644514
4.7496586
5.7231507
18.6412621
46.4486008
60.1825333
43.2048912
21.5193863
6.9591761
6.8349419
2.8419278
0.6574271
0.4305351
2.6017213
11.4582939
17.8807087
16.0835724
18.8517761
31.9445839
41.9033585
46.4262199
44.2577515
35.1270752
25.0718803
32.2876320
57.1993980
59.5698357
42.5651321
22.0369377
12.5448399
8.0505533
3.8264709
4.8982940
9.7425785
12.8333988
7.7332969
9.3592815
24.9478683
41.1504402
45.7663956
45.8476906
43.7933426
37.3980293
28.5089092
19.8879929
13.0560951
16.1283817
20.5986919
23.3289585
26.0084915
33.0478020
35.1086807
30.0760231
33.0625534
41.3508644
34.0200386
34.3656464
42.5487671
46.0142708
39.6122246
32.3032875
40.3631134
66.2202606
66.7779541
44.8614769
18.4810715
4.1074648
4.5161257
7.0770516
11.2173691
14.0389366
12.7449570
10.4889355
10.9249420
10.9643459
9.0144844
4.3135862
1.3282335
4.0861573
18.8204269
32.7386246
33.7675705
29.5957737
30.3374596
35.9830704
42.3454552
41.4373436
31.2234058
20.8917427
14.9553337
17.0717964
17.1273594
11.5435820
11.5258827
7.2591033
19.8013077
33.5552254
47.7333946
51.4119949
35.0734978
12.5254669
2.5692503
0.9232350
1.5338683
4.6678457
11.5849600
31.4845066
59.6512032
69.0652313
52.6284981
48.7106590
51.1836586
39.5040550
19.8560696
11.3905954
10.5979214
12.8067799
24.1701183
42.2033539
45.1737366
36.0268860
27.8930531
26.9357452
37.6645889
35.5458031
26.2421646
16.5937462
9.8783054
4.8774562
1.7099720
2.4512401
4.3777671
5.3341846
5.5214591
4.2518406
2.4688199
2.2010310
2.1064003
2.0318449
2.1260164
1.8452481
1.4541551
0.7543691
0.4419460
0.3960781
0.5367918
0.5248311
0.4925954
0.7944783
0.9952368
1.1168971
1.0919111
1.6973276
12.8943844
36.6195831
49.6623726
34.7136154
7.6164160
8.8390589
21.6784630
36.1122169
51.5412903
43.4625740
28.4810200
13.8268156
17.2477207
27.5162354
36.9095688
40.5259361
20.2664337
8.2018099
3.8467708
0.7277795
0.1987011
1.2486322
9.8491993
22.1670761
25.4277954
15.3324747
2.8386803
0.4959408
2.2175543
16.3858604
31.2296467
30.6744080
32.2119217
29.9076633
21.2620754
13.5489225
12.0019159
18.8541622
22.7873077
19.3301086
15.6598759
12.9678507
12.3013554
14.7886467
17.8354931
12.6142378
7.0163059
7.7996449
14.6160145
19.8052197
22.9309349
25.6908684
24.9127102
21.2022038
15.7420530
8.8289261
2.9877725
1.1000437
0.4289457
0.2546596
1.3750057
7.8531656
12.4310045
11.5306606
6.5669203
3.7247643
2.6651442
2.3015192
1.9308611
0.9042524
0.3859619
0.2164901
0.1620719
0.1615112
0.1019504
0.0135604
0.0014261
0.0000181
0.0000000
0.0000000
0.0000000
0.0000000
0.0000000
0.0000000
0.0000000
0.0000000
0.0000000
0.0000000
0.0000000
0.0000000
0.0000000
0.0000000
0.0000000
0.0000000
0.0000000
0.0000000
0.0000000
0.0000000
0.0000000
0.0000000
0.0000000
0.0000000
0.0000000
0.0000000
0.0000000
0.0000000
0.0000000
0.0000000
0.0000000
0.0000000
0.0000000
0.0000000
0.0000000
0.0000000
0.0000000
0.0000000
0.0000000
0.0000000
0.0000000
0.0000000
0.0000000
0.0000000
0.0000000
0.0000000
0.0000000
0.0000000
0.0000000
0.0000000
0.0000000
0.0000000
0.0000000
0.0000000
0.0000000
0.0000000
0.0000000
0.0000000
0.0000000
0.0000000
0.0000000
0.0000000
0.0000000
0.0000000
0.0000000
0.0000000
0.0000000
0.0000000
0.0000000
0.0000000
0.0000000
0.0000000
0.0000000
0.0000000
0.0000000
0.0000000
0.0000000
0.0000000
0.0000000
0.0000000
0.0000000
0.0000000
0.0000000
0.0000000
0.0000000
0.0000000
0.0000000
0.0000000
0.0000000
0.0000000
0.0000000
0.0000000
0.0000000
0.0000000
0.0000000
0.0000000
0.0000000
0.0000000
0.0000000
0.0000000
0.0000000
0.0000000
0.0000000
0.0000000
0.0000000
0.0000000
0.0000000
0.0000000
0.0000000
0.0000000
0.0000000
0.0000000
0.0000000
0.0000000
0.0000000
0.0000000
0.0000000
0.0000000
0.0000000
0.0000000
0.0000000
0.0000000
0.0000000
0.0000000
0.0000000
0.0000000
0.0000000
0.0000000
0.0000000
0.0000000
0.0000000
0.0000000
0.0000000
0.0000000
0.0000000
0.0000000
0.0000000
0.0000000
0.0000000
0.0000000
0.0000000
0.0000000
0.0000000
0.0000000
0.0000000
0.0000000
0.0000000
0.0000000
0.0000000
0.0000000
0.0000000
0.0000000
0.0000000
0.0000000
0.0000000
0.0000000
0.0000000
0.0000000
0.0000000
0.0000000
0.0000000
0.0000000
0.0000000
0.0000000
0.0000000
0.0000000
0.0000000
0.0000000
0.0000000
0.0000000
0.0000000
0.0000000
0.0000000
0.0000000
0.0000000
0.0000000
0.0000000
0.0000000
0.0000000
0.0000000
0.0000000
0.0000000
0.0000000
0.0000000
0.0000000
0.0000000
0.0000000
0.0000000
0.0000000
0.0000000
0.0000000
0.0000000
0.0000000
0.0000000
0.0000000
0.0000000
0.0000000
0.0000000
0.0000000
0.0000000
0.0000000
0.0000000
0.0000000
0.0000000
0.0000000
0.0000000
0.0000000
0.0000000
0.0000000
0.0000000
0.0000000
0.0000000
0.0000000
0.0000000
0.0000000
0.0000000
0.0000000
0.0000000
0.0000000
0.0000000
0.0000000
0.0000000
0.0000000
0.0000000
0.0000000
0.0000000
0.0000000
0.0000000
0.0000000
0.0000000
0.0000000
0.0000000
0.0000000
0.0000000
0.0000000
0.0000000
0.0000000
0.0000000
0.0000000
0.0000000
0.0000000
0.0000000
0.0000000
0.0000000
0.0000000
0.0000000
0.0000000
0.0000000
0.0000000
0.0000000
0.0000000
0.0000000
0.0000000
0.0000000
0.0000000
0.0000000
0.0000000
0.0000000
0.0000000
0.0000000
0.0000000
0.0000000
0.0000000
0.0000000
0.0000000
0.0000000
0.0000000
0.0000000
0.0000000
0.0000000
0.0000000
0.0000000
0.0000000
0.0000000
0.0000000
0.0000000
0.0000000
0.0000000
0.0000000
0.0000000
0.0000000
0.0000000
0.0000000
0.0000000
0.0000000
0.0000000
0.0000000
0.0000000
0.0000000
0.0000000
0.0000000
0.0000000
0.0000000
0.0000000
0.0000000
0.0000000
0.0000000
0.0000000
0.0000000
0.0000000
0.0000000
0.0000000
0.0000000
0.0000000
0.0000000
0.0000000
0.0000000
0.0000000
0.0000000
0.0000000
0.0000000
0.0000000
0.0000000
0.0000000
0.0000000
0.0000000
0.0000000
0.0000000
0.0000000
0.0000000
0.0000000
0.0000000
0.0000000
0.0000000
0.0000000
0.0000000
0.0000000
0.0000000
0.0000000
0.0000000
0.0000000
0.0000000
0.0000000
0.0000000
0.0000000
0.0000000
0.0000000
0.0000000
0.0000000
0.0000000
0.0000000
0.0000000
0.0000000
0.0000000
0.0000000
0.0000000
0.0000000
0.0000000
0.0000000
0.0000000
0.0000000
0.0000000
0.0000000
0.0000000
0.0000000
0.0000000
0.0000000
0.0000000
0.0000000
0.0000000
0.0000000
0.0000000
0.0000000
0.0000000
0.0000000
0.0000000
0.0000000
0.0000000
0.0000000
0.0000000
0.0000000
0.0000000
0.0000000
0.0000000
0.0000000
0.0000000
0.0000000
0.0000000
0.0000000
0.0000000
0.0000000
0.0000000
0.0000000
0.0000000
0.0000000
0.0000000
0.0000000
0.0000000
0.0000000
0.0000000
0.0000000
0.0000000
0.0000000
0.0000000
0.0000000
0.0000000
0.0000000
0.0000000
0.0000000
0.0000000
0.0000000
0.0000000
0.0000000
0.0000000
0.0000000
0.0000000
0.0000000
0.0000000
0.0000000
0.0000000
0.0000000
0.0000000
0.0000000
0.0000000
0.0000000
0.0000000
0.0000000
0.0000000
0.0000000
0.0000000
0.0000000
0.0000000
0.0000000
0.0000000
0.0000000
0.0000000
0.0000000
0.0000000
0.0000000
0.0000000
0.0000000
0.0000000
0.0000000
0.0000000
0.0000000
0.0000000
0.0000000
0.0000000
0.0000000
0.0000000
0.0000000
0.0000000
0.0000000
0.0000000
0.0000000
0.0000000
0.0000000
0.0000000
0.0000000
0.0000000
0.0000000
0.0000000
0.0000000
0.0000000
0.0000000
0.0000000
0.0000000
0.0000000
0.0000000
0.0000000
0.0000000
0.0589065
0.4217193
0.9410885
1.1522949
0.9595813
0.6718841
0.6401547
15.1675453
74.3281555
147.5136414
158.6429138
94.8386078
48.8735542
29.8304443
15.4901333
6.4123335
11.3840370
39.8473053
70.3482590
69.5551910
50.7273636
34.1486855
19.0198727
13.9697962
22.8880367
15.1294966
8.8936100
23.4046326
52.2608566
50.5861282
42.2606049
36.8588943
23.2501755
9.2438593
12.9552937
17.8315372
17.5572720
32.8811760
45.0622635
39.8106956
25.5823994
9.3845892
2.7715306
1.1691474
11.4841099
28.9769135
52.4012527
66.8963547
57.2163353
33.5177574
16.9040298
18.9171753
44.7041168
56.5475311
57.0341454
53.4383545
49.5593987
42.7772980
32.3374367
19.6988735
9.6067314
4.9704700
2.5959058
1.8749032
2.8861961
3.3990014
3.9361792
4.8010073
4.9459124
4.3393707
3.9810560
3.6464610
2.8120899
1.8748248
1.3819532
1.2595465
1.1610029
0.7504486
0.5043967
0.3600218
0.3297549
0.3629825
0.3575271
0.4465894
0.5314940
0.6085897
0.6214242
0.6387979
0.4619061
0.5220452
0.4541067
0.4746850
0.4763398
0.4960815
0.6539609
0.6676201
0.7189934
0.9080842
1.0561383
0.9356027
0.8792031
0.7035715
0.7644143
0.9492556
1.1319351
1.1328259
1.0955557
1.2078696
1.2673430
1.2998173
1.5788677
1.9878062
2.4505441
2.1781998
1.3941381
0.8931625
0.6798861
0.5961901
0.5985500
0.6982875
0.6885580
0.8399235
0.9691957
7.9829721
49.0421600
111.8504257
135.0045319
90.3790512
39.5689316
30.5939178
24.4331684
15.5869322
6.5521035
1.6838762
0.4782719
0.6042665
7.1889372
25.0782471
40.3678818
40.2019882
37.7959213
37.1151085
38.3357277
40.4124146
36.6374016
26.5379505
20.8148956
20.2147427
33.2358971
57.1338768
54.7694740
43.9089851
30.8964405
22.1826878
23.6980381
30.5770874
31.2028160
31.5144024
33.1825714
38.6394539
41.6033859
36.4840660
20.0525970
12.0182667
9.4023647
10.5620298
9.3027830
6.2416658
4.4314713
3.6063414
2.3656249
1.1126579
0.6212300
0.4998936
0.4613246
0.5378107
0.5684459
0.4002311
0.3460508
0.3428069
0.3116904
0.3324936
0.4663394
0.5041959
0.4782715
0.6418393
0.8058320
0.8695807
0.9508311
1.1322761
1.1753790
0.9572286
0.9207219
0.9991826
0.7828355
0.6898469
0.6860595
0.9099702
1.0754622
1.0103593
1.0599282
1.1673496
0.9386408
0.9718600
0.9993020
0.8792151
0.6626338
0.7304000
0.8260153
0.7410995
0.7061542
0.7473861
0.8004793
0.9800335
0.9322444
0.8943574
0.9531911
0.8697191
0.8590951
0.6840314
0.5858266
0.5028108
0.5887407
0.6123230
0.5336970
0.5332444
0.4687597
0.5112484
0.5446768
0.4559671
0.3750328
0.4155226
0.4494936
0.5550151
0.5331395
0.5438672
0.4827743
0.3762479
0.4828833
0.6016096
0.5285085
0.5270975
0.5058622
0.6488176
1.1446007
3.5129042
11.5341244
25.3884239
44.4365883
58.4548187
56.1587372
46.3440323
36.5333786
28.3777161
19.8244247
14.8272705
22.8573818
29.5818386
17.4899845
10.2491875
12.3406019
13.4846983
18.2876110
33.6673470
49.6022110
52.3600922
45.5487328
37.9474525
39.4286308
46.1650772
45.8088760
39.9143753
36.9360733
35.4907761
30.2278709
19.4362984
7.9312987
6.5188456
9.0992813
9.3359385
8.4463196
7.8184719
8.0789757
8.1455059
7.0482783
5.7599459
4.8292608
4.8823786
5.3613148
4.9912167
4.6260281
5.1990376
5.1506677
3.0531592
1.3462888
0.6424924
0.4332354
0.7814180
1.0857445
1.2145848
1.3518298
1.5094485
1.5441846
2.0335531
3.5290830
12.8321991
29.9704533
39.3579559
33.3701477
22.9979057
16.6488132
12.4394417
6.5881300
4.9112782
23.3839722
46.8835983
43.7092552
27.4172955
19.8696098
13.7663956
17.3996334
13.1181459
11.4133902
10.5673018
9.8786678
12.0047789
13.6732292
11.2510977
9.6370106
9.1199560
8.6661825
7.9467831
7.4615293
17.7622700
47.2686348
74.9627380
80.2622147
68.4593124
53.8005219
34.9297905
20.8248615
14.4366875
15.6314774
22.6993237
26.6375771
19.2344303
5.5691876
1.6172130
0.4547533
5.9622893
21.3498917
30.2639618
28.5420856
20.3584251
11.7442465
6.9513354
5.4885683
5.1127887
4.0632348
2.5622551
2.3008263
3.6526067
4.3344011
2.4332180
0.8300312
0.6278930
0.5448763
0.4629549
0.3911264
0.3656082
0.2810277
0.2536446
0.2440501
0.1404042
0.0311276
0.0026125
0.0000000
0.0000000
0.0000000
0.0000000
0.0000000
0.0000000
0.0000000
0.0000000
0.0000000
0.0000000
0.0000000
0.0000000
0.0000000
0.0000000
0.0000000
0.0000000
0.0000000
0.0000000
0.0000000
0.0000000
0.0000000
0.0000000
0.0000000
0.0000000
0.0000000
0.0000000
0.0000000
0.0000000
0.0000000
0.0000000
0.0000000
0.0000000
0.0000000
0.0000000
0.0000000
0.0000000
0.0000000
0.0000000
0.0000000
0.0000000
0.0000000
0.0000000
0.0000000
0.0000000
0.0000000
0.0000000
0.0000000
0.0000000
0.0000000
0.0000000
0.0000000
0.0000000
0.0000000
0.0000000
0.0000000
0.0000000
0.0000000
0.0000000
0.0000000
0.0000000
0.0000000
0.0000000
0.0000000
0.0000000
0.0000000
0.0000000
0.0000000
0.0000000
0.0000000
0.0000000
0.0000000
0.0000000
0.0000000
0.0000000
0.0000000
0.0000000
0.0000000
0.0000000
0.0000000
0.0000000
0.0000000
0.0000000
0.0000000
0.0000000
0.0000000
0.0000000
0.0000000
0.0000000
0.0000000
0.0000000
0.0000000
0.0000000
0.0000000
0.0000000
0.0000000
0.0000000
0.0000000
0.0000000
0.0000000
0.0000000
0.0000000
0.0000000
0.0000000
0.0000000
0.0000000
0.0000000
0.0000000
0.0000000
0.0000000
0.0000000
0.0000000
0.0000000
0.0000000
0.0000000
0.0000000
0.0000000
0.0000000
0.0000000
0.0000000
0.0000000
0.0000000
0.0000000
0.0000000
0.0000000
0.0000000
0.0000000
0.0000000
0.0000000
0.0000000
0.0000000
0.0000000
0.0000000
0.0000000
0.0000000
0.0000000
0.0000000
0.0000000
0.0000000
0.0000000
0.0000000
0.0000000
0.0000000
0.0000000
0.0000000
0.0000000
0.0000000
0.0000000
0.0000000
0.0000000
0.0000000
0.0000000
0.0000000
0.0000000
0.0000000
0.0000000
0.0000000
0.0000000
0.0000000
0.0000000
0.0000000
0.0000000
0.0000000
0.0000000
0.0000000
0.0000000
0.0000000
0.0000000
0.0000000
0.0000000
0.0000000
0.0000000
0.0000000
0.0000000
0.0000000
0.0000000
0.0000000
0.0000000
0.0000000
0.0000000
0.0000000
0.0000000
0.0000000
0.0000000
0.0000000
0.0000000
0.0000000
0.0000000
0.0000000
0.0000000
0.0000000
0.0000000
0.0000000
0.0000000
0.0000000
0.0000000
0.0000000
0.0000000
0.0000000
0.0000000
0.0000000
0.0000000
0.0000000
0.0000000
0.0000000
0.0000000
0.0000000
0.0000000
0.0000000
0.0000000
0.0000000
0.0000000
0.0000000
0.0000000
0.0000000
0.0000000
0.0000000
0.0000000
0.0000000
0.0000000
0.0000000
0.0000000
0.0000000
0.0000000
0.0000000
0.0000000
0.0000000
0.0000000
0.0000000
0.0000000
0.0000000
0.0000000
0.0000000
0.0000000
0.0000000
0.0000000
0.0000000
0.0000000
0.0000000
0.0000000
0.0000000
0.0000000
0.0000000
0.0000000
0.0000000
0.0000000
0.0000000
0.0000000
0.0000000
0.0000000
0.0000000
0.0000000
0.0000000
0.0000000
0.0000000
0.0000000
0.0000000
0.0000000
0.0000000
0.0000000
0.0000000
0.0000000
0.0000000
0.0000000
0.0000000
0.0000000
0.0000000
0.0000000
0.0000000
0.0000000
0.0000000
0.0000000
0.0000000
0.0000000
0.0000000
0.0000000
0.0000000
0.0000000
0.0000000
0.0000000
0.0000000
0.0000000
0.0000000
0.0000000
0.0000000
0.0000000
0.0000000
0.0000000
0.0000000
0.0000000
0.0000000
0.0000000
0.0000000
0.0000000
0.0000000
0.0000000
0.0000000
0.0000000
0.0000000
0.0000000
0.0000000
0.0000000
0.0000000
0.0000000
0.0000000
0.0000000
0.0000000
0.0000000
0.0000000
0.0000000
0.0000000
0.0000000
0.0000000
0.0000000
0.0000000
0.0000000
0.0000000
0.0000000
0.0000000
0.0000000
0.0000000
0.0000000
0.0000000
0.0000000
0.0000000
0.0000000
0.0000000
0.0000000
0.0000000
0.0000000
0.0000000
0.0000000
0.0000000
0.0000000
0.0000000
0.0000000
0.0000000
0.0000000
0.0000000
0.0000000
0.0000000
0.0000000
0.0000000
0.0000000
0.0000000
0.0000000
0.0000000
0.0000000
0.0000000
0.0000000
0.0000000
0.0000000
0.0000000
0.0000000
0.0000000
0.0000000
0.0000000
0.0000000
0.0000000
0.0000000
0.0000000
0.0000000
0.0000000
0.0000000
0.0000000
0.0000000
0.0000000
0.0000000
0.0000000
0.0000000
0.0000000
0.0000000
0.0000000
0.0000000
0.0000000
0.0000000
0.0000000
0.0000000
0.0000000
0.0000000
0.0000000
0.0000000
0.0000000
0.0000000
0.0000000
0.0000000
0.0000000
0.0000000
0.0000000
0.0000000
0.0000000
0.0000000
0.0000000
0.0000000
0.0051738
0.3009283
1.0238141
1.5997210
1.5479261
1.1027238
5.6504202
32.9587822
76.9683685
93.9878235
62.8354378
24.6587410
18.5621853
18.7614784
36.5232735
86.2344818
119.6563797
102.2441101
72.3682327
50.9643631
45.9865379
65.1925430
96.2622910
81.6891174
62.3590355
58.0388336
58.9455185
48.0356674
27.1459351
14.5176592
9.8152819
12.4113188
10.9219131
12.7432108
15.2952652
18.8379459
22.4466934
42.7878952
65.3135681
59.5501022
39.4305725
74.2598419
138.5337677
157.1135254
130.1473083
114.2861633
89.1631317
54.6548424
21.4153633
7.4046750
6.6914129
4.8580675
3.8332529
3.5991275
2.8442416
7.0145893
19.9011917
30.9736881
23.5726471
15.8150120
26.5914860
37.7927628
31.6761932
12.8418207
2.8671613
1.5754919
1.9950755
3.9409552
14.0826883
42.6180611
87.0619354
124.7517471
133.6351318
118.0749969
98.5218048
92.9015503
102.8071442
102.8443222
69.9917297
21.1960449
4.4001184
4.0833192
46.3044052
135.1547089
165.6319885
132.9424744
91.8703461
67.6659851
39.5899582
24.8087368
33.6275749
44.3987274
64.4729996
74.7786865
56.7201996
21.0588017
22.5401974
88.2813873
177.8476868
211.2934113
170.0247192
124.9328537
98.9903793
56.1409225
13.9938793
6.5751133
42.1369400
110.3216553
142.1887207
104.2645416
121.2877197
165.1768951
156.5861969
93.9827881
50.9197845
25.2066650
19.2035980
24.7101936
56.5794182
88.5519257
106.4616013
105.0343399
73.7206802
36.8329391
31.6921539
29.8277912
26.2692204
24.9030437
27.4130478
22.6581059
18.0702248
17.3995876
30.4150467
72.0993118
114.0504532
116.9483871
82.2563705
47.3840599
38.0925560
23.9223900
10.8833513
27.3998890
76.3858185
89.6605911
62.0565948
30.0226841
21.4967957
19.4438515
11.3344259
15.1097279
39.6407661
67.6812134
70.1796722
46.0339813
18.0081844
4.2626758
0.7900711
0.3714947
0.6508038
0.9942036
27.9925766
67.8525085
78.6001358
54.1246223
34.6077194
41.6554680
37.0472946
18.7072029
9.8063793
29.8530426
49.4116058
47.0931396
31.3313255
41.7563477
70.2874832
79.1428986
59.8153000
36.8244743
32.0374947
34.0639725
51.3199730
75.5123138
68.4542999
46.3265610
35.7214546
35.2204437
32.2064095
26.3731060
19.5746269
23.4426212
45.8618889
58.3761826
62.1325569
56.3960915
52.7653160
34.3610611
8.1032734
1.1430013
0.4947635
10.5833921
54.1458893
96.2955551
90.6391525
54.3343239
29.9874840
21.0842113
14.1712837
8.4574461
2.4557319
1.5277965
8.1002502
22.6146927
27.2402077
11.9825821
1.0232052
0.2963637
9.4970341
49.9268188
72.9210739
56.6033516
30.4409466
22.3928108
24.6777096
30.3954906
50.3041306
110.6695404
212.4521332
319.0465698
377.5885925
344.1164856
248.8395386
153.2195892
97.4546585
68.6863861
66.7677155
44.9669495
49.3898926
114.3010712
138.7442474
71.8972778
15.5037231
3.5895503
0.2309062
0.1812732
0.9811366
19.7286186
42.9948006
38.4199371
14.4834309
7.1678915
9.5564146
10.0717669
8.1319170
6.8013258
7.4717455
6.1802745
5.6649499
21.2591248
82.1107941
142.8577881
132.5657959
59.4852104
23.6609383
41.7681465
67.1992340
70.7724686
57.5307083
48.5868111
46.5663528
48.5955048
55.1586075
51.1663017
37.2269058
30.4884109
44.0740509
64.6980896
60.0847015
33.0426292
24.7031212
31.7864285
42.4583473
42.2727585
34.3745117
25.3787136
14.6419792
3.7841125
10.6972685
11.8985786
8.7542582
13.4862080
16.5525303
15.3008823
12.4904251
11.3508415
12.9678555
15.9733858
17.0096951
15.3842859
10.4348946
6.7920728
5.9175091
23.2896194
84.5525665
164.0315552
206.1416931
190.4254761
150.8178864
105.5889969
72.8628082
63.7468262
32.7782021
8.5326271
32.5932045
50.5995865
55.4329872
71.1841049
82.0101700
77.7325058
70.5319901
54.9811249
42.8851738
31.3370476
28.5290298
25.3595161
19.7029018
97.4736023
204.1602478
215.4471893
151.8034363
71.0104828
29.6571636
13.3135433
7.9495149
8.7830582
10.9094944
29.1103973
36.5541496
25.3502178
9.0033627
7.0881634
8.6786327
23.8679295
54.8792076
57.5245895
33.7452736
18.9597702
8.1885376
2.1823506
0.8093650
0.4544884
0.2488002
0.1421789
1.1881067
3.7970910
4.1374431
1.6246592
0.5280050
0.4116504
1.5160658
8.9610729
19.5696831
22.7033348
15.4868832
7.2761402
12.2088022
36.2002335
81.3431549
130.4681091
172.3993225
196.6742859
198.2236786
171.8042603
129.2449799
85.0740128
71.6225128
69.7154312
62.9375877
64.8506241
64.6406555
67.9042282
53.1219215
27.8569107
12.3754807
2.4082716
0.2093886
0.1902409
0.5202886
0.6987288
2.2019134
7.3404264
15.3052502
22.0924816
26.5428963
29.6478462
31.3654671
30.5381718
26.6424370
20.9934902
17.2635593
12.4628172
6.8672261
3.7891672
1.2727115
0.9564116
8.5476036
22.3318462
33.9439125
48.5378876
77.1581345
118.5124893
158.6443024
166.7378235
151.3219299
109.5872803
90.9876938
126.6629181
134.3639526
129.9849396
131.9049072
103.1980438
124.2907028
241.3639069
181.4154205
119.8594513
69.4010010
50.0138474
32.8457603
30.9192181
25.8239231
22.2014580
7.6693726
2.7012568
2.3412685
1.2658682
0.9100167
3.4298756
11.1432543
18.0515594
19.3656540
17.4467239
14.0406237
11.0839777
9.9163704
9.8403845
9.2682819
10.4362497
9.8595266
5.9378843
1.7105926
16.3069916
100.7370834
200.5408630
210.0731354
134.6430054
65.9840317
24.3048782
15.0721827
9.8394365
3.1566200
2.2794592
3.4914193
17.0118713
74.6806793
134.2221527
125.5686417
59.8134689
21.3908329
20.6987095
18.7806244
9.6913185
8.2754230
5.7184005
5.1062517
10.1550474
67.5359421
161.2627106
181.0179749
114.7517014
56.4276352
38.8497696
35.5919685
31.8955193
34.8172073
48.4715309
45.2796097
31.6540031
11.4123964
1.4679025
1.7526391
8.4613972
20.6328011
27.9241524
24.8449135
17.8872585
12.5239468
9.2217083
6.1892085
3.0435519
0.9688706
0.4699683
1.0626957
5.0366888
10.5130186
9.8086882
7.0655417
5.8700027
6.0294542
5.8839741
6.2830334
6.9198713
6.5154996
4.3013105
2.2642286
0.7374063
1.2925663
11.7837057
42.0098877
71.7907944
75.6571198
51.1756668
16.7929840
4.8617001
8.3795538
31.4380150
76.8834915
93.1370392
64.0047226
36.6300583
13.3687906
29.3075314
34.2284889
23.6521111
17.9473839
14.6243725
19.8958759
64.6985016
120.0113144
140.1483765
121.4623871
100.5646820
76.3558426
55.3115082
31.0870514
26.8114967
31.8074932
25.3174858
18.5666409
9.4255142
6.5196037
5.5725565
2.4493074
7.0991449
57.8122482
128.3126068
139.6226196
85.2787247
45.3897476
26.6577568
26.8964653
25.1888103
12.2512560
5.8257561
17.8569908
28.1697674
30.5529518
23.4488640
17.5615349
13.2659206
11.5827217
12.8405514
13.8397694
16.2156010
43.2368774
99.8935318
132.8042450
104.2796326
59.0995293
34.9098663
21.7650070
41.0253944
44.6949310
38.3246117
30.1617126
13.6652107
7.0273986
9.8197060
20.9205360
32.1323318
33.6824074
33.2998199
40.1984863
48.0651894
56.4577675
66.9565277
65.1016617
55.2500496
38.1564217
26.4366455
25.0667973
37.5152168
46.1889153
39.3421364
22.3375072
12.1633863
26.9449291
23.4866581
12.4137392
5.8423810
17.3665123
24.6392918
28.3971691
23.6386490
14.4030504
12.2883997
19.8323269
32.1935463
35.6003189
32.3778610
23.9602051
25.3283043
54.4801865
71.6883240
57.8799286
32.8927231
21.6319561
25.9354076
33.7468300
33.8362160
30.7237873
31.6823826
29.1652832
24.0194588
26.1137447
28.6085625
25.5637627
21.7016430
23.8590965
31.1573181
35.5544662
29.5483017
16.0776768
14.0200195
19.7208652
28.6691322
29.6088161
20.3563938
8.8057327
3.6970282
8.9460783
33.2453842
48.0249863
31.8332329
36.3759575
44.0594864
30.4072208
12.3762655
9.1783781
14.9567204
40.5199356
64.5382919
57.8867264
39.2283287
30.4479465
22.8780994
17.9029846
25.3238907
29.5864258
23.1234035
17.2259445
17.2473869
14.0387535
14.9733105
13.1375027
5.8984680
1.5221628
7.6639833
28.5462399
61.6516953
77.8138428
70.7088165
61.2015190
49.8780022
36.5653763
23.9814606
11.3589802
17.5576630
40.6683197
33.4224548
24.1489239
25.4569187
33.3177605
27.7663689
14.3865194
10.8770027
13.1808414
16.2178211
18.2346458
16.3893585
14.0472040
11.2016926
9.4208622
7.0212927
5.3694181
5.2213392
5.2862101
5.7672729
6.3241410
6.7517304
5.7989631
2.8692961
1.4191678
0.9933860
1.4760073
2.3214095
2.6645670
3.8894491
6.2822433
7.1428280
13.3504372
25.2740974
29.1585121
20.6232777
12.1367836
8.5742073
5.4498496
4.1046324
4.3044314
4.8961163
9.4079247
14.5917025
17.3861084
22.8230457
34.6490097
42.9291420
40.5195007
31.7660122
18.4408436
3.8583436
4.5292950
5.6832542
6.1709781
5.2831221
6.5322847
13.0553474
14.8724756
10.8570480
5.8665133
3.2393301
2.3249302
5.0466566
6.7133369
5.4950123
4.0627537
5.2768698
8.6416826
7.1559372
3.3607666
2.1460032
1.9826466
1.8470433
1.4834145
0.9857141
0.8036486
0.7855207
0.7490579
0.6743751
0.7281049
0.6834564
0.5847599
0.4838895
0.6220211
1.2045250
1.5256612
1.8425739
2.7374845
4.3122325
5.0651455
4.4505854
3.5040424
3.1732676
2.9403186
2.3759284
1.8254868
1.4670879
1.2654418
0.9058674
0.6419009
0.5408304
0.7449174
1.3247986
1.5616534
1.1648567
0.5912530
0.2784279
0.0893169
0.0062783
0.0000000
0.0000000
0.0000000
0.0000000
0.0000000
0.0000000
0.0000000
0.0000000
0.0000000
0.0000000
0.0000000
0.0000000
0.0000000
0.0000000
0.0000000
0.0000000
0.0000000
0.0000000
0.0000000
0.0000000
0.0000000
0.0000000
0.0000000
0.0000000
0.0000000
0.0000000
0.0000000
0.0000000
0.0000000
0.0000000
0.0000000
0.0000000
0.0000000
0.0000000
0.0000000
0.0000000
0.0000000
0.0000000
0.0000000
0.0000000
0.0000000
0.0000000
0.0000000
0.0000000
0.0000000
0.0000000
0.0000000
0.0000000
0.0000000
0.0000000
0.0000000
0.0000000
0.0000000
0.0000000
0.0000000
0.0000000
0.0000000
0.0000000
0.0000000
0.0000000
0.0000000
0.0000000
0.0000000
0.0000000
0.0000000
0.0000000
0.0000000
0.0000000
0.0000000
0.0000000
0.0000000
0.0000000
0.0000000
0.0000000
0.0000000
0.0000000
0.0000000
0.0000000
0.0000000
0.0000000
0.0000000
0.0000000
0.0000000
0.0000000
0.0000000
0.0000000
0.0000000
0.0000000
0.0000000
0.0000000
0.0000000
0.0000000
0.0000000
0.0000000
0.0000000
0.0000000
0.0000000
0.0000000
0.0000000
0.0000000
0.0000000
0.0000000
0.0000000
0.0000000
0.0000000
0.0000000
0.0000000
0.0000000
0.0000000
0.0000000
0.0000000
0.0000000
0.0000000
0.0000000
0.0000000
0.0000000
0.0000000
0.0000000
0.0000000
0.0000000
0.0000000
0.0000000
0.0000000
0.0000000
0.0000000
0.0000000
0.0000000
0.0000000
0.0000000
0.0000000
0.0000000
0.0000000
0.0000000
0.0000000
0.0000000
0.0000000
0.0000000
0.0000000
0.0000000
0.0000000
0.0000000
0.0000000
0.0000000
0.0000000
0.0000000
0.0000000
0.0000000
0.0000000
0.0000000
0.0000000
0.0000000
0.0000000
0.0000000
0.0000000
0.0000000
0.0000000
0.0000000
0.0000000
0.0000000
0.0000000
0.0000000
0.0000000
0.0000000
0.0000000
0.0000000
0.0000000
0.0000000
0.0000000
0.0000000
0.0000000
0.0000000
0.0000000
0.0000000
0.0000000
0.0000000
0.0000000
0.0000000
0.0000000
0.0000000
0.0000000
0.0000000
0.0000000
0.0000000
0.0000000
0.0000000
0.0000000
0.0000000
0.0000000
0.0000000
0.0000000
0.0000000
0.0000000
0.0000000
0.0000000
0.0000000
0.0000000
0.0000000
0.0000000
0.0000000
0.0000000
0.0000000
0.0000000
0.0000000
0.0000000
0.0000000
0.0000000
0.0000000
0.0000000
0.0000000
0.0000000
0.0000000
0.0000000
0.0000000
0.0000000
0.0000000
0.0000000
0.0000000
0.0000000
0.0000000
0.0000000
0.0000000
0.0000000
0.0000000
0.0000000
0.0000000
0.0000000
0.0000000
0.0000000
0.0000000
0.0000000
0.0000000
0.0000000
0.0000000
0.0000000
0.0000000
0.0000000
0.0000000
0.0000000
0.0000000
0.0000000
0.0000000
0.0000000
0.0000000
0.0000000
0.0000000
0.0000000
0.0000000
0.0000000
0.0000000
0.0000000
0.0000000
0.0000000
0.0000000
0.0000000
0.0000000
0.0000000
0.0000000
0.0000000
0.0000000
0.0000000
0.0000000
0.0000000
0.0000000
0.0000000
0.0000000
0.0000000
0.0000000
0.0000000
0.0000000
0.0000000
0.0000000
0.0000000
0.0000000
0.0000000
0.0000000
0.0000000
0.0000000
0.0000000
0.0000000
0.0000000
0.0000000
0.0000000
0.0000000
0.0000000
0.0000000
0.0000000
0.0000000
0.0000000
0.0000000
0.0000000
0.0000000
0.0000000
0.0000000
0.0000000
0.0000000
0.0000000
0.0000000
0.0000000
0.0000000
0.0000000
0.0000000
0.0000000
0.0000000
0.0000000
0.0000000
0.0000000
0.0000000
0.0000000
0.0000000
0.0000000
0.0000000
0.0000000
0.0000000
0.0000000
0.0000000
0.0000000
0.0000000
0.0000000
0.0000000
0.0000000
0.0000000
0.0000000
0.0000000
0.0000000
0.0000000
0.0000000
0.0000000
0.0000000
0.0000000
0.0000000
0.0000000
0.0000000
0.0000000
0.0000000
0.0000000
0.0000000
0.0000000
0.0000000
0.0000000
0.0000000
0.0000000
0.0000000
0.0000000
0.0000000
0.0000000
0.0000000
0.0000000
0.0000000
0.0000000
0.0000000
0.0000000
0.0000000
0.0000000
0.0000000
0.0000000
0.0000000
0.0000000
0.0000000
0.0000000
0.0000000
0.0000000
0.0000000
0.0000000
0.0000000
0.0000000
0.0000000
0.0000000
0.0000000
0.0000000
0.0000000
0.0000000
0.0000000
0.0000000
0.0000000
0.0000000
0.0000000
0.0000000
0.0000000
0.0000000
0.0000000
0.0000000
0.0000000
0.0000000
0.0000000
0.0000000
0.0000000
0.0000000
0.0000000
0.0000000
0.0000000
0.0000000
0.0000000
0.0000000
0.0000000
0.0000000
0.0000000
0.0000000
0.0000000
0.0000000
0.0000000
0.0000000
0.0000000
0.0000000
0.0000000
0.0000000
0.0000000
0.0000000
0.0000000
0.0000000
0.0000000
0.0000000
0.0000000
0.0000000
0.0000000
0.0000000
0.0000000
0.0000000
0.0000000
0.0000000
0.0000000
0.0000000
0.0000000
0.0000000
0.0000000
0.0000000
0.0000000
0.0000000
0.0000000
0.0000000
0.0000000
0.0000000
0.0000000
0.0014685
0.3583158
1.5774347
3.0477931
3.6511827
3.3077037
2.7195106
2.4115791
1.8756269
1.4630760
1.4943941
1.7391616
1.9243485
1.9468775
1.9699175
1.8390924
1.7258078
1.7132841
1.6448407
1.4438072
1.2039926
1.0199547
0.9961042
5.1533165
23.0897026
41.0303535
35.7154465
12.4976654
3.5019507
5.2833729
17.3506050
49.1710205
53.5037155
37.5419579
26.0184784
22.5063305
18.5460777
21.0322628
29.4966526
54.3272705
94.3257675
118.8271484
113.6887817
80.2068634
48.2394753
16.2607918
3.0994835
0.3148856
0.2803722
9.7353783
44.2479095
73.2535324
79.9905853
60.4684181
29.8830624
9.7749939
2.6366456
9.3553534
55.4868622
107.2965012
84.5686264
43.7631569
48.0757065
74.9917908
83.0786133
65.8310623
41.3079720
30.4872456
16.2007256
9.7142649
43.9475403
96.8487091
131.6470795
104.9175186
35.7517471
13.3037109
6.9878044
3.0464320
2.6376381
8.5337009
35.9227753
62.6876411
60.5517311
42.3636589
30.3546410
24.1496391
16.5805817
21.2462234
36.5666046
49.5472908
64.9914246
74.4256363
72.7675552
62.0596428
58.4085579
53.9155312
44.7846565
29.5513248
19.8430557
12.9942255
29.2504539
33.3763466
29.5126705
24.0758877
21.1387310
19.3623295
24.0613117
26.8115788
23.5793915
15.8548040
16.6940746
18.2754726
12.0742140
8.8875208
4.2914858
9.7350883
16.2754631
18.8457413
12.5090961
4.3271546
2.1600935
1.2500496
0.5597901
0.2681310
0.1722960
0.2534604
0.2685088
0.9823468
2.2742367
2.8500915
2.7571778
2.8702354
3.4460092
4.1012692
4.3845372
4.2847438
4.0612454
4.5392818
5.3271980
5.2578535
4.7171745
4.2557969
3.7501159
2.8957641
2.2437196
1.8461825
0.9758136
0.5021442
0.3677929
1.7789214
13.3079004
33.9766960
51.1325912
72.3839417
93.1253052
95.3306122
73.0738068
53.3958015
34.3274803
21.3553429
14.4551163
22.8395271
31.4176311
34.7343483
31.3247318
29.5499783
25.2052231
24.9959183
30.8604603
30.3126392
25.1870689
24.0768433
23.8091259
20.7187634
26.6467075
44.3194389
62.3535881
66.7435989
58.0488014
46.1957970
25.3501205
25.9804573
45.7595062
48.4712563
57.3481445
65.6136322
75.8523712
76.2462234
59.5443764
35.8245583
49.6153030
75.1873932
64.4692230
52.0102196
43.0533180
27.6260834
18.8696651
14.9175739
5.8969173
3.4018927
4.4646611
11.6100960
18.3724003
24.8177795
28.8881950
30.7584877
26.8763447
20.5823135
13.6805210
7.9447694
2.3378961
16.7726021
35.1030273
42.3073730
48.0316658
39.2821350
23.5358486
8.9493179
2.9732504
0.5147522
0.3880123
0.2548776
0.2206903
0.3943778
6.5215702
25.7045460
46.6986923
53.2522316
43.6678848
31.1138935
21.0813103
12.6493139
12.2010670
19.7366066
26.1486931
33.6661644
38.4040031
29.8530121
12.4613638
1.4242821
0.3762079
0.3459400
0.2936765
0.8374515
1.7883656
3.1133676
4.3212833
6.1225152
7.8578744
6.6878147
4.6407647
4.7550449
5.4440494
6.2486520
5.9140153
4.9119582
4.5016747
3.1761050
1.9323615
0.9341863
0.5257891
0.3351457
2.0679889
16.4829998
42.9266777
55.9763870
45.1735611
32.8770866
23.8418999
18.6800251
14.4495354
13.1405411
20.5400066
30.1450672
40.9418983
62.3531876
98.2002411
127.0267410
115.4902039
88.9860687
52.9103699
18.8258705
49.8098602
42.4338417
20.2036285
15.8368511
11.8452349
14.5154543
18.0589409
18.4651718
18.1952267
25.5015106
42.5558815
53.4954300
46.0743637
30.6924515
23.1960449
26.1547127
28.3585739
19.7826710
6.6764159
0.9918249
0.7022392
0.9191743
1.0864009
1.0251987
1.0810761
0.7377658
0.8305109
1.0106909
1.0492648
1.1151634
1.0333312
0.8155473
0.7571897
0.8607369
0.9857474
0.8831729
0.8010914
0.8842586
0.8090170
0.6911881
0.7826899
0.6657244
0.5364481
0.5258595
0.5532436
0.7231933
0.6869207
0.5622526
0.5215182
0.4432519
0.4653182
0.4524097
1.4213018
17.0866623
65.2198639
142.0811005
197.7476349
188.4899445
131.7142487
86.2384338
69.4375305
59.8499641
54.5368958
42.0460014
22.0124989
6.7905474
8.9554729
9.2878313
12.1086197
12.4542494
10.6570454
12.7999783
13.0074768
8.7410755
6.1509652
6.7784834
7.2781935
6.9312906
8.9960833
17.5557289
27.6647339
36.6714935
39.1009102
32.0588455
20.9929008
10.0117998
6.3425207
10.0944729
10.8266563
12.0835762
13.0740957
9.8964710
4.1997037
7.3920283
9.4888811
6.7317152
4.0460382
3.3350613
3.7728264
5.8281984
9.2235355
10.4618378
11.7345247
12.9632387
12.0299320
8.1643362
1.8829474
0.5341431
1.6222057
3.2257357
2.7584784
2.7249141
8.4921312
13.2822418
9.2365894
0.7185233
0.0968743
0.3739844
3.4896121
2.8553603
1.8992581
0.6612321
0.8887304
1.7312998
6.0814939
13.8250961
20.5041275
24.4143982
30.9621315
47.9809380
74.6382141
92.6753845
96.0017624
82.0819778
61.3456268
44.1756554
37.7638016
36.5221329
19.2056961
8.6270580
5.2513266
1.5335256
0.6294887
1.4028615
1.8808573
1.2683828
0.5120149
0.4765677
0.3460862
0.2136736
0.2561846
0.0925217
0.0242064
0.0004058
0.0000000
0.0000000
0.0000000
0.0000000
0.0000000
0.0000000
0.0000000
0.0000000
0.0000000
0.0000000
0.0000000
0.0000000
0.0000000
0.0000000
0.0000000
0.0000000
0.0000000
0.0000000
0.0000000
0.0000000
0.0000000
0.0000000
0.0000000
0.0000000
0.0000000
0.0000000
0.0000000
0.0000000
0.0000000
0.0000000
0.0000000
0.0000000
0.0000000
0.0000000
0.0000000
0.0000000
0.0000000
0.0000000
0.0000000
0.0000000
0.0000000
0.0000000
0.0000000
0.0000000
0.0000000
0.0000000
0.0000000
0.0000000
0.0000000
0.0000000
0.0000000
0.0000000
0.0000000
0.0000000
0.0000000
0.0000000
0.0000000
0.0000000
0.0000000
0.0000000
0.0000000
0.0000000
0.0000000
0.0000000
0.0000000
0.0000000
0.0000000
0.0000000
0.0000000
0.0000000
0.0000000
0.0000000
0.0000000
0.0000000
0.0000000
0.0000000
0.0000000
0.0000000
0.0000000
0.0000000
0.0000000
0.0000000
0.0000000
0.0000000
0.0000000
