0.0000000
0.0000000
0.0000000
0.0000000
0.0000000
0.0000000
0.0000000
0.0000000
0.0000000
0.0000000
0.0000000
0.0000000
0.0000000
0.0000000
0.0000000
0.0000000
0.0000000
0.0000000
0.0000000
0.0000000
0.0000000
0.0000000
0.0000000
0.0000000
0.0000000
0.0000000
0.0000000
0.0000000
0.0000000
0.0000000
0.0000000
0.0000000
0.0000000
0.0000000
0.0000000
0.0000000
0.0000000
0.0000000
0.0000000
0.0000000
0.0000000
0.0000000
0.0000000
0.0000000
0.0000000
0.0000000
0.0000000
0.0000000
0.0000000
0.0000000
0.0000000
0.0000000
0.0000000
0.0000000
0.0000000
0.0000000
0.0000000
0.0000000
0.0000000
0.0000000
0.0000000
0.0000000
0.0000000
0.0000000
0.0000000
0.0000000
0.0000000
0.0000000
0.0000000
0.0000000
0.0000000
0.0000000
0.0000000
0.0000000
0.0000000
0.0000000
0.0000000
0.0000000
0.0000000
0.0000000
0.0000000
0.0000000
0.0000000
0.0000000
0.0000000
0.0000000
0.0000000
0.0000000
0.0000000
0.0000000
0.0000000
0.0000000
0.0000000
0.0000000
0.0000000
0.0000000
0.0000000
0.0000000
0.0000000
0.0000000
0.0000000
0.0000000
0.0000000
0.0000000
0.0000000
0.0000000
0.0000000
0.0000000
0.0000000
0.0000000
0.0000000
0.0000000
0.0000000
0.0000000
0.0000000
0.0000000
0.0000000
0.0000000
0.0000000
0.0000000
0.0000000
0.0000000
0.0000000
0.0000000
0.0000000
0.0000000
0.0000000
0.0000000
0.0000000
0.0000000
0.0000000
0.0000000
0.0000000
0.0000000
0.0000000
0.0000000
0.0000000
0.0000000
0.0000000
0.0000000
0.0000000
0.0000000
0.0000000
0.0000000
0.0000000
0.0000000
0.0000000
0.0000000
0.0000000
0.0000000
0.0000000
0.0000000
0.0000000
0.0000000
0.0000000
0.0000000
0.0000000
0.0000000
0.0000000
0.0000000
0.0000000
0.0000000
0.0000000
0.0000000
0.0000000
0.0000000
0.0000000
0.0000000
0.0000000
0.0000000
0.0000000
0.0000000
0.0000000
0.0000000
0.0000000
0.0000000
0.0000000
0.0000000
0.0000000
0.0000000
0.0000000
0.0000000
0.0000000
0.0000000
0.0000000
0.0000000
0.0000000
0.0000000
0.0000000
0.0000000
0.0000000
0.0000000
0.0000000
0.0000000
0.0000000
0.0000000
0.0000000
0.0000000
0.0000000
0.0000000
0.0000000
0.0000000
0.0000000
0.0000000
0.0000000
0.0000000
0.0000000
0.0000000
0.0000000
0.0000000
0.0000000
0.0000000
0.0000000
0.0000000
0.0000000
0.0000000
0.0000000
0.0000000
0.0000000
0.0000000
0.0000000
0.0000000
0.0000000
0.0000000
0.0000000
0.0000000
0.0000000
0.0000000
0.0000000
0.0000000
0.0000000
0.0000000
0.0000000
0.0000000
0.0000000
0.0000000
0.0000000
0.0000000
0.0000000
0.0000000
0.0000000
0.0000000
0.0000000
0.0000000
0.0000000
0.0000000
0.0000000
0.0000000
0.0000000
0.0000000
0.0000000
0.0000000
0.0000000
0.0000000
0.0000000
0.0001683
0.2562450
1.1182493
2.0338635
2.2458231
1.9354539
1.6245140
1.3939244
1.2048320
1.0280085
0.9435524
1.0614600
1.1735318
1.2495682
1.4196219
1.4803588
1.4940569
1.2132007
0.6583905
0.5575923
1.6706711
3.5963292
4.9692039
13.1222353
47.9020615
107.1106720
147.6321564
134.0999298
112.2123260
149.7136230
180.1820068
136.1707611
83.0492783
68.8232346
64.2744141
58.7064247
79.2752762
164.9376984
184.1037292
138.8207550
111.0395813
70.8821716
51.6953583
46.2856102
36.4331131
29.0703239
22.1420593
16.2582932
13.0791588
7.1940269
4.6302977
1.7893976
0.5613170
0.4909710
1.3353390
2.2830715
2.4436040
2.3065684
2.2663186
1.7078688
1.2209883
0.9826598
1.0875401
1.5082622
1.5301627
1.0388139
0.6493710
7.5759382
48.8571396
120.9519882
162.9027405
125.5562897
41.5322495
12.1795559
6.7106094
4.9889011
44.7599564
100.7235641
104.6114044
69.9325027
43.5667953
39.3987579
42.1923256
43.4517593
36.8150635
26.8366489
18.0848923
11.4228020
10.9955082
13.6266403
12.5814066
9.1746693
6.3453312
27.5525932
111.0084229
230.9309998
320.7579956
298.9462280
219.6999512
183.7362061
165.8300476
149.1774292
64.1404419
19.1625023
11.6457043
20.4884052
25.7399158
18.6224594
11.5525188
9.3088179
13.2255735
33.1822128
88.5820694
171.5589142
233.2915344
224.2981873
173.0235291
125.8812866
67.9239044
80.6292267
175.6925812
145.3511047
73.9687195
23.5802364
11.6177301
7.4639230
1.5065995
0.1625345
0.1032294
0.3247212
1.8116202
3.2694798
4.0894852
4.4946661
4.1148872
3.8884306
3.9038820
3.3202147
4.0115414
36.1347084
126.9318314
198.3463745
164.1608276
58.8315201
16.7324505
14.1992521
19.3356323
68.0501633
140.9987488
145.3567352
108.9690170
79.2363510
61.3266640
28.0287418
7.2121925
26.6627808
43.5388298
52.5147362
39.5982819
29.6386795
17.7773609
12.2952042
22.1751137
41.4314995
43.0062332
27.7190456
16.2821884
9.7782116
11.5220957
26.9870644
40.5638313
25.6701317
4.4599953
0.9079306
0.1168420
0.0614335
0.2718284
4.3604574
28.0435963
65.5540924
83.5430374
65.7280273
34.3624115
33.0792656
107.4733276
244.5863037
357.0103760
349.8354187
212.6793213
81.1286163
19.1015816
3.6557314
0.3204679
0.1875031
0.2052359
0.4920196
0.3110533
0.7595941
7.9920015
62.4290657
166.7502441
295.7109375
368.1508789
294.7733765
142.2582550
26.8379841
25.6053085
35.8045578
22.9737606
28.3984413
24.3662434
28.7127342
40.3272362
18.1163445
3.2551751
0.2806900
0.7701023
2.4203784
2.3811634
1.2021405
0.8535415
1.1944729
1.7911773
2.1266961
2.0206153
1.9258374
2.0691514
1.8789612
1.6816461
1.5460076
0.9610117
0.7096206
24.4011669
92.1754456
146.3771973
127.7994385
47.7415237
16.5394669
21.1083260
48.2985611
103.0468903
95.8583832
65.2172470
23.3029251
7.4744945
1.2554690
0.2715445
0.1416581
0.1477069
0.3949802
0.5529512
1.2737684
12.8767700
33.9677200
70.6498184
119.7734070
127.4971085
77.6581268
41.8091812
47.3012962
78.6781540
127.6703491
180.7445831
198.0265503
149.7378540
113.0173798
77.1455078
43.4399796
13.0433044
2.7888732
4.6848745
5.3410220
55.7721710
194.4141693
400.9584351
566.7002563
578.3191528
442.0394897
249.2850189
68.5337906
19.8473129
66.0695953
150.6583252
171.5593872
230.6657410
280.5236816
165.2579193
38.2498550
26.2417278
29.3848820
29.2887135
21.5910606
16.5705357
17.2765350
36.3762856
81.0945816
99.4187927
70.9983139
33.8239746
15.9632816
18.5798683
35.8015137
40.9260559
55.1390343
67.6118164
72.8375320
77.3038788
64.8883286
41.4627724
23.7863598
13.3752346
10.6891890
10.3979931
15.0374861
29.9535141
33.3469048
23.6573524
13.7414303
10.5616579
17.0599174
28.1348991
43.7675018
118.6140823
319.2739563
521.4915161
517.8778687
290.1381531
128.3926544
87.8565140
151.0820160
246.8094025
283.8409729
332.1233826
390.8346252
389.6989746
422.9588318
471.4781189
450.3141479
319.8729858
120.0154037
43.0924225
37.6676483
28.4172421
18.1043644
33.7430916
36.5069046
77.0478821
118.9694061
138.3112793
105.3195877
47.8721809
10.0696182
5.3318253
26.2558804
74.8958893
102.2212067
109.8938370
94.3115463
76.3039017
53.9722061
36.3546448
22.4399643
3.4889917
9.3444452
118.7225800
308.1145020
360.3236084
233.7474060
86.1215591
16.8713684
2.4375348
1.1708155
12.8599529
57.5271912
78.4824524
68.3812561
62.9109955
57.8198280
42.9081879
30.5396042
15.4450092
6.4614544
4.2730718
1.6958869
0.3550017
0.2944997
0.5068948
0.5256757
0.6122881
7.9706764
60.4049797
145.6464844
191.6178284
175.0071259
148.1622009
159.8357697
156.8949432
151.9924469
163.6934814
126.1524582
53.2274132
15.1001816
27.8346748
39.0534859
42.9434204
76.5706863
139.7589417
150.6899414
112.9772873
50.7327995
36.0146027
22.8801289
43.4923439
134.1749268
218.1918335
153.2716064
80.2778473
31.5341129
25.6320019
78.9445953
217.2745819
311.4720764
245.6608582
136.8596039
52.6783676
16.6440773
2.4243884
1.6481987
19.0893021
65.3879471
100.5100479
78.8426971
30.2340202
17.2397308
14.3683271
10.2978888
4.8744841
2.0660496
6.6903019
30.1794739
58.2763481
77.1529846
95.1672974
113.1984863
110.2378922
87.6747055
68.5664902
72.6778641
122.1514130
208.3632812
210.8467255
121.0099411
55.7646217
55.9521027
94.4818802
176.2681427
281.1882019
279.0508728
153.4473877
79.3977814
36.7828789
18.4744930
25.0245972
29.1232853
39.0348358
86.1796112
139.9635773
154.0229950
109.2044754
44.5958481
17.2462788
7.8148861
2.5314894
2.9351113
13.4372311
57.7949524
223.8021240
431.5678711
523.9727783
576.6533813
541.2400513
397.4533997
152.5944519
59.4517670
37.6705627
28.4567509
9.8158092
13.7390747
45.4682693
78.2109375
48.1318359
19.0356636
9.1842365
21.2104416
47.5060997
41.9709129
31.9232445
21.4485054
9.6045866
3.0475755
1.8877087
2.1248808
1.4213192
3.4202218
12.0641479
18.0541573
71.1690369
309.4248352
655.7709351
812.7011719
657.8153687
440.8611450
419.0553894
506.0290833
396.0510254
173.5293274
94.1804352
49.5104218
5.7627869
0.3499444
0.3447451
4.0888562
19.7722683
32.7400055
21.0488377
5.2182298
1.4660900
1.3022766
3.9806826
8.7485466
9.0259600
7.4846721
6.9784818
5.4740634
3.8524666
3.1931171
2.5264952
2.0284934
1.4032388
0.9763479
0.7524540
2.8702152
10.4500189
21.7227478
30.5178070
32.3827133
34.6576920
37.8707275
42.0091591
69.6710358
138.7164001
199.2611694
216.3270416
222.4786072
237.5383453
217.5081482
155.8607788
69.6819305
37.5248909
43.5435715
91.7445984
192.4187317
277.5945435
266.9638672
201.5521240
86.0327988
43.0075722
20.7996826
48.5579948
199.4725952
379.6390076
390.6599121
309.5910034
203.4460449
119.5206833
110.9157410
136.4323578
113.8723907
72.4644012
56.0059242
39.1416054
65.9752350
148.6233215
141.8741455
67.2546158
38.0921974
31.9052963
22.4297733
13.3146667
13.9770432
37.5147514
72.3813934
52.1150627
52.3706665
65.4223633
49.8468819
15.5432978
2.6393194
0.6737008
0.4365704
0.2955621
0.4236908
0.7292123
0.6795110
0.6665043
0.6066288
0.9211154
9.2543287
64.3211212
171.7341919
311.1944885
450.6579590
516.4905396
513.7534790
481.2329102
371.7015381
292.1750488
332.5712891
430.6726990
367.5539856
258.2853699
209.9609833
126.0077286
62.7550049
35.6152916
40.9677429
30.7199326
9.3456554
2.1950400
0.4446104
0.5666600
2.1368647
4.3357129
3.4195259
2.5853822
2.4931784
2.6005633
1.8586299
1.1336728
0.6769394
0.4215969
0.4908857
0.8785828
1.9797077
2.2682383
1.1859907
0.4588473
0.6378492
1.0995375
61.7871513
261.3785400
516.0520630
635.6641235
497.7498779
261.5350037
146.1113892
129.3443604
94.2934570
44.0510864
31.8551140
76.5308685
208.7983398
241.1899872
180.7878723
107.9916382
92.6953278
72.0780792
36.2661667
112.8289795
320.7673340
512.0024414
521.1396484
443.2486267
322.1455078
240.2090912
122.8254242
41.5813675
22.2032661
29.7444115
61.9470253
47.7008705
38.2656479
33.8398247
22.1873913
7.5919929
1.1177194
1.7337587
5.3876667
11.1413641
11.2994814
7.3754740
4.3063741
2.6987591
1.1298966
0.5782999
0.3965387
3.6350381
68.8451996
201.1426086
286.5144958
244.3904114
141.9200592
64.5012589
46.6394081
22.5020237
7.5326619
5.9742594
6.6001620
5.1635580
3.6245415
8.6742754
44.3412247
112.4403915
179.1271362
275.7351685
450.2737122
577.8343506
555.2244873
472.2680969
320.5078125
217.9170685
153.0087585
124.4698944
86.9236984
33.8614464
9.8928270
3.0042872
2.9479043
13.3734970
32.4590950
38.7969360
38.9687004
57.6484871
87.5854111
98.7207718
66.6021652
33.2633591
17.1185303
6.6871433
2.9191623
3.2256854
11.7465668
22.4356670
19.7737293
15.3921528
14.4422474
20.1438484
52.1006165
231.4933472
619.7713013
1015.3636475
971.2746582
447.5014954
64.3639221
21.3134975
105.4948730
220.7716370
319.9817200
264.2617493
157.9320831
118.2232590
105.6976013
89.2725067
74.7251968
63.7089844
67.0713348
81.5299530
92.6682281
90.2227478
87.0573502
79.9157562
74.2688065
63.8426285
47.8676910
23.8772049
12.1276283
9.4369965
6.9084101
3.0541098
4.6570444
12.8924713
20.8021851
24.4536514
23.7685375
21.2183304
18.3845577
14.6531620
15.0898209
15.2380629
11.4686432
12.4899864
58.8821259
191.7897034
312.3999939
295.8599854
154.8467407
60.6813126
119.3996429
199.2840576
168.4299011
130.4134521
80.0613785
43.9774551
22.0750160
15.4757996
13.1823692
9.9586887
8.8662758
48.9017296
132.0324097
252.4093018
441.1406860
595.1854858
523.7265625
297.0078735
198.6808014
154.8793335
111.4929810
51.5386696
23.7549610
97.8297043
314.6046143
419.1373901
346.0160217
223.6633759
151.5282440
132.6002502
187.1788940
154.8141174
110.3736191
62.9613152
64.9262314
69.7473297
75.6960678
100.4006805
142.2886047
181.7342072
151.0867462
93.3419571
55.8235855
32.1956444
21.5260353
36.9490585
76.3267517
80.2654953
63.3379402
51.7014771
57.3825150
64.0442810
55.8249817
39.1497574
40.1866913
53.9484863
57.0501747
47.4524994
38.2951050
45.1309128
52.7927170
55.2783813
53.3888359
81.3683701
230.8332367
422.3981628
453.1477966
318.1505737
158.9870148
147.5525665
110.4465179
101.5979080
98.6575928
103.7738342
103.1396179
99.8146667
103.1504211
105.1766281
92.2813797
52.5284653
50.0308533
51.1556778
92.1789856
137.0136108
117.1755981
70.0759811
42.8100662
155.5455627
303.9136963
583.8992310
810.9392090
756.4678345
485.1876221
269.5808411
130.5728302
39.5591507
16.8537693
25.8116608
34.3897171
23.4239025
8.4742241
5.9585567
11.9190845
26.0642300
53.9779358
69.3191528
63.5710449
62.7481308
97.7260971
191.7515869
226.6750031
181.0829163
86.2413483
23.3441162
15.2032633
23.7553062
36.9948463
33.8206558
23.4674511
23.4705410
49.3626785
120.1622620
184.3229370
170.9670258
94.9909134
48.7728348
35.6972313
22.4790154
19.7871895
50.9359741
78.9468384
67.3504410
31.5046768
7.9062338
3.2803829
1.7066529
4.7284365
10.9081640
12.6063261
10.2061434
10.5029850
15.3337584
23.4485340
30.2043133
35.6440697
51.3309975
81.7976913
113.9082184
116.2502594
95.8368835
71.2931671
43.6449623
35.2138977
42.8445625
49.5895767
59.6804810
62.5863991
40.0496750
38.6052399
50.2031212
45.5639801
30.4799500
28.4069595
29.5457439
32.8688278
41.2873344
33.7510529
37.8125229
61.4683456
82.8949127
67.8218231
24.0270882
6.5535693
1.7145674
9.5095901
57.8775444
127.5438309
187.7246704
204.1848602
158.9633789
104.8296432
87.5377884
73.8907166
40.6279526
10.4526014
3.6196084
6.5617304
26.1199265
75.7143631
138.7733154
189.5405579
218.0269165
202.2531281
184.3717957
174.9074554
171.9203644
175.3335266
169.1328583
152.2991486
149.3123322
152.0640717
173.9756775
184.6819153
168.0061340
131.4336395
101.2690659
101.2565689
115.1947250
160.2507324
174.2803802
214.2415619
242.2494202
230.7169800
190.5928192
143.0322723
109.1379166
77.7335358
36.1298447
12.7901812
5.7868671
3.2044280
9.3342857
23.5156479
31.0830460
26.5524769
22.1680717
22.7257080
27.1565781
29.0666046
25.9927368
19.7690887
20.0814533
25.4327641
24.9338112
20.0407715
37.2501373
127.9952469
275.1694336
334.3771667
235.2239838
90.4238281
76.4181519
117.2112961
85.6996536
46.6776276
49.1724052
69.1355286
85.4299164
81.5556030
57.7807732
28.9158535
15.0465469
15.6239414
52.2875290
95.1820297
115.0757828
113.9662704
129.6486511
114.1940460
57.0188065
9.3784103
2.7048068
0.8613797
4.4155288
23.2383556
35.8637314
16.8031883
1.1918808
0.4014754
0.3411031
0.4940728
0.5388275
0.6485689
1.6327907
6.3659477
12.7756176
15.5288754
12.7872124
11.5021400
17.9747753
37.7635880
49.9021187
50.8047333
44.7612228
42.4323196
57.3321533
83.8490067
105.4224548
121.0745850
118.3079529
98.3132706
79.9945602
66.8722992
65.8561020
72.5053101
115.2174606
202.1694794
240.3394623
226.4727325
186.1065979
145.2821198
100.6220627
72.0575714
59.8830757
65.1702728
87.5332031
117.1009216
162.2559967
200.2841644
203.9518280
148.0272217
70.5155411
21.3106117
5.7746024
1.4152287
1.5525379
3.4387212
5.4220772
6.5572014
8.6187592
9.6443634
13.2413578
36.5127106
102.5253525
175.5983276
204.3045044
202.6564789
228.9172058
284.5904541
294.0372009
262.2130432
233.0862732
222.9795227
118.3293991
72.8324814
56.5233345
98.4190292
124.8482056
99.5826416
128.1168823
193.7544708
193.4338074
171.7466888
153.9087830
143.1979980
167.6915741
175.3852844
154.0297241
110.5905838
54.7806664
22.4547920
13.4155254
14.8593149
7.4286876
2.0406451
3.1824346
13.2800083
22.0340347
24.2504692
24.3345585
24.5458145
28.6427898
37.6164131
49.8328133
45.4910049
24.9848633
18.9450874
67.7984314
188.8017273
249.2383118
164.6664886
59.5392075
32.9246445
24.4694633
58.7578430
106.6617661
80.4176865
30.3237724
29.8609562
22.9846077
11.5232973
7.7455559
46.7413788
116.4984894
137.6043396
93.0849304
54.5125122
25.4895973
14.0721083
3.6110888
16.5651836
61.6835213
90.3498993
64.5576324
58.3343964
87.3792267
96.2472000
61.1969833
21.1458530
10.2943621
6.5860696
3.5349746
5.7884331
31.9087315
124.6554260
267.4838562
347.6652222
290.4039001
180.4345551
182.7271118
240.8707275
286.7341919
280.9235840
206.7091980
129.1483154
76.3572998
72.8521957
198.1128998
286.9124756
243.7726898
136.1128387
105.8032303
84.2154541
50.7513466
30.7972012
30.7139072
20.6824150
16.8580990
41.0593491
67.5335922
91.5218277
101.8633041
88.1715622
82.3089600
85.0273895
103.5574722
167.7971344
215.4706116
167.1084595
69.6700058
39.8068886
36.1516075
50.3890724
111.7977371
127.0287552
62.4554214
18.9660053
5.0334802
25.1986523
38.5429344
35.3472710
31.2408714
60.8029518
104.6614304
172.0699005
222.6388397
217.8927155
155.9223785
53.4289856
22.7124443
50.8144150
74.2784271
67.5197601
34.7422676
15.0036917
8.3704948
45.8486481
131.9171906
162.0569458
122.0580902
102.2501678
111.3694763
87.0693512
38.6944199
28.0487118
30.9110584
26.3323650
13.4242535
7.2325826
7.5138335
4.8354535
2.3017452
8.7513189
34.2540169
61.4554787
99.1964417
142.7033081
160.2383423
128.3009796
83.5778732
53.9546394
21.3581352
3.3781681
5.0337152
31.2791462
72.9298019
78.8440781
50.6545258
31.5848026
19.4427166
15.1551895
21.4029808
35.1316605
90.0972290
198.3378601
247.9879456
190.2042236
121.9884567
85.4293823
48.8319664
22.0081387
10.6055498
18.1142464
50.9583435
86.7594604
96.0162277
91.6707001
104.6399078
114.0691528
90.7344818
54.2979393
25.5727386
14.1580706
14.1819973
23.8091240
33.9451752
42.0667801
57.4893646
69.4858475
79.4110031
86.6694489
90.4038773
67.8298798
31.3528214
5.8783393
1.9101424
18.4588566
56.5636482
88.6066895
89.0332794
68.2414246
30.1112518
13.4827652
52.0460815
181.9219971
322.0683289
387.1052856
343.6967468
200.2579193
64.8537064
44.0210342
102.1274033
138.5360260
60.3944473
20.2007580
27.1642303
80.3987198
161.2763367
167.9671631
170.2133026
157.8561554
120.4719620
58.7838173
8.8709803
2.8230257
8.2108068
20.9249687
24.7239628
19.5679474
17.5882378
19.8125744
22.8796787
26.8689651
31.5564842
31.9958820
21.8968735
14.2297935
52.0782967
182.3701630
308.2002563
288.3096619
199.4844208
212.5385895
270.5932007
234.5513306
140.2766266
132.1009827
158.7333832
165.8919067
108.2025909
75.5812149
83.2143784
77.9601440
57.5687561
102.8832703
193.6413269
209.5889587
158.4977722
89.1779785
37.7472000
15.8386669
4.4188170
3.4074266
12.0364456
33.9595718
52.7635612
53.7669754
49.0434647
117.2770081
344.4562988
659.2736816
811.4050293
683.4078369
416.1957703
272.1370239
253.1244049
210.6005859
131.5065918
104.8912888
56.1461334
8.7525520
1.5796651
1.6648736
45.0238419
245.9848022
439.2033386
505.6014099
326.9261780
118.1536865
38.2218971
38.4009285
138.7890778
332.8262329
404.7184753
287.4019775
118.8004608
30.1321163
9.0931139
6.0376196
13.7848768
25.8309326
187.1163330
563.8654785
852.1574097
757.0731201
464.3121948
301.3048096
215.4955292
181.1628723
209.5922852
243.8135986
125.2754974
30.5687351
5.7885513
16.8739777
136.7642670
370.5180664
414.6868286
273.4107056
246.9275665
348.2561035
450.7871399
329.1723022
96.1849670
50.3276825
38.9709206
31.0190849
30.7613697
67.9214325
132.7189636
114.7205048
86.4587250
52.5834274
27.2315979
47.9275055
119.4953156
143.1537933
164.4473877
215.9313965
215.9459229
157.4794159
72.7526779
21.6902466
9.8547153
6.2573814
4.9301362
68.9705582
216.3849487
289.7677917
226.5717926
118.7150726
101.3531494
106.0974655
117.4288483
194.3289795
210.4573975
203.9786835
199.4926300
192.9144745
156.8402557
104.5218048
143.2057648
197.7899780
169.8862762
171.7317657
183.2994232
190.8759003
184.1974335
153.4376068
127.0926895
93.3665085
76.3023911
55.1731720
43.6292839
18.5779209
4.1316285
6.1682615
19.1831741
26.5932503
29.0457325
59.4447441
175.6717529
329.5248413
367.0048523
233.3078613
105.7990265
36.0200348
13.5587864
14.9452267
31.7563591
81.8451233
115.0464096
105.9534454
85.8485184
91.2306137
104.3513641
73.0422974
35.8759193
29.2180920
45.3637352
55.7142830
35.9941635
18.8353615
15.0483093
10.4391050
3.6787670
2.2137530
5.9721699
30.2228355
57.2876511
77.9071960
108.0708618
177.5176239
237.1650391
203.7129822
123.4283981
64.6853409
37.5990868
33.5485039
37.0714951
35.9350128
33.5013275
13.9498529
7.3807936
24.9208107
91.7694702
116.2753143
96.9008865
70.3164139
67.1637192
55.2112617
45.0984268
31.6821480
20.5070744
13.1275282
9.9027481
13.9362259
12.6837397
14.1791935
17.4866352
15.0446329
8.2771254
3.7712381
6.0777082
13.0033503
19.2605515
17.3803024
10.0306177
5.1871638
2.5939059
4.2501411
9.0229244
11.5566025
6.4367208
1.8875928
1.3066802
1.5479426
2.1626155
3.3613403
4.1070633
5.8862805
10.3822384
19.7533970
44.3761559
83.3321457
124.3054657
161.3593597
183.1518555
173.5929718
159.0237579
171.8721771
175.7693329
155.9270020
109.6988525
131.0551300
75.3494415
35.8883286
63.2568817
127.1989288
128.3814545
73.8443375
48.5679054
39.8926163
30.5924892
27.6540890
24.3137417
22.1059036
26.7015247
30.6656456
34.6506310
39.7805099
38.9481544
35.5937729
39.3020782
47.2401199
51.4114380
59.6484642
77.2004242
87.1805649
74.6410675
52.7125626
38.9459076
33.5754700
36.4562874
84.8127136
189.0024719
237.5486145
181.0626373
120.5890198
116.3976364
130.8874054
97.9839554
60.0677795
41.9807167
61.1278229
158.6823120
235.8494415
228.4118347
197.1904449
205.5076294
218.7441864
183.2382202
77.6439056
14.4050016
13.2115641
14.7062054
21.0410290
52.5688972
67.4416046
59.5190277
50.0183945
58.4073753
89.0538177
93.7627106
77.6532516
50.4187279
30.2553768
17.7280750
13.6106272
18.3051186
29.2545586
22.9907684
9.1346531
2.5178971
3.2520862
28.8683033
82.8237610
122.6184387
118.6897812
75.7160568
33.7491684
12.6776848
1.5597625
0.6864728
1.4419065
7.5829124
13.6554146
7.1683846
3.4990702
8.1524868
18.1916180
20.9019909
16.5367794
11.6733780
9.4367752
7.7148519
5.5476975
5.0304027
4.7953978
4.7641792
3.3909287
2.4878922
1.5831988
1.4140645
1.6635882
3.0058517
4.1815853
3.1975629
8.2764645
25.3309689
39.4951630
42.3917389
47.9644623
52.9134102
47.9637833
36.9874344
34.8500786
41.4897003
57.1763420
86.7513428
105.7839050
147.8340149
327.9397583
542.6085205
578.2884521
462.3641663
243.8569031
205.3054047
331.5127258
359.1105042
215.7172241
81.3849792
58.4361877
64.8887482
80.5770493
111.5832062
120.3804474
93.0468369
85.8666306
75.3433075
104.3585587
181.8668976
167.7805786
88.3928833
38.4415321
41.6282463
68.5629578
77.0728378
55.5850983
27.4077129
11.5387907
6.0067811
42.4386292
143.8321075
215.1138916
183.0796509
93.2848663
23.9842796
11.3912144
8.1342115
9.5227013
15.0083342
12.5945854
6.7270389
7.9049349
10.9256659
10.3395195
6.6867218
3.4860644
1.2262373
0.9305253
2.1165910
6.4903994
9.3496437
8.5941162
7.1748142
5.3440824
3.4208636
2.0377376
1.4147803
1.2441168
1.1862750
1.0546989
3.6471984
13.3663559
28.7052193
43.6639328
51.3945885
47.4225464
42.3915596
46.1868896
59.7020187
111.2467422
269.9608154
414.1656799
387.9921265
237.6411285
150.4645691
192.8912048
206.0868378
180.4811707
127.3402328
77.3811722
55.8015976
128.8413544
335.1736755
454.8001709
424.3765564
394.6686096
396.5226135
315.4209595
156.8445129
86.4147873
61.8588676
39.7794380
20.2062626
12.9921312
23.9846878
35.6450691
42.8510818
59.4357071
75.2591324
70.3462372
45.3537407
16.5043602
2.1023798
4.3681540
15.6856537
29.6927776
36.5593758
34.9959564
28.4505634
20.3417892
10.3518858
15.5041351
31.4516315
31.5176105
23.0436459
16.4144764
23.2294292
25.4807777
16.7198620
6.6635513
1.1170872
0.4739648
20.0472565
83.2277832
134.3722229
127.7195282
108.1044846
133.2511292
193.7277679
206.6789246
159.9684296
124.9973373
106.0586319
84.9737091
54.1507263
37.2393570
37.7826767
48.7431526
101.2814789
187.6517029
202.1596527
139.4816895
57.0705452
14.8569231
7.3498974
4.1552877
2.9983821
1.6633179
1.8525105
26.0912991
134.2845764
304.3376160
416.5913086
403.6707764
326.6756897
280.6777954
223.0175629
161.1759033
139.2414093
106.8550720
56.2913170
38.4420776
37.3593941
40.4009361
35.1843109
52.1069565
66.9134750
66.5984879
61.3181534
39.5466805
22.5794125
28.5141735
54.9191170
50.9292107
27.2563515
15.0193138
30.1297379
41.1446724
35.3995781
20.2957973
11.9590855
7.3517847
1.3735098
0.2272210
0.1036551
0.2450980
0.5468451
1.0984101
4.0231261
33.5808601
98.9514465
148.1545563
142.6016693
130.1501923
174.8701782
241.7267609
289.8019104
307.1528015
218.3318176
71.4900742
47.7316780
33.7377930
30.7054482
89.6397171
210.7345428
248.1095276
131.6948700
36.6915817
11.4567099
12.0396090
41.6048317
54.6784859
33.0812531
29.4716320
38.0622597
67.0612640
91.5851822
69.6633759
25.7110786
9.4665728
16.6176090
30.9665718
27.9033051
19.3837967
9.2232294
1.1065159
0.5475590
2.6024992
5.8036556
3.0446754
0.7645608
0.8311352
0.8924789
0.8742623
1.1194456
0.9778844
0.4622903
0.2499250
0.2012001
0.4209251
0.5549688
0.5104429
0.5226516
0.6128295
0.5783982
0.5372804
0.7776118
1.1234839
0.8375188
0.2028338
0.0199957
0.0019240
0.0000000
0.0000000
0.0000000
0.0000000
0.0000000
0.0000000
0.0000000
0.0000000
0.0000000
0.0000000
0.0000000
0.0000000
0.0000000
0.0000000
0.0000000
0.0000000
0.0000000
0.0000000
0.0000000
0.0000000
0.0000000
0.0000000
0.0000000
0.0000000
0.0000000
0.0000000
0.0000000
0.0000000
0.0000000
0.0000000
0.0000000
0.0000000
0.0000000
0.0000000
0.0000000
0.0000000
0.0000000
0.0000000
0.0000000
0.0000000
0.0000000
0.0000000
0.0000000
0.0000000
0.0000000
0.0000000
0.0000000
0.0000000
0.0000000
0.0000000
0.0000000
0.0000000
0.0000000
0.0000000
0.0000000
0.0000000
0.0000000
0.0000000
0.0000000
0.0000000
0.0000000
0.0000000
0.0000000
0.0000000
0.0000000
0.0000000
0.0000000
0.0000000
0.0000000
0.0000000
0.0000000
0.0000000
0.0000000
0.0000000
0.0000000
0.0000000
0.0000000
0.0000000
0.0000000
0.0000000
0.0000000
0.0000000
0.0000000
0.0000000
0.0000000
0.0000000
0.0000000
0.0000000
0.0000000
0.0000000
0.0000000
0.0000000
0.0000000
0.0000000
0.0000000
0.0000000
0.0000000
0.0000000
0.0000000
0.0000000
0.0000000
0.0000000
0.0000000
0.0000000
0.0000000
0.0000000
0.0000000
0.0000000
0.0000000
0.0000000
0.0000000
0.0000000
0.0000000
0.0000000
0.0000000
0.0000000
0.0000000
0.0000000
0.0000000
0.0000000
0.0000000
0.0000000
0.0000000
0.0000000
0.0000000
0.0000000
0.0000000
0.0000000
0.0000000
0.0000000
0.0000000
0.0000000
0.0000000
0.0000000
0.0000000
0.0000000
0.0000000
0.0000000
0.0000000
0.0000000
0.0000000
0.0000000
0.0000000
0.0000000
0.0000000
0.0000000
0.0000000
0.0000000
0.0000000
0.0000000
0.0000000
0.0000000
0.0000000
0.0000000
0.0000000
0.0000000
0.0000000
0.0000000
0.0000000
0.0000000
0.0000000
0.0000000
0.0000000
0.0000000
0.0000000
0.0000000
0.0000000
0.0000000
0.0000000
0.0000000
0.0000000
0.0000000
0.0000000
0.0000000
0.0000000
0.0000000
0.0000000
0.0000000
0.0000000
0.0000000
0.0000000
0.0000000
0.0000000
0.0000000
0.0000000
0.0000000
0.0000000
0.0000000
0.0000000
0.0000000
0.0000000
0.0000000
0.0000000
0.0000000
0.0000000
0.0000000
0.0000000
0.0000000
0.0000000
0.0000000
0.0000000
0.0000000
0.0000000
0.0000000
0.0000000
0.0000000
0.0000000
0.0000000
0.0000000
0.0000000
0.0000000
0.0000000
0.0000000
0.0000000
0.0000000
0.0000000
0.0000000
0.0000000
0.0000000
0.0000000
0.0000000
0.0000000
0.0000000
0.0000000
0.0000000
0.0000000
0.0000000
0.0000000
0.0000000
0.0000000
0.0000000
0.0000000
0.0000000
0.0000000
0.0000000
0.0000000
0.0000000
0.0000000
0.0000000
0.0000000
0.0000000
0.0000000
0.0000000
0.0227620
0.3361473
0.9827638
1.5611863
1.7933379
1.5584737
1.1035466
0.6666676
0.4757241
0.6406077
0.8725327
1.0119711
0.9317303
0.6416411
0.4942313
0.6465934
0.6875777
0.7405677
0.6043471
0.6223072
0.4975060
0.3529865
0.4500996
2.9268394
9.2051945
15.4589949
16.1300144
12.7265310
11.9466171
47.7394257
172.6359558
308.8115845
345.5279846
282.6168518
207.7491913
151.0385742
163.5262756
190.6857910
223.2485046
197.3207550
142.2598724
110.8503113
112.5330048
97.1889572
76.0445023
80.0205994
91.2087708
38.0385895
3.8792777
2.8679848
36.4402924
116.5790558
168.1629791
154.2550049
109.1954803
61.2923813
63.9487610
72.3137894
23.4510021
13.9376583
7.1966267
2.7618666
1.4175551
1.3360126
1.6439735
2.8343251
3.9360542
3.9551635
2.6631832
1.4475721
0.9333346
0.7659225
0.4762125
0.3495398
0.4011114
0.3665868
0.6871495
2.9087863
4.6149740
2.9263716
0.7718191
0.4695391
0.3922188
0.7122171
4.2714834
8.2962980
6.9131842
2.2997489
1.0710044
0.7780602
0.6508989
1.0159857
1.2895056
1.2209948
0.8221753
0.6080365
0.6515191
0.6993085
1.3685932
25.8808422
120.1207199
253.5931244
319.0796814
269.9904175
171.9538574
134.7333832
120.2786179
94.7906952
134.4069061
217.7625580
243.5451508
212.7153015
201.0851135
179.4007416
134.4133301
93.4681091
53.4595947
8.8728313
0.2933401
0.6303166
2.8958769
4.2918668
0.9870559
0.6410740
2.3941865
4.6119823
3.7372503
2.0018771
1.1926005
0.7356365
0.7778585
1.1546029
2.8604310
25.8198586
84.0942535
137.0063629
129.3266144
57.0078049
8.6224670
1.1133404
0.6515020
14.8948717
88.1086121
224.3849182
417.8361206
549.7175293
462.0055237
266.8994141
111.1281891
121.9229965
153.5667114
207.5967712
243.2216034
217.0566864
101.0450439
26.4312096
17.6343937
51.5252609
99.1612015
152.7288818
145.9051819
103.0663757
47.3316956
29.7055740
16.4383049
7.7895918
39.9849052
175.5042267
273.0000000
253.0451813
132.1026611
70.7462540
90.5572739
141.7661438
246.2695618
358.5444336
438.2359924
482.3652039
386.5211182
154.4184723
56.8881683
102.5553589
123.3106384
118.8193893
153.0137939
142.9551239
90.1892242
38.9728889
22.6857357
13.3457651
11.6233549
35.3927269
79.8080902
126.1718750
121.5433884
83.0887985
33.6766548
8.1013556
2.2913682
0.6399187
1.1868382
3.8314400
4.9667320
2.9681513
2.0459547
4.0640469
27.0956097
70.4503098
101.0046158
111.1692505
98.6578293
69.4377213
36.0684624
16.6026039
9.8398457
7.9794912
21.2014236
30.2768555
35.8613205
53.8737106
102.6137466
188.0075073
276.1108093
312.0958557
278.8826904
239.0139465
215.9907837
209.0803986
144.4164429
84.5570679
64.4345779
72.3255005
72.1392670
26.6455917
3.2495584
4.0719090
25.1251011
63.3586655
73.0382690
37.6643600
9.6618223
4.6942511
4.2664042
7.5798297
43.7197838
104.9245834
138.2508698
134.1633148
136.3273315
183.3338776
229.4010162
187.1748199
170.5656738
183.0426178
140.5264587
93.1844940
78.9557495
76.8240738
57.6535950
29.0259972
12.9711666
5.5474024
6.3753257
33.7598343
84.0040283
98.4079514
79.7522278
101.5551224
190.6663055
309.8183289
404.6509399
398.2013855
348.9654541
305.8966064
206.6281128
91.3305740
85.8994522
148.4580688
185.9418335
170.6416931
135.2172394
108.6706009
95.2990646
129.3797302
249.6364899
273.9032593
188.8371277
66.8900146
21.9914074
12.2163162
12.6394224
23.2986107
13.8353643
2.6562169
1.0131766
3.7809510
8.8104286
9.9624519
7.1098361
4.9887943
4.0998054
2.5772734
1.2820797
2.7980576
15.2453480
42.8547859
65.0316162
75.3362885
95.7927017
134.3361511
151.5135193
116.1210175
53.6661873
12.9599552
2.1905043
0.4520597
0.2104306
0.2840309
3.5537472
6.4063897
5.6310778
2.2764981
1.7309550
1.7949179
1.2745696
14.6183624
78.1207047
163.7667389
235.2522125
315.6342163
409.7426147
414.8527832
311.6836548
205.3009338
176.8057404
152.6365356
92.3190079
35.7874603
9.4992590
2.5843203
0.5752640
4.2934852
71.8648834
183.9635925
261.2586670
223.9467316
96.3071747
23.5211315
8.2241287
2.5282278
14.9025002
116.9550476
246.8708191
314.0384521
249.7530823
133.1215668
93.1745911
96.4475403
99.4253616
85.1103210
70.7316437
51.4045906
38.4798813
40.4517365
57.4814987
54.2669945
35.0235443
27.5775471
40.7811165
42.8550339
20.3415375
4.8829503
4.4495025
6.6039801
7.2205129
4.6160259
23.4679108
98.6913910
204.2455750
233.3680115
131.4057617
31.0004063
4.7077017
1.4775331
0.7862660
3.0692296
12.4847498
13.3568649
8.1921425
1.3841698
0.7370982
0.3789216
0.5216671
0.8629386
8.9235229
60.3509293
139.4742432
194.7007141
205.2968903
199.2826996
202.1863098
178.7627563
200.8843689
211.5357971
169.7251587
95.7693634
39.7082634
11.4119940
2.6229870
1.4656675
1.2756107
1.1404965
0.7917022
0.8532941
1.6528854
1.6012304
0.9426652
0.7430388
0.6673928
8.2470894
67.6289825
173.9569855
235.9967499
187.5177002
72.7599182
17.6602936
1.9277314
5.1322351
74.5777740
217.2745209
352.5810242
440.5754395
453.7925415
354.4880981
212.8844147
150.8929443
252.6605377
310.4032898
369.5809631
384.9459534
312.9304504
187.7409668
107.2624664
60.2680206
41.4807587
48.1972504
35.5239105
26.1949730
25.1610718
30.2976704
55.1014709
114.8815155
174.5438538
197.8330841
153.0864716
93.9566650
28.0359612
19.8012619
13.8231592
7.1566901
3.7880709
0.7533403
0.5380535
0.5619923
0.9482050
3.4103169
21.2417336
66.3336792
119.2419891
147.5611725
136.9237366
149.8389282
188.3056641
239.1546021
220.4626770
143.7855988
74.2583389
36.9816589
16.8641777
5.0975461
5.2112684
88.8220062
195.4743195
225.8885498
197.9280701
149.3105316
83.7050858
23.5438004
7.6670189
5.5453682
43.1387901
135.7032623
164.5200500
143.6577606
94.3603363
50.3551826
33.3269768
30.9978466
33.8442230
43.1064377
65.0051270
98.6120758
116.9026947
109.6475830
86.9774628
85.1986847
81.0798340
86.3232803
73.1096649
57.6472473
40.2094536
25.3520622
17.6554565
13.2051754
8.1441240
4.2814679
2.5035305
1.5348072
3.6341722
8.3656282
12.0521460
11.5572929
8.4972649
6.2971406
5.2870755
4.1415739
2.7018483
2.3089588
14.2277832
71.1757660
193.5639343
305.4359741
289.6373901
121.6746979
25.9335403
9.3519382
12.5878773
46.6206932
133.6533661
143.2842407
76.6358948
24.7082596
21.1984558
110.9996567
309.0167542
339.1835022
207.5826263
76.0888367
7.3804917
0.6730911
0.7066250
0.5864183
0.8730821
1.9042872
1.4898405
1.1766210
6.3840332
36.3785667
89.8783569
148.2731018
187.4841003
211.7006836
246.6577454
291.2211914
327.9140015
345.7596130
282.9125671
204.7239227
134.9944916
63.6468773
20.8597240
24.2761536
59.2482910
69.1152115
53.8193855
74.2021332
105.4228668
134.0789185
107.7960663
100.6232224
138.8221130
202.5817261
149.0274811
98.8234940
65.0448456
30.7110596
6.0753207
1.3928409
5.8767943
13.9752254
22.5540352
21.1121693
17.7846775
13.5088015
12.3892565
13.2844286
13.1623201
9.8511486
25.4935951
77.4067459
124.1591797
99.1092911
35.2731781
22.2581863
28.6155434
34.7121735
37.7778435
39.9366951
57.4217720
80.2664108
106.2320099
140.1610565
169.8104401
183.8349457
161.7793427
98.1498184
45.3817940
88.8955917
147.6387787
138.1178436
101.3790894
115.2388000
123.7355652
138.3498077
169.2257996
147.7408447
57.5699043
13.9762383
5.6844463
3.5132146
5.3112078
14.4080610
38.8660431
48.3535843
29.2350502
15.0674248
7.1672440
2.5645683
3.1074095
6.9008818
6.3484282
3.8742661
11.8413467
64.2283401
166.1314697
240.5329895
242.1443176
206.5239716
127.9557571
57.8766022
24.7585831
33.2061501
43.7351151
65.4772720
144.3465729
236.4060974
231.0677795
119.7598038
28.2154198
13.8072681
41.2247772
197.3002167
421.1555176
460.6485901
340.1006775
212.9378662
145.4351959
114.5088730
89.3332443
36.8864594
26.6664524
35.3493423
41.9704590
41.8223801
79.9675980
165.9215240
202.9328003
138.4931183
49.0863876
13.6140089
11.9730015
28.3987694
47.0299568
34.6773872
36.2927399
35.9598579
21.3343754
9.3318186
2.6456530
0.8858127
2.2630827
2.7051463
2.0100029
2.9088666
3.7120209
2.5677087
0.7399884
0.2664132
0.2149140
0.3229141
0.5958664
0.8639016
1.0533521
1.2545850
6.7173195
29.5634651
56.0087090
77.0434570
107.6448669
133.4996033
161.7979431
190.4608459
198.8498535
193.5492249
186.6384430
201.8288269
234.9147644
179.4456024
89.0567932
81.7489624
186.3273468
336.2429199
390.7461853
315.2188416
200.7383575
101.2738342
33.4539185
5.8808637
0.7787876
9.5487614
40.5377769
64.5372009
50.0071030
32.9916115
21.4647465
20.1943130
30.7530136
40.5642014
21.5197296
5.2731280
1.0432221
0.4279593
6.7409101
22.5373611
20.4143600
6.1890879
0.4687486
0.1847764
0.2623895
0.3826392
0.6462478
1.0602739
1.0227023
4.9380121
34.1197891
95.4836884
159.8045502
180.9991913
153.7411499
128.7812805
108.2716141
75.1423492
56.5967827
54.4583702
65.9693909
65.1004868
51.1790276
50.8409119
65.0585403
81.6363220
76.6534805
115.7366333
154.1286316
168.8798065
156.2382812
78.6539154
23.8234825
20.1562500
29.6038914
32.2531281
17.6292191
8.1287632
1.9919890
0.2671297
0.5719990
2.0412498
4.0335789
3.1852889
0.8015424
0.3117277
0.4320940
0.4461312
0.6205572
1.0140696
1.3135171
0.8578728
0.5592873
0.8146850
1.2763969
33.6574287
157.3934479
367.1131592
522.3976440
470.0177002
250.1607971
103.3013306
70.1623077
28.6615658
9.2708664
4.2038174
22.3299809
53.9386330
73.7816849
101.6551514
140.7344666
141.8126831
99.9112549
61.2702560
63.8482628
58.4087753
36.4165916
17.9672985
9.1931200
4.8960733
2.4253860
1.1169020
1.7991685
2.6040163
3.0094020
4.7030425
7.3081236
7.3167357
4.8750219
2.9199784
25.2710953
110.2912445
230.4408112
310.7665710
309.1416931
246.2021332
221.5245972
183.9407654
173.4339447
232.7277985
234.9983978
221.5397491
254.7415466
295.2859802
310.1263123
343.0971680
272.6891479
114.8502884
46.7045746
57.5230789
56.1057625
38.4293289
30.4576797
23.4589653
17.4961166
20.2597656
14.8930712
9.2284861
3.2907002
1.5642443
1.1544693
1.1088495
0.9302936
0.6985582
0.4235429
0.6390108
0.9064869
0.8407613
0.6955990
1.0938728
1.5379298
1.3416173
0.5233465
0.1933883
0.0684002
0.0075586
0.0000921
0.0000000
0.0000000
0.0000000
0.0000000
0.0000000
0.0000000
0.0000000
0.0000000
0.0000000
0.0000000
0.0000000
0.0000000
0.0000000
0.0000000
0.0000000
0.0000000
0.0000000
0.0000000
0.0000000
0.0000000
0.0000000
0.0000000
0.0000000
0.0000000
0.0000000
0.0000000
0.0000000
0.0000000
0.0000000
0.0000000
0.0000000
0.0000000
0.0000000
0.0000000
0.0000000
0.0000000
0.0000000
0.0000000
0.0000000
0.0000000
0.0000000
0.0000000
0.0000000
0.0000000
0.0000000
0.0000000
0.0000000
0.0000000
0.0000000
0.0000000
0.0000000
0.0000000
0.0000000
0.0000000
0.0000000
0.0000000
0.0000000
0.0000000
0.0000000
0.0000000
0.0000000
0.0000000
0.0000000
0.0000000
0.0000000
0.0000000
0.0000000
0.0000000
0.0000000
0.0000000
0.0000000
0.0000000
0.0000000
0.0000000
0.0000000
0.0000000
0.0000000
0.0000000
0.0000000
0.0000000
0.0000000
0.0000000
0.0000000
0.0000000
0.0000000
0.0000000
0.0000000
0.0000000
0.0000000
0.0000000
0.0000000
0.0000000
0.0000000
0.0000000
0.0000000
0.0000000
0.0000000
0.0000000
0.0000000
0.0000000
0.0000000
0.0000000
0.0000000
0.0000000
0.0000000
0.0000000
0.0000000
0.0000000
0.0000000
0.0000000
0.0000000
0.0000000
0.0000000
0.0000000
0.0000000
0.0000000
0.0000000
0.0000000
0.0000000
0.0000000
0.0000000
0.0000000
0.0000000
0.0000000
0.0000000
0.0000000
0.0000000
0.0000000
0.0000000
0.0000000
0.0000000
0.0000000
0.0000000
0.0000000
0.0000000
0.0000000
0.0000000
0.0000000
0.0000000
0.0000000
0.0000000
0.0000000
0.0000000
0.0000000
0.0000000
0.0000000
0.0000000
0.0000000
0.0000000
0.0000000
0.0000000
0.0000000
0.0000000
0.0000000
0.0000000
0.0000000
0.0000000
0.0000000
0.0000000
0.0000000
0.0000000
0.0000000
0.0000000
0.0000000
0.0000000
0.0000000
0.0000000
0.0000000
0.0000000
0.0000000
0.0000000
0.0000000
0.0000000
0.0000000
0.0000000
0.0000000
0.0000000
0.0000000
0.0000000
0.0000000
0.0000000
0.0000000
0.0000000
0.0000000
0.0000000
0.0000000
0.0000000
0.0000000
0.0000000
0.0000000
0.0000000
0.0000000
0.0000000
0.0000000
0.0000000
0.0000000
0.0000000
0.0000000
0.0000000
0.0000000
0.0000000
0.0000000
0.0011309
0.2301444
0.8492116
1.3946961
1.3892511
0.9708496
0.6192004
0.5375707
0.5235153
0.6865167
0.6865172
0.5305115
0.5415974
0.6222064
0.6013944
0.6323331
0.9121753
0.8032843
0.5865971
0.4620137
0.4983768
0.3764694
4.2108784
46.9333572
155.1218567
274.7152405
296.9737244
197.8695068
80.1542511
50.1374512
75.1244278
31.4961796
7.7721348
21.2021446
67.3322449
105.1523285
107.6210480
79.6898804
76.3349304
116.9786224
152.3164978
151.0368347
110.9713135
62.1363602
41.0276756
34.7083473
22.1078396
14.1757193
12.7370977
15.2046576
17.8185234
19.1683617
18.5261402
12.7066765
5.8926859
1.7183435
1.0707648
9.3566313
54.4795303
124.0806732
173.7284851
228.5569305
285.9609680
251.8559265
112.1982040
28.1391277
12.3974676
16.8028412
31.2636471
27.1476955
8.5989418
2.0750484
0.5685956
0.4591475
15.6383667
85.3941650
193.4767151
280.4694824
277.9403687
197.0891571
102.9978485
53.5805969
15.6929913
5.0171981
3.0460334
19.7801323
51.4019089
59.1214142
29.6525345
24.1069469
56.6035995
124.2682495
177.2682190
188.3346405
145.4796600
99.4909592
59.7813187
73.9563446
96.3999786
29.3727455
21.9502888
11.9974642
40.1687241
199.6242371
297.5303955
239.4866943
117.1978683
41.6118279
31.7740059
22.2933273
80.6352997
147.9401550
224.6484680
302.6813354
345.4318237
286.6366577
216.5124207
219.1778107
181.0250702
157.3631592
117.2999573
102.7165985
76.6289215
56.6760216
28.2326107
7.8056040
4.9987936
5.6383662
24.7701569
99.5505753
179.0010986
207.3283997
175.9508514
137.3805084
134.1441345
151.7906494
160.8564758
184.1265869
177.4620514
129.7238922
81.8543854
96.6170502
134.2989349
125.5842896
56.2066040
15.5488300
12.0348969
55.0044098
240.7461700
325.3250122
248.5368042
112.8198853
42.1461334
8.3330660
26.3063736
87.1315765
86.6768341
29.8525887
5.2255735
3.4241686
51.3733788
218.3405762
299.8142090
243.4178162
155.5689392
108.8999939
114.5435562
53.9178352
5.6927934
2.4805021
26.9093819
65.8059616
65.2572937
42.1414452
41.9317474
69.5348206
123.1962662
163.6674194
175.2471466
161.7568207
133.3804932
89.2373352
46.7053299
103.5446701
117.0553131
68.8924332
41.8334885
11.3984852
4.1657243
9.7238560
9.0246019
3.2954772
1.9968666
4.0065856
6.8368874
6.8390331
4.5162611
3.1056099
2.8114667
2.6725616
2.7025504
3.3213279
2.9405293
2.1848483
3.6422141
6.1056118
22.7495823
73.4935760
131.0942841
155.4371033
127.1507263
72.9174347
32.8337708
8.0074139
5.5635400
4.6351075
5.4516258
4.2430682
1.3492292
0.4982505
0.5587533
0.8198503
1.0610291
1.3522408
5.6810713
79.7336731
267.6043091
515.3244019
739.7529907
1058.0147705
1401.4965820
1460.1883545
1000.3488159
503.1830750
263.4216309
197.3713379
201.2900238
203.1598969
211.6842499
220.1920471
242.9664459
235.1926117
158.1925964
56.6659088
17.2573795
13.2832928
18.5065613
20.7378998
38.0965233
53.7580376
54.2266273
30.5837021
9.4393597
24.5153465
101.4005737
229.8732910
335.6341553
319.8232727
162.6754456
47.6705399
15.4874096
10.0971546
6.7972622
27.8164234
77.3214874
105.9680023
112.3908157
126.8122864
153.2737122
186.3870239
170.0002594
109.8730164
65.2578278
84.9985962
110.3406677
104.0918198
86.1047821
64.6902618
52.3396111
61.4698181
131.8710785
135.9715576
69.2214508
19.5880089
10.7739105
35.5462761
141.8241577
212.7367706
157.3527985
86.4220810
61.4904175
65.2671204
117.0760040
159.5830078
143.4208832
89.0453796
70.6258087
36.7876854
16.7407799
37.6925430
102.1532974
174.1375427
165.1607666
148.6946716
108.0487061
76.1102982
69.8126907
94.8151398
118.8554382
85.8371429
31.7430840
24.7872963
39.3555336
34.6020164
25.7147655
77.0238647
113.9411926
115.8879395
92.2561569
60.4174004
55.9412231
102.7009888
125.6450424
82.4348679
35.1069565
34.2953796
55.0850067
86.0286713
108.9159546
110.0494156
99.0893555
78.8894806
59.6745682
46.2347488
47.0326805
51.5385475
58.2855949
60.1396332
54.6456375
71.9297409
89.2023087
94.4665985
108.1494675
118.6457825
138.3354340
191.8733215
233.2736206
228.9942474
227.9980621
245.8190613
212.1264648
156.9392090
253.5429230
299.4307861
296.0502319
212.4088287
123.9400635
85.1951294
33.6310921
16.1274471
122.6593475
278.3855286
261.8701782
107.6600266
27.7741966
18.5284290
56.2866974
132.8158112
150.0812683
111.2879944
52.2897301
22.6458683
16.4279480
26.9492493
36.6166000
62.6768036
173.7387390
314.0985107
362.2740479
264.6835938
226.4418030
209.0896759
200.8760834
79.3069077
12.0381794
1.6831193
5.0455184
144.9990387
298.8130493
288.2359009
228.3995361
188.8263550
134.4043579
120.5406647
232.9575958
162.6230011
34.8849297
25.2144318
56.0740738
120.8307190
126.6808472
70.8459015
45.1330261
36.2896767
34.4366150
32.3642120
17.0919590
5.2594633
3.4533274
3.3832011
3.3456771
26.8862076
87.0860443
143.7447357
159.4191132
134.1360626
100.9697418
76.5184860
67.8655777
158.7912598
197.1493073
189.7001953
195.9142914
198.1114960
136.6586151
66.5322571
35.4116592
30.1282387
15.8560123
19.2131386
47.4300003
85.6274414
82.3062973
42.0713425
18.0177689
10.2849712
9.8735981
21.9214687
114.8722076
201.7177429
206.6200409
143.5899811
100.2173309
103.2660828
74.8006439
35.7962112
33.7610321
17.4780922
14.1088991
47.3229485
85.5583954
112.6661453
107.9383240
60.9598694
15.4468470
2.7582023
4.2301717
12.7855110
28.5790520
49.0888634
64.4693680
91.2200851
120.5198746
136.6634216
123.0044861
95.2315598
62.3093872
38.6555290
34.8263359
44.7952843
55.1553879
50.6177521
32.2427101
24.3207893
21.1056366
28.9880943
96.0387192
198.8337097
265.9523315
266.3220825
217.9913788
179.9292908
142.4841919
84.1025391
33.4829521
28.8880234
28.7924995
57.7167397
92.2811279
83.3793259
40.8158188
11.4355698
1.2818111
0.6926233
29.8435745
106.3653717
177.7334900
197.3126526
204.7366333
218.9394531
151.3774109
111.8689880
117.6963806
100.5607300
56.1775894
14.6856184
1.4983809
0.5376170
0.4581610
0.6074549
11.0584784
57.9617538
118.3022461
148.0677338
139.8142548
145.3562317
160.6548157
176.1178741
197.6700287
145.3057098
109.5482407
83.3101120
114.9064255
111.1329880
62.4400520
32.4358063
87.6247559
142.4450073
141.3681335
103.0504532
63.1426010
45.3280067
44.4365158
43.3381691
52.0328140
92.4977951
146.9830780
196.7979889
260.5440674
324.8435364
321.4050293
244.0153809
176.6435852
183.0106201
132.9503937
60.9536362
21.9137287
13.2359715
13.7655907
9.2721815
2.2128327
7.8879595
15.8444128
19.2774677
18.8117447
17.9511337
16.6963615
15.5301170
13.0319424
12.4885302
9.8670521
8.7321930
9.6362267
5.9604301
2.3008208
8.3602009
25.7130508
36.9827538
43.4520760
77.2212296
115.0486298
119.8039093
111.2666550
115.0383759
119.3056641
122.1443405
138.6036377
128.3225708
95.1812210
99.5777664
85.5860291
30.7692165
9.4763451
11.4172611
9.7674751
49.1972580
159.3565216
250.3502197
251.1383514
127.2316132
42.2042999
33.9281540
28.9233055
10.4304028
1.5213660
8.6249895
45.4766121
122.8421478
165.9490967
165.0261993
90.7524033
14.5831509
1.7706269
4.9159093
78.5231400
213.8409424
253.9862366
175.8514709
69.3866882
20.5333233
4.4104600
0.9649206
1.9852681
6.6749191
11.0273857
9.9990082
8.9305477
10.6787796
26.4577503
98.2177658
199.8902130
228.0841064
146.7756195
72.1988297
75.2999725
106.2595291
117.2907028
115.8762589
144.8299408
192.4343567
229.4541779
251.1810303
217.5094147
115.4362869
48.4870567
47.0886154
48.1839600
36.5571823
14.8011904
6.2601628
2.9775419
15.0411339
88.6931763
205.9800568
311.2785339
323.7730713
234.6543274
132.4784851
86.7839050
64.3489685
60.8128357
79.9345398
116.5830917
131.9175415
102.4066467
74.3853378
72.4721222
78.0150070
82.2336655
98.0599518
161.2640991
134.6560211
92.3502731
82.2302170
97.9858093
54.4710159
28.4177284
25.6501312
50.9164963
101.6612854
150.2027130
170.8880463
161.2275696
108.0386353
50.6672363
18.4359188
10.0231857
2.5335467
1.5939512
28.6061440
109.6827164
179.2895203
203.1797028
175.8555145
147.1601562
121.6866760
111.5053940
183.5832062
274.1024780
281.4387817
269.7529907
273.3092651
249.4783783
167.2182159
87.0493774
56.7698746
54.0088081
44.8888474
37.6783638
77.5988464
133.5183411
128.4654846
64.2871552
7.0891476
1.6708380
1.8432214
10.7684517
31.9300709
39.6582718
36.5188637
33.3897247
31.1281967
26.5620861
22.4229832
18.4987717
14.0161247
12.1399012
14.1005650
16.9743080
14.9895382
17.6685619
57.0568123
155.7801056
237.6183167
202.4953003
99.5003891
36.8417816
18.1500473
53.9258728
167.0086823
229.1182861
150.0481415
53.8649826
31.9808235
35.5066719
77.5109711
133.3889008
135.5377808
88.4624176
64.7549973
52.4771729
34.5243683
49.1266632
146.9181824
237.5429840
172.1821899
76.6779404
87.7932358
132.9024048
128.7383728
64.0894623
34.3812408
13.8345308
6.4495420
29.7053833
103.4830856
126.2454910
102.0030060
67.7799225
50.5758896
60.9666786
124.3350525
190.9532318
195.6695709
159.1379089
137.5409851
96.7911453
67.7015839
37.1623573
31.2676430
15.0095558
2.2248995
2.2975001
4.4595203
7.0503788
2.7340553
6.7703462
20.6468468
28.8005142
23.6667366
17.7150345
13.1558838
10.2309923
8.9026461
6.8744078
5.2251701
3.6222041
3.0416996
4.4559917
5.1295400
3.3487864
1.4917777
0.9636778
5.5549383
15.5756807
28.9779167
41.2698555
46.0273590
44.5804253
81.0374451
170.8220215
306.4603882
428.0675354
428.6072998
258.5772095
125.0383606
53.4377632
29.9698410
56.9115639
128.7937927
160.9637146
104.3684235
31.5708408
7.4161429
0.8075960
1.3519465
50.1987114
263.5087585
467.3171692
572.4035034
524.0470581
391.6004028
221.8283081
119.5349960
44.8618279
44.3000755
48.3603973
73.2206421
133.9889832
170.6279907
162.6427307
147.8450317
199.6667786
239.6009521
231.5764160
141.8567505
46.1907692
13.5862427
4.8151689
28.7150440
146.5240936
348.8356323
549.1390991
751.6196289
885.0761108
757.9317627
475.3863525
306.8154602
239.2134857
189.8225861
165.9423828
178.7506866
169.0477905
64.7006378
37.8331261
25.4000435
43.8485832
97.1298904
141.6815796
158.0259094
142.0148926
113.2120514
91.7852707
34.3928108
6.9135947
5.0838289
13.9559507
30.6098614
40.2766800
34.0578041
28.5274277
88.9730377
267.1686096
427.1963806
395.2037964
241.2172241
173.2878418
194.2866821
239.6328278
233.9173889
219.4316254
212.1661835
196.9393005
225.4207916
312.2977905
345.1881409
296.9561768
270.9739685
273.9772339
204.2017059
66.1371689
8.1645594
2.4401546
15.3911200
34.6602859
66.6717987
145.3623199
222.0998535
244.2909088
189.3330536
110.2722092
54.5596886
34.4818726
21.0965614
28.5231094
69.9422302
76.1198578
68.5891724
49.9490318
16.4195843
12.2309847
21.0156803
32.8589172
45.1822624
42.7207146
40.6863976
34.2645683
28.9684467
39.4858894
61.3257141
76.5488739
83.8748245
90.8328323
93.4405136
87.2206726
76.6322937
64.5117493
109.7199478
209.1075134
203.5811462
150.1867523
135.5689392
135.5008087
218.9164734
367.1198730
450.4891968
374.0207825
242.8672028
128.9939575
64.3361893
27.6124382
13.7599306
7.1743250
8.4967670
11.8204756
27.3449306
97.5008621
198.7544098
219.9978943
120.4480133
31.0874863
27.7156162
23.0889244
7.0905652
2.8913422
1.6820347
2.5393674
3.8226795
4.6314802
2.9006567
1.7061759
17.8149147
58.9226265
113.9221573
151.9487762
144.3065338
127.7137680
92.5681152
84.0918884
62.8697014
42.2966499
35.0104713
57.7686844
90.2795258
87.7133865
75.2466736
76.3588715
79.4720535
107.3156586
140.1575775
174.6464539
201.5276337
195.3681793
129.3714600
56.7755966
78.2893372
149.3732910
139.9585419
60.8776703
27.3236771
13.4899120
21.3605099
46.7355042
100.2365723
120.6418839
93.4814911
36.8193741
12.0717430
28.1215076
70.9239960
170.1426086
269.1254883
262.9190063
145.3986816
20.8574486
1.8982106
1.6617789
31.5966015
136.0401001
144.5087585
67.7595978
16.7171478
10.3162022
8.0613909
7.9811959
7.4641976
5.0420394
3.0341628
17.2063942
82.8479843
194.6187744
333.6848755
538.7606812
803.8441772
878.5761719
689.1367188
311.3160400
155.6123657
144.5778046
111.0599289
53.1507835
57.4767494
59.9703903
24.5627937
35.4765472
82.7280502
105.7019577
81.4426804
35.5890541
8.5224638
35.4375992
154.8485413
283.9630127
301.0889282
187.4520569
84.0614777
26.9988956
19.2638969
28.0094299
18.7635136
6.4585514
10.2574816
51.3627625
114.0516663
176.0057983
232.7375031
302.0181274
363.9617920
369.1865540
288.2346802
145.6966248
61.5619812
26.2719975
16.9988804
15.0660400
17.3563232
26.7887344
42.3109360
56.6350250
56.9039917
49.5793457
37.7469254
28.5164032
29.7597523
7.8432169
1.2664934
18.7454853
67.1428680
84.3296127
68.8082199
53.3799324
57.2717476
63.4108200
51.4445763
30.4294014
15.5765762
24.8819218
51.6305923
121.9282608
122.7054367
100.1567154
89.5764923
90.3693237
129.4331970
148.7991333
127.8557587
95.5470505
44.6498680
17.3265915
3.3856435
3.7757936
12.0040064
16.3304939
13.1365681
10.4350719
9.3620844
7.7281780
5.6558762
5.2250605
5.4816422
6.6308250
6.0293603
3.0679765
1.3968514
16.8353176
71.5853119
119.6233597
110.8343506
69.7140274
28.0998840
18.8707676
26.7500458
75.3449936
134.0305176
167.8977203
172.6407776
145.1326141
124.8863602
135.5194092
169.2253571
218.1277771
255.1041412
273.1145630
247.6821899
186.9930420
124.0501633
52.5785332
4.8037701
4.0749440
3.7275920
1.1810520
2.7796965
23.4144802
55.3547287
62.1629486
44.8865585
20.9071522
11.5320635
6.7544327
29.4713421
82.0012665
86.0622330
55.2376709
27.6048927
22.1154518
24.3229752
33.4358597
66.3905258
99.3588867
76.2378159
31.7264099
16.4309692
13.5732794
11.2009010
3.8621013
0.4425954
0.6436319
6.9467034
30.2184792
45.8667831
42.0236206
23.2550755
6.4653473
1.1340830
0.2945520
0.2654752
1.2971276
3.5234342
5.6999302
7.1743774
8.5572472
8.6649370
8.0908995
12.7666454
20.4901562
22.5493698
20.3246002
20.3181591
30.0180035
59.4270248
129.1833344
224.6894379
301.9479980
319.0580139
270.6558838
259.5387573
280.4819336
251.6956329
166.8580627
102.1740799
69.6712265
65.8810120
234.2854309
267.9205933
221.4010468
266.9123840
379.9016418
433.6522217
355.3964233
264.6915894
165.7391968
75.4759216
41.2090836
13.8972759
5.1637497
2.8614635
3.0935261
3.6558120
2.4423721
2.4503486
4.8134980
6.0947223
5.3006124
4.8473244
5.2813845
5.5222349
4.4562263
2.5786612
1.3015612
1.0214262
0.8271847
2.5705237
12.8371735
48.8452606
108.9103241
149.7872772
131.4058380
72.4046249
42.1995964
75.7175217
223.8522034
391.7397156
284.9468689
93.9080048
35.8858376
113.7385330
462.8829041
638.2921143
441.9813843
242.9339752
119.8652344
56.7652550
24.6981316
11.7964621
2.2192795
0.9234148
2.4302623
5.9020905
8.9265528
10.3196068
15.3640604
25.8770885
36.8078575
44.8766403
50.1224670
67.9121094
141.5433502
267.6532898
366.5079346
395.6301575
392.0295715
410.9949646
389.8245544
303.7080383
216.7585907
147.5997620
117.1375427
125.3268433
136.8891144
157.9979706
173.5885010
188.6972961
140.8157654
104.7179947
35.6147919
44.9756775
130.9341583
207.8003540
132.0471954
44.8266830
12.0622301
3.5855942
1.2877498
1.8293016
4.8452835
2.6189179
0.8014598
8.5684805
42.9397774
105.9799042
173.0894318
231.1889038
282.2041931
266.4523010
168.0571747
78.3759537
68.3472672
87.5316086
94.3358002
67.0292740
41.0329742
32.1117363
35.7539635
125.5776138
344.3089294
443.5099487
320.2765198
108.8141785
30.7058716
31.8984871
26.8019867
16.6708279
7.3640547
6.5589166
32.6041985
95.2737732
132.2051392
130.5199738
95.4896851
31.7921448
7.8967671
11.8730555
74.5144958
191.6094971
219.1530151
151.6911316
75.7695465
41.7671623
24.1824703
18.9291763
34.7432060
95.7589722
78.6550369
76.2801819
64.6170883
34.4671745
18.8941669
20.9746895
39.9821892
61.2197685
38.7022934
15.0550518
14.5177622
12.0779734
20.1218300
23.2760315
32.7907639
52.4325142
67.7663422
78.3212357
101.7581635
128.9114075
125.0347595
89.5460205
55.4199524
34.9362755
14.8244009
69.2416153
119.8451614
124.7433319
83.9492569
31.3658829
7.7475348
1.1799815
1.4127629
14.4083433
51.9631119
84.3431854
100.3537903
85.0191498
67.8065033
55.0885811
35.7917747
25.0465317
15.1619892
28.9581642
103.2925034
170.0307922
168.7173615
146.5275879
126.8087158
116.6194687
117.8321075
110.2196045
102.0343246
103.1845169
102.8369370
92.3323288
65.5954208
36.2833061
19.7783489
9.4380064
6.0733690
3.3529849
4.2370472
45.2811966
141.2867126
214.9561005
221.4184418
203.7548065
192.6541901
137.6970673
80.9448853
34.6271973
92.5935745
105.5819931
90.0065842
58.9916000
29.3368416
55.7061844
174.2947083
258.2195435
216.2619629
143.4398956
92.4999390
52.1525040
11.3528051
4.4458542
4.2314863
31.2989388
133.6611023
157.7547302
93.7045288
20.0520458
11.5681639
10.0689268
9.5518255
6.4314418
3.4697623
3.4000959
58.9460182
187.3871460
301.6794739
360.7536621
410.6492004
435.9620972
428.7417297
284.5921021
134.5851593
21.9580231
8.2882328
17.5878544
94.5494461
124.0665131
79.8362122
37.3549995
22.9039536
35.0883675
86.4045792
187.2451935
185.3732452
85.3960724
25.3939686
10.0067644
16.8633747
20.8580360
14.2759628
6.8619814
2.4313862
3.9417489
44.7811508
132.2076416
198.5950012
185.0668793
103.4193268
46.8783073
47.2046318
64.9205551
104.2537384
166.0337372
280.6802368
422.2236023
546.0687256
641.4861450
658.2977905
517.8530884
401.1481934
430.0395813
435.5216980
382.4271545
306.6686096
200.3309631
81.2893600
59.7962341
47.5613060
34.4718361
25.8437271
19.9013824
21.0632648
51.5163841
70.0633926
47.3384819
26.3190460
41.2679329
51.1526680
42.9143524
35.2225342
35.0179176
26.6667728
25.1290321
14.9934359
5.5258265
2.0421419
3.2160606
3.4935579
2.0598981
1.6626890
2.1763854
3.0836000
2.7770665
2.2504225
1.2143536
0.7536243
0.5395900
0.6388017
0.5451881
0.5694380
0.7949256
0.5616593
0.1906573
0.0086298
0.0002037
0.0000000
0.0000000
0.0000000
0.0000000
0.0000000
0.0000000
0.0000000
0.0000000
0.0000000
0.0000000
0.0000000
0.0000000
0.0000000
0.0000000
0.0000000
0.0000000
0.0000000
0.0000000
0.0000000
0.0000000
0.0000000
0.0000000
0.0000000
0.0000000
0.0000000
0.0000000
0.0000000
0.0000000
0.0000000
0.0000000
0.0000000
0.0000000
0.0000000
0.0000000
0.0000000
0.0000000
0.0000000
0.0000000
0.0000000
0.0000000
0.0000000
0.0000000
0.0000000
0.0000000
0.0000000
0.0000000
0.0000000
0.0000000
0.0000000
0.0000000
0.0000000
0.0000000
0.0000000
0.0000000
0.0000000
0.0000000
0.0000000
0.0000000
0.0000000
0.0000000
0.0000000
0.0000000
0.0000000
0.0000000
0.0000000
0.0000000
0.0000000
0.0000000
0.0000000
0.0000000
0.0000000
0.0000000
0.0000000
0.0000000
0.0000000
0.0000000
0.0000000
0.0000000
0.0000000
0.0000000
0.0000000
0.0000000
0.0000000
0.0000000
0.0000000
0.0000000
0.0000000
0.0000000
0.0000000
0.0000000
0.0000000
0.0000000
0.0000000
0.0000000
0.0000000
0.0000000
0.0000000
0.0000000
0.0000000
0.0000000
0.0000000
0.0000000
0.0000000
0.0000000
0.0000000
0.0000000
0.0000000
0.0000000
0.0000000
0.0000000
0.0000000
0.0000000
0.0000000
0.0000000
0.0000000
0.0000000
0.0000000
0.0000000
0.0000000
0.0000000
0.0000000
0.0000000
0.0000000
0.0000000
0.0000000
0.0000000
0.0000000
0.0000000
0.0000000
0.0000000
0.0000000
0.0000000
0.0000000
0.0000000
0.0000000
0.0000000
0.0000000
0.0000000
0.0000000
0.0000000
0.0000000
0.0000000
0.0000000
0.0000000
0.0000000
0.0000000
0.0000000
0.0000000
0.0000000
0.0000000
0.0000000
0.0000000
0.0000000
0.0000000
0.0000000
0.0000000
0.0000000
0.0000000
0.0000000
0.0000000
0.0000000
0.0000000
0.0000000
0.0000000
0.0000000
0.0000000
0.0000000
0.0000000
0.0000000
0.0000000
0.0000000
0.0000000
0.0000000
0.0000000
0.0000000
0.0000000
0.0000000
0.0000000
0.0000000
0.0000000
0.0000000
0.0000000
0.0000000
0.0000000
0.0000000
0.0000000
0.0000000
0.0000000
0.0000000
0.0000000
0.0000000
0.0000000
0.0000000
0.0000000
0.0000000
0.0000000
0.0000000
0.0000000
0.0000000
0.0000000
0.0000000
0.0000000
0.0000000
0.0000000
0.0000000
0.0000000
0.0000000
0.0000000
0.0000000
0.0000000
0.0000000
0.0000000
0.0000000
0.0000000
0.0000000
0.0000000
0.0566519
0.4578031
1.0510504
1.3240469
1.3129734
1.1245852
0.8147037
0.8016739
1.2018363
1.7085826
1.4022803
1.4788558
2.0856385
2.2986054
1.4092251
0.4851095
0.2394590
0.2320358
14.9552813
89.5049057
189.7334595
237.0588684
219.2500153
214.1672211
284.2749939
357.4195862
329.3351746
209.5310669
136.1043854
68.5475616
30.0193367
15.2470293
12.5116644
7.0695090
2.4221952
31.2704659
108.5730972
172.7525635
174.6207123
149.0954285
156.5447998
174.0009003
165.4076385
129.0890808
141.1257477
147.6825409
117.7125168
78.9966888
50.3732338
100.6655731
142.8095856
143.0425568
160.9010010
179.3588104
161.1151733
108.3746948
77.6036911
107.9605331
145.9462280
87.1473007
26.6379051
17.9415627
8.9641256
5.0221119
2.8332553
1.4357527
3.1409359
7.2997909
11.3179283
11.5091810
9.6080647
8.5974674
8.2787180
7.7361016
6.8270946
3.8339615
1.3203760
0.5793977
0.5181112
0.7158971
6.4038043
34.4337921
93.9836426
146.6178894
138.9676819
73.5821686
38.2309685
72.1032104
123.7385864
185.2257233
239.4513550
242.8251953
203.4113159
152.3228302
74.0594330
51.1045380
164.2567139
189.5508881
149.4066162
106.6901398
58.2996292
49.0054703
132.0861969
327.9947510
493.5664368
506.8525391
370.9826965
183.6833191
119.2207336
92.9338455
41.1405792
78.5068970
244.7661438
272.2915649
188.4161530
46.9507561
10.8130493
23.0047855
44.0453720
29.5275764
1.7494832
2.1762023
32.1334000
129.7943115
189.2402802
202.5824280
220.5469208
255.3415375
268.2134094
232.4936523
235.8071136
227.0549011
182.2052002
127.0150146
76.1173706
110.4127808
277.3534851
355.3865967
238.4077454
124.0122986
129.2489319
125.4839249
85.4217300
45.2056541
18.0345345
5.9096069
29.7964191
143.8637238
261.7075500
265.0671082
169.8151703
120.4558258
131.2013092
150.9916382
143.5601654
107.3596344
87.0340805
124.0959625
159.7148590
149.7870483
121.0488281
68.3803864
38.6908798
39.1629562
61.9093246
156.7332153
349.7415466
386.8513184
223.4123077
79.8163757
28.0772667
32.3647919
68.5473785
97.5714645
66.1326904
32.6749039
16.8282814
12.9448395
16.2923717
39.3030396
85.9197693
128.6435394
153.2698975
153.5879974
123.7068481
77.5301590
53.0237350
79.3861237
158.2332001
229.3277588
201.9449005
92.1016541
16.9590454
2.5911267
1.2790439
22.5504818
88.5951538
113.0247040
80.2123260
51.4928970
27.7440758
14.4264507
18.7264709
25.8650589
59.7689934
152.2393036
250.7193909
290.0819397
240.4341278
144.9920959
112.5239258
178.1240540
218.3728027
185.2901611
111.5152588
156.6513214
245.0734558
214.2322845
141.7133636
51.6525574
12.9894400
13.1700964
23.0901127
32.1962585
67.1770706
160.8945770
243.6294556
220.6813049
106.9177704
20.0841751
7.0717826
15.0075722
43.9516830
71.7609406
81.5748367
111.3768692
167.5547485
194.1157532
171.4712524
120.8608093
79.1824417
38.2152786
5.4065800
0.9068092
0.1489130
0.0860171
0.5098867
1.2716922
1.1903212
4.3882899
39.1055984
107.1278229
192.0231018
288.8888550
336.9369507
276.7407227
150.9658813
82.3523254
66.5931549
61.7908401
51.9998550
48.3301849
99.5965271
201.0955353
370.8224487
524.7926636
504.6639709
376.4942932
236.1720581
281.8236389
226.4744110
186.4290619
190.0269318
347.9745483
312.3810120
134.1005707
30.6554871
36.3791122
12.1695576
20.6588383
91.7802734
214.5017395
241.3288879
134.5021515
29.9110889
11.7013931
12.0651150
19.9328518
57.2759705
81.9088593
71.0220261
53.6844063
31.2477760
20.4005070
17.3045216
21.8762417
27.5877972
55.5079918
126.3101425
244.8619843
327.2539062
275.7054138
138.8588409
63.9193077
34.1040382
37.7361412
13.2882090
4.5069618
7.2743783
13.1937666
24.8911839
44.3336067
51.1013374
45.4992180
42.4773750
56.0206947
80.4735336
96.8783035
95.0352249
90.2511826
73.3277588
46.0718842
29.7172260
25.0911522
50.4289093
109.0193558
199.9055786
279.9663086
261.3010559
185.0948792
125.9424438
144.9794312
149.2990112
114.3034210
85.8717728
106.7889252
116.1104202
144.4219055
64.2151718
25.4549885
17.0637627
7.9247518
2.1840291
1.2717136
3.1218522
10.3447409
15.5960512
15.4411087
13.4686871
10.8320274
9.5864172
8.0363646
5.9866433
4.3456721
3.5688927
4.6996570
11.7867289
25.3223763
40.3071594
64.5821381
83.5632019
86.9123688
103.3209152
146.6850433
159.3592682
93.6371460
48.2656822
100.2334747
179.2984314
204.7271729
196.3157501
222.8660736
231.1560211
177.3725128
96.7751007
91.3061295
81.5931015
52.4595680
23.0488796
7.1996961
1.9877653
7.7327533
29.0375881
36.9145546
24.4281998
12.1029139
22.8069496
66.3233795
117.7252121
134.7139740
107.9343872
78.5961685
66.7055435
58.7517052
48.6893997
48.6677399
71.1749878
102.8320541
111.9630585
87.6114044
75.3725052
87.7751083
90.1806030
70.0888443
39.8091354
25.8257599
34.4244003
86.1801224
169.4695435
242.3061829
239.0617523
123.3159637
30.8727989
11.4485521
17.6183872
52.0754471
98.8850250
78.5097122
20.8457050
3.1384354
0.7758932
25.0467262
144.6522522
223.1403961
246.8565674
277.6470947
258.7571106
172.1617584
83.0118790
51.1564293
39.8875504
33.1303635
30.0632648
40.8251495
68.2781372
90.5271683
79.8036041
48.9441757
24.3093052
13.2641392
5.1993656
2.3482275
1.2548985
0.5647548
0.3148572
0.1928980
0.6542943
2.1926172
3.1798573
3.2377031
2.7042689
1.9111323
1.2698579
1.1292491
0.9325305
0.9553313
1.0218593
1.2716962
1.9881727
2.0262113
1.4295888
3.2937574
18.7034607
58.0815125
107.0959625
131.9365997
125.0661011
111.4867859
81.8998337
42.3657417
17.1738110
42.1920090
100.1672134
103.5437469
63.2603111
36.0448341
18.0771523
24.8282547
33.0667877
17.6495590
6.4404531
3.8901582
8.0226383
13.6866016
8.9745884
5.1294079
12.2121305
54.1359329
100.4045868
120.2538300
111.0009766
82.8954849
60.8149490
49.4234047
45.9627914
44.4419174
36.3755684
35.3046875
39.1371841
55.0421906
103.4719009
199.2167053
258.5954895
198.0532532
60.5400887
3.5996795
1.1586094
11.3614750
52.0260849
73.3823547
18.3623333
0.8329405
0.1780971
7.4998422
89.1633987
153.1750641
131.0895386
79.2386780
38.1994209
28.4687881
28.5928326
19.6996651
30.1031628
61.1862106
74.5662384
62.6780663
34.9850922
25.9150658
20.9672890
11.3853951
3.7686558
1.5445544
2.1813605
18.5366802
68.8797989
114.4096756
120.0541153
89.9338531
54.8337936
31.1249695
27.5628357
33.3774223
30.3324184
26.3945999
23.3864059
27.7493019
41.2776527
56.6533623
49.4783096
28.8425484
24.5900764
26.9460983
28.8186302
26.3574066
23.9469795
23.6681900
20.8421516
21.2107887
24.2898388
26.2679672
18.3207474
11.1680422
9.9288511
14.7161236
23.6006622
45.1658783
95.8827820
163.9249268
192.9875641
167.2564392
107.9292068
99.2030334
85.6275253
93.8359146
95.5663528
74.3521729
78.8595428
102.1032410
140.8473816
129.9466400
157.2042847
225.0093689
191.2514954
69.6172256
23.1530571
13.6585007
4.5381866
1.7627189
0.8854041
0.9605844
0.9864855
0.4310439
0.4339114
2.2939429
5.5198669
6.7068582
6.4280024
5.8794718
6.0417953
5.9911728
5.7142119
5.1943417
5.1322985
5.0786266
4.0745077
3.0228140
2.0448949
1.4948719
1.3873719
5.2174487
21.2332993
44.2043571
53.4117126
38.9376755
20.9284058
12.7367840
8.1785421
15.3578796
13.5900497
10.8772240
9.3702688
8.1934357
5.9635539
8.1648817
19.3092346
22.8259563
22.2005692
22.1496582
24.6711922
36.2770920
56.2948456
92.6254654
134.6193695
151.6655884
124.3751984
103.1436081
124.4671555
111.7722626
77.5438919
46.4924011
64.3464661
83.2785950
94.9799805
27.3502216
1.4753137
0.4892031
0.9953575
31.5711174
99.6924744
95.3668900
51.2937889
22.9399338
20.4943790
27.9355164
106.9266205
195.8201904
253.0715332
233.0255432
164.4866638
118.0710144
138.6029968
103.9601440
51.8557243
105.1387405
71.0056076
34.1880836
24.3051682
39.2205849
92.4674911
115.5582123
72.0751038
14.7586784
1.2154291
11.2443771
54.2066650
69.3688507
27.7565250
17.2846756
16.8992062
18.5148106
22.0315037
24.4265156
22.2909336
21.0251007
18.1590538
13.7058277
10.8732815
17.4505768
38.4342041
69.5900726
135.6973267
259.8233948
353.7687683
336.9938049
191.7160339
108.8070450
101.9076233
80.6443329
49.1314545
44.4976120
56.8327980
66.8281403
26.6003761
27.9804573
93.5838699
218.1793365
273.7097168
178.6116943
120.8065262
101.9146729
106.1196823
89.4134674
37.6309204
15.1880445
6.7372565
6.7688355
6.2721853
3.1038320
0.6669554
0.2008958
1.9823033
39.2695770
104.5602036
152.9818726
161.5437469
141.9161682
117.8362274
91.3095093
85.6145096
70.7952118
72.2031326
122.5675812
120.6927643
108.0628815
85.9354324
44.4688492
26.9669113
24.0714378
42.8534470
40.2621422
23.1244392
14.9573746
18.8325996
24.5685368
36.8954124
41.2165642
29.0369701
37.1568642
92.8767395
161.8372345
133.5404968
57.3622131
25.8712406
36.8016777
93.3535080
88.6888733
29.9922218
11.7755184
4.0340567
34.4366226
153.2164612
263.3889160
250.5594330
196.1945038
161.5122070
172.1175995
145.2026672
105.5474854
78.7933121
119.7985077
165.3872833
187.8990326
112.5868683
54.0704575
66.6680908
132.7575989
184.6868134
159.9122620
100.7540359
106.3560410
128.0744629
69.2494431
22.2705116
20.1474552
26.8944988
69.4358597
112.8627319
120.2309341
187.2814178
278.6620789
271.8057861
168.6919098
124.8134613
107.0450821
96.9650726
96.2760086
83.2346649
30.8405857
8.4744949
1.4407121
3.9864640
21.4954338
51.1243668
53.6085434
45.7059937
36.3749466
28.8484573
18.8275642
15.3529978
31.8701210
47.0769463
53.2923737
44.7150078
24.9025497
10.6730709
23.3210449
65.3039780
115.9512787
114.3822098
137.9479675
173.4230347
161.1357422
107.7918243
43.8664131
62.7937775
88.3426437
169.4929199
278.5992432
355.5331726
431.8804932
451.5925293
347.6466370
232.8777771
115.2613373
148.0546875
299.8210144
258.6301575
189.1946869
137.1024017
99.7456512
60.9773521
20.4952126
3.8287764
1.9609779
1.3272972
0.9203274
2.7758436
6.3333049
8.1178913
8.8877668
10.0239868
10.8652782
10.5771666
9.2669849
8.0675764
9.7106981
9.8926640
5.5672545
7.5857997
31.2296505
92.6227722
218.1144714
375.2029724
482.1040344
528.0637817
496.0712280
334.4605103
265.2469482
220.4156647
151.2655334
169.5352325
279.1440735
311.7486267
182.7962036
90.0652924
73.7298279
78.2119217
35.7407303
19.0619411
17.5124130
29.7966232
65.8747177
160.2490234
275.7387695
329.1827393
274.5696106
189.9434052
136.8126221
97.0692139
209.7303009
284.2395630
209.0975952
134.1498413
84.6047745
45.3855972
7.6420851
12.7530346
51.1882477
83.3731079
97.7515717
132.1592560
185.0338745
217.8992615
204.5204620
156.5317383
90.9854355
53.5150566
18.1122398
8.6134195
4.6657243
0.7969078
0.4891321
1.6421950
4.4879365
6.9965858
6.8478899
6.6234484
6.9852185
5.8712120
3.9041300
1.9527844
3.2960737
12.8828897
59.0840912
151.0169220
285.3429871
402.0671997
380.1289673
257.6886902
112.3348999
63.8025284
32.3050117
47.5140457
82.0215607
122.4335861
131.2704926
107.0672073
77.2308884
60.3994293
31.9285965
71.9554672
197.9812622
243.9494629
221.7724762
157.2983246
117.3991547
71.0180588
55.0352402
39.4393272
28.5566063
20.2754192
12.8138237
10.6803827
44.1595306
116.8575134
154.4743805
162.1614380
136.6658325
154.4853973
172.7486420
171.2584076
198.9924622
307.1280518
375.3089600
317.6690979
227.2624664
207.9750366
170.1171875
93.6590652
18.9479675
2.5573401
6.8400683
14.6912174
83.2856903
163.7648010
183.9812012
145.8311462
89.5404892
65.6175995
63.4166756
25.0383263
15.9717035
11.5158558
10.3973331
18.3605652
48.1296692
83.7511292
112.6042709
121.2071915
101.7824478
74.6927261
54.1884422
48.9218597
65.8909378
82.2613525
54.9924927
14.5693321
4.3222275
4.8131676
3.7859571
1.6486473
0.7389929
0.5269150
0.4321214
1.5687897
3.8128357
4.8668408
5.2756548
4.5833712
2.9986598
2.4957643
2.8345881
2.0921664
1.5598007
9.4510689
33.8435326
75.9936218
118.1679916
132.3379517
103.7419739
111.8929138
187.3662567
256.5624084
318.2888184
393.7579651
405.0302124
239.1162415
57.6320763
8.4547644
11.9369307
26.0410156
21.9248428
12.3918905
9.9971685
7.6166906
7.5509038
8.2301826
10.4791307
5.7265482
3.1585071
1.6103846
0.7917385
0.7270575
0.3158957
0.2530257
0.4872428
0.9738700
1.5644386
2.1309803
2.2969542
2.2358580
2.0634782
1.6432452
0.7384183
0.8784875
6.6553140
27.6102142
53.9718742
63.0227165
48.7976456
20.8219376
9.5950832
0.8468167
0.3524210
0.7051080
0.9007220
5.5953736
50.1290436
151.7196198
284.5284424
420.2873230
517.0616455
521.2608643
471.2230835
532.5911865
617.3569336
707.1992188
513.3103027
306.2997437
176.1193542
73.0577087
213.5269318
83.0588608
11.6793270
14.9975471
21.6084785
40.3545418
60.7653694
29.3060970
1.4136214
0.2610868
0.5768715
14.4233465
40.3787231
42.4515419
27.1026058
23.0411720
34.7290306
63.6366959
70.3641129
53.7253647
40.2823715
26.4404736
13.7137060
7.0527716
3.8826220
10.5177870
56.5146942
136.7576447
206.8835602
214.4619904
163.1043854
149.4321442
155.7691956
158.5186462
134.0660400
104.8155518
86.7213440
79.7507553
72.5786972
72.4586639
97.8564148
169.1700439
249.3769073
248.1916809
172.4004669
78.0722809
34.4246941
21.4272060
13.4267826
14.0638618
70.3565063
114.1590576
103.4360199
71.5921249
51.6634827
52.0111771
44.9302597
39.5898323
18.9714336
11.6934299
14.7684040
21.3813286
24.6933670
56.4089622
157.8843231
276.9088135
310.9560242
210.4699097
127.1907883
84.9414597
65.4698181
53.3555450
74.4074020
163.0960083
210.6956787
258.3085938
294.5855103
252.7030029
164.5406189
92.6037598
44.9830780
30.9743252
13.2096643
1.4561185
3.4962201
12.5953979
22.9143238
27.6076775
28.8060436
30.3031731
30.5398254
22.6916847
10.8286037
4.1817832
7.8905072
23.3572521
55.9209442
100.1220245
116.7280502
104.3169861
75.7115402
50.3033829
25.5727234
15.2068386
17.1942635
29.1011372
68.9889984
123.2581100
138.3425751
91.0841522
57.1419029
52.3341064
36.6518173
15.1283960
7.3470592
11.6749706
23.1738548
34.7285690
67.0764771
179.4625854
345.3110046
410.6209412
312.8744507
250.6978607
264.8404236
237.6603394
146.8961945
82.1097565
119.6189651
208.3005829
261.5199585
351.6848450
345.1292725
242.2428894
121.0579147
60.4376450
19.0634098
1.9100679
1.1961546
2.1130295
9.0029812
16.7635117
16.7347107
15.2060146
14.7507343
12.7965355
8.7397947
7.1442261
6.0946698
5.6762676
4.1095657
4.9631987
17.1073704
49.7213097
118.7836609
156.7806702
104.8380051
26.2447243
11.0671206
11.8278761
20.0699940
29.4066906
35.7743988
28.2885056
19.8414631
14.1798840
9.5306330
4.3109670
1.2827756
0.8306499
1.2916911
1.0228517
0.5079449
0.8576539
2.3777454
38.6841164
152.3792114
275.8156738
295.8441162
198.8552856
179.1975708
252.5240479
315.5663757
301.5813599
223.2354889
145.4444122
88.8992386
70.3873520
65.1164322
53.8224182
37.6270752
43.2287445
138.5907745
272.3299866
346.6232910
402.0354919
409.1728821
373.4449158
375.0437622
561.1900024
743.1857300
757.0056152
608.8778076
325.5256348
120.3948441
38.5281372
30.2000237
41.2881622
53.3041229
30.2152443
17.2785320
5.9032030
2.2725987
11.6139946
45.2518005
49.2178726
28.8864212
15.4449024
10.6245623
6.8663950
3.4310386
3.2628257
2.2230959
2.3022304
1.6643338
1.6712577
2.6936371
3.0881462
2.4148500
1.6811481
1.3330789
0.8947016
0.9783281
1.4566033
1.2884271
0.7563719
0.4536290
0.2301111
0.0840270
0.0069233
0.0001290
0.0000000
0.0000000
0.0000000
0.0000000
0.0000000
0.0000000
0.0000000
0.0000000
0.0000000
0.0000000
0.0000000
0.0000000
0.0000000
0.0000000
0.0000000
0.0000000
0.0000000
0.0000000
0.0000000
0.0000000
0.0000000
0.0000000
0.0000000
0.0000000
0.0000000
0.0000000
0.0000000
0.0000000
0.0000000
0.0000000
0.0000000
0.0000000
0.0000000
0.0000000
0.0000000
0.0000000
0.0000000
0.0000000
0.0000000
0.0000000
0.0000000
0.0000000
0.0000000
0.0000000
0.0000000
0.0000000
0.0000000
0.0000000
0.0000000
0.0000000
0.0000000
0.0000000
0.0000000
0.0000000
0.0000000
0.0000000
0.0000000
0.0000000
0.0000000
0.0000000
0.0000000
0.0000000
0.0000000
0.0000000
0.0000000
0.0000000
0.0000000
0.0000000
0.0000000
0.0000000
0.0000000
0.0000000
0.0000000
0.0000000
0.0000000
0.0000000
0.0000000
0.0000000
0.0000000
0.0000000
0.0000000
0.0000000
0.0000000
0.0000000
0.0000000
0.0000000
0.0000000
0.0000000
