0.0000000
0.0000000
0.0000000
0.0000000
0.0000000
0.0000000
0.0000000
0.0000000
0.0000000
0.0000000
0.0000000
0.0000000
0.0000000
0.0000000
0.0000000
0.0000000
0.0000000
0.0000000
0.0000000
0.0000000
0.0000000
0.0000000
0.0000000
0.0000000
0.0000000
0.0000000
0.0000000
0.0000000
0.0000000
0.0000000
0.0000000
0.0000000
0.0000000
0.0000000
0.0000000
0.0000000
0.0000000
0.0000000
0.0000000
0.0000000
0.0000000
0.0000000
0.0000000
0.0000000
0.0000000
0.0000000
0.0000000
0.0000000
0.0000000
0.0000000
0.0000000
0.0000000
0.0000000
0.0000000
0.0000000
0.0000000
0.0000000
0.0000000
0.0000000
0.0000000
0.0000000
0.0000000
0.0000000
0.0000000
0.0000000
0.0000000
0.0000000
0.0000000
0.0000000
0.0000000
0.0000000
0.0000000
0.0000000
0.0000000
0.0000000
0.0000000
0.0000000
0.0000000
0.0000000
0.0000000
0.0000000
0.0000000
0.0000000
0.0000000
0.0000000
0.0000000
0.0000000
0.0000000
0.0000000
0.0000000
0.0000000
0.0000000
0.0000000
0.0000000
0.0000000
0.0000000
0.0000000
0.0000000
0.0000000
0.0000000
0.0000000
0.0000000
0.0000000
0.0000000
0.0000000
0.0000000
0.0000000
0.0000000
0.0000000
0.0000000
0.0000000
0.0000000
0.0000000
0.0000000
0.0000000
0.0000000
0.0000000
0.0000000
0.0000000
0.0000000
0.0000000
0.0000000
0.0000000
0.0000000
0.0000000
0.0000000
0.0000000
0.0000000
0.0000000
0.0000000
0.0000000
0.0000000
0.0000000
0.0000000
0.0000000
0.0000000
0.0000000
0.0000000
0.0000000
0.0000000
0.0000000
0.0000000
0.0000000
0.0000000
0.0000000
0.0000000
0.0000000
0.0000000
0.0000000
0.0000000
0.0000000
0.0000000
0.0000000
0.0000000
0.0000000
0.0000000
0.0000000
0.0000000
0.0000000
0.0000000
0.0000000
0.0000000
0.0000000
0.0000000
0.0000000
0.0000000
0.0000000
0.0000000
0.0000000
0.0000000
0.0000000
0.0000000
0.0000000
0.0000000
0.0000000
0.0000000
0.0000000
0.0000000
0.0000000
0.0000000
0.0000000
0.0000000
0.0000000
0.0000000
0.0000000
0.0000000
0.0000000
0.0000000
0.0000000
0.0000000
0.0000000
0.0000000
0.0000000
0.0000000
0.0000000
0.0000000
0.0000000
0.0000000
0.0000000
0.0000000
0.0000000
0.0000000
0.0000000
0.0000000
0.0000000
0.0000000
0.0000000
0.0000000
0.0000000
0.0000000
0.0000000
0.0000000
0.0000000
0.0000000
0.0000000
0.0000000
0.0000000
0.0000000
0.0000000
0.0000000
0.0000000
0.0000000
0.0000000
0.0000000
0.0000000
0.0000000
0.0000000
0.0000000
0.0000000
0.0000000
0.0000000
0.0000000
0.0000000
0.0000000
0.0000000
0.0000000
0.0000000
0.0000000
0.0000000
0.0000000
0.0000000
0.0000000
0.0000000
0.0000000
0.0000000
0.0000000
0.0000000
0.0000000
0.0000000
0.0000000
0.0000000
0.0000000
0.0000000
0.0000000
0.0000000
0.0000000
0.0000000
0.0000000
0.0000000
0.0000000
0.0000000
0.0000000
0.0000000
0.0000000
0.0000000
0.0000000
0.0000000
0.0000000
0.0000000
0.0000000
0.0000000
0.0000000
0.0000000
0.0000000
0.0000000
0.0000000
0.0000000
0.0000000
0.0000000
0.0000000
0.0000000
0.0000000
0.0000000
0.0000000
0.0000000
0.0000000
0.0000000
0.0000000
0.0000000
0.0000000
0.0000000
0.0000000
0.0000000
0.0000000
0.0000000
0.0000000
0.0000000
0.0000000
0.0000000
0.0000000
0.0000000
0.0000000
0.0000000
0.0000000
0.0000000
0.0000000
0.0000000
0.0000000
0.0000000
0.0000000
0.0000000
0.0000000
0.0000000
0.0000000
0.0000000
0.0000000
0.0000000
0.0000000
0.0000000
0.0000000
0.0000000
0.0000000
0.0000000
0.0000000
0.0000000
0.0000000
0.0000000
0.0000000
0.0000000
0.0000000
0.0000000
0.0000000
0.0000000
0.0000000
0.0000000
0.0000000
0.0000000
0.0000000
0.0000000
0.0000000
0.0000000
0.0000000
0.0000000
0.0000000
0.0000000
0.0000000
0.0000000
0.0000000
0.0000000
0.0000000
0.0000000
0.0000000
0.0000000
0.0000000
0.0000000
0.0000000
0.0000000
0.0000000
0.0000000
0.0000000
0.0000000
0.0000000
0.0000000
0.0410792
0.4060292
1.1191931
1.7980926
1.9558794
1.4242864
0.7088209
0.3636048
0.3430319
0.3706529
0.3210122
0.3494842
0.4426929
0.3763718
0.4213927
0.4684592
0.4383852
0.5278362
0.5425574
0.4643951
0.5488526
4.1357474
24.6432991
67.7940674
113.2674103
142.2881012
140.1695251
113.4672928
87.2218781
61.1635323
35.7163124
21.0825615
22.1900616
27.8155289
27.6213169
24.2915688
16.5839958
15.3377142
21.8725281
36.6530495
54.5612221
64.4197693
69.0244217
81.3849487
86.1910934
77.5623398
59.0252876
35.9693718
35.0223961
32.3791924
16.0661640
12.0288944
22.8420143
35.0366211
40.4828186
41.5549736
38.7022285
29.9757957
15.4221554
4.5767789
2.7693920
12.5938768
32.4164658
47.5374908
47.1204758
50.3450241
52.5708885
50.2399712
54.8387070
67.8470612
72.7144775
57.4900169
35.9449539
21.2272434
23.1404762
29.2931480
34.4036293
37.2478104
29.1956940
13.8902187
22.6636200
22.3325100
15.4228621
15.6655960
17.5157204
23.8940220
21.0374527
13.1537838
5.1976876
1.0839200
5.2294374
26.1637993
44.0817642
34.9358749
13.0021887
6.4495549
6.2295427
13.0961323
20.8801689
19.7996273
16.9480324
14.6079702
10.1261406
15.0433950
34.5231285
47.7190590
48.5617371
53.5095482
54.5971603
47.7694626
36.0813560
33.1460381
41.7845650
36.2394676
26.2129574
10.4451370
5.6993241
8.3338346
8.8321419
12.9057302
16.5757122
14.8203182
11.1503706
7.4022169
6.0771379
5.5652161
5.1901302
5.1485939
5.7754130
5.0989261
3.5231891
2.5126548
1.9996594
1.3953321
1.0428236
0.7230298
0.5567744
0.6111834
1.0123646
1.1160213
1.0407178
0.9328439
0.9806547
1.0572556
0.9989750
0.8784987
0.8555865
0.6674018
2.4156551
17.7771931
47.7333412
88.0512238
119.4175186
107.6169434
66.3220596
35.5646935
19.8884563
11.5355358
10.2695751
26.2985115
48.7042618
52.6196899
44.0470657
29.4834557
18.5069981
25.5321903
34.2768173
24.4506912
11.0031776
11.8125954
22.6373539
41.2764854
28.4537735
14.0430689
13.1171150
8.9738741
6.2931390
4.7217641
6.9575109
16.0059643
20.5054073
23.1496258
24.1067390
21.3975506
15.3295689
12.2225523
23.7827301
23.0445652
17.8379173
11.7056513
4.0280781
4.0384688
4.1894264
2.5694969
1.8126494
1.7470493
2.4575729
3.1199298
2.5431955
1.6403165
1.6046261
1.6618670
1.6768053
1.3472443
1.1940715
1.3032699
1.3014148
1.0273770
0.5407474
0.4876526
0.4359167
0.4083785
0.4543053
0.4792606
0.4595435
0.5753220
0.6316774
0.6202936
0.4712449
0.4019765
0.4391088
0.5454776
0.3695389
0.3146671
0.3651384
0.4611886
0.5665954
0.6112567
0.4348324
0.3597327
0.4156898
0.5102810
0.5693426
0.5460608
0.4590153
0.4365355
0.5203912
0.7016833
0.7082486
0.5368900
0.5022362
0.4482213
0.5251384
0.7286713
0.7192253
0.5544732
0.4927821
0.4215310
0.5382190
0.5411053
0.4281881
0.4436450
0.5325189
0.5442476
0.4579112
0.4801801
0.5602973
0.6284329
0.4952317
0.4032669
0.3652992
0.3807116
0.7340564
0.8370245
0.6654989
0.5114892
0.5604198
0.4172379
0.3946382
0.8773249
2.2569077
8.7647486
19.1547546
24.3328629
21.3478451
17.2341385
13.9624615
11.6135101
9.9961414
9.3226280
13.1043825
24.8983383
44.5955009
58.7091370
59.7304611
45.5331726
27.0479126
17.1576385
13.3742619
12.7713175
15.6888800
27.2841492
44.2822609
46.8341293
33.0242958
10.7976532
3.0644858
0.4302604
0.3561351
0.5059789
9.3785753
24.7369881
32.2931099
33.3940125
40.2117233
50.0551796
48.3847351
29.9993858
8.4270906
1.8699667
0.0463040
0.2269235
8.8884220
30.1427269
41.6670609
36.7164574
26.1499557
18.2898941
8.6342249
3.8427091
2.9107766
4.2364783
3.0488389
1.9448820
1.3449469
0.6786773
0.3647267
0.5968883
0.5265565
0.5080911
0.5346633
0.6512864
0.5206782
0.4733414
0.4929467
0.4359071
0.4076180
0.4833450
0.6120048
0.5363804
0.5100015
0.4527746
0.3862252
0.5556943
0.4357440
0.3245358
0.3637665
0.5447485
0.5999720
0.4283729
0.2985976
0.2730799
0.3546340
0.4485430
0.3546516
0.3853335
0.3835835
0.4069088
0.4490299
0.6164771
0.9397617
1.3001099
1.0717057
0.4214433
0.2552112
0.5423590
0.8972738
0.9182143
0.9324678
1.1571935
1.2173177
1.1626589
1.1163129
1.3029857
1.4458961
1.4728203
1.3167827
0.9906037
0.6877955
0.4387737
0.3289305
0.6893331
5.9460707
24.6697788
47.3618431
54.8334198
41.6389427
29.1753025
20.9986706
16.1921444
15.8192043
14.8630753
9.7039528
9.1849318
9.2598467
5.8319941
6.8540769
19.8664837
43.3238754
64.2390976
54.2715149
18.9466305
4.6753254
0.9378224
0.1363080
3.1037960
28.8461742
66.4916534
82.9690475
84.6347351
82.5850525
51.1707306
23.5848217
2.8394487
0.4671860
0.0384116
3.4313364
27.7704735
51.9144325
49.1529312
28.7529469
20.1858006
21.1268501
23.1194305
18.5697098
11.6003799
7.8018627
7.3643003
9.9805984
11.6687183
11.7265158
10.1094532
7.5136561
7.9611292
12.8008032
16.4734898
15.2153692
13.9362364
14.2590628
16.1024818
29.3788948
48.3455315
51.0047226
41.0065384
29.1328297
20.8657570
16.8969460
15.6648664
15.7820787
15.8071566
14.5758791
11.2127819
6.6851368
3.1238408
1.7629217
1.1275514
2.3883822
33.4729156
97.8050156
139.3795624
133.4434814
99.8386993
80.5814743
54.0867386
45.4462509
50.3363457
41.6351585
28.1356945
13.6599512
2.3561044
1.0076097
0.1929762
4.1524158
15.8097620
23.5787506
29.6500835
37.2376938
38.6766281
34.6465416
25.5231876
15.6489639
10.7020588
8.0972614
7.8035922
14.2943573
25.7208118
32.3218918
35.4947052
33.9928703
29.5187721
22.0891037
13.4423056
16.5266266
23.8108978
24.3802910
25.5993824
27.0290031
30.4512825
35.3216438
36.7005348
30.9995403
22.7487755
11.9576473
4.6872768
24.9582405
29.3170376
24.5645580
14.4420729
4.9232912
2.9277101
1.5719733
0.9460067
0.9280021
0.6074440
0.5170307
0.5818533
0.6560160
0.4334728
0.3102705
0.4323550
0.6022988
0.6029750
0.5946574
0.5003242
0.4220134
0.3640947
0.4506048
0.4308855
0.5149780
0.5563243
0.4919770
0.3569734
0.3204543
0.3705667
0.4974744
0.4394289
0.3674693
0.3364114
0.2761598
0.3724985
0.4049167
0.5877785
0.6637164
0.6251488
0.4218265
0.3600089
0.4034745
0.3767218
0.2975098
0.3433613
0.4579906
0.5352458
0.5297248
0.5157207
0.5295194
0.6776304
0.5922756
0.5024465
0.4133959
0.4103982
0.5093005
0.3939933
0.3701055
0.5689340
1.8366618
4.0713296
5.5836558
6.6786757
10.8017168
15.3614826
22.4894905
35.8143234
45.4181366
40.5128403
25.8866787
17.9320297
12.4538670
9.5368423
12.6789112
16.1593418
19.6551056
21.2394218
24.2156792
37.6635246
63.3335533
76.9941254
59.0492630
39.7425804
28.5357285
24.5179577
18.6691608
17.3612270
27.3488884
24.8740082
23.5077324
19.6480064
9.3855362
3.9914470
3.2797999
15.1712332
33.1627998
33.2952194
16.7601585
3.9922457
2.4560125
0.5749902
0.5039405
0.5526575
0.2755908
0.2088791
0.2520756
0.5767012
0.6428771
0.4914567
0.4130681
0.3731100
0.4105040
0.4449860
0.5174044
0.5279245
0.5819498
0.6322678
0.5289818
0.6491821
0.7443513
0.8436258
1.1583037
1.2887535
1.0543244
0.8373491
0.5677564
0.4642048
0.5134455
0.5352291
0.6592972
0.7398182
0.6322334
0.4671960
0.4369720
0.4917183
0.4340392
0.4197354
0.4647731
0.5932239
0.6928407
0.8764346
0.9831706
0.7560347
0.8122291
1.6769286
6.0449429
16.8959751
27.0722446
26.8380623
18.2770329
15.3922243
24.5193214
34.7009315
29.1195850
19.5812511
19.8765144
17.7579956
10.4355927
12.8239908
28.3857994
31.2515316
30.1883469
32.7835770
26.7267303
12.5625687
3.0812676
1.2280772
0.7523923
0.4090078
2.7112806
15.8588743
36.9653282
49.7412605
43.9169693
24.3405514
15.2042418
23.4601765
33.2898560
34.1499596
29.4174442
22.7901173
17.3424263
21.0405407
16.7827816
10.3201828
13.4083805
17.6152840
17.9757271
15.9634428
22.0123520
35.6345367
43.5647240
39.6456947
32.1585503
29.1878338
26.8133163
23.8698044
22.4096909
19.8260651
18.8818398
15.9903402
12.0307903
8.7162495
5.0807929
2.7161245
1.4554906
3.8772302
5.3111706
4.4439268
2.7236478
1.6457026
1.9624295
1.5228242
1.2258383
1.3771429
1.6078410
1.0224531
0.4646135
0.4821004
0.5266451
0.5226517
1.0018915
1.1509072
0.6462787
0.3557683
0.5112373
0.6937528
0.7138827
0.5069123
0.2986146
0.3411569
0.4317394
0.4359174
0.4670315
0.6345139
0.5836763
0.5495360
0.6206871
0.5860866
0.8923012
1.9706123
3.4912772
4.5002747
5.3666153
7.5735321
11.2678089
13.2908783
13.8662367
15.0230751
20.8183975
33.8911438
46.6681480
46.4729462
37.5207558
32.5866165
32.9595642
29.1245747
25.2437267
26.4979992
17.6444359
6.5803099
7.0537457
9.7740421
13.9646969
22.5156288
32.5034065
40.7200699
43.8102455
46.9249725
57.4109840
71.2541122
73.2073593
76.6687164
77.5000610
70.5852585
53.5084267
38.1910019
25.1513081
12.9512014
10.4947157
17.4312000
21.8828983
18.9143543
8.6393833
2.4390194
3.0036800
5.3282933
4.6639242
2.7671540
1.7815487
0.7572985
0.6429133
0.5206097
0.5794932
0.6938136
0.6806018
0.4255651
0.5222766
0.4602433
0.4003401
0.4775410
0.5976817
0.7408049
0.4671481
0.3783780
3.2485471
18.4106388
58.1104393
100.7706146
106.6678085
74.7485275
46.0633354
37.5437012
28.9483604
16.6773930
8.1591482
13.3851767
16.9694901
24.2714615
34.9096184
44.4459724
48.4673996
53.5682755
52.8964882
42.6664696
26.5071030
12.7688046
8.8583593
9.4497700
18.2927551
31.0057678
36.1341209
34.2071991
26.0930595
19.6144352
13.4494038
10.0766306
10.1656981
8.9246149
8.9941187
5.8861456
7.5425692
6.3858356
2.5438368
8.5638523
48.5858040
108.5325089
127.9459381
83.8617172
39.3494835
28.8435707
32.3500443
40.1685867
44.9157867
49.0337830
64.0564423
53.4361649
39.0941238
25.8161316
14.5421057
9.7361107
10.1594019
23.3621826
37.2495499
29.0083485
20.4774818
15.5293064
11.3904028
11.9874144
8.9117079
8.5667782
5.9913449
0.6662917
0.8490247
8.9519100
18.7479782
15.8382759
5.1625376
3.4896152
3.9701493
5.0610204
12.8315954
25.5156326
35.3603134
39.5072136
38.6157761
38.1837730
39.2574005
33.8550835
36.4543419
47.3581467
47.4975204
39.9076462
27.1439762
12.2787333
5.5582166
8.2608480
14.3977709
16.8036785
17.1412754
20.5474129
24.0870533
17.5355644
11.3148918
10.8590727
8.7015228
7.2134819
7.6756587
6.9838467
1.6978863
0.3729003
0.3028297
1.1247748
3.7750363
4.6785750
4.3672328
3.5173571
3.2198579
3.0309989
3.4865298
3.1898565
2.8108480
1.8475320
1.0888753
0.9836126
1.0053903
0.9095252
0.4988512
0.1869585
2.4069178
25.3559895
63.1931076
80.4909592
58.6814499
19.7097988
5.4191275
1.9615251
1.1344972
11.2037716
49.6044312
63.4714050
43.8903809
14.5172930
6.6225080
7.5706806
16.5355892
28.3888149
59.3212471
82.4927902
75.6828918
50.4136620
33.5839348
31.1960754
62.6496162
74.1486206
51.8486404
26.5795803
19.1770744
24.5769596
24.5313034
14.5552435
7.8286729
4.4927030
6.7504330
6.2274103
1.4289498
0.4312320
0.3065560
0.2727816
1.1525649
2.1303959
2.4634113
2.0890634
1.4556134
1.0778958
1.2143443
1.3018935
1.3672092
1.2389642
1.4638751
1.4688351
1.4050096
1.2951512
1.4213270
1.5385458
1.4177520
1.4514536
1.5187992
1.4451550
1.1626025
0.8544980
0.6180955
0.5364110
3.7007003
21.3831444
47.1582565
59.1003838
44.6939392
20.8965187
6.5797896
3.1634593
13.2117567
36.0729179
51.5443153
45.3880882
26.5447636
18.7346783
23.2075272
26.7460556
29.2768936
29.8741283
22.3766136
9.8950443
3.4169531
14.0062141
40.1543617
60.4386673
54.7055054
38.9049034
25.4295139
21.0819054
29.3216763
20.1278820
13.7646418
14.2592411
11.6689920
4.6035252
0.7724532
5.7858229
28.4954243
51.1501617
53.0368843
43.6234741
32.4793854
23.2168598
16.1667137
8.4838371
18.0173130
50.7136192
38.4018822
20.6381569
24.2538700
25.3627224
18.6285648
15.3971195
13.1743202
11.5543890
10.3157349
13.6777058
20.9244785
25.8416824
26.4649811
23.9389877
19.3881817
15.7949181
21.4615631
28.5479317
25.9310646
23.9694405
22.9978199
20.0920391
19.2318459
18.9831810
16.0867367
13.5055876
10.8414831
8.8604374
4.2191644
1.4064084
11.8166656
24.9226971
32.7383080
31.7950859
27.8583145
19.1326046
16.0766621
17.8530750
20.5677090
13.8260260
6.7635417
5.6409254
7.5454469
13.4777431
20.5561790
21.9291496
27.6850319
29.2897263
19.2981281
6.0944538
4.8020811
13.5667295
33.3581543
43.3407021
31.8384132
18.0042515
11.5150051
16.6940651
14.4153214
5.7091179
1.2609510
0.5820646
0.5986946
0.6395839
0.6842712
1.4501717
9.3637552
26.0617599
41.3506165
45.1144295
38.9529839
31.6360130
23.9060383
12.7862339
12.0743036
14.1177940
7.8969655
3.0988665
10.8953047
21.2746735
17.8560848
15.3222094
10.9833965
15.2987413
19.4945393
25.5391521
37.5454483
47.4189415
39.6939774
19.0829144
3.2618771
1.6147959
8.5320082
18.1779346
20.9229374
14.6431656
15.2571669
33.9803085
55.6123352
66.8299942
69.7707214
61.0354919
40.7684746
22.2433662
8.1230268
6.2133765
3.6678596
2.3193893
1.8693044
0.8315288
0.4417576
0.3035022
4.4055233
15.8651791
24.3128014
23.6143036
18.9654331
16.5955067
16.2304344
18.5143356
17.5851650
11.8486042
3.6618838
0.2837033
0.5669584
10.6181345
41.1105766
51.9429855
41.8638229
34.7280655
32.0769615
34.1597672
38.0333900
38.2155304
31.6979866
19.3945560
12.6953526
10.1812820
8.9395981
8.8779459
6.3294439
3.6974845
6.2604804
11.2185993
19.0397263
20.5338173
14.5584955
9.6763735
6.2886901
9.3142519
12.0068722
6.4761815
1.0085803
0.2617796
4.4126549
16.2733917
23.3995285
25.0351257
26.0914879
25.4873028
23.0690117
23.7101135
24.0916805
18.8916054
13.3478928
22.2931747
20.6393166
15.3962955
9.8794708
4.4595184
2.3445690
1.9570011
1.1844599
0.6462682
0.6786107
0.8164401
1.2998714
1.4551920
0.8816286
0.5915734
0.8747856
0.9381453
1.1375040
1.1413798
1.1473790
1.3548396
1.4638343
1.1700552
1.0672106
0.9714546
1.2374583
1.3834413
1.0731399
0.8749483
0.9700919
0.8663809
0.8815472
0.9529451
0.8894298
0.9195538
1.0061448
0.9252821
0.7844591
0.7821687
0.9149522
0.8170264
0.6027846
0.5344035
0.5084327
0.4867885
0.5762137
0.9310887
2.3364687
7.0070820
15.3170424
23.4504929
26.7876854
23.9239388
15.8185892
12.0100069
18.3910065
24.3447227
24.1944675
20.0071030
15.8118048
13.0099325
11.1143818
8.4383116
5.1234522
5.2567959
5.4763970
15.0742645
35.6541557
56.0976028
58.1665077
47.2948418
42.8178673
45.0632133
52.1637840
54.7082024
52.8044357
46.3898087
45.3424988
52.6857834
62.8611488
58.8800774
46.5719070
39.1159401
45.5721817
57.8963890
64.6642914
55.3704681
38.8880844
26.9089241
29.4975929
34.6038094
33.0000687
33.2439499
29.5623512
18.8264542
16.8277092
13.7457418
6.5586505
11.6895218
7.8109560
4.9630394
8.1658983
10.4310436
12.4506264
19.4735107
26.7958031
26.7861137
20.7549477
13.9767838
9.4141302
7.8042727
6.5711632
6.1447072
4.7939825
3.6145096
3.0537174
3.1031394
3.4743519
3.4440243
3.2465940
3.7218118
4.6662908
7.5441484
11.7516556
15.5855160
17.0345306
15.8895283
13.5820904
13.6186676
12.5031261
16.6004181
34.7944946
59.2262840
69.9029465
63.7352104
59.8088341
54.2856941
40.4933090
21.3168430
23.8480225
26.2326756
19.9023342
14.5169659
9.3761873
5.3316083
4.9633417
5.2199430
6.6480417
7.9628077
6.9429021
5.7731433
5.3970699
4.8061323
4.4902191
3.8834150
3.4704540
3.4754450
3.4259462
3.1535053
3.3518009
2.9367652
2.5346158
2.2030880
2.2934208
2.5320408
1.9189019
1.9654760
1.8846400
1.6728237
1.3456653
1.0306243
0.9111456
0.7121335
0.6194261
0.7690668
0.5681471
0.3197841
0.2769777
0.3893183
0.5698773
0.8705377
0.8030795
0.5922688
0.5470225
0.7307264
0.9235471
1.0592877
1.2527853
1.4798740
1.5688411
1.5976502
1.5401739
1.8005490
2.1586754
2.2838974
2.2735858
1.8673637
1.6404574
1.5492440
1.7667773
1.8097155
1.6665635
1.8189402
1.6037697
1.3212937
1.0696062
1.2252083
1.1527615
1.0617001
0.9059920
0.8596907
0.8304374
0.9504101
1.2015918
0.9927160
0.6629059
0.4843341
0.4174587
0.4655389
0.3414717
0.4563262
1.5200162
4.0373726
7.5422707
17.3435822
30.8399544
35.7966881
28.8707924
15.0181160
4.5844727
1.0834254
0.2081989
0.1153941
0.3896915
9.8605261
41.4429932
82.1711044
96.3509445
69.6974411
32.4621391
9.0835905
2.5499978
2.3325272
9.8962002
14.5275507
6.6212912
2.1735697
22.6414108
66.5647278
87.0412064
70.5874634
45.6006355
31.4850273
17.1024742
9.5917158
10.3125439
35.7277031
70.8732910
59.0625114
42.7258377
32.9650116
31.0720596
44.0808716
39.2737236
20.8098507
3.9040043
0.4368981
0.4510438
0.9582987
27.4576721
84.8965378
110.6811218
83.4322739
50.7179222
33.9925613
32.8168526
18.7039070
2.7862453
0.2794364
0.1434313
0.1449064
0.9300669
1.5969044
0.6208742
0.7087137
0.5469342
0.2749234
0.2365678
0.3109819
0.4303828
0.5834460
0.6954048
0.5845643
0.4276367
0.3955112
0.4509900
0.4625837
0.4297755
0.4704638
0.4569609
0.5010829
0.5391471
0.4614076
0.3965705
0.3412813
0.3979288
0.4674616
0.5510255
0.3852491
0.3762376
0.4233692
0.5000273
0.5101400
0.5808577
0.6473106
0.4128160
0.3620082
0.3227945
0.4430309
0.6458756
0.5528859
0.3864117
0.2991894
0.2342109
0.3083412
0.5523464
0.5583724
0.4978045
0.4843302
0.3985151
0.4242627
0.4719470
0.4234974
0.3692746
0.4713370
0.5856496
0.5897131
0.4413460
0.3743670
0.4474586
1.5461366
8.2710829
17.4666367
18.1792717
8.7001514
0.7925409
0.3125750
0.4202359
0.3710579
0.3685442
0.2739534
0.3547183
0.4030799
0.4239935
0.3489027
0.3387422
0.4352000
1.6169757
10.9598541
29.9369183
42.7171097
37.1477470
23.7639713
15.8386002
10.0964117
2.1454148
0.6959237
0.5175666
2.4789546
10.1132679
18.9338684
18.3805504
11.3341427
7.9619365
7.7796621
8.7691050
9.3557072
6.1804204
4.0732918
4.3455491
6.8651814
8.8171558
6.7887745
4.8269348
4.1592517
3.0013983
1.5602554
0.8490316
0.6016952
0.5856783
0.4320379
0.3991355
0.5008761
0.5112615
0.4948274
0.5486174
0.5088277
0.4239617
0.4381461
0.4523766
0.4286164
0.4068020
0.3870991
0.3648254
0.4325460
0.5308448
0.6032302
0.7184185
0.6883675
0.6742613
0.7439947
0.4760479
0.3540401
0.4601757
0.5877295
0.5734715
0.5935656
0.5138154
0.6044554
0.6484200
0.5385160
0.4846618
0.4685704
0.4445412
0.4397205
0.4308513
0.4853912
0.6917969
0.6255617
0.4989397
0.4779920
0.3637165
0.5817249
0.7653822
0.7161972
0.5233513
0.4907680
0.6339948
0.6934395
0.6526713
0.4638959
0.3621876
0.3066088
0.4043627
0.4135105
0.4626879
0.5050970
0.5231928
0.4992046
0.3692146
0.3917460
0.3782346
0.3791461
0.4846175
0.5558875
0.5175018
0.5882928
0.7025006
0.9195689
2.0241742
3.4466419
4.3838463
5.4063139
6.9598036
8.2980452
8.3254261
6.2335548
7.2200375
17.3440437
28.9389744
32.0230904
29.4878445
27.6238480
26.2697678
22.1913261
22.6049557
18.1454697
9.6080761
10.0050716
11.3045616
11.0112638
16.6776028
32.0337791
39.5127907
39.2197037
28.2815533
11.1624737
2.6836419
1.3704664
7.1842408
17.1873741
23.4994087
24.0456314
26.7343960
22.0898323
14.9592743
14.7905312
21.0091782
39.1674767
53.6553764
60.4332504
54.8783302
36.9509506
21.0051918
12.6551552
5.0398712
1.4037145
0.5129182
1.3615929
6.5470901
15.9690933
23.0963249
26.2250710
23.9170036
20.6478767
18.1244965
17.9156075
19.9183979
25.3686829
32.2665443
37.4616203
33.5444412
26.8903351
22.6763515
19.5701752
15.3380699
10.7620478
16.7473640
24.0232563
21.4217758
18.3071499
14.4293118
10.9821234
6.3187728
3.7237701
2.6885414
1.8674217
1.5315100
1.2743704
0.7565742
0.6664482
0.6396925
0.5114187
0.6595753
0.5415776
0.4542387
0.5018386
0.5124760
0.4379235
0.5632750
0.5322549
0.4739307
0.4846871
0.3974414
0.3214157
0.3473187
0.4370728
0.3867568
0.4107912
0.5499167
0.5934727
0.3580912
0.2814859
0.4365641
0.5963256
0.5149490
0.3133450
0.3811330
0.7641135
1.3977680
1.5554172
1.3459448
0.8790645
0.5158343
0.4118409
0.3810784
0.3140905
0.3071256
0.4800847
0.7163588
1.1204281
1.3133882
1.0373472
0.9255646
1.5064565
4.4907389
9.9151993
17.2363167
24.2778168
25.0501251
21.1356201
12.9280958
8.4233475
7.2062755
7.4113464
12.5452471
27.2523537
34.1249657
23.5200996
7.2681136
4.1381416
4.9108095
3.8346887
4.3086338
3.3930364
13.8717337
34.4338074
38.5278625
22.2238102
4.0673499
1.4736662
0.1356765
0.1780322
1.8185899
15.0602894
28.3567486
32.1421204
31.5322781
35.1189880
37.0350227
28.3860073
10.9920378
1.9144158
0.1975241
2.7121682
12.9045811
24.2828331
23.9912338
17.8904362
14.3770466
17.1195526
24.2563477
23.5368977
14.1717291
6.7887626
5.7685714
4.2727151
2.2112584
4.9016356
14.1198940
21.6365070
21.8155308
14.4921913
7.7719598
5.9772401
5.9012542
7.5548239
7.6819434
8.9019346
8.5780888
6.5393519
4.0572386
2.8258443
3.3172250
5.1623940
6.9631739
8.2318335
5.6088710
1.6621664
1.6034690
8.8172607
18.0744648
16.4411201
7.0797534
1.6522465
0.4648616
0.3786366
0.4269469
0.3795765
0.3865840
0.4422393
0.3779685
0.3440224
0.4104761
0.4405782
0.3443554
0.4216351
0.5408207
0.5889025
0.6239985
0.5450813
0.5176465
0.4492146
0.3441654
0.3828879
0.4424314
0.3730946
0.4783610
0.6068774
0.2386591
0.0710835
0.0027685
0.0000041
0.0000000
0.0000000
0.0000000
0.0000000
0.0000000
0.0000000
0.0000000
0.0000000
0.0000000
0.0000000
0.0000000
0.0000000
0.0000000
0.0000000
0.0000000
0.0000000
0.0000000
0.0000000
0.0000000
0.0000000
0.0000000
0.0000000
0.0000000
0.0000000
0.0000000
0.0000000
0.0000000
0.0000000
0.0000000
0.0000000
0.0000000
0.0000000
0.0000000
0.0000000
0.0000000
0.0000000
0.0000000
0.0000000
0.0000000
0.0000000
0.0000000
0.0000000
0.0000000
0.0000000
0.0000000
0.0000000
0.0000000
0.0000000
0.0000000
0.0000000
0.0000000
0.0000000
0.0000000
0.0000000
0.0000000
0.0000000
0.0000000
0.0000000
0.0000000
0.0000000
0.0000000
0.0000000
0.0000000
0.0000000
0.0000000
0.0000000
0.0000000
0.0000000
0.0000000
0.0000000
0.0000000
0.0000000
0.0000000
0.0000000
0.0000000
0.0000000
0.0000000
0.0000000
0.0000000
0.0000000
0.0000000
0.0000000
0.0000000
0.0000000
0.0000000
0.0000000
0.0000000
0.0000000
0.0000000
0.0000000
0.0000000
0.0000000
0.0000000
0.0000000
0.0000000
0.0000000
0.0000000
0.0000000
0.0000000
0.0000000
0.0000000
0.0000000
0.0000000
0.0000000
0.0000000
0.0000000
0.0000000
0.0000000
0.0000000
0.0000000
0.0000000
0.0000000
0.0000000
0.0000000
0.0000000
0.0000000
0.0000000
0.0000000
0.0000000
0.0000000
0.0000000
0.0000000
0.0000000
0.0000000
0.0000000
0.0000000
0.0000000
0.0000000
0.0000000
0.0000000
0.0000000
0.0000000
0.0000000
0.0000000
0.0000000
0.0000000
0.0000000
0.0000000
0.0000000
0.0000000
0.0000000
0.0000000
0.0000000
0.0000000
0.0000000
0.0000000
0.0000000
0.0000000
0.0000000
0.0000000
0.0000000
0.0000000
0.0000000
0.0000000
0.0000000
0.0000000
0.0000000
0.0000000
0.0000000
0.0000000
0.0000000
0.0000000
0.0000000
0.0000000
0.0000000
0.0000000
0.0000000
0.0000000
0.0000000
0.0000000
0.0000000
0.0000000
0.0000000
0.0000000
0.0000000
0.0000000
0.0000000
0.0000000
0.0000000
0.0000000
0.0000000
0.0000000
0.0000000
0.0000000
0.0000000
0.0000000
0.0000000
0.0000000
0.0000000
0.0000000
0.0000000
0.0000000
0.0000000
0.0000000
0.0000000
0.0000000
0.0000000
0.0000000
0.0000000
0.0000000
0.0000000
0.0000000
0.0000000
0.0000000
0.0000000
0.0000000
0.0000000
0.0000000
0.0000000
0.0000000
0.0000000
0.0000000
0.0000000
0.0000000
0.0000000
0.0000000
0.0000000
0.0000000
0.0000000
0.0000000
0.0000000
0.0000000
0.0000000
0.0000000
0.0000000
0.0000000
0.0000000
0.0000000
0.0000000
0.0000000
0.0000000
0.0000000
0.0000000
0.0000000
0.0000000
0.0000000
0.0000000
0.0183418
0.3108538
0.8772484
1.2085150
1.0444989
0.6547760
0.4933847
0.5136716
0.5439619
0.6233461
0.5845091
0.6428900
0.5560288
0.4317202
0.4988431
0.6697567
0.8317105
0.8552565
0.8262554
0.7449290
0.8593612
0.8097216
1.1045375
2.1050258
2.2282531
1.3603010
0.5030209
0.3925690
0.3584867
0.9206808
1.5065055
1.3472838
3.6256626
20.1490002
47.7502327
64.9153214
59.7951279
38.7331429
27.3786907
15.3849201
7.1629820
2.3021417
1.4179227
11.0553188
32.7149048
53.9010315
62.9389343
55.5951996
46.5501175
43.4194756
40.1820297
35.5329475
37.7658119
33.0498886
11.8520670
1.2931805
0.3200207
1.8211774
6.1819558
10.7450552
18.0384827
25.7345772
32.0553818
34.0158005
28.8079700
20.3776131
16.5295906
20.0059052
16.4922409
10.0217304
4.8098359
1.1409571
3.7941632
16.7433243
27.8131275
20.7656937
10.6874514
5.9948750
9.6677837
13.9192963
15.8457394
13.6558876
12.6268692
26.5541668
41.0764198
43.5403023
36.5613785
21.3340645
8.6595297
6.3057342
8.8637934
7.4857416
1.8618906
0.6489478
3.8646376
14.5193977
29.6425953
45.7778091
57.0741196
53.2527809
38.0044518
27.0517292
18.9090347
15.7795496
20.3025742
13.4763699
6.1787739
3.3249063
4.5966172
20.0065384
43.2428780
34.6546516
10.9146051
2.3583748
0.4879051
0.2446736
0.5130975
0.8626837
0.6965001
3.9642780
13.6003284
25.6391373
33.0197563
30.7549915
22.9719524
14.5619192
7.2974157
1.1361202
0.2533726
4.1646986
14.0592175
18.8522301
15.6110582
15.0899477
14.6573524
12.4746704
9.9278908
7.1919909
2.9298363
1.4303466
9.0126400
38.0941620
65.4952316
66.5481186
46.7022018
26.0243607
10.3190298
7.2049375
2.4982042
1.9674953
7.4974647
18.4376392
17.6655464
14.1409454
11.1984243
9.8611355
7.9162779
5.0881720
4.2913051
5.7957268
8.6686258
11.5504169
11.2170582
9.7893801
7.2277803
3.3501232
1.8681368
1.9894807
4.5217261
12.6576052
22.0773716
24.0790157
17.1719322
11.0743961
8.8943062
6.7216115
7.6903272
15.7135582
33.3382225
47.4880867
48.0584946
43.8118134
39.6993370
34.4438972
24.1833534
30.3117294
42.8910217
42.4847641
48.9088173
51.9269867
44.0351601
32.7804871
23.4730415
14.1700335
6.5863028
2.2108502
3.3538251
10.7713070
21.0829697
16.8038349
6.8557944
1.9883181
2.0097356
2.1918056
1.4234761
0.8665752
0.5845323
0.3205744
0.2151041
0.3114163
0.4401996
0.4669993
0.5049267
0.5499328
0.4989140
0.3435108
0.4556253
0.5858184
0.5419861
0.6808442
0.7112067
0.6349809
0.7489811
0.7602503
0.7289832
0.7028469
0.7846803
0.9341041
1.0455896
0.8965265
0.8431836
0.7536497
0.7714772
0.7419183
0.7697340
0.8500443
0.9489179
0.9278168
1.0072576
1.0819999
1.0658770
0.8663391
0.7285899
0.5630801
0.6956019
0.8184918
0.6106726
0.4214915
0.5212270
0.5420235
0.6298641
0.7278199
0.6424372
0.6758020
0.5780150
0.5147927
0.3935360
0.4604686
0.4871797
0.4468747
0.4569516
0.4313739
0.5351948
0.5295935
0.4333099
0.4673033
0.5671560
0.5558364
0.7531738
0.9076471
0.8759415
0.7598594
0.5749578
0.5317297
0.4462880
0.4422258
0.4890723
0.5980781
0.8123621
0.5926133
0.3589932
0.3796788
0.4639748
0.5766417
0.6351160
0.6829661
0.5827598
0.6179140
0.7540666
0.8280813
0.6743604
0.5460429
0.4975113
0.4047841
0.4720120
0.4769944
0.3810492
0.7721059
2.0483861
11.2406569
32.8442230
56.9278603
74.4593430
72.5693970
50.1420326
26.3771744
23.2484322
25.5971432
56.8367996
105.5410767
119.8845062
92.9065704
57.6913185
34.8489418
36.7660332
66.4050827
85.0124741
67.9378204
48.0584869
42.6796494
32.5056458
20.2632332
15.1609077
29.7605324
70.3655319
100.6678772
84.0433655
57.0154419
46.7103310
38.3227463
19.0856304
7.3230162
14.4627895
33.0176125
37.1479034
36.6226120
34.8521004
26.3376617
10.7864752
13.6141834
54.6931267
111.8251343
135.3427887
118.7482224
87.8349152
38.6404076
13.3397360
3.5669456
3.0156028
58.6886940
163.4758606
214.1591949
171.0080566
101.3203888
57.1847496
35.2244110
28.2912178
73.6597977
103.0704193
67.2400589
26.5138931
9.0863276
3.0996988
8.0654783
27.1464272
38.6048584
24.4463501
10.2505722
1.6554977
0.2414621
0.5814087
20.0237656
66.5006790
105.1627808
121.5140381
110.5883789
94.0451508
84.8672104
73.5297089
59.0438652
43.0522842
19.1935520
23.7055721
37.4483299
42.3276901
49.6651077
47.1431541
27.6482811
10.3167200
30.4850464
38.7822189
84.2214050
80.1807632
50.3291512
19.2118759
9.9281826
13.1807413
10.1519794
8.5294609
11.5526838
13.4035673
13.2327738
10.9840717
9.7976799
9.3016796
8.8968248
7.1068726
6.9789805
7.7350645
8.6086864
8.3257618
6.7076921
5.6866827
5.2227130
6.2881331
7.7823076
7.9538450
7.0529418
6.4853878
5.8883457
4.7871428
4.0502982
3.6622400
3.8932538
3.7154152
3.2763424
3.2056375
3.0162973
2.8371863
2.3306584
2.1833963
1.9622725
2.0057831
2.1998060
2.1889596
1.6943142
1.2409517
1.1967551
1.4372026
1.4449286
1.0453908
0.9393681
1.0976645
1.3725388
1.7497615
2.4662530
4.2114892
11.2147694
30.7946320
66.4095688
110.6444702
135.4088745
120.2438660
74.2806702
43.8611298
21.2445698
7.5164857
14.0218592
40.0572166
57.1569633
44.3526955
39.5173531
46.3056450
42.1099281
31.6463108
24.1245613
23.8037891
26.8098907
25.6671391
22.0882816
28.7238712
41.7122231
46.0322075
47.0009766
55.4893379
61.9314575
56.5090942
45.8235207
41.4301414
38.3405457
37.2331123
36.1123924
31.8627739
26.5249672
29.4920292
34.4843216
25.4012833
13.9569445
8.6868801
8.4000978
10.0974760
11.2058010
16.6292038
21.1630325
18.8186417
13.9000969
11.9873304
10.8145113
14.7695332
15.9810562
12.3718071
7.4087887
6.9507022
14.5919495
23.9564762
32.7488480
45.0592575
63.4980888
79.6181488
73.2535629
47.4592094
17.6742573
5.6580052
1.7240113
0.3951668
3.4985549
20.2721252
42.3526077
56.6572113
51.8476295
41.2363663
34.4649696
44.5726852
34.8002510
15.8905478
5.6866560
6.3192153
4.8882666
7.4065971
16.5553951
12.4348106
7.8903275
8.0007677
10.9208479
9.7005148
2.7939196
0.8069999
7.5581079
26.0320950
42.2525558
42.6609039
28.5055141
12.2485800
18.0663033
20.3653107
13.1299381
3.9805593
2.4314883
0.7154009
4.0226669
13.3815403
23.8189735
28.1929722
21.3271370
8.1679325
1.9524101
1.2632152
3.9202278
12.7064276
27.6605301
44.0481529
50.1746368
42.0517998
29.1355858
20.1000786
11.7810564
3.6646864
0.9731919
1.3509071
4.7044358
7.8476629
5.4467630
2.2588391
2.0295408
2.3966303
2.1952503
1.5446930
1.6292374
2.4535325
3.5192368
12.3176222
35.6301384
53.7895775
47.6868172
29.0119133
24.8822956
22.1957493
21.0705318
20.7813225
20.5020313
11.6783371
7.6419435
6.8763289
4.1898208
2.1880071
8.5176411
16.9486485
22.1998596
17.8985100
10.0733585
12.4028778
17.3293724
18.1456566
19.1272869
23.1987667
27.6634693
26.2918396
22.5046463
22.9106255
22.3903561
16.9693775
7.8377509
3.9955673
2.7965922
4.2069120
17.4937916
27.1485043
28.8675518
25.3889332
20.4446144
15.1164589
13.0853291
16.9469032
19.7342701
18.3520927
15.1636581
11.0210886
5.2221608
3.7596755
5.0086904
3.9604130
1.9591351
4.9346495
17.5199432
17.8352814
9.6905947
5.4726591
3.1308541
2.3594210
5.9314098
7.9789391
7.0006433
6.4405503
7.4803138
6.8030186
5.4367747
5.1000171
4.5857172
3.7989860
2.3748822
2.0148258
1.6155448
1.0389688
0.3875767
0.2181419
0.2329935
0.6682227
2.0609646
3.1269245
3.7679887
4.0992756
4.2823639
4.4952874
4.4307384
4.0162525
3.7361751
3.4772477
3.4442506
3.7218504
3.9452920
3.6129699
3.3365021
3.1174734
2.9707620
3.4087586
3.1001074
2.9563332
3.7719500
4.4875035
4.1552572
2.9577558
2.4884088
2.2427881
1.4566183
1.0954440
0.9452254
0.6906871
0.2257385
0.2560458
4.4601727
21.5285950
44.5902252
57.6590691
60.1338043
65.1787643
71.6331635
76.5814514
70.0173645
46.3070679
21.3970890
15.4513817
23.5589294
24.0665016
20.0320091
11.7042379
3.7000499
0.5963272
2.8720570
21.7853661
43.5307922
38.3402786
28.0777607
16.0877514
7.6582260
2.9085250
3.6857731
17.6338329
42.9585266
64.8206863
62.2089195
47.0868721
34.7960167
25.8561859
25.8611298
39.0056801
53.3904953
47.1786652
27.8216019
14.3306494
5.8116326
1.1332939
0.4842176
0.2195894
0.2850700
1.3772918
2.4665809
2.4500482
2.1178389
1.8948100
1.6185237
1.4132230
1.2471812
1.0491468
1.2091638
1.3021623
1.3013272
0.9669944
0.8343723
0.5015727
0.6306241
3.1880062
14.5034809
30.0972500
41.0190697
40.4620743
25.4545689
14.9312496
19.9840279
32.3806458
41.8109970
50.8060379
56.7147980
54.6907120
46.8930588
40.7236481
33.0846214
31.8051033
34.4275475
38.2621117
33.4409866
26.6156120
28.3049049
48.5764236
81.5968018
117.1323318
143.3944092
138.3241730
119.3482666
99.8540573
75.8586807
51.5761757
24.6211529
14.4126148
21.6276760
65.3316498
99.1713181
112.0628891
98.6513138
85.7925873
77.1681061
63.2170868
38.3901978
17.6104507
25.1349125
19.1400490
9.0504160
30.5299091
50.8668137
61.3890533
62.8281822
53.8807831
42.2643967
22.0440636
20.4831734
37.7837982
21.3198357
7.2071409
40.4141541
54.2878647
46.5894661
30.9893150
8.0706291
21.7994022
26.9507885
21.0570793
19.6049900
11.7367229
1.4060469
0.2707464
1.3198519
10.2358246
21.9286766
22.8680534
17.1904831
17.1969681
22.4969425
22.1764812
19.2260227
15.5241661
10.9058886
6.8947411
4.7288437
5.1295009
7.0016351
6.6933331
3.1307697
0.8301471
0.5863073
1.4808785
2.7448761
3.7465024
3.8852644
3.4271343
2.5479722
2.0910232
2.0390749
1.9255354
1.5864208
1.6472754
1.7600818
1.6079028
1.4615515
1.2171787
1.1465921
1.1086036
0.9691586
0.9502307
0.8841221
0.9774363
1.2742001
1.5215237
1.7503915
1.4864764
1.2648927
1.2016416
1.0171857
0.8475057
0.8926446
0.7378307
0.7490462
0.7390554
0.6051474
0.4766643
0.3754408
0.4322156
0.4325496
0.3952486
0.8023952
2.1279643
5.2056794
8.8113613
11.9662094
13.6723995
13.2001982
11.7596598
11.4833765
11.7129936
12.4714413
12.8321161
10.8197994
9.8983231
10.3170233
11.5068398
10.7504330
10.3825569
10.2362490
10.1676311
10.6583376
12.2458553
13.6745243
11.5320148
10.5100508
10.8470192
11.2462931
9.4714899
8.2385244
7.8665824
6.9124746
6.6944408
5.9448209
6.0637703
6.0310125
8.1036005
11.8966179
14.9938898
17.3795433
17.8781052
17.4363213
16.9176903
19.6584167
23.6310501
26.8950462
39.3888931
51.5109177
57.2362595
63.7977257
67.4952850
59.8207970
38.8842163
16.2326965
15.3683109
12.7704868
20.5031395
25.1626644
15.5467472
2.7226157
0.3943115
0.5489450
10.1621990
37.7215843
53.1371002
51.9021301
46.6651154
42.4440727
43.8190193
42.1034546
35.6255150
30.0307484
26.6322861
16.5705490
2.9489605
0.4363736
1.2389435
4.7034273
7.7237759
7.2076716
5.6341395
4.3494477
3.7144442
3.1162238
3.3320723
3.0762296
3.1946681
3.3924465
3.3003349
2.6218328
2.0273476
2.0918720
1.7319882
1.5248312
1.0166942
0.7952682
0.8713951
1.0524685
0.9980701
0.6578155
0.8794999
3.7697678
9.3420353
14.5604935
17.6820278
17.5447693
14.8382511
11.0599403
6.3245697
2.8834686
1.0191969
0.6422620
0.3895861
0.4572383
13.4627590
50.6495323
83.4076843
90.6711502
77.3373108
56.3011093
41.7727013
26.7722797
16.6150188
18.7763042
20.4513264
21.5734215
32.0792274
44.1644669
39.8341789
23.8470955
13.3253365
11.8169003
12.3820028
20.6029224
32.3907433
45.5081825
44.6523361
30.5958710
17.0633888
11.1412458
14.9507399
13.9099550
11.0796967
10.1287823
10.1511993
11.5731201
18.9511909
32.4811668
51.6733665
63.1369362
62.9056168
57.2071304
48.0189018
54.7401619
63.3430099
62.5356064
57.1497383
46.8981972
34.6819191
26.9727478
20.6553535
20.8666458
36.6122932
56.4523239
48.0854378
35.1073532
29.5777435
24.3462849
23.5119781
24.1314945
16.2916679
5.0590482
1.0819724
0.1352402
0.8833635
17.8435917
50.7307167
64.7303391
55.6359024
38.7044907
17.9012909
17.0038261
23.3491325
52.1226807
46.3302269
28.1642723
28.1630116
30.4433575
27.2735615
25.6148529
17.8097019
6.8046069
7.7261996
10.1960278
5.4037347
14.6929808
14.1654091
24.1481705
22.5638313
10.3740530
12.3762846
19.7221622
41.7922020
71.5939484
90.9002609
95.7895050
88.9333420
68.7353897
46.8803406
27.4273911
14.7769794
7.8918762
5.1979599
5.7362576
3.7179527
1.6522150
4.9498005
9.9727688
15.1381645
17.1532230
15.6523256
11.0208988
6.7429938
4.4402704
3.1427889
3.2904794
4.1522474
4.8673096
4.5184932
3.3767655
2.2039437
1.1656460
0.4118305
0.5484418
5.2152743
15.0469160
24.5499992
28.6328678
27.1919785
22.9728985
18.8995285
14.9289122
13.3021841
11.6997166
10.5998716
14.6912489
14.5141516
23.3258610
18.8424892
7.7393231
0.5258105
1.5539973
9.7817078
15.9796820
8.5874662
0.1744555
0.0276773
2.3929665
28.0717392
78.2992325
108.3801193
96.3281326
55.6954460
38.8386230
36.2089958
27.7223148
24.6143112
23.1726341
17.1173592
22.4955387
28.9696693
32.2223969
30.2288055
24.0995579
13.2155409
5.4445348
12.7502604
11.8325214
30.2192230
56.4531288
70.0904694
60.9191284
35.8524513
34.4135056
58.5345650
45.3383255
14.6143780
7.6695580
8.7001400
11.8065920
13.5543194
9.4992838
7.7984142
7.1584406
4.4478569
1.6424283
0.4749004
0.6106606
21.4418201
70.6871262
105.7575455
100.0949478
66.4518051
44.7855415
28.1755524
20.2254162
26.1050663
19.3073025
13.3177490
13.4786263
10.9005175
5.6417608
1.1166329
3.9329519
8.2023163
11.3756256
13.5811481
17.7695293
18.7087479
13.4940538
4.5109315
0.9309188
0.5840308
0.4300297
0.1276571
0.0800658
0.2798534
0.7965099
1.0075715
1.2235577
1.4187672
1.4705837
1.1770494
0.9326038
0.9593108
1.3054397
1.0155737
0.7108208
0.5688772
0.6474133
0.6358148
0.4470430
0.2968076
0.3433728
0.4981954
0.9693674
1.3163614
1.0078878
3.0715742
11.5113897
19.8712540
20.0014744
12.9429827
9.0357742
9.8029118
16.7148190
27.0646534
38.8188896
45.2711105
40.4808540
31.6274128
27.6707993
25.0813370
25.6686096
16.8819199
12.9086246
13.9683552
10.3829708
3.7753425
0.8508768
2.7797093
11.1645145
21.2949448
24.3244400
21.0252419
20.1287479
22.0814400
20.7431793
21.7696857
20.8454876
14.1275578
10.6963110
21.4570160
58.6314964
92.4967346
90.0207520
58.1622353
46.6649818
52.4895859
59.9179688
52.3596001
39.5625648
24.3373241
9.2163773
31.0108662
27.8190422
19.8231239
32.0369911
28.6280632
8.3427544
3.9682541
15.2258673
9.3259697
4.0443344
7.1718550
9.4608297
7.4958973
7.0951729
8.0432987
6.9364657
5.9950113
6.2374659
6.5790043
6.0389814
5.8300457
5.7754798
4.6519279
4.2194157
4.1237593
4.1982193
4.4648638
4.1049585
5.6613083
12.1080246
19.7447338
20.6047935
13.0240526
6.1588244
4.9171391
7.7164979
10.9469643
17.2042656
50.2065926
87.2292862
86.2953644
48.5912971
12.5510969
6.5164351
5.1121821
4.3810024
3.3159759
3.7782774
14.6076651
33.7264748
50.0451965
48.7098885
39.9943161
26.1993580
19.7762775
16.8582249
10.6236753
12.8638706
14.9693584
15.7723694
14.9713993
13.8791313
10.8375874
5.4192715
0.6700581
0.1751628
1.9119236
19.5061512
46.3722992
53.8834457
42.3399696
28.3348083
15.9842529
11.1569901
12.4175930
29.2131519
31.8124905
23.1699905
16.2220402
11.8773651
20.6324139
19.0079689
12.2461319
5.2582173
1.8032489
2.6149645
3.0732858
2.0972450
1.0729579
0.7231406
0.6795474
0.6025168
0.5472441
0.5052218
0.5828198
0.4999044
0.5152844
0.4058965
0.2906378
0.4584324
0.9008120
1.2936466
0.9080729
0.3515754
0.2342592
0.4321361
0.7430535
0.6726214
0.5505517
0.4171788
0.7518093
0.9402498
0.8186277
0.5807140
0.7169927
0.5363451
0.3650265
0.3781375
0.5438969
0.4524866
0.3567409
0.3270383
0.4140539
0.3688284
0.4039475
0.3785118
0.4110463
0.4052610
0.5166853
0.5259924
0.4907545
0.5019274
0.4932410
0.4058343
0.3468091
0.3067714
0.4426540
0.6649493
0.8050086
0.6647193
0.5378618
0.6086080
0.6264315
0.4541414
0.4045014
0.3307603
0.3383955
0.3383396
0.3274723
0.3440688
0.4089705
0.4699448
0.5311902
0.5442404
0.4359247
0.3599960
0.4654576
0.6160445
0.6431327
0.4283459
0.2947835
0.2473340
0.4094852
0.6091076
0.6328098
0.6599530
0.5671789
0.4138171
0.4426578
0.3809324
0.5006311
0.7664914
0.8710202
0.8574454
0.7350010
0.5968819
0.4305369
0.3296506
0.4419992
0.5109131
0.6639741
0.8561605
0.7679468
0.4699607
0.3215015
0.3353639
0.3113124
0.5293781
2.1843462
5.3227348
6.1290059
2.9263010
3.6889958
17.2566566
43.2699471
83.0867615
140.5095673
175.6315308
124.4019241
40.0557747
0.5314927
0.1935625
0.9431444
29.8043461
95.0418396
94.4826584
56.7136688
28.1249638
28.5340748
55.6720467
41.7291298
6.3772106
1.5275300
8.0854130
37.6607018
91.9193802
103.5437393
103.2037735
77.4817505
38.3784752
14.8432312
25.8478298
47.2734871
29.7617035
14.1859684
1.5791714
0.4078714
0.7556138
7.8972473
22.8620434
27.3100147
16.4989910
13.0953293
27.7907391
38.3190002
33.1018028
28.8975067
39.7231598
46.6283340
41.6985016
36.8649635
29.3169689
39.3741531
43.0304070
33.8361282
25.7100048
15.8102932
2.2434452
5.3588400
2.9003778
1.6544771
1.6000450
3.1155734
3.6671588
2.2890081
1.2644898
0.5021703
0.3974139
0.6308253
0.5692194
0.5557311
0.6348518
1.2192614
3.4488811
4.7126226
2.8855395
0.3409592
0.4086334
0.7783507
8.3736162
20.8615723
28.8258553
32.2291260
28.6965618
20.4498501
11.5242500
8.4296589
15.9694901
24.8243656
26.3706169
24.2344093
22.9186325
22.9785137
18.3003998
10.2103214
7.2521009
14.0123606
23.5653419
25.5289860
19.6725426
18.0321541
20.0329132
18.3102169
14.7509537
11.5911083
16.1613274
9.1959085
2.7164223
2.6434603
4.9357114
13.9234543
28.3515568
36.2395630
29.2943401
16.9956570
8.6158094
4.6219234
21.1214485
26.6088543
22.8671112
18.6463165
14.3343601
9.8723078
6.0720172
3.7527049
2.0361691
1.1967280
0.5712404
0.3483522
0.3931639
0.3167786
0.3125237
0.5249019
0.5248079
0.4129587
0.3667106
0.3959545
0.5574611
0.5944220
0.5694565
0.4188710
0.3264937
0.4403743
0.5581342
0.4922303
0.3799450
0.3517840
0.4116940
0.6614915
0.7735524
0.7097037
0.6879106
0.5214875
0.6368584
0.6296554
0.4758551
0.3901887
0.3159512
0.4190533
0.4210070
0.5749329
0.6183887
0.6980077
0.6977618
0.6556709
0.5479779
0.4288557
0.4695754
0.5302946
0.6673383
0.6746907
0.6601689
0.5861507
0.5059798
0.5638593
0.4746364
0.4227202
0.5146072
0.5298679
0.4328722
0.3646951
0.4366958
0.5785264
0.5696789
0.6353886
0.5621803
0.4711895
0.5789721
0.8300215
0.7953678
0.4817863
0.3934018
0.4393432
0.6018460
0.5844868
0.4139622
0.5000144
0.7849184
0.8291790
0.4001197
0.3461348
0.4617024
1.3090146
3.6139488
7.4258966
19.5327930
53.6654854
98.2091522
123.1561584
135.3860474
151.5513000
172.6356506
146.5088501
87.6243896
34.1374092
1.8602686
0.3690332
2.2441320
40.0991936
115.7791672
157.1895447
149.7458496
107.2902985
47.7226944
11.8128328
9.9462624
11.6472740
10.1400509
9.7529259
14.5639048
11.3513727
7.5326204
5.1622429
5.1586461
24.8289299
54.1600914
61.8912506
50.4097633
39.1242065
30.5789948
13.1383047
3.3871419
1.2778291
1.0467873
0.7782819
0.6926913
3.0946724
7.7782912
12.5242586
21.4277649
35.8393555
44.7345657
34.7648926
22.0326519
13.2055588
27.8928146
41.3127403
27.3020630
11.0576420
3.4814095
2.4385107
1.5623586
1.3011656
1.1895934
1.1409446
2.1023285
2.6156368
2.6057670
6.2258692
11.1915550
9.6960068
2.3704276
2.0723639
7.4846869
14.0811310
16.9174614
25.2932415
58.1275330
89.8693161
83.7333069
60.0745888
54.7767258
58.1406708
51.3028946
41.5997124
24.5394363
5.4078074
7.0264335
13.2978582
30.2150440
44.3995819
48.8942680
43.7666817
33.2002983
18.4376583
10.2245235
38.3681793
35.1586533
19.4364605
15.1589651
19.2488117
21.1618176
18.2000275
14.2016811
9.1321306
4.2940145
2.8260126
5.5294747
10.9186182
13.2133141
12.5044632
10.9193850
8.4066486
5.5408278
3.1360347
1.9192054
1.0788202
0.6063799
0.5380975
0.4543421
0.3589865
0.3046621
0.3405741
0.4776393
0.6144245
0.5922871
0.4271948
0.3019555
0.3166120
0.2998506
0.3628654
0.5550227
0.4736296
0.3707587
0.3789479
2.2770612
8.3439522
12.6658001
9.2844372
3.0088460
6.1570306
17.7386112
32.7554474
47.3254242
55.3063774
47.3712234
29.9157791
17.2692337
10.8048801
7.0227995
5.9430156
4.5132074
3.9351859
4.7812061
7.6337671
11.6129904
15.8067455
19.0793724
23.1278725
29.8066196
39.8035088
47.7388229
46.6632843
37.5291862
23.9039879
14.4594202
9.8157730
5.4149618
3.7608879
2.9384549
6.1859365
11.5273590
18.8091240
22.7048531
20.5032902
17.0290909
14.3652849
11.8471260
11.8415203
11.9056177
11.0476313
6.7768703
2.2097483
1.1396408
1.5916958
4.3921652
9.8556213
9.0371447
5.3135958
4.0669394
3.8975081
3.1355443
1.6704876
0.6906408
0.4352866
0.4412143
1.5346278
6.3377767
14.8530273
23.3280563
26.8527641
24.3581886
19.9509888
13.8631573
7.6822634
4.1097016
1.7506062
0.9886227
0.3997614
0.1256447
0.1791816
0.6458838
1.2052808
1.9061029
2.1852958
1.8801070
1.1957883
0.8661904
0.6624644
0.5333669
0.3839216
5.4422989
23.2335224
44.0424614
53.6488953
53.3899956
57.2107925
74.0028839
96.9359207
93.8602982
82.2014160
104.3425140
136.7936859
160.8763275
151.4510345
92.1982574
35.7689362
8.1541471
0.5313179
0.3691482
0.4932261
0.4854687
0.5173342
0.4474649
0.4528272
0.6367836
0.7839020
0.6537251
0.5205152
0.6491334
7.3283067
36.2059021
84.3942337
123.5294647
145.1695251
178.0910339
291.1013184
418.5806274
439.7656250
342.4849854
221.6109924
132.6503143
82.8737640
26.5581131
59.7910995
117.4542160
52.1535645
9.0829325
1.7256395
0.4603971
0.2188326
0.9304218
11.6732473
15.0398197
31.8858051
68.3397675
95.1140137
106.9250183
105.0824127
93.3217468
89.5902786
135.9570770
194.2866058
186.7291718
129.6256714
57.9960861
7.3379378
0.2732513
0.2403361
1.1005085
4.2375107
7.6271415
8.0134354
7.3203645
6.2586241
4.4459958
2.6485326
1.5141553
1.2081932
1.2748359
1.5650761
1.0730286
0.4311466
0.3995650
0.4022589
0.3651162
0.5126160
0.7516845
0.9617164
0.7250834
0.5312453
0.5080047
0.5425532
0.5369174
0.6816384
0.9174288
0.8633398
0.5318217
0.4537523
0.4452674
0.5554780
0.6902668
0.5958197
0.5301515
0.6083702
0.5831599
0.8820463
2.1786218
3.5986080
2.7520232
0.6059619
0.1830133
0.2407024
0.2317977
0.3009541
0.5015689
0.5567332
0.6340004
0.5869926
0.5184318
0.6084474
0.5510843
0.4855007
0.4382291
0.4426609
0.6294360
0.5863587
0.4954451
0.4199999
0.3086714
0.3976381
0.4946985
0.5414587
0.5132970
0.4939958
0.4399936
0.4452692
0.5968647
0.7224238
0.5708264
0.4239247
0.5194058
0.9169477
1.1464798
1.2169349
1.4295356
2.3079941
4.8642373
7.7236929
8.0268850
5.1225529
3.0202727
2.1266277
1.5438392
1.0853407
5.7305202
31.3639317
78.5213928
118.5545883
112.9689560
52.4203644
6.6194496
0.7142129
0.1930014
0.1530940
0.2159137
2.4818077
15.4825993
37.6260376
77.2814255
141.5454407
205.6557617
198.0962524
112.9726562
32.3750687
0.7322703
0.2548746
0.2340561
1.3273023
14.6685696
33.1963654
37.1107826
26.3475132
17.8531647
14.2705002
12.0392284
8.1192522
3.5711215
1.4225893
0.5252993
0.4726702
2.3558342
21.1468201
67.4056854
128.6187744
169.9731750
156.8922729
83.0802155
43.8712807
45.0233002
31.2747841
17.8724613
20.5954876
63.1755219
60.4858208
47.8951950
35.5009346
19.6730137
8.8266058
24.3414364
15.7717237
21.6655025
23.0483627
16.6550522
11.3493872
18.1844215
32.6149254
47.0098801
60.0926704
55.2499313
33.8920784
9.8570728
5.9674740
12.7876053
10.6826477
5.9741611
1.7966019
0.4815962
0.4334934
6.3824530
18.5511284
21.3359947
8.5853443
0.1972973
0.0496232
0.1307778
0.3145815
0.3369530
0.2868928
0.3917762
0.5810364
0.6690257
0.5928947
0.3603638
0.3399832
0.4298722
0.5694263
0.7645541
0.6682947
0.4058238
0.3806832
0.3346849
0.3835441
0.4347944
0.5589366
0.4257303
0.3587778
0.4108016
0.5195403
1.3445736
4.3206930
6.8911266
4.9450865
0.6710577
0.3739791
0.3529287
0.4089068
0.5256582
0.4150384
0.3350943
0.3780242
0.3754004
0.7035664
0.6253445
0.4989790
0.4257775
0.3933814
0.4878345
0.4832231
0.4093788
0.3973617
0.3829085
0.3882286
0.4660189
0.5212606
0.4680380
0.4212816
0.3830637
0.5643611
0.5492446
0.4407123
0.5187238
0.7052343
0.8304986
0.7052623
2.6390355
20.7853737
54.5768433
72.9551544
57.4862747
31.5644112
27.2902718
25.6330776
16.7995377
11.0450974
5.8048592
3.2507281
12.2287750
42.9950714
63.5160942
47.0604477
24.8420620
16.0735455
14.1259604
15.8901978
19.3987713
21.1001644
18.9872646
17.8920403
19.6526833
27.0661736
40.1501617
47.5957146
45.4889755
33.6690674
19.8319435
12.4602194
8.8628912
6.4295092
4.6757121
2.2109256
1.0534692
0.6184866
0.4029963
0.2101825
0.4834405
0.5755106
0.3567849
0.4573271
2.4939036
8.8023710
15.6446180
15.9802027
8.6186180
1.1713005
0.2695847
0.2680913
0.1300951
0.1153225
0.3500015
0.3476366
0.4848745
0.6621582
0.6727883
0.5480190
0.4771440
0.4672905
0.4644317
0.3120432
0.3080656
0.4182991
0.5764434
0.5074620
0.4702072
0.3334149
0.3483991
0.4711672
0.6772788
0.8147128
0.8032053
0.5069993
0.3618488
0.3112486
0.4113946
0.4944941
0.5087547
0.3652332
0.3992256
0.3981289
0.3379093
0.2982746
0.2802331
0.2692298
0.4198492
0.5538341
0.5465804
0.4380515
0.3391451
0.3809251
0.6170307
0.6696539
0.4708813
0.3764229
0.4167112
0.5360157
0.4718737
0.4627319
0.6192627
1.4975805
1.9849966
1.3348483
0.6486602
1.2775633
18.4645786
55.0935593
84.0314178
88.6900024
75.7424164
56.1145554
33.2335129
15.5495577
9.1761456
4.6848454
1.9579413
0.8939910
0.4098753
0.2603850
0.2501398
0.4383002
0.3827441
0.3717102
0.6242468
1.0082805
0.8399705
0.4857792
0.4653500
0.4427615
0.3928368
0.4704291
1.0248326
3.3830574
11.4295845
29.5330124
50.4567757
59.4366302
48.9019394
25.8711720
7.5580449
1.7388792
0.9243593
0.6336775
0.5920343
0.2732829
0.3317534
0.5419182
0.8072883
0.8076443
0.4608289
0.4666333
0.5676482
0.7944758
0.8135484
0.7039221
0.4221607
0.4923905
0.7725830
1.2639117
1.4634042
0.7730988
0.3620625
0.3170082
0.3243137
0.3926728
0.4654962
0.7103891
0.6666052
0.3530472
0.3162220
0.3715571
0.4779516
0.6236994
0.6522904
1.6989399
5.5219226
11.0868435
15.9897556
18.3217430
18.0870209
15.0893745
9.2583780
3.3299916
1.1810497
0.6412655
0.2962779
0.6296225
0.8171209
0.5382676
0.5375319
0.7851815
0.9765011
1.6571507
2.2379892
2.4656606
2.2788508
2.0409751
2.1167850
1.6628648
1.0138088
0.9928297
1.3440022
1.4011772
0.8218663
0.0983623
0.0038540
0.0000043
0.0000000
0.0000000
0.0000000
0.0000000
0.0000000
0.0000000
0.0000000
0.0000000
0.0000000
0.0000000
0.0000000
0.0000000
0.0000000
0.0000000
0.0000000
0.0000000
0.0000000
0.0000000
0.0000000
0.0000000
0.0000000
0.0000000
0.0000000
0.0000000
0.0000000
0.0000000
0.0000000
0.0000000
0.0000000
0.0000000
0.0000000
0.0000000
0.0000000
0.0000000
0.0000000
0.0000000
0.0000000
0.0000000
0.0000000
0.0000000
0.0000000
0.0000000
0.0000000
0.0000000
0.0000000
0.0000000
0.0000000
0.0000000
0.0000000
0.0000000
0.0000000
0.0000000
0.0000000
0.0000000
0.0000000
0.0000000
0.0000000
0.0000000
0.0000000
0.0000000
0.0000000
0.0000000
0.0000000
0.0000000
0.0000000
0.0000000
0.0000000
0.0000000
0.0000000
0.0000000
0.0000000
0.0000000
0.0000000
0.0000000
0.0000000
0.0000000
0.0000000
0.0000000
0.0000000
0.0000000
0.0000000
0.0000000
0.0000000
0.0000000
0.0000000
0.0000000
0.0000000
0.0000000
0.0000000
0.0000000
0.0000000
0.0000000
0.0000000
0.0000000
0.0000000
0.0000000
0.0000000
0.0000000
0.0000000
0.0000000
0.0000000
0.0000000
0.0000000
0.0000000
0.0000000
0.0000000
0.0000000
0.0000000
0.0000000
0.0000000
0.0000000
0.0000000
0.0000000
0.0000000
0.0000000
0.0000000
0.0000000
0.0000000
0.0000000
0.0000000
0.0000000
0.0000000
0.0000000
0.0000000
0.0000000
0.0000000
0.0000000
0.0000000
0.0000000
0.0000000
0.0000000
0.0000000
0.0000000
0.0000000
0.0000000
0.0000000
0.0000000
0.0000000
0.0000000
0.0000000
0.0000000
0.0000000
0.0000000
0.0000000
0.0000000
0.0000000
0.0000000
0.0000000
0.0000000
0.0000000
0.0000000
0.0000000
0.0000000
0.0000000
0.0000000
0.0000000
0.0000000
0.0000000
0.0000000
0.0000000
0.0000000
0.0000000
0.0000000
0.0000000
0.0000000
0.0000000
0.0000000
0.0000000
0.0000000
0.0000000
0.0000000
0.0000000
0.0000000
0.0000000
0.0000000
0.0015670
0.1462291
0.6103252
1.1185808
1.2098230
0.8542008
0.4735282
0.3198270
0.3666769
0.5493203
0.6046513
0.4955214
0.4725887
0.3985370
0.3767259
0.4437596
0.5944766
0.6962202
0.6061760
0.3848295
0.4374387
0.5268424
0.5877939
0.4444774
0.5959421
2.1048172
4.8949070
6.8174429
7.0985217
12.7660580
25.3442154
32.5632782
30.0981617
32.2724457
40.2642059
49.9850960
58.5330353
63.7085762
52.9140701
25.3678169
3.9848363
2.0991457
15.3602104
45.5704346
69.4724884
66.3076935
50.0639839
38.1095848
27.2216110
25.0205803
23.9964733
20.3365459
13.1667452
6.0274963
3.5240014
2.7410014
4.7764778
21.1333752
43.8027077
58.8561630
59.2443504
60.9102058
65.8897705
60.6186562
34.8012047
32.5578423
31.5925522
22.8931255
13.9338598
19.8301334
52.5410271
74.9893799
62.7139511
38.7753448
15.5979719
9.4805136
24.0796070
27.5141449
23.4545097
16.3288269
9.5043097
6.1288328
33.0718498
69.1339722
81.3061981
66.0326080
53.1444244
36.6251068
26.1368237
19.3090172
14.4477882
14.1125641
12.7250071
11.3960705
18.1000385
59.5281982
97.9405670
101.7428894
70.2275620
41.1702614
23.3437138
20.0937252
33.8302002
23.0110683
5.9956756
14.6640368
46.9144592
89.4265747
122.3597488
128.6699677
102.1043091
66.9744949
33.4649315
13.6638775
15.1073303
25.6097145
34.3705063
32.3085556
18.8703899
7.7209411
5.1440434
4.8899779
29.0981941
61.9515953
60.8361778
23.5661278
20.7297592
36.3400154
49.5123901
48.0944138
42.4323387
28.4839859
16.8721218
30.3227329
23.1224442
16.5424805
13.3995619
7.9887257
5.9593945
8.0567322
12.5692387
17.6343842
21.9453831
20.9012661
10.0400133
2.6360309
7.1934476
17.0067863
27.1332283
38.2139244
50.6678734
53.5767822
43.8011398
23.7436523
10.0789700
8.7076006
10.7669697
16.0248623
15.3918371
14.6451359
16.8740845
22.8133259
28.5605927
30.8790951
24.5805111
14.6497631
5.3262796
3.6145592
0.9812415
2.0509570
8.9750519
15.4557896
14.9290085
12.4254799
17.9408855
25.0980053
22.5994453
16.2727280
14.5888672
13.4012413
9.4217148
10.6624327
12.8661785
12.7830162
10.4770212
8.0551071
8.5488729
9.2699022
25.3924713
32.8250542
26.5906754
15.2414427
1.9521911
0.3174519
0.9070681
0.8046881
0.9959275
1.1787128
1.0981625
1.0346489
1.2161720
1.4258792
1.4393513
1.4862781
1.5374687
1.4843574
1.4701211
1.3925846
1.2361984
1.2573023
1.2715873
1.2453240
1.3286097
1.1067460
0.6406516
0.6199942
0.5880889
0.6003401
0.5541379
0.4953226
0.4855907
0.4669496
0.3675885
0.5133179
0.4094547
0.7229166
1.5885291
3.1379669
3.8888984
2.4016697
0.5823322
0.6910009
0.7694108
0.9080157
0.6932278
0.4060800
0.3623219
0.4787682
0.8072153
1.1275420
0.8499313
0.4324207
0.4078115
0.5030650
0.5621893
0.5379781
0.6591652
0.8194857
0.5415294
0.3896801
0.7032043
3.3253512
14.5165710
35.6099777
55.3089676
56.1756592
40.8145485
26.2911453
19.4982624
48.9263878
92.7590561
110.5044632
94.0167313
59.2041931
21.9849129
2.3995223
0.8518702
0.7660556
0.8130051
0.8363513
6.0428257
27.4662151
52.1227303
62.0643959
58.8410988
53.7192078
47.9809761
41.1042213
30.9035988
18.0088921
9.1582603
12.0768461
12.8183546
8.4601498
13.4106579
23.0313454
18.8605137
8.9706593
1.7566383
2.0629344
14.9962006
36.5922661
40.0365143
18.0067558
3.4981422
2.7745728
2.9476724
2.6391282
2.1506042
1.6114928
0.9298961
0.7667367
0.4966884
0.2721244
0.2627586
0.4264519
0.3839600
0.3062074
0.3099551
0.5607569
0.6183434
0.6363084
0.7003089
0.7288432
0.7363556
0.6742454
0.4988489
0.4245219
0.5273336
0.8845837
0.9446098
0.9010550
1.3544111
1.3591703
0.6653711
0.1972369
0.3061253
0.4004885
3.4709165
14.9494629
33.3104668
54.9082527
74.2585754
77.7022095
67.9419098
58.3717880
48.9576797
37.2826080
22.9253635
10.7790689
9.3921270
15.9662781
15.6632519
16.4111691
15.2264824
17.3082123
19.2804832
18.2931633
20.4146118
16.9537678
13.8281631
12.8297758
10.3713512
5.9717917
3.0944695
2.8958316
4.3061438
5.3853784
5.1554279
9.9451056
36.2423248
86.6542816
131.0024109
133.3787231
92.9565735
56.5475121
39.4563599
20.9608307
53.5400467
77.8703461
77.0386047
82.6090622
90.6509399
86.2558136
87.4901581
98.3009949
112.7071152
123.6170959
115.1247864
84.8894882
62.6470985
51.8064041
42.0555763
35.3588638
32.5489616
30.4240189
26.3173370
17.2221146
10.8324623
8.8768311
6.7603660
4.8618565
3.2084312
2.2968209
7.8369260
16.5029335
19.3908691
14.1031103
6.3376508
1.6963111
0.9352314
2.0371158
1.3637466
0.3793009
0.5243726
0.5710803
0.3367672
0.3509104
0.4718564
0.5678719
0.5280980
0.4628074
0.4662930
0.4564572
0.4860392
0.3854611
0.3491797
0.4355554
2.0268826
5.1080256
6.3282113
6.0487175
7.3003335
8.9178514
6.6657047
7.2805190
41.2808495
114.9583969
169.7170410
168.1547241
127.6610336
90.9981918
62.3318558
34.3656654
7.1468906
1.2582471
10.5074196
56.0897751
97.5596085
94.0115509
73.7398224
53.4005051
44.4460030
30.5512257
27.1159725
20.4888191
6.8626423
1.6131160
0.3855453
0.2589924
0.8556355
12.7045975
27.9182415
31.2861023
29.5726242
38.5335770
63.4787674
94.9552078
104.6720428
82.4849243
50.2579803
34.9555664
23.5508270
29.9462643
34.2005882
29.1087112
33.5713043
44.9840851
33.8157272
17.5550365
24.8428345
52.5861778
40.7207336
25.3444328
16.6877499
10.7770157
5.4639854
3.6909952
3.3455200
0.8557943
0.2086190
0.1171156
0.2681008
0.4738407
0.4992593
0.6631203
1.0436070
1.3250558
1.0900061
0.7536881
0.6667328
0.7620320
0.7134184
0.6405066
0.6632333
0.8346649
0.7375555
0.6643763
0.7551579
0.7432582
0.7313471
0.6668452
0.4983792
0.4936561
0.3943081
0.2961502
0.5080487
0.4749475
0.4118822
0.4107537
0.5380916
0.5833737
0.3492603
0.3253959
0.4549028
0.6223589
0.6103109
1.4248154
11.0225782
30.4407368
47.0780220
51.3212357
46.9173050
45.5776825
49.8548775
48.9583931
54.1915703
86.5169449
124.7236023
130.5462036
97.6089554
59.0439415
27.5793800
19.3154335
34.6685753
41.1605263
45.1513138
41.7339706
32.7217102
26.0387211
19.9274349
21.4438095
36.0901070
43.3294907
38.5028267
20.0760555
5.5182133
2.0289216
0.8450885
8.5237093
26.6807423
42.4354401
37.3333282
29.7420845
24.7113533
23.6228561
21.0668907
13.4562111
9.2484512
9.2610388
6.9742436
3.0562339
1.3272262
0.7991062
0.7008943
0.6419287
0.5286320
0.5720590
0.6038882
0.4520477
0.3933883
0.4745210
0.4064268
0.4047002
0.4417481
0.4007958
0.3724421
0.5844989
0.7120037
0.4958554
0.3599460
0.3258961
0.4843037
0.4608389
0.4516122
0.3444689
0.4702174
0.6716196
0.8447469
0.6784924
0.4802452
0.4394862
0.5072776
0.4890949
0.4283491
0.4160971
0.4315992
0.4509329
0.4520249
0.4880491
0.4740106
0.4001147
0.4405873
0.6215188
0.6832151
0.6451642
0.6086267
0.6576880
0.5076130
0.4284148
0.8451475
2.9858279
6.6528740
10.9805889
14.9177656
15.6907768
12.7593727
9.6369677
12.6928978
44.6093636
90.7473221
98.0925980
59.2435913
26.4987907
16.6420269
14.3354855
8.7974281
2.6776259
1.9063401
1.0673952
0.8249718
3.9079051
19.0755978
61.1830139
116.8239899
129.8242188
87.9454269
38.6945457
20.6567841
24.0962257
31.4097881
19.8429031
8.8416529
4.1026120
7.4654570
19.7043343
21.2643356
15.3879910
5.5124273
1.6799791
0.5026606
0.0844601
0.0964186
1.3363041
15.1931801
32.5614014
36.6494141
24.9271469
14.9568138
12.3096981
11.8009644
8.4706783
3.4989119
0.6652196
2.5042903
25.3328934
76.4785156
109.0613098
97.0429916
61.8246689
45.3438911
59.5917816
62.3914185
33.0230255
2.1571593
1.7569183
19.6059380
68.1392441
85.3189697
60.4104347
45.2987823
21.6298141
12.2254610
21.7076454
22.7338009
14.9603548
7.1526942
8.1893311
12.1207447
20.3795853
55.8327980
98.1408005
95.0311661
56.9158058
37.4264107
43.7772827
42.9332657
36.3950462
53.1148987
157.6740417
204.9826050
165.3417816
101.2766190
67.9001007
56.8702087
61.2693367
43.1568184
20.8989983
13.4498463
14.9478321
30.9325657
36.1789970
17.2751865
5.0090103
2.9585013
3.0952907
4.0553322
5.3775740
6.6523857
7.1237664
5.6699820
3.5425687
2.7912443
2.3628242
1.7850058
1.6749897
1.4655800
1.1650730
1.1726953
0.9576079
0.6338958
0.4834935
0.4007768
0.3400717
0.4571845
0.6411626
0.4634800
0.2973919
0.2842024
0.5251375
0.5414099
0.3721204
0.3411349
0.2588064
0.2991795
0.4518194
0.4563945
0.4817045
0.6564396
0.9374264
0.8666252
0.5591055
0.4145902
0.3168477
0.3658914
0.3890206
0.3639348
0.4634165
0.4771342
0.4679500
0.3482574
0.3357898
0.6751345
1.5470465
1.7767216
1.0669851
2.3432295
10.7119160
23.7055759
31.5038452
30.1913681
27.7931976
24.6567745
22.6719818
17.6859093
16.1316643
32.7547188
53.2515907
53.6911850
34.3738594
26.7346687
28.1449375
34.5174675
24.5508595
10.2038145
3.2514586
1.1076814
5.8580751
17.2158298
26.1794205
33.0893745
45.2275391
48.4061928
41.8498154
34.6906929
31.4247303
25.8745575
11.1053820
6.2939591
8.8942070
25.5691643
48.7090836
43.9405670
24.2578106
11.5839300
2.2344224
6.1016588
27.6392441
52.3184433
63.2815475
56.3411446
47.3090439
30.4584980
25.6483765
31.2557220
55.2157745
41.4741211
29.5030632
15.5892668
34.6490669
48.1010895
26.4391441
6.2487226
12.0102539
25.4687462
34.9042053
34.4393730
24.7730446
6.6150970
0.9971329
0.1085232
0.0942580
13.4076996
48.6373024
70.0168762
56.5259590
33.3567543
29.1748848
32.0204773
21.4652386
5.4083738
0.2827973
0.1541130
0.0780270
0.2357000
0.3817046
0.4292108
0.3143634
0.3605316
0.5115696
0.6489084
0.7808149
0.8464522
0.7342396
3.7604694
17.7116966
47.8637390
81.2231750
91.0452423
70.6498871
37.9256973
14.9120579
4.5672679
1.3628898
0.5889710
0.1562284
0.2443291
1.2368808
2.7767363
1.9554400
0.8516196
0.3817829
0.2062457
0.2853229
0.4549497
0.5142666
0.5142488
0.4485960
0.8200838
1.6109505
2.4305720
2.2333539
1.0070678
0.2217913
0.1518986
0.9038170
2.4147804
3.9762776
4.9545555
5.2200174
4.4303246
2.8467321
1.2307795
0.5258564
0.3422897
0.4491965
0.3854599
0.3895450
0.6679466
0.7629632
0.6436061
0.4690170
0.4429979
0.3360550
0.3099248
0.9058170
4.7325873
13.4304829
22.6453648
26.1934586
20.9663887
11.2323456
4.0700531
2.1068518
1.1810300
0.4899802
0.3683934
0.3186328
0.3610885
1.0612851
3.4314520
6.5923285
10.1119928
11.7447662
10.8318119
7.8629365
4.7772498
2.2601967
1.1797711
0.8509550
0.6787670
0.5586351
1.0175496
4.0053520
7.0546160
8.7231712
8.8624306
6.6087446
3.6926568
1.4923853
1.5744621
7.6796656
19.8423138
26.5800018
23.2945728
15.2051735
8.7664642
4.9506021
2.1372473
0.5612161
0.7948542
2.8052990
4.9583864
4.5485902
3.8595705
5.5456209
8.6921453
10.3508539
9.6559486
8.7413969
8.6945047
9.6528969
12.0622549
12.0613499
10.8773136
10.9777422
9.8443851
8.8841105
6.5005102
3.8038802
1.8790663
0.9057522
2.4001470
13.4945269
28.2374630
32.5251465
24.9896545
13.4925604
6.4808617
2.8919611
1.1671009
0.6889083
1.9783562
12.4834995
19.9194241
15.6998491
7.6955876
3.0412378
1.1595204
0.5384226
0.5298172
0.6135587
0.8770356
3.2872300
4.6354842
4.1148796
2.0195122
0.9349618
1.7286097
4.1708646
5.3936672
3.9030371
1.9834218
1.2326773
4.3972259
11.7956600
15.6551399
10.6606073
5.2916789
3.6755822
2.6588790
2.1356847
3.4567678
3.1286039
1.3283899
0.5229797
0.4893179
0.8251691
2.1675744
19.8139534
61.8269882
118.1313553
162.1183929
150.8663177
93.9829636
69.1089706
42.8888893
22.2526417
9.1960678
0.9521450
0.1837860
0.2281571
0.3928933
0.4159034
2.9766924
23.9923534
67.6771240
101.9112549
93.7800140
59.3303146
81.4154663
129.6494751
180.2460632
237.1087799
275.8019714
226.9851227
132.5827637
98.9433975
235.0289154
370.7351074
295.7380066
188.4936676
140.4158173
133.9347382
289.8271179
228.7454376
136.8934479
68.3502655
56.9008026
36.4590149
18.9910736
44.0614700
62.0050888
45.5722733
33.8874245
18.4971237
18.9810867
27.8044491
18.6906185
4.7421408
1.6981732
0.3320681
0.4232885
0.8574345
7.1552620
17.7087860
27.3438797
39.5454559
49.5798340
54.5377502
48.1999588
42.3337021
34.2837219
21.8529987
11.2007809
4.2514639
0.3180461
4.6153355
7.2612576
5.4447632
2.7160347
5.4656606
10.8440952
14.3781404
14.5212593
11.3749208
8.1896439
6.5606632
6.1458216
2.4961514
0.9039671
0.4605474
0.3878908
0.2561947
0.3454804
0.4047621
0.4755806
0.6594035
0.6054739
0.5251194
0.6117150
0.5488769
0.6911520
0.7020676
0.4364618
0.4642195
0.3915282
0.3701439
0.5690950
0.7767001
1.3827288
2.3669548
3.4064553
4.9502087
9.0029135
26.9848862
70.3280106
120.2455902
138.0046692
110.9194260
64.5848846
31.6162357
13.6465950
31.3650131
31.8573818
15.2480955
3.9743602
3.8294590
3.0155041
4.4838686
9.2096577
12.0536938
10.0019550
5.5066566
2.7012181
2.1005030
2.4766409
7.3908100
19.0821991
34.0666122
53.7264633
78.0490265
116.7289047
147.8619385
140.0711060
90.8457794
55.5606079
37.3993454
24.1960697
21.5773869
65.4733505
55.4123497
39.2812653
26.1738224
36.8957405
32.4283409
16.2223492
7.1912942
3.5102625
2.8016596
1.6415468
1.2238196
2.7707381
3.7328939
3.3373556
3.1415801
3.6095498
4.7964478
5.7564988
7.1852441
8.9932957
8.8527403
5.9979115
3.4196730
2.6172218
2.9216309
3.5515699
3.2038729
1.8172646
0.8055564
0.3770161
0.2703096
0.3498742
0.3381883
0.3008737
0.3729305
0.3880507
0.3937594
0.4324356
0.4808818
0.3959396
0.4722801
0.4717298
0.4778351
0.4281985
0.4341238
0.4796432
0.4749181
0.4080378
0.3916027
0.4686142
0.5846165
0.4401844
0.3712098
0.4035019
0.5005692
0.4492598
0.5077977
0.6198961
0.6133994
0.5135865
0.3484742
0.3338108
0.3131670
0.2572677
0.4828829
0.6287614
0.5272818
0.4912870
0.5187333
0.6023624
0.5920582
0.5265889
0.6637637
0.6388100
0.4395888
0.4261471
0.4942295
1.0919954
3.0662789
5.3925481
6.4353962
15.7018776
33.1578369
40.9696808
29.9818840
14.7621241
10.0345659
6.8414555
5.3196850
16.8152313
23.0128574
17.8693810
14.9460516
20.6669712
37.2788925
52.7784081
44.2304764
24.4422112
11.2963562
4.0041256
20.2287254
24.4363670
18.3670006
9.6455412
2.6052542
0.6004242
1.7066333
12.4920845
35.7359467
61.9605980
73.3047791
70.2469254
65.7892380
55.8180695
50.4747467
40.1837921
37.0993423
38.8526573
39.8738747
31.9189110
16.4312210
5.5367756
0.9737091
4.9892468
28.1419392
62.4248695
76.4784775
62.1965141
37.9686584
15.9767590
6.5829630
16.2898273
18.6767731
8.6947536
2.1344445
0.4216687
0.2172677
0.2988735
0.6440241
4.2641530
10.1717844
17.9216118
32.4063148
45.9211769
46.3701820
43.2023544
54.2694321
69.1267471
63.2598877
40.3631325
21.8256474
9.8209085
3.8576703
2.6822839
4.4397831
23.0787697
70.0701523
92.4836197
70.8678665
33.8335266
17.6417885
7.4126391
11.8624516
24.1556435
27.1605244
19.6358604
16.6232624
18.4329491
20.7833252
26.3173141
27.2265759
24.3138580
24.6132507
30.3235035
30.8007050
29.3951054
27.9704857
23.2682476
15.4625235
6.6026487
4.0657253
4.7350097
4.1175804
2.2529862
1.4349936
1.1652420
0.9226409
0.6427879
0.3579616
0.2364350
0.1884422
0.2997439
0.3455207
0.3947583
0.4478197
0.4723039
0.4274417
0.4694147
1.2888143
3.4483330
8.5446777
18.7897263
31.2130032
35.6143646
27.2997837
15.7154226
9.6588402
6.4115300
4.2672453
1.3521855
0.6131750
0.2737124
0.4150859
0.4240269
0.5270619
0.5514970
0.4415695
1.6822518
5.0633144
7.9558959
9.8427849
11.5802364
11.7462616
9.6325665
16.8573837
44.9300957
79.2592316
90.8603439
69.1569595
56.6728821
51.3928757
42.4600143
44.6545143
49.6037292
60.7047386
47.8702049
32.4444656
20.2781105
21.0294952
24.6412201
20.3419094
24.3104248
50.7950134
69.1521759
66.3486633
56.0205688
50.5616722
32.0115585
23.9988003
24.8489113
17.9073524
18.9623032
30.7337303
34.3665123
23.8089428
9.4104071
1.1097932
0.2573678
0.2320372
0.2088683
0.7218100
7.1222086
18.7105522
23.4584274
16.6374054
9.9506941
18.4937668
28.5713310
32.2511520
30.9628372
29.6409245
27.0497646
24.9335842
26.4223442
25.4908524
35.1300507
46.3789825
46.8570023
41.8652420
34.0852356
30.4840908
26.4067955
21.5237141
17.1194477
19.1575851
20.0396118
15.9109058
6.8940244
0.5275358
0.4321159
0.4644887
0.1729379
0.2789332
0.4607725
0.5802050
0.8692557
1.7464111
2.6201603
2.2660942
1.1086971
0.6633799
0.8657113
1.5092821
1.7798376
1.5209193
1.0970409
1.1089360
2.8138452
6.6679788
9.0875406
9.0684824
7.4606800
8.2842941
19.4087658
46.1655235
76.1197662
88.4173279
83.0966568
68.3841934
56.9491615
44.9481659
32.8334656
19.2960892
32.2881584
37.7607956
22.6138096
7.9045477
1.4543846
0.6821604
3.3003931
11.7802210
32.1587486
35.7613106
21.2210884
12.8585978
5.9381223
5.4552546
17.2805557
18.1183529
16.0489388
11.3707447
6.6018538
4.0474634
3.7318509
3.6091661
2.5450487
1.2245078
0.4536875
0.3326493
0.3676898
0.5046060
0.4466971
0.5005848
0.4595767
0.3474958
0.3124747
0.3616619
0.3880906
0.4773163
0.5465420
0.6196378
0.4519683
0.3180965
0.3182827
0.3903608
0.5316486
0.5574806
0.4104991
0.3080638
0.4581921
0.5559371
0.4446774
0.3574801
0.5608189
0.6387081
0.6263572
0.5278785
0.5328037
0.4297884
0.3814218
0.2974481
0.2692840
0.3488088
0.5613657
0.7142873
0.5992936
0.4354806
0.3536526
0.4635884
0.3959431
0.3657858
0.4396563
0.9898883
5.5810399
12.6228523
13.9857244
7.9051595
4.2030039
13.8829412
40.0694847
64.1243515
71.2996216
61.2420883
41.0432587
21.0649910
9.5720434
2.7211285
0.5496778
0.3894267
2.2996211
7.1103058
6.4538679
3.6361399
1.6599122
0.6583341
0.2842646
0.3645714
0.3734482
0.3375878
0.4802344
3.9220996
16.5500069
33.9427414
44.9674911
42.9957314
30.0437565
15.7666769
7.0136294
2.7681961
0.8135237
0.2094283
0.6177481
4.7411051
16.9886246
19.6889954
15.1421356
8.0415983
3.6724777
1.2416427
0.3175872
0.5256791
1.3679377
1.7078575
1.1072941
0.6735064
1.0027437
3.5681486
7.4218397
8.2943411
5.4596734
2.0433311
0.6605871
0.8555993
3.3370099
8.5921841
11.8393850
10.3961201
7.6595788
5.7775955
5.3603830
6.7768869
6.5449505
6.3534684
6.3468332
7.5241246
7.4726424
7.1118107
7.7735448
8.1658106
8.4007034
8.4215784
6.4570932
5.0696716
5.1007581
6.1508083
8.7714586
10.0448780
9.0046940
7.2382174
6.9401174
7.0526228
7.4490285
8.2023716
10.5204487
13.5756960
10.7834311
5.3588171
4.1396489
3.7448823
1.9246992
0.7499711
0.3414845
0.4544612
0.6353018
0.5413097
0.4926097
0.4274949
0.5855388
0.8853229
0.8582523
0.8839521
0.7545690
0.4924795
0.4105804
0.5504485
0.6144302
0.4428730
0.3840337
0.3069283
0.0993525
0.0080935
0.0001140
0.0000000
0.0000000
0.0000000
0.0000000
0.0000000
0.0000000
0.0000000
0.0000000
0.0000000
0.0000000
0.0000000
0.0000000
0.0000000
0.0000000
0.0000000
0.0000000
0.0000000
0.0000000
0.0000000
0.0000000
0.0000000
0.0000000
0.0000000
0.0000000
0.0000000
0.0000000
0.0000000
0.0000000
0.0000000
0.0000000
0.0000000
0.0000000
0.0000000
0.0000000
0.0000000
0.0000000
0.0000000
0.0000000
0.0000000
0.0000000
0.0000000
0.0000000
0.0000000
0.0000000
0.0000000
0.0000000
0.0000000
0.0000000
0.0000000
0.0000000
0.0000000
0.0000000
0.0000000
0.0000000
0.0000000
0.0000000
0.0000000
0.0000000
0.0000000
0.0000000
0.0000000
0.0000000
0.0000000
0.0000000
0.0000000
0.0000000
0.0000000
0.0000000
0.0000000
0.0000000
0.0000000
0.0000000
0.0000000
0.0000000
0.0000000
0.0000000
0.0000000
0.0000000
0.0000000
0.0000000
0.0000000
0.0000000
0.0000000
0.0000000
0.0000000
0.0000000
0.0000000
0.0000000
0.0000000
0.0000000
0.0000000
0.0000000
0.0000000
0.0000000
0.0000000
0.0000000
0.0000000
0.0000000
0.0000000
0.0000000
0.0000000
0.0000000
0.0000000
0.0000000
0.0000000
0.0000000
0.0000000
0.0000000
0.0000000
0.0000000
0.0000000
0.0000000
0.0000000
0.0000000
0.0000000
0.0000000
0.0000000
0.0000000
0.0000000
0.0000000
0.0000000
0.0000000
0.0000000
0.0000000
0.0000000
0.0000000
0.0000000
0.0000000
0.0000000
0.0000000
0.0000000
0.0000000
0.0000000
0.0000000
0.0000000
0.0000000
0.0000000
0.0000000
0.0000000
0.0000000
0.0000000
0.0000000
0.0000000
0.0000000
0.0000000
0.0000000
0.0000000
0.0000000
0.0000000
0.0000000
0.0000000
0.0000000
0.0000000
0.0000000
0.0000000
0.0000000
0.0000000
0.0000000
0.0000000
0.0000000
0.0000000
0.0000000
0.0000000
0.0000000
0.0000000
0.0000000
0.0000000
0.0000000
0.0000000
0.0000000
0.0000000
0.0000000
0.0000000
0.0000000
0.0000000
0.0000000
0.0000000
0.0000000
0.0000000
0.0000000
0.0000000
0.0000000
0.0000000
0.0000000
0.0000000
0.0000000
0.0000000
0.0000000
0.0000000
0.0000000
0.0000000
0.0000000
0.0000000
0.0000000
0.0000000
0.0000000
0.0000000
0.0000000
0.0000000
0.0000000
0.0000000
0.0000000
0.0000000
0.0000000
0.0000000
0.0000000
0.0000000
0.0000000
0.0000000
0.0000000
0.0000000
0.0000000
0.0000000
0.0000000
0.0000000
0.0000000
0.0000000
0.0000000
0.0000000
0.0000000
0.0000000
0.0000000
0.0000000
0.0000000
0.0000000
0.0000000
0.0000000
0.0000000
0.0000000
0.0000000
0.0000000
0.0000000
0.0000000
0.0000000
0.0000000
0.0000000
0.0000000
0.0000000
0.0000000
0.0000000
0.0000000
0.0000000
0.0000000
0.0000000
0.0000000
0.0000000
0.0000000
0.0000000
0.0000000
0.0000000
0.0000000
0.0000000
0.0000000
0.0000000
0.0000000
0.0000000
0.0000000
0.0000000
0.0000000
0.0000000
0.0000000
0.0000000
0.0000000
0.0000000
0.0000000
0.0000000
0.0000000
0.0000000
0.0000000
0.0000000
0.0000000
0.0000000
0.0000000
0.0000000
0.0000000
0.0000000
0.0000000
0.0000000
0.0000000
0.0000000
0.0000000
0.0000000
0.0000000
0.0000000
0.0000000
0.0000000
0.0000000
0.0000000
0.0000000
0.0000000
0.0000000
0.0000000
0.0000000
0.0000000
0.0000000
0.0000000
0.0000000
0.0000000
0.0000000
0.0000000
0.0000000
0.0000000
0.0000000
0.0000000
0.0000000
0.0000000
0.0000000
0.0000000
0.0000000
0.0000000
0.0000000
0.0000000
0.0000000
0.0000000
0.0000000
0.0000000
0.0000000
0.0000000
0.0000000
0.0000000
0.0000000
0.0000000
0.0000000
0.0000000
0.0000000
0.0000000
0.0000000
0.0000000
0.0000000
0.0000000
0.0000000
0.0000000
0.0000000
0.0000000
0.0000000
0.0000000
0.0000000
0.0000000
0.0000000
0.0000000
0.0758701
0.5011573
1.1670284
1.5134385
1.3284937
1.0270809
0.9191002
0.7271940
0.4880325
0.4408528
0.5252709
0.6248091
0.7089955
1.6641989
3.2901587
3.4020524
1.6579573
0.5423954
0.3586033
0.4356484
0.6622605
0.8996187
2.5587018
6.2325029
8.0094910
4.7019420
0.6762660
0.1189157
1.1507219
14.2259378
35.2225342
43.9208832
35.8327904
26.5322857
25.4200382
19.8249645
19.5608501
33.2120094
31.5678177
31.9061565
48.9475021
76.3125687
90.3378448
91.4336853
65.7469788
26.3617973
8.6038914
12.7627726
31.8904114
70.2069702
82.0097961
53.7188263
25.4017792
14.3700285
3.2701969
0.3858752
1.1859255
13.2037230
33.0832748
32.7854004
26.9659004
42.0499954
67.2076721
79.1027069
77.3883286
62.9742851
48.9484024
34.5876732
42.6123886
28.0299664
37.0461388
72.4715958
78.2097473
59.9683342
48.2092781
42.5430794
50.1525116
43.2506447
24.8096771
14.1100626
11.3429708
10.2296810
10.3834600
6.1148195
3.5278313
1.9445196
0.9486887
0.5195889
0.9853770
3.1530695
3.7603490
3.0287085
1.6806424
0.7503557
0.3750001
0.2387773
0.3296372
0.5502899
0.7247110
0.6335658
0.4174561
0.4013060
0.3039121
0.3262658
0.4246090
0.5638690
0.4292452
0.3839296
0.3427282
0.3153291
0.4965000
0.6631329
0.8732187
1.0366935
0.9650657
0.8859494
0.8367770
0.7107786
0.6488742
0.6144283
0.5613558
0.5574233
0.5370460
0.5778075
0.7311256
0.8176410
0.7365289
0.4434473
0.3547765
0.3593378
0.3920525
0.4527628
0.5120333
1.6996198
8.3174229
33.6490326
69.4675369
85.2158279
77.0668335
66.4265900
45.0438309
16.4969711
6.2788839
4.7657027
10.9880733
11.6573086
2.9516711
1.1968049
22.0171261
76.2343369
110.0267334
130.2055817
141.1345367
128.3086090
109.4393768
87.0282059
60.7192955
34.4802704
20.6238194
11.9222383
29.1662788
71.9643173
76.8863220
67.5806808
69.6343918
49.3524933
22.5850182
7.0315552
1.9945883
10.0941925
73.2405472
145.1905975
141.5356140
78.2798233
53.5871925
35.5396309
45.9046783
65.2650604
43.6956444
15.9842558
15.9727821
24.0607262
21.5266399
13.5347919
9.5983391
6.9633060
3.2309103
11.2364492
41.9798241
75.6212616
82.9580002
79.1562881
80.6014252
77.6569519
69.1636963
59.6978798
49.2207222
36.1137619
45.0854301
59.9699364
57.9735146
65.5305405
59.1386108
57.9943542
43.7986336
37.4984283
30.2872887
25.1516533
17.9030018
8.6126947
1.9837765
1.5051509
8.6723471
39.1795578
50.7062111
26.0643291
7.9818363
2.1813152
0.9173875
0.7928917
0.8603922
0.7067642
0.4389445
0.4773346
0.5162206
0.4366335
0.2937374
0.3011334
0.5090507
0.5872240
0.5071512
0.3944777
0.3495359
0.2467969
0.3163561
0.4517432
0.5248843
0.5282705
0.4717566
0.4216777
0.3917902
0.4026839
0.5229793
0.4540664
0.2703620
0.4642054
1.0257344
1.4410886
0.8788821
0.2657610
0.2492044
0.2234848
0.3560312
0.6114744
0.7493615
0.6719007
0.5470876
0.5595396
0.4789122
0.5919443
1.0841924
1.6278213
6.3644872
15.8033314
18.3764534
9.1973400
1.1446507
0.1964746
0.2927053
0.3884409
0.6688726
0.7648400
0.8121938
0.6573377
0.5022639
0.3979755
0.4279630
0.5087718
1.1704624
5.0656037
12.3584156
27.5260258
54.9114075
75.2003326
70.1259613
55.4412422
46.2451515
33.8827820
37.6737938
53.1028214
48.0603828
24.6168747
4.8484359
10.6733131
29.1678772
66.4831772
82.8809738
71.1535492
56.9389229
58.9069519
58.9182167
41.1415443
14.6543446
3.1613390
1.8005517
11.7433681
48.3273735
90.6591492
103.1142578
86.6946945
65.0976639
51.8580399
48.7177200
40.8385201
35.0157814
23.7464466
14.1909246
7.9981308
12.5158405
16.0129757
14.7343349
11.9268112
8.7803087
4.7106247
2.3768716
0.9549486
0.5333333
0.3325989
0.2642698
0.2995319
0.5842591
0.8738656
0.7943072
0.4166350
0.2587344
0.3624287
0.7920074
1.0364714
0.7854288
0.4910212
0.3597994
0.4319353
0.8635741
1.6605768
2.4414546
2.9267597
2.8220305
2.7048860
2.9345098
3.0948777
2.9779458
2.7208762
2.6880045
2.5874918
2.2849982
2.1528144
2.6184015
3.0142765
2.8380384
2.5257308
2.1530471
1.7852430
1.6430631
1.9017795
2.0329449
1.8870856
1.8604280
2.1615849
1.8637130
1.6729087
1.6812524
1.6432816
1.7002740
1.6904016
1.3992838
1.1714272
1.1318440
1.0873816
1.3646822
1.2108293
0.7190156
0.3583860
0.3487621
0.5442954
0.5856569
1.1382198
2.8911662
4.6262980
4.4409604
2.3113575
0.7378373
0.7596037
0.8267101
2.7710204
6.2550869
7.0621920
4.9467807
3.2711964
2.7398262
2.8358517
1.2804490
0.3753722
0.4450837
0.5646847
0.8008183
1.3716692
6.2357292
13.8375711
16.5710983
14.5051117
14.6686964
16.5009270
14.5786228
5.5815201
1.1302552
0.5517732
0.3600496
1.3033603
1.7833633
1.0086176
0.6432763
1.0005720
3.0428057
4.3425531
2.6157527
1.0910891
0.7267413
0.6197932
0.3746815
0.4283783
0.3408130
0.9767864
2.9960508
5.7831302
6.7444787
5.0342836
2.2168419
0.7033631
0.3072951
0.5743015
0.7551882
0.6913097
1.5035032
5.9624443
10.7117558
9.9230118
6.0099320
10.6414700
29.0393848
51.1776123
65.8695297
67.9252777
56.7832489
31.4658203
16.7025166
13.4867277
18.0689068
52.4311447
99.8992920
117.0948792
89.6794510
47.7523041
26.9694023
12.7939224
15.6442785
15.8294640
9.8256836
4.4119835
2.8693993
2.0371861
2.6998336
3.9828372
4.7123928
5.2572060
5.2388301
3.9966497
3.0984402
14.9562130
55.2259216
116.3697815
187.4432983
249.5075989
263.0167236
206.6011047
124.4811478
81.4170685
51.4070625
25.8121223
92.5390167
103.8595123
65.2680588
26.7706280
8.9966612
5.6167221
7.7500582
26.9750423
55.1225357
53.4442062
39.0032310
29.0575180
22.3605671
15.1721411
8.9264917
9.8715544
18.6537247
31.5334473
31.9463043
22.7394791
17.3640518
14.4943914
13.0911465
22.6464233
28.7671852
28.2675476
22.5464344
17.3749752
16.7221813
20.1720657
25.2378635
28.7858257
20.9015408
10.6347485
6.3172512
7.6187081
10.8312187
13.0380936
13.6080627
14.5568333
15.6140823
15.5306864
13.0152187
9.5019073
7.4696293
6.5619345
4.6039009
2.3500073
1.2204983
0.8134867
0.5265178
0.3060481
0.2986969
0.3038881
0.3819064
0.5434037
0.6274742
0.5854641
0.4989865
0.4992756
0.5033265
0.4964837
0.3795162
0.3622726
0.5094824
0.6208231
0.6610091
0.5439513
0.4829438
0.4464927
0.3584480
0.4178252
0.5381894
0.6773390
0.6254128
0.5512984
0.4956639
0.3114060
0.2746627
0.3886274
0.4725024
0.5454963
0.5307994
0.6093274
0.6406477
0.5377200
0.3237976
0.2813860
0.4256938
0.4435738
0.3766188
0.5185438
0.7021398
0.4760822
0.3175328
0.4514587
0.5097644
0.4353272
0.5210492
0.5110891
0.5829554
0.6016596
0.6912684
0.6796721
0.5881603
0.4135871
0.3881277
0.3312775
0.3493369
0.5148454
0.5226816
0.4262213
0.3847261
0.5135368
0.6702623
0.5353507
0.6690829
5.9697132
33.0073814
80.4796677
112.7083359
99.7269440
72.7067490
55.6288757
48.1415329
49.9052238
48.2808952
38.4685898
27.8027763
19.7068176
14.0224047
7.9559822
18.9270115
57.5601082
99.5542603
104.5107117
85.9052124
71.7454834
54.1078110
25.8329163
6.7449751
1.4688233
13.6008406
53.7603264
102.2250290
129.6067810
129.5279999
110.7140503
84.8607025
60.2388916
32.8489418
27.1466999
17.7676048
19.0323391
29.4665031
27.0225601
18.6108475
20.9407673
30.2309914
27.2299194
24.9956493
21.6556377
23.4022369
20.5400105
12.8268738
9.7769947
9.6681519
17.0316696
25.6487350
28.7722549
27.1300316
18.0053825
9.3325329
3.9080071
3.5447257
8.0323820
13.0546055
15.2019501
14.9146109
11.1375084
6.7391977
2.7942498
0.9094527
1.6866076
0.6865035
0.5283358
0.4428785
0.4673902
0.3090267
0.3369087
0.4042301
0.3631137
0.3618347
0.3994111
0.3122672
0.3148146
0.3688214
0.5868350
0.7577793
0.5835373
0.4559207
0.4635025
0.5430408
0.4131478
0.4901216
0.6196856
0.7351094
1.1722859
2.4161296
4.9690309
6.7843900
5.4697595
3.9344378
6.9933577
16.3626213
28.6362610
36.3798676
33.8280182
25.9047985
20.0548096
22.8760147
36.9907265
42.9382782
27.8074875
11.4193754
9.1492434
15.3356304
18.6770020
19.5980797
17.6968098
14.7344885
13.1400328
11.7606649
12.5289516
19.5643311
17.6798897
9.2232714
2.9803019
3.1589754
6.0092516
6.9092007
4.8171978
2.1749203
1.6878479
1.4763349
0.5300921
0.7759128
0.8592513
0.6385258
0.3979384
1.9413209
7.0370798
11.0547504
15.1465359
28.0356693
54.5706978
76.2857819
72.3669739
54.3944206
26.9453564
14.9700012
37.0636520
94.4747314
137.2345428
136.1326294
108.2657547
86.1896973
44.2167511
21.7280846
19.6633110
13.6068945
10.1246166
44.2857094
39.7212486
22.7866535
8.0684223
1.8300598
0.4012791
0.5280885
0.5015997
0.4394937
0.3482872
4.5357285
29.3749771
68.9306412
87.5421829
63.2039146
16.8338375
1.7885692
0.6980772
0.4684860
1.2953473
0.4798535
7.0750961
39.2627563
101.5433426
141.3336945
121.9239349
73.2909241
50.8271217
43.4283371
33.0474281
43.3702354
30.1484375
25.2834167
23.6582184
23.8348732
15.0282936
4.8253613
1.0397332
0.4647856
4.4757638
21.4039345
35.0676422
24.9939613
14.6377144
22.8825912
48.2801933
68.7182083
72.7192307
76.2386856
83.9559860
85.6081085
48.4915733
21.9550838
12.0504026
7.5210762
8.4145899
7.1651807
3.7453249
2.1599808
0.3951757
4.4112601
42.1205635
102.8079071
143.8812561
134.6658020
95.6107712
40.9605637
9.4008522
11.5454550
2.6170306
0.6878260
7.9326468
30.5112705
46.6295853
38.1379013
25.5034199
20.1401405
13.6043491
8.4870148
8.7353621
10.4788065
10.7345924
10.3233633
10.5941916
10.2064877
9.0243921
7.0075855
7.0905218
7.3674612
7.2038832
6.2108297
5.3400478
5.0669355
4.6899791
4.3877854
3.4928021
2.4947186
1.1645246
0.5805476
0.9294788
5.2662373
15.7103691
23.7508011
22.5477943
15.1077023
9.5029821
7.1094198
4.4060907
1.5884975
0.5798509
0.5598336
0.4813085
1.2120886
6.1568279
9.0305090
6.5056405
3.5115826
2.2851858
1.4091961
0.5231997
0.3495197
0.5538139
0.5147735
0.2590128
0.3343943
0.3010888
0.3879722
0.4977602
0.4671427
0.5081206
0.6572225
0.7020015
0.3940240
0.3386586
0.3816283
0.5194340
0.4383005
0.3594643
0.3353099
0.4411062
0.5047590
0.3239062
0.3683392
0.4629094
0.6276841
0.6490798
0.5742229
0.4414306
0.4763979
0.4381257
0.3232014
0.4016405
0.4881291
0.4997842
0.5192403
0.4921916
0.7993472
1.2470753
0.9329703
0.4823675
0.3091543
0.4332381
0.4951448
0.4771339
0.4637887
0.4780430
0.5549271
0.5760989
0.5089180
0.4618712
0.4818036
0.5710452
0.8275855
1.1088730
1.3179915
1.3754998
1.3568436
1.2330587
0.9876390
0.7282559
0.6599577
0.6616640
0.7601306
0.9113239
0.8940525
0.5557011
0.4597161
0.3809311
0.3847325
0.4243544
0.4603665
0.6293726
0.4822674
0.3867761
0.3147584
0.3726328
0.5217439
0.8721058
2.6135538
12.2366323
24.3642960
23.8249702
8.5304623
2.7764013
8.4903297
13.4548779
23.5617104
46.9840050
57.3944817
46.8526001
20.5911179
7.4501696
13.6422138
23.1627502
26.5278969
24.5875759
19.5153542
15.2427130
11.8634291
6.7119184
10.3475513
10.1845303
6.1398335
18.6476727
58.5198708
90.3542633
80.3988190
42.2800446
36.7740555
67.0571060
106.2912827
120.7055664
93.4210434
59.6891785
42.3468819
41.6646729
44.3351517
46.4106522
41.6800270
35.7138939
31.2467365
23.0447273
16.3559952
9.0773249
7.8632183
25.4289284
42.1110649
49.0506744
50.4180489
58.5729103
68.7042389
64.4935532
46.0825233
23.0375309
10.5357685
7.3535156
15.5266476
35.2672119
40.1973305
27.7830143
19.2473412
11.7109241
5.2984586
3.6244307
0.9937000
0.8427679
5.0589404
23.2302799
46.9507027
61.7338257
56.6554070
32.5610466
14.5437374
7.7206988
6.6903567
11.8809166
20.2542019
24.4862652
19.5918922
17.0946770
17.8013859
16.7496567
12.6005802
7.4909968
3.9995427
8.9349718
11.1465912
6.1068487
2.1673727
1.4383230
1.4991530
1.0478053
0.6911300
0.7095922
0.6751757
0.5477611
0.4267920
0.4325750
0.4746374
0.5265639
0.5090435
0.3875606
0.3688520
0.6420097
0.5611635
0.3190840
0.2316020
0.2585230
0.3094995
0.4246629
0.4762489
0.4432936
0.3961337
0.4095603
0.4858502
0.3524255
0.3297978
0.3059814
0.3585813
0.5171213
0.5154334
0.3957110
0.3090442
0.3100940
0.3753245
0.4190010
0.5760545
0.6004991
0.5197168
0.4752919
0.4434843
0.5946527
0.6777869
0.5807973
0.5121135
0.5095165
0.4802004
0.3398152
0.3059779
0.4817199
0.4218504
1.1729043
6.5885763
16.0903130
23.5698605
24.6660690
18.2598286
8.5840616
4.3431530
3.8065257
7.5283785
11.4094791
25.7938671
43.1786041
48.0626640
40.8484192
40.6796188
57.2929802
58.0006371
48.6799202
33.5215263
29.6567574
28.1355343
26.8028831
29.4689770
22.5932903
8.9167194
4.7906632
5.1377907
4.9654489
3.1811771
4.5487604
8.2374372
13.5264854
28.5412807
47.9220200
61.3302498
70.6481094
58.7226410
41.9928589
25.5605869
12.1301212
11.1773729
10.8611689
12.9473772
10.3039494
9.3769140
8.7067957
7.9448018
4.6588054
6.8693342
5.7243094
1.8997864
1.3860718
1.9846256
2.6426766
3.4508722
4.0326972
4.1462040
3.7420382
2.7683547
2.1114810
1.6955572
1.5257065
1.6321498
1.3969077
1.0670381
0.9082090
0.8552407
1.0479350
1.1267085
0.9156189
0.7869967
0.6024926
0.3388760
0.3008703
0.4724056
0.4850965
0.4838512
0.4976394
0.5167390
0.4175038
0.2841754
0.3860077
1.0621881
2.1708612
5.9402328
13.6603003
22.7523251
28.2629356
28.1322823
22.1591644
20.1370754
17.9009342
14.2440596
21.4415359
34.5465736
34.0531998
28.6930389
19.3510380
10.1234713
4.1546359
1.4285152
1.8566658
14.2976284
46.9421768
67.4412384
64.1987076
41.2485542
18.5826015
5.9554901
0.3117192
0.7068656
1.1588931
14.3565474
41.0640907
49.6924667
33.8747520
19.2832069
12.2827921
7.1474967
8.4577026
22.2264309
21.7872524
17.9219856
16.0966740
11.8675613
7.0610676
3.8241262
4.9910703
10.8184319
18.5714340
15.5169487
6.1402216
1.2269773
5.2042727
6.7341366
5.5412340
4.0000639
2.3952141
2.3718524
5.6212864
6.2406712
3.7468603
0.6605086
0.6561406
1.1065421
0.8005983
0.8840950
1.5893577
2.5271969
5.6237354
13.0219870
19.3579502
20.0421600
16.8593178
13.4032803
11.0481567
9.3686962
9.1189585
9.5917807
11.2965269
23.4261398
45.3612938
55.4117966
42.2046928
25.5985165
15.6574049
16.1694126
31.1220932
29.2506580
25.9687576
22.8833332
22.2124748
18.9505844
12.3495121
7.2808437
3.2270651
2.6241143
5.1794047
6.6027803
7.3335743
5.6751466
5.4722953
7.2220354
7.3823209
7.2281823
6.0035381
6.5055065
4.4878125
2.8570561
3.4101539
2.2127671
1.2798855
0.8755586
0.7600830
0.5064263
0.4442738
0.3456638
0.4543738
0.4150252
0.4010215
0.3770388
0.2879163
0.4277410
0.6432101
0.5559879
0.3686100
0.3536444
0.3614700
0.3655043
0.3701957
0.3337573
0.3852727
0.4293823
0.5941867
0.6469467
0.5619618
0.4776922
0.3876871
0.5136865
0.5812948
0.6657514
0.5959121
0.5157127
0.5852119
0.6868737
0.7179034
0.9139164
1.0604489
1.1921208
1.2059531
1.1437252
0.8953387
0.7883728
0.8681227
0.9026742
0.9959460
1.1481901
1.1992279
1.0691911
0.7652035
0.5752585
0.6703712
0.7495100
0.7218956
0.8529549
1.0349873
0.9684725
0.9004644
1.1225511
1.4391788
1.7303442
1.5232561
3.5743735
9.9598646
16.5606861
17.0822601
14.5309172
11.6702709
10.0952368
5.1837764
1.3153933
0.8837323
1.2192204
4.4969687
12.1860771
13.4451799
10.4134417
8.0303144
12.8218174
20.5364838
22.0105495
19.8812790
23.8793888
23.1732941
19.0266094
11.5838308
4.4871316
2.6339552
3.7787576
7.0902128
8.1851149
10.3801546
16.6753445
20.2810249
22.2112103
27.4389286
38.3142357
34.6838417
26.1034927
19.4268246
14.2929058
5.4172645
2.5477695
6.2747798
26.4510632
43.1642761
36.1610641
27.4438992
15.8661919
13.1586905
17.8091202
23.0576572
27.9668446
30.3155193
30.0900459
23.3839760
17.6480198
18.6262951
25.3120613
34.7391930
38.8337479
34.2086830
28.1499500
23.1670113
17.7269230
8.6535845
6.6891346
19.5478363
18.4782486
12.1249437
5.0239978
7.3246875
11.1477766
12.7627344
11.5071087
10.0668478
10.3601093
12.7714920
13.4011841
11.4874506
8.5552149
5.3139853
2.2381935
0.9151665
2.1938350
2.2383163
3.6739378
4.3409066
4.1540570
3.6215131
3.7321506
8.6435900
14.7310915
13.2671728
5.3918743
1.7023864
0.8914765
0.9223428
1.0383214
1.0934629
1.5054171
1.2203058
0.6744187
0.7898613
0.9012543
0.7890067
0.6646228
0.6138153
0.6709957
0.3754603
0.3950057
0.3927301
0.3104328
0.4152158
0.5924833
0.5925152
0.5284852
0.6693923
0.8016296
0.7078470
0.5258714
0.5606254
0.5535785
0.7622717
0.8020596
0.8442127
0.6471906
0.5518194
0.4665724
0.6864830
0.7903334
0.7516490
0.6114264
0.5619053
0.5264372
0.6357060
1.1426878
1.2509468
0.8495901
0.5174108
0.4386241
0.5967814
0.5367341
0.4160440
0.4368125
0.6478012
0.9765867
1.1238445
1.0310922
0.8807628
0.8343732
0.9333643
1.0081580
0.8791826
0.7773662
0.8035328
0.9317985
0.9635423
0.9355074
0.8946557
0.8607560
0.8596557
0.9415598
1.0157425
0.7553617
0.5489255
0.4143093
0.3842273
0.5488718
0.6580275
0.5326067
0.4882192
0.4684991
0.5304812
0.6577685
3.0728264
7.7359114
12.2486191
16.3335819
19.6030655
20.9152622
21.6160469
21.6830101
22.8831367
33.7382660
44.5227013
42.7274323
37.3263321
38.8205223
41.7608452
34.4375839
23.6659412
14.7090540
15.5579491
19.6304550
25.4641781
28.9919872
26.1548443
20.3496571
12.0737762
5.2003908
3.6619582
5.3506002
3.6316919
3.6956756
3.8438730
3.9666357
4.6212454
5.8727093
7.6315098
9.3782368
10.8806362
12.3904152
13.5854368
12.6843004
11.8912745
11.3685646
10.2588425
9.4737082
8.8533325
7.6805930
6.4838791
5.2958212
4.5047116
3.9524469
3.6821134
3.8260937
2.6563017
2.3629022
2.4048765
2.2886350
1.9599667
1.4924190
0.8195180
0.7287061
0.6519609
0.5642444
0.6980214
0.6902572
0.5299333
0.3945431
0.2730421
0.4250182
0.4850522
0.4021949
0.4190033
0.4015183
0.3303192
0.3584988
0.5092471
0.5156560
0.3788475
0.4092690
0.4954804
0.7376587
0.8730637
0.9082486
0.9299109
0.9374526
1.0441834
1.4506533
1.7273301
1.5064549
1.0032393
0.8164108
0.9268618
1.4473234
1.9998566
1.6566913
1.1653805
1.0578189
1.1123450
0.8720020
0.7653742
0.7975694
0.6686203
0.6482224
0.6995733
0.4964932
0.5122378
0.8789019
1.9476939
8.3867788
22.1167011
33.3919258
33.5466347
32.7274551
41.1326370
43.1848526
25.9326630
5.9765158
0.4604779
5.1363702
29.8138027
61.0500374
73.3341904
84.8514557
111.2365875
114.6318817
102.9145355
72.8501511
49.6507874
22.1535683
11.5521669
14.1407919
17.5945282
17.6404991
14.0048180
8.8720083
6.3609424
3.5369811
9.8996353
43.1833000
88.3742676
118.6472168
116.6606216
81.7137833
48.5408821
24.7787743
29.6713600
68.2715225
83.8850098
61.6052971
36.1929932
14.2452202
10.8291636
10.1405573
13.6643610
20.9422016
27.4187660
28.7239323
28.1909142
27.4275341
22.1472244
11.4105129
3.5200348
2.7511010
6.2889323
15.4249468
31.4982700
62.9154625
104.2032776
113.9002609
78.0104218
55.0132141
37.7053680
26.3760262
34.2635765
20.5652542
5.4072905
7.3963833
18.2907219
24.0611267
20.3044167
17.0278397
18.8968239
18.7810783
13.4178753
5.7083039
2.5924006
2.9003634
9.0672321
28.8633251
44.1396332
40.5405235
29.3175335
21.5746498
15.1976233
9.6871262
7.7616262
28.1797009
66.9129715
54.9969444
23.9030781
12.9113064
12.1344824
12.1165409
15.1478224
25.3733139
33.7326279
32.2628326
28.5666809
23.8737965
16.2667198
9.1035557
14.2370844
14.3693552
14.1224794
9.3142824
6.1754804
6.1154313
5.5717516
7.6112399
14.3594065
26.3485794
27.5192261
23.1271896
15.6576061
13.8309593
12.9892159
9.2828493
6.3453546
4.8107600
2.0522878
2.1981032
5.0535078
10.2963619
13.8021126
12.8336849
7.8701849
4.9660378
3.7287729
2.9796858
1.7886461
1.0163498
0.9486741
0.8498236
0.5386457
0.5268037
0.4944215
0.4037480
0.4552257
0.5622641
0.6265151
0.5819836
0.4906493
0.4127647
0.4686043
0.3458610
0.4658838
0.5430419
0.5063817
0.4074720
0.4264729
0.7527714
1.1191032
0.8775146
0.5822653
2.2581389
16.9510021
42.5492058
56.1494789
48.8081818
32.2620888
17.5892906
15.5931711
16.6585293
26.9167404
29.7520027
24.4109802
26.4301872
25.9165955
16.4715977
6.3092279
2.4845545
1.0116050
0.4382793
0.1677706
4.1135240
21.9264126
41.9622078
43.4946022
28.6483173
12.1516161
5.5484319
2.9117830
0.5466335
0.2978735
0.2683247
3.4082479
14.0331745
21.1088371
18.5117207
10.6237030
8.2422848
13.2900534
23.9867039
34.3060379
39.7159042
44.2526245
44.3994370
39.1539574
38.6289673
37.5074081
38.0950851
42.5014343
39.2925034
31.2931099
20.8657227
13.3260565
27.9654140
19.0834045
11.2760496
7.9551744
4.4670887
3.6494570
3.8395867
2.2520995
0.9862589
1.2052989
1.4668269
1.2404381
0.9117314
0.6695571
0.5395099
0.4900545
0.4402896
0.5130318
0.5005209
0.4420245
0.3832247
0.3524563
0.3454604
0.4203885
0.4103019
0.3947365
0.5504925
0.6675174
0.6139670
0.4500510
0.4370241
0.4739831
0.3510054
0.4137089
0.5760738
0.6288579
0.5697573
0.4630142
0.4592317
0.3525066
0.3180003
0.4047741
0.5277328
0.5684006
0.5089875
0.4785785
0.5234956
0.4728350
0.5082676
0.4695712
0.5473404
0.5573304
0.6090117
0.5703019
0.5295455
0.5927387
0.8723762
0.9884700
0.7164664
0.4907009
0.5385885
0.5677904
0.5654699
0.6342547
0.7566909
0.6875209
0.5184699
0.4085485
0.4836082
0.7621503
0.6324600
0.4001213
0.3337065
0.4015533
0.3497348
0.4027056
0.5325286
0.6064075
0.5947343
0.4845401
0.3485515
0.2963515
0.4456515
0.5884263
0.6090679
0.5212024
0.5198247
0.4449278
0.4072543
0.4838065
0.5130141
0.4660841
0.4753148
0.4627734
0.4497333
0.4233418
0.4611078
0.3951513
0.5934474
1.8454475
2.7142766
1.6775404
0.3534461
0.1643561
0.2931079
0.4083301
0.3988290
1.4851168
9.4727688
28.0872784
42.5838737
38.3719368
22.4106026
9.3660421
8.8519707
19.6927090
25.8390045
20.9640102
10.1727791
6.3555002
6.7619309
2.6456616
0.2625839
0.2536097
0.9895664
7.5252590
24.9741135
46.7529526
52.9554672
35.7033005
15.5531301
5.6221466
3.8220983
4.8837457
19.6348190
47.0409279
51.1267815
32.2355385
14.9992790
8.2640429
4.0572772
7.7459235
14.4689112
13.3342094
6.6020198
5.2008643
4.9620085
3.9899602
4.1555314
4.1746998
3.7962630
3.5218577
10.1995029
23.1259518
29.6633797
26.3379059
25.5145531
24.8306961
16.8423119
16.9555035
30.0592251
29.1476116
25.1451664
19.6131573
10.6357594
9.9628906
20.8560963
16.1730690
9.8448439
6.8409462
3.6850159
0.6170753
0.3301359
0.3212412
0.3280110
0.4168544
0.6516492
2.5402136
5.4381256
6.1284127
4.5892220
3.5485768
4.1002426
3.5154819
1.6463872
0.7000162
0.4901979
0.5972598
0.7406895
0.5652453
0.5919030
0.6631824
0.5499754
0.3873506
0.3744436
0.4531496
0.4345654
0.4270929
0.4280703
0.5068201
0.5159737
0.3796434
0.3970340
0.3964422
0.5405343
0.6575376
0.4572781
0.1372009
0.0449298
0.0049489
0.0000629
0.0000000
0.0000000
0.0000000
0.0000000
0.0000000
0.0000000
0.0000000
0.0000000
0.0000000
0.0000000
0.0000000
0.0000000
0.0000000
0.0000000
0.0000000
0.0000000
0.0000000
0.0000000
0.0000000
0.0000000
0.0000000
0.0000000
0.0000000
0.0000000
0.0000000
0.0000000
0.0000000
0.0000000
0.0000000
0.0000000
0.0000000
0.0000000
0.0000000
0.0000000
0.0000000
0.0000000
0.0000000
0.0000000
0.0000000
0.0000000
0.0000000
0.0000000
0.0000000
0.0000000
0.0000000
0.0000000
0.0000000
0.0000000
0.0000000
0.0000000
0.0000000
0.0000000
0.0000000
0.0000000
0.0000000
0.0000000
0.0000000
0.0000000
0.0000000
0.0000000
0.0000000
0.0000000
0.0000000
0.0000000
0.0000000
0.0000000
0.0000000
0.0000000
0.0000000
0.0000000
0.0000000
0.0000000
0.0000000
0.0000000
0.0000000
0.0000000
0.0000000
0.0000000
0.0000000
0.0000000
0.0000000
0.0000000
0.0000000
0.0000000
0.0000000
0.0000000
0.0000000
0.0000000
0.0000000
0.0000000
0.0000000
0.0000000
0.0000000
0.0000000
0.0000000
0.0000000
0.0000000
0.0000000
0.0000000
0.0000000
0.0000000
0.0000000
0.0000000
0.0000000
0.0000000
0.0000000
0.0000000
0.0000000
0.0000000
0.0000000
0.0000000
0.0000000
0.0000000
0.0000000
0.0000000
0.0000000
0.0000000
0.0000000
0.0000000
0.0000000
0.0000000
0.0000000
0.0000000
0.0000000
0.0000000
0.0000000
0.0000000
0.0000000
0.0000000
0.0000000
0.0000000
0.0000000
0.0000000
0.0000000
0.0000000
0.0000000
0.0000000
0.0000000
0.0000000
0.0000000
0.0000000
0.0000000
0.0000000
0.0000000
0.0000000
0.0000000
0.0000000
0.0000000
0.0000000
0.0000000
0.0000000
0.0000000
0.0000000
0.0000000
0.0000000
0.0000000
0.0000000
0.0000000
0.0000000
0.0000000
0.0000000
0.0000000
0.0000000
0.0000000
0.0000000
0.0000000
0.0000000
0.0000000
0.0000000
0.0000000
0.0000000
0.0000000
0.0000000
0.0000000
0.0000000
0.0000000
0.0000000
0.0000000
0.0000000
0.0000000
0.0000000
0.0000000
0.0000000
0.0000000
0.0000000
0.0000000
0.0000000
0.0000000
0.0000000
0.0000000
0.0000000
0.0000000
0.0000000
0.0000000
0.0000000
0.0000000
0.0000000
0.0000000
0.0000000
0.0000000
0.0000000
0.0000000
0.0000000
0.0000000
0.0000000
0.0000000
0.0000000
0.0000000
0.0000000
0.0000000
0.0000000
0.0000000
0.0000000
0.0000000
0.0000000
0.0000000
0.0000000
0.0000000
0.0000000
0.0000000
0.0000000
0.0000000
0.0000000
0.0000000
0.0000000
0.0000000
0.0000000
0.0000000
0.0000000
0.0000000
0.0000000
0.0000000
0.0000000
