0.0000000
0.0000000
0.0000000
0.0000000
0.0000000
0.0000000
0.0000000
0.0000000
0.0000000
0.0000000
0.0000000
0.0000000
0.0000000
0.0000000
0.0000000
0.0000000
0.0000000
0.0000000
0.0000000
0.0000000
0.0000000
0.0000000
0.0000000
0.0000000
0.0000000
0.0000000
0.0000000
0.0000000
0.0000000
0.0000000
0.0000000
0.0000000
0.0000000
0.0000000
0.0000000
0.0000000
0.0000000
0.0000000
0.0000000
0.0000000
0.0000000
0.0000000
0.0000000
0.0000000
0.0000000
0.0000000
0.0000000
0.0000000
0.0000000
0.0000000
0.0000000
0.0000000
0.0000000
0.0000000
0.0000000
0.0000000
0.0000000
0.0000000
0.0000000
0.0000000
0.0000000
0.0000000
0.0000000
0.0000000
0.0000000
0.0000000
0.0000000
0.0000000
0.0000000
0.0000000
0.0000000
0.0000000
0.0000000
0.0000000
0.0000000
0.0000000
0.0000000
0.0000000
0.0000000
0.0000000
0.0000000
0.0000000
0.0000000
0.0000000
0.0000000
0.0000000
0.0000000
0.0000000
0.0000000
0.0000000
0.0000000
0.0000000
0.0000000
0.0000000
0.0000000
0.0000000
0.0000000
0.0000000
0.0000000
0.0000000
0.0000000
0.0000000
0.0000000
0.0000000
0.0000000
0.0000000
0.0000000
0.0000000
0.0000000
0.0000000
0.0000000
0.0000000
0.0000000
0.0000000
0.0000000
0.0000000
0.0000000
0.0000000
0.0000000
0.0000000
0.0000000
0.0000000
0.0000000
0.0000000
0.0000000
0.0000000
0.0000000
0.0000000
0.0000000
0.0000000
0.0000000
0.0000000
0.0000000
0.0000000
0.0000000
0.0000000
0.0000000
0.0000000
0.0000000
0.0000000
0.0000000
0.0000000
0.0000000
0.0000000
0.0000000
0.0000000
0.0000000
0.0000000
0.0000000
0.0000000
0.0000000
0.0000000
0.0000000
0.0000000
0.0000000
0.0000000
0.0000000
0.0000000
0.0000000
0.0000000
0.0000000
0.1930367
0.8729903
1.6377913
1.8479912
1.4613671
0.8936354
0.6064051
0.7619962
1.2344750
1.4886038
1.4542136
1.0487034
0.7254007
0.5117930
0.4457738
1.0299923
3.1934035
6.2843094
9.1117573
11.3130302
13.1322689
13.7850285
14.1138630
14.6319370
15.0334797
32.3284149
68.5708389
96.4298401
96.4410858
84.2201385
83.0028610
75.7556839
62.4208450
42.7629967
23.6057320
21.5309963
30.9711075
33.2580910
28.4409657
18.6465492
11.6073551
24.8479309
19.5002708
33.5909538
28.9182091
9.3876534
24.9809647
20.0817986
15.8414526
16.4761219
21.1987801
22.7193890
19.9491882
18.1609364
20.0113449
21.8530521
18.2277737
9.1459322
5.9093037
5.2964258
4.3637967
2.3159153
1.4191999
1.0925217
0.5996413
0.7161360
0.7656159
0.8264112
0.8794290
1.0647490
1.0227731
0.7243817
0.7767842
0.6948640
0.7366787
0.8548803
0.6670132
0.6616719
0.8601228
0.7396529
0.9870580
1.2684655
1.1123710
0.6367151
0.5402812
0.7044170
0.9386968
0.9637934
0.8045728
0.7214612
0.7802151
0.5836062
0.5604252
0.6789644
1.2157462
0.9779031
0.6132593
0.5424813
0.5897797
0.5813258
0.6219094
0.8978412
1.0213571
0.8100169
0.8287500
0.8768767
0.6798871
0.8101462
0.7950290
1.0562452
1.3243531
1.1018708
0.6854177
0.6211039
0.6875703
1.1020446
1.1334213
0.6843194
0.5844921
0.5799804
0.5886121
0.4604746
0.5321057
0.8422636
1.0766003
0.8670145
0.6442654
0.6743365
0.6712939
0.5868621
0.7877600
1.0296135
0.9032674
0.6515026
0.5130647
0.6690789
0.6404677
0.5551981
0.6959523
0.6937709
0.7609217
0.8489128
1.0534167
0.9860808
0.8377154
1.1964499
2.0257390
6.0423694
20.8901806
38.3573303
48.1990166
73.7726212
111.4628906
122.3957977
102.0792084
86.2421265
75.5331039
73.6429901
59.6102638
30.0387745
8.6497908
18.7815609
73.0984192
111.2371826
84.7804642
48.7597275
70.5575714
96.1444931
117.3097076
126.1483078
103.6390228
77.6302414
48.0810432
34.2418823
48.0196838
45.5941200
50.8031578
42.4288940
20.2602272
5.2313890
12.0054760
5.9667125
3.9391801
4.7701879
4.3099279
3.4533560
4.3831744
4.3150473
3.4320991
2.7794755
1.4427185
1.8520297
2.2201433
1.5663929
0.9387819
0.9225340
0.5507473
0.5705498
0.5945172
0.6435416
0.7328906
0.8653117
1.1273097
1.4492261
1.3259267
1.0092840
1.0082991
1.7698349
2.0227001
1.0953904
0.3604496
0.4467431
0.8346720
0.9396583
0.8367785
0.7121655
0.5436998
0.6834230
1.0385958
0.9616413
0.8044595
0.7750599
0.9758157
0.7497771
0.4682400
0.5997640
0.7283580
0.6777354
1.6318246
10.6480751
26.0701141
48.0356522
77.9108429
88.7879944
72.3868561
50.8594055
31.5416107
12.9230757
4.0611935
5.6500330
6.3488054
8.7784996
12.2275877
15.1948395
16.9453392
18.6660995
18.0961056
13.2286310
6.8149586
3.6667547
9.0640020
18.2282143
23.4274712
37.3521080
52.8987045
56.4346161
51.2081528
39.6985550
27.1165524
14.5759640
9.5360250
13.4860420
19.0322094
19.3578243
17.4650593
15.4427738
12.3243685
9.8340759
7.6895647
6.3404498
3.8883390
2.1849921
0.8565189
0.5239309
0.4450119
0.4988533
0.7949610
1.0284460
1.0590138
1.0159311
0.5885274
0.4575169
0.6491030
0.8288829
0.8477442
1.0654341
0.9730704
0.8551787
0.8971425
1.6859746
2.2707069
1.6107273
1.6637524
5.1157675
7.2504902
4.0647783
0.3537216
0.3465994
0.5721793
0.5456501
0.6192126
0.6969558
1.0262027
1.0262049
0.8908945
0.7700017
0.8148097
0.6002371
0.5717916
0.4982540
0.5865910
0.6241040
0.6548750
0.8319409
0.8839116
0.8559260
2.5030000
16.5991497
45.7614021
79.0680542
101.3867874
98.5780869
70.2428207
32.9451599
17.4480839
15.0065136
13.0839119
10.9849710
14.0360384
14.9018583
13.6086273
11.8541470
8.8414574
5.9639311
4.2217317
3.0742922
4.7190766
7.4968128
7.5193057
6.5512352
8.0530128
24.3725891
52.4135857
67.3424225
57.7360344
41.2574768
28.5393791
18.4791431
9.7607708
3.4863358
3.4519224
2.5323143
5.2225890
5.2049050
2.7195873
6.7129040
8.8880119
8.1655407
5.8089437
4.0803838
3.1584389
4.0293670
5.5562105
6.1813965
6.3922491
5.9955683
4.6196914
7.2749963
11.9808512
12.8159409
8.3601084
5.2330709
8.7150850
11.7790365
11.1867714
9.2997818
8.3481789
8.3988819
8.6523132
9.2177372
10.6816187
15.3264751
19.5105724
23.4201889
27.5162029
27.1004448
22.2050114
19.7507000
18.6628780
17.4547882
13.9558859
13.1712408
10.3025131
8.1827078
7.4246993
11.1527414
10.4869947
8.6545906
7.0894685
4.3965025
2.2736335
3.4129701
6.4889579
6.6525693
2.2939756
0.6107090
0.4396740
0.6465657
1.1571822
0.8584205
0.7977946
1.1869836
1.4768221
1.3051643
1.2110202
1.2918657
1.2895575
1.1743070
0.7950981
0.9672824
1.3889745
1.2532394
1.0470390
1.2702307
1.1975093
1.7732708
3.7354107
4.5921960
2.7755575
0.9770762
0.5937238
0.8578232
1.7730392
2.2025321
1.7716031
1.1723658
0.5788985
0.5088741
0.3809009
0.5557320
0.7535710
8.7942352
50.6186676
110.2434311
130.1387329
88.6724243
33.4036026
14.8561735
11.5885201
24.3856277
71.3711700
85.1762848
64.4515991
42.0951538
38.9031448
34.3003197
25.0145779
17.5418835
7.8814988
5.0924349
23.4274426
51.0578537
57.3093185
41.1826859
31.1154194
29.4527035
27.7949390
21.3823357
30.4419632
73.6304092
135.2478638
153.3551483
123.1071396
105.9880142
94.6352768
102.0452576
114.8955536
81.2539062
35.7631340
16.2749405
9.9535141
7.6331844
6.9028783
8.4789553
5.6743426
1.6238180
0.8562087
1.3359151
10.8261528
21.7370014
18.2728119
7.2170992
2.4945815
1.7786572
1.3569188
1.0276643
0.8267465
0.7272737
0.7232965
0.7278731
0.6627536
0.6348697
0.6274809
0.5977473
0.5438327
0.6042624
0.7837984
1.1119833
8.0136232
33.6266785
59.1750603
54.2787628
21.5067253
9.3920002
13.4314814
19.4821606
17.8644238
17.8939705
17.5282879
12.9794302
22.2168560
53.3053246
77.1063385
73.8711090
57.1017151
40.8745880
42.5111351
41.1803360
24.7293015
7.4084401
2.1952882
2.6833165
28.0030441
80.9630356
102.9413605
78.0674438
44.6681061
52.8914299
68.9801941
75.9326248
75.4413986
65.4986191
60.7862968
49.6858902
55.9843254
75.2154922
94.2829132
93.4319382
60.2802544
25.3769283
11.4010715
4.6056638
4.4080677
18.0805950
41.7093201
35.9692039
13.4170160
12.3685875
22.5152931
28.4601135
20.1842422
15.2699242
12.1944313
11.9800463
11.8720932
9.1835823
7.7705727
8.1779003
10.2659664
20.8492527
31.8357754
37.1645317
36.3409386
26.6641121
19.4393959
15.5467281
9.8981113
8.3441505
12.7679558
15.6020746
22.2744083
25.4439068
21.5444527
15.9560499
12.2944059
12.4921274
10.2967958
9.8621616
9.7268105
6.8982639
2.6192601
0.7777780
0.4662379
0.4740095
0.5735306
0.5845873
0.7696782
0.9354359
0.8585877
2.5522099
5.1551809
4.5611506
1.2086611
2.1899555
8.8880644
18.6782990
22.1166515
21.0429001
27.2588272
39.3292084
48.4096222
49.1906395
49.4342117
55.2304077
61.2639389
68.5989304
78.1181946
73.7775192
65.4577179
85.4953918
84.2901382
50.8146439
46.0188332
39.8438797
36.9086304
109.1440506
152.9832153
143.4445496
109.3021240
74.9881439
44.0587234
46.9181213
89.7918091
106.8290558
71.9972076
36.5924416
17.9327946
8.1872005
3.2387881
2.6817324
3.0170603
1.5964229
1.1725839
0.9872897
0.7474861
0.4556170
0.5707938
0.7254912
0.9397502
1.2139299
1.1762178
1.0666511
1.2120199
1.5182900
2.0210643
2.8233254
3.0345836
1.9850223
0.8677986
0.4607716
0.4469625
0.5968318
0.8980600
1.0542547
1.3989863
1.5344771
1.4565084
1.2828474
0.9975603
0.9859822
0.7397584
0.6567178
0.5251267
0.7617445
0.9440197
0.8519555
0.6205315
0.5307267
0.7514514
1.1507865
1.1030881
0.7405317
0.6854458
0.7403208
1.2071764
8.6648245
54.9360275
149.3666992
229.7400818
228.1290588
149.8467102
87.7950134
36.0705032
20.6245422
52.9765205
41.0405807
16.5025311
10.2129898
8.0689459
8.1240749
10.3380070
11.6460037
17.0405121
43.2170639
67.8090744
64.9164047
47.1622314
31.8057499
18.6420803
8.5323944
8.9702034
13.1826782
13.5622997
11.2769318
9.5500221
7.8880467
7.2563262
6.2471638
6.0242653
6.0987568
5.9064865
5.5931754
4.4069653
3.7829120
3.2696943
2.6220913
1.8616133
1.4923515
1.0998693
0.9581776
0.7134010
0.6252455
0.6898147
0.5653754
0.4309785
0.5475015
0.6426766
0.8129981
1.1169910
5.3900380
24.8608303
57.6055984
77.9275970
67.9858093
39.2246513
13.2994938
16.7706814
14.7219810
10.0044136
7.8215237
9.4375629
17.0778675
31.4673538
36.9770927
28.6453571
15.5154419
10.5129776
10.0800762
10.3608179
11.7128143
11.4781361
9.1901913
6.3652806
4.3293352
4.0077615
6.3643589
9.7552052
14.8849697
21.5749702
23.4902744
20.2972755
15.7642117
11.6712885
13.9333506
28.7943382
46.5160713
53.7403450
56.5025253
55.6515388
50.0525970
40.8243637
29.3655338
18.2976418
10.8372898
12.0742702
17.0998993
17.8564320
26.3438587
36.8164253
37.4044037
30.8422298
24.4253521
18.2017193
17.9209309
18.6711864
20.7582397
43.8169098
101.9026947
161.0959320
181.5672150
149.8909912
96.8843155
72.4976654
93.2881088
127.6885910
62.9095230
6.7904944
0.9814177
0.1985723
0.0867082
0.3091284
0.6807564
1.7701399
2.7680864
2.3027494
1.3352987
0.7296673
0.5375739
0.8671581
1.8386357
7.6866302
26.2931652
49.9018478
58.3301430
47.0544395
27.1133518
25.5481625
26.9283562
25.9124355
20.7735615
16.6917210
15.5623627
15.7692070
15.8736448
16.7120285
23.3671646
43.3977966
68.7068863
90.3231049
102.1870575
95.2278824
79.9881592
63.5205498
50.1080780
33.5368385
20.8743954
14.7824745
18.9506493
26.4926186
35.0376625
38.2905312
31.9256039
28.0501919
28.0972099
39.2333946
25.5226421
13.4000187
11.6352091
6.6054726
6.8951812
8.1063623
9.7342720
11.2052135
11.1327314
8.4454966
10.5186453
14.8965969
14.5287056
11.2767735
8.7666340
8.2048187
9.5616455
6.8887091
3.8531489
7.3936391
6.5675030
4.2038383
4.1991482
6.9146605
7.1784801
7.7334332
9.7097301
10.7897787
10.0209856
7.6499257
5.9913340
4.6064968
12.9469576
43.1821251
84.2313843
106.2561798
104.6446915
92.1162109
73.5822678
59.7640076
88.8765564
103.2628784
86.9084320
94.9687576
136.1746368
105.1180954
33.5385246
7.3411512
3.5683646
2.3833129
2.7460077
6.7263994
8.2786970
10.5484571
14.5573750
25.5663681
45.7863121
64.1594696
65.3627167
61.8916969
51.4615746
37.9039536
35.8458214
43.0375214
35.6746483
14.6321507
13.4966412
24.6665783
15.5837269
26.0085907
49.2840233
43.1202698
29.1892662
16.5456772
12.1366930
26.4549255
23.8013420
13.9743719
4.7404575
8.7804403
19.8160992
23.3820648
26.9889431
26.0261593
22.1194458
18.2829075
13.3162041
12.2079744
11.9650784
8.7007656
9.4069023
13.5263205
12.1148338
4.9616323
2.4634976
10.7092867
29.1928158
43.3746300
45.2497444
37.6160011
28.9298744
21.7379532
21.8811359
17.2952595
16.8326797
18.7064190
24.2286949
29.1269779
33.6757812
30.7843266
24.1433182
11.8197079
8.4109936
13.9302187
17.5769691
21.6909122
27.0274754
49.4278603
79.1029129
95.2943039
71.3009109
42.5847244
22.7957611
29.4497223
31.1735058
11.9960451
12.8448048
12.7770061
6.2085066
4.6183920
3.3598108
1.6691298
0.6948518
0.3945432
2.7508938
14.0390587
22.0621719
23.8785667
21.9137077
16.8805485
9.3305635
3.4831309
1.5526346
7.4619288
18.7880650
36.3915100
50.1166382
48.1119080
35.1508179
28.3428421
31.5253448
36.1327324
31.4546165
22.5739822
16.6992874
10.9330254
4.3841681
3.9875102
3.2937241
0.8475453
0.8472905
6.1638627
13.3021545
12.3518419
3.3040295
0.8613685
0.7535284
0.6568739
0.6557785
1.6279073
2.7805381
2.8818069
2.8166833
2.6862578
2.2727091
2.0173421
1.7273686
1.7632198
2.2918079
2.1958120
1.8941852
1.9693580
2.8319213
3.5622039
4.6217346
5.0633774
5.1809235
3.9584274
2.6056974
2.1462779
1.9196790
1.9140005
1.9197468
1.7387092
1.5174512
1.3494847
1.3944426
1.4818072
1.5280299
1.3263333
0.8560400
0.8714734
0.9469126
0.8528063
0.8035507
0.8187261
0.8813241
1.0266980
1.0798259
0.8726530
1.0535184
2.0749357
4.6097856
8.0271807
10.6669054
11.3628311
10.9188919
10.8922892
15.0131311
24.7392540
33.5299492
47.5910416
76.1907654
116.6696243
197.8642883
291.5184021
326.9741211
305.2156372
301.9913940
248.0873260
186.1154480
81.4414062
42.2947540
90.8686523
28.8386822
73.7760391
125.9086990
101.8252716
74.0149689
51.0929832
45.4651337
49.4936333
62.5716019
78.9459076
48.0553780
50.1275177
67.9233246
73.4928284
29.1455688
43.6463394
70.5130997
62.9875717
73.7255478
75.9162216
42.8082695
18.5344048
12.2018070
25.4397221
87.8211975
98.1842651
73.3830872
71.8125839
71.3894272
55.4843216
47.5479927
44.0146179
38.6468697
27.2476997
17.1790028
17.1237602
11.0171776
10.5884924
10.9663219
9.2856836
17.7333908
36.2250290
36.3031387
21.3224964
16.0167446
20.2978745
18.2801819
14.9076099
12.0579958
11.7312174
28.7563629
65.6548004
75.6843414
72.7881622
62.3751488
38.9906120
18.8307304
10.5063963
10.2470188
18.2437687
24.9342957
23.9440117
26.2721920
34.7459259
27.9482746
20.2942772
56.8530197
63.7931786
49.7670364
28.1697559
13.2209015
43.2807198
51.5342407
60.6350555
59.9663811
35.3283958
17.4565201
49.6831779
67.9676971
55.8481483
28.3388939
36.0105362
62.8288116
73.2126389
75.3710327
65.3167038
44.2145195
25.6408596
12.0753832
13.7702618
17.6041946
22.7687016
17.8792686
8.8918953
3.9377851
3.8909788
8.9829493
11.8503723
10.2271700
9.5095787
16.1850700
24.6645164
27.2673912
26.9063816
25.0253582
21.4962463
16.4687729
10.2448006
3.5245204
1.0854540
2.4250226
10.7263126
14.5769758
5.7779980
1.7071390
1.8078600
2.5742235
3.0120978
2.8347392
2.2329888
1.8005961
1.9475594
2.0935953
2.4457412
3.0175126
2.4589088
2.1364603
2.6971171
3.4189627
3.7856545
5.2898622
8.5184746
15.1536303
29.9415741
49.6642609
66.7436676
71.7993164
79.4575958
79.9874420
83.2791901
79.0744934
82.0060120
80.8804245
58.0484848
22.3351097
3.0195389
0.6026415
0.2121093
0.3828367
0.7750033
0.8903130
0.6300197
0.4643985
0.8412108
10.8811178
37.8840866
58.4104691
53.4616165
35.2170105
34.3158951
34.9988632
32.0750389
28.0634708
31.0405293
35.8642120
23.3206367
6.1908612
0.5976461
0.2310911
1.4954561
16.8582783
54.0655212
84.5013351
101.7376556
117.0205383
108.6020279
94.7147293
68.7556000
32.9322624
33.8629799
45.3068352
35.1355553
81.6118240
72.7113647
55.4619141
42.3046455
30.7317562
24.0067482
25.6826382
35.1369019
56.3717804
70.7329865
52.0290108
28.5612526
18.9129906
33.7012329
27.8274860
27.1982403
38.2392883
72.3803177
90.1059189
70.3200073
39.9127312
45.6294289
76.2930832
45.8939438
11.1922750
1.9178246
0.5693381
0.8757425
2.3229048
5.1214128
6.2058597
6.1712704
6.4412384
6.9922075
7.2085338
6.0812712
4.6829710
4.3699226
4.0870800
3.6304755
2.4179568
1.8672225
1.2510332
0.8598637
0.8610711
1.4769053
3.8471580
18.4782829
47.0927696
75.3581009
85.6131668
67.3598709
34.7650719
16.0354748
6.7974854
3.2618473
4.2763209
8.3673649
11.5254641
19.0079823
35.3958855
55.4874725
62.6497765
52.2701340
42.4900742
43.6000519
35.5149078
21.5414181
7.7503748
1.2026106
4.3522015
16.3974609
27.6818466
27.6454983
22.2554798
21.0808086
22.1105270
18.6227798
14.2610245
11.8840981
10.6425591
5.9637833
1.7315934
0.8095739
0.6044874
0.3775735
0.4302299
0.6740487
1.0941446
1.5263126
9.0487928
50.8128586
142.6294098
274.8762207
374.2636414
371.8913269
295.8398438
242.5434875
162.6103668
108.0888672
73.6469193
62.3540192
69.6221771
130.4068756
206.9068146
181.4806824
57.5202560
6.0780239
0.4111665
0.3145107
22.3340378
109.5262680
119.9217606
69.7656250
21.1983871
7.9860535
3.5665288
9.2751999
13.7575045
12.9734335
13.0889378
11.2423849
10.8709831
12.0375195
13.9349604
14.9212914
15.1750717
14.4609184
15.0967751
14.2615414
12.0672741
11.7974205
13.9640665
12.6041613
5.6262727
1.2777222
0.3862700
0.4162676
0.7034083
0.8094096
15.3530617
78.5759659
171.9946289
241.0414734
268.6653442
279.3694153
280.3772888
219.8463440
150.1120911
105.9456329
68.9418488
33.5493279
8.1170998
1.3843746
0.5698158
0.3672824
10.8385725
66.4516830
147.6073761
197.6311188
185.7045593
132.9584656
102.9849777
90.3661575
78.9380264
40.5508614
27.8155422
39.8830910
35.1565132
21.3223915
15.0618324
8.5225458
2.5455761
0.7741352
8.5757122
26.4085884
33.4714012
27.2452698
27.8529892
34.6072273
34.0968246
25.9186115
20.0491905
14.8525085
11.6498394
16.6610546
22.4140530
19.2962875
5.1268401
0.2561363
0.1649511
1.0146003
12.6779747
41.3364944
74.9458008
87.6628571
73.5428162
55.5867462
38.5552139
28.2185001
18.5847168
15.7864380
26.6969566
33.0729141
34.1211815
31.0297165
19.8784790
6.5881219
8.8264256
51.6215324
120.1848755
159.8113098
169.2506714
190.8694763
190.0446014
132.8721008
72.1290588
37.3495331
39.8346672
13.5481310
0.9177059
1.5347196
7.1132426
14.1511135
19.0523643
16.0652733
9.6201944
5.0990748
3.3254776
2.5372381
2.8984346
3.8555069
3.5718982
1.7064776
0.6873308
0.5914928
0.7333461
0.7597268
0.7710916
0.7754487
0.6269017
0.5181553
0.4685585
0.6197741
1.0350665
2.8157628
11.8055267
25.0933762
29.7888336
24.8705292
33.6166725
59.9530869
84.7618256
91.4523697
85.9842529
70.1746674
52.9313545
41.7612915
28.3255939
22.1357269
15.1307173
11.5698767
9.5504951
5.2738633
3.4331746
3.5980828
5.9204173
3.1455188
0.8964156
0.8451695
0.8702079
0.9488751
0.9962562
1.0620773
0.8445051
1.0088527
1.1262001
1.0740584
0.9739845
0.7040236
0.6815024
1.0929434
1.3235211
1.4559833
1.2401252
0.7442073
0.6565180
0.7022943
0.7704318
0.6914090
0.6706697
0.9691910
1.1652759
2.1613545
11.4200020
29.8605843
41.1936226
33.6219711
21.3610916
12.9078131
8.6867867
12.8113689
31.5275288
48.3299828
45.1088257
42.0985413
46.2091408
52.6271286
55.6708908
47.5887070
38.4315262
33.4269142
35.4593163
41.1994591
41.7882309
36.6470337
28.7293129
21.1913795
16.5783062
14.1734610
8.8994436
4.0111823
3.0381091
2.7353139
2.1798749
1.4916611
0.8026179
0.3594429
0.6310210
0.8105162
0.9186745
0.8384634
0.6422075
0.6001157
0.8907470
1.0527869
1.0549260
0.8318170
0.7167357
0.5942895
0.6937838
0.5909011
0.6037426
0.7025158
0.8674824
0.8440730
0.7727528
0.6221617
0.6710835
0.7189035
0.7313635
0.8079952
1.1567624
1.3267447
1.3936297
8.5672331
29.8109779
67.8184052
114.0604095
139.4102936
174.3251343
242.8211517
322.1705017
293.0021057
174.1412506
89.8818970
45.6027756
36.2807770
24.6157722
25.5982189
33.7508392
47.5931206
34.6797371
20.5902004
18.9779987
19.0971661
20.7015324
16.0775681
9.7008705
5.4422522
3.2705157
1.9789457
1.1924924
0.7638218
0.4687613
0.3829457
0.5236430
0.4834666
0.6188031
0.7937426
0.9175645
0.9840794
1.0978577
1.0718150
0.7265778
0.5140135
0.7798936
0.9929321
1.0264270
1.0442319
1.2400017
1.4464319
1.5482053
1.6905793
2.0269334
2.0841746
2.1364229
2.2209423
2.3381286
2.1123064
1.8748319
1.8753223
1.8302481
1.7723906
1.9219806
2.1043031
1.4746289
1.3973169
1.4297917
1.1934135
1.0454583
1.2599727
1.3533540
1.5830997
1.5016134
1.3129587
2.8539519
8.5491543
15.4532213
18.8081627
18.9812927
18.7643890
22.0397701
26.6649952
31.3627510
70.9414520
149.2852936
200.5051422
179.2299957
131.7342072
98.6436234
69.7552643
49.0423470
49.1688499
54.0990143
42.5124931
37.5002213
37.8301506
38.8947334
32.3993988
12.1357346
11.4813519
9.5051126
10.4458570
11.2628689
4.9033790
3.7850671
15.4906979
23.8097134
13.0706148
1.0057507
0.2761112
0.3608823
0.5415148
1.3747146
2.4254179
1.4773066
0.6263073
0.5041117
0.5035724
0.7776535
1.0951858
1.0830142
0.9246351
0.8086057
0.9129525
1.0442499
1.1503704
0.9215481
0.7078905
0.7631180
1.4472101
4.8625121
18.7862568
35.2944221
39.2245979
41.2025528
62.8720856
84.6081390
84.0039215
70.9005737
69.7366104
62.7165833
48.7667732
34.5165443
44.5277557
64.4434357
47.1777992
31.0512066
8.4370441
1.6364212
13.5025053
55.0261230
92.3486786
98.6374969
84.8604813
90.2795715
119.4683609
125.0834122
99.0285034
69.5614395
47.3900795
28.5070744
11.6335478
8.0519800
20.5115299
29.3447361
43.0688972
72.4789505
84.9738922
63.2140007
24.2630882
5.6226664
1.4112214
4.2754474
28.1503716
47.9607773
29.4624252
8.2394524
5.4439888
5.8302803
7.5765553
8.9046764
5.9041114
1.8368126
0.5230349
0.4087598
0.3068169
3.2589960
29.2158546
71.2279816
96.1282043
86.4348907
74.4311600
73.0005569
86.4243774
84.9245148
64.7210999
40.8105469
20.9976425
22.1178932
40.3431473
38.8419724
16.9113579
12.4207506
18.8044949
34.6285973
57.5014038
57.0890808
49.5835838
56.3380470
61.9215279
50.5137672
24.4981232
37.0364494
57.4347343
41.7584076
28.3492413
21.0583344
14.1025267
7.6713853
4.9906907
1.6850893
0.8390926
0.8488292
0.9372285
1.0137146
0.8829842
0.8858281
2.8012769
18.6118679
45.7418594
60.3116608
47.8469925
19.0915604
6.4161224
4.7443233
5.4072566
9.8709316
10.0220518
8.6946430
9.3563595
17.2709351
32.2804527
37.2668953
27.1360226
22.7566986
36.1036110
64.0253067
89.2589035
100.2359772
92.4580536
79.1441422
58.4628410
37.4374771
22.2172642
18.7527332
12.1910486
8.8498611
11.5861645
11.6266966
10.5527134
10.7548494
12.3995457
13.5540218
9.2591648
3.7658474
5.2089868
32.5073891
83.7145004
112.3604660
94.9526215
61.8299408
42.2889061
28.8724003
21.3812141
27.9746609
30.1626186
20.7760258
17.6340160
26.4717255
26.4116898
16.4272842
26.7726288
30.4042740
19.7140121
15.3456469
5.8939099
5.1047277
17.5157890
32.3002586
32.1188850
19.0039825
8.3241940
4.3931627
4.0869145
3.6866534
3.0226648
1.9104408
1.7408931
4.7540140
7.8372951
5.7579393
1.8270999
1.4652672
1.5965190
1.4909294
1.5933863
1.8456800
2.3052607
2.3514984
1.6548342
1.2324636
0.9491522
0.8430534
0.7314765
0.4968511
0.6339393
1.4241537
1.7265947
1.2360209
2.7289014
8.9926205
14.9249582
29.3703022
56.3970299
73.4437943
66.7302856
53.3192177
43.8623085
44.3497009
51.9266472
54.8171158
52.0721893
52.0750732
61.5214043
91.7075195
104.7127151
82.4925613
63.9674377
82.0796127
120.5629501
101.9594040
60.9409180
37.0479736
39.8272629
27.1920109
23.6061535
35.2752609
36.8803253
27.4301777
13.6948271
3.3344600
1.1063966
2.1444335
12.5531626
31.7145576
41.8159447
47.5488930
50.3391190
50.4525032
45.3142281
34.0730133
23.0913677
19.6922169
12.4638081
9.4218483
4.3939443
1.2114812
0.7937723
1.0331211
1.5426469
0.9195574
4.5039515
13.0227070
17.3140335
10.7775774
3.1107607
2.0266421
1.5414518
1.0760365
0.8319020
0.6487768
0.6287902
0.7971644
0.7888936
0.7933404
0.9905649
0.8579448
0.6986021
0.8671494
0.9266380
0.7827936
0.7663496
0.6180863
0.8588349
1.1126395
1.1008708
0.7560239
0.5435506
0.7041020
0.9384241
0.8993824
0.9892191
0.9172974
0.9832314
0.8333521
0.8502629
0.8418233
0.8820354
0.7710297
0.6249791
0.6504222
1.0109209
0.8453462
0.6470053
0.7578468
1.0235947
1.1044184
0.9426910
1.1214167
1.1887686
0.9775457
0.6816337
0.5957955
0.6804720
0.7523394
0.6170138
0.6781025
0.5776649
0.6327826
0.7152518
1.2023022
5.2280712
16.4489117
26.8371048
23.0615463
8.9074411
6.4186440
15.6260834
23.6428547
14.9973555
6.6323352
6.6601267
9.3007488
9.7283649
12.1086550
15.1096687
15.9183950
14.2568140
13.2529840
15.8071365
22.4278545
26.3240013
25.7415886
24.2502842
25.5115471
27.8131008
32.2519722
34.2277145
31.5051479
22.7833443
15.4267902
30.6467018
29.0742130
23.8850555
13.4780264
11.7675047
12.5693026
7.3347950
5.0746975
7.6142888
10.6367378
13.8476877
14.4101992
8.4055786
6.4483829
8.6326141
6.8173218
13.9023237
20.4520473
20.8930111
18.1676197
15.2051458
11.5513163
4.8487139
9.9307241
7.7547054
4.1230536
6.8114495
12.1437855
13.2499437
13.4167948
13.0289059
9.1238680
8.7160101
17.6108398
19.6936741
14.2518950
5.5960293
15.6078119
16.5169010
16.9914284
11.8107185
4.0034819
0.6337999
0.5610402
0.4690517
0.8415496
10.8265314
37.0445824
65.9547272
79.0128784
85.4310379
93.7617798
81.0050507
48.4686737
22.3287392
5.1283431
13.3992167
20.3803349
15.3084335
14.6379700
23.2866211
23.1677742
21.0238781
15.7949629
7.4917755
1.8851857
6.5684981
6.7266107
3.2033994
1.5210935
2.8419456
4.5657969
6.4080095
6.0832386
3.9455049
1.4227718
0.6295279
0.5924956
0.6613892
0.8081765
0.7507808
0.7441204
0.7475505
0.6635158
0.5710630
0.6724138
0.7683352
0.7906910
0.6970383
0.7901864
0.8731279
0.9279788
1.0053124
0.8506572
0.8193567
0.8887492
0.6753431
0.6250064
0.6526495
0.9551029
0.8779370
0.7666340
0.5370747
0.5205827
0.5338495
0.9689732
0.9451163
0.7725282
0.7029726
0.8034731
0.8635501
0.7789967
3.0294697
8.8257923
15.3996725
21.3604736
31.4499073
42.1016541
40.9140129
30.2636871
24.0902977
21.5039444
19.1436310
16.8267326
19.4364128
16.4229832
18.2457886
12.3561153
9.6221848
8.8303452
9.4450426
6.3037972
5.9731107
11.6030273
18.0616302
31.3767052
51.5469437
51.7594681
22.4439812
3.0142310
2.2054863
9.2528448
32.9509850
45.9487152
38.7028580
25.2113361
14.3464117
11.5630541
7.6998343
5.1833301
4.2314658
1.9338162
1.1880964
0.9928230
5.2549090
22.8051453
40.0585175
37.3492355
21.8363953
10.0043545
8.2951269
9.8067150
10.3878498
9.1162062
9.2114878
9.6485243
8.3170042
6.3130984
5.1334090
4.6961803
6.3256173
7.6004605
4.9720936
0.7398393
0.2154984
0.6321248
8.5253477
17.3809834
14.8175774
10.4726019
13.4253740
24.6529942
37.1881828
41.5109367
34.1415405
22.1366405
19.5468445
17.3367844
15.1521482
15.9474754
11.3631821
20.3875694
21.3783531
11.8442917
12.8226128
10.9561100
4.6439257
5.8452644
12.1121960
16.8198414
24.5329876
28.8255367
27.1944180
18.8814869
16.0564041
27.1640968
29.2463379
24.0508308
15.9074869
10.6611748
9.3741713
10.2916880
7.4502983
2.1023355
0.9126170
6.0456634
17.0937538
24.2738438
21.6455994
13.2482786
9.5518475
10.0846786
10.7039871
10.4414005
9.8899097
10.5731535
10.1615744
8.4717951
6.6825156
6.6295204
6.5715866
5.9627428
5.8438883
5.0775204
3.9596281
4.0764918
4.2321663
4.3093123
4.3628321
4.5259151
4.0631537
3.9719596
4.0125856
3.6732533
4.0207834
4.2138653
4.2506180
3.5713077
2.4887574
2.3100002
2.4851403
2.3598769
2.2315741
2.4948564
2.2378519
1.9286680
1.6194124
1.4798518
1.4627984
1.1137979
1.0960582
0.9268398
0.8833135
0.8523116
0.9030044
0.8396741
0.9753846
1.3640063
1.1009465
0.5119627
0.6208916
0.5878686
0.8530949
1.1606297
1.4291127
1.6925917
2.1323855
2.9745932
3.5728357
3.8341074
4.0337820
4.1812615
3.9137836
3.6399026
3.1388054
2.4301119
2.4039261
2.3071229
2.3183913
2.2847362
2.4962547
3.0342882
3.1570449
2.8656600
2.2440224
2.1223865
2.4943211
2.6367948
2.7416859
2.5445280
2.5662475
2.5309291
2.6294329
2.8395638
2.7409427
2.6357670
2.4042511
2.3442659
2.0979455
1.9011602
2.1287487
2.4598601
1.9742633
1.3281616
1.6428502
2.5172672
3.5077403
3.6040518
3.2069018
3.0956907
3.3865714
2.7792776
1.5909622
1.1005903
1.1087776
1.2826418
1.6907821
1.7103562
1.4205276
1.0196770
1.0724307
0.9118316
0.8744488
1.0469234
1.4209479
3.5782900
16.0065422
39.9323463
59.7890854
66.0976562
66.1529999
65.2940140
64.3411560
56.7983093
46.5619392
61.5066643
52.3016052
22.6042480
35.1683731
70.7645187
93.8682327
112.8671341
134.1419525
126.9087067
92.6434631
66.2779312
49.4888687
39.4153900
41.3885536
47.7073708
42.9095802
27.7116776
5.8714342
0.9930319
10.0712509
38.2425499
55.9803581
53.3990402
35.6352463
20.3428822
15.1303310
15.2428551
19.7278614
18.6345654
13.7894249
16.0696487
28.3706474
37.5427895
38.8181152
44.6021500
52.7782211
51.6273537
57.5464516
91.4717484
123.7198410
125.0628433
102.6089630
81.7062988
73.8603668
57.1808243
47.1689796
61.5417023
34.8214798
66.8798752
91.8837509
101.4129105
90.9672699
72.8659286
54.2667618
36.3807335
27.1549587
36.2190323
44.2950096
58.5328903
66.4560013
55.1986008
85.8210831
153.6014099
141.9019623
102.4017944
60.4119797
24.1562080
30.5374279
86.0081863
117.8828659
98.7724533
65.8303986
25.6927223
17.7388973
18.8172359
11.9057121
13.6474934
9.0228930
5.6193051
3.9195859
3.5107818
3.1373124
2.1505957
0.8050862
0.4681099
0.6828356
0.8890049
0.8791834
0.8999615
1.1070776
1.2027832
1.5842795
1.9587227
1.7214489
1.2251505
1.1423130
1.0263754
4.0151539
27.9657555
73.3863068
112.1416473
116.5230713
92.3541260
65.4206924
47.5068359
30.5507107
10.8555222
32.5571327
36.5428009
40.0458603
49.7901993
47.4373932
32.2599525
16.9611893
20.1762409
19.2226067
13.4507532
9.0751514
7.1623936
7.0670147
18.8953724
46.8835220
72.8820267
74.9670944
57.9589272
39.2324829
27.7541962
15.2536535
11.8985939
7.3133373
8.8732548
9.1462145
9.6204281
8.5993938
8.6192331
11.2269783
10.2063980
7.3564959
6.0168066
6.8596010
7.2932081
6.9404497
5.6567831
6.1619058
6.8729877
6.3913174
6.1221743
6.1640277
6.7136788
7.4899931
6.2853961
4.4859872
3.5908971
3.0320845
2.2405057
1.3930537
0.8353634
0.6150513
0.8408201
1.0642463
0.9753299
1.2070190
3.3610680
5.5426564
4.1293564
0.9420475
0.3441604
0.3628112
0.6716146
0.8761069
0.9154840
0.7296140
0.6023451
0.5433538
0.5507442
0.6704096
0.9302733
1.5584784
1.8643137
1.5161695
0.8703824
0.7420980
0.8220430
2.2586775
9.5760326
18.8997173
32.3908882
68.4090500
117.1409988
139.1161194
108.2053146
70.4727402
41.0333176
44.9563560
73.3411407
64.7508698
52.4620399
38.9102173
35.7591286
37.4948044
27.0093937
21.1319885
17.0999470
14.4562874
15.8345289
17.8335209
30.5313225
54.0482254
75.1723862
81.7869492
72.3047485
56.8924904
51.7252312
54.7675552
50.0656815
33.8796844
22.2500191
16.2329769
18.9135761
13.9106550
11.9536238
12.3828182
13.7888870
12.3608179
9.7090254
8.7221889
8.1826162
7.1694345
5.6320119
4.3459878
4.7508726
5.3635278
5.7950473
5.1587615
4.3882933
3.4646306
2.7073607
2.7792878
2.7272706
2.3219633
2.0197325
1.4819548
1.2840939
1.2475371
1.2274246
0.9525810
0.8618594
0.8128449
0.6713371
0.6074610
0.7381723
0.9126465
0.8331226
0.7290036
0.8351987
1.0206108
0.8226116
0.8922292
0.7978411
0.6449159
0.5546339
0.6421036
1.0078837
0.9784764
0.8723494
1.0177349
1.2974030
0.9740871
0.5625747
0.4604264
0.5413682
0.6635224
0.7844242
0.8386422
0.5227071
0.5848415
0.5075986
0.9315209
1.1291565
0.9723970
0.6599224
0.8877136
0.8522375
0.5620636
0.5756418
0.5705023
0.7630630
0.8016596
0.8404540
0.8106294
0.6053610
0.6170006
3.8032780
12.4807663
23.6394997
33.3780861
40.1708755
41.9014587
32.6301155
17.2019329
10.0897570
7.0394559
3.7610176
2.2358434
3.6749692
4.8876410
1.1198372
0.3413749
0.2438658
0.4448276
0.7056811
1.9171469
11.8482504
27.1107788
30.7203922
19.0570831
6.6712384
4.0838046
3.8312950
2.3515401
1.3081881
0.8013166
0.6204330
0.3831068
0.3633743
0.4023912
0.7360466
0.9152918
0.8223795
0.6546704
0.6741506
0.6017844
0.5608865
0.4793444
0.4512672
0.7965331
1.0129656
0.8761107
0.6166220
0.5289655
0.5384678
0.6680406
0.6383206
0.5876287
0.5466714
0.7312502
0.7938607
0.6965324
0.5691496
0.6495059
0.9070829
0.7053171
0.5253500
0.5377629
0.5895803
0.7058635
0.6167104
0.7885070
0.8840344
0.5474076
0.4458351
0.5013357
0.7797242
0.9006620
0.9260325
1.0024953
1.2717353
2.1098046
5.3917918
9.9139147
19.0490723
38.5617142
68.0770340
95.2260590
98.4391022
81.2648544
64.9401474
53.3602409
29.9754219
50.7633324
85.5331497
71.5782776
39.1226006
17.2720356
11.7624960
9.7416716
10.8047667
12.1000223
23.3938370
38.0586014
42.7641792
35.4714279
25.6871262
16.6478825
11.9411764
11.5237722
13.3303547
13.8624096
9.4129553
4.6678090
4.1703467
1.9824538
2.3422480
5.1761656
10.5805702
12.8590250
10.9591427
8.0337391
6.6310105
6.0113826
5.1347890
5.1455593
6.4616647
6.7207322
5.4368844
4.5522637
3.6268120
2.9747319
2.3958044
2.0176148
1.9981623
1.8694358
1.5910246
0.9280723
0.4064246
0.5553921
0.4652488
0.3753775
0.4520686
0.7087319
0.8497310
0.6572422
0.5533824
0.7453564
0.7435095
0.8741306
1.1320769
1.0590224
1.4412323
1.6598787
1.2496507
1.3575952
1.7699997
1.3695889
2.0892775
7.7904148
14.9284010
19.2507114
23.1693344
28.2550087
29.6468239
25.6853065
18.0404816
11.9930000
16.2182980
23.7525482
25.3909492
24.1020927
29.5487576
38.1919441
36.1410332
25.0056152
17.9317093
42.0965462
59.3449249
55.0524521
45.9350967
27.6896515
16.5682049
7.3391013
2.0543537
0.6189242
0.2323552
1.5476025
4.1903067
7.2340131
7.2223864
5.8837194
5.3498125
5.2901430
5.0025997
5.0910592
4.8587775
4.7648754
4.8843050
4.6639490
4.0264959
2.7999370
1.4606608
0.8287873
0.7036170
1.9784005
9.4987440
19.8598022
24.5982800
24.1960449
21.7630634
19.7461281
17.6156559
15.4816093
14.6196795
37.2238083
100.9192123
157.1669922
157.0779572
129.1538696
109.8454590
113.0109329
111.8220978
106.3702240
103.8608780
106.3651581
106.6980972
106.0078735
102.0431595
99.0795975
83.6475983
58.3774338
21.3599834
22.6767807
30.2619648
43.0085602
46.5570984
24.1671734
18.5286694
28.3162155
30.4062481
22.6601963
12.4103880
7.9077477
13.6946888
18.0137787
10.4851952
2.7144682
1.4160020
0.6687441
0.6858469
1.4159482
2.3191278
2.6736953
2.3574591
1.9838374
1.5684590
1.2577450
1.5300477
1.6089466
1.3775955
1.0933768
0.8642910
0.7850631
1.0086688
1.3564607
1.3273702
1.2492329
1.0684128
0.7216495
0.7690545
0.8858410
0.9485044
0.9054683
0.7683657
0.5595493
0.7662779
0.8550341
0.6269367
0.5060848
0.8340452
0.9591789
0.7559959
0.5683171
0.4597949
0.6774445
0.7330778
0.6323195
0.7765608
0.7815525
0.6894180
0.6037444
0.5303599
0.6346447
0.8456672
0.9366555
3.5704317
14.1441231
30.3705158
56.6917992
86.1417847
94.9830322
81.9054642
71.4615936
81.5039673
85.7674332
77.3200073
61.0571899
41.4513664
20.7032585
15.2555094
7.4886785
7.0958161
9.5294914
16.0031834
17.6378288
16.6902828
14.0012341
8.6355267
2.1456494
2.3958640
15.3101730
34.8210678
41.6195641
34.7121162
19.8892956
7.1059685
3.8406754
3.5925024
4.3387327
1.5546448
0.7354113
0.4678006
1.6148030
6.8188915
13.2187290
19.6759949
24.9725418
24.6140289
19.6406708
14.7284937
10.7239399
8.6824350
4.8786197
3.8158469
5.0088921
4.2208815
1.5803945
0.4815347
0.4964507
0.6262205
0.8757499
1.4751313
2.3733885
4.6057639
7.8772397
7.0942373
2.4307392
0.4167593
0.3761123
0.4461275
0.6966667
0.5741948
0.4573509
0.5191699
0.5692031
0.8685505
1.1576692
0.9927050
0.7010820
0.6770710
0.6980555
0.5600950
0.2761531
0.0290840
0.0030455
0.0000053
0.0000000
0.0000000
0.0000000
0.0000000
0.0000000
0.0000000
0.0000000
0.0000000
0.0000000
0.0000000
0.0000000
0.0000000
0.0000000
0.0000000
0.0000000
0.0000000
0.0000000
0.0000000
0.0000000
0.0000000
0.0000000
0.0000000
0.0000000
0.0000000
0.0000000
0.0000000
0.0000000
0.0000000
0.0000000
0.0000000
0.0000000
0.0000000
0.0000000
0.0000000
0.0000000
0.0000000
0.0000000
0.0000000
0.0000000
0.0000000
0.0000000
0.0000000
0.0000000
0.0000000
0.0000000
0.0000000
0.0000000
0.0000000
0.0000000
0.0000000
0.0000000
0.0000000
0.0000000
0.0000000
0.0000000
0.0000000
0.0000000
0.0000000
0.0000000
0.0000000
0.0000000
0.0000000
0.0000000
0.0000000
0.0000000
0.0000000
0.0000000
0.0000000
0.0000000
0.0000000
0.0000000
0.0000000
0.0000000
0.0000000
0.0000000
0.0000000
0.0000000
0.0000000
0.0000000
0.0000000
0.0000000
0.0000000
0.0000000
0.0000000
0.0000000
0.0000000
0.0000000
0.0000000
0.0000000
0.0000000
0.0000000
0.0000000
0.0000000
0.0000000
0.0000000
0.0000000
0.0000000
0.0000000
0.0000000
0.0000000
0.0000000
0.0000000
0.0000000
0.0000000
0.0000000
0.0000000
0.0000000
0.0000000
0.0000000
0.0000000
0.0000000
0.0000000
0.0000000
0.0000000
0.0000000
0.0000000
0.0000000
0.0000000
0.0000000
0.0000000
0.0000000
0.0000000
0.0000000
0.0000000
0.0000000
0.0000000
0.0000000
0.0000000
0.0000000
0.0000000
0.0000000
0.0000000
0.0000000
0.0000000
0.0000000
0.0000000
0.0000000
0.0000000
0.0000000
0.0000000
0.0000000
0.0000000
0.0000000
0.0000000
0.0000000
0.0000000
0.0000000
0.0000000
0.0000000
0.0000000
0.0000000
0.0000000
0.0000000
0.0000000
0.0000000
0.0000000
0.0000000
0.0000000
0.0000000
0.0000000
0.0000000
0.0000000
0.0000000
0.0000000
0.0000000
0.0000000
0.0000000
0.0000000
0.0000000
0.0000000
0.0000000
0.0000000
0.0000000
0.0000000
0.0000000
0.0000000
0.0000000
0.0000000
0.0000000
0.0000000
0.0000000
0.0000000
0.0000000
0.0000000
0.0000000
0.0000000
0.0000000
0.0000000
0.0000000
0.0000000
0.0000000
0.0000000
0.0000000
0.0000000
0.0000000
0.0000000
0.0000000
0.0000000
0.0000000
0.0000000
0.0000000
0.0000000
0.0000000
0.0000000
0.0000000
0.0000000
0.0000000
0.0000000
0.0000000
0.0000000
0.0000000
0.0000000
0.0000000
0.0000000
0.0000000
0.0000000
0.0000000
0.0000000
0.0000000
0.0000000
0.0000000
0.0000000
0.0000000
0.0000000
0.0000000
0.0000000
0.0000000
0.0000000
0.0000000
0.0000000
0.0000000
0.0000000
0.0000000
0.0000000
0.0000000
0.0000000
0.0000000
0.0000000
0.0000000
0.0000000
0.0000000
0.0000000
0.0000000
0.0000000
0.0000000
0.0000000
0.0000000
0.0000000
0.0000000
0.0000000
0.0000000
0.0000000
0.0000000
0.0000000
0.0000000
0.0000000
0.0000000
0.0000000
0.0000000
0.0000000
0.0000000
0.0000000
0.0000000
0.0000000
0.0000000
0.0000000
0.0000000
0.0000000
0.0000000
0.0000000
0.0000000
0.0000000
0.0000000
0.0004949
0.2137856
0.9120046
1.6639192
1.8226916
3.5099835
11.6379213
22.4620056
26.7790070
26.4601555
31.8800068
38.1499748
45.8775024
65.8875275
95.4298553
105.3336029
115.8329315
131.2761536
148.0794067
159.5342712
150.1341248
146.6507874
184.8456726
222.9503632
184.6699677
115.5264587
101.7619019
111.9810715
149.5525055
164.1625214
140.8223877
104.7093124
53.6036224
118.0031738
244.3228302
217.5249023
184.0234985
156.4695282
161.8731079
131.0181732
86.6756973
39.2935181
6.7956724
1.2712215
7.2401252
109.2672195
283.8238831
333.6399231
244.9219971
132.8112030
62.7882805
45.3166962
24.1065674
10.9840736
6.9478502
6.2406607
18.7372398
37.3620834
50.9872589
64.3226929
63.8721581
48.5243416
30.5845337
33.0488892
27.0815048
25.4431190
50.7012558
125.6262817
165.3794250
159.3886108
114.9136963
77.2693710
88.9070587
106.6094742
134.2524414
155.0210266
157.1976318
143.7699127
127.7130737
111.8680954
95.8435287
73.5112610
61.6056938
60.1301537
68.9105606
64.8327713
48.3991013
31.2487373
20.2878265
21.8044357
20.9816246
14.3963327
5.0033507
4.9931769
17.9249001
20.3638153
13.7945795
5.0519414
2.4844244
1.7846730
0.5443121
0.3285736
0.7312897
0.6529463
0.5401506
0.4743109
0.4154277
0.6363800
0.7687280
0.9257899
0.8493168
0.6733209
0.7543504
0.7200266
0.7387349
0.6941013
0.7093602
0.7912390
0.7145689
0.5602221
0.5968281
0.6081455
0.8160598
1.0523188
1.5375271
3.2122669
5.2108035
6.8548975
7.0413518
4.4659486
0.9906392
0.3091340
0.4314966
0.7442865
0.8809424
1.0147694
0.8933339
0.6195692
0.5560152
0.8150057
0.9804394
0.7608659
0.6786263
0.9115685
0.9446844
1.3070735
2.8276427
3.3484900
2.0470722
1.4524544
2.2625070
1.9363974
0.5155173
0.4212666
0.4551427
0.6538577
0.7366086
0.7754033
0.6021982
0.5957307
0.8232722
0.8597721
0.8746040
0.8241962
0.7577767
1.1209946
1.1088581
1.3781571
5.8437872
19.2739296
55.5735741
109.9780655
146.4136047
130.8200684
86.4498749
40.7180176
20.5410786
6.6487641
2.7226958
10.9712839
23.5162888
24.8578873
8.9901886
1.1130923
0.3016965
0.3095089
0.4637409
0.7223528
18.3021984
63.2447968
115.2666016
152.2049255
169.9961853
159.6824493
106.0091705
54.8717079
47.2748795
65.2938080
100.9843140
107.7722092
114.5600586
118.0364838
121.1425934
121.8073730
131.0091248
134.7403412
125.0983887
92.8473892
52.1479225
31.7671394
53.3105659
92.9106750
118.2937698
79.7007523
41.4151230
23.1571045
13.1250620
7.8137341
4.4651060
3.1905622
2.3411238
1.3721161
0.9428170
8.9052591
38.4788475
72.0613785
82.9973373
77.6380386
76.5517807
81.9858246
70.1403122
46.7436333
26.6124229
38.9707413
62.0505753
38.7061729
12.6548452
5.3057337
3.1308277
0.6716602
0.1277504
0.1186088
0.5690731
0.7616896
0.6552315
1.9330683
7.0814157
14.1145601
22.0055084
33.7903175
49.8128662
62.5267258
61.7932892
43.9246521
19.2308311
6.7816763
2.7508221
0.9734298
1.2774510
1.8536063
2.6904979
2.4315515
1.5850943
1.1750112
1.2808084
1.5178430
1.6076181
1.4907115
1.3814615
1.0182770
1.7687117
3.4396992
4.7589054
5.8725176
6.0601025
6.5926003
9.1942968
16.2362022
23.5044460
22.3472500
14.3336773
10.1014090
8.5465288
10.5779896
17.2059536
12.2945986
4.8193731
4.8218374
7.5238323
8.3874235
31.5738773
66.2131958
80.3125534
68.8992767
61.9885979
68.7542801
99.0744019
89.9241638
53.0247726
19.9993591
31.3114834
67.7019043
90.3193283
58.8144455
22.1438332
5.6374140
2.3137910
0.7647471
6.7904539
26.4215965
41.5194397
53.1044426
71.8197021
99.2373581
106.1908875
85.1094513
55.9459000
36.9511719
40.6569138
63.4354668
56.1743622
38.7276459
26.0263042
18.3698254
17.0233078
25.2840900
31.8173008
29.1682014
23.6334305
13.9338961
6.4067488
2.5467050
0.9060878
1.0149496
0.9903595
2.2125514
1.5066669
1.0120866
1.2814112
1.0226737
0.8060514
0.6811433
0.8424593
0.8065403
0.6487790
0.5937061
0.8015628
0.5468776
0.4271931
0.5699247
0.6884238
0.7317146
0.9914851
0.9647735
0.9128910
0.9345061
0.8040668
0.7242196
0.9388396
1.1962857
1.2693173
0.9690376
1.0936664
0.9913376
0.9842634
0.7257133
1.0031401
1.1671112
1.1248907
1.3593507
1.2555541
0.9957338
0.7431450
0.8848774
0.7960869
0.8420956
0.8149102
0.7306283
1.0927184
1.3575274
0.9643407
0.8067533
1.8210731
9.2279501
24.5848293
39.2649536
40.6904907
28.4230461
15.1814890
11.8328953
14.8611765
22.6451206
41.5729828
68.0096207
67.5034409
39.6284065
21.8998165
19.9984150
22.5319824
17.7171574
28.1584034
42.7913895
37.2814636
21.6960163
16.8581772
14.6807270
6.4284434
0.5395790
0.3597402
0.5174689
1.1002939
0.9606211
0.5013726
0.5383254
0.8573962
1.0270059
1.0445833
0.9761285
0.9892502
0.7637609
0.4816274
0.5432732
0.9032584
1.1595706
1.0224100
1.3208001
14.0928822
58.4593506
107.2303238
114.2182236
79.6016693
41.9732208
27.9195671
16.2403908
18.6282349
29.8777275
38.7120323
44.1846123
49.3436623
59.2843399
58.7409592
47.9980659
40.0554466
36.6188660
36.0056763
39.4780083
48.1206322
46.0190659
30.2023010
13.6815491
10.6681356
21.7071800
27.7308865
24.8129654
20.6951218
21.7953033
18.5605068
15.2856302
33.8167191
38.2875671
34.3195801
30.2398777
27.7742691
25.8467388
25.9057693
33.2866440
44.7826118
43.4887962
34.5094795
30.9643574
27.1983795
19.5273037
19.6205006
20.5650463
21.1699009
12.8662148
8.0554056
5.2887039
4.6222749
3.1451306
0.8301937
0.7528302
0.8812348
1.1341382
1.3052505
0.9139522
0.5189667
0.7435782
0.9748141
0.7356968
0.6405828
0.6739314
0.7974873
1.1915414
1.3383673
0.9502172
0.7073758
0.5398182
0.5958467
0.7370862
0.8896766
0.9161379
0.7731959
0.5678380
0.6088054
0.7762682
0.7818236
0.8757896
0.7433720
0.5477081
0.5571756
0.9993384
1.2013112
0.9360070
0.8665980
0.5556517
0.5403258
0.9233467
1.4009352
0.9957409
0.6400630
0.5554159
0.5776250
0.8088458
0.8931304
0.7666178
0.7588733
0.8566152
0.8028787
0.6216825
0.7259133
0.7714524
0.8467824
0.6421393
0.6204155
0.8108112
0.9816606
1.0429027
0.9020634
0.8104020
1.0787126
1.1997564
1.1283207
0.9375029
0.9967196
1.3134912
1.1669881
1.0271630
1.0434411
4.6413445
40.0232086
121.3221741
199.4389038
215.1107788
172.7848053
127.1932526
123.2160950
157.3938751
200.3445129
244.8966675
282.8011475
292.2626953
256.5855713
224.5929108
183.1581268
147.7202759
123.8925858
88.7706451
105.1655045
254.3399658
342.1735840
415.3539124
418.7545166
327.7236328
191.8835754
95.1408920
71.5730667
66.1988754
61.8626633
46.3960686
23.2739410
17.4151478
38.5704231
35.4566422
15.7311125
7.7751298
12.8202362
16.3493576
11.2786989
7.2581525
6.0027704
10.7724190
17.9598389
15.0485506
4.4167337
1.6674762
1.1146252
1.1158201
1.2319759
0.9656237
1.0299866
0.6834342
0.6157882
0.4447508
0.6755403
0.7079488
0.6266814
0.7673851
0.9252060
0.8592643
0.6756783
0.7365820
0.6247624
0.7951157
0.8144686
0.8087354
0.8126885
0.8882308
0.7256422
0.8123610
1.0154212
0.8067507
0.6229768
0.7509005
1.0609539
1.0487735
0.9571390
0.9983773
0.9926871
0.8960605
1.1001639
1.3089933
1.1726892
0.9071118
0.8753821
1.0315535
1.0965948
1.3813488
1.7591755
1.8105805
1.1146895
0.9491428
0.8938212
0.8941344
0.5733321
0.7324715
0.7372301
0.6337389
0.5370467
0.6088330
0.7801883
0.8360462
0.9051732
0.9791285
1.0263027
1.2318808
0.9782689
0.8288175
0.8103848
1.4506080
2.4717684
2.9487834
1.4837532
0.6952411
6.1877327
24.9508018
41.9154358
38.1671944
19.1878719
6.8966832
6.0163283
9.3547096
11.2853270
15.9951468
29.5849361
33.3399658
24.1870365
13.4363708
7.1172414
9.4762878
7.4344029
7.9380369
19.0771122
42.4470444
69.8233795
79.4028320
59.5979919
30.6055527
19.2322178
23.8929615
25.8330326
18.8378029
12.5010195
11.3024540
12.1041498
14.3316898
10.4935112
5.0787086
1.5877206
5.9213696
16.1246872
18.5273438
13.5863895
15.2332802
19.6115952
18.3919163
12.5963144
9.2071009
4.1331387
0.6089124
1.6855501
7.5083885
17.3160038
21.4290276
21.8578911
19.2980289
12.6437016
4.4652543
0.9514920
3.7166266
13.4571648
21.9173584
19.7558422
10.6163025
13.2177639
19.5202560
13.6927280
1.7254109
0.4383106
1.0309712
13.9704838
37.8091736
45.9217682
41.6611366
29.0930882
13.5324240
2.4285407
1.6010491
3.0954328
8.3628693
16.9221001
23.2127686
13.1813316
1.3581119
0.3408100
0.2387120
0.4404235
0.9990684
1.2684363
0.9954077
0.9187950
0.7527759
1.0563233
2.3763089
2.8385384
1.4658736
0.3250664
0.3808869
0.7266906
0.7878948
2.9046266
41.7447395
131.9852753
204.5644684
195.6172180
127.2794952
70.4627686
42.5688858
25.2514420
4.2368727
0.3718790
1.4166147
9.3552074
17.0684738
16.7361927
15.6602173
29.0438843
63.9384003
110.8056793
157.5527954
183.7593842
169.7773438
114.5363388
72.0074921
44.6833954
37.7716370
44.0643005
36.3260689
13.9743719
2.8543320
0.6663703
0.5401320
3.7501974
18.7849407
21.5433502
10.6982765
2.3714440
1.4098308
0.9276248
0.5918120
0.2020042
0.1929021
0.5017257
0.9069768
0.8305749
0.8279473
1.1708492
1.5851388
2.1432464
1.8591638
1.2497367
1.0612857
1.0361729
1.4203107
1.7422280
1.5787803
1.3789444
1.0559810
1.0110490
1.2755278
1.5101316
1.6898295
1.5158684
1.3861755
1.6761482
2.2628496
2.2612226
1.6989331
1.6135181
1.5749787
1.5639910
1.5016553
1.4517827
1.1317959
1.1462250
1.0263050
0.9014738
0.8613259
0.5913661
0.4298234
0.8458495
2.6079540
4.6730361
3.7402205
1.0573528
0.8096576
1.5377065
7.2311125
18.9163113
32.7974434
49.1502800
65.1207123
64.4324875
49.0234947
30.4503479
16.1101952
13.6631212
10.9298954
13.3147202
10.8700256
10.8682537
30.7626705
61.5304718
85.1883545
97.6951218
121.5354767
159.8580322
176.3524933
130.6710968
82.1861649
100.0391388
113.9149704
114.6915665
126.7887192
127.0456238
127.5404816
123.6711960
109.3297119
92.8764877
94.2246780
83.7938461
57.4379997
42.1921120
47.9345818
57.1582222
50.5175438
36.1548500
23.1367073
20.7001762
42.9145241
116.5070496
143.0128784
101.2154465
79.1833878
65.7180481
42.3481674
51.9575577
53.9176865
29.0655231
27.9285126
52.4347725
91.7042999
89.4210358
36.0114746
13.9217958
7.5558395
1.0828103
7.3498673
26.7687302
41.8748779
38.7363663
37.3918915
52.2351723
74.8667221
82.4852295
80.1096420
67.8850784
66.1862488
62.7586975
46.6437683
50.0461884
79.8206024
67.3027115
38.5671005
17.0361233
6.4937010
19.7887268
16.8348923
7.4959078
5.8992033
9.8335228
15.1825905
17.2722740
11.8352814
2.8203526
1.0303067
5.4817877
13.7111158
16.5060215
14.5350704
11.3262339
8.3653450
6.1377864
4.2398758
2.9107089
2.3563185
1.3598279
1.7826244
3.2403700
6.1664057
7.7602654
6.4290433
3.0368752
10.6658001
44.3009949
71.4980927
52.2543526
13.9868507
6.0287313
6.4927344
6.6285100
4.7488818
10.8767195
18.9087353
23.9340820
24.8513298
23.7086945
20.7702656
16.0053158
12.1025295
9.6324043
8.1675253
6.1019468
2.5943313
1.8579046
7.9945354
16.1636505
20.0845490
16.7915192
10.9470844
8.1554461
7.8675461
8.1948328
7.4018717
6.3916125
6.3150721
6.7962294
7.3981986
6.8942776
5.3872299
5.3989749
6.1985188
5.9507637
5.4237733
5.8176775
8.2301197
12.3056965
15.3346310
13.7690096
11.3759785
10.4267178
10.1652927
10.6815128
25.1765480
48.7037277
58.2814941
51.2632027
42.1810722
32.1037407
20.8941708
17.9348755
19.0263977
12.6967831
3.1779361
5.2891188
14.3568687
18.9274940
10.4336929
5.9504828
8.6497784
12.3089437
13.4550505
13.4746971
11.0180140
5.2625599
0.9840687
0.2192067
0.9736396
3.3230715
5.6303101
5.9467773
5.6989446
3.7924130
1.2784722
0.6304173
0.8581767
2.2086134
4.8273554
6.9979687
8.0999746
7.9262638
7.1726837
6.3417416
5.0470819
3.5562203
2.0943134
1.4805539
2.0775118
2.9001045
2.7479053
1.8244386
0.8691509
0.4843828
0.8323416
3.8423626
6.9313526
5.1307211
1.9337821
1.7758317
1.4412966
0.6947023
0.5774121
0.3888158
0.4306301
0.6240593
0.7749602
1.1903585
1.1531898
0.6489664
0.7143896
1.1665907
1.4533732
1.6486663
1.5419688
1.6419274
1.4207956
1.2103860
1.2352128
1.2013197
1.1097300
1.3539200
1.5910094
1.5305960
1.0796338
0.8299686
0.7872970
0.5382619
0.5429547
0.7089001
1.5683751
2.4606466
1.8460264
1.8023992
7.0083065
14.5353403
14.8091278
5.9776587
0.7444634
0.6192651
1.6335475
9.1644869
24.7328892
32.0629692
23.6229820
10.9013062
6.5365510
3.2272508
2.8622782
5.8755107
17.5304070
36.6794662
49.2646980
51.1175003
45.1510620
42.9357948
43.2810326
46.7100716
39.6134567
26.1618233
20.2153606
23.6075706
23.3244514
20.5136585
27.9701233
36.7703476
34.0561180
24.9469242
28.3387146
38.4263153
41.3532600
40.6427803
41.6552200
47.4853134
67.7504883
85.9853897
88.5846252
83.7070770
87.3288956
107.0409088
109.3777924
90.8470154
54.3512154
80.6643219
144.1989594
109.6847153
74.5853577
38.5251007
49.9440651
85.6346588
114.9381027
111.6545334
75.7577515
50.4385567
23.4463673
32.0556030
21.2896729
11.0349216
6.6715450
6.3780823
7.9405355
5.8471489
6.4108305
6.6230702
7.2436342
6.6468720
3.8428497
3.6929188
3.0187469
3.5392978
4.8107305
7.2342429
9.4177971
9.6629066
8.7089844
7.7640853
7.0342975
6.0523691
4.6983027
4.2017899
4.4053636
5.0364475
5.1296363
4.3301105
3.3282168
1.9585402
1.0238684
0.6250664
0.4343511
0.5033358
1.8103371
2.8967452
2.8003669
2.2836556
2.4081011
2.9359851
3.8530192
3.9800372
3.1346486
2.7413816
3.2255487
3.7077849
3.6992669
3.4562666
2.5522525
2.1129651
1.8574765
1.3388330
1.2008097
0.9672278
6.1529846
27.1942844
51.5472603
60.9121513
45.5800705
21.1671352
9.2057486
9.5844765
10.9286833
18.0838375
22.6774406
13.5968962
6.9030485
1.8345059
0.3725879
0.2306006
0.4998698
2.7064881
13.0839367
24.9444084
27.0576916
27.8897419
39.9547844
58.0032005
75.9698181
82.2704391
69.2381821
50.3651848
36.5340767
39.1868896
37.7054253
16.2520428
3.4990909
2.5116842
4.0681014
2.5996916
7.5412712
34.5570984
65.7648849
63.8660393
38.7846603
37.0904503
52.5338478
62.9896927
64.1050568
52.7617302
38.0133553
23.4857979
15.6019516
25.0615692
48.7098083
44.2471123
48.9588661
52.9990921
49.2931023
38.2364349
32.2691498
14.7465515
8.6271210
15.8265095
41.2938309
49.9474335
55.9667702
64.3140793
71.7446747
68.1286011
54.8566818
50.7315216
49.5574226
57.8064117
67.8334503
89.5326996
72.8814011
30.3092632
58.2160149
63.8382568
75.1765366
82.7141876
80.0268707
71.2243958
53.4133186
30.7057438
15.3998632
13.1321726
16.9038258
15.1268625
12.9110317
17.2825165
20.8425255
21.7180290
27.6838799
19.4217453
2.3081436
0.9619355
5.5700111
19.7292328
25.3826714
10.5473728
5.0854449
3.3890669
4.4057302
6.4633060
15.4733810
32.3621559
45.4539566
48.9482422
47.9024010
44.4165382
48.3899612
35.0101204
18.5239677
9.1612473
3.1117005
3.6801732
5.0308194
2.0421028
0.2424856
0.3085878
0.5840844
0.6954801
0.9388853
1.0594316
0.8689652
0.5258151
0.7359998
6.2719154
18.2456989
27.8881073
36.2648468
37.0359688
25.0446091
6.5579686
1.3010989
2.4563074
3.7312958
4.0652390
6.8888059
10.1971455
11.5603342
9.4794111
6.7158332
5.5560517
5.6085243
5.7782240
6.0918031
5.6366744
5.4290047
4.7126751
4.5273013
4.6932173
4.2024813
2.9754648
2.0231676
1.3387690
0.8229965
0.6252623
0.4852522
0.6254064
1.0095623
1.0321755
1.1636277
0.9581644
0.6209930
0.5454651
0.5408829
0.5587757
0.5262097
0.6115013
0.7975688
0.8977852
0.8611871
0.6436715
0.5967330
0.8865034
0.8736018
0.6196340
0.5162846
0.6189033
1.1857789
8.2278070
31.2485313
57.3445930
63.1660309
44.0540314
21.4459667
11.8000917
5.9792252
1.3635343
0.6901528
0.4374169
2.7057247
13.0302448
15.3323956
5.9691362
0.4405792
0.2446723
0.2301823
0.5480727
0.7213315
0.6888193
0.7588463
0.6312070
0.7652038
0.7889570
0.6526463
0.5956065
0.7130297
0.6783504
0.5980440
0.7679502
0.7879837
0.8524772
0.7346032
0.4985070
0.6717132
1.0487815
1.2196444
1.0514579
0.6226882
0.5322239
3.6195824
15.0884399
24.6199989
21.9055271
12.8513088
8.7895365
7.9970107
6.3376474
5.5341091
7.1078644
14.7142897
22.5218468
22.9049664
17.2366524
12.0297909
10.5930290
8.6952057
3.7875612
3.8458214
3.5964606
6.1555214
7.5660362
9.5496864
9.2127361
7.1733699
5.2950859
4.6963882
4.4212875
3.6913230
3.2434702
3.3052173
3.8748682
3.6812282
3.5010116
3.4952393
3.6228743
2.9618490
1.7526046
0.9296515
0.7006359
0.5194862
0.4822062
0.4916839
0.4811184
0.5804856
0.6427733
0.7145900
0.8716143
0.7665321
0.5794253
0.5848428
0.8054910
0.6953458
0.4531625
0.5502188
0.8030779
0.7847365
0.6411105
0.6635734
0.6561717
0.6346542
0.8322411
0.9330895
0.8458634
0.6526217
0.6687121
0.8555090
1.0043314
2.6057954
3.9400940
2.7448807
1.7020025
8.3938646
22.7452526
38.1123390
42.1303787
35.8192444
29.2824593
28.3500423
27.4685993
24.0182400
19.5259151
19.0475941
18.3593082
18.2935143
9.8755436
3.0973301
1.7238876
5.7212868
34.5652428
51.7652283
48.8185577
35.3190308
23.3999901
11.3947029
3.9889572
3.8511624
9.8235703
12.9522343
6.8974910
4.0186276
5.9369817
5.9659605
3.1912730
1.7567811
1.4267293
1.2428386
1.1057723
1.1064279
0.8248245
0.6792955
0.6555054
0.6033100
0.6322994
0.6566620
0.8129241
0.6826730
0.6914208
0.8071748
0.7797120
0.9991931
1.2051859
1.2192665
1.4187241
1.6288854
1.7016388
1.5355172
1.4018523
1.5790288
1.6873133
1.9932299
2.0618432
2.0778069
2.0499766
2.0375648
2.0347452
1.8253764
1.6794920
2.0869610
2.3265543
2.1192863
2.0205727
1.9781075
1.8554292
2.0188947
2.3437498
2.5031786
2.1340764
1.9165745
1.8289886
1.2976427
0.7134756
0.4685235
0.4624804
0.7347158
1.4833128
6.2326937
17.7879257
31.4805012
39.8964157
40.4271851
36.7507133
28.8379860
22.3159370
17.7398701
10.0431776
8.5256739
11.8523951
13.0147839
14.2060623
16.1541481
18.3845825
17.6497536
18.6748753
20.7371616
19.1638908
12.5487537
6.6612902
2.1137815
0.5470718
0.6619117
6.5038190
17.0679054
15.5182381
4.9893084
1.9896897
1.3149636
0.7394070
0.8786144
0.8616062
1.0587069
1.0275296
1.0859516
1.6927657
1.8437054
1.6494942
1.5072249
1.5139265
1.4499991
6.6689153
23.2601471
45.7398262
57.1142464
42.0777855
18.8842735
6.1053681
3.0606356
1.5977945
4.6931448
12.2926579
19.0534496
19.2986012
16.7654400
20.8640327
27.1931801
29.6970367
30.9223003
33.1668205
35.7837524
37.8536491
38.3571358
39.2034950
46.8908501
52.3307495
40.4794235
49.7707443
83.0086899
113.7765732
92.7738113
46.3164253
17.7639503
9.6845818
5.8575211
2.4323425
0.7652756
0.6848603
1.0083377
4.9919662
27.8430004
53.9818268
58.5128822
39.0512085
20.0251999
10.7676620
6.2867146
12.1771812
21.0437622
23.6983089
24.6307030
24.2844772
20.7354851
11.7127228
7.0640073
4.0813456
10.7808046
31.0049782
39.4006882
40.2213593
34.0690727
25.5102825
33.7575417
58.8705254
82.5946198
77.5552444
61.0067673
45.7184944
29.3183498
18.0786705
10.8773975
20.1105499
31.3281364
36.2943535
32.1325912
26.9279900
18.7686386
9.4361153
1.5686592
3.9396207
7.9692588
6.5059376
3.6123233
1.3334680
0.7551726
0.7964283
0.7169664
0.8043342
0.7093442
0.8028120
1.0620646
0.9546511
0.7053672
2.4984746
12.7783070
25.3632584
26.6289310
15.7119474
4.9861636
2.7317395
2.9314053
2.5626998
1.1991796
0.6125178
0.5601921
1.9031521
6.9903955
11.1971264
10.7955341
7.8840990
5.7484064
4.2531700
3.0242779
1.0051723
1.6194316
15.2086668
45.7230186
84.1016541
120.7546921
137.9645538
136.3976898
128.0104675
125.0494843
127.2461853
113.8848343
99.1641617
81.8511047
59.0811729
32.7588654
9.6302967
18.8942738
32.3894081
46.7160263
62.0552483
55.8400002
42.1900101
30.7023067
34.0284462
38.1454163
18.4634132
20.7993984
43.5102234
35.2564240
21.9759064
8.9242001
3.1602552
3.1983194
3.6753509
3.9486122
4.1411400
2.6302722
1.0499064
0.6085690
0.8089643
1.1758288
1.0333219
0.6774597
0.4182817
0.5384184
0.6065199
0.7917687
0.7369949
0.7749267
0.9832110
1.4353825
2.0555172
1.6418171
0.9588094
1.2551358
0.7578979
0.4867558
3.9333403
13.4400101
21.1833954
19.5060730
11.4493628
6.5032382
3.9282048
2.8683031
5.9320941
11.5985622
19.1965466
22.4648952
20.4335098
20.8204479
22.8495541
22.1893425
21.2487411
18.4053707
18.3650303
21.4870644
20.9043941
26.6717949
29.9323997
24.7279987
16.4542561
19.4065971
19.3340778
17.2749443
6.9813957
2.1615973
0.4974289
0.1432748
0.2708604
0.5663276
0.6972527
0.5368648
0.8550346
2.7905896
14.6721506
32.6852417
38.6902122
26.9629059
12.4935961
7.1711226
3.2109880
3.1888542
3.8724613
2.0039158
0.5841946
3.9677854
15.4897718
24.9425125
22.6686821
14.9196663
14.6029730
15.0161247
8.0695982
1.3802097
0.2229278
9.5280428
47.8968277
85.4622040
90.7761002
60.9125671
37.7877731
23.8558750
12.9305420
7.6242342
10.4019899
11.6935911
8.4012365
7.7143650
8.5104647
5.4999733
5.7828569
9.7586374
8.3147154
1.6494749
0.3882482
0.1135108
0.4125831
3.1022224
9.3752155
13.4915047
14.4701490
12.4639053
8.4481592
4.9316330
2.4448330
1.3211111
0.6515183
0.5519685
0.3570105
0.3579821
0.6647123
1.2774194
1.6814132
1.6896464
1.8229364
1.8971058
1.4062628
1.1943474
1.0561607
1.0455506
1.0585251
1.0900400
0.9424273
0.8625872
0.7587702
0.6960485
0.8999987
0.9769206
4.0940032
23.1539516
52.5199165
63.2257919
44.9798584
22.0031738
13.8094540
12.1011705
9.6795778
10.7137117
32.5384979
50.4173660
45.0762787
31.2832127
22.5642529
24.7260723
33.8936386
35.8035126
34.0647774
24.9935665
12.0288658
17.8058624
55.3988419
94.5225296
96.9779510
64.6924973
43.7858124
38.9855194
35.0723724
26.7212963
13.4097157
2.4977133
0.2866030
0.3959994
0.7800324
0.9056255
0.6799227
0.7119676
0.9947624
1.4634315
1.5913143
1.1746624
0.8513183
0.6670446
0.7746346
1.2867621
2.9193482
8.2635775
16.8928852
26.0578613
28.8308716
21.0944271
11.0172768
16.9071751
44.7402420
88.1344070
165.0565643
231.6530151
241.6334534
205.9762726
178.1444244
148.0400543
131.1822662
95.6498032
47.1957932
22.7917957
8.0145426
4.0316720
2.0489891
0.9959682
0.8293179
0.3306025
0.5138008
0.8641117
0.9832999
1.0618405
0.9609863
0.7439212
0.8096213
0.6503924
0.4353752
0.3726731
0.6581234
0.9473569
1.3002694
1.1132579
0.4985288
0.6021041
0.7378315
0.8862507
1.1454647
1.4988811
1.3158401
0.8919833
0.6221030
0.5335616
0.8707470
1.1296512
0.9790625
0.7147199
0.6640301
0.6043779
0.6970100
0.7121000
0.5758014
0.6634915
1.0464991
1.5155190
1.4880928
1.1495806
0.8135793
0.8016048
0.8090550
0.8038374
0.7955253
0.7203916
0.6682381
0.6685632
0.7853536
0.6618810
0.6872391
1.0922775
1.3036721
2.8244889
7.9641118
15.6580772
34.8732529
61.0194397
80.6759415
92.1908569
87.5370789
73.1940079
57.3504372
65.9435043
69.0956192
77.1935501
140.7799072
248.3787231
310.4461060
306.4533081
273.0826416
215.6856689
122.5581818
51.2959328
22.0408955
6.7778583
1.9772358
1.0182854
1.3119085
1.2125292
0.4992514
0.5613680
0.4563176
0.6229445
0.7471856
0.6836650
5.9134321
21.1883144
32.5949898
26.7561493
11.4370060
10.9602985
18.5835114
20.1144619
15.2267370
9.5382261
4.4708538
1.0252192
0.2816556
0.5040144
3.9323285
14.2170601
22.9317665
24.6476269
21.1149864
13.6834774
7.8928356
5.5904655
4.3187866
4.4576936
3.4899783
2.1647439
1.9187510
2.9607146
3.8694634
1.2928427
0.2551537
0.2671429
0.6095504
0.8074434
0.6314024
0.6368158
0.6882075
0.7596213
0.6934550
0.7473539
0.6833475
0.5382949
0.5200376
0.7918881
0.8716117
0.7432629
0.5994906
0.5770287
0.6969259
0.8214917
0.5949942
0.4527940
0.7993075
1.1037480
0.8322714
0.5281227
0.6245285
0.5625280
0.5526471
0.5712026
0.5470423
0.5484715
0.8390186
1.0810801
0.9258685
0.6251032
0.6156429
0.9862264
0.8937082
0.5788749
0.6146731
0.7694932
0.6757158
0.5800816
0.7183095
0.6676474
0.6980907
0.7202780
0.7489970
0.6815157
0.6397682
0.8027195
0.7573637
0.6871902
0.7036799
0.8138262
1.2653139
4.2103209
10.7811365
24.1538296
41.1420555
43.2924538
23.6438046
6.9999332
3.8540046
4.1307664
6.1916609
12.9040890
23.7949867
28.3861427
27.4662514
28.1899490
27.5200920
25.1782951
15.3081436
6.5020466
18.3729439
42.6689491
44.3345718
30.4756832
21.5125561
15.9156876
6.2549400
1.2741925
0.5752153
0.4208450
0.4460850
5.0331120
7.9573421
3.1136069
0.9149663
0.7598065
0.6716796
0.4364652
0.3275952
0.4234298
0.5226545
0.9783971
1.4315211
1.3925605
1.0661505
0.8067948
0.5543951
0.6174743
0.7297554
0.6854491
0.6594090
0.5412902
0.6676320
0.9088684
0.8178240
0.7258069
0.7688130
0.8512952
0.6896310
0.4704866
0.5244087
0.5814071
0.7733693
0.8857746
0.7348580
0.4890721
0.4766876
0.9469703
1.0206959
0.8638066
0.6758944
0.5257056
0.5617357
0.7166022
0.7284511
0.8760237
0.9572738
0.9058149
0.7520903
0.8240954
0.8296105
2.0256205
7.1916676
11.6814632
15.9564657
31.4303226
44.5660362
35.6415215
16.7605133
7.5313478
8.0729733
1.7243292
0.3903446
0.2159152
0.1665136
0.4859723
0.6013619
0.5915393
0.8792343
1.0495186
0.9176274
0.7490441
0.7264033
0.5606198
0.8700461
1.8735914
6.0211167
14.8698196
21.8228855
22.0328388
18.8228054
20.4734097
28.9460812
39.2416763
40.4085732
31.2774086
19.9868336
16.4021339
14.0519791
6.6006055
2.4868116
1.2948958
0.5435734
0.5073209
0.6868421
0.4069759
0.4694125
3.0060289
12.2450972
20.4365654
17.1545677
6.4643450
1.7937698
0.9721335
0.8952918
0.9031120
0.7223942
0.6403348
0.5062672
0.4380152
0.6581451
0.6681136
0.7627783
0.6382414
0.5356427
0.5241945
0.5140878
0.6744311
0.8654423
0.9160702
0.8807778
0.7470918
0.7113558
0.8127828
0.6924245
0.5455469
0.6765469
0.9301305
0.8764784
1.0261652
0.9363360
0.6553116
0.6565349
0.7026330
0.7420621
0.5594386
0.7031913
0.8932548
2.3122945
5.1107526
6.3836036
3.9541037
1.3564447
0.6743975
0.6423854
0.6030743
0.9786140
1.1689831
0.9582684
0.9601904
1.0391679
1.0626500
1.0399768
1.1117893
0.8738019
0.8281319
0.8956022
0.8062456
0.7680004
0.8311781
0.6935259
0.7564496
0.9324913
0.9669616
1.0287575
0.6918495
0.4715217
0.1766244
0.0553104
0.0010349
0.0000067
0.0000000
0.0000000
0.0000000
0.0000000
0.0000000
0.0000000
0.0000000
0.0000000
0.0000000
0.0000000
0.0000000
0.0000000
0.0000000
0.0000000
0.0000000
0.0000000
0.0000000
0.0000000
0.0000000
0.0000000
0.0000000
0.0000000
0.0000000
0.0000000
0.0000000
0.0000000
0.0000000
0.0000000
0.0000000
0.0000000
0.0000000
0.0000000
0.0000000
0.0000000
0.0000000
0.0000000
0.0000000
0.0000000
0.0000000
0.0000000
0.0000000
0.0000000
0.0000000
0.0000000
0.0000000
0.0000000
0.0000000
0.0000000
0.0000000
0.0000000
0.0000000
0.0000000
0.0000000
0.0000000
0.0000000
0.0000000
0.0000000
0.0000000
0.0000000
0.0000000
0.0000000
0.0000000
0.0000000
0.0000000
0.0000000
0.0000000
0.0000000
0.0000000
0.0000000
0.0000000
0.0000000
0.0000000
0.0000000
0.0000000
0.0000000
0.0000000
0.0000000
0.0000000
0.0000000
0.0000000
0.0000000
0.0000000
0.0000000
0.0000000
0.0000000
0.0000000
0.0000000
0.0000000
0.0000000
0.0000000
0.0000000
0.0000000
0.0000000
0.0000000
0.0000000
0.0000000
0.0000000
0.0000000
0.0000000
0.0000000
0.0000000
0.0000000
0.0000000
0.0000000
0.0000000
0.0000000
0.0000000
0.0000000
0.0000000
0.0000000
0.0000000
0.0000000
0.0000000
0.0000000
0.0000000
0.0000000
0.0000000
0.0000000
0.0000000
0.0000000
0.0000000
0.0000000
0.0000000
0.0000000
0.0000000
0.0000000
0.0000000
0.0000000
0.0000000
0.0000000
0.0000000
0.0000000
0.0000000
0.0000000
0.0000000
0.0000000
0.0000000
0.0000000
0.0000000
0.0000000
0.0000000
0.0000000
0.0000000
0.0000000
0.0000000
0.0000000
0.0000000
0.0000000
0.0000000
0.0000000
0.0000000
0.0000000
0.0000000
0.0000000
0.0000000
0.0000000
0.0000000
0.0000000
0.0000000
0.0000000
0.0000000
0.0000000
0.0000000
0.0000000
0.0000000
0.0000000
0.0000000
0.0000000
0.0000000
0.0000000
0.0000000
0.0000000
0.0000000
0.0000000
0.0000000
0.0000000
0.0000000
0.0000000
0.0000000
0.0000000
0.0000000
0.0000000
0.0000000
0.0000000
0.0000000
0.0000000
0.0000000
0.0000000
0.0000000
0.0000000
0.0000000
0.0000000
0.0000000
0.0000000
0.0000000
0.0000000
0.0000000
0.0000000
0.0000000
0.0000000
0.0000000
0.0000000
0.0000000
0.0000000
0.0000000
0.0000000
0.0000000
0.0000000
0.0000000
0.0000000
0.0000000
0.0000000
0.0000000
0.0000000
0.0000000
0.0000000
0.0000000
0.0000000
0.0000000
0.0000000
0.0000000
0.0000000
0.0000000
0.0000000
0.0000000
0.0000000
0.0000000
0.0000000
0.0000000
0.0000000
0.0000000
0.0000000
0.0000000
0.0000000
0.0000000
0.0000000
0.0000000
0.0000000
0.0000000
0.0000000
0.0000000
0.0000000
0.0000000
0.0000000
0.0000000
0.0000000
0.0000000
0.0000000
0.0000000
0.0000000
0.0000000
0.0000000
0.0000000
0.0000000
0.0000000
0.0000000
0.0000000
0.0000000
0.0000000
0.0000000
0.0000000
0.0000000
0.0000000
0.0000000
0.0000000
0.0000000
0.0000000
0.0000000
0.0000000
0.0000000
0.0000000
0.0000000
0.0000000
0.0000000
0.0000000
0.0000000
0.0000000
0.0000000
0.0000000
0.0000000
0.0000000
0.0000000
0.0000000
0.0000000
0.0000000
0.0000000
0.0000000
0.0000000
0.0000000
0.0000000
0.0000000
0.0000000
0.0000000
0.0000000
0.0000000
0.0000000
0.0000000
0.0000000
0.0000000
0.0000000
0.0000000
0.0000000
0.0000000
0.0000000
0.0000000
0.0000000
0.0000000
0.0000000
0.0000000
0.0000000
0.0000000
0.0000000
0.0000000
0.0000000
0.0000000
0.0000000
0.0000000
0.0000000
0.0000000
0.0000000
0.0000000
0.0000000
0.0000000
0.0000000
0.0000000
0.0000000
0.0000000
0.0000000
0.0000000
0.0000000
0.0000000
0.0000000
0.0000000
0.0000000
0.0000000
0.0000000
0.0000000
0.0000000
0.0000000
0.0000000
0.0000000
0.0000000
0.0000000
0.0000000
0.0000000
0.0000000
0.0000000
0.0000000
0.0000000
0.0000000
0.0000000
0.0000000
0.0000000
0.0000000
0.0000000
0.0000000
0.0000000
0.0000000
0.0000000
0.0000000
0.0000000
0.0000000
0.0000000
0.0000000
0.0000000
0.0000000
0.0000000
0.0000000
0.0000000
0.0000000
0.0000000
0.0000000
0.0000000
0.0000000
0.0000000
0.0000000
0.0000000
0.0000000
0.0000000
0.0000000
0.0000000
0.0000000
0.0000000
0.0000000
0.0000000
0.0000000
0.0000000
0.0000000
0.0000000
0.0000000
0.0000000
0.0000000
0.0000000
0.0000000
0.0000000
0.0000000
0.0000000
0.0000000
0.0000000
0.0000000
0.0000000
0.0000000
0.0000000
0.0000000
0.0000000
0.0000000
0.0000000
0.0000000
0.0000000
0.0000000
0.0000000
0.0000000
0.0000000
0.0000000
0.0000000
0.0000000
0.0000000
0.0000000
0.0000000
0.0000000
0.0000000
0.0000000
0.0000000
0.0000000
0.0000000
0.0000000
0.0000000
0.0000000
0.0000000
0.0000000
0.0000000
0.0000000
0.0000000
0.0000000
0.0000000
0.0000000
0.0000000
0.0000000
0.0000000
0.0000000
0.0000000
0.0000000
0.0000000
0.0000000
0.0000000
0.0000000
0.0000000
0.0000000
0.0000000
0.0000000
0.0000000
0.0000000
0.0000000
0.0000000
0.0000000
0.0000000
0.0000000
0.0000000
0.0000000
0.0000000
0.0000000
0.0000000
0.0000000
0.0000000
0.0000000
0.0000000
0.0000000
0.0000000
0.0000000
0.0000000
0.0000000
0.0000000
0.0000000
0.0000000
0.0000000
0.0000000
0.0000000
0.0000000
0.0000000
0.0000000
0.0000000
0.0000000
0.0000000
0.0000000
0.0000000
0.0000000
0.0000000
0.0000000
0.0000000
0.0000000
0.0000000
0.0000000
0.0000000
0.0000000
0.0000000
0.0000000
0.0000000
0.0000000
0.0000000
0.0000000
0.0000000
0.0000000
0.0000000
0.0000000
0.0000000
0.0000000
0.0000000
0.0000000
0.0000000
0.0000000
0.0000000
0.0000000
0.0000000
0.0000000
0.0000000
0.0000000
0.0000000
0.0000000
0.0000000
0.0000000
0.0000000
0.0000000
0.0000000
0.0000000
0.0000000
0.0000000
0.0000000
0.0000000
0.0000000
0.0000000
0.0000000
0.0000000
0.0000000
0.0000000
0.0000000
0.0000000
0.0000000
0.0000000
0.0000000
0.0000000
0.0000000
0.0000000
0.0000000
0.0000000
0.0000000
0.0000000
0.0000000
0.0000000
0.0000000
0.0000000
0.0000000
0.0000000
0.0000000
0.0000000
0.0000000
0.0000000
0.0000000
0.0000000
0.0000000
0.0000000
0.0000000
0.0000000
0.0000000
0.0000000
0.0000000
0.0000000
0.0000000
0.0000000
0.0000000
0.0000000
0.0000000
0.0000000
0.0000000
0.0000000
0.0000000
0.0000000
0.0000000
0.0000000
0.0000000
0.0000000
0.0000000
0.0000000
0.0000000
0.0000000
0.0000000
0.0000000
0.0000000
0.0000000
0.0000000
0.0000000
0.0000000
0.0000000
0.0000000
0.0000000
0.0000000
0.0000000
0.0000000
0.0000000
0.0000000
0.0000000
0.0000000
0.0000000
0.0000000
0.0000000
0.0000000
0.0000000
0.0000000
0.0000000
0.0000000
0.0000000
0.0000000
0.0000000
0.0000000
0.0000000
0.0000000
0.0000000
0.0000000
0.0000000
0.0000000
0.0000000
0.0000000
0.0000000
0.0000000
0.0000000
0.0000000
0.0000000
0.0000000
0.0000000
0.0000000
0.0000000
0.0000000
0.0000000
0.0000000
0.0000000
0.0000000
0.0000000
0.0000000
0.0000000
0.0000000
0.0000000
0.0000000
0.0000000
0.0000000
0.0000000
0.0000000
0.0000000
0.0000000
0.0000000
0.0000000
0.0000000
0.0000000
0.0000000
0.0000000
0.0000000
0.0000000
0.0000000
0.0000000
0.0000000
0.0000000
0.0000000
0.0000000
0.0000000
0.0000000
0.0000000
0.0000000
0.0000000
0.0000000
0.0000000
0.0000000
0.0000000
0.0000000
0.0000000
0.0000000
0.0000000
0.0000000
0.0000000
0.0000000
0.0000000
0.0000000
0.0804287
0.7962239
2.0934422
2.9401793
2.7357659
1.8451846
1.3082812
1.5039190
1.9390492
2.3578079
2.4561033
2.2083180
1.5177776
0.8877686
0.4965132
0.5137870
0.4804048
0.6608719
0.7969348
0.9943572
0.9198812
0.8717775
0.8934265
1.2988572
12.7984543
44.9259949
90.3716431
130.7704010
152.8179779
157.1646729
161.7465820
176.0302582
153.9323730
94.1409225
45.7471542
40.2736931
51.2322464
67.2819519
71.9503555
52.5911331
17.4852562
4.7897062
1.8849716
11.4877491
34.1416550
61.3495560
89.0754242
100.1231842
80.8552628
52.6300659
21.0421104
19.7483673
4.9575267
3.7109494
20.6677818
35.9630623
27.8196030
16.8641472
46.3434181
121.6206741
170.1515961
151.0014801
85.2267380
41.0828476
18.9732609
11.7149324
9.3543177
4.4281287
1.3307282
0.4542966
0.4908631
4.1462417
14.6948090
25.9216042
28.7607422
24.7690639
27.3863716
41.8617058
64.5270233
77.4779663
81.0934601
102.9278793
116.3350754
108.4421616
89.3501205
77.5332413
71.2280121
69.4857025
96.0249100
105.4389038
80.1595612
67.9008102
57.9044075
36.2013283
15.9617987
4.2672977
2.2378869
2.6083298
3.0693691
2.8465948
1.5301505
3.7923858
6.0231190
4.8410912
2.7452772
2.1304088
1.5338851
2.2358782
4.5729513
2.5358052
0.5703200
0.1960177
0.2188503
0.5209296
0.9945383
1.1399333
0.9654706
1.0318375
0.7922083
0.7365832
0.8469927
0.9129900
0.9092596
0.5840538
0.4997141
1.1818610
1.0905908
0.7396076
0.6015695
0.6735058
0.5267297
0.4509170
0.7700790
0.8503771
0.9682045
0.8269873
0.8517634
8.7230721
58.2335281
154.6880798
243.1018066
264.7638245
202.4456024
133.4257202
64.6587219
17.2673550
2.8783064
0.2384402
0.5547345
26.1191769
128.9015808
193.4413757
171.7512665
95.5536423
58.0417709
30.7621174
66.3329010
63.6123695
55.5141983
38.2742462
13.8363256
3.6331215
11.6930828
53.2905045
93.1149368
102.2538986
88.8069382
75.7548294
54.4572601
24.3902588
6.3966351
11.8544474
36.0794525
60.2768250
78.1767883
92.8804245
102.6177826
84.8976822
40.0239906
24.7838421
52.3120651
103.8755188
165.0322571
191.8390961
170.9518433
115.2766571
70.1947250
48.1205254
63.5079803
72.1136322
20.4917564
6.7637596
4.2665024
2.3489497
1.8737644
0.8175243
7.1210766
31.7618198
73.1883926
85.2601318
63.1119919
31.2753773
17.9627781
15.5114717
21.0755692
44.1587830
67.4886627
70.3066788
59.3685570
48.5501709
53.7686577
51.1220322
23.6756744
7.9453478
10.6269798
10.2527409
8.5840960
8.7839031
11.9883585
18.0607014
27.3086643
36.6522980
38.6980095
33.0439796
28.2871056
20.7658329
10.5305109
6.4243040
6.3159170
9.4795074
11.7009630
8.6825533
6.0249658
4.3662806
3.3532369
2.8939452
1.8581824
1.2280204
1.0164311
0.8394184
0.7530189
0.8081236
0.7856136
0.7502729
0.5953491
0.5684582
0.5649894
0.9824587
1.0972934
0.8943073
0.6138609
0.5553439
0.6630423
0.7879696
0.6574161
0.7345779
0.9224349
0.7778550
0.5834339
0.6885488
0.8920584
11.9494638
45.6952438
76.6383591
72.1699829
39.1777725
18.2052898
9.9064302
8.7519827
7.6157637
9.0880175
8.8667250
7.4957886
7.1923823
8.2134991
10.8567095
26.5990810
47.8410988
55.0964127
52.1133003
56.5098953
67.5475311
76.4746552
78.3464050
66.7413254
45.2620926
38.1607056
44.3280144
67.7219391
79.6111832
66.0252609
46.9198074
40.2126579
30.8505573
11.8981991
5.7630916
5.2949486
3.3255267
1.6246343
10.1349850
24.3044567
26.2427959
24.1149826
34.2965279
53.0550308
67.5845184
66.9218521
67.6711044
65.3101959
64.9766159
51.1187325
45.6763458
48.1869354
51.2221642
41.4095917
13.6172895
1.8352472
1.8720295
7.3159456
18.1973095
33.1861572
58.8321381
83.2385941
79.9368591
61.4407425
42.1590157
33.1503220
59.8773003
76.6579361
52.3943291
25.9769936
13.7360983
27.9391403
39.6371117
26.9695568
13.0064783
2.9168234
4.1491466
15.7403984
29.1800194
27.6521034
16.1673298
7.2662516
3.4458420
1.6688688
0.9223001
0.6884422
1.6179610
4.3673167
6.3376389
6.9535394
7.2253413
7.3388906
7.2845654
6.7849779
5.5073776
4.3078809
3.2377281
3.2395120
3.3840046
3.2549298
2.4378493
1.2987802
1.2204905
12.5132771
50.0904427
107.6573334
140.4892883
125.9927216
94.7985001
61.5213966
32.5295982
13.2988453
6.4384270
7.7265496
40.7509460
64.8027115
54.9196815
34.9884720
20.8642349
21.0877743
56.0620308
62.0029030
36.3056946
9.2368231
0.8825791
0.6319873
0.4415381
0.5644649
0.9241207
1.2541764
0.8897884
0.8690493
1.0073886
1.1735678
1.5882605
1.9961114
1.4242975
0.8142954
0.6911514
0.9097622
0.7945145
0.6370890
0.6994425
0.8276086
1.0712016
1.0864365
1.0734982
0.9112618
0.7697194
0.6933796
0.8506238
0.8436049
1.1903745
1.2428756
0.8918954
0.5283270
0.5566170
0.6671860
0.9398336
0.9917277
0.8255678
0.9441554
0.8542563
0.6269199
0.7070063
1.0013828
0.6894118
0.4170231
0.7278180
0.8257750
1.1953466
1.6382587
1.4974229
3.3278878
10.7522545
21.1293850
47.8653412
107.3546448
155.0506287
137.3933258
82.2272034
46.2329025
24.8191853
11.3636093
2.3865540
4.5914645
8.9889183
6.0766926
3.6341901
11.0512543
23.5003223
30.6539555
30.8358498
50.5639877
110.4685822
182.1818237
187.5938721
112.7533340
49.5935555
25.5870991
16.3915501
14.3337107
26.4550648
58.3005829
103.3780136
159.1452332
161.5840302
111.8223495
71.8329086
41.7559624
51.5630798
29.2532310
19.6037388
34.3929749
76.3911438
95.3459854
59.5113373
22.9974003
16.3837452
17.5562534
12.5534124
5.5367184
6.2363720
6.8269987
8.8273773
6.9463820
4.5054045
3.9899809
5.2379699
3.9689503
1.0730209
0.4310502
0.4599611
0.7409472
0.8222285
0.7748521
1.0357587
2.3855882
4.7173409
5.7841835
5.4430079
5.6430054
7.1669626
10.7298956
30.9851398
58.7079315
62.7781944
39.1050186
13.1689749
3.5605023
0.5861437
0.4389977
2.0118544
13.1984406
27.8765717
26.2969017
14.1855593
17.6393852
51.1106453
79.5865173
76.2800827
56.7128487
42.3793411
24.6842651
17.2664356
17.4870853
15.1845875
12.0816994
8.2200184
11.8937702
44.7561073
81.7710876
85.6280746
49.3823433
32.1148834
59.2305984
137.9965515
180.1184692
176.6989441
138.7928619
90.1358871
49.4839859
30.1091633
26.8932838
22.0416145
15.7872639
9.3899250
5.2263861
11.1847363
18.1044617
19.9757576
19.3364830
15.5625143
10.3083477
6.2150736
3.3925152
1.8084860
1.3304846
1.2373462
1.1497747
0.9607384
0.8215771
0.6253985
0.5028253
0.4709747
0.6924534
0.6330726
0.6056290
0.5558481
0.5917029
1.0543822
1.2786400
0.9528123
0.8971906
0.9603080
1.2435609
1.5410131
1.3943447
1.0452231
0.9150989
0.8134184
0.7946297
0.8561476
0.8022686
0.6141674
0.5875545
0.6046201
0.7756559
1.1395886
0.9579570
0.6308749
0.6098390
0.6425714
0.8746394
0.7731957
0.6591998
0.7115525
0.6349453
0.9613299
5.2003846
38.4957771
114.0013962
181.2153320
182.3727112
116.9889526
49.1066246
22.6984463
20.9870205
10.1985168
7.0351014
8.2058811
5.5492940
9.7725143
8.7827702
2.9946511
0.8355229
0.7320805
0.8917417
1.5204206
1.2318338
0.8931698
0.8269718
0.8550103
6.2331266
20.2857609
41.7187309
54.2836952
40.9877129
10.4920254
0.8127135
0.4302580
1.7832972
17.1280289
37.2299805
29.1197433
8.0957499
7.4029264
25.4837456
63.3726196
113.9505692
140.2459564
120.5621185
91.0680161
80.6373444
126.0450134
176.9375916
144.6593323
74.4385757
51.8535461
39.0698776
18.9074249
5.1136608
4.3399000
11.2308636
14.8896093
13.5359211
10.9342918
29.6577396
66.7361221
90.5934601
85.5352097
74.1208878
75.1456757
77.2266922
77.0426025
64.0403900
45.2676735
38.5552254
36.7586517
22.7633762
15.0062065
22.5640335
35.5569649
45.6575089
51.0110817
45.7690239
27.0693130
11.4661007
9.6808367
9.9572210
8.6363773
7.4208431
6.2840147
4.8524408
2.2839880
0.7833815
11.0146322
53.2979012
101.5959167
107.7240829
76.0728989
49.4875374
40.4436798
38.3262100
39.2494583
32.0473175
32.2342186
22.8932953
9.8093376
3.3505592
0.8750362
0.4392948
0.7656301
4.6903472
9.5889969
5.7437444
0.7867991
0.2171168
0.3154332
0.4168748
0.5826290
0.7530250
0.8753834
0.8887699
0.9547405
4.3170547
12.9274006
33.1368446
69.8858795
104.2088242
110.2670135
85.4951324
52.2158203
38.7950897
56.2368469
83.6288986
102.4991760
98.3311691
83.6347046
70.5400772
62.7924500
59.3184624
44.8889771
33.6583099
32.8242912
55.2420807
70.3115540
66.5639191
49.1239548
42.7734337
65.1269608
49.1302719
28.3462582
69.9960938
66.9280624
51.3998871
29.5300770
4.2075453
15.7818632
24.1609154
23.4107704
17.8563004
7.4706345
1.9595592
4.7790346
11.9543648
13.5910168
8.9461498
3.9638131
1.2501934
1.0850719
1.1452243
0.9409797
0.9007713
0.6239417
0.7377385
0.6568186
0.7610343
0.7979194
0.5791711
0.4694327
0.5583690
0.7567545
0.7379775
0.6645269
0.7796899
0.8135902
0.7053102
0.7617759
3.0514348
24.5611458
77.7323456
125.5544205
124.9924316
85.6818466
47.9601898
33.3297272
17.3736458
9.3247385
7.4105339
7.3324780
5.5494123
1.1423287
0.2012894
2.0275941
7.2254453
7.8964710
5.2143550
3.9408128
2.6902831
0.9518724
0.4875590
0.9891279
1.1541798
3.4558983
10.1319370
15.4983377
16.7084885
13.5159149
8.3268042
5.0975332
3.3648453
1.8716104
1.0330936
0.9204841
0.7084010
0.6249064
0.4789344
0.5631615
0.6814420
1.0534517
1.4573873
1.4422508
0.9594433
0.8451698
0.9277694
1.1662173
1.5075163
1.5481613
1.7231886
2.3206604
2.4558899
2.2628136
1.7034204
1.4362934
1.1680795
0.8032414
1.0458916
1.0495462
1.0619953
1.2143607
2.1495869
11.6808224
25.9561977
29.5796356
26.7540188
46.1806946
86.9942474
111.3740005
104.9135132
94.6569366
90.9358597
108.7439499
108.6443939
97.1284943
89.7919693
77.3068085
45.8228073
16.9820290
10.9738503
11.7268925
13.4193726
12.2382565
9.9762926
8.0846825
5.6730623
4.8999548
4.2041597
3.6007354
3.5924478
3.1428142
2.2460151
1.3890278
1.4511566
3.0434427
3.7537568
2.0770657
0.7852063
3.3233948
22.5921249
50.0261803
54.1471977
32.3797684
14.0543194
7.4503860
1.9257307
0.2753909
0.3535464
16.5874996
71.1689072
97.8271637
80.9141541
63.8407745
84.3254547
116.8922272
88.2809601
29.6576271
1.3972844
0.6380160
2.0136473
37.9988785
124.1042786
182.6039124
182.3701630
120.3211136
62.9358482
26.3841476
13.0658951
5.5898805
6.2856779
23.3974438
48.8952827
68.9484863
78.8599854
76.3057175
63.6624985
56.3440361
47.2698402
33.6466446
30.1688042
78.1554413
110.4556961
93.0112686
51.1895752
35.4745026
37.7025108
44.8122520
33.9969292
24.7421722
13.5578289
8.0600863
4.3071575
2.2004702
3.4811747
3.9888215
2.2919927
0.8032066
0.5571946
0.4933519
0.6864842
0.5982260
0.5737536
0.7441696
1.1359777
1.4090369
0.9926694
0.6505675
0.4482263
0.4191082
0.5551971
1.6158218
14.2239056
44.4856491
73.2207718
74.3768311
50.4407921
33.7795219
16.7450905
14.4658718
12.7297935
11.4852657
29.2685699
54.0356560
51.2803040
30.1925468
13.2968464
14.6780806
8.4321470
6.9114628
3.5121913
0.8595622
0.4785050
0.4879663
0.6710164
0.7967982
4.0351868
42.2284012
147.0690918
254.7725220
262.6966553
177.5424194
102.4960785
95.7467880
81.9132538
47.8916893
22.8786469
24.7457542
36.0567780
45.3687859
43.3855743
78.3937836
64.1752472
27.9220772
10.5123444
8.1125202
6.9387326
11.9512510
21.3534737
19.0251656
12.5137625
5.6781378
4.8312039
3.3253281
2.2751069
1.9628993
2.5974383
2.3983195
1.5331666
0.9182377
0.6183870
0.6384062
0.5770618
0.8192604
0.5917567
0.6101757
0.6255798
0.7094291
0.8389754
0.8649285
0.5347747
0.5249440
0.5798989
0.6758188
0.5630147
0.5875629
1.0460420
1.5328288
1.1149319
0.5513690
0.4652399
0.7391794
1.0351171
0.8120397
0.7334045
0.7854523
0.6996239
0.7439252
0.7170524
0.8431101
0.9989165
0.9681950
0.6907906
0.5695174
0.4947921
0.6197349
0.6744988
0.6959408
0.8142810
0.8135505
0.8008600
0.7219701
0.6739410
0.8625218
0.9975402
0.8262127
1.4286488
2.4598553
2.2760105
0.8786702
0.4162570
0.5841982
4.0672617
13.7055340
21.0836372
20.1710339
14.0325842
8.9394865
6.6802378
6.5944762
7.1020122
5.5861406
2.9603271
1.9236857
1.0631337
0.6100674
0.3259618
0.4708146
0.7069810
0.8001682
2.2721205
6.9005361
10.7421436
10.1890602
8.0284138
10.2979193
13.0762615
9.8486118
4.4374766
8.1687803
13.2788954
17.4915047
14.3891726
8.6806793
5.6829538
4.5392566
5.3739624
3.9730592
3.2781918
3.8195555
4.8034658
3.8071680
1.4424027
1.8653866
4.9985876
10.6631613
10.7139502
8.2194805
3.9269967
0.9806687
0.9360803
2.0111532
9.4512062
21.5398426
25.3988457
16.6429157
7.9751406
9.5133934
14.7902317
14.0401430
9.2872562
4.8002081
2.8731434
2.2321706
2.3066695
10.3420839
37.9407578
73.1152496
91.1708069
81.7518158
61.1260262
44.2234306
48.0307770
50.5489845
51.5360451
45.5074387
34.7723198
84.6734161
73.5392151
46.5088615
38.5290451
26.3796406
14.2994995
7.0913272
8.0108805
8.1010075
10.6755648
13.2033567
13.7780771
11.5334578
10.2519798
12.3399401
15.8635845
13.3305712
14.4661531
18.6583443
20.2657375
16.8094292
17.2711811
25.3199444
38.1815681
44.6065178
44.4715004
38.2204590
29.9185371
24.8562260
21.4920940
17.4815712
12.1971903
7.6066847
4.8573418
1.3147439
3.7178881
7.5978556
5.9961247
3.7168422
1.8781656
0.9650070
0.7968748
0.8636104
0.6790402
0.7909871
0.8600633
0.7530349
0.7887813
0.7419001
0.9854933
1.3279229
1.4121195
2.1920669
7.0514231
12.2762184
12.6172104
9.9628696
8.6678162
7.5337410
7.6479440
7.4032307
6.6096387
5.8383789
4.6052952
3.2169807
1.5250323
0.7763550
0.9013131
0.8863598
0.8337535
2.1665006
7.8677611
15.9891748
23.2087212
25.1964493
19.4568710
12.6805019
9.4345884
12.4419174
21.6092510
23.7232838
17.4712944
15.2719183
19.9266529
24.9407024
31.5153236
37.4680290
49.9539375
60.3647308
54.4064369
35.9256630
15.3338976
6.0882473
6.5124578
9.8372707
8.6696177
2.2096777
0.7819356
0.3583044
0.2539132
0.3827574
0.6785544
0.6267154
0.7181431
0.8769121
0.8579962
0.6941332
0.5488478
0.6918331
0.6982368
0.7919219
0.6721989
0.6472221
0.7173808
0.5751538
0.6757620
0.6780798
0.6419023
0.8063860
0.5524868
0.4369533
0.7278025
0.9320656
0.7759913
0.4527324
0.4440136
0.4094868
0.5735050
0.6424378
0.5558177
0.6212920
0.6038903
0.5046037
0.1457261
0.0105544
0.0004631
0.0000000
0.0000000
0.0000000
0.0000000
0.0000000
0.0000000
0.0000000
0.0000000
0.0000000
0.0000000
0.0000000
0.0000000
0.0000000
0.0000000
0.0000000
0.0000000
0.0000000
0.0000000
0.0000000
0.0000000
0.0000000
0.0000000
0.0000000
0.0000000
0.0000000
0.0000000
0.0000000
0.0000000
0.0000000
0.0000000
0.0000000
0.0000000
0.0000000
0.0000000
0.0000000
0.0000000
0.0000000
0.0000000
0.0000000
0.0000000
0.0000000
0.0000000
0.0000000
0.0000000
0.0000000
0.0000000
0.0000000
0.0000000
0.0000000
0.0000000
0.0000000
0.0000000
0.0000000
0.0000000
0.0000000
0.0000000
0.0000000
0.0000000
0.0000000
0.0000000
0.0000000
0.0000000
0.0000000
0.0000000
0.0000000
0.0000000
0.0000000
0.0000000
0.0000000
0.0000000
0.0000000
0.0000000
0.0000000
0.0000000
0.0000000
0.0000000
0.0000000
0.0000000
0.0000000
0.0000000
0.0000000
0.0000000
0.0000000
0.0000000
0.0000000
0.0000000
0.0000000
0.0000000
0.0000000
0.0000000
0.0000000
0.0000000
0.0000000
0.0000000
0.0000000
0.0000000
0.0000000
0.0000000
0.0000000
0.0000000
0.0000000
0.0000000
0.0000000
0.0000000
0.0000000
0.0000000
0.0000000
0.0000000
0.0000000
0.0000000
0.0000000
0.0000000
0.0000000
0.0000000
0.0000000
0.0000000
0.0000000
0.0000000
0.0000000
0.0000000
0.0000000
0.0000000
0.0000000
0.0000000
0.0000000
0.0000000
0.0000000
0.0000000
0.0000000
0.0000000
0.0000000
0.0000000
0.0000000
0.0000000
0.0000000
0.0000000
0.0000000
0.0000000
0.0000000
0.0000000
