0.0000000
0.0000000
0.0000000
0.0000000
0.0000000
0.0000000
0.0000000
0.0000000
0.0000000
0.0000000
0.0000000
0.0000000
0.0000000
0.0000000
0.0000000
0.0000000
0.0000000
0.0000000
0.0000000
0.0000000
0.0000000
0.0000000
0.0000000
0.0000000
0.0000000
0.0000000
0.0000000
0.0000000
0.0000000
0.0000000
0.0000000
0.0000000
0.0000000
0.0000000
0.0000000
0.0000000
0.0000000
0.0000000
0.0000000
0.0000000
0.0000000
0.0000000
0.0000000
0.0000000
0.0000000
0.0000000
0.0000000
0.0000000
0.0000000
0.0000000
0.0000000
0.0000000
0.0000000
0.0000000
0.0000000
0.0000000
0.0000000
0.0000000
0.0000000
0.0000000
0.0000000
0.0000000
0.0000000
0.0000000
0.0000000
0.0000000
0.0000000
0.0000000
0.0000000
0.0000000
0.0000000
0.0000000
0.0000000
0.0000000
0.0000000
0.0000000
0.0000000
0.0000000
0.0000000
0.0000000
0.0000000
0.0000000
0.0000000
0.0000000
0.0000000
0.0000000
0.0000000
0.0000000
0.0000000
0.0000000
0.0000000
0.0000000
0.0000000
0.0000000
0.0000000
0.0000000
0.0000000
0.0000000
0.0000000
0.0000000
0.0000000
0.0000000
0.0000000
0.0000000
0.0000000
0.0000000
0.0000000
0.0000000
0.0000000
0.0000000
0.0000000
0.0000000
0.0000000
0.1253415
0.6927291
1.4900010
1.8839102
1.7297010
1.2253084
0.6873683
0.4420757
0.4506064
0.3274126
0.1802678
0.1533481
0.2881029
0.3488613
0.4256072
0.9288911
1.7470586
2.2485819
1.8749658
0.7356911
0.2509104
0.1862430
0.4878165
0.8108582
0.6168377
0.5139523
0.4862162
0.5206603
0.7268308
0.8528251
0.5537552
0.2852106
0.2672267
0.4942153
2.9036448
6.9844356
16.5139847
58.5734673
121.6993790
146.6178131
102.1910095
24.0291576
6.2118540
2.3191242
1.2086630
1.7242022
3.2736180
2.0529556
9.3337526
57.6935387
136.5524597
181.9858704
155.9091797
106.1471710
81.9064941
57.2856903
31.0323162
24.2516937
86.2513351
107.2780991
86.4681778
69.4057465
49.6943398
26.4448509
13.6687117
17.0216560
11.0136471
1.4519403
1.0601596
0.7724009
3.1133187
10.2324200
16.7526684
17.5218334
11.6414309
4.7856312
5.0278053
25.8559284
69.9419937
99.8415527
79.0529785
26.7953415
8.4449692
6.5007973
50.0292587
162.0391388
200.2391052
138.6460876
60.9757690
19.6073055
6.3344831
3.5730238
2.5094886
1.5374838
1.7651654
5.7570133
4.7758770
1.8102067
2.9196730
4.9975710
7.5141530
14.5264006
37.5323181
81.3084030
140.8742981
243.5813599
390.3277283
470.3247375
430.5074463
256.9164124
98.3752670
33.9249725
26.2998543
17.1506767
14.3986006
41.1290131
76.7678375
108.3214417
134.9729767
147.8723907
109.6586990
52.1475067
11.1710863
4.4446354
1.5885823
1.0818846
1.6140761
2.8754573
2.1111279
1.3774108
12.9848051
63.8876152
137.4503174
168.3797150
121.1992264
63.5232239
18.8579044
24.4628105
25.3669891
33.3819580
27.7033730
34.7160454
42.6895866
68.5645981
125.8044662
149.7094269
106.1314468
42.8881721
16.0454140
29.0785770
51.7067566
67.5118484
60.6348000
48.1399002
43.0594940
59.0387955
89.7798767
113.5334015
103.5720520
75.0235977
80.5611267
95.6930084
91.9200058
76.8671494
60.4760895
35.4533501
20.1535301
14.2132702
6.7847996
3.5955722
2.9486864
0.8938925
3.0948308
6.0756969
8.7397041
11.6645079
18.0081654
27.5961227
29.9943752
17.9707184
14.6114483
64.6849213
174.7524567
239.3667145
180.4286804
78.2632675
25.9728355
24.2305107
27.5218430
45.6817589
41.8512650
19.9125061
8.0830994
4.2791219
5.3595743
18.6220055
27.7870998
25.0306396
20.4924049
16.7737198
11.9419308
9.4561310
12.0700760
26.6211720
48.1220894
76.3702850
99.5498199
114.9443665
114.0063629
92.6400223
74.9592056
77.6763229
112.7320328
183.3727112
226.8716278
149.3657837
43.4012794
21.7811432
23.5156384
49.5654984
68.6416855
41.0286751
12.4828176
4.9060984
38.1694489
127.4707794
162.4344635
106.2793655
23.3091526
24.7657013
39.8894234
70.2801514
89.8624725
101.9705582
154.0859375
209.3878784
163.2566376
46.5117035
4.3501434
3.0632977
5.6791630
12.8435936
21.1673813
14.8437548
22.2290344
60.0400772
117.9270248
196.8629761
274.6788635
292.7742310
198.3531952
107.3835144
47.1910172
89.6681290
235.3927002
278.4194336
228.8923187
178.3355255
149.5284882
89.9580688
92.5423889
106.3461304
63.1400375
57.8299294
86.3911896
60.0843697
75.6683884
105.5729446
47.3451843
73.4374237
128.2961426
107.0636978
77.5676727
51.4567680
10.7085495
1.2948666
4.7985387
19.5868454
66.9452209
76.6890182
46.5397873
19.2044868
12.0825796
9.0241699
16.4332829
79.4960022
121.6632385
97.9944229
37.4754410
7.5323653
5.3972645
30.1690559
78.3338776
83.4320450
47.6406136
29.5677357
17.3499126
7.2477078
2.9046884
3.4471011
6.4366541
58.0672531
192.4999542
319.3039551
308.3460083
200.1124268
120.3345108
63.9529076
51.6699791
87.8148193
51.1646233
35.5791016
53.2917137
79.1440125
80.5318222
50.1308174
21.0016632
9.3417873
17.1558361
14.9640121
10.2859354
6.3146658
2.3569813
4.7111835
12.1999741
17.8330517
16.7289085
9.7453918
3.7939689
1.0786083
1.2663937
9.9676971
36.7082024
51.7134323
40.8490105
16.5821514
5.7107611
7.9895778
33.3684425
70.1740494
80.0017471
58.8530617
34.9547729
49.6195602
93.8755112
183.5675659
283.5304871
284.5356750
184.7292023
67.3795547
10.6092978
1.9578973
1.7812049
13.8822536
82.6770096
111.8175278
81.8438492
40.7135239
14.3479099
3.6767511
0.6709663
0.5733099
4.3462501
11.0650749
12.8783960
10.5899382
7.1340652
3.0837028
4.6412606
14.9914789
36.8066940
75.4664917
116.1386414
135.6739502
135.4409790
115.7341003
94.1441727
103.8080215
137.2759857
145.6412048
82.3106766
30.5640488
8.3595200
5.0670099
13.1380854
39.6018753
101.5173035
152.0360870
183.9399109
185.4775696
175.5061951
150.6583405
117.1053925
86.2443314
59.9662323
20.4357300
18.9293709
51.6662178
99.3672943
92.3993683
28.6539249
4.8698244
4.9406004
40.7603035
104.2532043
155.1091309
133.3461609
102.4373474
81.9281082
68.8781967
48.0140190
93.6664505
162.5324707
155.5991364
103.8150635
37.3785553
9.2087460
15.9294109
89.5792389
230.1564636
233.4891815
96.9621506
16.5257683
4.3663054
13.7926664
58.2922440
139.3420410
201.1591339
220.7562561
191.0800018
141.9151001
117.1008072
67.5028687
23.6495094
1.6984644
2.0346444
11.2868462
33.5680122
31.7295322
11.3399801
10.0583286
29.5264511
66.9341583
84.5052795
97.3937683
129.3246460
144.3860016
108.2633057
65.9871445
45.2107277
38.1944733
12.2854834
1.6185274
4.0843859
10.1512947
12.7522011
12.6550341
9.7970457
6.0379839
3.5968466
3.4222369
2.2965035
6.3646522
43.0277443
132.3995514
270.3259277
392.6322327
391.3759766
266.1591797
132.8028107
65.8055344
62.6898232
62.0486259
80.3703232
119.6429825
138.7882843
121.3957214
117.9844818
185.6045837
240.2515869
230.8235779
146.7897949
65.6549377
40.8178253
180.1661682
183.5695343
106.6478348
77.8384018
42.5400238
17.0627651
71.3897705
192.4463959
259.5103455
212.3925476
110.1147308
32.6234512
19.0591602
48.6831512
144.8794556
231.8507538
269.0436707
218.5799561
127.7876129
62.6740074
21.4881840
7.0457540
6.2792678
13.3367872
42.7343445
73.3648682
78.4441452
68.7281036
55.0873222
42.7568398
31.4439983
20.8029079
56.9633636
148.5030365
216.2897949
218.5302734
148.0958099
71.3198547
19.6974430
10.0434208
6.3265505
3.9594893
4.2551122
9.6187897
22.8553772
46.0857925
88.0505676
117.6674347
102.6218719
49.1672745
14.4434671
3.8774357
3.5296688
25.6064491
122.2294617
224.3975983
218.8364258
104.0024185
20.6804733
10.3335075
11.1744032
9.2242527
16.5977612
82.6953506
146.2079773
131.8782806
64.9785843
26.6177387
20.4805870
25.9529762
42.1173172
71.8077316
65.8549728
31.7929115
15.8743639
11.7645292
23.7843895
75.9022751
124.1845551
118.6701965
78.8618164
44.4565430
25.6955414
12.3284817
1.7688560
1.3087736
14.2766085
39.8063812
61.4832420
70.8030930
83.2781143
101.0234070
105.1464157
107.1935349
138.6428680
211.4311676
240.4628601
185.0334320
129.4174042
128.2787170
134.7773438
129.2697296
87.4011154
44.0546913
15.4361391
8.0060949
6.5373292
8.0599098
8.5631552
7.8894835
12.5849867
35.1327057
117.3064041
269.8258667
386.0870667
331.5101624
168.7454224
61.4623718
18.0417328
3.7859805
5.8823891
17.7288227
26.6810989
24.3861179
12.7733955
3.3684306
0.8398358
5.7719736
47.3710556
116.2354431
179.8587036
208.0073547
180.0601501
150.4595795
135.0930176
96.8120422
24.5911922
3.0898833
8.0826073
50.1358376
106.4779816
108.9611588
74.4219055
25.6207504
16.7547684
7.0584192
6.2324452
17.8271675
47.7100449
75.8258667
71.0809402
45.4075470
30.4398060
38.7044296
60.7397881
76.5990143
76.5350800
57.6435471
23.5048218
3.2490113
0.6314800
12.7560730
77.1286316
128.6057892
106.1713943
58.2981415
73.6142044
123.5208740
124.3437042
73.1094818
23.6401882
6.4293194
20.8235359
79.0908508
165.4801331
220.4714661
215.9253235
114.8572617
35.3590927
12.6891022
31.2314968
81.1097107
104.1637650
49.6848984
11.2030630
5.3956604
6.1987643
24.3694038
113.2478409
191.3786926
205.6950378
133.2078552
82.3370285
42.1585693
38.8647614
37.6042862
43.4324837
41.8845749
26.4241161
12.6886253
7.7027431
4.8436766
6.0589247
49.9082756
127.2465057
178.8759155
213.4811554
223.2880554
183.6189270
152.1119080
131.9448395
170.4300995
227.4282074
157.0631866
135.9864044
171.6176910
213.0783539
187.8785858
127.8817291
70.4482269
39.8754578
110.9840851
135.0125122
67.5032196
7.1566405
1.1532060
1.5503771
4.4711604
6.4301205
3.2437577
5.2696400
14.1545486
22.8201218
22.0123386
13.3296728
5.8215976
2.6017931
1.0217948
0.7005904
34.2797890
116.6284027
170.3654022
158.6445007
98.7156754
47.6224251
7.7960539
26.8639851
106.2862244
195.5604095
219.9788971
108.7017517
19.7314205
2.4336467
5.6383214
30.1983013
104.8342896
142.8380585
131.7008667
77.1693192
36.3778725
17.6244564
17.1187325
23.8873558
29.2487221
19.7952633
10.4761028
12.1538496
15.3650560
26.1335564
54.0679169
81.9934235
93.7404480
99.9156647
121.1075668
146.9893036
127.0396500
72.0113449
56.1949844
55.0512161
48.9009094
40.1409264
39.7396927
46.7047005
42.2209129
55.1755981
67.9063721
45.4911613
14.9980392
33.1510391
72.2256699
76.1024399
42.0373306
20.1697922
16.7325859
21.0887794
33.3382835
46.9003143
47.8925934
33.4347572
18.0652142
37.0040092
68.8965302
75.0229187
44.5830917
19.1489563
12.9529562
9.1352673
6.8212595
5.2937140
5.1227875
6.5023775
8.3727303
8.9940996
8.7021065
8.9590292
24.0845413
90.3959961
195.5012512
285.4298401
304.0006409
237.0621948
157.1170959
97.2416840
58.6943703
30.5572758
69.7403488
59.8824501
42.5098381
44.3323097
73.1946335
114.8570251
118.0386200
84.6204224
109.9646683
209.7603149
152.1489105
49.1016083
3.1461482
0.6458353
1.7238147
40.4927330
148.4800720
222.4260864
172.7129517
55.4379158
14.5408239
11.5935659
13.0084047
18.7207661
18.3696785
6.3491888
2.5679827
8.0663815
27.6451797
32.3713684
18.1810150
6.8719282
2.8073604
9.8083448
37.7710152
66.9438934
82.7730865
88.0224457
70.6152344
30.0298386
16.6895313
17.4052048
23.9903641
57.0605087
154.7857056
252.3408508
275.6860962
203.7958679
90.3938141
17.4189606
1.2903779
0.3748875
9.0363941
61.4222298
116.4434814
139.2817383
120.0504532
62.0819092
13.1551170
6.8222427
5.1193748
8.8005133
15.6430244
15.2947216
11.5716076
9.5353603
8.1052065
5.6859188
3.7472291
2.2282829
2.4013433
13.8603621
42.0300217
59.9529037
42.6147346
15.7491360
14.6775923
20.4129372
54.1903877
90.5700912
72.8997498
33.3015633
9.6268349
11.7978468
9.1752243
9.5090742
15.0495729
17.2769432
16.9402943
20.5908699
27.2448692
29.3459835
29.6900406
28.0892220
16.7532272
5.0779219
0.9908621
7.2583055
19.7815056
30.6796227
36.3151627
35.6354294
31.1924553
25.0290127
22.4569206
13.1857615
3.2187841
2.1223094
6.0156164
9.8942413
9.2879515
7.2159491
5.9221888
4.5779080
4.2961283
4.7254219
5.4894738
4.4680252
2.7162433
2.6327825
3.4192071
2.4673166
0.8351466
3.7788079
28.0016289
65.0893402
82.1292038
79.9561310
84.6235199
97.4494247
95.1648331
77.5244675
65.1082077
73.1778107
81.1798706
71.7252655
42.5217514
18.3536263
23.1308212
41.6824303
107.9365692
179.7779694
174.0360107
83.2661362
22.0491219
12.9323483
7.7909718
7.4442167
45.9716682
97.0723724
104.3471451
106.8854980
83.4550171
71.6082687
78.5491562
87.4278183
80.5017395
60.1806183
63.3544884
73.5860825
80.6291504
59.4750633
27.0913734
17.0979366
36.0960960
79.9973450
96.0625458
85.4372101
85.7454147
89.1476746
68.7630005
31.4425468
24.5691452
6.2095022
1.0557946
2.9864872
9.4130363
15.1903811
16.3548183
16.7047729
13.7606344
27.7218056
101.9454956
193.1167145
191.1304779
102.0118561
70.5248566
95.0938110
98.3390198
86.1978912
77.0786438
58.9286728
47.5359383
44.7976074
35.5762863
25.3426876
23.6481361
25.6342163
29.7316017
24.8486938
21.4584503
41.1308136
94.8836441
163.3992310
200.4939117
166.5570221
102.7793045
50.1051826
33.0452652
31.8557243
58.8735542
93.7947769
88.3179321
46.1821480
14.7908916
4.3089061
2.8267183
11.2077570
62.4672241
114.2027664
117.8782120
92.5233688
55.3933258
18.8416233
5.7739553
27.7149029
71.7582092
95.6395721
71.3994217
24.2574673
7.2864256
23.0095768
54.4457359
74.0807800
64.7758102
46.2312508
37.6008987
28.7112617
17.0593910
11.3499346
13.6784439
25.0168438
30.0125313
29.2340393
31.1857910
41.9659157
50.8715477
50.2065582
50.1921959
55.3928909
58.6649437
38.7766380
8.9951067
1.8748349
0.8127586
13.7117691
39.6595535
54.5730209
34.4314461
21.1508770
14.0780430
9.1823578
7.2371235
38.4762306
127.5488052
216.0224609
241.1652527
194.6796570
131.0724182
103.0372162
94.5405121
78.1540985
34.3630180
9.6140471
1.6869915
0.7575374
0.7806762
14.5398331
44.4455795
71.8092346
90.4899445
103.6757965
91.4431152
45.2431564
14.8386955
9.1721649
4.2736487
2.2693748
6.9444122
20.1454506
24.5497475
12.2182665
0.8498476
3.9361959
43.6085243
117.3299255
161.2848358
158.2661896
139.4425049
130.1410828
144.4919739
96.9495621
28.6379948
9.0459347
11.9064264
13.5387392
13.7645416
14.9257441
12.8596401
5.4493780
6.3971596
33.8772812
75.0658417
91.6308060
65.7194748
22.4521599
4.0205798
0.8369168
12.8078508
57.6598625
104.3911438
92.3658218
41.0909653
9.9086418
9.0921555
15.0558224
19.2286148
34.5366173
73.3229904
105.2291412
83.5354233
25.6169758
4.6511045
3.3978786
3.2799716
4.8360476
40.7174759
128.4636688
216.1703339
239.9660187
160.5210876
57.5704269
8.1707115
3.9320374
20.6135101
71.8702545
113.9694290
102.8692017
74.2315292
48.2169724
25.7243195
5.8670778
0.7429054
10.5027075
75.9890518
134.6055298
121.5786667
61.9850464
20.4616489
9.5964985
5.6359768
11.6240139
30.6320686
68.6803665
114.7977829
137.5782013
115.1106720
60.0437813
34.7180901
48.7665138
93.6361465
111.5280151
68.5231857
26.8162956
14.7112389
30.6004810
82.3264542
134.9887695
150.7374725
117.9606094
72.0527191
33.7411232
31.9234009
35.9304466
31.3845730
15.1165924
8.1611347
10.8282537
19.6754131
29.2369881
29.1536331
26.4349327
29.9515057
28.2017975
28.3476562
41.7656822
62.6882095
77.3724594
80.5354309
82.1656647
85.2952423
92.4244308
115.9523163
97.3958130
45.9330826
9.0339813
11.6520500
43.7605896
106.5569687
97.2721252
26.1737709
7.1264281
2.3932934
2.7262769
9.4097338
37.5381584
60.3777542
73.7846222
65.8170700
41.0824280
10.5821590
1.8223361
0.5544288
3.8276825
15.4870472
23.9853115
17.8154030
10.8458109
5.5800333
17.1447582
65.0227280
129.1841431
169.5833130
190.6447449
194.5071564
179.8872375
146.2643433
104.0969543
59.0378380
123.2221680
106.8091660
68.6095581
37.3609238
19.9053326
24.6335983
29.5852947
29.9930573
22.4185829
9.5099411
9.0681591
17.1859760
28.8768444
24.0641289
16.0100403
22.8463535
49.5402718
96.9317932
134.7455292
139.9105682
142.6968994
166.9933014
147.6260223
91.0862732
57.4129677
25.7468491
7.2619839
3.8128827
6.9536910
13.1863699
16.6875591
14.5942097
12.3178473
10.9061136
11.5392466
13.2474871
16.5262489
14.9656858
19.1673889
72.7142792
164.0792389
194.8726349
129.0393982
49.7878990
31.5992088
27.8407841
50.3066063
70.9280243
46.7854195
11.1160040
22.6234188
55.4153023
81.5691071
74.9730072
36.2777557
6.0448723
2.3079112
0.7869928
0.1824751
0.5950779
3.1815953
13.2846861
73.5998840
182.5531311
247.9742279
198.4070129
88.3968582
23.7434425
3.1401420
3.6992443
40.5143394
137.9591980
274.2066650
317.3500671
194.8646393
64.6577988
4.2560697
6.0615597
24.6237221
71.2158585
113.5453568
126.6336212
96.8189163
105.0977631
206.2372131
267.4421387
229.0517731
174.5630798
142.7860260
96.1001282
32.5975990
43.8757744
115.7837143
162.1305389
102.6945801
41.4789658
31.5559387
15.0385647
8.5694609
7.4858890
8.0699949
9.1738520
25.5082264
124.6591339
293.4343872
434.0783386
504.0138550
528.4610596
419.4757690
180.1867676
9.6709785
0.5724214
0.1582071
1.0400759
55.0194550
169.4020386
286.7932739
301.2747498
207.0923920
92.6908875
44.1497498
6.7323942
5.6545706
17.3288479
63.5843430
115.7860107
122.2547379
101.1286163
73.8077087
28.4868145
7.3911366
3.8790963
3.8467302
3.5275660
18.9230976
92.6077805
159.5666656
138.4412537
57.0647583
19.6126938
13.8777189
24.5206165
42.3518829
31.4543533
22.5597057
51.9114418
187.3665466
298.5690918
248.0086212
99.0599136
35.8332787
17.5676537
12.8576927
38.8263092
134.0102539
170.0198517
129.1065216
67.9917526
35.4415703
33.2387352
26.7771854
40.7294388
105.6695251
194.0161285
239.2307434
247.6702271
207.2115936
120.3632889
16.2765675
1.5068910
0.5732862
10.9342747
65.3089142
92.9316483
55.0607338
11.1365337
20.9512787
49.0141411
69.2062149
57.1674652
30.2591267
10.0466766
9.1399422
22.2643795
39.9717255
77.7063141
124.0717697
141.8252411
100.9383392
47.4029160
29.4789162
25.3735161
22.6588230
29.5655212
41.4621429
41.2607918
24.5640182
6.8568497
12.2609921
46.2895699
114.4605026
167.4934387
188.4000549
177.8718872
137.7844086
89.8101578
50.1012993
24.3691521
26.2763309
30.1089783
42.1894760
47.9779472
27.1874485
13.5038052
6.0143876
2.8487639
16.0410023
36.5889626
53.7797318
32.9441910
7.8069315
0.2755954
0.6711563
21.5748940
75.8462524
106.5975342
127.4382248
171.0929718
179.3936462
134.2984772
93.0250168
66.9863815
39.8339920
13.6008730
8.2452583
7.1570363
22.5736294
113.7662354
262.7737122
327.3559875
250.3754883
128.4214630
55.9813156
17.7479668
4.5970974
1.9266331
5.3295498
9.6393318
6.3912649
3.7512281
3.2495086
9.5517473
37.9820175
98.5209656
179.5156403
254.8011627
282.4414062
202.9541626
97.3106384
10.6240959
5.4426246
9.6005154
15.2412748
8.3351030
2.8399558
8.3550291
24.6133900
56.5283470
108.7527313
156.1893463
144.4942169
89.5229187
54.4382401
35.5393105
43.8932648
42.0491753
29.7359009
12.0325851
5.3275871
24.1493263
67.6475525
104.7364273
101.9819565
61.3105354
35.3997536
29.3269157
30.7915897
16.9626656
11.5773258
29.5803566
65.9427032
79.9073792
52.5481224
26.0946426
22.2386875
50.6329689
85.3941574
88.8104706
52.6811790
17.6738434
7.1996088
3.9994290
4.2666550
5.7268157
6.4702110
6.2249699
11.8610039
52.1176949
111.0729446
141.7984924
128.2393341
87.0174484
56.3617477
20.6643810
5.8541937
0.5532786
2.4172235
44.5909996
87.8253174
96.4388580
103.2671432
112.6392365
97.2243881
57.1715851
30.7529602
11.1664762
1.6930714
1.1692359
5.1323466
46.0904770
124.5233917
152.7808228
102.1643677
42.4877090
11.2172518
0.7371647
0.4854669
29.3029957
107.0759430
150.7473145
118.0353394
64.5309677
28.7935219
7.4257870
1.6523517
1.0694864
15.8409681
76.1512985
108.6842117
104.7949448
67.7391434
34.5168495
15.9674082
9.5831327
33.6506882
97.0033340
91.6345596
55.2259865
41.6190071
39.3677444
31.3935471
26.8443832
24.6347237
17.8998661
8.4389687
2.1152177
0.3773568
0.1211507
0.0847312
2.6417994
43.3294487
137.0626984
231.7424927
277.9067383
248.8736267
141.1764374
49.3749161
15.3205986
30.1572170
47.8829384
41.6997986
31.0251217
34.8344345
45.4596863
56.1935806
72.0121231
79.0894852
58.4125862
32.8474274
20.2266846
19.9732628
58.8913918
90.3882523
88.6121902
65.9450302
51.4125938
30.7254028
25.7276764
22.2122707
28.6866550
38.8319550
22.6150799
12.2749996
11.4635353
48.3103676
130.3182983
213.9270325
222.7033997
158.7244720
65.0750122
24.8165569
16.1964321
12.1749058
11.3504009
19.3378410
42.4343948
62.0540695
58.2206001
44.8582268
23.6258774
5.3797932
1.6422970
0.8876807
0.4772159
7.3713369
35.6338310
54.0354729
47.2039604
31.3742390
27.3808422
38.2371216
40.5226974
25.1281605
14.0791931
5.9870343
1.2493519
0.3702593
1.7182279
4.7422209
7.5378036
8.6793594
10.2681999
11.9746504
13.0493059
14.0287580
14.0305958
12.7455053
9.8506975
8.6259670
7.4607048
6.8566952
7.7100835
9.4228773
7.4608302
3.3409839
3.1552429
22.9002380
62.4611244
73.7186050
49.4690247
26.4271107
16.1957417
11.8143597
12.3907471
12.8406992
18.4994965
17.1522446
13.6484900
54.8870773
124.7867508
164.9027100
179.3144379
174.4981842
154.3621826
131.5623169
92.3859863
64.3940582
57.6010170
37.2465668
16.1371384
4.0444360
0.8236169
0.6608540
3.9847836
8.8946266
10.3367214
8.6585970
6.2691526
4.3389416
4.2319574
4.1670299
3.6724086
2.6233385
1.6428072
1.0007035
0.9628983
2.6637557
25.8967171
85.1525192
147.5272827
146.0339203
76.8296890
13.9928331
2.3328216
7.2516489
32.3351631
71.2913666
97.3452454
81.0958633
48.0319672
23.7348976
36.0637054
29.8821907
14.6559153
6.6906710
4.4211645
3.3730707
6.0080023
11.8153067
18.6715488
37.9661255
82.7112198
132.3016663
158.9033813
143.2505493
96.1005554
64.2922821
85.3402634
125.8769073
122.8702545
75.8647079
40.3392181
21.4095402
21.6449013
3.1782215
0.8440763
0.2965820
0.2323284
15.7294827
57.1698151
83.3748093
75.3303757
59.2024040
50.7323227
70.5614624
71.7931290
61.1038551
49.2177505
28.7949982
13.0595274
11.1220551
13.1840382
11.7020054
12.2583904
18.1559868
14.5775557
9.2397671
5.3881845
12.9320889
44.5508537
75.0912628
83.0755615
61.9331512
28.8190536
9.9601727
1.4596525
0.3076565
12.3442001
52.1953621
61.8692436
29.1259747
14.0156078
19.1984749
27.3387928
43.6833839
72.5194931
94.8564987
119.3065033
142.5810242
160.9992981
194.2286072
254.9538574
244.5771942
165.2973785
98.5413513
46.7102547
34.4611359
46.2793007
34.0848312
24.1834698
26.0659714
17.5448189
4.5489807
1.2482932
2.9291809
8.2783318
11.9778538
12.7721529
11.6900959
8.8095398
6.3616457
4.3860612
3.6748300
3.8661969
4.7703710
6.0462608
4.6041698
2.4160504
8.5340195
42.3632355
80.1323853
71.7165985
26.7376804
7.6952157
5.2488952
8.8071642
11.3167553
29.7644215
57.3691406
60.4576721
28.1816158
4.4685478
3.0751135
0.8531822
0.3928463
0.1739652
0.2178500
0.2821287
0.3485266
0.4083724
0.4008791
0.3021407
0.2727003
2.8727646
31.4829483
110.4315491
227.8143768
331.5924377
339.1440125
230.3163605
99.6101379
27.3741627
9.0718269
14.6320820
26.1552811
24.8043518
26.0879097
31.7980785
30.5038509
20.3591824
17.0033226
21.3591309
26.5337181
22.1465702
10.6997623
13.0065060
27.5831223
33.5593681
18.1708145
2.5790536
0.4888038
17.2650242
88.2785263
181.2741089
225.2096252
203.6302948
155.5894623
137.0062561
134.8392792
125.0827255
107.8434601
93.9066544
67.5558090
43.1467514
12.5017443
0.5126336
0.0281290
0.1060039
0.6086641
3.2526374
6.1149874
8.6663446
9.3585186
8.6891232
8.1739655
7.0401874
5.3852448
4.0385389
3.3894582
2.1981394
1.2473264
2.1094582
13.0835972
54.9172935
100.3064423
99.2356949
49.1435471
14.7561131
7.9694099
3.7981913
2.1079888
5.0321431
34.8160591
90.1282425
143.4571228
180.1630402
176.8038940
111.7451096
60.1030807
32.0210114
40.2838974
45.7552795
18.7941265
11.8344059
8.1193142
5.5376616
3.1441290
1.9974732
10.1501417
58.6730728
136.9502716
181.7809753
156.2617950
102.8446503
85.1269455
65.7397995
70.3718109
139.4198914
156.7489929
169.7919922
211.7717285
272.3986816
305.8923645
241.9532776
119.0382538
47.5303726
9.9256163
7.9555511
3.6187649
2.0937829
0.9072310
0.2531344
0.2302544
0.6600454
2.2399151
2.3694005
1.8955461
1.9395261
2.4274859
2.8935361
3.1156356
3.5422223
3.9071498
4.1095948
3.4380102
2.9820104
2.0875216
1.1916933
0.6251727
0.3472660
0.4177877
0.5116991
0.5248911
0.4477677
0.3787395
0.3863887
1.3154153
6.9430485
33.3199196
114.5684738
253.8605652
386.5119629
439.3088379
374.4715881
258.9378357
107.0366211
10.6640549
4.7909389
0.5029566
8.2089243
41.2932892
72.8342896
69.1744614
74.2373199
90.9097443
129.6051025
193.7149353
318.7022705
421.6809387
340.2906189
142.7317200
115.1953735
144.5737152
187.9679718
199.8001709
195.7336884
235.2261963
281.3104248
249.6082153
149.3438721
79.6680832
167.8743439
213.6791382
352.1879883
269.3086548
139.3621521
70.9887695
114.4707031
111.9273376
55.5747871
53.7459221
107.1407928
115.7882843
85.0101013
60.1229858
37.6662598
21.3050556
2.3621864
0.2650963
0.4742647
6.9599500
19.1936264
16.2597275
4.3040442
0.9701043
1.4733428
5.7046804
12.2363243
10.7428446
6.4907413
3.5244005
2.5705912
9.4474106
51.7342110
152.6770020
275.4813232
338.5909424
284.5888977
171.7971191
76.1776352
41.8105621
26.8147163
44.7467308
65.4406128
40.1914139
19.8584900
5.1310644
3.7554035
6.6270804
28.6220665
69.0314178
81.4438019
54.3722382
16.8968315
15.7667351
14.4466553
6.7860394
0.6350263
0.5512888
51.1028786
207.0230865
316.2555542
292.6605225
201.4092102
154.0705261
109.5169067
60.1052284
11.0159216
2.7758720
2.9385560
3.5223610
11.3049870
90.7645187
234.1038208
338.3903809
287.5231628
125.8618164
28.3947563
6.7497721
1.6326615
2.2062829
30.8599930
56.1670456
42.0836182
18.9749660
11.8293982
3.1832135
0.2719814
0.4577879
11.8467007
41.1959457
72.6006012
99.0209961
106.1542206
94.9358521
106.8447876
115.7191391
93.7286606
37.4848366
6.6169443
8.8269806
32.4094086
88.6716766
148.1876678
136.3764191
57.5487671
23.0539780
21.1891766
33.9347687
46.4514008
28.5798988
20.0384731
22.0246620
23.3953552
23.9059982
23.7910233
12.1120119
2.8017445
0.6892689
9.8446712
42.1065521
84.6849442
128.3925781
175.1067657
177.9157257
124.5476151
79.1811218
41.4945030
20.5529671
12.9059763
7.5903397
8.2138195
23.8747520
58.7485275
80.8623657
77.2542953
58.5481186
40.8922577
33.1912231
26.5221405
13.3458328
3.7757385
1.1484109
0.1520952
0.1675572
0.2881887
0.4339656
10.6962137
58.9567795
162.6548462
283.4362793
326.7487183
251.1175232
153.3683167
88.0085678
48.2873611
21.5739841
17.8043442
7.4755354
18.7357426
55.4140015
82.4406891
56.6339264
21.4884262
6.6924901
2.8879821
25.9924622
71.2778854
89.2857208
64.1966171
54.1278687
50.6989059
55.2270355
62.4766350
68.8317337
55.9203796
33.3624535
16.6233711
3.8605762
0.3332103
0.4170982
1.5985746
19.3056126
54.9363289
83.1956558
86.3165741
67.6782761
41.7187080
23.4459267
14.4309807
18.9548740
20.0778008
21.0743561
15.5079956
29.2204647
87.2430878
146.5993805
125.6157303
54.5874519
16.9884357
3.9715252
1.2910913
6.2552185
31.8596802
53.1896515
50.2927208
39.4023628
38.6012115
32.5754242
18.5746403
11.5043306
13.9028740
26.0671082
38.0627365
38.8665771
39.0223808
30.0159264
18.0354958
7.9959364
6.8087664
27.3110619
36.4285164
26.9494095
13.1693954
10.1518297
9.1917419
12.8904476
6.8908305
0.4040224
0.4983333
1.4320112
6.5500684
10.0333309
9.7076950
8.4928532
7.3170605
6.6139131
6.5608196
5.9902511
5.3599935
4.3878546
2.9489734
1.6107929
0.6286793
0.7213941
8.3238277
54.6514702
120.2219925
146.9295349
122.3346710
73.6470795
52.5722275
41.9325180
37.9034805
21.9619293
7.3694921
31.2082005
79.0569916
86.4389038
53.4598351
19.1056881
30.0832424
103.4401855
189.1598663
194.9912872
143.7509918
84.2187729
44.5792198
8.4360590
0.4258922
0.0407407
0.6822850
32.6978874
108.8644180
135.8960876
98.4340668
35.4574432
6.5597134
1.9270297
1.4098370
6.8497448
12.5168495
32.0855560
42.1385193
45.1924553
31.5060711
14.7124987
5.7255278
5.4369960
7.4649954
8.9518862
11.6861820
15.0555687
14.4391317
16.5672550
20.8534641
23.0994949
13.8991470
4.3987021
2.1576691
1.3240315
0.3694877
0.2234843
0.2021639
0.2391582
0.2480186
0.3895012
6.3304729
31.3032246
75.7713928
147.4665833
263.4615479
359.3746948
345.2158203
225.9307098
97.3412399
143.5061951
180.6336517
132.4113007
87.7973938
48.4535370
77.0929565
46.8920097
9.4019356
80.3085175
83.2978439
56.4280434
18.9249115
38.9042892
12.5893307
59.5353432
75.4888687
75.2082825
93.6791382
119.0412369
114.7655106
85.2812500
50.9027710
15.1922321
41.5337753
28.6998024
53.5708275
71.7980728
43.6931152
27.2144737
39.8619728
39.3318291
12.9998064
8.7264109
32.7631073
52.8157234
43.4820023
20.6247139
9.3283615
18.0341072
57.3673820
133.1804199
201.0480194
193.0532837
120.9685287
49.5543098
30.5346603
27.3851738
23.1786346
18.6297531
18.2077732
33.5244255
77.2519302
89.2888412
53.8942413
14.4868603
9.1581450
2.3419192
0.1862948
2.7591195
17.6846771
36.2022018
43.1508369
46.1587601
54.9817238
65.8866577
75.2227097
68.4235306
43.3683205
15.1972847
12.4276218
10.9323177
12.1601295
15.5356121
22.6067657
25.2444572
24.7766438
24.0598583
24.9215069
21.0452080
12.1014204
19.4807453
100.2198257
245.8697510
317.6932373
237.5597229
122.5150452
72.9996490
36.2414398
23.5738430
34.6062355
47.4526291
93.8010559
151.3856049
203.5784912
131.1317596
46.4172516
8.1391954
16.5969257
19.9586487
46.9586296
81.9090576
60.5426140
18.0083561
5.7351179
3.3316762
24.4524593
75.1167984
107.0707932
104.5676346
98.2882996
95.1620407
59.8589439
26.9673309
14.1911640
9.6880798
11.1409721
43.1722603
105.1511459
148.9460297
125.1650925
52.2632751
14.7900143
18.6067524
38.1891251
63.7680397
37.8446388
13.5974846
6.0336394
1.8437908
3.9121079
6.4417491
9.5293159
9.2383509
8.0497875
7.1868610
11.1752024
32.1748734
93.3131714
172.8920441
197.3341827
146.1314392
90.9009705
89.6726074
99.3143539
63.0940323
50.5326729
53.6659622
57.0736618
44.4057236
46.7290459
69.2520370
65.2040939
40.1917267
20.3816910
21.2418327
11.6981506
4.0421042
5.8469348
44.3496857
138.8150940
218.7785950
210.0768433
131.2630920
74.9411469
29.8544521
9.8007898
4.7897477
0.8060654
0.3337797
9.4382181
41.4829216
81.9141312
141.8060303
211.1891479
219.2578278
144.5452423
80.5243683
38.4864426
18.0019073
6.1195951
2.2389073
1.1607628
16.2498055
68.2404251
114.8770065
107.5004044
74.4053802
85.2565765
119.9453354
144.5476532
146.3321228
110.9838943
60.2648506
23.6483040
5.4253292
14.3766136
43.4604912
66.0037079
78.2037964
72.8174286
51.8895035
26.5826797
22.8501034
9.7766352
14.2069778
56.4764938
100.1280060
99.6677856
65.3002701
26.7237358
7.9658184
3.8045080
15.6652651
59.8716125
105.8439865
118.1193542
93.9454498
44.4018784
11.5249128
3.8262162
3.1379604
4.2627296
5.6279845
11.1021051
63.9693985
184.8498993
287.8266602
262.6799927
142.2619171
88.0575714
61.8726006
63.6564293
65.0206223
73.7105713
91.2398148
100.2868958
79.8496475
61.0463486
52.0155296
46.5042381
32.6322517
19.7874107
13.1369820
3.3687732
0.9282925
17.7925606
100.2122879
186.2120209
168.8096619
62.3932266
10.7294865
4.3564878
2.8408518
3.3809736
46.4717941
127.5382614
146.9175873
90.4512253
22.7870350
6.5673914
7.6895385
18.6859074
26.9027863
47.4981232
81.4852524
105.6404953
76.1002731
19.6237125
5.6987944
4.1903067
7.3953524
13.0539503
22.9314537
47.2035637
93.5587082
122.3271484
100.2221603
64.7594757
40.9946213
28.9817944
18.0937290
10.2469921
4.4557753
13.7568398
58.0552483
119.8490829
138.3743744
114.0418472
78.7078857
46.5217133
18.3067913
27.5575085
62.3719749
86.5831299
62.3550148
30.7036800
16.8855228
9.2991142
3.9398510
4.4510202
57.4372864
130.1425781
144.5848694
105.9094543
87.9710846
84.0400314
77.4610214
88.4108658
78.3208847
50.5123062
19.8705406
44.6408844
59.5568771
57.7215805
48.7565536
29.8254967
16.7881088
16.7727165
22.4618263
23.4558144
17.4767857
13.8403625
23.5810223
37.2712212
53.6646805
39.6802711
17.7105217
22.3175945
23.3701763
36.2968712
46.9120522
36.1135635
68.1499405
141.4495239
172.6679077
113.4199677
48.0793915
42.5201645
37.4013481
21.5835342
19.6671600
11.8590717
10.6658688
14.2003288
29.5274353
48.5935516
53.3304672
40.9343491
34.4313087
33.3687592
33.4413528
36.1210938
37.6687050
27.8155518
22.7730522
22.8396130
16.0933132
8.7080727
6.3257680
18.5750256
50.8166275
83.4317017
127.0170517
166.8924866
164.5275879
133.8972778
104.3545380
136.0815430
162.3265991
150.6307983
90.7516937
24.1840401
4.8309617
3.2684631
2.6607792
3.6698439
8.5130377
47.0632362
137.8128815
215.6308136
199.3356323
98.6078415
26.0435867
5.5502043
3.6897130
9.3454475
20.1184425
42.1509476
140.0550537
249.8040771
255.7218018
135.3179932
33.7196350
14.2314949
31.0442619
101.8691711
183.8097687
207.5346985
240.0440521
266.3234253
252.8386078
193.7317200
145.5070648
96.0297012
86.3405914
113.6931610
116.4707642
78.4271774
40.9911156
20.4324570
9.9103212
12.7490463
14.9067526
27.4038868
54.9153328
91.2434082
93.3210449
85.6978455
74.4963989
64.5006561
53.8053436
51.0803146
51.0430946
56.8715324
26.1739292
20.8354206
23.8369980
15.7483044
49.8223305
59.0452995
50.7084961
32.9422913
14.6704655
7.6199694
2.8028250
2.9746521
18.1942406
73.7620163
127.9567947
134.8979950
100.2264557
71.4031296
86.1020126
168.0972595
223.4389954
156.9449615
79.4945297
34.7443161
34.6865959
22.9832802
7.3940954
1.0269954
1.1686673
5.2074428
25.5419636
42.9819031
48.4945602
45.7525253
36.5940475
27.4275436
23.2522430
23.9015388
28.0622215
40.9928551
55.6913185
63.7158966
58.3871613
41.7749939
24.5157089
10.3477859
3.0388477
11.6339903
57.3014450
106.1110916
107.7803268
73.5162125
52.7110214
66.4513779
95.4926300
123.1538773
85.1213913
32.1709404
8.5524120
21.9217663
42.9756432
61.9274635
55.7868118
34.1758499
8.1794863
4.2002196
15.9543552
46.2106361
84.6515579
114.4622955
121.1806870
101.4971771
75.9212418
69.2708740
102.1546936
117.0670776
68.6858673
28.1717663
8.4118118
11.4067211
63.4282112
144.1105804
130.1653748
64.7005234
14.6907473
9.1404362
24.3986797
48.8505478
56.7252235
88.6958313
132.0825806
134.9449158
78.8099518
37.5596123
40.1952362
68.0108185
55.1470718
50.0352020
67.5511856
74.2225418
73.9704056
104.3826981
181.2064667
244.3504791
183.2288666
80.5698624
37.3636436
68.2574005
120.7485886
106.5859451
44.3420830
14.1487579
6.0521016
9.7272940
54.0249138
137.2941132
194.5992889
207.8314362
225.3488770
231.6245728
236.8713226
287.0218811
322.1432495
245.3057861
99.7088165
72.7938690
94.3495789
56.4677353
42.8763504
16.0257683
4.9396315
1.1360811
0.3970253
0.5671513
0.7057977
3.6932883
32.7205544
115.5711517
226.2798615
281.8617554
238.4309387
149.2787933
77.9189301
34.7311478
16.3959808
11.3277531
10.4336042
10.6138744
14.3899651
26.0472832
42.2887611
34.6812553
12.7103567
1.9385121
1.2433494
6.1372662
30.2654858
41.6807289
31.2100430
20.5478592
12.3585806
7.9664412
4.1824956
2.5610075
2.3380280
1.5947704
1.1445729
0.9930843
0.6780987
0.4930115
0.3315571
0.2090898
0.3833968
0.6532041
0.6888075
0.5046645
0.5308726
0.4382353
0.3555022
0.4580301
0.7953006
0.9769385
0.6971229
0.4827661
1.0311463
2.1087611
2.5667725
3.1973917
4.1707363
3.0476587
0.2983274
0.0207653
0.0009531
0.0000000
0.0000000
0.0000000
0.0000000
0.0000000
0.0000000
0.0000000
0.0000000
0.0000000
0.0000000
0.0000000
0.0000000
0.0000000
0.0000000
0.0000000
0.0000000
0.0000000
0.0000000
0.0000000
0.0000000
0.0000000
0.0000000
0.0000000
0.0000000
0.0000000
0.0000000
0.0000000
0.0000000
0.0000000
0.0000000
0.0000000
0.0000000
0.0000000
0.0000000
0.0000000
0.0000000
0.0000000
0.0000000
0.0000000
0.0000000
0.0000000
0.0000000
0.0000000
0.0000000
0.0000000
0.0000000
0.0000000
0.0000000
0.0000000
0.0000000
0.0000000
0.0000000
0.0000000
0.0000000
0.0000000
0.0000000
0.0000000
0.0000000
0.0000000
0.0000000
0.0000000
0.0000000
0.0000000
0.0000000
0.0000000
0.0000000
0.0000000
0.0000000
0.0000000
0.0000000
0.0000000
0.0000000
0.0000000
0.0000000
0.0000000
0.0000000
0.0000000
0.0000000
0.0000000
0.0000000
0.0000000
0.0000000
0.0000000
0.0000000
0.0000000
0.0000000
0.0000000
0.0000000
0.0000000
0.0000000
0.0000000
0.0000000
0.0000000
0.0000000
0.0000000
0.0000000
0.0000000
0.0000000
0.0000000
0.0000000
0.0000000
0.0000000
0.0000000
0.0000000
0.0000000
0.0000000
0.0000000
0.0000000
0.0000000
0.0000000
0.0000000
0.0000000
0.0000000
0.0000000
0.0000000
0.0000000
0.0000000
0.0000000
0.0000000
0.0000000
0.0000000
0.0000000
0.0000000
0.0000000
0.0000000
0.0000000
0.0000000
0.0000000
0.0000000
0.0000000
0.0000000
0.0000000
0.0000000
0.0000000
0.0000000
0.0000000
0.0000000
0.0000000
0.0000000
0.0000000
0.0000000
0.0000000
0.0000000
0.0000000
0.0000000
0.0000000
0.0000000
0.0000000
0.0000000
0.0000000
0.0000000
0.0000000
0.0000000
0.0000000
0.0000000
0.0000000
0.0000000
0.0000000
0.0000000
0.0000000
0.0000000
0.0000000
0.0000000
0.0000000
0.0000000
0.0000000
0.0000000
0.0000000
0.0000000
0.0000000
0.0000000
0.0000000
0.0000000
0.0000000
0.0000000
0.0235020
0.2175647
0.5363778
0.6935964
0.5862107
0.3626087
0.2625030
0.2141169
0.2408036
0.3912041
0.9686084
1.8288829
2.1491888
1.7013268
0.7227017
0.3367138
0.4859460
2.1388361
4.7723565
9.4754314
38.0871201
92.6261368
128.9540405
114.5347061
66.2275620
27.9722748
10.5701532
3.4239306
0.7652811
0.3006729
42.9829254
159.9353333
257.9502258
254.4883118
187.2899933
150.4667206
104.5119095
70.5968475
17.6296349
11.8769522
7.9741526
6.0279813
5.2544990
5.4524765
3.4004946
1.0553380
0.5302189
0.5340240
0.8256614
9.1313810
30.5135136
72.8651199
146.4613190
198.8221588
172.0078888
101.1323929
65.4446030
41.6693687
74.3761597
50.4269333
28.1434784
21.3249416
8.2693214
6.8482971
31.5772705
65.3461838
98.4925842
122.5130463
112.5700302
64.3341827
22.5043182
11.4022694
5.9847407
2.5078750
3.9761529
3.7031734
1.7443504
0.6983048
0.1819761
0.2793451
1.2841034
3.8121054
5.8228989
7.0260983
6.7815347
5.1842813
3.5091803
1.9457301
1.0909824
0.8115215
0.4966405
0.4187996
5.6269541
24.0839291
46.9832001
56.1375465
38.1569023
13.6240034
1.5822967
0.2806100
3.4748065
38.3966751
89.6737366
108.8729477
106.0147324
114.7987823
141.1107025
198.9192810
237.3025055
212.8107300
126.4085693
75.3530045
46.5383949
24.4964771
61.5693054
40.4231644
17.2997112
26.8150749
33.7319298
28.4406700
6.7918015
0.1541267
0.1305100
0.3098735
1.1345234
6.1549234
11.4572744
47.0887947
121.2902222
179.7181244
166.7727356
99.4331894
56.1785355
18.9254379
15.1914473
12.7105150
6.0424142
1.7290785
0.3057908
0.1287458
13.0124531
67.4209061
117.0201721
115.4423676
87.5387115
75.6301956
111.4313202
152.8249207
153.1646271
119.2355118
89.0862198
80.7565231
65.4068909
31.7761974
6.5810032
10.5468330
31.8529034
35.1200409
20.2534046
25.1682968
68.5079880
100.7424469
64.1881943
18.8265934
8.6393738
6.3465109
5.9068985
5.2138815
3.1002769
1.7270298
1.1119273
13.0434895
42.9017334
62.9284897
54.1482315
29.0564613
19.0331516
9.9087496
2.7197249
1.3204892
2.0832443
6.1329107
15.5797300
18.5352020
13.0880775
7.3352981
5.3390536
4.6161232
4.7260923
8.2563353
12.7066917
26.1965027
28.7088795
25.3213043
20.9059525
14.6513348
12.8509092
13.7378092
6.8171663
4.8323388
29.8388748
50.4270630
58.8612061
67.7760773
72.7858658
68.6360016
77.2368622
100.5041733
106.5801010
73.7900925
48.5008621
45.6272850
56.9292488
54.6160393
28.6067219
5.7001567
0.3941719
0.2010912
0.7482359
51.8806114
207.9953156
327.9213867
286.2612305
118.6398849
37.7502403
58.2717247
130.7802277
172.7696075
109.5755920
23.1522751
2.5115871
0.2134106
0.0274886
5.0138321
73.5319214
175.7462921
218.2976379
167.7780151
72.0787354
18.5179234
5.0910563
0.5428985
0.7356029
5.3442755
6.6931934
10.6943178
52.5819130
107.2388763
115.7855530
75.9898529
37.5625153
23.6258335
18.8038654
23.1154442
26.2943554
20.2998543
19.2399426
31.3393440
55.9078140
71.4533844
80.1468353
79.0672760
68.3131180
48.5074730
28.8837967
17.3591843
12.1932697
19.5065346
48.4648628
66.9459915
58.2386627
53.2945824
60.5122261
42.0870399
18.6778355
16.2958679
41.5914803
49.6691933
22.2933006
10.3231735
14.4676695
38.4468269
57.8819084
74.3368225
92.0011063
115.1203156
138.9077148
149.9906921
118.2947998
55.0917816
28.6570587
22.4858093
35.5608597
66.9891891
68.9026413
39.9814301
24.7560368
31.5928383
38.7677727
36.1695328
24.2364883
9.3448582
11.3163242
40.8923225
85.7686920
139.7858429
198.5216217
216.1036530
148.0480194
71.9258728
30.8581829
5.0123329
17.0008984
9.0998840
7.1529288
14.5064449
29.6762352
37.2759285
22.1066437
5.9993834
0.6229544
0.3133452
0.6126922
39.4983978
162.1082001
340.8058472
525.4055786
596.4887085
476.8031616
269.0343628
64.8469620
9.0699100
23.8507957
79.7925034
156.6151428
212.0809326
229.2947845
193.2024078
103.4686890
29.5701733
47.3196487
124.3843384
202.6755829
219.8254395
163.0124969
79.5637054
31.7665310
53.5027847
130.0702515
238.2718658
324.6262512
300.6858215
204.1240387
125.0452423
61.1214485
33.8132286
12.2369881
0.8462302
3.4110069
10.3928328
47.3198967
168.4082489
365.2896423
543.8825684
600.6493530
559.9508667
478.3881836
310.9063416
171.9090881
107.0226212
67.6198196
28.7461433
56.9542923
90.6872711
94.4174500
84.8058624
39.6750298
5.8125749
7.7381425
6.4076796
6.6597281
12.7444782
11.5079422
10.1662960
12.3228464
13.2424097
9.5751829
4.1617107
1.5250206
2.3729906
8.0945873
19.5386353
26.0223026
27.3768082
27.7309132
26.2636070
23.0107422
20.4267235
23.8954144
26.9569340
24.1756687
13.2138968
12.8636522
61.3328819
169.2826691
219.0847473
154.0538025
64.9473877
36.3061523
27.2119598
27.4536209
46.0690079
67.4668350
90.7612534
82.5766373
58.9015923
57.4062576
88.6579666
146.1336212
159.9774780
102.1788483
38.7903099
14.1192684
12.3912516
44.0073166
100.8667374
97.5676346
54.8953094
35.0775757
57.8088112
95.6082993
113.3559875
84.5899887
33.5077553
18.8311672
24.0528641
14.6924839
4.3633270
0.5876031
0.5109736
8.9655981
49.3004684
85.4725800
84.0225830
43.2926788
4.5484982
1.7386863
4.4705944
24.5372314
96.0866318
171.8589172
184.1549377
104.1666336
23.7334003
3.0872040
0.6021497
1.9109809
60.6465607
154.5211334
204.5921936
168.0114288
83.0140381
22.7053852
2.9880548
1.0545270
0.8125896
21.1660576
87.9079514
155.8439331
173.3913879
129.7421875
71.6595078
42.6697273
79.5572052
44.1197701
37.8829422
86.7661896
93.4213562
221.1021423
299.0741577
309.7161560
246.7910767
159.8217621
96.4448853
72.7436295
58.6905937
32.8689117
57.0754662
143.4447174
258.7476807
267.7252197
157.7087402
69.2373734
35.3978310
26.1798820
21.8332691
25.3718929
101.2264099
134.8561096
94.5380325
34.9039497
27.7973976
33.9860649
22.7441330
8.9150801
9.4771595
45.1086693
85.2627945
110.0210342
119.6372604
122.2895203
103.5123444
68.5555878
43.9900169
24.8115387
14.7964001
2.5613382
5.0850215
16.5277252
25.7363873
22.8900223
13.7573366
7.7854147
5.4812574
4.6134882
3.8704140
2.7067699
1.5847838
1.1238829
0.5476117
0.2915133
0.6442657
5.4520864
20.3355141
36.1403618
45.7173767
42.9066086
28.7047577
17.4737663
18.3913536
26.3533440
27.7199249
31.1051884
40.5838890
41.6535645
28.3880730
16.5713425
12.8010960
13.7642784
19.8983669
34.6200562
49.4421692
58.3666611
56.5497169
78.5355530
126.1432877
147.4983063
139.9178009
147.1238098
161.1791077
154.6246033
135.2171631
149.5905609
165.3664856
124.8038559
68.4723969
21.3986702
73.3845291
84.9756622
87.6821823
69.3212051
46.4020958
35.3393097
32.3817520
36.5776215
39.3370895
32.4840927
14.6069374
6.8693867
31.4794426
99.3787231
154.6705017
151.4668579
114.9254303
103.7368622
129.4669647
205.2779694
179.8975067
155.7067719
174.6028137
176.2950897
124.6731415
104.7848969
117.8575821
108.3251266
59.2665939
14.3320360
42.7486229
20.4354019
18.6967201
22.1466217
25.6175194
33.5246887
44.4600372
47.4923325
42.9230194
35.6924858
29.3743439
44.6881332
31.8330307
11.4738741
4.7790341
3.9590874
16.0545406
82.8903732
161.5707245
168.0125122
114.5572586
105.8285828
148.6413422
210.6685944
222.7085876
225.7681732
174.1798096
91.5918808
67.9867096
62.9203568
25.2328339
2.6505380
3.6545291
0.7927694
0.9256800
3.0543489
7.2770491
10.6201115
11.7075138
12.9603367
13.8031263
13.8509235
16.3402367
23.1271610
27.2696018
21.1861572
15.7614937
45.8661156
146.0172424
235.2142334
212.2230530
103.6327667
72.4102783
110.1108017
136.8756104
118.9314651
85.7530823
128.4904938
146.6212921
98.3215714
71.2106323
73.0421143
86.3845596
93.9360428
65.4885178
19.0852966
5.3247476
19.5768585
67.3186188
116.9610062
104.3580933
40.5966568
8.8479385
1.6086459
7.7781515
60.0927887
140.9599152
158.4187469
84.1314240
51.2423668
156.9202576
383.3024292
479.4276733
330.3558044
171.6107025
70.5622864
3.9187896
1.1346215
2.7124414
15.6514015
16.6760349
11.3937569
11.0543051
12.4061394
11.2238874
11.7403803
12.0020103
11.5102901
12.2234640
15.1724262
17.9244041
21.5958023
28.2817001
32.9988098
32.9697380
73.3979263
186.3902588
276.8434143
251.8446350
136.6223297
79.8127518
66.7224579
110.5980759
139.1221466
102.9500580
49.4373779
107.9183502
168.6785889
123.8751221
58.5869331
34.3041458
72.9920959
51.6631279
128.2469330
194.2253723
141.4642639
102.1763840
99.4335327
94.9745789
84.9057312
75.0826263
58.0485916
45.4870148
42.4715424
41.1302948
36.3913002
36.5454865
38.6926117
43.0341949
45.1615410
63.3009872
112.0010986
162.8358002
164.3228912
98.9598923
23.5830860
4.7500992
0.6404659
0.3565236
2.5577083
7.3754430
8.6187296
7.8477998
9.8341141
15.1486320
21.1278305
24.3579826
22.2210312
17.1786785
10.0660372
11.3415890
24.0997334
63.5385437
121.3787689
150.0378265
154.0256958
169.3588409
185.9465637
173.3457642
121.8874969
81.7975082
57.5709572
26.7927361
60.3051147
63.3070984
49.6846428
51.3708382
57.9891205
69.7723541
81.7492981
78.9743423
60.9163361
48.4911385
45.9052010
62.0394440
113.7019653
194.4184875
247.2908783
219.5117188
117.3061905
45.8337898
37.4958076
41.8742828
34.6055260
42.2291832
96.3812714
129.0911865
134.0124664
113.7390900
88.6486969
77.8065872
56.5796318
41.7646332
27.0385342
32.5344353
37.4771690
66.9644623
151.3805237
192.0866089
151.1375275
99.5573120
70.3368683
50.3094711
32.0694733
23.0369797
17.5100708
11.0364952
7.1925325
5.9109855
11.8811092
54.4951401
127.7397003
172.2775879
145.7238007
88.8870850
60.8502083
36.4808044
15.9400311
42.4666939
38.6353531
21.9230900
9.0603094
1.2604845
5.1563873
14.9287624
17.9247112
11.6325722
7.5921211
18.7395134
123.9149780
348.4641418
523.2353516
473.8120117
253.0294189
67.4126892
32.8166389
42.8606186
55.3673019
43.1144371
21.0880337
10.5785627
16.8026848
41.2703705
61.9592400
47.5970726
25.9016247
27.7013493
26.0349083
6.2712913
3.0913830
2.9384785
7.1572342
14.2766266
19.9708996
21.2707615
22.6080933
23.0327225
19.1761017
12.4137955
7.7140679
6.1223941
6.8875527
24.2014103
100.0324707
227.1460266
318.3406372
284.3152466
151.5592651
32.9577560
4.7954621
0.3667856
0.3146379
3.2069132
25.8099194
63.7938919
87.6327515
81.1027298
61.8315048
42.2662048
39.8672867
39.9841347
20.2163925
37.6154175
124.4898605
220.2426758
202.9705963
91.0354462
24.7377033
10.0869083
11.3042669
13.3208113
9.2743511
5.3997774
3.0451069
7.4092455
14.6921043
18.1675797
15.7296133
13.4660082
17.7750168
25.7318554
28.9574623
22.7106419
13.7052984
22.4797211
62.9538116
105.8263931
115.2230072
99.6662292
72.6752777
54.2145996
54.7419357
62.9305725
76.7706833
79.9696655
54.1418915
28.6660576
16.3327732
2.0373621
1.1524754
5.4405499
13.4190521
15.4612913
14.5462017
15.2333879
16.3974361
16.5876694
14.7392616
13.3510075
12.5985117
12.6297102
11.6049700
10.5424061
35.1654625
97.0844116
132.9796906
98.5371475
47.6996536
38.2694206
25.1334343
13.4560165
40.2158508
190.5886536
423.6558228
514.5571289
349.5605164
152.4527283
18.5347290
30.6050434
33.4943085
34.7106361
51.9245491
76.4275208
66.7997437
28.7123032
13.8351355
5.8642058
9.6808414
85.8491592
195.3805695
232.7819824
197.6292419
137.0638885
64.8320618
18.9737015
17.0039463
21.0009117
21.7511711
27.6161327
36.4055634
37.5386581
29.2952728
13.3658295
6.4274850
8.2445621
13.2521353
27.2160797
53.4895363
99.3477859
191.9298553
308.9093018
356.6737061
266.0194092
106.6178284
32.1800842
50.7000809
114.0997467
156.2585144
106.8803482
59.8113060
61.9235992
114.9939957
152.8178711
136.1613159
137.9748993
179.9483185
213.1339264
160.5784912
67.9953003
21.6551628
9.9874725
13.4436350
19.8730278
38.7640266
78.6852036
103.0289841
111.3399277
116.1493530
121.5198746
85.4572144
53.0658951
47.0953903
64.9557037
67.6550446
38.4122772
17.3652210
10.9099216
32.0662537
93.9193802
75.6989746
12.5614090
9.6523771
30.4615307
73.0635147
108.5198746
113.8705139
106.8932419
77.8324127
36.7271347
26.4745674
76.6672134
234.3970337
410.7848206
392.1799316
234.7512970
111.1225739
30.4588680
7.6731672
2.3420420
8.5178995
43.3404427
88.0324936
107.0987091
78.0826111
38.1702614
19.3163204
16.5600929
25.0839024
61.7882309
94.2764206
79.4291763
39.6584778
18.7267017
18.2926540
15.4472580
13.4225988
13.3575239
10.7241411
6.1612148
8.1568518
28.0505066
59.1971245
69.8243332
71.0568390
88.6460724
144.8771667
231.9492798
290.2730103
326.1363220
316.1940002
234.9780579
180.8049011
183.2522736
188.7440796
185.5335693
209.5938568
234.7480316
230.6113892
198.8865662
114.3274155
27.7006626
2.3729587
2.4053845
16.5078735
51.5526390
62.0171127
47.5159378
20.8581028
14.8379030
26.9861660
63.1880760
81.4135818
67.0904999
45.1789818
22.7522945
8.7956486
33.1429329
101.7549591
145.8229828
116.3377228
70.9565506
74.1223221
166.6826019
311.5904541
269.6981201
100.3722916
38.8156281
53.3883438
76.4223938
121.0441513
210.8221436
339.9096985
381.6671448
273.0783997
116.7908096
35.2596779
20.5459671
39.8706169
93.4942474
96.0521774
71.8059845
53.7437096
21.7314701
2.5722988
2.3916068
31.3457298
107.9029160
173.2505798
187.4781952
161.2937317
93.7150879
32.4989052
24.3909302
34.8817635
47.3579254
70.9019928
128.0567017
198.1763611
228.9573975
176.6612244
97.2869568
48.0022888
19.2073250
5.0911608
5.6880240
31.5004139
116.1553497
162.2289124
131.9333954
110.7553711
120.7271118
159.1557312
223.6575623
270.7366333
285.3119507
258.2453613
231.0213928
218.5277710
266.8202515
227.0296326
113.9038849
36.7325592
8.3109112
3.8314633
9.1999378
26.3257580
19.3102264
4.7563767
4.5102253
23.2973938
70.9578247
103.5780029
106.5211334
100.3715668
93.9447098
82.6142883
71.6246338
69.2429047
91.5221863
144.4352570
181.2782288
170.2673645
122.4669800
84.7256012
45.4637871
13.5538025
26.2793427
100.7049255
181.7131195
175.3546448
159.3619080
137.6827698
100.0629578
111.3272552
153.2969055
134.7627563
87.5767059
75.5849075
60.2746201
73.2998199
93.5505295
68.6969147
50.0742455
43.0126114
21.7513885
6.4606814
5.1602750
25.8120785
65.8037872
80.9277267
72.0541382
65.1063385
64.7007370
60.8532715
61.6892204
73.7410889
80.9953308
67.3236618
41.9446678
15.7355719
23.7510433
130.1085815
272.4394531
264.7632751
156.4599152
52.3844604
30.3564968
13.5408840
18.8536415
17.5673084
64.5896759
134.7853699
188.8580017
171.7244263
102.5263443
37.8655663
4.3738618
0.2887303
0.1180495
1.5914177
41.7640419
123.9164963
175.0629272
158.3730011
92.3829041
35.6385765
8.8916855
11.4110575
19.2885437
21.9503613
21.9156170
110.8614273
279.2800903
393.0932007
343.3376160
190.4554138
89.2948456
26.3195915
6.8821273
41.7627144
146.5399475
208.2464600
218.8860779
242.9618683
213.6646271
118.7454987
26.6215897
9.2419863
7.3831916
20.6280937
55.1567764
47.1258736
29.2456169
30.5706100
47.6261864
43.6617241
40.1161995
57.7774620
105.8563538
174.3342133
189.7604675
140.9692230
80.3337860
26.1839485
21.8363819
22.0940914
19.2129097
34.8071594
45.8260269
38.0936432
25.5334034
21.8742409
63.0382309
134.1652222
166.3183899
123.1902771
48.8099289
19.1794662
12.3826513
14.3605270
38.4807816
62.6780319
58.1297264
31.6926079
10.3222361
3.0361207
4.0686536
20.4283161
57.8016510
58.5498695
49.5583496
48.2646751
52.4366150
37.6607399
18.2696419
14.9057693
25.5737953
46.9419441
65.8109970
59.2184715
41.9598351
22.1538677
7.0280061
18.8168392
72.8200912
121.0356293
113.6403809
68.9249191
30.2175446
13.6548920
9.7501392
17.8725109
18.8870373
13.1432238
14.8950081
36.8690186
79.6653671
103.2966309
90.4590836
72.0696106
69.3756409
61.0232773
36.9289742
9.4779062
1.8239068
0.2111516
2.4937432
42.4703674
112.9674835
161.9067993
157.9364014
100.3799438
40.2032166
12.2836580
2.8569126
3.1519070
0.7284642
1.0280221
4.1324205
10.3387127
12.0175047
11.5433350
10.6683731
8.8593960
6.7541409
5.2820268
3.6293476
4.1923099
4.1314383
1.5694050
5.9916077
46.6277847
98.3737335
114.2431870
78.4019547
24.7555447
3.2080507
0.0497338
1.5965257
34.2627983
103.8906097
155.1460724
165.7668304
132.4036102
81.4538269
44.1948853
18.9411335
11.5640345
40.3273964
81.4139709
124.9066772
120.8127289
99.8613892
87.5146484
79.1942215
51.5453110
24.6529007
52.3607483
102.1312256
94.4183884
32.8933907
3.9354262
0.3235376
3.5549054
24.7490520
44.7917747
33.3255310
10.6867685
6.5955930
8.1868143
13.2351389
19.5649014
21.1813679
18.4366112
16.1704979
17.0219364
30.4712524
48.5612106
65.4453659
73.8097382
70.8876495
75.2873840
85.3534851
86.5915909
76.7263184
63.8143234
46.5506020
35.8711014
24.7157955
72.8274994
127.0496750
102.2119904
51.3744507
19.4916573
13.9236240
23.0635490
31.0720215
36.3232880
43.7948608
54.4816666
59.4565086
73.5871506
88.5947952
100.3471756
76.3699265
60.2308655
50.6015015
66.0733032
49.6603317
70.3713150
58.4840469
26.9488544
9.8117552
2.1553504
10.2330561
24.5065651
31.7189674
25.8417549
32.6969681
76.5061874
126.5028687
146.0059204
138.4453583
108.1884003
74.9713058
33.6755486
12.8851910
13.3034496
23.0735283
33.9781799
53.1872292
90.5353241
114.4932556
125.6452026
163.8684692
220.9275360
251.3113251
181.3940277
87.2041702
26.7221699
5.3304548
4.3756614
17.7508011
31.2055912
21.4109821
2.7041082
0.2422644
0.0433161
9.1449604
73.0123138
170.1206360
214.5432892
167.4689026
65.9847565
17.3702030
1.8094811
0.2314132
0.0957344
50.9509277
226.1028748
329.8175354
264.5657349
110.8940735
99.5154266
154.9353027
185.5632019
139.2557068
58.6997299
28.6115627
30.6079006
31.9025383
49.3415642
86.5007477
110.8405228
104.7189026
88.3741302
69.8076859
53.0428085
44.8458633
106.2895813
196.5480957
168.7891235
56.9814339
19.1641235
9.8677368
9.5006323
50.4673767
162.8555450
268.4277649
301.3010254
204.5339508
72.7305756
37.5124969
55.1224823
99.4779053
75.2615738
25.3232803
12.4278145
12.3095036
10.3035259
2.7329993
2.1654820
9.8484097
28.1642399
37.6046982
36.3124847
32.8156548
31.6377525
33.2327080
36.7460747
35.4258881
27.8375721
16.9736099
5.3433275
1.3236804
16.4177074
128.8730774
253.0428925
276.3454590
216.4859161
160.1358795
127.6827850
66.8675766
20.2436161
21.2061062
47.1056366
79.7928619
106.5014725
100.6230545
59.0864792
30.4656544
19.2307663
9.1434669
2.5793056
0.9082707
0.3181731
2.4667401
20.9607391
52.4216309
68.5571747
74.8401337
75.0585327
78.0845947
77.2461548
69.8290405
62.1038551
48.8728752
33.8724480
21.6503181
20.3322620
21.9054222
24.8628922
23.9250469
46.6134491
100.6057739
149.2005310
148.1032715
117.8255463
69.5360260
37.3479004
25.8079987
20.9824047
17.1320381
11.6237926
32.5439072
87.7988358
117.0799103
89.0060501
50.0116310
28.2394505
15.2908802
64.5976868
223.5997772
402.9450989
466.5948181
452.0825806
405.2707520
292.4414368
158.4468536
48.2375603
23.0170288
26.4070892
30.6832924
21.1123848
8.0534277
6.4607697
19.2600212
43.7337952
81.8954620
92.4937897
69.8165283
43.5916977
36.0392265
90.6378784
145.4056091
124.0104980
81.0866852
54.5020638
55.7541885
72.6865997
84.4460297
49.7682724
18.8397465
6.4023976
7.0349245
8.0522776
25.9736938
96.6451569
178.4516144
197.8611145
166.3787231
153.3116302
157.0225525
139.7521362
92.8739319
61.6903877
63.9004593
91.0819244
118.6419373
132.4795380
106.6885757
89.9763718
124.9109192
201.2779846
214.8711853
149.1742249
74.3679504
64.8199463
64.9614868
89.2403870
118.0953217
98.3915482
48.6089821
19.3573475
15.0122423
12.0031452
11.9417934
27.8449135
81.9463196
117.9740448
103.6748734
62.0997238
28.1032848
12.4633961
22.0467415
72.5590134
145.9548950
173.9246521
129.8413544
92.5976181
77.7739487
62.9526825
46.5538712
29.1931000
20.5491772
12.5422993
5.6309857
5.0741730
17.2900581
33.1195488
39.6564445
35.0422897
26.6854534
19.3812828
14.2403965
13.0159874
10.4433746
10.4420242
11.9213362
11.4798269
12.8123217
18.3837223
22.5753517
17.0080338
7.4223394
1.8825424
0.3782093
0.0540195
6.0169392
48.2913895
110.9856796
189.0902557
242.9305878
229.1146545
154.2700348
88.9509659
62.7795944
53.9249535
44.8312492
28.1120605
22.3587151
23.8416691
34.6149673
74.5294037
135.0402832
172.6666718
186.5863342
160.4651947
128.0173035
127.5067291
137.1298065
92.8269882
45.5480957
27.3492775
30.5513439
47.4559593
75.9962540
94.6754227
86.5305634
74.5649261
69.1612091
56.5100861
35.3710518
23.8161106
29.4215736
42.2683487
64.9692917
53.0898209
40.9636154
25.4161224
16.4843330
24.2652626
65.0828781
145.2317505
173.9754944
139.5359039
112.8186569
93.5483780
62.4410248
23.6361351
6.4607015
4.6963091
19.2037449
40.6377068
60.2426987
56.6176834
39.6938057
19.7439442
12.5320358
23.9128418
67.3820343
89.7909470
70.5576630
63.0046272
66.9575958
56.2761269
35.9077301
30.7797966
28.8104649
21.0431519
12.7208967
12.2233801
30.2404575
69.7687225
95.3239975
93.8947678
85.2972183
88.7219467
82.0656509
48.5915947
8.7572803
1.1613925
0.3366950
7.1593428
35.8100014
74.5093079
97.2810745
100.0663910
93.5662231
77.0179214
48.0902405
26.7750340
17.9228115
13.3024273
29.6638031
39.5399666
30.1383247
25.9957943
21.3752193
16.7257748
13.1971455
15.8670731
47.9640808
66.6529007
54.1113052
27.0310955
13.2384586
11.7520657
9.9341345
8.1452637
6.3170276
4.4742742
3.0637946
2.5748096
2.1912997
1.8918130
1.6632354
1.3931198
1.1121950
1.1919667
1.0532756
1.0784552
1.2132932
1.4781165
1.6195160
1.1552932
0.6841425
0.3522169
0.1605698
0.1204331
0.1877040
0.3960545
0.6657436
0.9202383
1.1709479
1.4779491
1.6717563
1.3787935
0.5132151
0.0599352
0.0048363
0.0002810
0.0000000
0.0000000
0.0000000
0.0000000
0.0000000
0.0000000
0.0000000
0.0000000
0.0000000
0.0000000
0.0000000
0.0000000
0.0000000
0.0000000
0.0000000
0.0000000
0.0000000
0.0000000
0.0000000
0.0000000
0.0000000
0.0000000
0.0000000
0.0000000
0.0000000
0.0000000
0.0000000
0.0000000
0.0000000
0.0000000
0.0000000
0.0000000
0.0000000
0.0000000
0.0000000
0.0000000
0.0000000
0.0000000
0.0000000
0.0000000
0.0000000
0.0000000
0.0000000
0.0000000
0.0000000
0.0000000
0.0000000
0.0000000
0.0000000
0.0000000
0.0000000
0.0000000
0.0000000
0.0000000
0.0000000
0.0000000
0.0000000
0.0000000
0.0000000
0.0000000
0.0000000
0.0000000
0.0000000
0.0000000
0.0000000
0.0000000
0.0000000
0.0000000
0.0000000
0.0000000
0.0000000
0.0000000
0.0000000
0.0000000
0.0000000
0.0000000
0.0000000
0.0000000
0.0000000
0.0000000
0.0000000
0.0000000
0.0000000
0.0000000
0.0000000
0.0000000
0.0000000
0.0000000
0.0000000
0.0000000
0.0000000
0.0000000
0.0000000
0.0000000
0.0000000
0.0000000
0.0000000
0.0000000
0.0000000
0.0000000
0.0000000
0.0000000
0.0000000
0.0000000
0.0000000
0.0000000
0.0000000
0.0000000
0.0000000
0.0000000
0.0000000
0.0000000
0.0000000
0.0000000
0.0000000
0.0000000
0.0000000
0.0000000
0.0000000
0.0000000
0.0000000
0.0000000
0.0000000
0.0000000
0.0000000
0.0000000
0.0000000
0.0000000
0.0000000
0.0000000
0.0000000
0.0000000
0.0000000
0.0000000
0.0000000
0.0000000
0.0000000
0.0000000
0.0000000
0.0000000
0.0000000
0.0000000
0.0000000
0.0000000
0.0000000
0.0000000
0.0000000
0.0000000
0.0000000
0.0000000
0.0000000
0.0000000
0.0000000
0.0000000
0.0000000
0.0000000
0.0000000
0.0000000
0.0000000
0.0000000
0.0000000
0.0000000
0.0000000
0.0000000
0.0000000
0.0000000
0.0000000
0.0000000
0.0000000
0.0000000
0.0000000
0.0000000
0.0000000
0.0000000
0.0000000
0.0000000
0.0000000
0.0000000
0.0000000
0.0000000
0.0000000
0.0000000
0.0000000
0.0000000
0.0000000
0.0000000
0.0000000
0.0000000
0.0000000
0.0000000
0.0000000
0.0000000
0.0000000
0.0000000
0.0000000
0.0000000
0.0000000
0.0000000
0.0000000
0.0000000
0.0000000
0.0000000
0.0000000
0.0000000
0.0000000
0.0000000
0.0000000
0.0000000
0.0000000
0.0000000
0.0000000
0.0000000
0.0000000
0.0000000
0.0000000
0.0000000
0.0000000
0.0000000
0.0000000
0.0000000
0.0000000
0.0000000
0.0000000
0.0000000
0.0000000
0.0000000
0.0000000
0.0000000
0.0000000
0.0000000
0.0000000
0.0000000
0.0000000
0.0000000
0.0000000
0.0000000
0.0000000
0.0000000
0.0000000
0.0000000
0.0000000
0.0000000
0.0000000
0.0000000
0.0000000
0.0000000
0.0000000
0.0000000
0.0000000
0.0000000
0.0000000
0.0000000
0.0000000
0.0000000
0.0000000
0.0000000
0.0000000
0.0000000
0.0000000
0.0000000
0.0000000
0.0000000
0.0000000
0.0000000
0.0000000
0.0000000
0.0000000
0.0000000
0.0000000
0.0000000
0.0000000
0.0000000
0.0000000
0.0000000
0.0000000
0.0000000
0.0000000
0.0000000
0.0000000
0.0000000
0.0000000
0.0000000
0.0000000
0.0000000
0.0000000
0.0000000
0.0000000
0.0000000
0.0000000
0.0000000
0.0000000
0.0000000
0.0000000
0.0000000
0.0000000
0.0000000
0.0000000
0.0000000
0.0000000
0.0000000
0.0000000
0.0000000
0.0000000
0.0000000
0.0000000
0.0000000
0.0000000
0.0000000
0.0000000
0.0000000
0.0000000
0.0000000
0.0000000
0.0000000
0.0000000
0.0000000
0.0000000
0.0000000
0.0000000
0.0000000
0.0000000
0.0000000
0.0000000
0.0000000
0.0000000
0.0000000
0.0000000
0.0000000
0.0000000
0.0000000
0.0000000
0.0000000
0.0000000
0.0000000
0.0000000
0.0000000
0.0000000
0.0000000
0.0000000
0.0000000
0.0000000
0.0000000
0.0000000
0.0000000
0.0000000
0.0000000
0.0000000
0.0000000
0.0000000
0.0000000
0.0000000
0.0000000
0.0000000
0.0000000
0.0000000
0.0000000
0.0000000
0.0000000
0.0000000
0.0000000
0.0000000
0.0000000
0.0000000
0.0000000
0.0000000
0.0000000
0.0000000
0.0000000
0.0000000
0.0000000
0.0000000
0.0000000
0.0000000
0.0000000
0.0000000
0.0000000
0.0000000
0.0000000
0.0000000
0.0000000
0.0000000
0.0000000
0.0000000
0.0000000
0.0000000
0.0000000
0.0000000
0.0000000
0.0000000
0.0000000
0.0000000
0.0000000
0.0000000
0.0000000
0.0198984
0.1766718
0.4715677
0.6737824
0.6093183
0.3861370
0.2338564
0.2426578
0.2867908
0.3385454
0.3123708
0.4220426
0.6397748
0.9407874
1.2392076
1.4437317
1.8832204
2.2354233
2.4647040
2.4483366
2.0366695
1.5803937
1.6223915
2.3462296
3.4836032
4.6899910
5.8202653
6.7848086
6.0558734
3.8096936
1.4962444
0.6664771
3.7248566
19.1465569
51.3335457
83.7606583
100.8438416
89.0333176
64.2327423
37.8768806
75.4280701
240.9402161
426.9769897
471.1705627
386.9335327
274.6948853
174.5505981
84.4335861
56.6116066
36.4094849
32.0741043
58.2210884
64.7234802
66.7581177
80.6605530
125.5395355
123.0553207
89.6924362
55.5983315
37.6709137
18.0059700
5.1768308
1.5912328
2.2147405
8.5782871
16.3333130
27.4201164
72.5977554
147.4867401
210.7493286
207.3824463
148.3030853
73.6151657
47.9959984
25.6256752
10.6177025
32.9300461
97.1561432
146.8426819
129.1596069
101.8483124
61.1110954
36.5716820
27.0291367
19.8821983
16.0786819
13.4594727
10.7928753
26.2004566
57.9952164
67.2919769
47.8489151
26.6737556
12.4510403
4.0999703
4.5906167
14.0099058
10.9795895
2.9493353
1.6800843
1.1077503
1.4428270
23.5937977
82.1887741
133.0092621
129.8160248
89.0298462
52.2330666
58.2444458
64.9390945
54.5366592
52.2970810
34.9902229
17.6169815
7.0133328
3.4870694
3.8499486
38.3023529
113.6758957
188.4865112
228.9893951
219.8069305
209.6271973
174.0746460
128.3712311
99.1316299
76.6522980
109.2674026
209.9304352
169.7389374
110.9457855
47.9012604
18.3900757
13.1545811
2.4498398
0.2217753
1.1400610
5.5771265
9.2480106
10.0899105
8.8681908
7.8943081
7.2544088
5.8767509
3.8956621
6.2947826
29.9230919
117.3734589
267.5613403
400.3770752
399.9045715
264.1468201
169.8763123
108.9207382
51.5766792
10.5752602
53.1623650
133.2051697
211.3032227
243.2904816
181.4801483
86.4103394
37.6299629
41.2052383
39.0892181
17.1475067
25.5901108
67.4124146
107.2748566
64.7529297
20.0632954
29.5326653
54.6935349
70.4965820
66.7137451
84.3545532
122.9239731
150.3242950
132.8161621
103.7688370
101.1896439
86.9091110
46.6831512
19.3666515
51.2546883
112.6696777
129.9883423
54.8400116
9.7510862
2.1034815
6.8473372
58.1439667
178.5419464
277.2115479
288.5199585
235.3111572
152.9036865
85.6882706
27.4113216
12.1202393
5.2755089
2.7591228
2.7918570
13.8112545
52.4713669
89.4023590
112.6562042
117.3436508
106.8420410
94.7316208
86.5190735
99.6045837
145.6573944
182.6663361
210.5638123
175.5308838
96.5178223
35.0866470
18.6030083
18.9732246
19.8532257
24.9567490
23.4410686
13.1953650
13.6360588
20.4993038
54.6182480
115.3089218
172.2572327
201.7952881
186.1529999
154.1113586
148.6254272
138.8920746
110.2545090
85.9932251
146.2387848
197.0496826
143.6410522
70.0684662
163.3471069
133.3421478
90.8459396
79.3100739
127.3448105
50.3369827
6.7313824
1.9630139
7.6730442
20.7632790
28.8977394
22.6701469
36.9017830
88.0196381
139.0493469
144.6185913
102.5904541
61.5382347
37.3297195
26.2645512
42.7037354
55.7831764
58.0501976
42.1107330
6.1550159
1.3085471
9.3660851
38.2421570
92.0863495
130.7170563
154.2067261
142.1605072
89.8260727
50.9987869
39.8605042
39.1566696
35.1350327
12.4614820
4.0523977
1.9317219
0.7809262
3.3634996
4.4952121
2.7233322
0.8315207
2.0228689
18.4503860
68.4287033
137.5387573
188.0229187
204.4776764
170.0423126
126.0792999
79.1345596
42.4482918
13.9518900
4.4155970
7.0063453
17.4089355
16.0821686
12.0102673
12.6959076
15.5054646
20.1727753
42.3687820
99.8122177
162.0213623
176.6505127
126.9845734
89.6670837
104.8923950
135.2453918
149.8087616
122.8549957
88.0633621
46.0241699
67.7891006
84.6943512
87.8208466
143.1820984
191.5239258
162.2634888
106.8476257
72.7410049
39.5266647
39.0806808
89.3818893
47.8888969
21.8706207
14.2993755
44.5405617
127.4800644
149.4684143
110.5671310
81.4828796
89.7723007
99.5233459
84.4012146
57.7427673
41.6036720
18.0261612
8.0668583
4.1524911
1.7480893
0.5600610
20.4499588
88.4927521
188.8433685
266.6362305
250.3698883
163.3585205
70.6236877
49.9680862
42.8130646
26.2685642
16.7285061
25.4233341
17.1402435
25.6319733
35.6996651
40.6848717
40.9099426
55.4137306
106.0791931
142.7887268
109.4834900
52.7045975
20.4826069
6.4634161
1.9194150
1.6603315
2.7766843
8.9635792
16.3644524
21.3201447
21.1582222
20.2434998
20.4338932
21.3495579
21.8925133
20.3827553
12.8225822
6.1927466
15.7475605
68.7116470
166.4689331
219.2301025
176.3557434
74.8531494
22.7904377
13.5131092
20.5399494
35.4709320
43.7569885
38.1051941
43.0989227
103.4915009
224.6316986
331.3425903
333.7331543
260.3776245
156.4086609
69.3531189
35.4567146
37.8198776
28.6052437
14.3875198
16.8203869
39.5450897
83.2996979
155.7565613
218.0620117
202.6868286
137.5147095
83.3323364
97.9436951
82.1083755
39.7278061
15.0636387
6.8051877
3.2945030
7.5597725
37.3603287
85.8054504
103.5764160
87.6857910
39.5678749
18.9015121
1.8365973
2.0023587
12.6279984
35.2047882
46.3405304
46.2088470
37.5347557
19.5556679
6.4743571
1.2184305
4.3569736
61.2185364
179.1127319
212.7114258
130.9124908
44.7390137
37.0031624
45.0141411
51.2507248
49.0995979
28.5464268
21.5694408
78.9580841
148.5924377
151.0140839
120.1692886
99.3240891
78.4020691
34.8507462
8.9662533
3.2870378
15.7055044
33.0163460
42.7717361
47.4598160
43.2279739
27.8237343
15.3154411
37.6693420
99.3207779
164.4037628
176.3049164
131.0068054
113.5543289
93.2674255
78.5606308
47.0916023
17.2743969
25.4765625
37.5412292
40.5432549
34.5599365
21.7770920
41.3425713
112.8615265
163.7194366
128.5077972
59.1999168
17.4913044
7.2669983
9.0156765
18.0400314
40.5104752
72.4570999
51.0403404
13.8828554
17.6488075
32.4380608
40.5506210
35.8243790
26.9131393
30.2618237
98.4641800
181.9961395
169.2531433
88.3904114
15.0775118
9.5086708
29.5150948
63.1234818
121.8212738
142.6848145
127.5215149
108.2481308
123.3245392
149.5355225
118.5249329
42.0914612
13.9901056
3.4011424
1.9237298
6.1015635
27.7684155
44.9567299
73.3062134
111.8703690
135.2761078
116.2655106
67.5156021
36.6283951
20.3398666
29.5966320
79.7415314
86.4523087
44.7616158
13.5205584
4.0810809
1.4144369
1.1708816
8.2230492
52.9489441
121.7842484
180.2580261
199.9072113
169.3305054
136.2813721
123.5086823
118.2927170
62.9019737
16.8939896
14.4022789
29.2194080
45.0610619
57.4076691
70.3416061
67.5303497
49.7198944
26.0927029
14.1637287
4.7677946
6.8596926
24.0592308
46.4627571
47.4072571
35.7324524
26.8864517
24.4631996
23.0648384
19.1544762
13.9582481
4.5023379
1.6808686
0.5673475
1.3396847
46.8225327
142.6777344
224.0419159
222.9521027
157.1258698
147.2928619
227.9002991
235.8878479
126.6023483
74.3833237
137.1596680
255.7676392
310.8122559
288.9671326
203.7144012
92.9170990
25.4848480
20.2208118
38.4409332
70.1533737
100.1247559
84.7064362
71.7162476
103.9648590
170.3650665
185.9339752
120.4667206
49.5327759
32.9892044
19.0221119
15.6938152
13.2419205
9.0141573
13.8813343
25.2921867
45.6953316
106.6841431
180.6219330
231.6722565
275.4937744
305.1869202
300.5995483
311.0659485
388.8098145
470.0718079
450.1368103
387.0177612
330.0102539
233.5441132
98.9706116
18.4833355
10.8162088
32.4491425
122.1892471
195.6169739
171.9707031
120.6060333
87.5081024
76.8861542
92.4521332
179.0301819
312.7301636
321.0456238
246.3039093
255.3962860
272.3757629
348.5452881
460.4578857
375.7911987
144.9929199
60.1656036
16.6547546
5.5275135
5.6751761
6.7258425
23.9382820
96.6988754
175.0250702
196.8251038
200.8614960
220.0965881
225.0479431
158.5354462
133.1858063
79.2038040
39.0393600
9.4866171
2.5218143
0.6948127
2.7251070
37.3282776
85.7299271
106.4450226
78.1472702
30.6616974
9.2968359
11.2880735
19.7701550
29.3825264
23.0308933
8.4349012
2.0667102
2.4823523
2.8599606
8.5561829
55.8475533
156.5370483
241.1541138
257.2872314
227.3970947
192.4300537
168.7153625
136.3097382
103.0344238
81.1090393
76.2618408
75.8233490
64.7389832
63.6107101
59.2945099
49.3446541
36.0740318
30.2790451
14.5301847
9.7582073
94.2589798
369.5571289
670.4710693
756.7575684
577.3742065
296.4288330
162.2698975
193.9871368
184.6110687
86.1340485
21.6647778
17.6993771
40.2820969
108.7012100
133.4522247
119.6149292
91.8698502
83.3455124
65.2525711
34.8731384
16.7575989
7.5621953
11.5238466
77.0752106
205.9254913
322.1726379
391.3771057
412.6468201
415.9883423
371.9252014
339.2415466
338.6383972
316.4454346
184.1624908
51.8046036
7.6070404
2.5290849
27.3767796
113.4295120
169.0175476
118.1876984
45.0064468
26.0960732
21.5679874
14.0476437
17.1192780
27.6995125
35.5944901
62.1045647
118.9735107
160.8002930
195.8383942
234.8665466
254.7096710
230.5061035
159.6965790
112.6067429
62.6039085
24.2728958
16.2786102
49.7884216
148.3077850
188.7265015
123.1300507
96.0452881
120.0381699
109.8433380
63.9837494
72.7187653
130.0477142
100.0562363
65.9715424
41.3394508
18.9691296
15.3081131
18.1653042
47.9096489
101.8089828
133.7386475
114.2637100
58.0158577
11.4586506
6.7797084
7.9503555
8.0174990
2.6619878
3.6523969
7.2778444
9.9353409
8.6036053
5.4735465
23.3209000
77.0128021
146.2410889
214.3240356
263.1408997
227.0358887
106.9207077
53.9942245
87.9142685
141.9281158
131.0830536
31.9316177
6.3982210
1.5021083
6.5636158
28.9677467
50.3144455
37.6632614
29.8952293
31.2118282
32.9431152
24.1896439
14.0153484
11.2983427
11.0459232
7.8228660
4.1043754
2.0765541
1.6966165
3.1210592
4.6283188
4.0158901
6.8269653
7.7762527
8.1018000
7.8176274
9.2101316
12.7426157
16.4147224
20.1344452
26.7885075
34.4014435
37.0075951
39.2899361
50.1655846
62.1249542
76.0653610
108.8673706
141.9170837
159.2444305
176.4877319
174.3443298
170.4622955
119.2646790
63.7389565
43.1124649
42.0894737
40.7556534
37.6819000
68.1650085
125.0550842
190.1362915
231.0196381
210.2015839
118.0456314
36.6364594
5.7581868
3.5670400
6.8874617
8.4920034
35.6758232
84.5134048
153.3408203
224.4629059
249.2804108
202.1084900
153.6381226
113.0923462
155.6204834
186.3097687
201.6402740
256.8570557
273.2021179
187.9992523
79.5811920
12.7971926
6.1833935
2.9755192
1.1473014
1.3940073
5.7323685
12.0484228
15.9241800
17.3379078
16.8223915
13.9104843
11.3249950
9.4023037
7.9857950
9.3437328
13.9229565
21.2340584
23.0230827
14.8990450
10.6658621
53.8187943
181.5156708
305.3560486
314.3957825
213.1029816
106.0455704
49.1983566
38.9411850
28.2521992
21.6485405
14.4458055
46.1380768
153.9094238
276.7169800
333.4028625
299.5583191
244.2269592
195.6684570
142.7682800
105.9587860
115.0270233
148.8729401
114.3816223
42.2679596
7.7627363
2.1316974
3.7391841
4.0466633
1.1959932
0.9170285
3.6045954
8.6967859
9.6190767
7.4233856
4.9851780
2.2796359
1.0284106
0.6657461
0.3992930
2.5360363
8.1708241
14.5389633
20.7360935
44.5664673
111.9113464
212.6521606
275.0262756
215.4375153
95.1253815
11.9355459
1.6055551
0.3620738
0.4198966
28.1420040
160.6020508
392.6030884
565.7824707
544.8786011
365.3190613
199.6411438
124.5665817
54.0595398
46.7687378
34.8452568
17.9495640
21.5236855
24.5252037
14.1846924
47.3820496
129.5064240
185.3085938
156.2178955
79.5731125
51.3963547
38.0621796
62.8622169
38.5386238
11.6957150
22.8590469
74.7730942
160.4678345
251.3896790
337.8931274
379.5094910
323.1752319
212.7356567
129.5030060
88.7768097
53.0781403
25.3422775
6.2399397
10.8709974
45.8539581
135.6985168
186.3763428
231.3970337
227.7485504
149.9024353
57.1838036
33.3281898
26.5275612
15.4968119
37.0991211
110.9553909
143.6494904
136.6183777
122.9086380
112.7129593
94.0830994
165.9739075
373.0512695
474.1156006
316.7089233
107.4128036
34.3462906
129.1019287
397.2248535
372.3702393
147.9634094
83.5241394
87.9278717
118.4383316
142.3055725
205.2042542
267.7938538
315.7592468
304.2382202
270.1079712
198.9039307
98.2802658
32.4049835
15.0379562
11.6152134
12.4754992
78.3577118
234.9246521
329.5088806
280.5184326
148.7476807
42.3194427
36.0877266
53.4634857
66.3779297
177.8811646
249.5173950
208.3325500
159.3951874
103.0665970
26.3805370
20.4733849
112.7965698
328.4533386
458.2683411
378.4122620
270.8974609
202.0169220
143.4902649
89.8576813
96.3064041
143.5023346
158.5252838
102.8980484
29.3447819
28.6726074
47.8993454
80.7770615
132.9270325
183.6013794
201.3201599
178.1098175
120.1520920
51.0271530
36.7708397
113.7526779
215.6061859
310.2996826
327.7775574
193.4882660
55.9113083
27.3198433
63.2500877
242.3392029
315.6962891
256.7771301
185.0729370
132.1172943
159.0635681
196.2006531
173.8505707
127.8631439
91.4441681
95.5394058
97.4996490
124.4182739
136.4442596
117.6716919
60.0854416
27.0215759
61.9891434
144.0946045
214.4443817
174.5987549
79.2120819
40.8662071
25.6427917
15.0293846
13.6879387
68.9246368
151.8488007
172.5033264
114.2603760
59.0721207
37.8486290
42.8168640
52.4243050
53.9211731
49.4031563
52.7041893
135.2679443
245.9703674
258.3890991
185.3924255
136.3842163
163.6137695
96.6576309
16.9199085
3.1767316
13.4921761
68.6338425
139.4510651
114.2852936
86.2406082
71.0291672
57.0001373
86.8637238
96.0794601
54.1942024
14.7715063
31.2755470
80.0436707
99.1719055
82.2166061
42.7338753
11.2845440
2.6399317
0.5442139
1.5755694
24.2649460
60.9122543
65.6059265
56.6873741
53.6357956
54.1753387
59.4239998
51.1424294
24.6831722
32.9463043
36.3520432
30.1182671
30.9012127
55.7291107
49.6045914
35.2826424
27.4754353
16.6485386
6.5415416
5.3893461
57.6219254
180.5419006
263.8702393
270.1535950
232.6019745
157.5400238
90.7140961
90.0661011
136.6295624
184.9651794
188.3946381
156.7896423
138.5661774
119.3849106
98.7844620
89.7406693
130.9318085
173.3436737
158.5543213
125.6494598
80.2242432
40.1759911
22.4581451
18.1342125
12.0545015
14.7125463
47.8398094
138.7427979
241.3039246
276.5581360
219.9295502
126.9235916
74.2012787
49.6634026
39.3343048
11.2978992
2.1259999
0.7966678
0.9949216
9.2634630
32.3739777
43.5201340
28.5885506
9.1027098
4.1883912
6.7197409
9.7379274
12.0533218
12.1086950
11.7724037
11.0545454
8.9587154
7.3756080
6.4868922
5.2008858
4.0309696
3.1037188
2.5294700
2.3274608
1.9747758
1.1257447
0.3467334
0.2852962
0.7696266
27.0647697
127.4117661
266.5941772
342.9652405
332.7736816
287.8364563
205.5683136
104.6847305
32.3036308
4.7907801
0.4636887
1.1139619
7.3710580
16.9949799
16.7319984
21.6637440
50.3643570
85.4555054
98.0865402
76.2441330
51.8371468
47.9809723
36.0105896
13.9096661
2.3380926
14.5137758
50.0139694
87.0259857
99.8959808
106.7726593
126.3720398
135.7735443
150.8217468
145.2075806
116.9537201
74.5060349
48.0841827
39.3727570
46.5531082
26.6729527
40.0819778
110.9852600
134.1325684
129.4674988
105.4203720
99.5757828
130.6599121
87.5242615
50.1470833
13.3250160
4.9496846
0.6074870
0.2931059
2.7406750
8.6047649
7.9088211
4.4535880
1.9123924
1.0745537
0.5722657
1.7884289
8.8750639
35.6064224
89.6909561
135.7493286
116.8284225
43.8370094
5.4473429
1.1918917
0.3135195
0.2721724
0.6975596
31.4931870
109.1827087
185.9704895
193.4531097
138.9561005
98.3342743
69.8449402
41.9521179
17.8219852
9.4571905
11.0398951
7.4493685
1.6547170
0.1450607
0.7686717
23.2317600
68.5604935
99.7514954
103.6404266
74.6094208
53.1723824
37.8816833
26.9926109
18.4293022
16.8270168
30.1581345
64.2200775
69.2789536
48.7430305
27.9573917
27.8987598
35.6208076
98.5530396
190.0787659
201.3359222
133.3006592
71.7358322
26.3420105
12.7227211
11.4382067
34.0982704
110.6249390
134.5529633
73.8937378
48.2285347
77.3970108
125.3696594
111.8229141
36.4853745
5.8824043
10.2217760
39.8823891
73.8714294
88.0714417
78.4284058
67.1716843
57.0135193
53.3977814
52.0093231
31.9758530
28.4429207
37.2236099
50.4367905
63.2644348
69.3556442
53.9427414
29.1790771
74.8559723
197.7132721
285.2900696
236.6308136
132.0751648
73.6705246
53.2768135
35.2326088
18.0830803
32.4574890
29.4122543
70.6932373
171.6202850
243.5825653
244.0066528
207.7605896
164.4540863
112.1474991
92.7816544
67.3664093
117.1322632
105.0262146
64.2343216
36.5088692
69.8371964
54.1063309
26.2275200
39.5997391
43.7272072
39.1998291
33.9057121
25.3050957
18.6152229
14.3702087
46.5162392
89.4749298
76.3411102
32.6434288
6.3362150
4.6015687
8.0274401
13.2381001
12.2061033
5.3334856
2.5784779
1.6589254
1.6616418
1.0971068
0.4783813
0.2030896
0.6746628
20.8592720
74.4253540
137.2056885
173.1418304
180.4980469
160.0154114
128.6807709
91.5142975
63.2866325
56.0184288
46.8400612
31.6492271
54.4496040
76.9632416
55.6586647
15.3390999
0.4527339
0.4714836
2.0068903
3.9862826
3.5380449
30.8807926
93.2043076
126.1927261
86.8306122
26.3671112
14.0036783
12.7395697
21.6136990
49.3533249
74.9303360
61.5996933
37.3347092
45.0588913
38.4558258
27.6625595
14.0542011
15.3264713
28.4653912
35.6501961
25.6793842
21.0552139
14.3157043
10.3909597
6.9007382
3.6909637
1.6355367
1.2147895
6.1145120
36.6422424
85.6881866
112.9927139
94.7123184
57.5983772
28.8156452
23.0909195
22.5679340
13.4932003
5.8979440
3.9525061
10.9268274
18.3410854
24.8212852
68.7894440
145.4251862
188.4571991
151.1498871
79.7132568
22.4595280
8.3643579
17.6499062
46.5474548
69.2031021
56.4117088
28.9130898
13.4347420
4.6939449
2.0463367
1.9083898
0.8340641
0.1863338
0.1332078
0.2820820
0.2566774
0.1924419
0.1982529
0.3169218
0.3793232
0.3534420
0.2800984
0.3325899
0.3787470
0.4979514
0.7314377
0.8387313
0.7227520
0.5286593
0.3858574
0.8127552
2.1058223
2.9442928
1.9397368
0.6015197
0.4072987
0.2887832
0.2253772
0.3831732
0.6042503
5.5871706
31.3394470
91.9899216
172.4692993
241.8576660
249.8359680
177.3870697
89.1068573
26.4893684
47.8754044
75.3028717
114.2193527
94.3867874
62.5505219
46.7417068
22.9445171
21.7683086
50.8604431
79.6388321
106.0778351
116.2583084
86.5234299
40.1147385
19.8148613
33.3743210
145.9208832
290.2522583
317.7957153
185.8989563
42.7458572
6.5366430
1.9166949
2.2561378
17.9636421
120.7248688
226.1720276
283.7200928
233.1696167
132.8416443
84.9733353
58.5758667
54.7453346
33.6971741
19.4538708
11.3408680
2.7471027
0.4344106
2.2672329
9.0639000
17.1433239
20.5130711
19.6747360
16.6773281
12.5859661
9.9690514
9.6754017
9.8348970
8.4192581
4.2385125
2.6443794
9.1147356
47.4809456
110.0620041
134.5820618
90.4173889
29.7398529
12.6396208
9.2633018
22.8655491
52.9001083
55.6883087
26.1701202
15.9852467
68.5169220
151.9918671
171.5193481
119.4485474
83.5036163
125.7982864
130.6591492
55.9989548
11.3037472
3.1901016
2.2694628
18.9705143
38.4722099
28.2939835
17.5473557
12.7900124
6.2221198
4.1771913
4.4971972
1.0877291
0.4899516
0.5153559
0.6272565
0.7974442
0.8806759
0.6147948
1.0210830
1.7331052
1.4148617
0.5399671
0.8987657
9.4262466
43.3093109
86.6326218
97.9658737
74.5641479
62.6957893
50.2152176
27.3226566
8.6709566
3.8644922
1.4576422
0.3904912
0.4406726
0.2808179
0.3433923
0.3721584
0.2959645
0.2609440
0.2855650
0.4021047
0.3867202
0.4211299
0.4563643
10.4622374
41.8509254
76.6629181
122.5202789
226.9826202
408.8927917
523.6429443
449.3497925
230.4912109
52.3609161
19.7763405
15.0688868
15.1765404
11.4076309
7.5491333
5.5009608
3.6835766
7.6056314
32.9373169
67.3260956
73.6953125
54.5768204
33.9623718
30.5848293
16.7734528
6.7717252
5.3459377
23.8893127
78.8078918
115.9845428
106.2986908
59.7886505
29.2637882
24.8158321
15.1364431
6.7967863
4.8502140
7.9662280
15.5044289
26.7013474
45.0742874
69.0910568
98.3051224
128.9281006
141.9283752
123.0139923
74.5703201
32.4064026
15.9138355
9.2808256
8.1468954
4.7122645
2.8794670
2.4974933
5.0126719
6.8923035
4.7783108
2.1967204
2.6109014
5.6519594
6.9799285
6.8935804
6.8137341
6.7787037
5.7912941
3.5683918
2.6505675
2.2867446
2.2209468
1.5663170
0.9797453
0.6936955
0.5504735
0.5107689
0.4120136
0.2665937
0.1775408
0.2439188
0.3469813
0.2468219
0.1969934
0.1498883
0.0922518
0.0311162
0.0018320
0.0000086
0.0000000
0.0000000
0.0000000
0.0000000
0.0000000
0.0000000
0.0000000
0.0000000
0.0000000
0.0000000
0.0000000
0.0000000
0.0000000
0.0000000
0.0000000
0.0000000
0.0000000
0.0000000
0.0000000
0.0000000
0.0000000
0.0000000
0.0000000
0.0000000
0.0000000
0.0000000
0.0000000
0.0000000
0.0000000
0.0000000
0.0000000
0.0000000
0.0000000
0.0000000
0.0000000
0.0000000
0.0000000
0.0000000
0.0000000
0.0000000
0.0000000
0.0000000
0.0000000
0.0000000
0.0000000
0.0000000
0.0000000
0.0000000
0.0000000
0.0000000
0.0000000
0.0000000
0.0000000
0.0000000
0.0000000
0.0000000
0.0000000
0.0000000
0.0000000
0.0000000
0.0000000
0.0000000
0.0000000
0.0000000
0.0000000
0.0000000
0.0000000
0.0000000
0.0000000
0.0000000
0.0000000
0.0000000
0.0000000
0.0000000
0.0000000
0.0000000
0.0000000
0.0000000
0.0000000
0.0000000
0.0000000
0.0000000
0.0000000
0.0000000
0.0000000
0.0000000
0.0000000
0.0000000
0.0000000
0.0000000
0.0000000
0.0000000
0.0000000
0.0000000
0.0000000
0.0000000
0.0000000
0.0000000
0.0000000
0.0000000
0.0000000
0.0000000
0.0000000
0.0000000
0.0000000
0.0000000
0.0000000
0.0000000
0.0000000
0.0000000
0.0000000
0.0000000
0.0000000
0.0000000
0.0000000
0.0000000
0.0000000
0.0000000
