0.0000000
0.0000000
0.0000000
0.0000000
0.0000000
0.0000000
0.0000000
0.0000000
0.0000000
0.0000000
0.0000000
0.0000000
0.0000000
0.0000000
0.0000000
0.0000000
0.0000000
0.0000000
0.0000000
0.0000000
0.0000000
0.0000000
0.0000000
0.0000000
0.0000000
0.0000000
0.0000000
0.0000000
0.0000000
0.0000000
0.0000000
0.0000000
0.0000000
0.0000000
0.0000000
0.0000000
0.0000000
0.0000000
0.0000000
0.0000000
0.0000000
0.0000000
0.0000000
0.0000000
0.0000000
0.0000000
0.0000000
0.0000000
0.0000000
0.0000000
0.0000000
0.0000000
0.0000000
0.0000000
0.0000000
0.0000000
0.0000000
0.0000000
0.0000000
0.0000000
0.0000000
0.0000000
0.0000000
0.0000000
0.0000000
0.0000000
0.0000000
0.0000000
0.0000000
0.0000000
0.0000000
0.0000000
0.0000000
0.0000000
0.0000000
0.0000000
0.0000000
0.0000000
0.0000000
0.0000000
0.0000000
0.0000000
0.0000000
0.0000000
0.0000000
0.0000000
0.0000000
0.0000000
0.0000000
0.0000000
0.0000000
0.0000000
0.0000000
0.0000000
0.0000000
0.0000000
0.0000000
0.0000000
0.0000000
0.0000000
0.0000000
0.0000000
0.0000000
0.0000000
0.0000000
0.0000000
0.0000000
0.0000000
0.0000000
0.0000000
0.0000000
0.0000000
0.0000000
0.0000000
0.0000000
0.0000000
0.0000000
0.0000000
0.0000000
0.0000000
0.0000000
0.0000000
0.0000000
0.0000000
0.0000000
0.0000000
0.0000000
0.0000000
0.0000000
0.0000000
0.0000000
0.0000000
0.0000000
0.0000000
0.0000000
0.0029213
0.2782589
1.0295936
1.6769173
2.5409765
12.0829258
25.8784370
33.1377831
54.0091820
98.7562180
151.3105316
172.3417969
141.5645294
90.4432144
56.4916458
33.0126648
53.8240814
101.9353027
182.7756653
202.1889801
158.9102173
114.8560715
105.9323807
167.9868927
166.5562286
121.7552414
77.0494232
35.8515205
43.8299675
104.6449966
96.8153229
50.9814873
103.9880219
116.4339828
114.4340210
121.9680176
116.9547577
98.4178619
79.6259003
79.4989548
100.8381653
111.3926926
115.0484772
124.1734848
120.9270630
99.2195511
76.1978149
84.9266663
109.9907837
124.7458725
100.7541580
64.9244003
52.0486755
72.4123459
59.5124474
46.7468376
89.4630661
121.0221863
106.5816422
60.5110435
87.3177719
171.7137604
202.4952393
208.5976868
173.9964294
120.8937302
102.7111664
101.6443024
109.1046219
96.4241409
82.6695709
93.8278961
123.8997192
156.5787811
187.1510315
199.7538757
165.8128510
106.2250977
31.2260361
10.4374247
17.3160954
14.7265701
13.5661678
44.3207970
84.0978928
90.5753174
76.7144547
71.6659317
62.6136742
53.9514084
44.5327339
41.9494705
46.9950371
54.6817017
57.7677956
56.6834221
55.7021446
53.6002388
49.6547394
47.7395210
48.7096596
47.3261108
51.2717819
46.1617088
46.2353592
40.3304138
42.8293381
44.0420837
51.4553337
43.1874466
23.0343590
5.7464638
5.4840059
16.5840645
51.3669395
120.6260529
197.2613831
243.4232941
235.9863586
213.5288391
203.9833679
209.5872955
231.2303009
225.6745148
204.2345886
191.1050262
182.3260193
153.4645386
113.7066040
114.6797867
213.5829163
323.7568054
276.1894226
169.9397888
114.3323593
71.2077332
47.1121368
27.3540459
26.7136784
30.5201492
95.7819977
132.5168915
110.3477783
63.8794174
39.8743629
46.8939552
90.4401474
71.5869751
57.0817146
36.5731964
21.3241768
22.0740204
68.6160736
44.2812614
13.6500244
16.3157234
8.3642855
3.1825383
5.6860452
15.5928268
26.2270203
31.5208778
38.1931305
40.5979652
38.7373276
35.5504799
35.8695908
39.7427063
37.9913406
33.7970161
26.5323448
16.1859322
6.4536657
1.2724448
9.9925833
38.3152657
51.9365692
46.8383522
45.5500679
74.1533585
120.7456360
149.6920319
146.3300018
121.0696640
106.4819183
92.0807648
116.4835815
153.9956360
88.8562775
27.8543663
16.9801598
9.0806789
17.4323978
67.6676941
118.2758560
113.3024673
91.9633942
87.2315674
86.2737808
72.1286545
66.3659821
64.1435623
46.7277718
28.3540688
25.0164871
24.1699142
17.1767273
22.0988216
69.9364319
114.8530350
139.0467987
124.1328430
86.5385437
43.8453369
22.2280750
11.9356356
12.0769825
49.0594788
89.6516495
69.2964783
20.5986824
6.8484988
2.3710577
13.8557291
40.6469574
54.1417389
38.6494293
36.8308220
59.2758141
91.1773376
95.4301529
67.7101517
46.9783363
37.8627014
53.3153000
89.2268143
98.9042816
91.8505478
81.2708054
70.7605515
69.5848236
89.5017853
115.2361450
131.1054535
134.6700592
116.9283752
104.4980011
88.7067490
70.6781540
56.8408852
41.5776520
29.6199932
21.8084126
9.3065338
4.1429672
46.0319099
122.0119858
198.4653931
222.2310028
178.5621643
116.4162598
86.5576782
62.6921463
49.9478416
64.6159363
52.4625969
22.5659542
7.9521141
1.5445247
14.2686768
68.1104889
121.5982895
114.0993576
87.7919617
81.1048355
89.6063843
90.8850861
74.8939285
49.7753029
32.2196045
18.8339005
6.7425370
11.3564568
33.0298386
33.1496735
20.8016644
7.2763152
0.6883020
0.2989562
0.1370924
0.1940705
0.6647770
2.8942323
3.5730090
7.0889692
16.9342518
28.1755772
33.0460777
31.1330814
26.2172413
20.7477283
49.9274139
108.6197433
132.3660583
118.8093491
121.6351852
132.1584320
122.7709198
97.1061020
67.6760864
43.1334991
65.8494949
92.5075607
74.5573654
51.9349670
30.3617382
16.5095081
14.5515118
15.2707357
32.8432007
87.2206802
129.2326050
123.5679855
116.6985092
126.9026108
125.9515839
93.2994614
63.9611740
56.3762627
58.9671135
55.9693527
42.8890953
27.6924515
25.4331875
31.6924877
30.7605133
27.2950287
17.1725998
6.5472932
1.2171538
8.1942205
66.6533890
113.7521896
89.2234650
53.0837135
37.6692886
40.6804390
52.5875587
42.7155380
33.4766769
39.5296707
34.6589127
47.5362816
56.0474777
44.5049286
29.0376644
22.8873825
20.6069756
20.4880791
21.1803932
19.3514996
16.2974377
13.7902012
11.0445261
7.1109247
4.1024027
2.6182764
2.0561340
1.4668956
1.0357403
0.7169339
0.4308181
0.2547913
0.1865023
0.2943734
0.4662389
1.0243988
1.9229784
2.9119024
3.2667146
2.8597996
2.1709998
1.5551184
1.1973112
1.1786913
1.1882521
1.4668562
1.7954618
2.1425424
2.4030623
2.8142130
3.2052112
2.8163362
2.2583501
2.1434157
2.4003284
2.5634205
2.4916947
2.3626192
2.0910406
1.5243039
1.6393698
1.7519604
1.7493434
1.6526752
1.5057325
1.3586801
1.2081054
1.0501149
0.9668055
1.0756592
1.1794136
0.8838326
0.6610123
0.5174363
0.4682575
0.4185065
0.3420649
0.3969097
0.4405149
0.5188270
0.5729612
0.8048099
1.0689398
1.0646446
0.7432373
0.6452774
0.5428557
0.4653386
0.9007452
6.3395596
23.2278099
45.9035072
77.0127945
108.0414810
135.1036987
157.3676910
163.6675720
149.1889801
101.4038162
56.7516441
45.3060646
43.7782555
20.3462582
7.0435901
6.6344085
30.8439503
95.4816589
98.8111572
72.5503922
50.4359856
30.5109272
28.9275551
28.8138008
20.8179665
16.6121254
21.3616714
23.1607132
43.2667313
84.8427353
96.4776154
86.9325409
65.0376892
45.3132896
25.3530197
14.1028309
22.3227253
63.5632629
65.2307510
29.7112484
9.1023026
4.0317593
13.7855072
32.9762764
56.3516960
65.9726486
56.6952782
53.4591675
61.8644180
78.7359390
85.4304428
67.2861938
42.7724266
23.2962608
16.9805164
24.6279793
44.9120522
72.1043549
77.7476959
67.8568726
61.0215797
62.3118553
57.5144806
44.3722534
29.6158543
17.1521015
7.0744901
3.6207418
2.7823017
0.9052647
0.5738319
0.6271795
1.4146023
3.3779106
16.5378799
46.8790932
67.3924561
53.8898125
20.6944199
6.7259884
4.0154285
2.4275072
1.9463819
1.7437522
1.6332811
1.5847690
1.1438161
0.7564176
0.7360763
0.6694958
0.6699085
0.6836854
0.6302262
0.5263603
0.5783554
0.5343443
0.4846903
0.5346636
0.4547951
0.3981233
0.4491853
0.5464343
0.7011544
0.4707006
0.3400069
0.4821410
0.6689346
0.6176027
0.5635854
0.3802135
0.3813206
0.5235536
4.4775372
29.9711437
68.7918930
88.4392548
72.8404617
41.7556610
27.7671318
19.9308567
16.1496449
13.4469061
22.0174007
30.0959988
26.0230999
23.1239624
23.2937908
25.2031078
37.3060837
54.5113907
54.5840416
36.0670204
27.0573521
28.3139725
25.9121323
17.8182774
27.6121063
64.7197723
85.7745819
70.8472137
52.2844887
41.8211136
32.5279579
19.5683193
9.9800777
5.6697850
9.9615555
32.5957718
29.7744751
18.6994457
17.3378506
21.5701942
23.9505291
24.4109364
25.5240707
21.3504677
20.4559345
40.9289398
52.7298584
68.3021164
96.4805145
130.3784637
149.7584381
142.6956787
113.3517456
80.3712463
58.2681694
35.9486618
76.9647903
92.4868622
44.5707359
20.2170563
25.3504524
37.6461143
38.8463440
31.2800903
21.6033669
11.2497129
3.8236554
1.7469051
5.6091051
14.0357389
26.1016102
36.9511833
37.0351639
27.7157402
29.5299492
33.5065575
31.0833931
21.3470860
12.8475418
8.0311031
18.9486561
47.0354424
76.3478012
85.0671921
80.7017059
82.7172165
84.1539688
75.2792664
62.8096924
51.9793816
37.1227150
19.9645729
54.2585754
96.8792267
94.4522629
70.6802368
59.9307098
47.4944229
27.2280540
5.6753769
3.6162596
5.2047191
8.6927147
14.8860540
33.1194420
72.3771820
100.7988968
82.8443375
45.3107872
25.4964294
23.8226624
21.8527832
16.7293739
4.9063387
5.0920401
8.1749582
10.7139626
7.5768299
4.3106499
5.3753347
22.5562897
76.7030563
128.3637695
142.8419037
133.0504913
141.3823395
134.9492035
109.3530579
69.0709991
29.6774750
26.4777946
44.3977966
68.9681015
87.7067566
81.3020096
58.3686905
32.3396606
18.3019352
12.0045233
5.7045727
17.8301888
38.4959412
43.2958031
42.5746307
38.0605927
33.9939117
25.6868992
16.5213757
18.9854851
24.1621399
25.7535477
23.3067589
19.3955536
16.5820770
14.8986855
13.3810596
16.9797249
47.9687653
101.5031128
144.9740753
147.7298737
128.2034149
137.9939423
151.9508209
146.9535522
111.0083237
74.7852402
43.7842064
19.1601372
23.4803925
42.2104759
20.6336975
6.3151407
1.6582953
12.3030243
48.2537460
91.6032028
110.5658188
111.3810196
103.4360580
92.7970047
71.2912140
46.0994186
14.3693066
1.7951699
0.6345091
0.0919151
0.2956328
1.4919841
0.6716742
0.2762856
0.4189535
0.8951913
1.3549063
0.7996466
0.3514303
0.3799900
0.5362000
0.5225936
0.3879019
0.3245131
0.4491547
0.4041882
0.4215361
0.5055104
1.0274405
6.8524008
16.9124775
38.6059494
103.0051498
174.4586182
177.1710968
104.4732285
46.8641205
27.1700268
49.0333366
61.1758652
51.7007561
34.1078186
22.0282211
16.9066486
13.0077181
29.4035988
62.6313286
75.7168427
53.4844818
26.5414448
10.5747385
9.6304359
13.6978130
9.2018194
3.7181208
1.5257394
1.4057381
1.0700262
1.6439011
2.7415071
3.8750010
21.6987038
66.4964294
110.8199921
127.7141113
114.4860306
92.4240952
63.7061119
29.5776978
19.2468033
14.1139231
3.7122922
0.5641938
0.2108548
0.3804606
0.4041775
0.6483390
0.6914931
0.6557981
0.8073910
0.8443515
0.7061898
0.7523452
0.8293924
0.8185767
0.6718867
0.4869733
0.4523478
0.6085225
0.6808815
0.7453606
0.6627720
0.5439543
0.5063971
0.7016600
0.7110975
0.6341531
0.5359595
0.4016564
2.0420709
7.6990123
18.0982819
40.9615555
68.1307144
73.4024124
49.0850067
20.5933495
8.5134830
3.0595853
0.8856408
0.4950979
0.6439742
0.3683859
0.4587792
0.3400827
0.4214390
0.8459114
3.1456025
15.8168545
48.5633888
78.1609650
72.0222397
38.8794861
14.2067976
7.4596004
6.7573171
7.0081534
4.5340967
4.2306480
5.1199327
12.1799984
27.5670223
42.4891701
47.0665932
41.4993019
38.6882973
35.0474472
32.4887772
28.4015331
19.1984997
21.4136009
23.0572739
21.4710979
21.5187511
18.5482883
11.6587057
4.7097845
0.5480525
1.0005451
5.5277367
21.9731293
40.5421486
43.6038589
31.5415573
23.0206203
14.8383217
13.2479677
10.9085798
7.9160767
6.9497356
10.8545589
14.0641174
18.5865459
38.4047699
51.9288368
42.9934692
20.5991802
10.5394964
7.5946465
2.5756316
8.2838783
12.9602175
18.1129570
15.9113140
7.6262655
2.0715096
1.4651703
5.5246158
14.8252573
22.1124554
30.2482262
30.3076229
25.7399940
22.6689129
19.6462746
22.6345863
32.5606003
39.7092018
37.0880775
26.1725693
12.8293190
9.6481771
8.3290176
6.4971681
9.1903582
15.1471176
15.9226799
10.1914492
5.2739820
2.1470389
1.7348509
5.6131306
17.0696945
21.3950825
11.2885914
1.7101723
1.1199442
1.4612436
1.2964578
0.6870424
0.7164791
0.7663140
0.7016788
0.5641464
0.3077557
0.0800583
0.0086218
0.0001595
0.0000000
0.0000000
0.0000000
0.0000000
0.0000000
0.0000000
0.0000000
0.0000000
0.0000000
0.0000000
0.0000000
0.0000000
0.0000000
0.0000000
0.0000000
0.0000000
0.0000000
0.0000000
0.0000000
0.0000000
0.0000000
0.0000000
0.0000000
0.0000000
0.0000000
0.0000000
0.0000000
0.0000000
0.0000000
0.0000000
0.0000000
0.0000000
0.0000000
0.0000000
0.0000000
0.0000000
0.0000000
0.0000000
0.0000000
0.0000000
0.0000000
0.0000000
0.0000000
0.0000000
0.0000000
0.0000000
0.0000000
0.0000000
0.0000000
0.0000000
0.0000000
0.0000000
0.0000000
0.0000000
0.0000000
0.0000000
0.0000000
0.0000000
0.0000000
0.0000000
0.0000000
0.0000000
0.0000000
0.0000000
0.0000000
0.0000000
0.0000000
0.0000000
0.0000000
0.0000000
0.0000000
0.0000000
0.0000000
0.0000000
0.0000000
0.0000000
0.0000000
0.0000000
0.0000000
0.0000000
0.0000000
0.0000000
0.0000000
0.0000000
0.0000000
0.0000000
0.0000000
0.0000000
0.0000000
0.0000000
0.0000000
0.0000000
0.0000000
0.0000000
0.0000000
0.0000000
0.0000000
0.0000000
0.0000000
0.0000000
0.0000000
0.0000000
0.0000000
0.0000000
0.0000000
0.0000000
0.0000000
0.0000000
0.0000000
0.0000000
0.0000000
0.0000000
0.0000000
0.0000000
0.0000000
0.0000000
0.0000000
0.0000000
0.0000000
0.0000000
0.0000000
0.0000000
0.0000000
0.0000000
0.0000000
0.0000000
0.0000000
0.0000000
0.0000000
0.0000000
0.0000000
0.0000000
0.0000000
0.0000000
0.0000000
0.0000000
0.0000000
0.0000000
0.0000000
0.0000000
0.0000000
0.0000000
0.0000000
0.0000000
0.0000000
0.0000000
0.0000000
0.0000000
0.0000000
0.0000000
0.0000000
0.0000000
0.0000000
0.0000000
0.0000000
0.0000000
0.0000000
0.0000000
0.0000000
0.0000000
0.0000000
0.0000000
0.0000000
0.0000000
0.0000000
0.0000000
0.0000000
0.0000000
0.0000000
0.0000000
0.0000000
0.0000000
0.0000000
0.0000000
0.0000000
0.0000000
0.0000000
0.0000000
0.0000000
0.0000000
0.0000000
0.0000000
0.0000000
0.0000000
0.0000000
0.0000000
0.0000000
0.0000000
0.0000000
0.0000000
0.0000000
0.0000000
0.0000000
0.0000000
0.0000000
0.0000000
0.0000000
0.0000000
0.0000000
0.0000000
0.0000000
0.0000000
0.0000000
0.0000000
0.0000000
0.0000000
0.0000000
0.0000000
0.0000000
0.0000000
0.0000000
0.0000000
0.0000000
0.0000000
0.0000000
0.0000000
0.0000000
0.0000000
0.0000000
0.0000000
0.0000000
0.0000000
0.0000000
0.0000000
0.0000000
0.0000000
0.0000000
0.0000000
0.0000000
0.0000000
0.0000000
0.0000000
0.0000000
0.0000000
0.0000000
0.0000000
0.0000000
0.0000000
0.0000000
0.0000000
0.0000000
0.0000000
0.0000000
0.0000000
0.0000000
0.0000000
0.0000000
0.0000000
0.0000000
0.0000000
0.0000000
0.0000000
0.0000000
0.0000000
0.0000000
0.0000000
0.0121948
0.2958844
0.9664624
1.5495145
1.5195487
3.1229675
36.2062912
119.4221344
228.4853668
322.0108643
326.5946655
244.1077118
190.5974121
156.1322327
209.0225677
197.1970062
141.6822662
81.3088303
59.8484688
109.7290497
130.8945465
173.9133453
174.3983002
152.4348907
167.5562897
243.1358337
223.4030304
126.4481812
56.2434540
10.9923220
6.7794189
4.3812981
1.2306576
2.1090331
12.4696007
23.4018116
21.5614815
19.4385490
17.9498692
12.1198111
5.1803355
2.5868862
2.8053474
1.6928426
0.6477154
0.4854329
0.2819222
0.1432358
0.2752421
0.9727159
17.3476696
61.2536392
126.2003860
175.1508331
190.7230682
210.9430695
226.3280640
211.6779327
160.0185547
138.4900818
162.6709747
193.0271759
197.2720184
213.5241699
237.9822235
282.4761047
335.3262329
349.7998047
297.0685120
239.6258240
224.4018250
222.5017090
224.4817200
176.1625671
124.8199921
87.2111816
64.6316833
54.1268349
52.6000824
51.4530373
40.4053345
31.1748219
29.1116562
24.9999809
22.9151783
24.5457401
26.9504814
24.5132980
18.8378830
9.8285809
8.9629545
16.1360149
13.9185295
10.6831503
10.8652496
12.7676687
10.4290142
5.7792096
1.6152924
5.7332449
21.9167175
42.8176765
55.5716629
60.0010605
56.6697960
50.3469620
35.4376526
24.1307354
20.9665890
14.9466429
7.0602951
10.3039646
12.5837574
9.4531546
7.4466925
8.5319633
9.7086525
10.8633575
10.9961300
9.0152540
7.5144796
7.1201572
7.8744488
8.8329916
14.3782825
38.7132721
73.7338028
92.6554184
85.5466080
65.2763367
38.5009346
20.6692944
17.5849400
16.4413433
10.4976292
5.3466911
5.7810197
4.6345596
7.8770561
16.6101818
24.5177155
35.5707474
69.7894745
110.1248932
106.9818649
55.1533775
11.4004679
1.2656851
0.8489017
12.2379532
54.7698555
97.5585785
115.3850021
91.4936295
32.8079605
3.1644530
1.1800458
0.4693186
5.5936761
31.4281082
92.4622955
165.2200470
178.6209259
135.3808289
114.5443573
143.1512909
146.6818542
129.1099243
108.6139297
65.8351746
27.1938095
6.5822840
0.7021487
1.1402144
5.9443598
17.6776905
21.2623367
19.0763779
21.9082603
32.3961296
70.2645493
157.1942139
250.7651978
290.8064270
256.2337646
173.8136749
107.3535843
59.5758820
30.8615627
22.9818535
49.1960449
105.4725037
116.5846558
86.9202881
57.7593575
30.4123993
36.9251099
37.9514542
17.2599812
9.2770195
25.1195679
69.3848724
117.3310699
92.7580643
55.8293800
23.9791679
17.7849064
18.0286674
18.6702156
24.1398373
28.9673958
25.5544529
22.3582916
23.7661095
29.7339363
32.2240944
29.4425964
22.2237854
16.1381607
13.4102831
14.2335625
23.7138786
41.6508064
49.5359840
37.2292709
19.2321568
14.2004185
12.2793007
10.0523758
17.5346642
22.1096306
20.9098606
17.3891792
11.7668171
5.9789133
6.9559731
4.2682776
13.3237400
16.5394611
13.6803856
12.3948908
18.2040920
18.7931843
15.7520266
9.4150743
3.4621513
3.7680726
5.1676860
8.5486383
45.6047668
107.5455399
137.0446320
118.1117859
89.4759903
72.7805405
55.5721817
34.9410133
27.8562107
25.4267159
26.3643074
32.8152161
33.2759514
26.8511066
20.6399174
13.4566717
15.9623985
14.0529375
7.2300377
4.6496177
5.9575334
7.1808958
8.8071423
27.2651482
55.3276482
60.8902550
40.6071968
30.4115829
24.2663155
21.4343185
18.1113224
13.3253527
9.4593563
8.6286182
5.2262344
6.1141982
16.1719379
27.5040989
40.0994720
51.4383736
63.5331802
73.0312195
70.9554596
62.6151733
58.7586632
48.2891846
32.9474754
18.7215538
13.0377741
8.0596027
9.5645876
25.7054081
43.7072792
52.6869545
46.1163368
32.8366661
15.9507313
26.7601280
41.9062767
34.4043694
26.1597366
21.5973206
34.3177452
45.3147278
45.8167496
38.9054756
31.8786869
28.1422825
30.9658642
41.3358002
55.3396873
65.2330093
63.4997101
49.3694611
39.6147804
42.8849068
45.9706764
39.1099625
30.5237465
21.2151909
9.2103415
3.2947116
1.7419124
0.7077186
1.9140382
4.6144400
5.0849266
2.0479326
0.7783099
0.8948312
1.1706694
1.0430075
0.7004048
0.5901725
0.5416005
0.4170735
7.2516642
31.8214951
72.4043427
103.3211899
92.7938843
48.2223854
23.9126129
13.5817375
5.6864171
1.8982557
0.6301032
1.0195479
1.4207292
2.5835631
7.9106293
32.1012115
68.8132401
81.7883682
57.2726402
30.6199703
15.4512138
15.6366138
12.6313601
10.3066549
6.0804405
10.6241789
27.7446480
31.2434387
13.8578081
1.7893350
0.7947392
0.5077339
0.3371034
0.4901403
5.0005393
33.6151810
76.3861771
95.1927643
76.3410110
57.5714531
49.5145187
47.1106300
36.5034065
25.6866493
18.2550907
14.3828087
27.2155151
24.1271420
9.6604443
1.0682554
0.2109717
0.2321009
5.9294472
21.0433350
32.1874924
32.5551605
22.0822773
12.3245506
19.9633636
46.6069603
63.1198273
54.3862991
42.7752647
34.1709404
25.8882942
18.1570110
17.9982052
30.7187614
35.9556427
31.4149437
27.4974575
24.2510529
22.7496758
18.3613014
19.9004116
40.5496025
35.2514381
18.2458267
6.2875185
5.9412804
4.7678766
3.3527093
2.0485275
1.5148897
1.0868288
0.8396304
0.5779908
0.4424528
0.3808731
0.4078007
0.4150923
0.5450659
0.6741776
0.5627902
0.4532740
0.8556865
1.7480634
2.6448960
3.0100687
2.7518473
2.7818720
2.8509440
3.3197203
3.9421182
4.5758767
4.7155981
5.0300465
4.8996487
4.3338876
3.7054129
3.1600835
3.6934340
3.5790796
3.6376381
3.9401076
4.4400673
4.8208632
4.5563264
3.9637632
3.6748369
3.4785094
4.0586452
4.4673023
4.1760321
3.7889049
3.2031751
2.9254079
3.2152987
3.4029975
3.3582656
3.8264012
4.6298885
5.2476120
5.0805449
4.6671715
4.7761750
4.8581705
4.5689225
3.8060279
3.0422981
3.0693128
3.0686798
2.9043922
2.4959345
2.3988049
2.3067913
1.7795128
1.7245382
1.4352078
1.0031482
0.9209720
0.7743380
1.1221021
2.3111563
2.4034803
0.5577556
0.3976260
0.4049410
0.4380470
0.4334078
0.4960978
0.6718876
0.7809618
0.5613595
0.3887053
0.4398221
0.5241106
0.4128176
0.4506107
0.5363256
0.4959819
0.9166601
4.2712011
33.0794067
93.4959412
165.3382568
198.8367004
145.7060852
87.4210129
78.1521454
91.8073120
88.1600342
51.1679268
37.1888924
24.9006844
11.2865086
35.1923981
106.6843796
167.6587372
185.5660095
152.3847351
94.0541458
45.9057961
31.1402721
54.6895561
77.6688004
92.4001160
97.4845734
80.6548615
47.2956924
31.0306168
38.6218834
45.3841972
26.1859226
6.8999090
1.9492879
7.5557518
69.2820358
167.0259705
212.9985352
207.1740112
201.8937988
199.3093567
192.0275421
162.5436859
137.1724854
105.9442673
82.0715408
56.8088951
37.3214188
30.6098270
73.4935913
97.5364151
88.4467697
64.9883652
37.3645325
54.8660011
50.3886032
75.4932022
103.2463608
90.6934433
73.6073837
79.7392273
89.6312866
91.1797104
82.7723770
71.2198868
62.7479706
54.0544434
24.9637508
11.2128677
6.7536225
19.4544334
41.8568764
40.9422035
32.6012726
23.7706165
24.8536301
41.5194817
71.3932953
71.7711792
36.2917900
7.6664400
3.7325745
1.8324881
11.6961308
33.8314552
57.2967033
56.3966064
32.9719849
5.0112166
0.3897086
0.0706475
1.9160556
19.7936592
59.9890556
102.3783493
114.4471054
97.4651947
84.3355179
92.2817688
74.7606049
44.5852013
26.4297390
23.1968994
29.9124107
28.1947441
22.0846252
19.3169708
16.9748173
14.0600185
10.7727203
7.8853335
5.9663324
4.1731715
6.9945188
14.2637405
14.1361198
12.4616699
10.8881741
8.4790497
6.4499598
4.5491219
2.7420094
2.6197128
2.3454890
2.1502793
2.1089425
1.9485028
1.5459727
1.0645355
1.2865915
1.7163026
1.9013095
1.8527114
1.5472597
1.3767951
1.0260143
0.8100833
0.4111725
0.3897219
0.3674819
0.5140830
0.6772351
0.6076670
0.3034774
0.1273929
0.0463396
0.0049475
0.0000321
0.0000000
0.0000000
0.0000000
0.0000000
0.0000000
0.0000000
0.0000000
0.0000000
0.0000000
0.0000000
0.0000000
0.0000000
0.0000000
0.0000000
0.0000000
0.0000000
0.0000000
0.0000000
0.0000000
0.0000000
0.0000000
0.0000000
0.0000000
0.0000000
0.0000000
0.0000000
0.0000000
0.0000000
0.0000000
0.0000000
0.0000000
0.0000000
0.0000000
0.0000000
0.0000000
0.0000000
0.0000000
0.0000000
0.0000000
0.0000000
0.0000000
0.0000000
0.0000000
0.0000000
0.0000000
0.0000000
0.0000000
0.0000000
0.0000000
0.0000000
0.0000000
0.0000000
0.0000000
0.0000000
0.0000000
0.0000000
0.0000000
0.0000000
0.0000000
0.0000000
0.0000000
0.0000000
0.0000000
0.0000000
0.0000000
0.0000000
0.0000000
0.0000000
0.0000000
0.0000000
0.0000000
0.0000000
0.0000000
0.0000000
0.0000000
0.0000000
0.0000000
0.0000000
0.0000000
0.0000000
0.0000000
0.0000000
0.0000000
0.0000000
0.0000000
0.0000000
0.0000000
0.0000000
0.0000000
0.0000000
0.0000000
0.0000000
0.0000000
0.0000000
0.0000000
0.0000000
0.0000000
0.0000000
0.0000000
0.0000000
0.0000000
0.0000000
0.0000000
0.0000000
0.0000000
0.0000000
0.0000000
0.0000000
0.0000000
0.0000000
0.0000000
0.0000000
0.0000000
0.0000000
0.0000000
0.0000000
0.0000000
0.0000000
0.0000000
0.0000000
0.0000000
0.0000000
0.0000000
0.0000000
0.0000000
0.0000000
0.0000000
0.0000000
0.0000000
0.0000000
0.0000000
0.0000000
0.0000000
0.0000000
0.0000000
0.0000000
0.0000000
0.0000000
0.0000000
0.0000000
0.0000000
0.0000000
0.0000000
0.0000000
0.0000000
0.0000000
0.0000000
0.0000000
0.0000000
0.0000000
0.0000000
0.0000000
0.0000000
0.0000000
0.0000000
0.0000000
0.0000000
0.0000000
0.0000000
0.0000000
0.0000000
0.0000000
0.0000000
0.0000000
0.0000000
0.0000000
0.0000000
0.0000000
0.0000000
0.0000000
0.0000000
0.0000000
0.0000000
0.0000000
0.0000000
0.0000000
0.0000000
0.0000000
0.0000000
0.0000000
0.0000000
0.0000000
0.0000000
0.0000000
0.0000000
0.0000000
0.0000000
0.0000000
0.0000000
0.0000000
0.0000000
0.0000000
0.0000000
0.0000000
0.0000000
0.0000000
0.0000000
0.0000000
0.0000000
0.0000000
0.0000000
0.0000000
0.0000000
0.0000000
0.0000000
0.0000000
0.0000000
0.0000000
0.0000000
0.0000000
0.0000000
0.0000000
0.0000000
0.0000000
0.0000000
0.0000000
0.0000000
0.0000000
0.0000000
0.0000000
0.0000000
0.0000000
0.0000000
0.0000000
0.0000000
0.0000000
0.0000000
0.0000000
0.0000000
0.0000000
0.0000000
0.0000000
0.0000000
0.0000000
0.0000000
0.0000000
0.0000000
0.0000000
0.0000000
0.0000000
0.0000000
0.0000000
0.0000000
0.0000000
0.0000000
0.0000000
0.0000000
0.0000000
0.0000000
0.0000000
0.0000000
0.0000000
0.0000000
0.0000000
0.0000000
0.0000000
0.0000000
0.0000000
0.0000000
0.0000000
0.0000000
0.0000000
0.0000000
0.0000000
0.0000000
0.0000000
0.0000000
0.0000000
0.0000000
0.0000000
0.0000000
0.0000000
0.0000000
0.0000000
0.0000000
0.0000000
0.0000000
0.0000000
0.0000000
0.0000000
0.0000000
0.0000000
0.0000000
0.0000000
0.0000000
0.0000000
0.0000000
0.0000000
0.0000000
0.0000000
0.0000000
0.0000000
0.0000000
0.0000000
0.0000000
0.0000000
0.0000000
0.0000000
0.0000000
0.0000000
0.0000000
0.0000000
0.0000000
0.0000000
0.0000000
0.0000000
0.0000000
0.0000000
0.0000000
0.0000000
0.0000000
0.0000000
0.0000000
0.0000000
0.0000000
0.0000000
0.0000000
0.0000000
0.0000000
0.0000000
0.0000000
0.0000000
0.0000000
0.0000000
0.0000000
0.0000000
0.0000000
0.0000000
0.0000000
0.0000000
0.0000000
0.0000000
0.0000000
0.0000000
0.0000000
0.0000000
0.0000000
0.0000000
0.0000000
0.0000000
0.0000000
0.0000000
0.0000000
0.0000000
0.0000000
0.0000000
0.0000000
0.0000000
0.0000000
0.0000000
0.0000000
0.0000000
0.0000000
0.0000000
0.0000000
0.0000000
0.0000000
0.0000000
0.0000000
0.0000000
0.0000000
0.0000000
0.0000000
0.0000000
0.0000000
0.0000000
0.0000000
0.0000000
0.0000000
0.0000000
0.0000000
0.0000000
0.0000000
0.0000000
0.0000000
0.0126422
0.2932692
0.9465451
1.3850465
1.1579196
0.6629790
0.4864638
0.7059978
0.8239239
1.2382941
2.0858889
11.4984245
45.1441803
113.6893692
190.6913452
227.8924408
221.8897095
233.7422485
228.5007629
169.1725769
132.7173309
138.8229370
158.6104736
156.4185638
150.1394958
124.2825165
115.1608658
100.6313705
95.5824814
91.5275726
83.3783340
79.8685150
69.8046875
58.4937515
56.9611893
50.2187233
42.7000198
34.1885605
23.3498192
9.4614334
36.9703789
35.3070107
21.6333771
9.3467569
26.1769257
29.6915131
23.6520805
18.1690311
35.1447487
37.2704353
34.3436127
31.3842888
27.5732269
22.2965603
19.3344536
15.7660389
11.8990326
6.8023987
3.9470630
7.2637968
11.9526625
12.2792377
10.5815830
15.7105846
16.2349167
8.6273890
6.6725230
10.3572845
14.1797218
18.3420486
28.0935917
42.2661667
37.9795799
27.1592770
21.8748455
21.5324821
25.6664085
34.5538483
41.2373734
38.8580246
25.0105858
13.4807997
32.9914169
37.5497284
32.3379936
22.8954010
25.2106323
27.8830433
11.9434166
1.0334313
0.5945496
0.3789682
0.1814653
0.3871828
2.2841587
4.1233873
3.0257273
3.3056104
16.5239887
62.1824493
115.7834778
128.6826324
91.5463638
41.8140526
13.6584711
4.5803981
2.1835103
1.3913410
0.3646806
0.3340982
1.1619681
6.0226517
7.8657904
9.1078558
11.4505777
13.5249014
14.7859545
16.1621208
15.6473188
13.0670700
8.8787079
5.6736441
5.2243152
6.9976201
11.9810562
27.3799667
62.7096405
97.2912750
102.3015366
73.4759293
29.0372925
12.6202650
4.2923083
0.4009370
0.5754067
0.7412223
0.3741532
0.4132564
0.6051366
0.5436484
8.7532101
37.1669655
75.1980896
92.8815231
76.7739716
64.1003494
46.2926369
26.8501701
5.8528709
0.4346450
0.2454128
0.2874726
0.2713123
0.4127451
0.4735073
0.5591636
10.7338858
39.4666862
62.1298599
51.3671722
20.9426594
8.2980261
9.7116327
12.1783161
26.7050171
58.0263329
94.8190308
122.1066742
114.2625961
79.6792526
51.3711853
39.6087685
65.4865570
81.2037888
76.9345474
57.6207161
42.8711853
38.2894897
45.8429260
43.7553558
46.4157219
49.0314255
69.5225372
106.2821808
128.2655945
120.7302322
114.8417740
94.2175674
62.1407890
47.1237297
53.5030022
62.7570419
56.0935020
46.5448914
50.0262527
71.9731369
121.4529648
176.4961090
181.8670654
155.4228058
115.6810760
94.4035492
70.8002014
73.2696915
61.0818062
31.3059254
34.7331810
72.4232407
123.7454376
121.5078659
86.4874115
58.3945389
38.4991264
17.2114429
21.9292984
25.3488674
23.2261963
24.2212238
22.1519165
11.8182182
2.2350302
0.3356454
0.2979003
1.4242587
19.9855022
70.6775360
128.0002289
175.5420380
223.6188049
299.4288330
321.1841736
252.5397186
166.3033142
97.3159790
71.9302979
46.4651184
92.4697723
158.7282867
131.6152802
104.6448364
82.3833847
72.1654053
81.0143280
97.9314194
110.4186859
103.3779373
85.6883545
71.8007050
58.6453781
49.5035973
33.3402901
34.1421127
78.5523224
207.8662415
299.5689392
326.4909363
338.7096863
319.4992981
253.9343262
194.5403748
167.6164856
150.3910522
130.9308014
104.6697159
69.1509781
34.1268044
54.0544777
119.9850082
214.2410126
217.0562897
167.7617798
115.9517059
43.5604668
99.6354141
97.9836884
60.1210098
152.5748901
134.2366638
63.1776352
67.3434601
49.7564621
24.6425400
17.7582436
18.9184704
18.9819183
19.2585449
19.8679714
59.4453964
150.8195648
224.3867035
217.4397583
157.6485596
122.1576385
82.1293945
44.4596939
61.0386848
59.6956635
42.3575630
26.6993256
4.6393480
1.2630106
26.5807819
85.4500885
148.8138885
161.9010315
133.4965820
119.6196365
105.5912781
101.6692047
91.8916092
73.4310074
57.1113777
44.9875832
33.0297127
22.0270729
17.0392494
16.5375214
14.7209568
14.0069227
28.7678967
40.2351532
51.5464439
54.8798218
64.4619751
72.7044907
69.4431610
50.3987808
32.2753525
22.5897636
16.1694126
13.3319693
12.4627523
13.4036465
52.2906685
131.6057587
192.4561462
182.6774750
125.3197937
82.4548645
52.5780067
27.3637333
17.3745461
14.4885254
30.7551651
65.3826065
94.5537186
91.8248062
81.3406525
88.8137131
85.8153305
57.7547035
25.8250465
19.0254078
17.8893795
14.7072086
24.3433743
93.2069244
177.7327118
206.9214020
150.2442780
77.8179321
39.2164879
22.7866421
43.2792473
71.5518417
76.4182892
92.4293747
102.1504364
106.4073181
112.2481918
117.6272354
131.6597900
147.3810577
156.2711639
139.4581757
112.8665771
94.8595734
85.1758041
76.1499176
67.7418060
59.6186142
44.6762428
24.0611839
69.3701324
122.3185959
177.7637329
235.8591766
242.4734497
182.7389526
133.5690765
106.8030014
73.9190521
47.7618942
47.0969963
36.6104507
28.7498417
30.0919724
25.8731689
25.3051853
21.3902035
15.2531786
11.2602787
11.2815590
18.1625423
45.5346069
104.4921188
172.4450684
196.2037354
152.5117798
97.9755020
52.0427971
24.1026382
110.9566498
169.2830811
177.1423950
155.4948273
120.1881104
80.3184738
39.5344505
17.5364017
25.0676842
24.3809738
21.3027153
13.5737429
8.3685474
3.4183264
6.1181736
5.8334479
4.5379667
7.5372744
3.6573861
5.0718145
4.0491652
6.6327100
9.7600603
8.6073589
7.1351328
14.3408566
34.3502693
53.6167183
57.8419952
37.2856293
15.5487442
22.4714928
10.6026402
5.4610095
2.7212379
1.6542161
0.8501361
0.6231167
0.3995652
0.5647882
0.4823451
0.3188460
0.3037607
0.4576491
0.7283145
0.9144162
1.1248571
1.1164894
1.0940371
1.3152132
1.5613257
1.7054886
1.7369817
1.8901188
2.0135510
1.8450607
1.9595702
2.1493633
2.2833564
2.5088894
3.2330537
4.2363200
4.6174684
4.0157714
3.4634020
3.2388740
3.1359997
3.2758777
3.1570177
2.9698443
3.0073118
4.0106378
4.6990032
3.6732514
2.4100411
1.8985260
2.4049370
2.6066854
2.1645234
1.5164800
1.1610761
1.0728127
0.8304979
0.6523796
2.5353944
16.5544758
42.4007111
95.6916199
195.3847961
295.3226929
305.8324280
209.8861542
121.5628433
84.4841156
68.3007812
201.7036743
218.5398102
207.2032013
174.1252441
130.1413116
115.2631836
115.8537674
120.8932266
148.6919403
185.3693390
192.9938965
159.1137085
128.1921844
107.8856354
76.6899567
61.2386589
125.0195541
181.3523560
167.3183136
129.9572449
95.4737167
55.7228622
69.1766586
131.8870239
97.2483978
40.2806473
8.4506273
3.7393196
2.4889092
27.7100296
133.8714294
230.0941620
227.3992310
146.6095276
41.5636520
19.8081074
8.5681524
1.0997753
2.8584828
15.5987558
34.2354889
47.2034378
46.1738815
38.2717400
28.8100128
22.6370125
18.1185856
15.7763090
11.5285606
6.4617100
3.3936663
1.5343459
2.0667710
4.1935778
13.8815775
48.3410912
86.6111221
87.1368790
49.0174332
18.4816704
9.5217857
7.3869753
7.6641431
10.3465195
18.0295334
27.6512032
35.0302315
36.2314758
29.6720600
19.8516808
18.4565353
19.2977867
18.0360851
19.3182487
19.8669262
21.9557018
21.7011929
21.1639538
20.4824524
18.5031815
15.7684746
15.4791040
12.0716486
3.6057119
0.4870166
0.0954749
0.0877778
0.1934868
0.4500638
0.9046108
0.9032379
0.7085827
0.7641122
0.7052559
0.5420573
0.3577784
0.5778006
4.6738491
36.2743149
83.4923553
96.3661652
64.9487839
40.8918839
46.1111145
57.9888268
70.4265442
76.6789169
62.0537033
44.2346077
34.3635292
29.4359684
29.9526939
24.2976685
16.2315063
12.8023338
18.2973137
53.9170647
108.4821548
101.8403091
75.1791077
43.7356262
36.0490646
33.4170570
23.4290085
19.5102406
12.5755997
9.0172100
12.5828371
25.4056625
74.3242340
153.4285736
204.4003296
191.3106232
147.6854553
100.0521240
51.0498085
106.2537003
167.6126099
83.6773071
23.3475513
22.7061577
16.6867752
12.0156784
43.4201317
104.5399094
139.6527252
132.6075592
120.8652039
121.5008392
131.7963104
139.5433960
134.7902069
111.5953827
84.1401215
64.6769485
51.6329041
43.7083969
30.0171547
16.0183964
9.0267563
3.7121170
1.4974130
1.9857543
2.7211151
3.0570617
2.2474289
1.6632459
1.5102139
1.7287573
2.4209106
3.3760653
3.3837080
2.7151232
2.1467624
1.9077737
1.6925099
1.2243729
1.2611105
1.2525938
6.7259893
43.3016777
108.4965363
150.6540680
128.4346924
88.5079498
59.9761810
45.8771286
21.4780903
4.7963548
0.5462556
5.9742985
21.5134678
31.7631416
31.5046139
24.1706123
17.3370991
14.5257263
12.1920471
8.9017000
7.6298370
18.1428738
57.7973862
105.4520569
119.9478989
96.6486816
71.7411804
62.8840103
70.7479172
82.7967758
68.0698242
38.8722115
18.2312794
12.1028013
16.2211380
26.1522923
33.0117950
31.8013802
24.1445694
8.7305164
9.4037361
17.8979511
13.2393074
11.1069603
17.1769295
21.4407749
21.8193092
14.2427158
8.6119995
12.2562304
7.6117764
13.5980978
11.7143459
4.9605527
7.0829544
7.8561387
20.1339417
31.8081818
26.5562057
16.3058128
10.4765530
9.4377403
7.5457625
7.5054784
3.9155791
1.7290711
3.8756950
6.0838060
3.1241996
1.0584698
0.7367986
0.8391726
1.0882275
1.1097128
0.8332765
0.4634648
0.1275577
0.0126193
0.0007602
0.0000000
0.0000000
0.0000000
0.0000000
0.0000000
0.0000000
0.0000000
0.0000000
0.0000000
0.0000000
0.0000000
0.0000000
0.0000000
0.0000000
0.0000000
0.0000000
0.0000000
0.0000000
0.0000000
0.0000000
0.0000000
0.0000000
0.0000000
0.0000000
0.0000000
0.0000000
0.0000000
0.0000000
0.0000000
0.0000000
0.0000000
0.0000000
0.0000000
0.0000000
0.0000000
0.0000000
0.0000000
0.0000000
0.0000000
0.0000000
0.0000000
0.0000000
0.0000000
0.0000000
0.0000000
0.0000000
0.0000000
0.0000000
0.0000000
0.0000000
0.0000000
0.0000000
0.0000000
0.0000000
0.0000000
0.0000000
0.0000000
0.0000000
0.0000000
0.0000000
0.0000000
0.0000000
0.0000000
0.0000000
0.0000000
0.0000000
0.0000000
0.0000000
0.0000000
0.0000000
0.0000000
0.0000000
0.0000000
0.0000000
0.0000000
0.0000000
0.0000000
0.0000000
0.0000000
0.0000000
0.0000000
0.0000000
0.0000000
0.0000000
0.0000000
0.0000000
0.0000000
0.0000000
0.0000000
0.0000000
0.0000000
0.0000000
0.0000000
0.0000000
0.0000000
0.0000000
0.0000000
0.0000000
0.0000000
0.0000000
0.0000000
0.0000000
0.0000000
0.0000000
0.0237519
0.3283983
0.8993331
1.2517869
1.2252055
1.0840933
0.9715197
1.0558207
3.9680138
23.4450760
66.2898560
111.1931610
127.0942917
92.8251572
33.6881752
5.8172507
1.1694524
3.3320308
18.0927162
36.2721138
37.5253220
20.7088299
13.7067623
25.9002037
38.0237274
34.1658325
25.6073017
27.4957695
39.7361908
59.8388138
77.7269363
73.1567612
55.8790398
36.6805191
41.9184303
42.5355988
22.7956657
23.2451019
32.2374420
30.3469048
16.2201443
4.5139918
6.2254677
43.6320686
119.2942963
203.7246704
285.7106628
312.5593262
267.7312012
193.0607452
141.6933136
80.7367325
70.2496948
175.1140747
138.0918579
78.7317505
42.1687660
24.2854481
34.1843910
85.0822144
144.7588501
159.6388092
153.5138702
148.4894867
137.8256683
102.3747787
63.9710083
36.8507233
16.1511993
15.5586920
3.4087663
0.6494909
1.1993325
2.5962439
4.8320932
5.6719275
11.9444714
45.8198280
106.4757690
148.1389008
130.3665771
83.2908936
38.0774651
13.9052801
14.1166506
9.2073650
6.0695920
6.1594958
24.9185123
61.4002914
64.6572800
49.9793129
37.2629089
23.1040897
9.1992550
5.6051416
6.9666147
14.3423834
14.3946867
34.4104500
69.6338043
80.4229202
64.3965454
31.1395111
13.6192951
4.1278853
3.1425974
8.4135180
35.1915970
89.1630478
107.8814316
85.2763977
57.7879372
48.3320618
57.4607925
79.6297760
112.2510605
134.2485809
141.2857361
127.1830826
117.4468002
113.4419174
117.0092850
120.2771759
100.8018265
60.6503448
29.7020836
109.2163544
159.8884277
198.8204803
210.2842407
169.0982666
111.7731094
76.6587753
50.8171234
26.1576710
29.7574539
24.9557152
12.8655329
14.3510046
12.4968452
8.7641659
12.5230350
15.1513958
13.7804480
10.8938274
10.9320259
11.7338972
25.4966450
54.5651016
86.3887711
103.8447800
107.6310577
103.3116531
89.5886917
68.4471512
53.4936638
47.2298660
43.8431015
44.5499687
49.1555710
44.4316711
54.3676414
46.5024223
38.9021912
19.2610130
26.8328133
16.7737751
13.0768375
46.3197441
68.1816788
48.4354362
31.7269135
44.1858368
49.9844513
51.8664055
43.0253067
23.6185379
19.1237125
32.3199463
44.8709068
48.4419327
41.5804825
30.4787369
19.8627853
14.7417536
13.8731775
20.3451233
31.9637585
29.0938244
18.6529732
13.5677814
17.3760376
12.2727833
3.7741358
0.6985127
1.9196929
20.6729679
51.0242271
54.4311333
43.7302017
30.4370594
20.3690968
23.6964493
33.4542999
36.0167313
43.1097336
61.5714684
74.4334869
60.6428070
33.4040985
24.9111233
35.0439682
33.3166618
15.7029495
8.2829752
16.6491032
31.3096256
44.2833099
47.2709122
40.8300934
27.3052731
18.9469528
12.7072544
8.9942799
6.4163604
8.7740545
38.0058174
69.7660828
76.5264816
49.3192711
25.4981327
11.5302792
5.2329397
3.6160021
3.3019667
2.0553687
4.2538662
14.3535938
36.6712227
60.1294823
65.0898743
44.1004372
22.1553707
17.0268650
13.7776031
15.0105934
22.2067947
28.9468937
25.2030716
15.9404144
15.7529087
24.6237926
19.4061241
10.0906382
3.3101285
1.3072358
2.0526841
3.7589755
8.1249142
15.2119102
22.0376701
22.7805519
16.5477581
9.8212290
6.2735415
5.3463058
4.9163475
4.2356472
3.3949277
1.8741822
0.5969397
0.3865812
0.3989113
0.7840166
0.9046713
0.6091158
0.2633959
0.0280981
0.0022118
0.0000000
0.0000000
0.0000000
0.0000000
0.0000000
0.0000000
0.0000000
0.0000000
0.0000000
0.0000000
0.0000000
0.0000000
0.0000000
0.0000000
0.0000000
0.0000000
0.0000000
0.0000000
0.0000000
0.0000000
0.0000000
0.0000000
0.0000000
0.0000000
0.0000000
0.0000000
0.0000000
0.0000000
0.0000000
0.0000000
0.0000000
0.0000000
0.0000000
0.0000000
0.0000000
0.0000000
0.0000000
0.0000000
0.0000000
0.0000000
0.0000000
0.0000000
0.0000000
0.0000000
0.0000000
0.0000000
0.0000000
0.0000000
0.0000000
0.0000000
0.0000000
0.0000000
0.0000000
0.0000000
0.0000000
0.0000000
0.0000000
0.0000000
0.0000000
0.0000000
0.0000000
0.0000000
0.0000000
0.0000000
0.0000000
0.0000000
0.0000000
0.0000000
0.0000000
0.0000000
0.0000000
0.0000000
0.0000000
0.0000000
0.0000000
0.0000000
0.0000000
0.0000000
0.0000000
0.0000000
0.0000000
0.0000000
0.0000000
0.0000000
0.0000000
0.0000000
0.0000000
0.0000000
0.0000000
0.0000000
0.0000000
0.0000000
0.0000000
0.0000000
0.0000000
0.0000000
0.0000000
0.0000000
0.0000000
0.0000000
0.0000000
0.0000000
0.0000000
0.0000000
0.0000000
0.0000000
0.0000000
0.0000000
0.0000000
0.0000000
0.0000000
0.0000000
0.0000000
0.0000000
0.0000000
0.0000000
0.0000000
0.0000000
0.0000000
0.0000000
0.0000000
0.0000000
0.0000000
0.0000000
0.0000000
0.0000000
0.0000000
0.0000000
0.0000000
0.0000000
0.0000000
0.0000000
0.0000000
0.0000000
0.0000000
0.0000000
0.0000000
0.0000000
0.0000000
0.0000000
0.0000000
0.0000000
0.0000000
0.0000000
0.0000000
0.0000000
0.0000000
0.0000000
0.0000000
0.0000000
0.0000000
0.0000000
0.0000000
0.0000000
0.0000000
0.0000000
0.0000000
0.0000000
0.0000000
0.0000000
0.0000000
0.0000000
0.0000000
0.0000000
0.0000000
0.0000000
0.0000000
0.0000000
0.0000000
0.0000000
0.0000000
0.0000000
0.0000000
0.0000000
0.0000000
0.0000000
0.0000000
0.0000000
0.0000000
0.0000000
0.0000000
0.0000000
0.0000000
0.0000000
0.0000000
0.0000000
0.0000000
0.0000000
0.0000000
0.0000000
0.0000000
0.0000000
0.0000000
0.0000000
0.0000000
0.0000000
0.0000000
0.0000000
0.0000000
0.0000000
0.0000000
0.0000000
0.0000000
0.0000000
0.0000000
0.0000000
0.0000000
0.0000000
0.0000000
0.0000000
0.0000000
0.0000000
0.0000000
0.0000000
0.0000000
0.0000000
0.0000000
0.0000000
0.0000000
0.0000000
0.0000000
0.0000000
0.0000000
0.0000000
0.0000000
0.0000000
0.0000000
0.0000000
0.0000000
0.0000000
0.0000000
0.0000000
0.0000000
0.0000000
0.0000000
0.0000000
0.0000000
0.0000000
0.0000000
0.0000000
0.0000000
0.0000000
0.0000000
0.0000000
0.0000000
0.0000000
0.0000000
0.0000000
0.0000000
0.0000000
0.0000000
0.0000000
0.0000000
0.0000000
0.0000000
0.0000000
0.0000000
0.0000000
0.0000000
0.0000000
0.0000000
0.0000000
0.0000000
0.0000000
0.0000000
0.0000000
0.0000000
0.0000000
0.0131243
0.2709774
0.7978239
1.1269636
1.0267175
0.7644594
0.6902633
1.0463297
4.2440267
14.0493832
28.8737373
33.2531357
16.9498634
0.8384299
0.3281252
0.3127564
0.9626103
3.1528282
4.2904015
3.8880486
3.7493148
4.1474514
4.5568476
4.2955494
3.8272223
4.7305436
6.0100040
5.3138638
3.3736489
2.3216732
2.0630450
2.1348367
1.9025559
1.8400606
1.6657259
2.1107256
2.8656476
3.0754757
2.9485629
3.0895438
3.2730169
2.9173799
1.9364821
0.8146627
0.4943717
0.4589936
9.1296921
30.6247158
44.0367165
101.5689621
264.8142700
395.7924500
340.3982849
187.4414978
146.2220459
199.2171021
229.4158783
297.3660278
334.5938110
262.6670532
159.0149231
39.0180359
80.0996704
86.9196167
109.3906403
228.0793152
168.2151642
77.2581635
28.9799309
88.4890213
99.0273590
64.6889572
19.0527534
89.7882309
122.3238144
95.2145538
60.3531189
23.1484909
5.8569145
16.6955318
52.0884857
98.2992783
129.2388763
138.1248779
120.5416718
97.1016922
99.8827057
121.1260605
109.0397873
84.8441238
43.0493584
92.3022385
125.1602097
90.5111694
62.3642159
42.3732033
33.9841423
51.4778824
72.0215454
50.8629074
32.7992973
21.9504261
32.7165222
63.1733551
70.5896072
55.1554718
29.6967201
71.2108078
95.9074631
67.2032394
19.3051605
64.1353912
77.3340683
74.6883850
93.2465897
127.5240173
155.7993927
134.2143860
94.0352859
39.4328232
27.5056801
93.8600769
81.3286285
53.4213867
23.6737995
31.5389576
92.3286133
99.1680145
74.2601395
44.8443604
46.1247711
63.2891846
31.7060699
46.1694870
74.9172592
58.2943192
39.6841965
20.8619061
17.6966572
8.5992832
3.3447461
0.2074136
1.8304337
2.7993314
3.5317984
3.2709687
2.1220713
1.9301319
3.2631662
2.8231266
0.9071049
0.4120926
0.6527306
1.1500403
1.0966116
1.3610736
1.3547533
0.9474458
0.4891786
0.4259429
0.3628599
0.3827412
0.4316165
0.6372275
0.6891024
0.6164819
0.5129786
0.5529045
0.5444111
0.5455564
0.4802813
0.5867050
0.6190040
0.5418978
0.5989077
0.5680208
0.3635267
0.6183624
1.1440804
1.2025315
4.5690851
30.6420116
89.8186569
171.8339233
239.7699738
232.3985443
166.0499268
123.4658813
123.4112396
120.5634155
112.2162628
85.0615311
57.2299042
29.7342644
21.0095215
22.5946980
81.1253128
151.7949219
167.5930023
135.3589935
103.9518127
81.3618622
65.4439774
48.4456711
21.0416718
7.7685227
11.6709290
10.5868683
18.8502007
25.7702961
22.1524487
15.6386662
15.7014332
21.2958908
23.1127033
12.4405565
5.7442331
2.6561484
10.3321400
44.5639877
71.6029663
72.5689926
71.4430771
107.3816528
155.0406342
191.6580963
245.3945465
288.1650696
290.8806458
249.1629181
198.3632660
185.1482391
196.3723145
206.0315857
228.6442871
222.1982422
197.9573975
137.7568512
196.5745850
175.6875610
124.0707169
82.8356094
49.6963768
34.3117561
38.5339699
74.4757385
109.8196106
95.7265549
73.1508179
71.9000854
89.0740662
99.6996841
75.1168213
30.8129711
15.3054266
12.9120293
67.2789993
199.2631683
259.6624146
252.7169800
210.5462341
134.0622406
87.9376831
42.0899391
46.3596573
52.0070534
22.4549694
2.7506032
0.6274710
4.4815087
15.5416412
29.7571259
36.3836784
41.9938927
73.9123383
129.7234192
173.8999481
187.0944366
179.8137970
143.9736023
114.6772842
91.0633469
72.2392807
54.9266624
41.2406120
15.8919983
18.8258991
52.9854774
50.9218102
44.1377869
37.9204865
37.0323753
46.0874710
46.3714485
42.3220596
38.8913116
44.4425659
51.5391769
60.0322456
90.0034714
78.8407135
51.0880013
39.6181946
23.9605675
17.8350430
22.4767494
24.7617798
16.9576511
5.6199145
8.3698072
19.9600811
25.9763680
48.3731537
91.8619614
124.1632690
119.8315353
89.4916306
62.8347359
43.8508415
49.6742363
39.9912682
23.2625847
19.0840225
18.3596992
13.7340393
8.2675934
4.3591404
10.3698444
68.1479645
161.3869476
220.1114502
226.6880035
225.5378723
234.7906494
241.3727722
213.6623230
176.5285950
135.2276001
79.8071289
41.5271988
27.2981472
12.1479692
20.9358616
24.0074234
19.3347607
22.8470173
51.4122849
61.9398994
55.9392624
38.3457718
26.7686634
9.5222607
8.5190907
12.0801773
10.7165012
20.9231911
46.5335274
55.7106285
59.5365486
61.5675735
55.6233253
31.1465759
12.8725243
28.1797409
20.3592834
13.4268169
10.1024914
8.7653961
11.3716755
34.5614014
74.5233383
97.4241486
89.0770569
74.8672943
67.2533264
62.9585800
54.7305527
44.0040550
28.7278976
28.1897221
34.2754440
23.6321793
17.0430717
14.3428679
12.2615433
27.6993637
57.8612709
86.9613953
136.2812042
179.0145874
180.7348175
147.9446106
103.3157654
68.8928833
41.4083366
25.1976700
42.0068932
51.1735840
37.7294044
24.4980202
18.9002647
22.0000362
39.9249649
51.7846375
51.2210846
37.4310265
31.5751839
28.8595066
16.8603020
6.1985583
0.8773594
4.1081862
46.7978973
134.7050476
176.0478363
157.7734833
103.6036987
58.2841339
30.0716515
21.9878330
28.3549671
31.3833447
24.2265205
17.0088921
20.2688217
50.1668968
61.7514801
31.5114670
13.0556898
11.7149849
8.8060493
5.9792585
7.9165149
25.2589836
38.5750046
38.5688438
28.2619667
22.0685177
20.1480141
10.0828171
3.2792587
1.9110053
12.4302845
33.1258163
47.0398064
62.6210899
97.2307053
127.8022766
112.8417816
70.1614380
33.2887115
31.7200127
41.0411568
47.6969299
47.4047737
36.1147461
19.1324425
5.5114641
2.7123590
23.7427540
67.0566940
85.6291885
63.5822754
30.6896381
11.8729801
3.8822365
6.2990866
47.8161545
111.1660309
137.9470520
116.7306061
76.5396729
50.4040413
35.9713440
39.9268036
59.5965805
67.6771088
47.9901695
32.2731705
25.2003098
38.5119705
53.1371155
47.4046097
42.5199242
44.1061401
63.8368912
69.6337128
48.4334793
20.6573009
31.8455162
113.6660690
184.8810883
163.6027832
75.9298706
32.2766724
25.1977425
27.1273270
18.5824013
18.9567680
19.8307152
38.0058823
96.4559631
109.0055237
96.2957001
70.1098404
64.1766281
58.2494202
41.0184364
47.8785286
22.5406494
15.3426056
18.0122509
27.6205120
64.0015335
115.0388794
126.9899902
92.3523941
65.2123871
51.5773811
38.5006447
41.0909958
21.9633980
4.0940604
12.4543533
62.8080482
123.7043457
119.3258438
58.9608459
34.8726540
41.6033516
51.4272804
74.8369980
105.6726074
93.5747070
56.2403870
27.2614937
16.1511364
11.7228737
6.1677246
2.7369730
1.3740885
0.3997741
1.0314707
2.4782064
3.4877040
2.9378924
6.2270184
21.9483337
44.5988693
51.5998611
36.5500259
17.7967339
10.5048132
8.7590027
6.6203699
4.0447550
2.5495737
2.4672565
2.2341676
2.0314813
1.3420162
0.6754842
0.2373895
0.2588187
0.3102969
1.1156824
2.8079915
3.7606530
4.6284590
5.3788590
5.4303761
4.8540316
4.8178072
5.4823737
5.5879712
5.3058190
5.3182817
5.5126939
5.9286122
5.3229809
4.7086582
5.4707999
6.3817310
7.3567829
6.8801122
6.3670602
5.8826103
5.8159204
6.1755266
6.7846599
6.8061776
5.3559203
4.8763194
4.4162769
4.6155434
5.4092360
5.1466150
3.0354533
3.3021734
17.7197113
40.2783737
93.0329361
191.0509644
268.3455811
232.5928955
133.3760223
91.3266754
103.5774307
181.7653809
223.7999725
266.7818909
322.1120300
357.2329407
326.3898621
245.2173920
181.6617737
139.3279419
79.2890167
161.4444733
177.6111755
180.0840302
159.7502289
146.3662415
225.2130585
167.0717468
109.8827209
63.7716599
44.2718430
60.9993439
51.1476135
40.4153595
34.1618881
27.9693394
18.2305107
10.9534168
6.9108448
5.0574346
7.9682174
13.1339092
11.3428869
5.1141663
2.7019901
9.8866444
8.1703959
14.1995306
16.0084076
11.0658379
4.6598654
4.8228154
14.6176176
11.3347626
6.2405815
1.9667339
2.8131471
8.3259239
11.5861683
11.0635796
7.0321341
4.4597831
2.6829031
2.9006228
3.3076296
3.4242210
2.5799601
2.1799438
1.7240855
1.5031620
1.2642076
1.2035890
1.0485280
0.7552268
0.7487597
0.9671635
1.6065233
1.9670765
1.5474163
1.1392295
1.0319412
1.0276356
1.0904641
1.2205074
1.2625213
0.8093681
0.4134083
11.2048120
76.3586197
168.6832581
205.7875977
176.7285614
138.6657104
127.0792999
116.6954727
109.9583435
90.3836670
131.6200714
133.0426178
137.3041382
120.4060211
59.9304276
13.5322685
1.1425683
0.7505286
0.4369370
0.3008230
0.7941424
2.6268289
6.8063898
18.5627098
39.5675697
59.5510559
68.7580338
79.6827698
107.1140213
132.4763184
167.7041016
243.5368500
301.0686951
298.1789551
249.5454559
172.4349976
108.3132248
63.7562523
60.1114769
43.6337509
64.3630829
89.0577698
26.0582447
95.8485870
121.4390869
160.6941071
202.9645996
127.9511261
71.3574448
15.9236498
147.8463440
169.5924377
128.4459381
63.2498665
135.5366058
166.8184052
97.0640259
54.7254066
9.3662663
41.8360252
96.4932251
57.2556152
66.2361526
75.5256500
83.5443268
92.3289337
96.9968033
83.9200134
70.9209518
82.8284836
75.3399124
46.7185707
32.5719376
22.8489780
13.5701084
9.3453064
4.4785819
2.0299208
1.3124723
1.2322197
1.2867014
1.2944509
1.4978317
1.7602006
1.7172965
1.0711086
0.8224814
0.9335463
1.1795160
1.5119262
1.3773571
1.1102240
1.0487018
1.0092791
1.1603054
1.0604392
1.3670355
4.8628540
18.4687996
30.8271599
36.5934792
81.2929153
180.3960419
278.7527771
310.9991455
259.0429077
171.8747101
113.7319641
74.4787674
45.5596581
32.5110741
88.9024811
210.7918396
300.3739014
311.7427063
274.7611084
248.3473816
236.8625031
180.2820587
113.7423859
68.9078445
56.4199524
35.9410248
16.3249741
4.4027705
4.9881401
9.9835739
27.9589005
53.0053940
104.8091507
167.6396942
216.4110260
233.9537659
221.7963257
190.4684296
155.8118286
106.0780563
70.3848572
92.9996262
102.2098770
148.2313232
194.7574310
220.3932953
228.8249817
234.6098022
197.0140991
165.1640625
126.8355331
128.8081665
328.0907593
441.1034546
414.6376648
351.2128601
279.3903198
189.5290680
93.1923218
53.5340500
55.2605133
113.7011566
135.5953979
91.3554535
38.9785194
32.1683731
32.6431961
24.9407768
23.0668526
29.3256340
74.8647156
157.3612671
191.1185303
147.5256195
100.9670258
48.2916222
21.2078171
13.5263367
55.2570038
127.9799118
138.6277466
98.1096191
90.9102249
104.2983856
106.1042938
95.2142792
81.5315704
67.3956528
54.4688187
53.8140945
78.6571655
98.2147217
79.0582809
48.7753029
32.7546501
29.4822483
88.2022934
113.8350677
117.8002853
118.4622421
124.8253632
133.0100403
126.5617905
90.9128799
52.6129990
20.8780441
18.5783978
42.7463722
158.8063049
283.4194946
303.6728516
236.2978363
142.3703766
64.5989685
41.5146103
53.5516853
89.1329193
91.2105408
63.9625931
40.2069244
25.4605083
19.5789795
20.0011711
17.0521069
25.5010815
87.8843460
161.7152863
178.1578217
133.6456146
94.9771576
70.3639297
40.2726288
31.1026974
20.2231083
22.9850941
62.5065155
166.7532043
184.0715332
149.6769257
96.5397034
41.4605408
10.6605949
1.4993006
0.3377433
0.2633671
13.0350637
65.2836914
100.1867065
83.5725021
43.6759071
27.6634941
32.7233238
35.3561020
29.5474224
20.5054607
12.4285545
10.6656256
27.7902641
72.7115326
99.6047668
107.0133514
99.6570511
80.4442596
60.5988464
36.8257294
27.7045059
35.3790665
54.6347351
62.5825310
56.4152451
37.6626625
14.1013021
15.8731489
9.9113817
7.9976048
27.1161861
40.4513702
39.6221123
29.4150047
14.7476835
9.8972044
8.8604050
5.0945668
2.6273165
0.7504421
2.6804252
26.1859074
64.8446350
76.0106888
61.1526413
45.5785370
34.4901314
23.2750111
18.4019833
26.6874046
46.3340378
61.4286880
65.8212433
53.8660240
39.9546967
32.9393692
28.1313744
30.4466095
60.9236832
98.1169815
94.2463837
62.9874535
38.3656731
40.5331192
52.9261169
42.6936760
38.0964890
30.2533474
18.1261597
7.4861784
1.9473048
0.7315779
0.9811510
3.6337357
12.1287203
20.3945160
22.8378563
20.5880699
17.1398468
14.9359732
13.3139906
11.6098042
11.4653530
14.8509569
21.2281513
24.7362919
16.6535568
13.5909452
31.7685299
55.3692360
60.3579216
41.4983406
23.7680244
10.4383917
5.7700400
4.8183675
6.6531377
6.8922973
6.8304505
6.8954396
5.8000236
4.5085282
6.5154672
26.5893993
64.6896133
85.4355621
66.1758499
39.0797157
22.6105766
17.2348328
30.1687908
47.8811493
50.3911438
31.9179611
13.3292646
11.7978020
8.3709488
6.4731455
9.4282761
9.5307817
5.4558415
3.8323290
4.0062122
4.4891028
2.6568751
1.1634902
0.6083646
0.4537271
0.5441703
0.6128544
1.4762729
3.0849092
3.5938475
3.1965137
3.3134196
3.8197777
4.2652721
4.3555479
4.4604492
4.5189919
3.9434381
3.3732624
3.6265194
4.1631050
4.8040915
5.3962502
5.8207889
5.6407909
5.1803041
4.7211785
4.0501757
3.8123455
3.9132738
4.4070740
3.8123319
3.2230537
3.5215011
3.7712452
4.2199926
4.3613949
3.7205434
3.2092519
2.3967845
1.6752006
0.8027707
2.3169799
29.2195702
106.4362411
222.2411194
311.4317627
293.2445984
191.8737030
109.4161072
51.9025345
22.3977585
10.6834621
57.1681213
219.5518494
357.8005371
311.7189636
148.9531403
30.8243618
11.0838909
7.0234923
8.3085766
7.7406235
3.5776169
0.8165450
1.9511778
21.1564999
82.2930832
134.7950287
130.9192200
93.3821106
62.3095016
38.1592751
61.6580200
100.5370483
99.2558823
77.7558365
47.3618660
15.7609110
41.7809525
42.5457458
41.0999870
64.5144424
90.6924667
81.2837219
79.2651901
100.2622681
117.8343048
117.5342941
90.5882034
51.3944130
39.6637688
56.5878601
57.3494644
34.1832085
18.0349617
10.5773678
4.0315261
3.8207140
19.0707283
34.8106346
56.5732269
64.2035294
55.1567841
41.2930908
28.1037750
18.5266457
13.1958132
12.2949448
13.9444389
12.5650291
8.3111887
9.5721102
13.1647377
18.8722668
21.4649830
20.6472149
18.5409546
16.7435818
16.8031845
15.6546440
18.4232426
18.9265785
19.6192455
21.8505268
24.5848179
22.9115486
15.8645477
9.5427036
7.8414717
8.2461185
8.0193062
6.7136903
4.7197371
3.7054992
3.0405316
2.0446076
1.1471086
0.8782281
0.8363099
0.9239495
1.3090937
1.7127836
2.0316546
3.0149763
3.9830747
2.8791413
0.9700526
0.5186387
0.4636293
0.5678997
0.5561833
0.5671904
0.6195630
0.4677063
0.4107719
0.4125531
0.3735168
0.4921927
0.6251397
0.8199518
1.0594161
1.2713456
1.3473017
1.3656929
1.4705149
1.5486708
1.3882757
1.3653625
1.0981312
0.6969798
0.6047520
0.6476185
0.7830342
0.9097812
0.9724464
1.3347869
1.7848082
2.1015677
6.6646481
20.7304688
55.5790405
99.4470062
115.1675110
89.9103241
54.7077484
38.5603180
29.2057934
46.2139549
144.7980499
170.4983673
119.6937866
63.1074181
57.0220070
75.2371597
83.8173599
67.9111557
90.9421616
77.0671539
31.1961975
6.9545040
4.6013646
5.8068581
7.5054517
8.9016438
10.6962023
14.1696596
19.2902679
47.4916496
93.8022614
107.5020447
92.6279907
89.0262222
83.6111908
66.0642471
44.1273918
33.9812622
52.5186043
89.7301025
86.3423386
68.3819656
103.2175293
127.1484222
115.8032074
99.4557343
74.2008514
51.2328110
65.1310577
119.1888580
117.2100983
61.7721786
24.3175659
14.3483925
14.4494400
28.5078812
41.1546593
39.0531731
34.6266518
30.9893875
24.8118858
15.8318453
22.2951374
24.4105415
21.0720329
15.3317022
14.6284313
15.2904730
14.0416012
21.6761608
40.0167427
64.6407547
65.1859283
52.3241196
34.3508720
13.2468405
4.4949026
0.9029852
1.0978875
2.0655704
2.8736944
1.8670833
0.5350642
0.6925265
9.4220247
35.7589417
62.6167984
64.1477356
41.6181602
25.4270992
35.1008072
52.4354095
58.9450912
50.5141907
35.1144943
20.7401676
18.7552147
29.0065861
36.7977676
30.2379551
17.7261124
11.3205214
6.1405172
1.9367589
6.6452031
13.4038286
23.7065468
29.9137039
25.3700600
16.9260006
11.2998199
9.7153196
10.7938633
9.1647053
6.2670355
4.7090468
2.6395652
1.0323987
0.2529200
1.9704181
21.2443371
58.0206375
78.2663651
70.5674286
52.7796631
45.6154327
36.7495461
28.4870853
20.5046597
25.8262558
48.5030136
38.5656242
28.7675133
26.0928707
23.6566753
33.8408432
43.2252617
30.7207355
12.1855822
8.6337223
13.5711823
17.7831764
14.9865322
10.3968353
8.5815945
6.9667654
13.3707657
39.6758537
70.4513474
73.6561203
48.5066071
31.6014576
16.4779491
6.1269875
2.6761518
3.0341611
2.9292693
2.3479249
1.8484672
7.1762772
16.7760010
17.8997383
5.3966284
0.9666400
7.3875642
19.4691448
14.4258995
1.5581510
0.7148006
0.6986814
0.4899326
0.2023882
0.2061303
0.2602650
0.3282882
0.4253008
0.5609821
0.7303321
0.8042847
1.0377833
1.5534534
1.8115438
1.4871678
0.9152319
0.5681090
0.4580827
3.0807760
10.7292824
18.7151604
26.2159348
33.4420471
36.8506699
34.2880516
29.8875732
24.5738144
18.0047874
13.6480503
11.7573586
12.5550270
14.0272541
16.4830227
17.8278599
19.5645847
20.0329304
19.8429203
17.0802479
13.7140369
12.6462584
7.3609037
4.2931895
2.0858109
0.7933387
11.3049021
77.6275024
144.6461334
150.8364563
103.6425476
59.1614838
35.0450058
21.8710499
16.9850636
13.1173649
8.1369514
30.4814663
63.4097443
68.4982300
57.1739197
39.9842224
19.2486706
5.0177674
7.1044335
24.2583332
46.9844017
36.9750481
17.7172050
16.6722145
24.1382904
33.3517151
41.2951927
42.6288490
35.7225494
24.8856964
15.4033356
41.8421173
90.2263260
109.9530640
102.4113464
98.9490356
112.2332077
99.5846634
88.5362473
71.6541672
61.1492386
28.2835674
60.2672462
58.9795456
36.5745888
16.3594685
4.9350095
4.3242846
13.5121880
25.8097858
18.6540241
11.8216028
20.2085609
31.0220642
38.5457306
35.4970322
24.0071335
14.5970812
10.1433506
23.4509888
45.8001022
50.1466827
28.5421867
13.5833597
13.1110859
26.5640392
23.4066639
11.6493511
24.1505184
35.3926888
39.3998528
38.3751984
29.7222404
23.5184097
22.0105724
17.7990704
7.4077325
18.6964264
52.6490669
77.8348236
76.2697754
56.5813789
34.3633995
16.6953659
8.5548306
9.0609913
10.3653212
9.1845016
11.2586060
19.5455379
41.9587173
63.6939964
61.8472023
50.8806725
43.8962479
42.1127586
48.8920288
67.8676987
83.4625473
81.8048782
84.3805847
85.9169769
69.7493591
37.0590286
26.1658936
37.2658958
52.0352859
46.0642204
28.9553909
28.0088177
36.8100967
36.7294006
27.3083839
16.0119572
7.2261996
6.7657676
32.3893623
61.7408829
74.8660355
78.4296570
90.8156509
105.5203705
106.2847443
95.2867737
69.9396667
35.0660553
5.9903936
12.7431536
12.3861704
9.5136881
3.9978321
0.5981407
0.3575342
0.3404173
0.4215453
0.4775467
0.5577403
0.6332500
3.3401039
9.5611286
27.8426647
75.4099579
117.4476471
106.3094864
63.5024071
47.1611862
60.1382828
89.2376709
66.1295776
12.7519026
0.7848713
0.7210115
20.9439316
76.8691711
128.7316895
144.6621552
128.5253296
107.6351929
97.4640045
88.8618622
69.0335388
55.1137123
65.1462860
79.9366531
82.3527756
79.8066177
87.0651932
87.4205093
71.0712280
47.0252686
31.1002121
84.7179108
66.7590332
34.1241608
15.5943222
15.4810209
18.8920841
16.7778339
10.1507015
10.2943811
14.2072067
12.5189085
7.6396551
4.4349408
2.7495587
3.7648468
22.7129803
58.0379105
75.2891312
56.2694817
29.4155598
14.4759169
12.1582937
10.1559563
22.7167702
43.7501373
58.0748024
56.3827515
54.8442993
48.3928223
25.2204990
14.1883659
10.1376371
4.7081809
16.7101269
81.9573288
135.2767181
109.2903671
54.6867752
25.5914669
5.9472685
2.2887676
3.7625976
2.6657798
8.4636698
37.0500259
87.8633957
135.6488647
135.3032837
91.8376770
63.8177643
51.6735001
47.5473900
38.6604576
30.3337059
38.7123184
23.6849747
18.2348843
18.5357685
28.9182835
36.3823586
31.9507370
21.1853714
14.9386044
20.4417915
30.0976276
31.1837387
26.4812546
17.5642433
9.5190420
10.5678520
20.0411606
30.4017658
33.6631927
29.4048843
28.1750374
24.5552826
19.6165619
12.3065882
40.2835007
49.8948975
35.4820290
19.0484581
10.3261499
7.8754930
9.1231480
11.9328146
14.2357512
13.1455097
13.7806997
18.3120022
14.1226578
12.3975258
13.7408323
16.0674229
18.8533401
23.2015114
30.3260040
34.5678329
29.6041107
25.8226929
31.2077579
36.6807632
34.0828171
28.6422920
22.7907372
15.3840427
10.1488962
7.9921217
14.1299448
29.5036278
45.7848892
45.7193565
29.0568504
23.3501720
12.7030430
4.8857675
2.2182338
2.2300069
1.6920040
1.0451353
0.6039546
0.2578357
0.0927840
0.0124119
0.0005620
0.0000000
0.0000000
0.0000000
0.0000000
0.0000000
0.0000000
0.0000000
0.0000000
0.0000000
0.0000000
0.0000000
0.0000000
0.0000000
0.0000000
0.0000000
0.0000000
0.0000000
0.0000000
0.0000000
0.0000000
0.0000000
0.0000000
0.0000000
0.0000000
0.0000000
0.0000000
0.0000000
0.0000000
0.0000000
0.0000000
0.0000000
0.0000000
0.0000000
0.0000000
0.0000000
0.0000000
0.0000000
0.0000000
0.0000000
0.0000000
0.0000000
0.0000000
0.0000000
0.0000000
0.0000000
0.0000000
0.0000000
0.0000000
0.0000000
0.0000000
0.0000000
0.0000000
0.0000000
0.0000000
0.0000000
0.0000000
0.0000000
0.0000000
0.0000000
0.0000000
0.0000000
0.0000000
0.0000000
0.0000000
0.0000000
0.0000000
0.0000000
0.0000000
0.0000000
0.0000000
0.0000000
0.0000000
0.0000000
0.0000000
0.0000000
0.0000000
0.0000000
0.0000000
0.0000000
0.0000000
0.0000000
0.0000000
0.0000000
0.0000000
0.0000000
0.0000000
0.0000000
0.0000000
0.0000000
0.0000000
0.0000000
0.0000000
0.0000000
0.0000000
0.0000000
0.0000000
0.0000000
0.0000000
0.0000000
0.0000000
0.0000000
0.0000000
0.0000000
0.0000000
0.0000000
0.0000000
0.0000000
0.0000000
0.0000000
0.0000000
0.0000000
0.0000000
0.0000000
0.0000000
0.0000000
0.0000000
0.0000000
0.0000000
0.0000000
0.0000000
0.0000000
0.0000000
0.0000000
0.0000000
0.0000000
0.0000000
0.0000000
0.0000000
0.0000000
0.0000000
0.0000000
0.0000000
0.0000000
0.0000000
0.0000000
0.0000000
0.0000000
0.0000000
0.0000000
0.0000000
0.0000000
0.0000000
0.0000000
0.0000000
0.0000000
0.0000000
0.0000000
0.0000000
0.0000000
0.0000000
0.0000000
0.0000000
0.0000000
0.0000000
0.0000000
0.0000000
0.0000000
0.0000000
0.0000000
0.0000000
0.0000000
0.0000000
0.0000000
0.0000000
0.0000000
0.0000000
0.0000000
0.0000000
0.0000000
0.0000000
0.0000000
0.0000000
0.0000000
0.0000000
0.0000000
0.0000000
0.0000000
0.0000000
0.0000000
0.0000000
0.0000000
0.0000000
0.0000000
0.0000000
0.0000000
0.0000000
0.0000000
0.0000000
0.0000000
0.0000000
0.0000000
0.0000000
0.0000000
0.0000000
0.0000000
0.0000000
0.0000000
0.0000000
0.0000000
0.0000000
0.0000000
0.0000000
0.0000000
0.0000000
0.0000000
0.0000000
0.0000000
0.0000000
0.0000000
0.0000000
0.0000000
0.0000000
0.0000000
0.0000000
0.0000000
0.0000000
0.0000000
0.0000000
0.0000000
0.0000000
0.0000000
0.0000000
0.0000000
0.0000000
0.0000000
0.0000000
0.0000000
0.0000000
0.0000000
0.0000000
0.0000000
0.0000000
0.0000000
0.0000000
0.0000000
0.0000000
0.0000000
0.0000000
0.0000000
0.0000000
0.0000000
0.0000000
0.0000000
0.0000000
0.0000000
0.0000000
0.0000000
0.0000000
0.0000000
0.0000000
0.0000000
0.0000000
0.0000000
0.0000000
0.0000000
0.0000000
0.0000000
0.0000000
0.0000000
0.0000000
0.0000000
0.0000000
0.0000000
0.0000000
0.0000000
0.0000000
0.0180735
0.3612522
1.0414685
1.4320338
1.1791223
0.6739004
0.4710432
0.7016734
0.9987990
0.9999226
1.1781607
5.3029823
10.3886099
8.7897186
1.6057292
0.3613058
0.2935948
0.2285008
0.4864773
5.2040277
12.5122442
14.8778095
9.9392891
3.9111125
0.9030028
0.3808154
0.3689233
1.7651273
2.8476448
2.7239289
2.7185197
2.3955605
2.2445683
2.5958328
3.1597161
3.5352855
3.8029201
4.6482038
5.2155733
4.8825731
4.4821887
4.4761462
4.9835243
6.3423891
7.5894227
10.5417051
12.8544254
12.2552452
9.6897831
6.9349337
3.9616287
1.1548121
0.3948663
0.2809402
0.2070721
0.3556949
0.4471534
9.6967983
42.3307190
79.7079391
101.8488312
112.9411087
114.7101822
106.5514374
117.1666794
143.5258942
202.6868591
241.9057312
225.8249817
188.7779999
171.0949097
168.0579376
166.5362244
138.5343781
130.3978271
149.1773376
134.0342560
123.9049454
129.6692810
134.8681183
114.3233109
89.4821625
72.6087265
49.8189774
62.4137650
76.5492783
54.7629852
86.4575500
111.0163193
98.1224136
67.9510269
25.4737396
120.6276016
167.0977173
150.1061096
110.5837860
51.6610107
76.7028122
115.1486511
92.3602753
63.0249825
68.4482346
88.2195206
95.2697906
102.4131241
102.8226089
86.7663727
59.4247627
29.5542412
52.5739784
70.7583771
67.6049652
58.4329987
37.3142166
64.9924469
110.3010025
97.6527710
65.7592926
49.8109169
36.8416443
29.4378605
20.8929691
15.1788149
10.9487076
42.6202698
88.7130280
80.0023346
53.8144379
41.7342682
47.6299858
60.0276299
58.0586662
53.5525551
59.0502090
73.5533981
74.9405060
65.6767120
54.1443558
58.7776985
77.6483002
83.7102280
69.3773804
53.4896851
60.1387482
74.8396988
98.9984131
73.9829559
41.3992462
30.3343258
24.2190933
21.8441906
22.8649902
33.4745789
74.5239334
97.3816223
85.4138412
70.0598526
52.2966080
28.8140488
4.5540190
2.2336063
33.1027489
101.3610840
130.3795471
101.7248230
90.2788239
126.8056183
138.1260681
104.5722656
68.2372437
60.3554611
80.4040680
86.4966507
63.4151459
48.4194412
68.4913330
108.3493347
147.8529663
168.5015564
140.8446808
95.7220840
77.7122498
92.0883179
119.1527252
128.6397858
106.7846756
76.3679199
55.1588097
35.0009956
47.4355850
51.3883743
25.2902679
20.2381268
45.6928253
33.3143463
17.9774380
25.0820160
22.8216343
17.5771503
21.6744251
39.6086273
32.7694016
18.2022934
11.9979897
12.5322895
32.4089737
97.4316635
139.2987671
120.9139481
70.6691055
36.4425430
16.2903271
11.2523193
14.2216902
15.2548723
14.4666872
10.9845905
17.6595497
74.8702087
158.9545898
193.6134033
154.7361755
128.9752502
109.9714661
79.5709457
42.2493820
39.8787003
108.3263550
104.7808533
96.7492218
85.8006516
69.8338547
48.4135056
31.7660980
55.6309471
78.8873901
85.6439590
73.8091736
113.4832687
205.3968048
221.4076233
191.0677032
175.3397064
190.2261353
197.1179657
185.8995361
159.6648254
133.4253693
106.9850388
72.4629822
53.8923683
92.9934082
149.7612457
153.5758972
131.9718475
113.1110840
91.8721085
69.8302917
53.3760605
60.8026848
104.4499741
120.7888641
95.3084717
71.4975052
61.8230171
73.2588730
84.1045380
70.7471542
42.0203552
25.3463230
44.6675301
108.0401077
139.1929321
111.6734924
63.3589592
40.2688103
41.9065475
49.1311913
30.5753441
11.1747704
4.2370305
0.8916079
0.7711065
1.2222600
10.7540255
42.5509872
82.3545227
105.2577133
91.7710266
59.1459846
41.1676216
33.2006340
39.4507256
41.8047943
27.8657074
19.6344795
50.4504509
91.8682480
134.7041931
140.8809814
84.3119507
50.8497047
26.2998352
9.9685183
13.3803701
48.4393883
89.0962296
111.5482788
107.3042908
106.1050720
106.0847626
79.9323044
44.1456528
27.0017014
24.5240517
26.1336861
71.3533478
103.3312683
79.7547379
39.9621964
26.0006504
15.7302933
9.2815180
13.9157362
19.9635391
21.1222305
26.2421722
31.2415886
33.2983093
25.9186497
11.0219669
16.8535881
32.4040871
25.0596180
10.8391647
2.0217700
9.2165165
6.1103430
14.7200584
26.6158123
29.3896332
30.4332142
40.1465607
70.8469391
107.8619766
137.5027313
136.4841309
123.7485886
98.5377045
78.6343918
61.3097763
45.7421684
32.3179398
24.3683987
15.2089844
22.9627743
29.0327778
30.7630711
25.4297771
62.7873039
147.1857605
213.5914612
194.3831940
124.2011719
79.8683243
49.0609894
29.2330513
63.1121216
122.5865326
162.8500977
172.2570190
176.7539520
164.3067017
104.5175323
50.1758652
31.0961304
12.8847542
4.2286701
4.5249319
9.9107466
13.4703360
13.3090134
11.6299381
9.7210312
6.9585600
4.2202992
2.7368951
2.6568274
2.1338880
1.5463417
1.5612662
2.0458274
3.6678002
4.1177034
13.2193089
37.2428932
62.7032700
80.4051666
89.2288361
75.6927795
43.9943771
27.0619011
36.2362289
40.9200706
30.3943748
18.5854149
24.6619282
20.9395981
15.2756948
12.0735731
19.0337811
28.6428947
23.0968037
15.8464565
10.8259087
8.2719746
11.4349623
28.3397617
39.0571213
31.7403584
20.3508339
11.7493229
10.9369488
17.9056702
35.1780052
50.7565613
52.6593208
52.7045364
62.1538963
94.7231674
95.6783676
96.9383011
109.8266144
134.0950470
160.9307861
162.1414185
135.3013306
100.2098007
84.0641022
79.3303375
67.7903137
45.0171280
24.1275883
20.5259514
17.0014629
16.8787231
19.3333092
24.1804848
26.6345863
23.8025970
28.3337631
64.0848236
107.0940475
105.6634216
76.9052887
80.1906815
81.5230331
69.2433090
52.2061768
36.2096062
22.6859894
14.3468475
27.2749519
35.9419022
39.9550667
48.5572548
39.4453888
20.9191093
7.9492087
13.5908117
13.5789480
28.7319412
39.6017380
39.6722717
39.9063492
37.8330956
45.3707771
69.1422348
81.7879181
76.1413651
58.8963318
53.0128174
37.4145126
17.5375328
43.2244644
47.3575706
27.5869408
67.4724579
60.1768417
40.0619316
26.2015190
13.3583717
70.2204132
109.9278793
83.7418594
27.5974464
5.4892516
1.1377492
0.5338961
3.5941575
14.2502470
16.2515984
14.1059570
12.0903788
10.6926346
9.1601067
8.6654806
8.5569201
9.4966221
10.6289759
8.7494221
8.9239645
8.8171959
8.3502369
8.2411957
7.1622543
6.5407133
6.7595239
7.3995953
7.4042463
6.8792086
5.8962669
5.0815992
4.8544846
4.3678222
4.6903324
4.4309464
4.5305095
4.4095507
3.2275381
2.3204880
1.9066405
1.8894556
1.3618119
1.0832542
1.0813131
0.8780140
0.7400542
0.5935400
0.6303433
0.7072278
0.7405975
0.9234490
1.2835054
1.1844745
1.7314223
2.8974862
2.6202044
0.8893205
0.4161770
0.7148070
0.8670048
1.1168430
1.1282923
0.9368944
0.5282137
0.3510122
0.4277938
0.5206350
0.6587623
0.7464248
0.8677038
1.0607408
1.4827852
1.6822010
1.2018572
3.2834432
8.7442970
12.9614162
18.8168316
35.1700401
64.3093109
107.8942184
140.8897400
130.9763947
91.4020538
66.9310226
52.9270477
46.3758850
58.1898499
64.1610413
33.8271980
12.6101713
8.3015690
11.8588352
79.1337051
146.7800446
231.6741180
279.6088257
225.3078003
138.8303833
50.7093506
44.3973236
39.6928902
26.0789127
19.2999668
24.0460682
33.5388412
29.9883041
13.3475790
5.3608637
5.4719839
14.8461533
50.8832779
83.7457199
96.0562439
108.8066254
132.2684937
144.5974121
136.7061157
138.4481812
143.9355469
140.3668060
137.6852722
131.2762909
117.3250351
99.2950439
78.7467880
50.6669502
38.5502205
104.6237564
138.3712921
156.8797913
157.4228210
159.1464691
168.0692291
174.9701996
157.6416473
143.5924683
125.1808014
97.9666901
68.8796616
36.3195992
84.7658234
90.5096130
51.9283371
27.1647186
32.2243080
34.4606705
25.9705639
18.4588776
16.9915218
40.5047836
97.0139084
133.0468903
106.6720123
59.6761742
32.5511971
17.6115532
13.5325584
17.3103466
44.9778404
78.3029099
57.0788155
20.8321686
22.5457134
50.8671227
83.4603424
71.0452881
36.5293884
19.0211334
11.8358717
10.8836851
10.8537169
12.9853067
21.0484772
28.6300774
34.4790421
38.4219742
40.3224907
38.8910103
34.3581848
27.7362137
16.9242554
4.3848486
1.0522208
17.2951336
84.0390320
144.0953369
144.1524963
94.1885605
54.5047646
30.7155685
12.8516293
13.8069000
27.7879944
30.6500092
36.2717285
58.8747139
90.6199188
109.6354294
102.5121613
70.7619934
37.1062813
12.2522411
3.5503764
5.2724295
13.2211475
16.2641792
12.8109035
10.0404520
8.7719460
20.5608311
72.9978180
126.2325745
124.5702362
84.8440552
58.3605652
30.3379440
17.3718109
13.8507252
13.8329086
14.6914663
17.4020710
25.0880756
39.7578506
53.8684502
62.9144592
62.5650826
56.0752411
47.4888954
37.0079575
26.9052448
16.6273079
20.4784527
40.3751869
52.3745689
63.6634598
63.8291016
48.8499603
28.4001255
15.9254932
25.5356979
56.6831551
66.8855362
49.1392479
60.8516426
56.3419914
27.7269115
20.3663254
17.6505795
26.0727749
47.6929893
30.4893417
18.3962364
30.7681332
57.8997002
52.1659508
31.0607147
12.7422113
11.5302792
10.5546741
10.0992556
10.2736025
7.5163136
5.9887896
4.4449711
4.0102296
3.4721406
3.2165043
3.9184132
4.6150913
3.3828602
2.2987478
1.6287522
1.3190248
2.0259683
3.1381068
3.7898636
3.7152202
3.7456207
3.6993551
3.4914620
3.4818096
3.9702764
3.7499988
2.9000101
2.8212016
3.4616807
2.9913239
3.2413604
2.7203622
1.7296726
1.2107619
1.3477234
1.7351444
1.7785184
1.8170444
1.5593430
1.4739410
1.3918569
1.5601530
1.2780240
0.9075263
0.4821351
0.2560264
0.3759174
0.4308139
0.5322506
0.5118792
0.4937567
0.5980545
0.7946285
0.8802758
0.9937156
1.3897779
8.1281137
21.6989765
32.6209259
49.5934525
80.7283783
109.2473526
100.8490524
62.2648201
27.7958584
11.8477154
6.3709884
3.7494705
6.8954062
12.5614824
15.2247324
13.5013170
15.7513056
23.1932602
37.5304642
47.0215607
38.4663544
26.4089508
22.9261341
21.5674496
24.5867081
24.1427498
21.1226788
16.7397995
12.5717716
10.5686169
12.0092583
18.1759148
23.2931309
25.9007282
26.8865356
17.9771996
10.3022470
9.7654533
11.4352589
17.4676418
16.9332008
16.7696304
20.1021881
22.0672836
20.3641949
20.5361557
25.6927166
24.5540638
26.6801262
36.6231537
46.2595024
44.3453026
36.0203362
32.7843971
23.3114891
21.4235458
23.4188843
35.0520134
23.1342182
14.8402395
15.9940491
17.0003757
17.5406075
12.4593678
6.9023852
7.0577059
20.6090221
27.8131504
13.3040581
6.0902691
4.5044346
4.2659779
4.8204937
4.2753105
3.5738754
2.8100164
1.6627166
1.2240641
1.2407284
1.6573591
1.6807418
1.5890809
8.3248539
21.0769520
34.4104042
55.0585480
74.4155045
88.0576553
94.7949753
86.9099960
77.9110336
74.1489792
64.0545273
37.8373299
13.7060022
2.8570554
15.7910633
66.3016052
106.4042206
85.0675354
52.2918053
44.5008965
60.2120132
64.3791962
51.3357658
30.5792084
25.5770912
31.6572704
15.9941034
1.8655815
0.1461390
0.3725564
14.0616503
43.2724571
44.8113708
32.9615555
33.3441505
30.3777370
21.5383873
16.9302673
16.4091721
18.1094170
30.5770931
56.2999725
74.5729752
65.2908707
41.0864525
29.7620106
32.1930084
34.0842972
30.4469852
26.6895180
29.3232002
37.6635895
39.5999718
45.4513817
49.0308342
38.4197769
38.1088448
39.5464821
38.9882584
39.1960335
26.4583225
26.9644737
36.3850899
43.8096771
43.4522552
28.7031002
22.4149628
28.1210556
17.8858566
9.7876959
1.9034328
0.2043807
0.3442103
1.8031899
8.4238586
18.0567055
27.8917828
33.8259964
33.1216812
25.1427498
16.4331703
11.4813099
5.6972084
2.1283374
2.3003561
20.7405510
61.2729797
85.8478241
68.7002029
31.1776180
11.5862598
5.9626002
4.3655806
0.4003090
0.2916491
0.4228246
1.4048839
7.7019739
13.1779356
12.5303230
14.1111984
28.1701565
52.3202667
77.8482666
83.1359711
65.0224762
48.1611328
53.7218246
55.1435204
39.2479057
14.8074455
12.8354216
16.9408588
18.5136833
20.9219551
27.5263500
31.4538040
31.8859577
32.1013489
29.4118938
18.0061092
5.3742371
1.5171397
0.5105560
0.3878643
10.5583019
45.1158066
64.7537918
52.2346039
25.7024078
11.2750940
8.9263744
10.0368910
9.1056356
5.7025957
3.2325356
4.8207722
18.0702343
25.7133560
19.6318588
8.2434597
5.3188510
3.9308965
6.7425857
10.5458298
17.6276207
30.2721558
41.4406509
36.3413429
36.7302818
39.7705650
34.0217552
23.1775055
16.9257679
14.8812237
13.1240978
26.3020401
30.3012276
29.9222717
33.1189461
33.4547310
27.1997700
19.6236668
16.0758400
11.9945498
11.1362391
11.0694695
13.2193289
11.4644012
5.9397817
1.7382678
0.6284454
1.0467508
1.3837754
0.8055637
0.3669940
0.3130913
0.6481172
1.5371728
1.6176826
0.6452162
0.0890217
0.0172433
0.0009928
0.0000000
0.0000000
0.0000000
0.0000000
0.0000000
0.0000000
0.0000000
0.0000000
0.0000000
0.0000000
0.0000000
0.0000000
0.0000000
0.0000000
0.0000000
0.0000000
0.0000000
0.0000000
0.0000000
0.0000000
0.0000000
0.0000000
0.0000000
0.0000000
0.0000000
0.0000000
0.0000000
0.0000000
0.0000000
0.0000000
0.0000000
0.0000000
0.0000000
0.0000000
0.0000000
0.0000000
0.0000000
0.0000000
0.0000000
0.0000000
0.0000000
0.0000000
0.0000000
0.0000000
0.0000000
0.0000000
0.0000000
0.0000000
0.0000000
0.0000000
0.0000000
0.0000000
0.0000000
0.0000000
0.0000000
0.0000000
0.0000000
0.0000000
0.0000000
0.0000000
0.0000000
0.0000000
0.0000000
0.0000000
0.0000000
0.0000000
0.0000000
0.0000000
0.0000000
0.0000000
0.0000000
0.0000000
0.0000000
0.0000000
0.0000000
0.0000000
0.0000000
0.0000000
0.0000000
0.0000000
0.0000000
0.0000000
0.0000000
0.0000000
0.0000000
0.0000000
0.0000000
0.0000000
0.0000000
0.0000000
0.0000000
0.0000000
0.0000000
0.0000000
0.0000000
0.0000000
0.0000000
0.0000000
0.0000000
0.0000000
0.0000000
0.0000000
0.0000000
0.0000000
0.0000000
0.0000000
0.0000000
0.0000000
0.0000000
0.0000000
0.0000000
0.0000000
0.0000000
0.0000000
0.0000000
0.0000000
0.0000000
0.0000000
0.0000000
0.0000000
0.0000000
0.0000000
0.0000000
0.0000000
0.0000000
0.0000000
0.0000000
0.0000000
0.0000000
0.0000000
0.0000000
0.0000000
0.0000000
0.0000000
0.0000000
0.0000000
0.0000000
0.0000000
0.0000000
0.0000000
0.0000000
0.0000000
0.0000000
0.0000000
0.0000000
0.0000000
0.0000000
0.0000000
0.0000000
0.0000000
0.0000000
0.0000000
0.0000000
0.0000000
0.0000000
0.0000000
0.0000000
0.0000000
0.0000000
0.0000000
0.0000000
0.0000000
0.0000000
0.0000000
0.0000000
0.0000000
0.0000000
0.0000000
0.0000000
0.0000000
0.0000000
0.0000000
0.0000000
0.0000000
0.0000000
0.0000000
0.0000000
