0.0000000
0.0000000
0.0000000
0.0000000
0.0000000
0.0000000
0.0000000
0.0000000
0.0000000
0.0000000
0.0000000
0.0000000
0.0000000
0.0000000
0.0000000
0.0000000
0.0000000
0.0000000
0.0000000
0.0000000
0.0000000
0.0000000
0.0000000
0.0000000
0.0000000
0.0000000
0.0000000
0.0000000
0.0000000
0.0000000
0.0000000
0.0000000
0.0000000
0.0000000
0.0000000
0.0000000
0.0000000
0.0000000
0.0000000
0.0000000
0.0000000
0.0000000
0.0000000
0.0000000
0.0000000
0.0000000
0.0000000
0.0000000
0.0000000
0.0000000
0.0000000
0.0000000
0.0000000
0.0000000
0.0000000
0.0000000
0.0000000
0.0000000
0.0000000
0.0000000
0.0000000
0.0000000
0.0000000
0.0000000
0.0000000
0.0000000
0.0000000
0.0000000
0.0000000
0.0000000
0.0000000
0.0000000
0.0000000
0.0000000
0.0000000
0.0000000
0.0000000
0.0000000
0.0000000
0.0000000
0.0000000
0.0000000
0.0000000
0.0000000
0.0000000
0.0000000
0.0000000
0.0000000
0.0000000
0.0000000
0.0000000
0.0000000
0.0000000
0.0000000
0.0000000
0.0000000
0.0000000
0.0000000
0.0000000
0.0000000
0.0000000
0.0000000
0.0000000
0.0000000
0.0000000
0.0000000
0.0000000
0.0000000
0.0000000
0.0000000
0.0000000
0.0000000
0.0000000
0.0000000
0.0000000
0.0000000
0.0000000
0.0000000
0.0000000
0.0000000
0.0000000
0.0000000
0.0000000
0.0000000
0.0000000
0.0000000
0.0000000
0.0000000
0.0000000
0.0000000
0.0000000
0.0000000
0.0000000
0.0000000
0.0000000
0.0000000
0.0000000
0.0000000
0.0000000
0.0000000
0.0000000
0.0000000
0.0000000
0.0000000
0.0000000
0.0000000
0.0000000
0.0000000
0.0000000
0.0000000
0.0000000
0.0000000
0.0000000
0.0000000
0.0000000
0.0000000
0.0000000
0.0000000
0.0000000
0.0000000
0.0000000
0.0000000
0.0000000
0.0000000
0.0000000
0.0000000
0.0000000
0.0000000
0.0000000
0.0000000
0.0000000
0.0000000
0.0000000
0.0000000
0.0000000
0.0000000
0.0000000
0.0000000
0.0000000
0.0000000
0.0000000
0.0000000
0.0000000
0.0000000
0.0000000
0.0000000
0.0000000
0.0000000
0.0000000
0.0000000
0.0000000
0.0000000
0.0000000
0.0000000
0.0000000
0.0000000
0.0000000
0.0000000
0.0000000
0.0000000
0.0058741
0.2122675
0.7421108
1.2071517
1.2201148
0.9037158
0.7197447
0.6161531
0.4525846
0.5583482
0.6020249
1.4714055
3.2338238
5.7785339
9.2285414
11.4478045
10.5639305
7.0625687
3.7462530
2.2202668
2.1746740
2.9377632
6.2388353
16.1563148
23.9661903
22.9995403
16.5090733
10.6377306
7.5725489
6.1547155
6.2383947
10.6246099
20.0599041
21.6061325
12.9014912
3.5102611
3.9396207
8.1261578
11.3560152
13.9537125
63.2691193
172.7617950
244.6229706
184.7400665
44.2098541
3.1169980
1.6127005
4.6486988
21.0466728
238.4866028
679.9729004
910.8704224
741.2459106
538.8121338
410.5593872
260.6382141
26.8798504
2.6886408
0.3997531
2.8786600
272.8716431
782.1513672
973.2841797
673.3530273
358.2131042
113.6806183
109.5018997
7.5075250
0.2916168
0.1407236
1.1204998
2.0148685
43.0279732
219.9227295
432.6499329
521.4087524
439.9052124
302.5700073
142.9076080
45.5556488
17.3752403
1.2739960
0.1648396
0.0442457
0.3367262
0.6214479
1.6963474
20.8703537
90.0767441
198.9264069
275.7828979
232.3239746
84.2287674
9.5475760
1.1357702
0.0960086
0.0191769
0.2384193
0.5737910
0.6228021
1.0418569
27.4204121
115.3522339
201.7379608
182.0206299
59.2869072
3.1570277
0.6175346
0.0988201
0.1277317
0.5300876
1.2337781
1.2860996
1.0133781
7.3789554
48.6156578
124.0531387
176.8646393
146.7350922
47.7889061
4.3931241
0.2709848
0.0859237
0.1259563
0.3114105
0.3611230
0.3970293
0.5552298
0.9641519
3.6892505
11.2999954
17.6503677
14.4436131
4.1520519
0.4371928
0.4078377
0.6337396
0.9431456
1.2055502
1.3190475
2.1608415
3.7584553
5.8904443
7.2370763
5.5825839
1.7922244
0.3639967
0.2688119
2.8526974
17.6781540
39.6161804
62.4924393
85.5465851
109.0225983
120.5106964
110.2516556
87.4642181
69.5407639
67.2423248
88.1118774
105.7601013
100.1446686
83.5290146
63.5314407
37.9923172
10.8683424
3.9556084
2.3005869
1.7960367
5.9920025
18.7020950
27.1823177
21.8822060
13.2584543
16.9978008
31.5567837
35.2510719
19.2305927
5.8735666
6.8055325
6.9356723
5.7762246
5.9785080
11.5055103
26.0816936
34.1606941
23.1722908
6.5808048
1.5166217
1.3764888
13.3584270
38.3389168
40.4799004
15.5346489
0.6970953
0.3705969
0.6076280
0.7581763
1.1413175
9.2435207
26.4342022
34.6142807
21.5634670
3.4284072
0.6554281
3.9567137
17.1605072
27.0766544
17.4357605
3.1138508
1.2333816
2.3477621
10.0525818
27.4735909
31.8317337
16.9933319
3.3613596
1.2974772
1.9121147
1.6242261
2.3437269
2.2221723
1.7231028
1.2309206
0.6985556
0.1183439
0.0025949
0.0008989
0.0000000
0.0000000
0.0000000
0.0000000
0.0000000
0.0000000
0.0000000
0.0000000
0.0000000
0.0000000
0.0000000
0.0000000
0.0000000
0.0000000
0.0000000
0.0000000
0.0000000
0.0000000
0.0000000
0.0000000
0.0000000
0.0000000
0.0000000
0.0000000
0.0000000
0.0000000
0.0000000
0.0000000
0.0000000
0.0000000
0.0000000
0.0000000
0.0000000
0.0000000
0.0000000
0.0000000
0.0000000
0.0000000
0.0000000
0.0000000
0.0000000
0.0000000
0.0000000
0.0000000
0.0000000
0.0000000
0.0000000
0.0000000
0.0000000
0.0000000
0.0000000
0.0000000
0.0000000
0.0000000
0.0000000
0.0000000
0.0000000
0.0000000
0.0000000
0.0000000
0.0000000
0.0000000
0.0000000
0.0000000
0.0000000
0.0000000
0.0000000
0.0000000
0.0000000
0.0000000
0.0000000
0.0000000
0.0000000
0.0000000
0.0000000
0.0000000
0.0000000
0.0000000
0.0000000
0.0000000
0.0000000
0.0000000
0.0000000
0.0000000
0.0000000
0.0000000
0.0000000
0.0000000
0.0000000
0.0000000
0.0000000
0.0000000
0.0000000
0.0000000
0.0000000
0.0000000
0.0000000
0.0000000
0.0000000
0.0000000
0.0000000
0.0000000
0.0000000
0.0000000
0.0000000
0.0000000
0.0000000
0.0000000
0.0000000
0.0000000
0.0000000
0.0000000
0.0000000
0.0000000
0.0000000
0.0000000
0.0000000
0.0000000
0.0000000
0.0000000
0.0000000
0.0000000
0.0000000
0.0000000
0.0000000
0.0000000
0.0000000
0.0000000
0.0000000
0.0000000
0.0000000
0.0000000
0.0000000
0.0000000
0.0000000
0.0000000
0.0000000
0.0000000
0.0000000
0.0000000
0.0000000
0.0000000
0.0000000
0.0000000
0.0000000
0.0000000
0.0000000
0.0000000
0.0000000
0.0000000
0.0000000
0.0000000
0.0000000
0.0000000
0.0000000
0.0000000
0.0000000
0.0000000
0.0000000
0.0000000
0.0000000
0.0000000
0.0000000
0.0000000
0.0000000
0.0000000
0.0000000
0.0000000
0.0000000
0.0000000
0.0000000
0.0000000
0.0000000
0.0000000
0.0000000
0.0000000
0.0000000
0.0000000
0.0000000
0.0000000
0.0000000
0.0000000
0.0000000
0.0000000
0.0000000
0.0000000
0.0000000
0.0000000
0.0000000
0.0000000
0.0000000
0.0000000
0.0000000
0.0000000
0.0000000
0.0000000
0.0000000
0.0000000
0.0000000
0.0000000
0.0000000
0.0000000
0.0000000
0.0000000
0.0000000
0.0000000
0.0000000
0.0000000
0.0000000
0.0000000
0.0000000
0.0000000
0.0000000
0.0000000
0.0000000
0.0000000
0.0000000
0.0000000
0.0000000
0.0000000
0.0000000
0.0000000
0.0000000
0.0000000
0.0000000
0.0000000
0.0000000
0.0000000
0.0000000
0.0000000
0.0000000
0.0000000
0.0000000
0.0000000
0.0000000
0.0000000
0.0000000
0.0000000
0.0000000
0.0000000
0.0000000
0.0000000
0.0000000
0.0000000
0.0000000
0.0000000
0.0000000
0.0000000
0.0000000
0.0000000
0.0000000
0.0000000
0.0000000
0.0000000
0.0000000
0.0000000
0.0000000
0.0000000
0.0000000
0.0000000
0.0000000
0.0000000
0.0000000
0.0000000
0.0000000
0.0000000
0.0000000
0.0467300
0.3759652
0.8917128
1.1806303
1.1492871
12.3508930
96.2243652
337.4633789
605.0601196
629.5425415
381.7525024
224.4862671
175.6256409
84.4563293
22.7161503
16.7971001
32.3504601
58.5361252
95.0990295
275.3946838
516.7537842
670.0570679
785.5880127
680.7900391
397.0527344
136.9473114
33.6505318
12.4195681
7.9863186
6.3254967
26.8843765
220.8171234
437.9917603
418.2602539
271.1622009
218.8013611
280.6477966
185.7517395
51.3463326
6.3866682
2.6559234
4.5650549
8.0138454
31.3074036
71.6868591
79.6412125
48.2370644
39.7172089
73.6414032
152.3420410
188.6035156
103.2512589
25.2728577
2.6497731
0.5333102
0.3067120
0.4333520
0.6343074
0.4907509
0.4735341
2.3655443
24.9198265
59.2715874
67.5180435
38.1800308
6.0871243
0.9212977
0.3714654
0.2996619
0.2083216
1.5718569
8.5795336
18.7810287
30.4924297
46.7544022
75.2197876
115.9645996
147.3163757
155.2041779
141.3772278
121.4181747
131.4884949
191.7533875
253.2923279
283.9284668
203.8458405
71.5304337
22.3992348
8.2233753
4.1487479
10.1900272
28.4040070
62.1772308
65.1585846
40.1320839
17.8688602
12.6919584
74.4921341
232.2806702
374.0539551
340.0806274
156.1267853
56.7444992
87.7725983
222.9151917
331.7251892
243.1938782
141.9219055
77.7412415
36.8269882
15.3929758
3.3044930
1.8457968
13.3039503
73.1078644
139.6849365
150.7459106
127.0607147
84.3365860
64.1046753
46.1408882
20.8489990
9.0333977
29.7228355
120.4175873
264.8456421
436.7409668
543.4990234
411.1028137
153.2660370
16.0531940
5.0034971
11.2771168
101.8722229
278.9443054
310.5183716
177.9788818
89.1859970
53.1183167
44.8940353
34.3509254
26.4788246
24.8953896
17.2515488
13.4059114
11.0661821
10.0122318
35.9910431
141.6551514
242.8867798
227.9890137
136.0496979
66.0326233
34.2130699
7.3215857
3.6704566
13.9780626
40.5782814
91.4877243
94.4513016
39.6942444
3.8127828
0.9984416
21.2693005
204.9447937
449.4884033
478.3969421
266.7408752
61.6881180
113.5914459
222.9961395
247.4264832
208.6897583
104.1071930
38.0880470
1.6580367
0.3127118
0.1099667
0.6946351
20.8040104
48.4968567
52.6158371
38.8245926
42.1300354
56.5681877
46.2615776
19.5198402
4.9975510
0.4746010
0.2954497
0.1921278
3.2457736
25.9050484
47.4851532
42.3745689
13.5445662
1.1104603
0.5883768
0.5381777
0.3775218
0.6300509
0.7332215
1.0026104
6.4462137
21.7741089
49.0028725
90.2825699
132.5311432
148.9155426
130.3695984
96.5130920
81.0029755
90.7496033
102.9407196
122.5278625
167.0360870
249.7572327
317.0656738
253.8936768
110.2989502
31.4736233
16.3704720
20.2930546
24.5895538
9.0300140
8.3814754
19.4433575
28.9505463
37.3753662
67.8774033
102.3888779
109.7813797
68.9086304
20.8387623
5.0315075
2.7227106
5.6940250
13.6556377
8.4844923
5.1663918
14.7001591
42.1239166
82.5090332
115.8627548
123.3655090
102.0701294
79.9425812
75.3585739
79.1094742
87.6864166
89.3784866
75.4699631
48.0315018
20.7975655
3.9508419
0.2901126
0.1607228
0.3808767
2.8586235
27.2858601
75.1973572
120.3630829
135.3813324
101.1104431
30.0583897
5.5093393
24.0228024
81.0350952
160.0006104
176.3921967
116.6671295
74.6931534
60.6024551
70.2661209
55.0060196
45.4677048
32.6280327
15.4534435
3.6422424
8.7998152
119.3554840
325.9054565
451.0698547
439.1903992
348.0300598
246.2038727
122.7719574
31.3087883
12.2724018
4.4605131
3.9689260
23.8418732
112.9465408
224.1419067
283.7983093
254.4812622
199.3355713
129.3349304
79.0980377
64.2197800
59.0455818
47.4765358
36.5276337
22.3638000
18.4132767
72.0144653
163.6501312
212.4006958
174.3765869
106.0749664
61.3794174
82.6360626
120.5256195
109.8041840
71.0560913
71.0343475
136.8865356
162.2603455
114.6751709
70.6612015
66.6649628
99.5203705
230.0226898
377.5628967
353.5616455
305.1537476
263.1734619
159.7706299
46.9691734
15.6513386
20.4305344
37.5627289
179.1029358
444.5422974
604.9816895
636.7886353
560.7557373
439.1299744
201.7722626
35.9811897
7.8256721
5.5400553
10.3079681
82.9669876
350.5899963
549.3285522
459.7068787
237.4953613
155.5937500
163.3383331
154.2760315
141.3738708
118.9174500
79.4657135
50.4674263
139.8600922
230.5999298
212.6488342
127.4386826
86.3421860
86.3846283
138.6306305
194.0573730
132.0630798
47.3238602
17.5828094
5.9887562
3.9054313
47.4277763
147.5257721
155.2181244
99.8601074
97.2376785
165.3376923
193.8438263
133.5902405
50.4582214
17.7323227
1.8520846
0.2353979
0.5066893
12.2507582
46.7204628
92.9277573
126.6951447
107.5255966
40.4491730
3.5119722
1.4225783
0.2479456
0.5013844
1.4064758
28.3791237
92.0143890
154.5246735
172.4578552
115.1178589
32.9964981
2.1208954
0.3981722
0.1491714
0.3670168
0.8599068
1.1903977
2.2851777
5.8985820
12.3579245
13.3432703
5.8840842
3.2725072
6.7803445
8.9275007
4.3437910
0.8470885
0.9569014
3.2706776
11.2737217
11.4315548
6.9789662
6.2924862
6.6788554
4.8951650
1.5656202
0.2986421
0.2230767
0.2808641
1.3138115
3.9731550
17.1713104
58.2480278
116.8679810
138.3431244
86.1466370
18.0493660
1.7055719
0.1377200
0.0168813
0.0816756
0.6674658
3.5409124
8.7804775
13.6168766
17.4378033
25.6466942
32.0727768
25.2229519
9.9533405
4.9565105
6.2585583
8.3972797
7.5401020
7.9299526
18.6775131
41.4618492
63.5651054
81.7052994
89.5287399
78.9124908
69.2710190
71.6556625
65.3609543
38.1906624
12.4506874
1.9069496
0.1417463
0.0699676
0.1199067
0.9300408
13.7570400
43.6004639
73.2601547
88.8462601
76.8399887
32.3803978
5.4606104
0.7081505
0.1807281
0.1402919
0.1218333
0.3893887
0.5686455
3.6905959
13.3769169
25.4594154
27.3687611
14.6094131
2.4932296
0.2578335
0.2267156
0.3403374
0.4893304
0.4677136
0.4474866
0.4315492
0.3621287
0.3992757
1.6470798
4.5539169
5.7992268
3.3780465
0.5298877
0.2919714
0.1541358
0.0740528
0.0086754
0.0000018
0.0000000
0.0000000
0.0000000
0.0000000
0.0000000
0.0000000
0.0000000
0.0000000
0.0000000
0.0000000
0.0000000
0.0000000
0.0000000
0.0000000
0.0000000
0.0000000
0.0000000
0.0000000
0.0000000
0.0000000
0.0000000
0.0000000
0.0000000
0.0000000
0.0000000
0.0000000
0.0000000
0.0000000
0.0000000
0.0000000
0.0000000
0.0000000
0.0000000
0.0000000
0.0000000
0.0000000
0.0000000
0.0000000
0.0000000
0.0000000
0.0000000
0.0000000
0.0000000
0.0000000
0.0000000
0.0000000
0.0000000
0.0000000
0.0000000
0.0000000
0.0000000
0.0000000
0.0000000
0.0000000
0.0000000
0.0000000
0.0000000
0.0000000
0.0000000
0.0000000
0.0000000
0.0000000
0.0000000
0.0000000
0.0000000
0.0000000
0.0000000
0.0000000
0.0000000
0.0000000
0.0000000
0.0000000
0.0000000
0.0000000
0.0000000
0.0000000
0.0000000
0.0000000
0.0000000
0.0000000
0.0000000
0.0000000
0.0000000
0.0000000
0.0000000
0.0000000
0.0000000
0.0000000
0.0000000
0.0000000
0.0000000
0.0000000
0.0000000
0.0000000
0.0000000
0.0000000
0.0000000
0.0000000
0.0000000
0.0000000
0.0000000
0.0000000
0.0000000
0.0000000
0.0000000
0.0000000
0.0000000
0.0000000
0.0000000
0.0000000
0.0000000
0.0000000
0.0000000
0.0000000
0.0000000
0.0000000
0.0000000
0.0000000
0.0000000
0.0000000
0.0000000
0.0000000
0.0000000
0.0000000
0.0000000
0.0000000
0.0000000
0.0000000
0.0000000
0.0000000
0.0000000
0.0000000
0.0000000
0.0000000
0.0000000
0.0000000
0.0000000
0.0000000
0.0000000
0.0000000
0.0000000
0.0000000
0.0000000
0.0000000
0.0000000
0.0000000
0.0000000
0.0000000
0.0000000
0.0000000
0.0000000
0.0000000
0.0000000
0.0000000
0.0000000
0.0000000
0.0000000
0.0000000
0.0000000
0.0000000
0.0000000
0.0000000
0.0000000
0.0000000
0.0000000
0.0000000
0.0000000
0.0000000
0.0000000
0.0000000
0.0000000
0.0000000
0.0000000
0.0000000
0.0000000
0.0000000
0.0000000
0.0000000
0.0000000
0.0000000
0.0000000
0.0000000
0.0000000
0.0000000
0.0000000
0.0000000
0.0000000
0.0000000
0.0000000
0.0000000
0.0000000
0.0000000
0.0000000
0.0000000
0.0000000
0.0000000
0.0000000
0.0000000
0.0000000
0.0000000
0.0000000
0.0000000
0.0000000
0.0000000
0.0000000
0.0000000
0.0000000
0.0000000
0.0000000
0.0000000
0.0000000
0.0000000
0.0000000
0.0000000
0.0000000
0.0000000
0.0000000
0.0000000
0.0000000
0.0000000
0.0000000
0.0000000
0.0000000
0.0000000
0.0000000
0.0000000
0.0000000
0.0000000
0.0000000
0.0000000
0.0000000
0.0000000
0.0000000
0.0000000
0.0000000
0.0000000
0.0000000
0.0000000
0.0000000
0.0000000
0.0000000
0.0000000
0.0000000
0.0000000
0.0000000
0.0000000
0.0000000
0.0000000
0.0000000
0.0000000
0.0000000
0.0000000
0.0000000
0.0000000
0.0000000
0.0000000
0.0000000
0.0000000
0.0000000
0.0000000
0.0000000
0.0000000
0.0000000
0.0000000
0.0000000
0.0000000
0.0000000
0.0000000
0.0000000
0.0000000
0.0000000
0.0000000
0.0000000
0.0000000
0.0000000
0.0000000
0.0000000
0.0000000
0.0000000
0.0000000
0.0000000
0.0000000
0.0000000
0.0000000
0.0000000
0.0000000
0.0000000
0.0000000
0.0000000
0.0000000
0.0000000
0.0000000
0.0000000
0.0000000
0.0000000
0.0000000
0.0000000
0.0000000
0.0000000
0.0000000
0.0000000
0.0000000
0.0000000
0.0000000
0.0000000
0.0000000
0.0000000
0.0000000
0.0000000
0.0000000
0.0000000
0.0000000
0.0000000
0.0000000
0.0000000
0.0000000
0.0000000
0.0000000
0.0000000
0.0000000
0.0000000
0.0000000
0.0000000
0.0000000
0.0000000
0.0000000
0.0000000
0.0000000
0.0000000
0.0000000
0.0000000
0.0000000
0.0000000
0.0000000
0.0000000
0.0000000
0.0000000
0.0000000
0.0000000
0.0000000
0.0000000
0.0000000
0.0000000
0.0000000
0.0000000
0.0000000
0.0000000
0.0000000
0.0000000
0.0000000
0.0000000
0.0000000
0.0000000
0.0000000
0.0000000
0.0000000
0.0000000
0.0000000
0.0000000
0.0000000
0.0000000
0.0000000
0.0000000
0.0000000
0.0000000
0.0000000
0.0000000
0.0000000
0.0000000
0.0000000
0.0000000
0.0000000
0.0000000
0.0000000
0.0000000
0.0772501
0.4227037
0.8824439
1.0679225
0.9206598
0.9485815
1.7719039
2.2456851
1.5144641
5.8803048
62.0895844
231.7353210
459.7934265
603.8662109
602.8959351
450.7189636
210.6918030
40.8323708
18.6042576
23.4642029
29.3855171
37.3639221
88.5918045
232.9087830
394.7288513
483.7973328
477.6581726
341.2977905
150.4230194
47.3000488
29.9397793
9.4992294
4.4718876
6.3852277
7.3341265
10.3906116
43.0107079
79.5111389
77.2542267
49.6325645
37.3729591
43.7801781
34.2856483
14.1687946
4.2278643
1.1291187
0.5423475
0.6631161
1.6366806
8.8719425
21.5279427
24.5452023
17.9512405
30.6593819
61.2074585
61.9345818
25.9996300
6.1855345
1.5995345
0.7761157
0.5656173
0.5861756
0.8006483
10.0662680
21.2758312
18.9493198
6.7781425
3.5673466
0.9427521
0.1899231
0.4122548
0.8037444
0.3645836
0.2540925
0.6329075
3.1215119
9.8254452
21.1614113
36.5312805
52.8377647
63.4590759
64.9545670
57.9450417
50.7057190
46.5598183
42.0484238
34.9239655
37.4367828
40.0009613
41.4713821
47.7048187
62.3854637
86.6013031
99.5084991
77.5058975
30.1556816
3.5062034
0.9820087
0.1421311
1.1013346
47.8599014
152.9099274
258.2330933
303.8454895
327.8047180
380.9727783
386.7557068
273.2368164
161.5033569
112.5774841
34.4108162
10.9420319
7.1701784
10.6528072
31.6685410
103.0910950
146.8852539
119.2689362
74.7739716
55.6860046
145.2175293
166.1956329
93.5176086
20.9535980
11.4937639
24.5690384
32.9013901
15.2654533
8.1868114
44.9648209
104.9906540
138.1645813
136.8914490
107.9215164
45.8679543
10.7106905
10.6669483
44.4128723
78.1270523
66.1163483
24.4744263
5.9617147
10.4475269
28.2021408
44.3248138
45.4277115
48.9387627
51.0154152
37.2249603
18.5948792
40.9546127
159.7888489
274.2183838
250.9553528
168.8223572
141.4738464
219.4200745
215.2807159
116.8915329
64.7187881
25.4241028
4.2840567
6.1421680
32.6016579
62.2603798
19.3947639
1.8494301
1.3862470
0.5312172
19.3649654
78.8580322
118.6003876
102.9370728
42.4624519
9.2218418
2.4262259
0.4254665
0.4623216
1.3559817
40.3139915
143.7579041
214.5440216
180.3782806
96.7337570
58.3167725
44.5971298
28.2439194
9.6275644
0.6667601
0.2101735
12.4542160
65.5470276
98.2286301
77.2662430
61.1022186
69.8302689
54.4074478
22.9570789
10.1094313
1.0211921
0.2728919
0.7961334
5.6904516
41.8535919
80.7577286
84.1113892
113.5102158
199.7261200
222.4851379
114.0928955
18.8672943
2.7499318
0.4457470
0.1909038
0.2045418
10.4431448
59.4562721
175.6194763
304.6434631
310.0469055
156.2489319
23.6164932
2.8960931
0.4584970
0.0424124
0.1362998
0.5537222
16.3762703
66.9017181
119.5176773
126.4006653
78.8508835
21.6895580
2.8999047
0.5055385
0.1321681
0.0991703
1.5275620
4.9977841
8.3898935
15.6889248
25.4752464
30.0826836
28.1648216
24.3794060
16.7345963
6.0230732
0.7179331
0.0844623
0.3928067
9.2359324
34.0744553
62.9529343
81.7602768
65.6385040
22.3144188
1.4210942
0.1907932
0.0540157
0.0336571
0.3547159
0.6853732
1.2824125
15.2185078
51.2925758
83.1959457
75.2005768
32.7849960
5.0809669
1.3878062
0.2736211
0.1247304
0.1211856
0.1750257
0.4250602
0.5829678
8.0588293
35.6732903
79.8477631
117.9979553
119.0943527
74.3110123
18.7685738
2.0151002
0.2651433
0.0254695
0.0765172
0.3150507
0.4433960
0.4460949
0.3764179
7.9902925
53.6070366
124.6629257
150.8446808
94.9901505
19.3764763
2.1504672
0.3546172
0.0483869
0.0443617
0.0059350
0.0011216
0.0000009
0.0000000
0.0000000
0.0000000
0.0000000
0.0000000
0.0000000
0.0000000
0.0000000
0.0000000
0.0000000
0.0000000
0.0000000
0.0000000
0.0000000
0.0000000
0.0000000
0.0000000
0.0000000
0.0000000
0.0000000
0.0000000
0.0000000
0.0000000
0.0000000
0.0000000
0.0000000
0.0000000
0.0000201
0.1449614
0.6532165
1.2791562
1.6466440
1.9741535
2.1357892
1.5929676
0.9318070
1.6549636
2.7570167
2.7249818
5.7816248
21.3744965
55.4805565
102.3656921
138.2029572
139.8867798
118.3757172
85.7995453
60.3619156
49.7304688
37.8330231
27.8540668
20.0522022
13.7112675
10.7130833
12.5346107
15.2112341
16.2688599
9.7824936
4.0656438
1.7237592
0.6122693
1.5073569
5.0163288
9.4318609
10.9851341
8.7202606
5.3808842
3.2542107
2.0682831
1.1802080
0.5453038
0.3203695
0.2811585
0.2329281
4.7982111
56.0178909
184.7148438
291.3817444
243.3771973
73.4827576
5.1282129
0.8531561
0.2336306
0.5705227
0.8936152
1.2599728
3.0232120
6.7640824
10.3820515
9.6910667
4.6714158
1.1964138
0.6162814
0.7426082
0.9403362
0.9712712
0.8800251
1.4403985
2.8473690
8.4644108
18.0021591
19.6616364
8.3193789
0.5849730
0.1304723
0.1109984
0.6918359
2.1298692
5.4902573
26.0172710
62.5902100
100.2657852
124.5287781
110.3583221
55.9755135
9.2825775
0.5699384
0.2320203
0.1223746
0.1412429
0.3680706
0.2917264
0.4419333
0.7036097
0.8289658
0.4577374
0.7564611
2.7895966
5.2616539
5.0547957
2.2199941
0.6161561
0.3461904
0.2220567
0.2526802
0.3963010
0.1117624
0.0119703
0.0005565
0.0000000
0.0000000
0.0000000
0.0000000
0.0000000
0.0000000
0.0000000
0.0000000
0.0000000
0.0000000
0.0000000
0.0000000
0.0000000
0.0000000
0.0000000
0.0000000
0.0000000
0.0000000
0.0000000
0.0000000
0.0000000
0.0000000
0.0000000
0.0000000
0.0000000
0.0000000
0.0000000
0.0000000
0.0000000
0.0000000
0.0000000
0.0000000
0.0000000
0.0000000
0.0000000
0.0000000
0.0000000
0.0000000
0.0000000
0.0000000
0.0000000
0.0000000
0.0000000
0.0000000
0.0000000
0.0000000
0.0000000
0.0000000
0.0000000
0.0000000
0.0000000
0.0000000
0.0000000
0.0000000
0.0000000
0.0000000
0.0000000
0.0000000
0.0000000
0.0000000
0.0000000
0.0000000
0.0000000
0.0000000
0.0000000
0.0000000
0.0000000
0.0000000
0.0000000
0.0000000
0.0000000
0.0000000
0.0000000
0.0000000
0.0000000
0.0000000
0.0000000
0.0000000
0.0000000
0.0000000
0.0000000
0.0000000
0.0000000
0.0000000
0.0000000
0.0000000
0.0000000
0.0000000
0.0058702
0.3026034
0.9565855
1.4322499
1.3527081
0.8957881
0.6524000
0.9615149
1.8192608
2.6003900
2.7891917
2.0544913
1.4801511
1.3777143
1.7559866
2.0852001
2.1386378
2.0472422
1.6316227
1.2945340
1.7122419
1.7478998
1.0348616
0.4725154
0.5638973
0.8199866
0.7519634
0.9728464
0.9009659
0.7823986
1.4066103
2.5512433
3.5801613
3.7371540
3.5999923
3.2291436
2.5779459
1.8859928
3.1447136
11.1444225
19.6552696
14.4457674
2.3961127
0.9343652
1.2391911
2.1707664
3.0501337
11.7228489
67.9561691
151.0389709
166.7071533
80.5440826
8.1678610
0.4029922
0.3350712
0.1870561
0.7917128
1.0042363
1.2813262
20.9290752
100.1424713
217.0907898
265.7022095
169.6286163
37.3075676
1.5670745
0.2482670
0.1417751
0.2068407
0.9106226
2.5129893
24.1965885
65.0538483
92.3650208
120.5626373
136.7121887
100.2018661
25.0834808
1.8997898
0.5339835
0.2460757
0.3809721
0.9295628
0.9070702
0.7658430
0.8654693
1.1166348
1.0028085
1.2728808
6.1763086
18.3400574
24.0718117
14.4948692
0.6438152
0.1335960
0.1081449
0.1321613
0.2582948
0.4456841
0.2557138
0.0981971
0.0052190
0.0001177
0.0000000
0.0000000
0.0000000
0.0000000
0.0000000
0.0000000
0.0000000
0.0000000
0.0000000
0.0000000
0.0000000
0.0000000
0.0000000
0.0000000
0.0000000
0.0000000
0.0000000
0.0000000
0.0000000
0.0000000
0.0000000
0.0000000
0.0000000
0.0000000
0.0000000
0.0000000
0.0000000
0.0000000
0.0000000
0.0000000
0.0000000
0.0000000
0.0000000
0.0000000
0.0000000
0.0000000
0.0000000
0.0000000
0.0000000
0.0000000
0.0000000
0.0000000
0.0000000
0.0000000
0.0000000
0.0000000
0.0000000
0.0000000
0.0000000
0.0000000
0.0000000
0.0000000
0.0000000
0.0000000
0.0000000
0.0000000
0.0000000
0.0000000
0.0000000
0.0000000
0.0000000
0.0000000
0.0000000
0.0000000
0.0000000
0.0000000
0.0000000
0.0000000
0.0000000
0.0000000
0.0000000
0.0000000
0.0000000
0.0000000
0.0000000
0.0000000
0.0000000
0.0000000
0.0000000
0.0000000
0.0000000
0.0000000
0.0000000
0.0000000
0.0000000
0.0000000
0.0000000
0.0000000
0.0000000
0.0000000
0.0000000
0.0000000
0.0000000
0.0000000
0.0000000
0.0000000
0.0000000
0.0000000
0.0000000
0.0000000
0.0000000
0.0000000
0.0000000
0.0000000
0.0000000
0.0000000
0.0000000
0.0000000
0.0000000
0.0000000
0.0000000
0.0000000
0.0000000
0.0000000
0.0000000
0.0000000
0.0000000
0.0000000
0.0000000
0.0000000
0.0000000
0.0000000
0.0000000
0.0000000
0.0000000
0.0000000
0.0000000
0.0000000
0.0000000
0.0000000
0.0000000
0.0000000
0.0000000
0.0000000
0.0000000
0.0000000
0.0000000
0.0000000
0.0000000
0.0000000
0.0000000
0.0000000
0.0000000
0.0000000
0.0000000
0.0000000
0.0000000
0.0000000
0.0000000
0.0000000
0.0000000
0.0000000
0.0000000
0.0000000
0.0000000
0.0000000
0.0000000
0.0000000
0.0000000
0.0000000
0.0000000
0.0000000
0.0000000
0.0000000
0.0000000
0.0000000
0.0000000
0.0000000
0.0000000
0.0000000
0.0000000
0.0000000
0.0000000
0.0000000
0.0000000
0.0000000
0.0000000
0.0000000
0.0000000
0.0000000
0.0000000
0.0000000
0.0000000
0.0000000
0.0000000
0.0000000
0.0000000
0.0000000
0.0000000
0.0000000
0.0000000
0.0000000
0.0000000
0.0000000
0.0000000
0.0000000
0.0000000
0.0000000
0.0000000
0.0000000
0.0000000
0.0000000
0.0000000
0.0000000
0.0000000
0.0000000
0.0000000
0.0000000
0.0000000
0.0000000
0.0000000
0.0000000
0.0000000
0.0000000
0.0000000
0.0000000
0.0000000
0.0000000
0.0000000
0.0000000
0.0000000
0.0000000
0.0000000
0.0000000
0.0000000
0.0000000
0.0000000
0.0000000
0.0000000
0.0000000
0.0000000
0.0000000
0.0000000
0.0000000
0.0000000
0.0000000
0.0000000
0.0000000
0.0000000
0.0000000
0.0000000
0.0000000
0.0000000
0.0000000
0.0000000
0.0000000
0.0000000
0.0000000
0.0000000
0.0000000
0.0000000
0.0000000
0.0000000
0.0000000
0.0000000
0.0000000
0.0000000
0.0000000
0.0000000
0.0000000
0.0000000
0.0000000
0.0000000
0.0000000
0.0000000
0.0000000
0.0000000
0.0000000
0.0000000
0.0000000
0.0000000
0.0000000
0.0000000
0.0000000
0.0000000
0.0000000
0.0000000
0.0000000
0.0000000
0.0000000
0.0000000
0.0000000
0.0000000
0.0000000
0.0000000
0.0000000
0.0000000
0.0000000
0.0000000
0.0000000
0.0000000
0.0000000
0.0000000
0.0000000
0.0000000
0.0081135
0.1924945
0.6521165
1.0514579
1.0790601
0.7980879
0.5514309
11.3107567
149.7445068
497.7030029
838.6679688
934.9571533
804.3907471
602.0441895
334.6420593
102.3500061
25.6065521
17.8004189
23.2109871
41.4395866
107.2205963
312.3346863
492.0802612
420.3473816
236.0569458
206.5324402
370.2884521
413.6918945
235.2250519
129.0530090
45.9961967
16.3802357
11.1659880
61.7628860
193.2552795
168.1911469
75.1163330
64.1063004
130.8186646
218.6281433
197.2175598
101.6282730
26.8831043
6.5960488
2.9625390
0.9217423
3.4942899
40.5605431
112.2589569
172.9393463
205.9500885
192.6510925
149.5425415
115.3027649
103.9279327
117.7322311
133.8454742
163.4246674
217.5793762
222.0178070
158.9782257
61.9444084
16.3103085
6.0729017
6.3418913
33.9989700
120.7779388
164.2078857
148.6164703
108.2664948
85.9670029
81.0558167
59.0295944
38.4421196
56.1597824
100.2275085
116.6463852
81.5689392
60.1933403
71.0563202
84.2926102
102.2959824
141.7519531
107.6873398
74.6048737
44.2343178
22.6614876
14.2182417
9.1998453
18.2833385
19.5091209
10.9098778
8.5814829
23.4974899
41.3286896
36.3374901
12.2127256
2.1654038
1.2585912
10.5820904
44.2288208
89.2002563
124.9313660
138.6601410
135.3290100
124.3282013
109.0204620
99.2020111
84.8315659
80.5030518
98.5040131
142.1047211
180.5867004
157.9500427
79.0770645
13.4683189
3.3885024
1.2855396
3.3034096
70.0686188
171.8159027
201.0734711
163.2266083
113.8359451
73.2066345
41.3819008
10.3107748
20.5919800
62.4449615
94.5954971
108.7678833
132.7167969
158.0675201
196.5124817
216.9122009
268.8251038
356.2934265
384.3090515
306.2130737
166.3481293
76.5480804
84.6145935
55.7899094
37.0158920
62.3795662
103.1411972
155.0369110
185.0312500
186.0323639
212.3189697
305.9829102
332.4396057
238.8056488
141.3636169
174.8106537
280.0554504
284.3643188
218.9697571
132.9953918
95.5827637
32.5683289
8.2519054
6.9075174
14.1512537
113.6980286
183.1577454
159.7372131
178.0511627
272.9687500
273.0098877
140.0313873
60.7764168
29.2071114
3.9037695
1.4743330
2.5970945
57.8819122
155.0653534
156.6750183
93.5781250
50.9874039
66.4929810
107.0691605
120.1322021
101.9228134
80.4704056
69.1796875
74.3854828
84.1170044
69.7997284
82.2398758
141.5348816
171.9194336
201.4230804
301.4040527
351.2491455
238.0328674
98.7347565
29.6347561
4.6701145
0.9115837
3.6168561
20.1690674
19.5397682
3.1849089
5.0290012
16.2941322
90.8080139
171.3240814
168.1935730
121.0393677
95.0723495
50.9217300
14.5095768
2.2887301
0.5056384
9.0483370
100.2058716
255.8981476
304.3547974
212.9702301
121.9433670
153.5092468
206.4516602
151.5616760
49.5329056
11.5476656
1.4961483
0.3445419
1.6858561
10.3418674
17.6284943
17.7195320
14.9986372
19.8062515
38.7373047
46.5813217
29.6876373
7.8892040
1.5266478
0.5392401
7.2296882
38.4377174
60.4942856
63.5360985
71.0511093
77.7029037
75.2356873
60.6770439
33.3351212
22.1036472
9.4064455
6.5869861
4.2800922
3.9368238
4.8216133
8.1560726
35.7280464
88.2993851
118.1848373
113.4465561
119.8606186
168.8901978
222.2892914
238.7108765
196.9518738
115.5220490
40.1175423
27.3525105
24.0457878
20.4520111
25.8418159
13.9302616
3.2287266
4.0285854
3.2535284
1.3149585
1.5340643
10.8743839
21.1565418
34.5724487
42.7648506
32.5389786
11.5354156
19.2957993
88.6478729
172.8643494
145.1666260
31.1646214
4.1791992
0.2854705
0.1138339
0.1141939
14.7326488
86.2065964
175.6489868
198.4526367
119.9094849
21.5443401
3.5369935
0.5525540
0.1755608
0.6848678
6.5039520
16.1456566
27.3580971
36.8509865
33.3654289
16.7875671
4.4735746
6.3972640
15.6131334
21.9493523
13.5144997
2.1984997
0.5118347
0.1690584
0.0786974
0.3656246
1.1719745
0.7361519
0.4958887
0.5604542
1.6326416
5.5214319
11.0593414
12.2653189
6.7468452
1.7701275
2.7290411
5.3177109
7.9003172
8.2462883
4.5130224
1.1923293
0.2348477
0.2515204
0.8049094
2.8924997
3.0950389
0.6955039
0.2083687
0.1792976
3.6370068
16.7733612
46.2502518
104.3373947
184.4615784
255.5074615
283.4981689
263.8284912
214.8328552
169.0433655
129.0464325
127.0113983
157.6285706
180.7948761
196.2185211
207.8512878
198.1435547
146.5334167
96.0551224
51.5394211
21.7879639
8.2672205
14.6459446
8.0732498
4.3803077
10.8817406
17.3327522
19.3356247
21.1600800
18.2647018
11.4836283
9.7733011
12.6274214
11.9112263
5.8888421
1.9098411
0.4542736
0.2913834
0.3538654
1.3586631
14.1452427
50.1878662
95.3803558
106.3660889
59.0338402
12.8811302
2.1496539
1.5931631
1.4223758
0.7827016
0.5783085
0.4536571
0.3066349
0.1859871
0.2882951
0.4834457
0.4538617
0.3764101
0.3842520
0.6824256
1.1263030
1.1631837
0.6822473
0.4185919
0.5933717
0.5658039
0.5481471
0.5256007
0.3769429
0.4283048
0.4527619
0.6450943
0.9573197
1.3408463
1.1958990
0.6286995
0.4619281
0.5515529
0.5513499
0.6127880
0.5741087
0.4316350
0.3466921
0.8968401
5.1441498
14.8370342
27.6188011
40.3016815
51.3225174
54.5723228
47.6698227
35.4073639
24.3937263
19.3920002
14.9406214
13.9172688
10.6771212
8.0738010
7.1497035
5.1981745
4.6821442
4.1539268
3.2794740
2.5499077
2.7964299
2.6200225
1.9442027
1.0521843
0.4971745
0.2916549
0.3401813
0.3439942
0.2926952
0.2203757
0.0723502
0.0107250
0.0013279
0.0000000
0.0000000
0.0000000
0.0000000
0.0000000
0.0000000
0.0000000
0.0000000
0.0000000
0.0000000
0.0000000
0.0000000
0.0000000
0.0000000
0.0000000
0.0000000
0.0000000
0.0000000
0.0000000
0.0000000
0.0000000
0.0000000
0.0000000
0.0000000
0.0000000
0.0000000
0.0000000
0.0000000
0.0000000
0.0000000
0.0000000
0.0000000
0.0000000
0.0000000
0.0000000
0.0000000
0.0000000
0.0000000
0.0000000
0.0000000
0.0000000
0.0000000
0.0000000
0.0000000
0.0000000
0.0000000
0.0000000
0.0000000
0.0000000
0.0000000
0.0000000
0.0000000
0.0000000
0.0000000
0.0000000
0.0000000
0.0000000
0.0000000
0.0000000
0.0000000
0.0000000
0.0000000
0.0000000
0.0000000
0.0000000
0.0000000
0.0000000
0.0000000
0.0000000
0.0000000
0.0000000
0.0000000
0.0000000
0.0000000
0.0000000
0.0000000
0.0000000
0.0000000
0.0000000
0.0000000
0.0000000
0.0000000
0.0000000
0.0000000
0.0000000
0.0000000
0.0000000
0.0000000
0.0000000
0.0000000
0.0000000
0.0000000
0.0000000
0.0000000
0.0000000
0.0000000
0.0000000
0.0000000
0.0000000
0.0000000
0.0000000
0.0000000
0.0000000
0.0000000
0.0000000
0.0000000
0.0000000
0.0000000
0.0000000
0.0000000
0.0000000
0.0000000
0.0000000
0.0000000
0.0000000
0.0000000
0.0000000
0.0000000
0.0000000
0.0000000
0.0000000
0.0000000
0.0000000
0.0000000
0.0000000
0.0000000
0.0000000
0.0000000
0.0000000
0.0000000
0.0000000
0.0000000
0.0000000
0.0000000
0.0000000
0.0000000
0.0000000
0.0000000
0.0000000
0.0000000
0.0000000
0.0000000
0.0000000
0.0000000
0.0000000
0.0000000
0.0000000
0.0000000
0.0000000
0.0000000
0.0000000
0.0000000
0.0000000
0.0000000
0.0000000
0.0000000
0.0000000
0.0000000
0.0000000
0.0000000
0.0000000
0.0000000
0.0000000
0.0000000
0.0000000
0.0000000
0.0000000
0.0000000
0.0000000
0.0000000
0.0000000
0.0000000
0.0000000
0.0000000
0.0000000
0.0000000
0.0000000
0.0000000
0.0000000
0.0000000
0.0000000
0.0000000
0.0000000
0.0000000
0.0000000
0.0000000
0.0000000
0.0000000
0.0000000
0.0000000
0.0000000
0.0000000
0.0000000
0.0000000
0.0000000
0.0000000
0.0319526
0.2775449
0.7311940
1.0170475
0.9456049
0.6804987
0.5649990
1.8850992
4.1701040
4.3298497
1.7943029
0.3398580
0.2632259
33.7152367
269.4570007
725.1774902
1141.1674805
1336.2482910
1312.0979004
1084.4201660
602.2650757
198.0669250
77.7999268
64.9336090
70.1672974
113.7224731
175.5862122
214.8273010
194.9944611
157.5559387
281.1264038
604.1838379
838.7650146
862.7608643
952.8237305
919.0304565
711.1440430
587.1995850
474.2925720
143.2121429
28.2036667
12.5282354
15.9982834
12.1707306
18.9082546
76.0388489
165.0507507
182.4073029
148.6045074
175.9067688
240.1942444
275.2765503
153.1681061
33.9920349
6.5948210
2.1057258
1.1555864
3.1214075
7.8704386
13.3191299
13.1280422
5.5146780
1.2480493
0.8273999
6.5382862
19.3372936
34.7112732
40.1765099
32.7312622
15.2197475
5.0326290
1.7321934
0.5133625
0.1307952
0.2322297
0.4158382
0.8861510
1.1510776
1.0869248
1.2635725
1.2832417
0.8202476
0.6655285
0.5440993
0.4358884
1.4366047
3.0036473
3.3513062
2.3253999
1.4273168
1.0777179
1.1893915
1.4699938
1.3615813
0.8577909
0.6692094
0.7744005
1.3873423
2.0247066
1.5087063
3.3352864
20.2136154
81.8555298
200.4768982
341.6450195
445.3019409
460.2204590
394.1551514
324.5208435
268.2437744
196.9976654
240.1622009
303.4897461
335.5266113
313.8471069
314.1197510
367.6080322
290.6382751
119.2339630
10.5744019
2.3255959
6.8625059
4.1104922
0.6186959
0.4300327
2.0116582
24.5642891
77.4399261
124.2212143
128.2594604
93.1285706
49.7715874
24.5004311
52.8427963
168.1464233
255.6325073
253.4972992
200.8585205
175.0458984
95.3651505
39.5105019
20.7978153
16.4642162
40.7026634
166.0660553
364.2636108
473.6136169
475.7600708
457.5560608
493.0476074
454.7479553
318.1147156
137.0539703
52.6508522
13.7711668
1.5444899
0.5544698
2.1650255
56.3092384
104.9098892
127.6479568
133.9057312
158.3854980
236.7080688
340.0867615
338.9335632
246.0721130
116.1279297
40.2305717
6.3212042
1.7922357
2.3048105
132.8944397
340.9957886
389.4369202
262.8967896
107.1031723
31.9722767
7.7900858
52.9905777
110.9385300
110.5815811
58.9652596
7.1495352
0.4869145
0.2056869
14.2945061
106.4299774
200.6714783
268.1909790
398.6357727
707.8118896
937.3780518
701.1641235
190.1430664
34.3157005
3.4835835
0.6375799
0.1278172
0.5302041
1.5745604
10.7820272
22.9672680
19.4490318
3.4814575
0.2747584
2.9731026
13.2916155
23.9934845
26.7085571
33.0635605
39.4733200
44.4469185
71.0278778
128.0376587
200.5435486
263.9559937
239.2145996
115.7229385
24.8991241
2.9574742
1.0627185
0.4154038
0.5146138
46.4106979
134.3768463
197.6686401
191.5651093
121.8018570
54.0573235
9.2331944
4.6490464
0.5336193
0.0799401
0.0737823
0.5048733
2.7641118
28.8473396
80.3621826
129.5429230
140.4649811
97.2279816
34.2390976
2.0410242
0.3774884
0.0489140
0.1329347
0.4286660
4.2526875
36.3936882
91.4245224
111.0320358
66.1333160
6.0502024
2.3879704
3.0638726
2.2527337
1.0295131
0.1861322
0.3394500
0.2763036
0.3910882
0.4954140
0.8175060
1.6586845
5.2611194
10.1291637
11.9742107
8.1630459
2.2422650
0.7315563
0.3620177
0.3238665
0.4884313
1.1629198
1.2400416
1.0484964
0.6829639
0.5937675
0.6698247
0.7444817
1.1565185
1.0381387
0.8636070
5.1888051
22.4687920
61.9317245
154.0742798
306.7875061
453.6336975
487.6779175
370.6430359
235.1036682
176.0244446
204.5177002
237.3858643
223.8423004
248.5250549
298.4309082
329.5135498
275.1765442
190.9803925
105.2604141
57.9133339
27.4682407
16.3679752
6.7230091
12.3950233
38.9341774
55.7977982
40.0645561
16.5029888
4.2475033
1.8808265
1.7926879
4.9843869
33.8299217
89.1871643
132.0621643
124.2062607
83.4790192
54.4421120
50.5467758
175.9494934
264.7274170
204.3724518
83.3681564
20.5765228
1.7203901
0.5023824
0.5712087
0.8690507
1.2620758
0.7768303
0.3944621
0.2872924
0.6067528
0.7863761
1.0621868
1.0502546
0.8695074
1.6870009
4.0805449
4.9487839
2.8278794
0.9744012
0.7958481
0.9075001
0.8390986
0.5208570
0.8190134
1.1861746
1.2523967
1.3146274
1.3632841
1.1559353
0.6881097
0.4885014
0.3967713
0.8378737
2.2873538
2.6959701
1.2163908
4.0135136
17.4792175
40.5226059
72.4290314
113.3610229
135.0848694
115.2646637
84.1636963
71.4357758
68.2637634
74.3616028
73.2612000
53.5027046
39.6206131
39.2245827
41.5955734
42.8270187
31.1232452
20.5243416
7.5965829
0.5217478
0.5396886
0.4414776
4.7609320
15.4159336
19.2518997
14.1644087
9.3540211
8.0702953
5.3941240
2.6320667
0.9701381
0.3489088
0.2460900
0.3091661
0.2741620
0.3477568
0.5247050
0.6020336
1.0103678
5.0490623
10.0698967
9.8673325
5.0538721
2.7403989
1.3876004
0.6185175
0.3768571
0.2744499
0.2051035
0.1202652
0.0276256
0.0019503
0.0000000
0.0000000
0.0000000
0.0000000
0.0000000
0.0000000
0.0000000
0.0000000
0.0000000
0.0000000
0.0000000
0.0000000
0.0000000
0.0000000
0.0000000
0.0000000
0.0000000
0.0000000
0.0000000
0.0000000
0.0000000
0.0000000
0.0000000
0.0000000
0.0000000
0.0000000
0.0000000
0.0000000
0.0000000
0.0000000
0.0000000
0.0000000
0.0000000
0.0000000
0.0000000
0.0000000
0.0000000
0.0000000
0.0000000
0.0000000
0.0000000
0.0000000
0.0000000
0.0000000
0.0000000
0.0000000
0.0000000
0.0000000
0.0000000
0.0000000
0.0000000
0.0000000
0.0000000
0.0000000
0.0000000
0.0000000
0.0000000
0.0000000
0.0000000
0.0000000
0.0000000
0.0000000
0.0000000
0.0000000
0.0000000
0.0000000
0.0000000
0.0000000
0.0000000
0.0000000
0.0000000
0.0000000
0.0000000
0.0000000
0.0000000
0.0000000
0.0000000
0.0000000
0.0000000
0.0000000
0.0000000
0.0000000
0.0000000
0.0000000
0.0000000
0.0000000
0.0000000
0.0000000
0.0000000
0.0000000
0.0000000
0.0000000
0.0000000
0.0000000
0.0000000
0.0000000
0.0000000
0.0000000
0.0000000
0.0000000
0.0000000
0.0000000
0.0000000
0.0000000
0.0000000
0.0000000
0.0000000
0.0000000
0.0000000
0.0000000
0.0000000
0.0000000
0.0000000
0.0000000
0.0000000
0.0000000
0.0000000
0.0000000
0.0000000
0.0000000
0.0000000
0.0000000
0.0000000
0.0000000
0.0000000
0.0000000
0.0000000
0.0000000
0.0000000
0.0000000
0.0000000
0.0000000
0.0000000
0.0000000
0.0000000
0.0000000
0.0000000
0.0000000
0.0000000
0.0000000
0.0000000
0.0000000
0.0000000
0.0000000
0.0000000
0.0000000
0.0000000
0.0000000
0.0000000
0.0000000
0.0000000
0.0000000
0.0000000
0.0000000
0.0000000
0.0000000
0.0000000
0.0000000
0.0000000
0.0000000
0.0000000
0.0000000
0.0000000
0.0000000
0.0000000
0.0000000
0.0000000
0.0000000
0.0000000
0.0000000
0.0000000
0.0000000
0.0000000
0.0000000
0.0000000
0.0000000
0.0000000
0.0000000
0.0000000
0.0000000
0.0000000
0.0000000
0.0000000
0.0000000
0.0000000
0.0000000
0.0000000
0.0000000
0.0000000
0.0000000
0.0000000
0.0000000
0.0000000
0.0000000
0.0000000
0.0000000
0.0000000
0.0000000
0.0000000
0.0000000
0.0000000
0.0000000
0.0000000
0.0000000
0.0000000
0.0000000
0.0000000
0.0000000
0.0000000
0.0000000
0.0000000
0.0000000
0.0000000
0.0000000
0.0000000
0.0000000
0.0000000
0.0000000
0.0000000
0.0000000
0.0000000
0.0000000
0.0000000
0.0000000
0.0000000
0.0000000
0.0000000
0.0000000
0.0000000
0.0000000
0.0000000
0.0000000
0.0000000
0.0000000
0.0000000
0.0000000
0.0000000
0.0000000
0.0000000
0.0000000
0.0000000
0.0000000
0.0000000
0.0000000
0.0000000
0.0000000
0.0000000
0.0000000
0.0000000
0.0000000
0.0000000
0.0000000
0.0000000
0.0000000
0.0000000
0.0000000
0.0000000
0.0000000
0.0000000
0.0000000
0.0000000
0.0000000
0.0000000
0.0000000
0.0000000
0.0000000
0.0000000
0.0000000
0.0000000
0.0000000
0.0000000
0.0000000
0.0000000
0.0000000
0.0000000
0.0000000
0.0000000
0.0000000
0.0000000
0.0000000
0.0000000
0.0000000
0.0000000
0.0000000
0.0000000
0.0000000
0.0000000
0.0000000
0.0000000
0.0000000
0.0000000
0.0000000
0.0000000
0.0000000
0.0000000
0.0000302
0.0916388
0.4670310
0.9385933
1.0888449
1.0292015
1.3418398
1.6014893
1.0451516
0.3985941
0.5580825
2.6974688
65.9638290
257.6954346
495.6793518
633.9905396
654.2731323
619.5759277
498.9274292
265.8793640
131.3546295
92.1871567
95.1786804
102.9309235
76.4636383
52.9697647
49.8648033
63.6662636
62.3507919
56.8407745
55.2285843
44.2140770
35.9351807
27.1875954
21.4922390
20.8888741
18.7005615
14.5331001
39.7698250
200.1507263
443.8221436
537.0653687
383.1723022
265.8746948
240.4959717
428.6881714
523.9636841
386.4924622
199.8641968
42.3716621
4.1292911
0.7150979
1.4639864
3.1567593
4.6054487
11.8914890
26.5957375
37.4279327
56.4209824
114.2341156
225.4056091
304.6106262
254.0315247
118.2543259
20.4527435
2.5692401
0.4242625
0.1660068
0.5189853
0.9131033
2.3027792
16.4339542
46.0839615
69.0409927
71.2027969
65.2162628
55.5188484
49.3067932
35.8526726
21.2496700
5.9751620
0.5982260
0.4080942
0.9420352
6.5205293
25.2771149
60.5250282
119.7317429
203.2859497
279.9192810
302.1697693
269.2798462
196.1553955
137.0687714
76.7266388
137.7249451
154.9740906
119.4040070
97.0843124
88.1388855
79.5733337
70.4627304
49.5752335
20.0287952
4.8288913
1.0451671
0.4786728
0.3031286
9.0061407
44.2691116
82.3611908
92.4981384
67.1582336
30.5097771
13.7506161
9.1589556
10.5772629
19.4031639
20.1989422
13.8721247
14.9784508
13.3600187
11.9271584
51.9096451
126.3024826
180.9572144
172.5729218
109.4742889
34.2596588
5.4696083
3.6237423
7.5261402
11.4591656
13.4247437
10.8234367
7.6740918
6.5585465
17.3617268
64.2796478
151.6215363
224.1019897
206.4008789
106.3058777
25.2722740
2.7763925
1.1343508
1.8697008
11.0930920
28.4550972
31.3680611
28.7556458
23.6218910
14.4556999
9.0400629
9.6433601
21.2449455
60.3571091
113.2631989
107.4288254
42.1415329
3.4028590
0.6579901
0.1829461
0.7281174
11.0198212
32.1177940
43.7143631
46.3205605
48.4161987
40.9371185
18.0865784
2.8124919
1.2673736
1.0785470
1.6709936
1.5986713
0.9873629
0.9566975
1.5941681
6.4885149
18.8167534
26.8471909
18.1351452
4.0661860
0.8385297
0.6573743
0.5041100
0.4992545
0.7841702
3.0782418
5.6540089
4.0155721
1.3748533
6.5341415
24.6830368
50.8906479
76.3725128
92.5802612
73.7342682
26.7935829
3.3414769
0.2176957
0.0424269
0.1162799
11.0980511
32.8564186
55.8984261
69.8710251
54.8056679
21.3740482
2.7613537
0.5346414
0.2011268
0.6684339
0.7815119
0.8925130
1.3919607
2.5544803
5.0635200
14.3271389
27.3669930
26.5864677
8.7708073
0.7787269
0.1730087
0.0417980
0.4890964
3.2747424
6.0275559
13.4737816
26.8345737
36.8485641
34.9464684
23.4294853
35.2854233
172.1203003
392.9888916
435.3626404
208.5898285
22.9185333
2.1291513
0.4067814
0.0232739
0.0626640
1.2747805
14.0503082
45.1314049
95.3509750
136.6666870
117.6046906
44.5938644
3.4897385
0.6840160
0.0194899
0.0545242
0.2534128
0.5084933
2.0218294
21.3753147
73.0006104
139.4683228
163.0209961
105.4110870
21.6431408
0.8775580
0.2070808
0.0499993
0.1351258
0.3371716
0.5659361
1.3417870
19.7425613
69.3118591
119.9888687
118.0603333
57.2025108
6.5943537
0.6087649
0.1533583
0.0557645
0.3113027
0.5514886
0.5100406
0.7150432
8.6209917
32.6514702
57.0845299
56.6616478
29.7772369
6.1953440
0.7215632
0.1579677
0.1411821
0.6644086
4.4616346
10.3172703
15.3674107
16.4880924
12.4302425
6.2483988
3.1556294
2.4469910
2.0142901
1.8525050
0.9499006
0.2374293
0.2550098
0.2726595
0.3445404
0.6141711
0.6775119
0.6106927
0.5794346
0.5442870
3.5584776
11.1583719
14.3540764
7.9979057
0.6534572
0.1848257
0.2504054
0.3567648
0.4258391
0.6368726
0.5425076
0.3678456
0.4057071
0.6028330
1.7387030
16.7564945
42.2480354
49.1013870
25.7106438
2.4245255
0.0556537
0.0253927
0.0308860
0.3923407
0.4162591
1.6454616
5.7345114
8.1941261
10.9559155
63.1648979
154.2141113
181.7080231
98.5009537
8.1398783
0.3541659
0.1650250
0.0632223
0.1403667
0.5635315
0.6661077
0.4606840
9.2576580
86.6220245
199.8272858
214.9527283
97.2816925
3.2799680
0.2402093
0.0175654
0.0690570
0.2151370
1.1726755
2.2532232
2.0644789
0.5361204
0.4326057
0.8865386
14.5036850
34.3887901
35.4122162
14.2100277
0.2937317
0.1238142
0.1935422
0.3015729
0.2976397
0.2667811
0.3267462
0.4939053
0.5060445
0.6689883
0.7337982
1.2371440
2.1561422
2.2231572
0.8548861
0.3123176
0.2385523
0.2636774
0.3971114
0.6130683
0.5698239
0.4525046
0.6305223
0.5915022
3.2208836
9.3388081
11.6248713
5.8408480
0.1599423
0.1094770
0.0822770
0.9374712
11.0479622
40.6622772
98.3155060
159.8477936
187.8629761
186.9481354
183.5771790
167.7822266
136.3052673
104.5721893
91.4773788
107.2584076
134.5369110
153.2923889
150.0731354
136.6148376
117.4268265
94.0018768
73.1396866
56.6836967
22.4110432
8.0455065
6.4444675
0.4843834
0.5371714
0.9425439
1.1796917
1.0331199
0.6714512
0.4916956
0.3236836
0.2701656
0.3467003
0.4099656
0.4779472
0.6732224
0.7903346
0.4947498
0.3833966
0.5260804
1.7549425
3.5126624
3.2967598
1.1848376
0.4265286
0.2692689
0.4019409
0.4881580
0.3784973
0.5557784
0.5920627
0.5613373
0.5596740
0.4118275
0.3555689
0.5535797
0.7578756
0.9224408
0.8447255
0.5611628
0.4789120
0.3848816
0.5637771
0.5058156
0.4263449
0.4841211
0.4544820
0.4146902
0.4464347
0.4905188
0.5738337
0.9078373
0.8683369
0.7558886
0.6347448
0.5215715
1.2914853
6.6911607
18.2353611
31.3751564
40.6179886
46.0132561
47.5187149
43.7607574
38.1432266
35.4238434
32.9947586
24.4721470
17.2573967
12.5104723
8.4076595
6.4820013
4.0707617
3.1109376
2.7288411
2.2775195
1.6629915
1.7762182
1.2482175
0.7009983
0.5196000
0.5058774
0.4805860
0.4796819
0.5338083
0.5721620
0.5834659
0.4849576
0.5127544
0.5122267
0.5232207
0.4732507
0.5432539
0.5015512
0.6003087
0.7582636
0.7784603
0.7906534
0.9616347
1.6571908
1.7682757
0.8434165
0.2130242
0.2225077
0.4769555
2.1798198
8.8014650
14.7153320
14.8662357
16.4512615
21.2225933
20.2457352
16.3006325
15.5953913
16.9906807
13.8593731
9.3297157
5.8091507
4.6057305
3.2471745
2.0811675
1.4851716
0.8426587
0.7290786
0.4635692
0.3084380
0.1402582
0.0133887
0.0007707
0.0000000
0.0000000
0.0000000
0.0000000
0.0000000
0.0000000
0.0000000
0.0000000
0.0000000
0.0000000
0.0000000
0.0000000
0.0000000
0.0000000
0.0000000
0.0000000
0.0000000
0.0000000
0.0000000
0.0000000
0.0000000
0.0000000
0.0000000
0.0000000
0.0000000
0.0000000
0.0000000
0.0000000
0.0000000
0.0000000
0.0000000
0.0000000
0.0000000
0.0000000
0.0000000
0.0000000
0.0000000
0.0000000
0.0000000
0.0000000
0.0000000
0.0000000
0.0000000
0.0000000
0.0000000
0.0000000
0.0000000
0.0000000
0.0000000
0.0000000
0.0000000
0.0000000
0.0000000
0.0000000
0.0000000
0.0000000
0.0000000
0.0000000
0.0000000
0.0000000
0.0000000
0.0000000
0.0000000
0.0000000
0.0000000
0.0000000
0.0000000
0.0000000
0.0000000
0.0000000
0.0000000
0.0000000
0.0000000
0.0000000
0.0000000
0.0000000
0.0000000
0.0000000
0.0000000
0.0000000
0.0000000
0.0000000
0.0000000
0.0000000
0.0000000
0.0000000
0.0000000
0.0000000
0.0000000
0.0000000
0.0000000
0.0000000
0.0000000
0.0000000
0.0000000
0.0000000
0.0000000
0.0000000
0.0000000
0.0000000
0.0000000
0.0000000
0.0000000
0.0000000
0.0000000
0.0000000
0.0000000
0.0000000
0.0000000
0.0000000
0.0000000
0.0000000
0.0000000
0.0000000
0.0000000
0.0000000
0.0000000
0.0000000
0.0000000
0.0000000
0.0000000
0.0000000
0.0000000
0.0000000
0.0000000
0.0000000
0.0000000
0.0000000
0.0000000
0.0000000
0.0000000
0.0000000
0.0000000
0.0000000
0.0000000
0.0000000
0.0000000
0.0000000
0.0000000
0.0000000
0.0000000
0.0000000
0.0000000
0.0000000
0.0000000
0.0000000
0.0000000
0.0000000
0.0000000
0.0000000
0.0000000
0.0000000
0.0000000
0.0000000
0.0000000
0.0000000
0.0000000
0.0000000
0.0000000
0.0000000
0.0000000
0.0000000
0.0000000
0.0000000
0.0000000
0.0000000
0.0000000
0.0000000
0.0000000
0.0000000
0.0000000
0.0000000
0.0000000
0.0000000
0.0000000
0.0000000
0.0000000
0.0000000
0.0000000
0.0000000
0.0000000
0.0000000
0.0000000
0.0000000
0.0000000
0.0000000
0.0000000
0.0000000
0.0000000
0.0000000
0.0000000
0.0000000
0.0000000
0.0000000
0.0000000
0.0000000
0.0000000
0.0000000
0.0000000
0.0000000
0.0000000
0.0000000
0.0000000
0.0000000
0.0000000
0.0000000
0.0000000
0.0000000
0.0000000
0.0000000
0.0000000
0.0000000
0.0000000
0.0000000
0.0000000
0.0000000
0.0000000
0.0000000
0.0000000
0.0000000
0.0000000
0.0000000
0.0000000
0.0000000
0.0000000
0.0000000
0.0000000
0.0000000
0.0000000
0.0000000
0.0000000
0.0000000
0.0000000
0.0000000
0.0000000
0.0000000
0.0000000
0.0000000
0.0000000
0.0000000
0.0000000
0.0000000
0.0000000
0.0000000
0.0000000
0.0000000
0.0000000
0.0000000
0.0000000
0.0000000
0.0000000
0.0000000
0.0000000
0.0000000
0.0000000
0.0000000
0.0000000
0.0000000
0.0000000
0.0000000
0.0000000
0.0000000
0.0000000
0.0000000
0.0000000
0.0000000
0.0000000
0.0000000
0.0000000
0.0000000
0.0000000
0.0000000
0.0000000
0.0000000
0.0000000
0.0000000
0.0000000
0.0000000
0.0000000
0.0000000
0.0000000
0.0000000
0.0000000
0.0000000
0.0000000
0.0000000
0.0000000
0.0000000
0.0000000
0.0000000
0.0000000
0.0000000
0.0000000
0.0000000
0.0000000
0.0000000
0.0000000
0.0000000
0.0000000
0.0000000
0.0000000
0.0000000
0.0000000
0.0000000
0.0000000
0.0000000
0.0000000
0.0000000
0.0000000
0.0000000
0.0000000
0.0000000
0.0000000
0.0000000
0.0000000
0.0000000
0.0000000
0.0000000
0.0000000
0.0000000
0.0000000
0.0000000
0.0000000
0.0000000
0.0000000
0.0000000
0.0000000
0.0000000
0.0000000
0.0000000
0.0000000
0.0000000
0.0000000
0.0000000
0.0000000
0.0000000
0.0000000
0.0000000
0.0000000
0.0000000
0.0000000
0.0000000
0.0000000
0.0000000
0.0000000
0.0000000
0.0000000
0.0000000
0.0000000
0.0000000
0.0000000
0.0000000
0.0000000
0.0000000
0.0000000
0.0000000
0.0000000
0.0000000
0.0000000
0.0000000
0.0000000
0.0000000
0.0000000
0.0000000
0.0000000
0.0000000
0.0000000
0.0000000
0.0000000
0.0000000
0.0000000
0.0000000
0.0000000
0.0000000
0.0000000
0.0000000
0.0000000
0.0000000
0.0000000
0.0000000
0.0000000
0.0000000
0.0000000
0.0000000
0.0000000
0.0000000
0.0000000
0.0000000
0.0000000
0.0000000
0.0000000
0.0000000
0.0000000
0.0000000
0.0000000
0.0000000
0.0000000
0.0000000
0.0000000
0.0000000
0.0000000
0.0000000
0.0000000
0.0000000
0.0000000
0.0000000
0.0000000
0.0000000
0.0000000
0.0000000
0.0000000
0.0000000
0.0000000
0.0000000
0.0000000
0.0000000
0.0000000
0.0000000
0.0000000
0.0000000
0.0000000
0.0000000
0.0000000
0.0950386
0.7633358
1.7074723
2.0828705
1.9051163
1.4780757
7.5164185
71.0035248
260.3726807
491.9732056
596.8050537
539.0612793
410.8494568
248.5971680
109.6430893
60.9566727
53.6711960
47.4754448
59.3440971
71.8748779
135.7006683
319.6411743
554.2920532
555.5673828
467.8320618
365.9411926
431.5708923
279.0300903
71.2536087
12.4886208
5.0502119
10.2785158
20.4224052
58.0748253
130.0270691
153.3715515
98.1131592
45.2539597
67.5302963
135.5621033
294.8599548
362.4889526
224.0125732
56.7509842
13.0812359
3.8141041
1.6121252
0.8094864
0.7548088
0.8160343
0.6874574
1.0801457
8.1281166
51.6512642
115.7330170
133.1193390
79.0294418
20.0556641
4.2884083
0.7045171
0.2430025
0.3914825
0.5894694
0.7364078
0.4779405
0.3033823
0.4139176
4.0376439
30.8066750
77.5533447
96.8190842
61.0490723
11.8209820
1.3710823
0.1761444
0.2830947
0.1330721
0.3758596
0.4157075
0.7237277
0.9026442
1.0860358
1.2968317
4.0812306
10.3046913
13.0897827
8.0859461
1.4338099
0.2458284
0.1022020
0.2137670
0.5347790
0.4407699
0.5509164
1.0350566
2.5142252
7.5746427
13.7443743
15.7558727
10.4465590
2.5710025
0.7433069
0.7378312
1.3462373
2.4764934
2.4327481
0.6866737
0.2770001
0.4816814
0.8524731
1.5963202
2.2188504
2.3419738
2.3913651
2.1008089
1.4934956
0.8478611
0.4064948
0.4495785
2.8262920
5.8349361
4.5200005
1.8940616
10.0488319
38.8888512
80.9221115
144.2863922
237.9576111
310.2760925
313.0972900
265.1356201
206.9039612
181.3293152
243.2105255
225.0364075
204.6575317
170.1882019
152.1327972
144.0457001
148.8913116
185.9559937
139.4874420
39.1776047
9.1893530
3.5105383
4.4369698
2.5095980
0.8135324
2.0867012
16.9183140
41.8938522
56.9389420
57.7035599
45.3955917
25.6252136
12.2970161
11.3329163
16.1689816
17.2426701
11.5107231
8.0745010
33.0197029
105.6425781
201.5022888
301.4068604
362.3012085
269.5834656
102.6603394
34.3715210
18.0331059
16.2906265
18.2629681
19.6122456
19.6915131
24.8351383
35.6548080
26.8605423
69.5857086
200.5906525
343.0452881
406.1010437
316.2446289
160.8454285
44.3604279
3.6567593
1.0407174
1.4129636
19.6085987
68.1567612
74.8738632
30.1116505
2.8569133
7.0939298
45.0508270
118.0234528
149.3650513
99.7311172
29.5560379
3.4148650
1.0147961
1.0445473
2.2575936
40.8652039
108.6427536
151.5408173
155.6850586
131.4138489
105.7921295
69.3887024
28.3963070
2.6337528
0.5199391
0.1231638
1.1411707
31.6303921
61.6285286
55.0417747
25.9605999
12.8237438
21.5923901
29.3502235
24.8305435
12.9957647
1.8803501
0.4773354
0.5258520
0.5194079
0.4629885
0.5397058
0.7067252
1.4576907
5.1691694
8.0327110
5.4876003
0.9891574
2.0638115
7.1280537
10.0314970
4.5434222
1.4383104
1.3486556
2.5025039
1.7910893
0.5528645
0.6671615
0.6157793
0.4507899
0.4413484
0.4346828
0.4466020
0.5425503
1.1531019
2.7464991
3.3443282
1.4581726
0.3252794
0.1777872
0.5496426
0.7761644
0.6053132
0.5044082
0.5166610
0.6960597
0.8474112
0.7648145
0.6391987
0.7512378
3.1953609
7.8722720
9.1540489
4.7958956
0.8106446
0.5078195
0.5586606
0.5535904
0.5191014
0.4234941
0.4881238
0.9352514
1.0316086
0.7282853
1.1946099
2.1106849
2.0477495
1.1949258
1.0416893
0.6300672
0.3504198
0.3446009
0.4297995
0.5688546
1.4482267
8.0550766
40.9843483
108.6707687
195.1098328
267.5530090
307.5556641
315.4675293
307.6502991
304.3194885
287.3011780
266.1837769
253.6162567
252.1236877
245.2417145
271.4100342
329.7642212
330.1364746
263.0525818
145.7468567
63.1353226
51.4300385
23.5739574
5.3655567
5.2085567
1.0962782
1.4315754
0.4461485
0.4470231
0.4716595
0.3932384
0.8961868
11.8773546
84.6373901
270.9104919
491.3742065
546.5871582
358.8623657
143.6947327
45.0262375
13.7253847
2.4435077
3.1386814
78.5086899
211.4477234
209.8351288
117.9649658
67.6633301
74.9323425
93.1252365
104.1396408
93.8888092
61.4659424
23.6215611
13.5646048
15.2793541
11.9084673
8.6412506
5.7709651
4.8702717
7.9838347
16.4375954
16.1716328
3.7056811
1.3755612
5.9463477
17.3174343
28.5538292
27.2421150
27.0216656
22.9669228
12.6455488
6.2619576
3.1708608
3.0077748
4.4835472
8.4050970
10.8970661
7.4477534
2.2697465
10.8792744
28.9963245
30.5800171
28.8185310
74.0850143
125.6255341
180.9089966
220.7248840
188.6271973
51.3301125
0.9212264
0.2042373
14.5579033
157.7743378
281.5749207
213.0371552
66.1139603
21.3662739
6.9626231
1.7959845
0.7339532
0.8558372
2.4896016
6.7296724
8.1360950
5.7224026
13.4218950
30.0778732
37.9605789
33.0810242
28.1066284
19.9931908
8.6023188
3.0750065
1.2679524
1.0697234
1.6918100
2.0764103
0.5779348
0.1724475
0.2339665
9.5057096
58.5896912
113.6515350
113.2811432
49.2019920
10.2765818
0.6092706
0.1609291
0.0944804
0.4120298
0.9954658
1.3428938
0.8254607
1.0808523
7.5154495
21.4233398
36.3732033
41.6394081
27.1202660
6.4693995
1.6296343
0.5999752
0.1255972
0.1945374
0.8008621
0.8604383
0.7039969
4.1435599
42.9400444
131.6354218
207.5707092
190.6006012
91.1512070
15.1113224
1.5338945
0.3583568
0.0609962
0.2545573
0.5735421
0.9222730
0.7625458
0.3545738
2.8867414
32.5320549
94.4372787
133.1627350
102.5291672
37.6830292
5.7445993
3.3606353
7.4923072
8.3266697
1.8588512
0.3591311
0.2608409
0.3251306
0.2735088
0.4464705
1.7263949
4.5768366
5.9494920
4.1245670
1.5256014
0.3433719
0.2786191
0.2599508
0.3840345
0.5353413
0.6170104
0.6257034
0.5527556
0.5925943
0.5004405
0.9291366
2.7881601
4.6873832
5.2132187
5.7697926
5.7701964
6.0111961
7.7859774
8.6793613
4.8071928
1.4905419
0.7961479
0.7299718
0.6543957
0.8166789
1.2197641
1.4939413
1.5829428
1.3734672
1.0462618
0.9436080
1.0497832
4.4596372
7.7973957
6.8590822
7.5042810
50.5804787
147.6029510
255.8244324
332.6125183
354.5991821
350.5686340
327.8067932
285.8482666
203.3031311
151.9594727
167.3718262
148.9128723
127.4651260
96.0786438
85.6758423
84.1085892
97.2045670
123.9212418
112.6290665
69.4745178
33.7556763
2.3836079
0.6791352
0.3750997
0.3985859
0.9083136
6.4483881
13.2390566
11.7038746
4.3972740
1.5694993
1.3370930
1.3708684
1.3645027
0.8047833
0.3945860
0.2959041
0.5651162
0.7049385
0.4650092
0.4668714
0.5789563
0.7639582
0.8245726
0.8958811
0.8561264
0.6342223
0.4869698
0.6176816
0.8583684
0.5978234
0.4250159
0.4412498
0.3775555
0.3521430
0.2947998
0.3535376
0.4727524
0.6962388
2.9894865
8.2598248
11.9433870
12.1843662
14.9458771
21.7868347
27.0561085
26.0839462
21.8464050
19.8930073
19.6109276
17.5252113
13.9158440
11.9599924
10.2763338
9.0128059
7.8785610
7.2466192
4.7300735
3.1657772
3.2045608
3.2339814
3.3456633
2.5496402
2.6755469
2.7230651
2.9882886
2.9798460
2.5692792
2.7941320
2.9514792
2.5348799
1.9171634
1.6540432
1.8345194
1.6534114
1.5341234
1.7676010
2.3172758
2.6227524
2.1397502
1.5774847
1.4998507
1.7332758
1.6788206
1.6480465
1.5693567
1.6119552
1.6786215
1.7183971
1.5180676
1.0967658
0.9051382
0.8593963
0.7989658
0.7683879
0.9743218
0.9747552
0.6313806
0.3941722
0.1962567
0.0499568
0.0032746
0.0000233
0.0000000
0.0000000
0.0000000
0.0000000
0.0000000
0.0000000
0.0000000
0.0000000
0.0000000
0.0000000
0.0000000
0.0000000
0.0000000
0.0000000
0.0000000
0.0000000
0.0000000
0.0000000
0.0000000
0.0000000
0.0000000
0.0000000
0.0000000
0.0000000
0.0000000
0.0000000
0.0000000
0.0000000
0.0000000
0.0000000
0.0000000
0.0000000
0.0000000
0.0000000
0.0000000
0.0000000
0.0000000
0.0000000
0.0000000
0.0000000
0.0000000
0.0000000
0.0000000
0.0000000
0.0000000
0.0000000
0.0000000
0.0000000
0.0000000
0.0000000
0.0000000
0.0000000
0.0000000
0.0000000
0.0000000
0.0000000
0.0000000
0.0000000
0.0000000
0.0000000
0.0000000
0.0000000
0.0000000
0.0000000
0.0000000
0.0000000
0.0000000
0.0000000
0.0000000
0.0000000
0.0000000
0.0000000
0.0000000
0.0000000
0.0000000
0.0000000
0.0000000
0.0000000
0.0000000
0.0000000
0.0000000
0.0000000
0.0000000
0.0000000
0.0000000
0.0000000
0.0000000
0.0000000
0.0000000
0.0000000
0.0000000
0.0000000
0.0000000
0.0000000
0.0000000
0.0000000
0.0000000
0.0000000
0.0000000
0.0000000
0.0000000
0.0000000
0.0000000
0.0000000
0.0000000
0.0000000
0.0000000
0.0000000
0.0000000
0.0000000
0.0000000
0.0000000
0.0000000
0.0000000
0.0000000
0.0000000
0.0000000
0.0000000
0.0000000
0.0000000
0.0000000
0.0000000
0.0000000
0.0000000
0.0000000
0.0000000
0.0000000
0.0000000
0.0000000
0.0000000
0.0000000
0.0000000
0.0000000
0.0000000
0.0000000
0.0000000
0.0000000
0.0000000
0.0000000
0.0000000
0.0000000
0.0000000
0.0000000
0.0000000
0.0000000
0.0000000
0.0000000
0.0000000
0.0000000
0.0000000
0.0000000
0.0000000
0.0000000
0.0000000
0.0000000
0.0000000
0.0000000
0.0000000
0.0000000
0.0000000
0.0000000
0.0000000
0.0000000
0.0000000
0.0000000
0.0000000
0.0000000
0.0000000
0.0000000
0.0000000
0.0000000
0.0000000
0.0000000
0.0000000
0.0000000
0.0000000
0.0000000
0.0000000
0.0000000
0.0000000
0.0000000
0.0000000
0.0000000
0.0000000
0.0000000
0.0000000
0.0000000
0.0000000
0.0000000
0.0000000
0.0000000
0.0000000
0.0000000
0.0000000
0.0000000
0.0000000
0.0000000
0.0000000
0.0000000
0.0000000
0.0000000
0.0000000
0.0000000
0.0000000
0.0000000
0.0000000
0.0000000
0.0000000
0.0000000
0.0000000
0.0000000
0.0000000
0.0000000
0.0000000
0.0000000
0.0000000
0.0000000
0.0000000
0.0000000
0.0000000
0.0000000
0.0000000
0.0000000
0.0000000
0.0000000
0.0000000
0.0000000
0.0000000
0.0000000
0.0000000
0.0000000
0.0000000
0.0000000
0.0000000
0.0000000
0.0000000
0.0000000
0.0000000
0.0000000
0.0000000
0.0000000
0.0000000
0.0000000
0.0000000
0.0000000
0.0000000
0.0000000
0.0000000
0.0000000
0.0000000
0.0000000
0.0000000
0.0000000
0.0000000
0.0000000
0.0000000
0.0000000
0.0000000
0.0000000
0.0000000
0.0000000
0.0000000
0.0000000
0.0000000
0.0000000
0.0000000
0.0000000
0.0000000
0.0000000
0.0000000
0.0000000
0.0000000
0.0000000
0.0000000
0.0000000
0.0000000
0.0000000
0.0000000
0.0000000
0.0000000
0.0000000
0.0000000
0.0000000
0.0000000
0.0000000
0.0000000
0.0000000
0.0000000
0.0000000
0.0000000
0.0000000
0.0000000
0.0000000
0.0000000
0.0000000
0.0000000
0.0000000
0.0000000
0.0000000
0.0000000
0.0000000
0.0000000
0.0000000
0.0000000
0.0000000
0.0000000
0.0000000
0.0000000
0.0000000
0.0000000
0.0000000
0.0000000
0.0000000
0.0000000
0.0000000
0.0000000
0.0000000
0.0000000
0.0000000
0.0000000
0.0000000
0.0000000
0.0000000
0.0000000
0.0000000
0.0000000
0.0000000
0.0000000
0.0000000
0.0000000
0.0000000
0.0000000
0.0000000
0.0000000
0.0000000
0.0000000
0.0000000
0.0000000
0.0000000
0.0000000
0.0000000
0.0000000
0.0000000
0.0000000
0.0000000
0.0000000
0.0000000
0.0000000
0.0000000
0.0000000
0.0000000
0.0000000
0.0000000
0.0000000
0.0000000
0.0000000
0.0000000
0.0000000
0.0000000
0.0000000
0.0000000
0.0000000
0.0000000
0.0000000
0.0000000
0.0000000
0.0000000
0.0000000
0.0000000
0.0000000
0.0000000
0.0000000
0.0000000
0.0000000
0.0000000
0.0000000
0.0000000
0.0000000
0.0000000
0.0000000
0.0000000
0.0000000
0.0000000
0.0000000
0.0000000
0.0000000
0.0000000
0.0000000
0.0000000
0.0000000
0.0000000
0.0000000
0.0000000
0.0000000
0.0000000
0.0000000
0.0000000
0.0000000
0.0000000
0.0000000
0.0000000
0.0000000
0.0000000
0.0000000
0.0000000
0.0000000
0.0000000
0.0000000
0.0000000
0.0000000
0.0000000
0.0000000
0.0000000
0.0000000
0.0000000
0.0000000
0.0000000
0.0000000
0.0000000
0.0000000
0.0000000
0.0000000
0.0000000
0.0000000
0.0000000
0.0000000
0.0000000
0.0000000
0.0000000
0.0000000
0.0000000
0.0000000
0.0000000
0.0000000
0.0000000
0.0000000
0.0000000
0.0000000
0.0000000
0.0000000
0.0000000
0.0000000
0.0000000
0.0000000
0.0000000
0.0000000
0.0000000
0.0000000
0.0000000
0.0000000
0.0000000
0.0000000
0.0000000
0.0000000
0.0000000
0.0000000
0.0000000
0.0000000
0.0000000
0.0000000
0.0000000
0.0000000
0.0000000
0.0000000
0.0000000
0.0000000
0.0000000
0.0000000
0.0000000
0.0000000
0.0000000
0.0000000
0.0000000
0.0000000
0.0000000
0.0000000
0.0000000
0.0000000
0.0000000
0.0000000
0.0000000
0.0000000
0.0000000
0.0000000
0.0000000
0.0000000
0.0000000
0.0000000
0.0000000
0.0000000
0.0000000
0.0000000
0.0000000
0.0000000
0.0000000
0.0000000
0.0000000
0.0000000
0.0000000
0.0000000
0.0000000
0.0000000
0.0000000
0.0000000
0.0000000
0.0000000
0.0000000
0.0000000
0.0194294
0.3308569
0.9886766
1.5003392
1.5616884
1.2066700
14.5689478
113.9319000
332.8161926
503.1214905
457.0663147
250.2204895
148.1062775
124.0626831
81.3663712
47.1956558
32.6153984
27.7152996
28.9138374
77.5219574
262.5815430
427.6903076
377.9729309
307.6365051
321.9331970
345.2350464
281.8795166
159.1508331
39.7842369
8.4205055
5.8258181
10.5061369
36.6628456
157.4518433
308.1272583
357.1021118
364.6867981
377.5712280
374.9535828
337.8173523
222.8537750
53.2218666
5.1032076
1.3417718
1.0045421
2.1978991
12.8340425
58.3239746
107.7877502
119.5746002
119.8569412
158.1249695
222.3486938
267.0112610
246.9634399
120.9087982
29.1258698
2.3724709
0.5089051
0.0945964
0.2319806
0.7213525
0.9071723
0.8377758
0.7040523
13.1206379
85.0231781
190.5502625
221.4762421
129.0884399
24.2494068
3.4728508
1.1656955
0.5654781
0.5737612
0.5083756
0.8839943
6.9144440
17.4206657
22.1026993
15.3395939
3.1434448
1.7811882
1.7634332
0.9428886
0.4554018
0.7140947
1.0762368
7.0942154
25.6265602
58.6107864
100.4480743
136.5594788
159.2057190
163.6317749
154.5120697
139.8817444
140.8014832
143.2506104
126.7671890
127.0453033
144.8546753
136.2709351
150.3475189
195.1523590
181.6577454
113.5652618
24.6898918
5.7915134
1.5031122
4.3255401
18.7935753
57.3273048
79.7968674
76.8661499
70.7491760
70.9197159
59.2701759
50.3729820
73.3999557
99.2315063
87.3939056
45.7398300
32.0518875
56.2326813
98.3322678
184.6507416
209.8450012
135.9030762
48.7196236
9.0001392
8.3495579
17.8689060
24.9241524
10.1788921
1.5570765
3.0367012
33.8873634
132.4915466
209.7555542
181.8001404
124.7835159
166.5708618
228.7638092
197.2293396
91.7832184
22.7484322
15.6558466
126.7255096
327.0668945
321.1488342
160.0000916
92.4206696
139.9685059
332.6834717
410.0415649
220.1825562
73.0807724
31.8396912
6.0952864
1.3559468
1.5905235
9.0277214
17.7526665
20.0964279
22.7580795
18.9485893
12.2482986
93.7031403
401.3397217
748.4171143
756.0098267
408.2144775
86.5163422
26.3454952
3.6028554
1.0722457
37.1563492
185.8478699
226.8932037
153.2083130
76.9822769
45.4039459
11.0280952
14.9388208
12.8166924
4.8894315
3.4572849
56.0045090
133.6701965
149.0860291
99.0740967
49.8388252
29.8269615
24.9225483
114.8155975
306.4227600
407.6378174
346.2626038
266.6872559
342.6818848
518.0024414
590.1895752
390.5634766
134.7139740
25.8341942
5.3425436
1.9159143
6.1273675
141.5301208
344.2700195
505.7241211
694.3905029
744.4884644
545.0476685
230.4886322
40.7568130
15.8225327
0.8770956
7.0922098
98.7230682
283.4846191
353.9016113
348.8678894
425.6085205
681.5030518
853.4105835
649.5841064
258.6848450
45.0373535
8.4423523
0.3558633
0.0198997
17.6933460
140.7521057
208.1601868
181.4578400
123.4794540
94.0402756
65.4989929
39.9772034
14.6520033
1.9153727
0.3373522
0.3030741
1.8617944
3.2705798
22.0219784
48.4562759
52.8642921
78.4675751
225.8871307
396.5002136
385.6868591
175.7388611
34.4561844
1.7515327
0.3575905
0.0829780
10.5640516
73.4299316
130.5292664
175.2377319
207.8828583
208.4820709
132.5717621
36.4602585
2.3502631
0.3310587
0.0508077
0.0930820
9.2012968
41.1504555
90.5273895
147.2705688
180.6436157
167.0556641
91.7257385
26.6862965
2.3826895
0.3855116
0.0642170
0.3150712
2.7122488
19.7939911
46.9459000
50.5071640
45.3268738
116.8490677
255.6781921
314.4086609
201.1673126
35.4159851
4.0413704
0.8722967
0.1922027
0.2853967
8.8205910
18.3944225
11.5556154
0.4507856
0.4564890
35.6725769
131.3982697
169.8881378
104.3670807
11.7959089
0.8680271
0.5154839
2.0600860
5.8298550
15.1311893
13.5883560
5.6874409
15.4896793
83.1128082
188.5623932
227.4550629
144.0056305
29.9195919
4.0794759
0.7367733
0.1838271
0.1202549
1.6565758
10.5783415
10.3055630
2.6233153
0.4318789
11.7409744
89.6544571
179.2505493
174.4676819
66.9176483
2.9991958
0.4303151
0.1080655
0.2801349
3.3030889
6.8237572
1.7661998
4.4448843
41.8776665
149.5815277
279.3662720
299.2206421
152.1235809
16.7027626
3.3748140
0.5209171
0.2518264
0.1332378
0.2612324
0.3627035
0.3665992
5.7438984
31.6662903
105.4316864
225.5239868
277.9708252
175.0851593
21.0348587
2.1766722
0.2455712
0.0558301
0.1571870
0.3141942
0.5113084
0.4977549
0.6896169
1.4729536
1.9217849
23.2102928
78.4705353
113.2801132
79.8272934
7.2668791
0.4321924
0.0174783
0.0974348
0.2265623
0.3954266
0.4070333
0.9706606
2.1420014
2.3111539
0.7341813
0.1390942
0.1671760
0.2891679
0.4018604
2.3484848
11.9415684
21.0051136
17.0380173
3.0935154
0.8207820
3.8238056
19.0157890
55.2638512
110.3427963
166.9979095
210.7011108
231.7203979
216.1769104
193.8743591
187.6374207
199.5809937
192.1629791
158.0405884
138.0160065
147.6388550
154.3324280
143.5811157
164.1208954
266.0823975
274.6500854
220.6723328
143.6766052
41.6921577
15.0014877
2.9994471
1.0323966
1.4329637
1.2433732
7.9007549
49.6364517
110.4496994
147.6399536
141.2378845
134.6505280
164.0016479
183.8733063
172.4006805
151.9344177
159.1473694
163.0189972
114.9933929
38.4626923
6.2863188
24.9524517
92.3494568
166.7715912
147.5739594
152.4806061
151.2989197
101.8588257
23.9154739
2.9504750
2.6200490
10.8105335
23.7808609
57.1823425
122.0032578
175.2792969
167.4254456
140.9984436
133.6873474
150.2774353
161.4279785
130.1999207
94.7860565
134.8091736
80.8853455
48.7250710
43.7742386
31.0620575
39.4727135
94.0914078
110.6546936
115.0608063
124.8297348
144.4828339
125.8470535
109.0924149
90.8344269
68.5090103
122.6956558
106.7428741
59.4800262
20.6682625
3.4008844
10.4739609
23.2319717
30.0807133
22.7612133
11.1963339
18.6778603
78.8824005
185.3351746
266.7715149
266.6138611
219.2790680
171.9572296
133.1094360
65.1808777
17.7484264
17.3139324
14.9538813
19.6797180
22.2244511
19.0809555
36.8794174
89.4736633
150.8450623
203.4302673
207.7990417
164.3299408
80.3654480
49.5121765
33.0126114
50.9532013
73.6520691
82.2177582
83.3298111
70.5368881
48.1018295
18.1166859
28.3131409
48.9817085
65.5422211
63.6004181
41.2794685
18.0752220
28.1442299
36.4249840
28.0179863
17.1382465
19.9513683
30.9019527
30.8307076
23.2415409
18.0336361
17.2581291
17.5579472
27.1096077
39.8241844
49.9853821
48.8643570
44.4849854
40.7987862
35.3833809
35.6947975
48.5445404
59.4642944
69.2497253
90.5776215
123.0187836
155.0097961
150.7527618
111.4642410
58.3019829
22.3331108
31.0398369
35.9068260
34.5417709
90.0696487
198.1915131
266.1448364
280.9156494
200.4009094
105.9010544
28.5167007
2.7546880
0.2617891
0.5572857
1.2131782
23.5186329
82.3584671
126.8685989
123.4862213
73.0195236
25.2120457
3.1985006
0.3158953
0.1643513
0.6206560
3.9493375
8.7409134
21.1931610
51.1390457
99.7295227
137.6649933
113.8854904
43.8218880
5.1240025
0.7323838
0.1711233
0.0879560
0.2396564
2.5131619
14.4142485
26.3632812
24.5919132
43.6024132
104.8470535
148.3496246
110.7824173
33.6577492
5.3316083
0.3045977
0.0859039
0.2042664
0.2349183
2.8853636
6.8023667
5.5424652
0.4990655
1.9667199
33.1656990
90.5745087
107.7437439
62.2043839
9.1224728
0.4629791
0.1124322
0.1447238
0.2869135
0.4403889
0.8273475
0.8901346
0.5968085
0.4297761
0.5321789
0.9161460
1.3591955
1.3581703
0.7610898
0.5374973
0.4010613
0.3588684
0.9172252
1.7507081
1.7262160
7.9505811
24.2185001
37.8431435
37.1283951
24.6327057
13.5085068
6.6132884
2.2298160
0.3471662
0.3020968
0.5400524
0.8227901
1.3507216
6.9258699
24.4412632
71.5109100
160.4233704
262.2354431
330.0024414
346.7689514
335.6432495
298.7215271
227.7111206
180.0831757
167.0408020
171.4688568
173.6472473
168.3730164
168.9541626
181.5664673
208.7485809
260.6156311
265.6431885
179.4633789
82.4130096
43.0041542
8.4758987
7.2737508
1.6147159
0.5700875
0.6267303
0.6114454
12.9991407
51.1835823
96.6848145
122.3239899
111.9752274
96.3705673
78.2574463
64.4385376
48.7540932
40.4490929
79.4486008
109.9537430
73.5702286
54.6048393
43.1787376
39.1045494
43.1181335
43.7952499
44.5062332
42.4927673
36.7700500
28.4756145
23.5594826
17.1500320
14.9577560
19.0341816
22.1695080
19.6928654
12.8180695
5.1899023
1.5129576
0.8245233
0.3511213
0.4264988
0.6377447
0.4824256
0.3644336
0.3214509
0.4076785
0.4665574
0.8509151
3.4717009
13.1170883
30.3709812
47.3860168
54.6889267
49.2469902
40.6644287
38.0321960
38.0218964
38.5293884
36.2728653
34.3069305
23.7573814
15.3866301
11.1348400
7.3350530
5.1306801
2.5228510
0.8409601
0.4011872
0.1787000
0.1913158
0.3162759
0.2581494
0.0839784
0.0124389
0.0007281
0.0000000
0.0000000
0.0000000
0.0000000
0.0000000
0.0000000
0.0000000
0.0000000
0.0000000
0.0000000
0.0000000
0.0000000
0.0000000
0.0000000
0.0000000
0.0000000
0.0000000
0.0000000
0.0000000
0.0000000
0.0000000
0.0000000
0.0000000
0.0000000
0.0000000
0.0000000
0.0000000
0.0000000
0.0000000
0.0000000
0.0000000
0.0000000
0.0000000
0.0000000
0.0000000
0.0000000
0.0000000
0.0000000
0.0000000
0.0000000
0.0000000
0.0000000
0.0000000
0.0000000
0.0000000
0.0000000
0.0000000
0.0000000
0.0000000
